2025-02-11 19:20	76.970	76.995	76.935	76.950	5
2025-02-11 19:25	76.955	77.010	76.935	76.975	5
2025-02-11 19:30	76.985	77.035	76.985	76.995	5
2025-02-11 19:35	76.985	77.025	76.985	77.020	5
2025-02-11 19:40	77.015	77.025	76.960	76.965	5
2025-02-11 19:45	76.970	76.975	76.925	76.925	5
2025-02-11 19:50	76.930	77.005	76.925	77.005	5
2025-02-11 19:55	77.015	77.035	77.005	77.025	4
2025-02-11 20:00	77.020	77.035	76.995	77.000	5
2025-02-11 20:05	76.995	77.010	76.985	76.985	5
2025-02-11 20:10	76.980	76.995	76.955	76.995	4
2025-02-11 20:15	76.990	76.995	76.955	76.965	5
2025-02-11 20:20	76.970	76.975	76.965	76.975	4
2025-02-11 20:25	76.980	76.985	76.965	76.965	5
2025-02-11 20:30	76.975	76.975	76.925	76.930	5
2025-02-11 20:35	76.935	76.955	76.890	76.890	5
2025-02-11 20:40	76.895	76.930	76.890	76.900	5
2025-02-11 20:45	76.905	76.930	76.900	76.910	5
2025-02-11 20:50	76.915	76.915	76.895	76.905	5
2025-02-11 20:55	76.900	76.915	76.890	76.895	5
2025-02-11 21:00	76.890	76.895	76.852	76.852	5
2025-02-11 21:05	76.842	76.842	76.812	76.817	4
2025-02-11 21:10	76.822	76.852	76.803	76.852	5
2025-02-11 21:15	76.842	76.847	76.822	76.827	5
2025-02-11 21:20	76.822	76.832	76.817	76.822	4
2025-02-11 21:25	76.812	76.822	76.802	76.807	5
2025-02-11 21:30	76.802	76.862	76.767	76.797	5
2025-02-11 21:35	76.802	76.812	76.757	76.767	5
2025-02-11 21:40	76.762	76.837	76.762	76.827	5
2025-02-11 21:45	76.837	76.857	76.803	76.842	5
2025-02-11 21:50	76.847	76.857	76.793	76.797	5
2025-02-11 21:55	76.802	76.837	76.787	76.832	5
2025-02-12 01:00	76.780	76.825	76.690	76.705	5
2025-02-12 01:05	76.710	76.725	76.670	76.680	5
2025-02-12 01:10	76.685	76.720	76.675	76.680	5
2025-02-12 01:15	76.685	76.725	76.685	76.705	5
2025-02-12 01:20	76.700	76.720	76.685	76.700	5
2025-02-12 01:25	76.685	76.685	76.605	76.605	5
2025-02-12 01:30	76.610	76.640	76.610	76.640	4
2025-02-12 01:35	76.645	76.675	76.620	76.670	5
2025-02-12 01:40	76.665	76.705	76.660	76.705	5
2025-02-12 01:45	76.695	76.755	76.695	76.740	5
2025-02-12 01:50	76.735	76.755	76.735	76.740	4
2025-02-12 01:55	76.735	76.745	76.695	76.705	5
2025-02-12 02:00	76.700	76.770	76.700	76.755	5
2025-02-12 02:05	76.750	76.795	76.750	76.760	5
2025-02-12 02:10	76.755	76.765	76.720	76.735	5
2025-02-12 02:15	76.730	76.750	76.705	76.710	5
2025-02-12 02:20	76.705	76.725	76.705	76.710	5
2025-02-12 02:25	76.715	76.720	76.695	76.720	5
2025-02-12 02:30	76.715	76.795	76.710	76.740	5
2025-02-12 02:35	76.735	76.750	76.720	76.745	5
2025-02-12 02:40	76.755	76.770	76.735	76.770	5
2025-02-12 02:45	76.765	76.835	76.765	76.795	5
2025-02-12 02:50	76.800	76.805	76.755	76.770	5
2025-02-12 02:55	76.765	76.815	76.755	76.755	5
2025-02-12 03:00	76.760	76.775	76.750	76.770	5
2025-02-12 03:05	76.775	76.775	76.760	76.775	5
2025-02-12 03:10	76.770	76.825	76.770	76.815	5
2025-02-12 03:15	76.810	76.820	76.760	76.760	5
2025-02-12 03:20	76.765	76.765	76.715	76.735	4
2025-02-12 03:25	76.730	76.740	76.715	76.740	5
2025-02-12 03:30	76.745	76.775	76.725	76.750	5
2025-02-12 03:35	76.745	76.750	76.725	76.725	4
2025-02-12 03:40	76.720	76.735	76.700	76.705	5
2025-02-12 03:45	76.710	76.730	76.705	76.715	4
2025-02-12 03:50	76.668	76.715	76.668	76.700	4
2025-02-12 03:55	76.695	76.710	76.695	76.700	4
2025-02-12 04:00	76.705	76.725	76.663	76.715	5
2025-02-12 04:05	76.710	76.730	76.668	76.715	5
2025-02-12 04:10	76.720	76.745	76.715	76.740	5
2025-02-12 04:15	76.735	76.740	76.715	76.730	4
2025-02-12 04:20	76.735	76.750	76.730	76.740	4
2025-02-12 04:25	76.693	76.740	76.693	76.735	3
2025-02-12 04:30	76.730	76.755	76.725	76.740	5
2025-02-12 04:35	76.745	76.765	76.745	76.745	5
2025-02-12 04:40	76.740	76.740	76.715	76.715	3
2025-02-12 04:45	76.710	76.745	76.688	76.725	5
2025-02-12 04:50	76.720	76.725	76.705	76.705	5
2025-02-12 04:55	76.658	76.705	76.658	76.685	4
2025-02-12 05:00	76.690	76.695	76.665	76.670	5
2025-02-12 05:05	76.675	76.685	76.665	76.685	5
2025-02-12 05:10	76.680	76.685	76.675	76.685	4
2025-02-12 05:15	76.690	76.695	76.680	76.685	5
2025-02-12 05:20	76.680	76.690	76.633	76.680	4
2025-02-12 05:25	76.675	76.695	76.675	76.695	5
2025-02-12 05:30	76.690	76.715	76.680	76.705	5
2025-02-12 05:35	76.710	76.715	76.660	76.665	5
2025-02-12 05:40	76.660	76.700	76.655	76.675	5
2025-02-12 05:45	76.680	76.685	76.650	76.660	5
2025-02-12 05:50	76.665	76.685	76.660	76.675	5
2025-02-12 05:55	76.665	76.685	76.655	76.670	5
2025-02-12 06:00	76.675	76.705	76.655	76.705	5
2025-02-12 06:05	76.710	76.730	76.695	76.715	5
2025-02-12 06:10	76.705	76.715	76.695	76.700	5
2025-02-12 06:15	76.705	76.735	76.700	76.705	5
2025-02-12 06:20	76.700	76.725	76.700	76.710	5
2025-02-12 06:25	76.715	76.725	76.690	76.695	5
2025-02-12 06:30	76.700	76.705	76.665	76.675	5
2025-02-12 06:35	76.680	76.705	76.680	76.695	5
2025-02-12 06:40	76.700	76.710	76.685	76.710	5
2025-02-12 06:45	76.715	76.755	76.715	76.735	5
2025-02-12 06:50	76.730	76.750	76.715	76.745	5
2025-02-12 06:55	76.750	76.770	76.745	76.745	5
2025-02-12 07:00	76.750	76.760	76.715	76.735	5
2025-02-12 07:05	76.745	76.805	76.720	76.790	5
2025-02-12 07:10	76.785	76.880	76.765	76.875	5
2025-02-12 07:15	76.885	76.895	76.825	76.850	5
2025-02-12 07:20	76.845	76.850	76.790	76.790	5
2025-02-12 07:25	76.795	76.800	76.695	76.695	5
2025-02-12 07:30	76.700	76.745	76.675	76.675	5
2025-02-12 07:35	76.665	76.695	76.605	76.610	5
2025-02-12 07:40	76.615	76.615	76.555	76.560	5
2025-02-12 07:45	76.555	76.565	76.415	76.445	5
2025-02-12 07:50	76.440	76.535	76.435	76.520	5
2025-02-12 07:55	76.525	76.555	76.505	76.540	5
2025-02-12 08:00	76.545	76.580	76.415	76.455	5
2025-02-12 08:05	76.445	76.475	76.350	76.415	5
2025-02-12 08:10	76.420	76.490	76.420	76.465	5
2025-02-12 08:15	76.460	76.500	76.405	76.455	5
2025-02-12 08:20	76.450	76.495	76.395	76.400	5
2025-02-12 08:25	76.395	76.410	76.325	76.390	5
2025-02-12 08:30	76.385	76.430	76.260	76.275	5
2025-02-12 08:35	76.285	76.395	76.265	76.360	5
2025-02-12 08:40	76.365	76.425	76.245	76.255	5
2025-02-12 08:45	76.250	76.305	76.245	76.255	5
2025-02-12 08:50	76.260	76.345	76.260	76.285	5
2025-02-12 08:55	76.275	76.285	76.205	76.255	5
2025-02-12 09:00	76.285	76.295	76.210	76.270	5
2025-02-12 09:05	76.285	76.310	76.265	76.295	5
2025-02-12 09:10	76.290	76.300	76.235	76.255	5
2025-02-12 09:15	76.250	76.285	76.215	76.255	5
2025-02-12 09:20	76.245	76.245	76.135	76.175	5
2025-02-12 09:25	76.180	76.365	76.180	76.355	5
2025-02-12 09:30	76.365	76.375	76.285	76.300	5
2025-02-12 09:35	76.305	76.340	76.285	76.315	5
2025-02-12 09:40	76.310	76.395	76.310	76.335	5
2025-02-12 09:45	76.345	76.345	76.265	76.265	5
2025-02-12 09:50	76.270	76.270	76.185	76.215	5
2025-02-12 09:55	76.205	76.275	76.205	76.265	5
2025-02-12 10:00	76.270	76.270	76.145	76.175	5
2025-02-12 10:05	76.185	76.235	76.125	76.180	5
2025-02-12 10:10	76.185	76.240	76.165	76.175	5
2025-02-12 10:15	76.180	76.265	76.135	76.255	5
2025-02-12 10:20	76.250	76.335	76.195	76.325	5
2025-02-12 10:25	76.320	76.325	76.245	76.245	5
2025-02-12 10:30	76.255	76.275	76.215	76.245	5
2025-02-12 10:35	76.255	76.295	76.215	76.235	5
2025-02-12 10:40	76.240	76.255	76.205	76.230	5
2025-02-12 10:45	76.235	76.265	76.095	76.115	5
2025-02-12 10:50	76.125	76.175	76.055	76.120	5
2025-02-12 10:55	76.125	76.130	76.015	76.050	5
2025-02-12 11:00	76.045	76.125	76.015	76.105	5
2025-02-12 11:05	76.095	76.135	76.075	76.115	5
2025-02-12 11:10	76.110	76.165	76.085	76.135	5
2025-02-12 11:15	76.140	76.175	76.105	76.175	5
2025-02-12 11:20	76.170	76.235	76.155	76.200	5
2025-02-12 11:25	76.195	76.205	76.135	76.190	5
2025-02-12 11:30	76.185	76.235	76.145	76.205	5
2025-02-12 11:35	76.210	76.275	76.200	76.255	5
2025-02-12 11:40	76.265	76.275	76.195	76.195	5
2025-02-12 11:45	76.190	76.205	76.180	76.200	5
2025-02-12 11:50	76.205	76.250	76.190	76.250	5
2025-02-12 11:55	76.245	76.345	76.235	76.295	5
2025-02-12 12:00	76.290	76.375	76.290	76.355	5
2025-02-12 12:05	76.350	76.365	76.240	76.270	5
2025-02-12 12:10	76.275	76.325	76.275	76.300	5
2025-02-12 12:15	76.295	76.325	76.285	76.295	5
2025-02-12 12:20	76.285	76.310	76.215	76.215	5
2025-02-12 12:25	76.210	76.225	76.155	76.225	5
2025-02-12 12:30	76.220	76.275	76.220	76.255	5
2025-02-12 12:35	76.260	76.295	76.220	76.285	5
2025-02-12 12:40	76.290	76.310	76.225	76.225	5
2025-02-12 12:45	76.235	76.285	76.225	76.255	5
2025-02-12 12:50	76.260	76.305	76.255	76.305	5
2025-02-12 12:55	76.300	76.325	76.285	76.315	5
2025-02-12 13:00	76.320	76.365	76.275	76.350	5
2025-02-12 13:05	76.345	76.365	76.275	76.355	5
2025-02-12 13:10	76.350	76.350	76.195	76.215	5
2025-02-12 13:15	76.225	76.275	76.190	76.255	5
2025-02-12 13:20	76.250	76.395	76.245	76.385	5
2025-02-12 13:25	76.390	76.395	76.285	76.340	5
2025-02-12 13:30	76.345	76.345	76.200	76.205	5
2025-02-12 13:35	76.200	76.290	76.185	76.255	5
2025-02-12 13:40	76.245	76.315	76.175	76.300	5
2025-02-12 13:45	76.305	76.325	76.245	76.260	5
2025-02-12 13:50	76.255	76.320	76.225	76.315	5
2025-02-12 13:55	76.310	76.325	76.270	76.305	5
2025-02-12 14:00	76.315	76.315	75.915	76.050	5
2025-02-12 14:05	76.045	76.065	75.965	75.975	5
2025-02-12 14:10	75.970	76.045	75.905	76.045	5
2025-02-12 14:15	76.050	76.095	75.960	76.065	5
2025-02-12 14:20	76.055	76.080	75.835	75.885	5
2025-02-12 14:25	75.890	75.930	75.835	75.855	5
2025-02-12 14:30	75.850	76.025	75.815	76.025	5
2025-02-12 14:35	76.020	76.150	75.995	76.000	5
2025-02-12 14:40	75.995	76.025	75.885	75.965	5
2025-02-12 14:45	75.960	75.985	75.920	75.955	5
2025-02-12 14:50	75.965	75.985	75.920	75.970	5
2025-02-12 14:55	75.975	76.015	75.935	75.985	5
2025-02-12 15:00	75.980	75.980	75.865	75.905	5
2025-02-12 15:05	75.895	75.935	75.835	75.935	5
2025-02-12 15:10	75.925	75.955	75.765	75.795	5
2025-02-12 15:15	75.785	75.890	75.775	75.835	5
2025-02-12 15:20	75.825	75.885	75.785	75.855	5
2025-02-12 15:25	75.865	75.925	75.815	75.840	5
2025-02-12 15:30	75.817	76.030	75.783	75.905	5
2025-02-12 15:35	75.910	75.975	75.785	75.915	5
2025-02-12 15:40	75.925	76.095	75.915	75.975	5
2025-02-12 15:45	75.985	76.025	75.915	76.005	5
2025-02-12 15:50	76.010	76.062	75.845	75.865	5
2025-02-12 15:55	75.860	75.885	75.665	75.675	5
2025-02-12 16:00	75.680	75.765	75.680	75.715	5
2025-02-12 16:05	75.710	75.775	75.685	75.700	5
2025-02-12 16:10	75.705	75.795	75.615	75.725	5
2025-02-12 16:15	75.720	75.900	75.700	75.865	5
2025-02-12 16:20	75.855	75.975	75.800	75.915	5
2025-02-12 16:25	75.925	75.995	75.830	75.845	5
2025-02-12 16:30	75.835	76.010	75.815	75.845	5
2025-02-12 16:35	75.835	75.905	75.795	75.885	5
2025-02-12 16:40	75.875	75.935	75.795	75.860	5
2025-02-12 16:45	75.865	75.875	75.755	75.815	5
2025-02-12 16:50	75.825	75.915	75.665	75.665	5
2025-02-12 16:55	75.655	75.805	75.655	75.775	5
2025-02-12 17:00	75.785	75.835	75.315	75.335	5
2025-02-12 17:05	75.360	75.525	75.355	75.495	5
2025-02-12 17:10	75.490	75.490	75.345	75.375	5
2025-02-12 17:15	75.380	75.425	75.305	75.385	5
2025-02-12 17:20	75.395	75.410	75.305	75.395	5
2025-02-12 17:25	75.390	75.400	75.315	75.325	5
2025-02-12 17:30	75.315	75.405	75.285	75.405	5
2025-02-12 17:35	75.415	75.500	75.395	75.455	5
2025-02-12 17:40	75.450	75.455	75.335	75.355	5
2025-02-12 17:45	75.350	75.385	75.325	75.365	5
2025-02-12 17:50	75.360	75.785	75.355	75.485	5
2025-02-12 17:55	75.480	75.505	75.375	75.420	5
2025-02-12 18:00	75.415	75.425	75.295	75.310	5
2025-02-12 18:05	75.305	75.305	75.195	75.250	5
2025-02-12 18:10	75.255	75.300	75.215	75.245	5
2025-02-12 18:15	75.235	75.245	75.175	75.205	5
2025-02-12 18:20	75.215	75.215	75.165	75.185	5
2025-02-12 18:25	75.180	75.275	75.180	75.270	5
2025-02-12 18:30	75.275	75.345	75.215	75.225	5
2025-02-12 18:35	75.235	75.275	75.205	75.220	5
2025-02-12 18:40	75.215	75.245	75.185	75.200	5
2025-02-12 18:45	75.195	75.220	75.175	75.205	5
2025-02-12 18:50	75.195	75.210	75.175	75.185	5
2025-02-12 18:55	75.180	75.205	75.165	75.195	5
2025-02-12 19:00	75.175	75.215	75.165	75.185	5
2025-02-12 19:05	75.175	75.215	75.165	75.215	5
2025-02-12 19:10	75.210	75.235	75.150	75.220	5
2025-02-12 19:15	75.225	75.265	75.175	75.205	5
2025-02-12 19:20	75.200	75.220	75.155	75.175	5
2025-02-12 19:25	75.170	75.195	75.085	75.165	5
2025-02-12 19:30	75.170	75.185	75.125	75.140	5
2025-02-12 19:35	75.135	75.155	75.110	75.135	5
2025-02-12 19:40	75.140	75.145	75.120	75.135	5
2025-02-12 19:45	75.130	75.145	75.125	75.145	4
2025-02-12 19:50	75.155	75.195	75.135	75.185	4
2025-02-12 19:55	75.190	75.195	75.160	75.165	5
2025-02-12 20:00	75.160	75.165	75.140	75.140	5
2025-02-12 20:05	75.135	75.135	75.115	75.120	5
2025-02-12 20:10	75.125	75.125	75.085	75.095	5
2025-02-12 20:15	75.105	75.125	75.065	75.075	5
2025-02-12 20:20	75.085	75.105	75.075	75.105	5
2025-02-12 20:25	75.100	75.105	75.070	75.075	5
2025-02-12 20:30	75.080	75.110	75.080	75.105	5
2025-02-12 20:35	75.100	75.120	75.090	75.110	5
2025-02-12 20:40	75.115	75.120	75.085	75.095	5
2025-02-12 20:45	75.105	75.125	75.085	75.110	5
2025-02-12 20:50	75.115	75.120	75.055	75.080	5
2025-02-12 20:55	75.085	75.085	75.035	75.050	5
2025-02-12 21:00	75.055	75.102	74.972	75.027	5
2025-02-12 21:05	75.032	75.047	74.987	74.987	5
2025-02-12 21:10	74.992	74.997	74.947	74.952	5
2025-02-12 21:15	74.947	75.002	74.947	74.972	5
2025-02-12 21:20	74.977	75.002	74.972	74.992	4
2025-02-12 21:25	74.982	75.312	74.978	75.042	5
2025-02-12 21:30	75.037	75.042	74.912	74.932	5
2025-02-12 21:35	74.922	74.987	74.912	74.962	5
2025-02-12 21:40	74.972	75.032	74.957	74.987	5
2025-02-12 21:45	74.977	75.027	74.952	74.952	5
2025-02-12 21:50	74.947	74.962	74.937	74.942	5
2025-02-12 21:55	74.947	74.962	74.912	74.912	5
2025-02-13 01:00	74.977	75.000	74.885	74.915	5
2025-02-13 01:05	74.920	74.920	74.815	74.840	5
2025-02-13 01:10	74.835	74.840	74.790	74.800	5
2025-02-13 01:15	74.805	74.805	74.630	74.665	5
2025-02-13 01:20	74.660	74.660	74.555	74.570	5
2025-02-13 01:25	74.560	74.700	74.560	74.685	5
2025-02-13 01:30	74.680	74.700	74.625	74.650	5
2025-02-13 01:35	74.655	74.660	74.595	74.635	5
2025-02-13 01:40	74.630	74.665	74.595	74.665	5
2025-02-13 01:45	74.655	74.655	74.610	74.645	5
2025-02-13 01:50	74.640	74.640	74.565	74.575	4
2025-02-13 01:55	74.570	74.575	74.545	74.575	4
2025-02-13 02:00	74.570	74.625	74.560	74.570	5
2025-02-13 02:05	74.565	74.590	74.510	74.550	5
2025-02-13 02:10	74.545	74.550	74.455	74.470	5
2025-02-13 02:15	74.475	74.530	74.470	74.495	5
2025-02-13 02:20	74.490	74.535	74.480	74.510	5
2025-02-13 02:25	74.505	74.515	74.485	74.510	5
2025-02-13 02:30	74.515	74.555	74.495	74.535	5
2025-02-13 02:35	74.540	74.615	74.535	74.610	5
2025-02-13 02:40	74.615	74.620	74.505	74.520	5
2025-02-13 02:45	74.515	74.525	74.495	74.495	5
2025-02-13 02:50	74.500	74.530	74.428	74.475	5
2025-02-13 02:55	74.485	74.500	74.465	74.475	5
2025-02-13 03:00	74.470	74.475	74.435	74.470	5
2025-02-13 03:05	74.475	74.475	74.425	74.445	5
2025-02-13 03:10	74.450	74.470	74.435	74.470	4
2025-02-13 03:15	74.465	74.470	74.435	74.465	5
2025-02-13 03:20	74.460	74.475	74.415	74.435	5
2025-02-13 03:25	74.440	74.450	74.405	74.420	5
2025-02-13 03:30	74.425	74.475	74.425	74.470	5
2025-02-13 03:35	74.465	74.470	74.385	74.435	5
2025-02-13 03:40	74.440	74.445	74.385	74.400	5
2025-02-13 03:45	74.395	74.420	74.395	74.420	5
2025-02-13 03:50	74.415	74.420	74.395	74.410	5
2025-02-13 03:55	74.405	74.455	74.405	74.455	5
2025-02-13 04:00	74.460	74.465	74.405	74.415	5
2025-02-13 04:05	74.420	74.425	74.405	74.425	5
2025-02-13 04:10	74.430	74.430	74.400	74.405	5
2025-02-13 04:15	74.410	74.415	74.368	74.415	3
2025-02-13 04:20	74.410	74.410	74.375	74.390	5
2025-02-13 04:25	74.385	74.395	74.375	74.395	3
2025-02-13 04:30	74.400	74.405	74.380	74.385	5
2025-02-13 04:35	74.390	74.390	74.365	74.375	5
2025-02-13 04:40	74.380	74.415	74.380	74.410	4
2025-02-13 04:45	74.415	74.420	74.355	74.360	5
2025-02-13 04:50	74.365	74.380	74.365	74.365	5
2025-02-13 04:55	74.370	74.405	74.370	74.405	4
2025-02-13 05:00	74.410	74.435	74.400	74.430	5
2025-02-13 05:05	74.435	74.475	74.430	74.465	5
2025-02-13 05:10	74.455	74.485	74.445	74.485	5
2025-02-13 05:15	74.465	74.475	74.460	74.475	3
2025-02-13 05:20	74.470	74.485	74.465	74.480	5
2025-02-13 05:25	74.485	74.485	74.465	74.465	4
2025-02-13 05:30	74.470	74.485	74.445	74.475	5
2025-02-13 05:35	74.470	74.480	74.445	74.470	5
2025-02-13 05:40	74.465	74.475	74.435	74.460	5
2025-02-13 05:45	74.455	74.460	74.430	74.440	5
2025-02-13 05:50	74.435	74.445	74.385	74.405	5
2025-02-13 05:55	74.410	74.445	74.395	74.440	5
2025-02-13 06:00	74.445	74.475	74.440	74.445	5
2025-02-13 06:05	74.450	74.475	74.435	74.470	5
2025-02-13 06:10	74.475	74.545	74.465	74.525	5
2025-02-13 06:15	74.520	74.590	74.485	74.580	5
2025-02-13 06:20	74.575	74.585	74.495	74.540	5
2025-02-13 06:25	74.545	74.585	74.535	74.580	5
2025-02-13 06:30	74.585	74.585	74.535	74.560	5
2025-02-13 06:35	74.565	74.575	74.540	74.555	5
2025-02-13 06:40	74.560	74.580	74.495	74.495	5
2025-02-13 06:45	74.485	74.495	74.445	74.455	5
2025-02-13 06:50	74.460	74.480	74.405	74.425	5
2025-02-13 06:55	74.420	74.450	74.410	74.410	5
2025-02-13 07:00	74.415	74.440	74.355	74.395	5
2025-02-13 07:05	74.410	74.465	74.405	74.465	5
2025-02-13 07:10	74.470	74.535	74.465	74.520	5
2025-02-13 07:15	74.495	74.510	74.445	74.480	5
2025-02-13 07:20	74.485	74.565	74.485	74.515	5
2025-02-13 07:25	74.525	74.525	74.405	74.450	5
2025-02-13 07:30	74.445	74.445	74.315	74.350	5
2025-02-13 07:35	74.355	74.535	74.340	74.525	5
2025-02-13 07:40	74.530	74.575	74.495	74.570	5
2025-02-13 07:45	74.575	74.615	74.515	74.610	5
2025-02-13 07:50	74.605	74.645	74.585	74.625	5
2025-02-13 07:55	74.630	74.635	74.520	74.540	5
2025-02-13 08:00	74.545	74.595	74.500	74.555	5
2025-02-13 08:05	74.560	74.585	74.413	74.435	5
2025-02-13 08:10	74.445	74.500	74.425	74.485	5
2025-02-13 08:15	74.475	74.615	74.470	74.610	5
2025-02-13 08:20	74.615	74.675	74.610	74.615	5
2025-02-13 08:25	74.605	74.665	74.585	74.645	5
2025-02-13 08:30	74.650	74.750	74.585	74.735	5
2025-02-13 08:35	74.725	74.790	74.665	74.665	5
2025-02-13 08:40	74.655	74.705	74.575	74.615	5
2025-02-13 08:45	74.605	74.785	74.545	74.690	5
2025-02-13 08:50	74.685	74.690	74.540	74.585	5
2025-02-13 08:55	74.580	74.745	74.565	74.705	5
2025-02-13 09:00	74.715	74.835	74.715	74.815	5
2025-02-13 09:05	74.820	74.845	74.725	74.755	5
2025-02-13 09:10	74.745	74.785	74.695	74.715	5
2025-02-13 09:15	74.710	74.720	74.660	74.695	5
2025-02-13 09:20	74.690	74.715	74.615	74.615	5
2025-02-13 09:25	74.620	74.625	74.535	74.570	5
2025-02-13 09:30	74.565	74.575	74.405	74.445	5
2025-02-13 09:35	74.455	74.515	74.400	74.505	5
2025-02-13 09:40	74.500	74.505	74.360	74.360	5
2025-02-13 09:45	74.355	74.375	74.285	74.300	5
2025-02-13 09:50	74.295	74.325	74.285	74.285	5
2025-02-13 09:55	74.295	74.305	74.245	74.245	5
2025-02-13 10:00	74.255	74.295	74.245	74.275	5
2025-02-13 10:05	74.285	74.285	74.155	74.155	5
2025-02-13 10:10	74.165	74.200	74.135	74.180	5
2025-02-13 10:15	74.185	74.205	74.145	74.165	5
2025-02-13 10:20	74.170	74.175	74.065	74.095	5
2025-02-13 10:25	74.105	74.145	74.065	74.075	5
2025-02-13 10:30	74.070	74.085	74.045	74.050	5
2025-02-13 10:35	74.045	74.185	74.045	74.160	5
2025-02-13 10:40	74.155	74.175	74.095	74.155	5
2025-02-13 10:45	74.165	74.170	74.125	74.145	5
2025-02-13 10:50	74.140	74.155	74.115	74.115	5
2025-02-13 10:55	74.125	74.165	74.065	74.075	5
2025-02-13 11:00	74.085	74.225	74.055	74.225	5
2025-02-13 11:05	74.220	74.355	74.185	74.325	5
2025-02-13 11:10	74.315	74.355	74.275	74.315	5
2025-02-13 11:15	74.305	74.325	74.235	74.235	5
2025-02-13 11:20	74.230	74.250	74.195	74.205	5
2025-02-13 11:25	74.210	74.315	74.210	74.305	5
2025-02-13 11:30	74.315	74.345	74.265	74.285	5
2025-02-13 11:35	74.280	74.365	74.265	74.345	5
2025-02-13 11:40	74.355	74.455	74.320	74.415	5
2025-02-13 11:45	74.405	74.445	74.315	74.355	5
2025-02-13 11:50	74.360	74.385	74.275	74.295	5
2025-02-13 11:55	74.300	74.435	74.295	74.415	5
2025-02-13 12:00	74.405	74.485	74.395	74.435	5
2025-02-13 12:05	74.430	74.435	74.325	74.325	5
2025-02-13 12:10	74.335	74.395	74.315	74.330	5
2025-02-13 12:15	74.325	74.375	74.285	74.295	5
2025-02-13 12:20	74.290	74.315	74.225	74.285	5
2025-02-13 12:25	74.295	74.355	74.295	74.335	5
2025-02-13 12:30	74.325	74.355	74.210	74.260	5
2025-02-13 12:35	74.265	74.265	74.185	74.205	5
2025-02-13 12:40	74.215	74.225	74.155	74.165	5
2025-02-13 12:45	74.155	74.185	74.155	74.175	5
2025-02-13 12:50	74.180	74.215	74.105	74.105	5
2025-02-13 12:55	74.115	74.160	74.095	74.145	5
2025-02-13 13:00	74.140	74.155	74.095	74.145	5
2025-02-13 13:05	74.135	74.165	74.105	74.135	5
2025-02-13 13:10	74.140	74.235	74.095	74.235	5
2025-02-13 13:15	74.245	74.330	74.235	74.295	5
2025-02-13 13:20	74.300	74.355	74.265	74.280	5
2025-02-13 13:25	74.270	74.275	74.225	74.245	5
2025-02-13 13:30	74.240	74.305	74.235	74.255	5
2025-02-13 13:35	74.245	74.300	74.235	74.275	5
2025-02-13 13:40	74.285	74.335	74.245	74.275	5
2025-02-13 13:45	74.270	74.320	74.225	74.305	5
2025-02-13 13:50	74.310	74.310	74.235	74.255	5
2025-02-13 13:55	74.245	74.250	74.165	74.205	5
2025-02-13 14:00	74.195	74.285	74.145	74.245	5
2025-02-13 14:05	74.230	74.290	74.230	74.260	5
2025-02-13 14:10	74.275	74.285	74.185	74.240	5
2025-02-13 14:15	74.245	74.455	74.205	74.430	5
2025-02-13 14:20	74.435	74.475	74.385	74.395	5
2025-02-13 14:25	74.405	74.445	74.395	74.415	5
2025-02-13 14:30	74.410	74.515	74.385	74.455	5
2025-02-13 14:35	74.460	74.465	74.335	74.405	5
2025-02-13 14:40	74.415	74.445	74.375	74.405	5
2025-02-13 14:45	74.415	74.555	74.410	74.550	5
2025-02-13 14:50	74.540	74.595	74.510	74.595	5
2025-02-13 14:55	74.590	74.835	74.590	74.805	5
2025-02-13 15:00	74.800	74.845	74.675	74.715	5
2025-02-13 15:05	74.710	74.820	74.710	74.745	5
2025-02-13 15:10	74.735	74.955	74.735	74.945	5
2025-02-13 15:15	74.955	74.965	74.850	74.935	5
2025-02-13 15:20	74.915	74.935	74.775	74.795	5
2025-02-13 15:25	74.800	74.845	74.715	74.755	5
2025-02-13 15:30	74.750	74.790	74.680	74.755	5
2025-02-13 15:35	74.765	74.775	74.665	74.670	5
2025-02-13 15:40	74.665	74.815	74.665	74.785	5
2025-02-13 15:45	74.790	74.795	74.690	74.725	5
2025-02-13 15:50	74.735	74.785	74.635	74.695	5
2025-02-13 15:55	74.705	74.730	74.650	74.725	5
2025-02-13 16:00	74.730	74.755	74.665	74.735	5
2025-02-13 16:05	74.745	74.795	74.705	74.795	5
2025-02-13 16:10	74.805	74.830	74.715	74.755	5
2025-02-13 16:15	74.750	74.765	74.715	74.735	5
2025-02-13 16:20	74.740	74.945	74.725	74.940	5
2025-02-13 16:25	74.945	75.070	74.920	75.070	5
2025-02-13 16:30	75.075	75.125	74.985	75.115	5
2025-02-13 16:35	75.120	75.125	75.015	75.065	5
2025-02-13 16:40	75.070	75.095	74.995	75.015	5
2025-02-13 16:45	75.020	75.040	74.895	75.015	5
2025-02-13 16:50	75.005	75.035	74.965	74.975	5
2025-02-13 16:55	74.965	75.005	74.935	74.985	5
2025-02-13 17:00	74.990	75.025	74.945	74.960	5
2025-02-13 17:05	74.955	75.100	74.955	75.095	5
2025-02-13 17:10	75.085	75.095	75.015	75.045	5
2025-02-13 17:15	75.035	75.065	75.005	75.010	5
2025-02-13 17:20	75.015	75.055	74.995	75.055	5
2025-02-13 17:25	75.060	75.105	75.035	75.095	5
2025-02-13 17:30	75.100	75.105	74.945	74.975	5
2025-02-13 17:35	74.985	75.075	74.965	75.065	5
2025-02-13 17:40	75.060	75.120	75.055	75.115	5
2025-02-13 17:45	75.105	75.125	75.015	75.025	5
2025-02-13 17:50	75.020	75.020	74.935	74.945	5
2025-02-13 17:55	74.940	74.975	74.925	74.935	5
2025-02-13 18:00	74.940	74.995	74.920	74.975	5
2025-02-13 18:05	74.970	75.015	74.965	74.975	5
2025-02-13 18:10	74.980	75.055	74.980	75.015	5
2025-02-13 18:15	75.010	75.045	74.975	74.985	5
2025-02-13 18:20	74.995	75.075	74.995	75.040	5
2025-02-13 18:25	75.045	75.135	75.040	75.125	5
2025-02-13 18:30	75.115	75.115	75.040	75.070	5
2025-02-13 18:35	75.075	75.105	75.045	75.090	5
2025-02-13 18:40	75.085	75.115	75.035	75.085	5
2025-02-13 18:45	75.080	75.155	75.025	75.045	5
2025-02-13 18:50	75.035	75.045	74.905	74.915	5
2025-02-13 18:55	74.925	75.005	74.920	74.975	5
2025-02-13 19:00	74.955	74.995	74.935	74.985	5
2025-02-13 19:05	74.975	74.995	74.945	74.945	5
2025-02-13 19:10	74.940	75.000	74.925	74.965	5
2025-02-13 19:15	74.970	74.975	74.920	74.925	5
2025-02-13 19:20	74.935	74.985	74.915	74.980	5
2025-02-13 19:25	74.975	75.035	74.905	75.025	5
2025-02-13 19:30	75.035	75.075	75.005	75.055	5
2025-02-13 19:35	75.050	75.095	75.020	75.040	5
2025-02-13 19:40	75.045	75.090	75.040	75.075	5
2025-02-13 19:45	75.080	75.080	75.035	75.050	5
2025-02-13 19:50	75.055	75.090	75.055	75.075	5
2025-02-13 19:55	75.080	75.105	75.060	75.095	5
2025-02-13 20:00	75.090	75.125	75.085	75.110	5
2025-02-13 20:05	75.115	75.115	75.075	75.100	5
2025-02-13 20:10	75.105	75.115	75.080	75.090	5
2025-02-13 20:15	75.095	75.095	75.080	75.085	5
2025-02-13 20:20	75.090	75.115	75.085	75.115	5
2025-02-13 20:25	75.110	75.115	75.085	75.105	5
2025-02-13 20:30	75.110	75.155	75.105	75.140	5
2025-02-13 20:35	75.145	75.150	75.125	75.145	5
2025-02-13 20:40	75.150	75.170	75.145	75.150	5
2025-02-13 20:45	75.155	75.155	75.125	75.135	5
2025-02-13 20:50	75.130	75.150	75.088	75.150	5
2025-02-13 20:55	75.145	75.150	75.125	75.140	5
2025-02-13 21:00	75.145	75.145	75.112	75.112	5
2025-02-13 21:05	75.107	75.122	75.092	75.092	5
2025-02-13 21:10	75.097	75.102	75.077	75.077	4
2025-02-13 21:15	75.092	75.102	75.082	75.097	5
2025-02-13 21:20	75.107	75.112	75.082	75.102	4
2025-02-13 21:25	75.097	75.112	75.092	75.102	4
2025-02-13 21:30	75.107	75.117	75.102	75.107	4
2025-02-13 21:35	75.092	75.127	75.092	75.122	5
2025-02-13 21:40	75.127	75.172	75.127	75.132	5
2025-02-13 21:45	75.108	75.172	75.108	75.162	5
2025-02-13 21:50	75.167	75.242	75.162	75.207	4
2025-02-13 21:55	75.212	75.212	75.187	75.192	5
2025-02-14 01:00	75.005	75.175	75.000	75.165	5
2025-02-14 01:05	75.160	75.165	75.095	75.120	5
2025-02-14 01:10	75.125	75.155	75.115	75.145	5
2025-02-14 01:15	75.155	75.215	75.145	75.210	5
2025-02-14 01:20	75.215	75.225	75.190	75.215	5
2025-02-14 01:25	75.220	75.255	75.195	75.235	5
2025-02-14 01:30	75.240	75.305	75.215	75.285	5
2025-02-14 01:35	75.290	75.295	75.230	75.250	5
2025-02-14 01:40	75.245	75.275	75.235	75.255	5
2025-02-14 01:45	75.250	75.255	75.185	75.185	5
2025-02-14 01:50	75.180	75.220	75.175	75.180	5
2025-02-14 01:55	75.185	75.205	75.180	75.180	5
2025-02-14 02:00	75.175	75.255	75.145	75.245	5
2025-02-14 02:05	75.240	75.250	75.205	75.240	5
2025-02-14 02:10	75.245	75.250	75.225	75.245	5
2025-02-14 02:15	75.240	75.245	75.205	75.220	4
2025-02-14 02:20	75.215	75.230	75.210	75.215	5
2025-02-14 02:25	75.220	75.220	75.150	75.155	5
2025-02-14 02:30	75.160	75.165	75.125	75.155	5
2025-02-14 02:35	75.160	75.180	75.155	75.165	5
2025-02-14 02:40	75.155	75.185	75.145	75.165	5
2025-02-14 02:45	75.118	75.195	75.118	75.185	5
2025-02-14 02:50	75.190	75.200	75.170	75.195	5
2025-02-14 02:55	75.190	75.190	75.155	75.160	5
2025-02-14 03:00	75.170	75.220	75.170	75.205	5
2025-02-14 03:05	75.210	75.225	75.195	75.195	5
2025-02-14 03:10	75.190	75.195	75.150	75.170	5
2025-02-14 03:15	75.175	75.175	75.125	75.150	5
2025-02-14 03:20	75.155	75.160	75.120	75.125	5
2025-02-14 03:25	75.135	75.155	75.125	75.130	5
2025-02-14 03:30	75.125	75.150	75.125	75.140	5
2025-02-14 03:35	75.145	75.150	75.135	75.145	4
2025-02-14 03:40	75.140	75.182	75.135	75.165	5
2025-02-14 03:45	75.170	75.185	75.155	75.175	5
2025-02-14 03:50	75.180	75.180	75.130	75.140	5
2025-02-14 03:55	75.135	75.145	75.120	75.125	3
2025-02-14 04:00	75.130	75.145	75.115	75.130	5
2025-02-14 04:05	75.125	75.140	75.120	75.130	4
2025-02-14 04:10	75.135	75.145	75.125	75.135	4
2025-02-14 04:15	75.140	75.145	75.135	75.140	4
2025-02-14 04:20	75.135	75.135	75.090	75.100	5
2025-02-14 04:25	75.105	75.120	75.085	75.090	4
2025-02-14 04:30	75.095	75.100	75.080	75.095	4
2025-02-14 04:35	75.100	75.115	75.100	75.100	3
2025-02-14 04:40	75.105	75.125	75.095	75.125	5
2025-02-14 04:45	75.130	75.185	75.130	75.170	5
2025-02-14 04:50	75.165	75.195	75.118	75.195	4
2025-02-14 04:55	75.200	75.225	75.200	75.210	5
2025-02-14 05:00	75.215	75.225	75.178	75.178	5
2025-02-14 05:05	75.230	75.255	75.188	75.250	5
2025-02-14 05:10	75.245	75.250	75.225	75.225	5
2025-02-14 05:15	75.215	75.215	75.165	75.165	4
2025-02-14 05:20	75.170	75.215	75.165	75.215	5
2025-02-14 05:25	75.210	75.255	75.210	75.240	5
2025-02-14 05:30	75.245	75.245	75.180	75.185	5
2025-02-14 05:35	75.190	75.205	75.175	75.175	5
2025-02-14 05:40	75.165	75.180	75.135	75.135	5
2025-02-14 05:45	75.140	75.150	75.120	75.140	5
2025-02-14 05:50	75.145	75.180	75.140	75.170	5
2025-02-14 05:55	75.175	75.205	75.165	75.170	5
2025-02-14 06:00	75.165	75.200	75.130	75.150	5
2025-02-14 06:05	75.160	75.175	75.145	75.165	5
2025-02-14 06:10	75.160	75.175	75.150	75.170	5
2025-02-14 06:15	75.175	75.175	75.095	75.105	5
2025-02-14 06:20	75.115	75.125	75.105	75.120	5
2025-02-14 06:25	75.115	75.125	75.095	75.100	5
2025-02-14 06:30	75.095	75.135	75.090	75.120	5
2025-02-14 06:35	75.125	75.145	75.100	75.145	5
2025-02-14 06:40	75.140	75.145	75.115	75.125	5
2025-02-14 06:45	75.130	75.165	75.125	75.130	5
2025-02-14 06:50	75.125	75.145	75.115	75.135	5
2025-02-14 06:55	75.150	75.235	75.150	75.230	5
2025-02-14 07:00	75.235	75.270	75.225	75.260	5
2025-02-14 07:05	75.265	75.390	75.260	75.385	5
2025-02-14 07:10	75.390	75.415	75.355	75.390	5
2025-02-14 07:15	75.385	75.405	75.345	75.370	5
2025-02-14 07:20	75.365	75.405	75.345	75.395	5
2025-02-14 07:25	75.390	75.425	75.340	75.355	5
2025-02-14 07:30	75.350	75.415	75.350	75.415	5
2025-02-14 07:35	75.410	75.415	75.370	75.405	5
2025-02-14 07:40	75.395	75.465	75.395	75.455	5
2025-02-14 07:45	75.445	75.505	75.425	75.435	5
2025-02-14 07:50	75.425	75.440	75.405	75.435	5
2025-02-14 07:55	75.430	75.455	75.425	75.450	5
2025-02-14 08:00	75.445	75.505	75.415	75.475	5
2025-02-14 08:05	75.480	75.485	75.375	75.385	5
2025-02-14 08:10	75.395	75.465	75.375	75.435	5
2025-02-14 08:15	75.425	75.455	75.395	75.425	5
2025-02-14 08:20	75.420	75.425	75.355	75.405	5
2025-02-14 08:25	75.400	75.425	75.365	75.405	5
2025-02-14 08:30	75.415	75.535	75.395	75.515	5
2025-02-14 08:35	75.510	75.510	75.435	75.450	5
2025-02-14 08:40	75.455	75.455	75.285	75.335	5
2025-02-14 08:45	75.330	75.345	75.305	75.320	5
2025-02-14 08:50	75.315	75.345	75.305	75.340	5
2025-02-14 08:55	75.335	75.465	75.335	75.375	5
2025-02-14 09:00	75.385	75.385	75.285	75.355	5
2025-02-14 09:05	75.365	75.365	75.290	75.355	5
2025-02-14 09:10	75.350	75.495	75.320	75.465	5
2025-02-14 09:15	75.455	75.485	75.405	75.415	5
2025-02-14 09:20	75.420	75.495	75.400	75.435	5
2025-02-14 09:25	75.445	75.455	75.395	75.405	5
2025-02-14 09:30	75.390	75.410	75.345	75.365	5
2025-02-14 09:35	75.370	75.395	75.335	75.370	5
2025-02-14 09:40	75.375	75.435	75.335	75.335	5
2025-02-14 09:45	75.315	75.315	75.245	75.265	4
2025-02-14 09:50	75.255	75.315	75.185	75.310	5
2025-02-14 09:55	75.315	75.375	75.265	75.270	5
2025-02-14 10:00	75.275	75.275	75.225	75.265	5
2025-02-14 10:05	75.275	75.445	75.275	75.405	5
2025-02-14 10:10	75.410	75.435	75.375	75.395	5
2025-02-14 10:15	75.385	75.455	75.385	75.415	5
2025-02-14 10:20	75.410	75.450	75.365	75.370	5
2025-02-14 10:25	75.365	75.375	75.305	75.315	5
2025-02-14 10:30	75.305	75.315	75.245	75.275	5
2025-02-14 10:35	75.280	75.335	75.245	75.255	5
2025-02-14 10:40	75.250	75.270	75.175	75.190	5
2025-02-14 10:45	75.205	75.205	75.175	75.195	5
2025-02-14 10:50	75.190	75.245	75.185	75.225	4
2025-02-14 10:55	75.215	75.255	75.195	75.240	5
2025-02-14 11:00	75.245	75.245	75.195	75.215	5
2025-02-14 11:05	75.210	75.210	75.150	75.155	5
2025-02-14 11:10	75.150	75.185	75.115	75.140	5
2025-02-14 11:15	75.145	75.155	75.115	75.150	5
2025-02-14 11:20	75.155	75.160	75.060	75.085	5
2025-02-14 11:25	75.075	75.095	75.025	75.085	5
2025-02-14 11:30	75.075	75.085	74.985	75.045	5
2025-02-14 11:35	75.035	75.100	75.025	75.100	5
2025-02-14 11:40	75.110	75.150	75.045	75.145	5
2025-02-14 11:45	75.130	75.335	75.105	75.280	5
2025-02-14 11:50	75.275	75.635	75.265	75.605	5
2025-02-14 11:55	75.615	75.645	75.575	75.575	5
2025-02-14 12:00	75.565	75.570	75.385	75.445	5
2025-02-14 12:05	75.435	75.505	75.425	75.455	5
2025-02-14 12:10	75.465	75.515	75.390	75.440	5
2025-02-14 12:15	75.435	75.620	75.415	75.560	5
2025-02-14 12:20	75.565	75.625	75.545	75.545	5
2025-02-14 12:25	75.540	75.610	75.525	75.585	5
2025-02-14 12:30	75.590	75.815	75.590	75.805	5
2025-02-14 12:35	75.800	75.825	75.755	75.790	5
2025-02-14 12:40	75.795	75.795	75.700	75.705	5
2025-02-14 12:45	75.695	75.715	75.615	75.655	5
2025-02-14 12:50	75.665	75.705	75.625	75.705	5
2025-02-14 12:55	75.695	75.705	75.635	75.695	5
2025-02-14 13:00	75.685	75.735	75.640	75.715	5
2025-02-14 13:05	75.705	75.735	75.625	75.645	5
2025-02-14 13:10	75.655	75.730	75.655	75.725	5
2025-02-14 13:15	75.735	75.785	75.705	75.745	5
2025-02-14 13:20	75.735	75.825	75.735	75.825	5
2025-02-14 13:25	75.815	75.825	75.755	75.805	5
2025-02-14 13:30	75.800	75.805	75.635	75.665	5
2025-02-14 13:35	75.660	75.680	75.620	75.645	5
2025-02-14 13:40	75.635	75.655	75.505	75.545	5
2025-02-14 13:45	75.540	75.565	75.485	75.530	5
2025-02-14 13:50	75.535	75.545	75.455	75.465	5
2025-02-14 13:55	75.475	75.505	75.265	75.305	5
2025-02-14 14:00	75.325	75.415	75.275	75.335	5
2025-02-14 14:05	75.325	75.340	75.225	75.315	5
2025-02-14 14:10	75.305	75.345	75.205	75.325	5
2025-02-14 14:15	75.315	75.455	75.295	75.425	5
2025-02-14 14:20	75.415	75.505	75.410	75.455	5
2025-02-14 14:25	75.460	75.465	75.370	75.375	5
2025-02-14 14:30	75.385	75.445	75.335	75.425	5
2025-02-14 14:35	75.435	75.465	75.365	75.415	5
2025-02-14 14:40	75.425	75.515	75.405	75.455	5
2025-02-14 14:45	75.465	75.475	75.345	75.465	5
2025-02-14 14:50	75.470	75.485	75.425	75.480	5
2025-02-14 14:55	75.475	75.545	75.435	75.505	5
2025-02-14 15:00	75.515	75.515	75.325	75.325	5
2025-02-14 15:05	75.335	75.365	75.255	75.265	5
2025-02-14 15:10	75.255	75.255	75.105	75.125	5
2025-02-14 15:15	75.120	75.215	75.100	75.105	5
2025-02-14 15:20	75.110	75.165	74.960	74.960	5
2025-02-14 15:25	74.965	75.005	74.805	74.865	5
2025-02-14 15:30	74.860	74.965	74.803	74.905	5
2025-02-14 15:35	74.900	74.965	74.880	74.915	5
2025-02-14 15:40	74.895	74.975	74.875	74.905	5
2025-02-14 15:45	74.915	75.015	74.905	74.915	5
2025-02-14 15:50	74.925	74.980	74.845	74.915	5
2025-02-14 15:55	74.920	75.035	74.885	75.005	5
2025-02-14 16:00	74.995	75.055	74.915	74.930	5
2025-02-14 16:05	74.935	74.945	74.820	74.835	5
2025-02-14 16:10	74.825	74.825	74.665	74.695	5
2025-02-14 16:15	74.700	74.795	74.665	74.665	5
2025-02-14 16:20	74.660	74.765	74.605	74.745	5
2025-02-14 16:25	74.735	74.835	74.715	74.755	5
2025-02-14 16:30	74.760	74.775	74.675	74.725	5
2025-02-14 16:35	74.730	74.865	74.725	74.855	5
2025-02-14 16:40	74.860	74.895	74.805	74.805	5
2025-02-14 16:45	74.810	74.875	74.785	74.815	5
2025-02-14 16:50	74.820	74.855	74.775	74.815	5
2025-02-14 16:55	74.825	74.965	74.825	74.925	5
2025-02-14 17:00	74.935	74.975	74.895	74.905	4
2025-02-14 17:05	74.895	74.905	74.805	74.805	5
2025-02-14 17:10	74.795	74.895	74.795	74.875	5
2025-02-14 17:15	74.885	74.885	74.800	74.845	5
2025-02-14 17:20	74.855	74.910	74.745	74.765	5
2025-02-14 17:25	74.760	74.865	74.755	74.845	5
2025-02-14 17:30	74.835	74.855	74.775	74.815	5
2025-02-14 17:35	74.805	74.860	74.790	74.835	5
2025-02-14 17:40	74.845	74.865	74.745	74.780	5
2025-02-14 17:45	74.785	74.855	74.750	74.845	5
2025-02-14 17:50	74.855	74.885	74.825	74.855	5
2025-02-14 17:55	74.845	74.865	74.775	74.785	5
2025-02-14 18:00	74.780	74.830	74.755	74.810	5
2025-02-14 18:05	74.805	74.815	74.745	74.765	5
2025-02-14 18:10	74.755	74.775	74.665	74.700	5
2025-02-14 18:15	74.695	74.770	74.690	74.760	5
2025-02-14 18:20	74.755	74.760	74.700	74.705	5
2025-02-14 18:25	74.710	74.755	74.685	74.745	5
2025-02-14 18:30	74.740	74.795	74.735	74.765	5
2025-02-14 18:35	74.750	74.765	74.685	74.685	5
2025-02-14 18:40	74.695	74.695	74.610	74.635	5
2025-02-14 18:45	74.640	74.655	74.545	74.595	5
2025-02-14 18:50	74.605	74.695	74.595	74.675	5
2025-02-14 18:55	74.670	74.755	74.650	74.725	5
2025-02-14 19:00	74.720	74.795	74.685	74.795	5
2025-02-14 19:05	74.805	74.825	74.745	74.785	5
2025-02-14 19:10	74.795	74.905	74.785	74.895	5
2025-02-14 19:15	74.900	74.905	74.805	74.885	5
2025-02-14 19:20	74.880	74.885	74.810	74.825	5
2025-02-14 19:25	74.815	74.865	74.665	74.685	5
2025-02-14 19:30	74.690	74.695	74.625	74.660	5
2025-02-14 19:35	74.655	74.765	74.655	74.715	5
2025-02-14 19:40	74.720	74.745	74.695	74.715	5
2025-02-14 19:45	74.710	74.730	74.675	74.685	5
2025-02-14 19:50	74.680	74.730	74.655	74.715	5
2025-02-14 19:55	74.720	74.730	74.675	74.685	5
2025-02-14 20:00	74.680	74.685	74.645	74.650	5
2025-02-14 20:05	74.655	74.665	74.610	74.630	5
2025-02-14 20:10	74.635	74.635	74.595	74.615	5
2025-02-14 20:15	74.620	74.635	74.615	74.615	5
2025-02-14 20:20	74.610	74.615	74.595	74.595	5
2025-02-14 20:25	74.600	74.605	74.585	74.595	5
2025-02-14 20:30	74.585	74.655	74.570	74.655	5
2025-02-14 20:35	74.665	74.695	74.655	74.695	5
2025-02-14 20:40	74.700	74.715	74.655	74.670	5
2025-02-14 20:45	74.665	74.715	74.635	74.715	5
2025-02-14 20:50	74.725	74.730	74.675	74.715	5
2025-02-14 20:55	74.705	74.730	74.705	74.705	5
2025-02-14 21:00	74.700	74.700	74.677	74.692	2
2025-02-14 21:05	74.687	74.687	74.642	74.642	4
2025-02-14 21:10	74.652	74.662	74.632	74.637	5
2025-02-14 21:15	74.642	74.642	74.612	74.622	5
2025-02-14 21:20	74.627	74.652	74.623	74.637	4
2025-02-14 21:25	74.647	74.662	74.627	74.652	5
2025-02-14 21:30	74.642	74.652	74.622	74.637	5
2025-02-14 21:35	74.632	74.632	74.607	74.607	5
2025-02-14 21:40	74.602	74.627	74.582	74.587	5
2025-02-14 21:45	74.567	74.592	74.557	74.557	5
2025-02-14 21:50	74.562	74.577	74.542	74.542	5
2025-02-14 21:55	74.532	74.547	74.482	74.547	5
2025-02-17 01:00	74.430	74.540	74.360	74.535	5
2025-02-17 01:05	74.540	74.565	74.525	74.535	5
2025-02-17 01:10	74.540	74.605	74.535	74.590	5
2025-02-17 01:15	74.595	74.645	74.580	74.620	5
2025-02-17 01:20	74.615	74.620	74.550	74.565	5
2025-02-17 01:25	74.560	74.620	74.560	74.615	5
2025-02-17 01:30	74.620	74.655	74.605	74.620	5
2025-02-17 01:35	74.615	74.655	74.610	74.655	5
2025-02-17 01:40	74.650	74.655	74.625	74.630	5
2025-02-17 01:45	74.625	74.645	74.590	74.615	5
2025-02-17 01:50	74.610	74.625	74.570	74.575	5
2025-02-17 01:55	74.570	74.595	74.545	74.565	5
2025-02-17 02:00	74.570	74.650	74.555	74.610	5
2025-02-17 02:05	74.615	74.615	74.550	74.550	5
2025-02-17 02:10	74.545	74.600	74.515	74.580	5
2025-02-17 02:15	74.575	74.585	74.535	74.580	5
2025-02-17 02:20	74.575	74.615	74.538	74.615	5
2025-02-17 02:25	74.610	74.615	74.590	74.605	5
2025-02-17 02:30	74.610	74.655	74.600	74.630	5
2025-02-17 02:35	74.635	74.695	74.615	74.680	5
2025-02-17 02:40	74.685	74.695	74.655	74.665	5
2025-02-17 02:45	74.660	74.805	74.660	74.710	5
2025-02-17 02:50	74.715	74.725	74.645	74.665	5
2025-02-17 02:55	74.660	74.705	74.660	74.695	5
2025-02-17 03:00	74.700	74.715	74.685	74.710	5
2025-02-17 03:05	74.715	74.740	74.695	74.740	5
2025-02-17 03:10	74.745	74.765	74.705	74.705	5
2025-02-17 03:15	74.710	74.745	74.700	74.715	5
2025-02-17 03:20	74.710	74.740	74.705	74.730	5
2025-02-17 03:25	74.735	74.755	74.685	74.755	5
2025-02-17 03:30	74.750	74.755	74.698	74.740	5
2025-02-17 03:35	74.735	74.765	74.730	74.765	5
2025-02-17 03:40	74.770	74.835	74.765	74.825	5
2025-02-17 03:45	74.830	74.860	74.815	74.850	5
2025-02-17 03:50	74.845	74.845	74.810	74.810	5
2025-02-17 03:55	74.825	74.835	74.758	74.758	4
2025-02-17 04:00	74.805	74.810	74.785	74.810	5
2025-02-17 04:05	74.805	74.805	74.758	74.785	5
2025-02-17 04:10	74.780	74.785	74.745	74.755	5
2025-02-17 04:15	74.708	74.795	74.708	74.775	3
2025-02-17 04:20	74.780	74.800	74.718	74.800	4
2025-02-17 04:25	74.795	74.800	74.785	74.785	3
2025-02-17 04:30	74.790	74.795	74.785	74.785	4
2025-02-17 04:35	74.738	74.810	74.738	74.795	5
2025-02-17 04:40	74.790	74.805	74.760	74.765	5
2025-02-17 04:45	74.760	74.780	74.728	74.765	4
2025-02-17 04:50	74.760	74.815	74.760	74.805	5
2025-02-17 04:55	74.800	74.815	74.753	74.810	5
2025-02-17 05:00	74.805	74.805	74.765	74.785	5
2025-02-17 05:05	74.780	74.795	74.738	74.785	3
2025-02-17 05:10	74.790	74.905	74.738	74.885	5
2025-02-17 05:15	74.838	74.930	74.838	74.905	5
2025-02-17 05:20	74.900	74.925	74.875	74.920	5
2025-02-17 05:25	74.905	74.905	74.838	74.895	5
2025-02-17 05:30	74.885	74.940	74.885	74.930	5
2025-02-17 05:35	74.925	74.940	74.915	74.920	5
2025-02-17 05:40	74.915	74.920	74.825	74.840	5
2025-02-17 05:45	74.835	74.875	74.815	74.875	5
2025-02-17 05:50	74.870	74.875	74.825	74.860	5
2025-02-17 05:55	74.855	74.865	74.840	74.840	5
2025-02-17 06:00	74.845	74.910	74.835	74.905	5
2025-02-17 06:05	74.900	74.925	74.855	74.855	5
2025-02-17 06:10	74.860	74.905	74.860	74.900	5
2025-02-17 06:15	74.895	74.910	74.865	74.875	5
2025-02-17 06:20	74.880	74.915	74.880	74.895	5
2025-02-17 06:25	74.890	74.920	74.885	74.910	5
2025-02-17 06:30	74.915	74.960	74.895	74.955	5
2025-02-17 06:35	74.965	74.965	74.895	74.895	5
2025-02-17 06:40	74.890	74.905	74.855	74.865	5
2025-02-17 06:45	74.870	74.885	74.855	74.880	5
2025-02-17 06:50	74.885	74.925	74.875	74.905	5
2025-02-17 06:55	74.915	74.960	74.885	74.890	5
2025-02-17 07:00	74.885	74.895	74.775	74.775	5
2025-02-17 07:05	74.770	74.785	74.725	74.745	5
2025-02-17 07:10	74.735	74.805	74.715	74.800	5
2025-02-17 07:15	74.795	74.795	74.700	74.715	5
2025-02-17 07:20	74.710	74.725	74.685	74.690	5
2025-02-17 07:25	74.695	74.695	74.645	74.655	5
2025-02-17 07:30	74.650	74.655	74.565	74.600	5
2025-02-17 07:35	74.595	74.715	74.595	74.715	5
2025-02-17 07:40	74.710	74.740	74.670	74.705	5
2025-02-17 07:45	74.700	74.765	74.695	74.750	5
2025-02-17 07:50	74.755	74.760	74.685	74.705	5
2025-02-17 07:55	74.700	74.765	74.685	74.710	5
2025-02-17 08:00	74.705	74.935	74.705	74.930	5
2025-02-17 08:05	74.925	75.045	74.915	75.015	5
2025-02-17 08:10	75.005	75.085	74.975	75.075	5
2025-02-17 08:15	75.085	75.085	75.015	75.050	5
2025-02-17 08:20	75.045	75.065	74.975	75.000	5
2025-02-17 08:25	74.995	75.150	74.995	75.145	5
2025-02-17 08:30	75.155	75.190	75.015	75.025	5
2025-02-17 08:35	75.020	75.075	74.995	75.025	5
2025-02-17 08:40	75.015	75.085	74.995	75.015	5
2025-02-17 08:45	75.025	75.095	74.995	75.015	5
2025-02-17 08:50	75.035	75.075	74.955	75.005	5
2025-02-17 08:55	75.000	75.020	74.955	74.985	5
2025-02-17 09:00	75.005	75.025	74.895	75.000	5
2025-02-17 09:05	74.995	75.060	74.975	75.025	5
2025-02-17 09:10	75.005	75.005	74.945	74.955	5
2025-02-17 09:15	74.950	74.955	74.860	74.925	5
2025-02-17 09:20	74.930	74.960	74.815	74.865	5
2025-02-17 09:25	74.855	74.855	74.795	74.805	5
2025-02-17 09:30	74.795	74.885	74.775	74.860	5
2025-02-17 09:35	74.855	74.890	74.805	74.855	5
2025-02-17 09:40	74.865	74.930	74.815	74.895	5
2025-02-17 09:45	74.900	74.925	74.785	74.830	5
2025-02-17 09:50	74.825	74.865	74.795	74.815	5
2025-02-17 09:55	74.805	74.860	74.785	74.840	5
2025-02-17 10:00	74.835	74.905	74.695	74.845	5
2025-02-17 10:05	74.855	74.905	74.845	74.880	5
2025-02-17 10:10	74.870	74.870	74.695	74.695	5
2025-02-17 10:15	74.690	75.165	74.690	75.055	5
2025-02-17 10:20	75.065	75.135	74.995	75.115	5
2025-02-17 10:25	75.105	75.125	74.895	75.005	5
2025-02-17 10:30	75.015	75.105	75.015	75.045	5
2025-02-17 10:35	75.035	75.085	75.030	75.040	5
2025-02-17 10:40	75.025	75.025	74.945	74.945	5
2025-02-17 10:45	74.955	74.965	74.895	74.900	5
2025-02-17 10:50	74.905	74.925	74.875	74.905	5
2025-02-17 10:55	74.895	74.955	74.865	74.915	5
2025-02-17 11:00	74.910	74.920	74.865	74.865	3
2025-02-17 11:05	74.855	74.875	74.755	74.760	5
2025-02-17 11:10	74.765	74.825	74.725	74.730	5
2025-02-17 11:15	74.740	74.810	74.530	74.695	5
2025-02-17 11:20	74.685	74.695	74.615	74.665	5
2025-02-17 11:25	74.660	74.695	74.620	74.635	5
2025-02-17 11:30	74.630	74.685	74.555	74.585	5
2025-02-17 11:35	74.575	74.655	74.545	74.635	5
2025-02-17 11:40	74.625	74.665	74.600	74.620	5
2025-02-17 11:45	74.615	74.625	74.495	74.535	5
2025-02-17 11:50	74.545	74.600	74.545	74.575	5
2025-02-17 11:55	74.585	74.645	74.565	74.585	5
2025-02-17 12:00	74.575	74.665	74.570	74.595	5
2025-02-17 12:05	74.600	74.645	74.565	74.565	5
2025-02-17 12:10	74.560	74.560	74.465	74.495	5
2025-02-17 12:15	74.485	74.485	74.435	74.465	5
2025-02-17 12:20	74.460	74.475	74.435	74.435	4
2025-02-17 12:25	74.450	74.485	74.435	74.455	5
2025-02-17 12:30	74.445	74.505	74.435	74.495	5
2025-02-17 12:35	74.505	74.575	74.495	74.550	5
2025-02-17 12:40	74.545	74.555	74.485	74.500	5
2025-02-17 12:45	74.505	74.595	74.465	74.585	5
2025-02-17 12:50	74.580	74.630	74.575	74.620	5
2025-02-17 12:55	74.625	74.635	74.575	74.635	5
2025-02-17 13:00	74.630	74.655	74.555	74.625	5
2025-02-17 13:05	74.640	74.645	74.575	74.575	5
2025-02-17 13:10	74.585	74.605	74.525	74.595	5
2025-02-17 13:15	74.605	74.655	74.590	74.645	5
2025-02-17 13:20	74.640	74.675	74.615	74.665	5
2025-02-17 13:25	74.660	74.715	74.650	74.680	5
2025-02-17 13:30	74.675	74.765	74.675	74.740	5
2025-02-17 13:35	74.745	74.825	74.740	74.815	5
2025-02-17 13:40	74.810	74.830	74.775	74.815	5
2025-02-17 13:45	74.820	74.875	74.795	74.845	5
2025-02-17 13:50	74.850	74.885	74.835	74.845	5
2025-02-17 13:55	74.855	74.855	74.775	74.785	5
2025-02-17 14:00	74.770	74.820	74.735	74.815	5
2025-02-17 14:05	74.825	74.870	74.795	74.825	5
2025-02-17 14:10	74.830	74.860	74.795	74.835	5
2025-02-17 14:15	74.825	74.830	74.725	74.745	5
2025-02-17 14:20	74.755	74.765	74.730	74.755	5
2025-02-17 14:25	74.760	74.855	74.735	74.830	5
2025-02-17 14:30	74.835	74.880	74.795	74.845	5
2025-02-17 14:35	74.830	74.845	74.815	74.820	5
2025-02-17 14:40	74.815	74.835	74.785	74.805	5
2025-02-17 14:45	74.795	74.800	74.725	74.760	5
2025-02-17 14:50	74.755	74.815	74.735	74.810	5
2025-02-17 14:55	74.815	74.825	74.790	74.820	5
2025-02-17 15:00	74.815	74.855	74.795	74.830	5
2025-02-17 15:05	74.825	74.925	74.815	74.915	5
2025-02-17 15:10	74.935	74.935	74.895	74.910	5
2025-02-17 15:15	74.915	74.945	74.905	74.915	5
2025-02-17 15:20	74.905	74.930	74.885	74.895	5
2025-02-17 15:25	74.885	74.905	74.830	74.855	5
2025-02-17 15:30	74.850	74.900	74.835	74.875	5
2025-02-17 15:35	74.870	74.905	74.860	74.905	5
2025-02-17 15:40	74.900	74.935	74.895	74.925	5
2025-02-17 15:45	74.920	74.925	74.835	74.835	5
2025-02-17 15:50	74.845	74.865	74.675	74.685	5
2025-02-17 15:55	74.675	74.680	74.590	74.645	5
2025-02-17 16:00	74.640	74.695	74.605	74.655	5
2025-02-17 16:05	74.645	74.665	74.625	74.645	5
2025-02-17 16:10	74.640	74.725	74.640	74.715	5
2025-02-17 16:15	74.705	74.880	74.705	74.875	5
2025-02-17 16:20	74.885	74.975	74.885	74.905	5
2025-02-17 16:25	74.915	74.985	74.880	74.930	5
2025-02-17 16:30	74.935	75.045	74.900	74.975	5
2025-02-17 16:35	75.015	75.085	75.005	75.045	5
2025-02-17 16:40	75.050	75.060	75.000	75.005	5
2025-02-17 16:45	75.025	75.050	74.990	74.995	5
2025-02-17 16:50	75.000	75.060	74.995	75.045	5
2025-02-17 16:55	75.040	75.075	75.025	75.060	5
2025-02-17 17:00	75.065	75.090	75.055	75.075	5
2025-02-17 17:05	75.085	75.105	75.025	75.030	5
2025-02-17 17:10	75.025	75.095	75.015	75.080	5
2025-02-17 17:15	75.085	75.135	75.055	75.135	5
2025-02-17 17:20	75.145	75.155	75.055	75.055	5
2025-02-17 17:25	75.050	75.135	75.050	75.130	5
2025-02-17 17:30	75.125	75.140	75.085	75.115	5
2025-02-17 17:35	75.120	75.135	75.065	75.085	5
2025-02-17 17:40	75.095	75.110	75.075	75.085	5
2025-02-17 17:45	75.090	75.115	75.045	75.105	5
2025-02-17 17:50	75.110	75.120	75.090	75.110	5
2025-02-17 17:55	75.105	75.235	75.105	75.215	5
2025-02-17 18:00	75.220	75.220	75.155	75.165	5
2025-02-17 18:05	75.170	75.220	75.155	75.195	5
2025-02-17 18:10	75.200	75.210	75.185	75.205	5
2025-02-17 18:15	75.215	75.305	75.205	75.305	5
2025-02-17 18:20	75.315	75.325	75.245	75.250	5
2025-02-17 18:25	75.245	75.270	75.240	75.260	4
2025-02-17 18:30	75.265	75.275	75.215	75.245	5
2025-02-17 18:35	75.250	75.255	75.205	75.230	5
2025-02-17 18:40	75.225	75.245	75.193	75.193	5
2025-02-17 18:45	75.235	75.250	75.220	75.235	4
2025-02-17 18:50	75.230	75.260	75.220	75.260	5
2025-02-17 18:55	75.250	75.265	75.208	75.265	4
2025-02-17 19:00	75.260	75.265	75.193	75.260	5
2025-02-17 19:05	75.265	75.275	75.213	75.265	5
2025-02-17 19:10	75.270	75.275	75.220	75.275	5
2025-02-17 19:15	75.280	75.315	75.275	75.290	5
2025-02-17 19:20	75.285	75.350	75.243	75.340	5
2025-02-17 19:25	75.345	75.355	75.285	75.300	5
2025-02-17 19:30	75.290	75.320	75.285	75.320	5
2025-02-17 19:35	75.315	75.335	75.295	75.300	5
2025-02-17 19:40	75.305	75.315	75.268	75.295	5
2025-02-17 19:45	75.290	75.335	75.290	75.315	5
2025-02-17 19:50	75.320	75.325	75.278	75.290	5
2025-02-17 19:55	75.285	75.315	75.233	75.310	5
2025-02-17 20:00	75.305	75.305	75.280	75.280	4
2025-02-17 20:05	75.238	75.300	75.228	75.280	5
2025-02-17 20:10	75.275	75.295	75.228	75.290	5
2025-02-17 20:15	75.280	75.280	75.213	75.213	5
2025-02-17 20:20	75.260	75.265	75.213	75.223	5
2025-02-17 20:25	75.270	75.275	75.223	75.223	5
2025-02-17 20:30	75.270	75.295	75.265	75.265	5
2025-02-17 20:35	75.280	75.290	75.228	75.275	4
2025-02-17 20:40	75.285	75.285	75.233	75.270	5
2025-02-17 20:45	75.265	75.270	75.228	75.228	4
2025-02-17 20:50	75.275	75.285	75.228	75.275	4
2025-02-17 20:55	75.280	75.285	75.233	75.233	5
2025-02-17 21:00	75.265	75.270	75.242	75.247	5
2025-02-17 21:05	75.242	75.252	75.233	75.252	4
2025-02-17 21:10	75.233	75.262	75.233	75.257	3
2025-02-17 21:15	75.262	75.272	75.257	75.267	4
2025-02-17 21:20	75.248	75.267	75.248	75.248	3
2025-02-17 21:25	75.272	75.272	75.238	75.238	3
2025-02-17 21:30	75.233	75.262	75.233	75.247	3
2025-02-17 21:35	75.223	75.247	75.223	75.247	4
2025-02-17 21:40	75.223	75.267	75.223	75.262	5
2025-02-17 21:45	75.257	75.262	75.218	75.218	3
2025-02-17 21:50	75.223	75.252	75.223	75.242	4
2025-02-17 21:55	75.247	75.262	75.218	75.252	5
2025-02-18 01:00	75.242	75.280	75.190	75.210	5
2025-02-18 01:05	75.215	75.235	75.195	75.195	5
2025-02-18 01:10	75.190	75.200	75.175	75.185	5
2025-02-18 01:15	75.180	75.185	75.135	75.145	5
2025-02-18 01:20	75.135	75.150	75.115	75.135	5
2025-02-18 01:25	75.140	75.150	75.100	75.105	5
2025-02-18 01:30	75.110	75.125	75.095	75.125	5
2025-02-18 01:35	75.130	75.135	75.105	75.120	5
2025-02-18 01:40	75.125	75.130	75.085	75.090	5
2025-02-18 01:45	75.085	75.105	75.085	75.100	5
2025-02-18 01:50	75.095	75.155	75.095	75.145	5
2025-02-18 01:55	75.150	75.155	75.075	75.080	5
2025-02-18 02:00	75.075	75.100	75.035	75.080	5
2025-02-18 02:05	75.075	75.100	75.045	75.100	5
2025-02-18 02:10	75.095	75.170	75.095	75.160	5
2025-02-18 02:15	75.150	75.150	75.085	75.085	5
2025-02-18 02:20	75.095	75.105	75.075	75.105	5
2025-02-18 02:25	75.100	75.120	75.095	75.105	5
2025-02-18 02:30	75.110	75.160	75.110	75.160	5
2025-02-18 02:35	75.155	75.245	75.155	75.245	5
2025-02-18 02:40	75.255	75.260	75.225	75.250	5
2025-02-18 02:45	75.245	75.265	75.235	75.250	5
2025-02-18 02:50	75.245	75.245	75.195	75.200	5
2025-02-18 02:55	75.195	75.215	75.195	75.210	5
2025-02-18 03:00	75.215	75.225	75.200	75.225	5
2025-02-18 03:05	75.230	75.235	75.215	75.235	5
2025-02-18 03:10	75.225	75.255	75.210	75.255	5
2025-02-18 03:15	75.250	75.335	75.240	75.335	5
2025-02-18 03:20	75.330	75.335	75.300	75.310	5
2025-02-18 03:25	75.315	75.365	75.305	75.350	5
2025-02-18 03:30	75.345	75.405	75.315	75.405	5
2025-02-18 03:35	75.415	75.475	75.395	75.395	5
2025-02-18 03:40	75.385	75.395	75.375	75.380	5
2025-02-18 03:45	75.385	75.385	75.338	75.380	5
2025-02-18 03:50	75.375	75.380	75.365	75.375	5
2025-02-18 03:55	75.370	75.375	75.355	75.365	5
2025-02-18 04:00	75.360	75.365	75.305	75.310	5
2025-02-18 04:05	75.315	75.315	75.290	75.300	5
2025-02-18 04:10	75.295	75.295	75.275	75.290	4
2025-02-18 04:15	75.295	75.310	75.295	75.305	3
2025-02-18 04:20	75.295	75.305	75.295	75.300	5
2025-02-18 04:25	75.305	75.320	75.300	75.310	5
2025-02-18 04:30	75.305	75.315	75.275	75.315	5
2025-02-18 04:35	75.320	75.330	75.305	75.330	5
2025-02-18 04:40	75.325	75.350	75.325	75.350	5
2025-02-18 04:45	75.345	75.345	75.278	75.340	5
2025-02-18 04:50	75.335	75.355	75.288	75.355	5
2025-02-18 04:55	75.308	75.380	75.308	75.380	5
2025-02-18 05:00	75.375	75.400	75.318	75.400	4
2025-02-18 05:05	75.395	75.415	75.385	75.385	5
2025-02-18 05:10	75.390	75.395	75.385	75.390	5
2025-02-18 05:15	75.395	75.400	75.385	75.390	5
2025-02-18 05:20	75.395	75.405	75.350	75.375	5
2025-02-18 05:25	75.380	75.390	75.380	75.390	5
2025-02-18 05:30	75.385	75.440	75.385	75.425	5
2025-02-18 05:35	75.420	75.425	75.385	75.395	5
2025-02-18 05:40	75.390	75.410	75.385	75.400	4
2025-02-18 05:45	75.405	75.415	75.385	75.395	5
2025-02-18 05:50	75.400	75.400	75.360	75.370	5
2025-02-18 05:55	75.375	75.375	75.355	75.375	5
2025-02-18 06:00	75.385	75.390	75.320	75.340	5
2025-02-18 06:05	75.345	75.370	75.340	75.370	5
2025-02-18 06:10	75.375	75.375	75.355	75.370	5
2025-02-18 06:15	75.365	75.375	75.360	75.360	5
2025-02-18 06:20	75.365	75.365	75.345	75.350	5
2025-02-18 06:25	75.355	75.385	75.345	75.380	5
2025-02-18 06:30	75.385	75.430	75.385	75.390	5
2025-02-18 06:35	75.385	75.415	75.370	75.405	5
2025-02-18 06:40	75.410	75.435	75.390	75.430	5
2025-02-18 06:45	75.435	75.455	75.400	75.450	5
2025-02-18 06:50	75.445	75.450	75.395	75.425	5
2025-02-18 06:55	75.410	75.455	75.405	75.430	5
2025-02-18 07:00	75.425	75.465	75.410	75.450	5
2025-02-18 07:05	75.455	75.465	75.420	75.445	5
2025-02-18 07:10	75.440	75.525	75.435	75.485	5
2025-02-18 07:15	75.490	75.505	75.470	75.470	4
2025-02-18 07:20	75.460	75.465	75.385	75.395	5
2025-02-18 07:25	75.390	75.475	75.390	75.435	5
2025-02-18 07:30	75.440	75.440	75.345	75.355	5
2025-02-18 07:35	75.365	75.365	75.285	75.325	5
2025-02-18 07:40	75.315	75.325	75.295	75.295	5
2025-02-18 07:45	75.300	75.305	75.243	75.255	5
2025-02-18 07:50	75.250	75.305	75.245	75.305	5
2025-02-18 07:55	75.295	75.425	75.290	75.375	5
2025-02-18 08:00	75.380	75.425	75.365	75.380	5
2025-02-18 08:05	75.390	75.405	75.345	75.355	5
2025-02-18 08:10	75.360	75.375	75.335	75.335	5
2025-02-18 08:15	75.340	75.345	75.275	75.320	5
2025-02-18 08:20	75.325	75.375	75.305	75.335	5
2025-02-18 08:25	75.330	75.435	75.245	75.435	5
2025-02-18 08:30	75.455	75.455	75.335	75.375	5
2025-02-18 08:35	75.365	75.395	75.350	75.375	5
2025-02-18 08:40	75.385	75.520	75.375	75.520	5
2025-02-18 08:45	75.510	75.535	75.445	75.510	5
2025-02-18 08:50	75.505	75.545	75.485	75.530	5
2025-02-18 08:55	75.535	75.575	75.510	75.560	5
2025-02-18 09:00	75.565	75.630	75.535	75.595	5
2025-02-18 09:05	75.600	75.675	75.600	75.665	5
2025-02-18 09:10	75.660	75.665	75.595	75.645	5
2025-02-18 09:15	75.635	75.675	75.625	75.655	5
2025-02-18 09:20	75.665	75.745	75.665	75.685	5
2025-02-18 09:25	75.695	75.700	75.655	75.685	5
2025-02-18 09:30	75.690	75.785	75.685	75.750	5
2025-02-18 09:35	75.745	75.865	75.730	75.845	5
2025-02-18 09:40	75.835	75.850	75.715	75.745	5
2025-02-18 09:45	75.755	75.785	75.735	75.745	5
2025-02-18 09:50	75.750	75.815	75.725	75.805	5
2025-02-18 09:55	75.810	75.810	75.535	75.550	5
2025-02-18 10:00	75.545	75.580	75.475	75.565	5
2025-02-18 10:05	75.570	75.655	75.550	75.605	5
2025-02-18 10:10	75.610	75.675	75.605	75.625	5
2025-02-18 10:15	75.630	75.685	75.595	75.655	5
2025-02-18 10:20	75.650	75.730	75.645	75.730	5
2025-02-18 10:25	75.745	75.825	75.725	75.815	5
2025-02-18 10:30	75.810	75.865	75.765	75.855	5
2025-02-18 10:35	75.870	75.947	75.835	75.915	4
2025-02-18 10:40	75.935	76.030	75.925	76.020	5
2025-02-18 10:45	76.025	76.045	75.915	75.915	5
2025-02-18 10:50	75.920	75.955	75.855	75.865	5
2025-02-18 10:55	75.870	75.895	75.805	75.835	5
2025-02-18 11:00	75.830	75.830	75.715	75.735	5
2025-02-18 11:05	75.720	75.745	75.645	75.735	5
2025-02-18 11:10	75.725	75.735	75.695	75.700	5
2025-02-18 11:15	75.695	75.695	75.605	75.605	5
2025-02-18 11:20	75.600	75.655	75.600	75.650	5
2025-02-18 11:25	75.645	75.650	75.575	75.620	5
2025-02-18 11:30	75.625	75.625	75.515	75.540	5
2025-02-18 11:35	75.535	75.535	75.415	75.445	5
2025-02-18 11:40	75.435	75.445	75.375	75.390	5
2025-02-18 11:45	75.385	75.450	75.355	75.450	5
2025-02-18 11:50	75.445	75.455	75.355	75.355	5
2025-02-18 11:55	75.350	75.355	75.230	75.255	5
2025-02-18 12:00	75.265	75.355	75.250	75.305	5
2025-02-18 12:05	75.315	75.325	75.050	75.200	5
2025-02-18 12:10	75.205	75.305	75.135	75.265	5
2025-02-18 12:15	75.260	75.300	75.215	75.270	5
2025-02-18 12:20	75.265	75.310	75.190	75.190	5
2025-02-18 12:25	75.195	75.235	75.135	75.170	5
2025-02-18 12:30	75.175	75.195	75.115	75.135	5
2025-02-18 12:35	75.145	75.185	75.095	75.175	5
2025-02-18 12:40	75.165	75.225	75.105	75.135	5
2025-02-18 12:45	75.130	75.220	75.045	75.065	5
2025-02-18 12:50	75.075	75.125	75.065	75.105	5
2025-02-18 12:55	75.095	75.115	75.065	75.090	5
2025-02-18 13:00	75.095	75.175	75.065	75.170	5
2025-02-18 13:05	75.165	75.220	75.125	75.155	5
2025-02-18 13:10	75.140	75.145	74.995	75.005	5
2025-02-18 13:15	74.995	75.050	74.885	75.045	5
2025-02-18 13:20	75.065	75.135	74.975	75.095	5
2025-02-18 13:25	75.090	75.245	75.075	75.150	5
2025-02-18 13:30	75.155	75.190	75.125	75.140	5
2025-02-18 13:35	75.135	75.265	75.125	75.225	5
2025-02-18 13:40	75.220	75.245	75.165	75.170	5
2025-02-18 13:45	75.165	75.170	75.085	75.095	5
2025-02-18 13:50	75.105	75.140	75.045	75.085	5
2025-02-18 13:55	75.090	75.105	74.945	74.980	5
2025-02-18 14:00	74.975	75.195	74.935	75.065	5
2025-02-18 14:05	75.060	75.255	75.030	75.250	5
2025-02-18 14:10	75.255	75.365	75.235	75.335	5
2025-02-18 14:15	75.315	75.395	75.295	75.365	5
2025-02-18 14:20	75.360	75.540	75.355	75.455	5
2025-02-18 14:25	75.460	75.505	75.435	75.465	5
2025-02-18 14:30	75.455	75.485	75.255	75.305	5
2025-02-18 14:35	75.310	75.350	75.255	75.270	5
2025-02-18 14:40	75.265	75.325	75.200	75.210	5
2025-02-18 14:45	75.205	75.325	75.145	75.325	5
2025-02-18 14:50	75.320	75.435	75.315	75.375	5
2025-02-18 14:55	75.380	75.455	75.330	75.405	5
2025-02-18 15:00	75.395	75.525	75.385	75.500	5
2025-02-18 15:05	75.505	75.555	75.495	75.540	5
2025-02-18 15:10	75.535	75.555	75.435	75.445	5
2025-02-18 15:15	75.440	75.480	75.395	75.415	5
2025-02-18 15:20	75.410	75.500	75.410	75.435	5
2025-02-18 15:25	75.440	75.515	75.440	75.500	5
2025-02-18 15:30	75.495	75.680	75.475	75.665	5
2025-02-18 15:35	75.675	75.685	75.515	75.525	5
2025-02-18 15:40	75.530	75.540	75.395	75.405	5
2025-02-18 15:45	75.415	75.420	75.265	75.395	5
2025-02-18 15:50	75.400	75.405	75.215	75.265	5
2025-02-18 15:55	75.270	75.455	75.265	75.425	5
2025-02-18 16:00	75.435	75.585	75.425	75.550	5
2025-02-18 16:05	75.555	75.725	75.555	75.655	5
2025-02-18 16:10	75.645	75.670	75.550	75.565	5
2025-02-18 16:15	75.570	75.655	75.525	75.535	5
2025-02-18 16:20	75.525	75.595	75.515	75.595	5
2025-02-18 16:25	75.605	75.680	75.545	75.595	5
2025-02-18 16:30	75.605	75.655	75.560	75.645	5
2025-02-18 16:35	75.625	75.640	75.575	75.630	5
2025-02-18 16:40	75.625	75.685	75.625	75.635	5
2025-02-18 16:45	75.630	75.690	75.565	75.675	5
2025-02-18 16:50	75.680	75.735	75.635	75.655	5
2025-02-18 16:55	75.650	75.665	75.585	75.645	5
2025-02-18 17:00	75.640	75.735	75.635	75.735	5
2025-02-18 17:05	75.740	75.765	75.705	75.735	5
2025-02-18 17:10	75.740	75.740	75.585	75.600	5
2025-02-18 17:15	75.595	75.655	75.595	75.645	5
2025-02-18 17:20	75.635	75.650	75.555	75.565	5
2025-02-18 17:25	75.555	75.605	75.535	75.590	5
2025-02-18 17:30	75.580	75.605	75.500	75.595	5
2025-02-18 17:35	75.600	75.615	75.535	75.550	5
2025-02-18 17:40	75.545	75.565	75.505	75.555	5
2025-02-18 17:45	75.535	75.595	75.515	75.555	5
2025-02-18 17:50	75.565	75.575	75.495	75.515	5
2025-02-18 17:55	75.510	75.525	75.455	75.475	5
2025-02-18 18:00	75.465	75.475	75.315	75.360	5
2025-02-18 18:05	75.365	75.575	75.365	75.565	5
2025-02-18 18:10	75.575	75.745	75.575	75.745	5
2025-02-18 18:15	75.735	75.795	75.695	75.735	5
2025-02-18 18:20	75.730	75.785	75.730	75.755	5
2025-02-18 18:25	75.760	75.845	75.750	75.835	5
2025-02-18 18:30	75.830	75.855	75.795	75.805	5
2025-02-18 18:35	75.800	75.835	75.785	75.805	5
2025-02-18 18:40	75.810	75.855	75.795	75.835	5
2025-02-18 18:45	75.830	75.865	75.800	75.855	5
2025-02-18 18:50	75.860	75.865	75.805	75.815	5
2025-02-18 18:55	75.820	75.845	75.785	75.805	5
2025-02-18 19:00	75.795	75.835	75.745	75.765	5
2025-02-18 19:05	75.785	75.825	75.735	75.745	5
2025-02-18 19:10	75.735	75.790	75.715	75.715	5
2025-02-18 19:15	75.710	75.765	75.675	75.685	5
2025-02-18 19:20	75.675	75.805	75.675	75.790	5
2025-02-18 19:25	75.795	75.855	75.775	75.835	5
2025-02-18 19:30	75.840	75.840	75.745	75.765	5
2025-02-18 19:35	75.760	75.785	75.735	75.755	5
2025-02-18 19:40	75.760	75.765	75.725	75.760	5
2025-02-18 19:45	75.765	75.785	75.740	75.775	5
2025-02-18 19:50	75.785	75.795	75.755	75.790	5
2025-02-18 19:55	75.785	75.795	75.775	75.790	5
2025-02-18 20:00	75.785	75.805	75.760	75.780	5
2025-02-18 20:05	75.775	75.790	75.770	75.785	5
2025-02-18 20:10	75.790	75.795	75.765	75.770	5
2025-02-18 20:15	75.765	75.765	75.735	75.760	5
2025-02-18 20:20	75.765	75.795	75.765	75.780	5
2025-02-18 20:25	75.775	75.780	75.755	75.765	5
2025-02-18 20:30	75.770	75.780	75.735	75.735	4
2025-02-18 20:35	75.740	75.755	75.725	75.755	5
2025-02-18 20:40	75.750	75.770	75.750	75.750	5
2025-02-18 20:45	75.755	75.770	75.755	75.755	4
2025-02-18 20:50	75.750	75.750	75.725	75.735	5
2025-02-18 20:55	75.730	75.745	75.725	75.735	5
2025-02-18 21:00	75.740	75.740	75.702	75.712	5
2025-02-18 21:05	75.717	75.737	75.712	75.717	5
2025-02-18 21:10	75.712	75.732	75.707	75.732	5
2025-02-18 21:15	75.737	75.742	75.713	75.732	4
2025-02-18 21:20	75.742	75.787	75.737	75.772	4
2025-02-18 21:25	75.762	75.762	75.752	75.752	4
2025-02-18 21:30	75.757	75.792	75.752	75.767	5
2025-02-18 21:35	75.772	75.802	75.772	75.777	4
2025-02-18 21:40	75.772	75.782	75.762	75.772	5
2025-02-18 21:45	75.767	75.797	75.762	75.762	5
2025-02-18 21:50	75.767	75.772	75.752	75.762	5
2025-02-18 21:55	75.767	75.787	75.748	75.762	5
2025-02-19 01:00	75.807	75.850	75.780	75.830	5
2025-02-19 01:05	75.825	75.855	75.800	75.850	5
2025-02-19 01:10	75.855	75.905	75.855	75.895	5
2025-02-19 01:15	75.900	76.005	75.900	75.985	5
2025-02-19 01:20	75.980	75.985	75.885	75.890	5
2025-02-19 01:25	75.885	75.935	75.885	75.920	5
2025-02-19 01:30	75.915	75.935	75.885	75.930	5
2025-02-19 01:35	75.935	75.995	75.930	75.985	5
2025-02-19 01:40	75.995	76.045	75.970	76.010	5
2025-02-19 01:45	76.015	76.030	75.990	76.000	5
2025-02-19 01:50	76.005	76.025	75.990	75.990	5
2025-02-19 01:55	75.995	76.005	75.965	75.965	5
2025-02-19 02:00	75.970	76.010	75.935	75.935	5
2025-02-19 02:05	75.930	75.975	75.915	75.955	5
2025-02-19 02:10	75.950	75.960	75.905	75.925	5
2025-02-19 02:15	75.920	76.010	75.920	76.010	5
2025-02-19 02:20	76.005	76.010	75.965	75.970	5
2025-02-19 02:25	75.965	75.975	75.965	75.970	5
2025-02-19 02:30	75.965	75.970	75.905	75.925	5
2025-02-19 02:35	75.920	75.925	75.900	75.910	5
2025-02-19 02:40	75.915	75.915	75.845	75.860	5
2025-02-19 02:45	75.865	75.890	75.855	75.855	5
2025-02-19 02:50	75.860	75.895	75.855	75.885	5
2025-02-19 02:55	75.880	75.900	75.875	75.895	5
2025-02-19 03:00	75.890	75.895	75.865	75.870	5
2025-02-19 03:05	75.880	75.880	75.835	75.860	5
2025-02-19 03:10	75.865	75.880	75.855	75.865	5
2025-02-19 03:15	75.870	75.895	75.865	75.885	5
2025-02-19 03:20	75.890	75.890	75.870	75.870	5
2025-02-19 03:25	75.875	75.885	75.840	75.850	5
2025-02-19 03:30	75.855	75.890	75.855	75.890	5
2025-02-19 03:35	75.885	75.890	75.880	75.885	4
2025-02-19 03:40	75.880	75.885	75.855	75.870	5
2025-02-19 03:45	75.875	75.875	75.835	75.835	5
2025-02-19 03:50	75.830	75.850	75.825	75.835	5
2025-02-19 03:55	75.840	75.855	75.803	75.850	5
2025-02-19 04:00	75.845	75.850	75.840	75.840	4
2025-02-19 04:05	75.835	75.840	75.815	75.835	5
2025-02-19 04:10	75.830	75.845	75.825	75.845	5
2025-02-19 04:15	75.840	75.865	75.835	75.855	5
2025-02-19 04:20	75.860	75.860	75.850	75.855	4
2025-02-19 04:25	75.860	75.880	75.845	75.865	5
2025-02-19 04:30	75.860	75.895	75.838	75.895	5
2025-02-19 04:35	75.848	75.930	75.838	75.930	5
2025-02-19 04:40	75.925	75.945	75.920	75.940	4
2025-02-19 04:45	75.945	75.975	75.945	75.950	5
2025-02-19 04:50	75.945	75.955	75.925	75.940	5
2025-02-19 04:55	75.945	75.955	75.940	75.945	5
2025-02-19 05:00	75.950	75.950	75.935	75.940	4
2025-02-19 05:05	75.945	75.965	75.935	75.955	5
2025-02-19 05:10	75.960	75.975	75.955	75.960	5
2025-02-19 05:15	75.970	75.975	75.928	75.965	5
2025-02-19 05:20	75.970	75.980	75.955	75.955	5
2025-02-19 05:25	75.950	75.970	75.940	75.960	5
2025-02-19 05:30	75.965	76.005	75.955	75.995	5
2025-02-19 05:35	75.990	76.045	75.985	76.035	5
2025-02-19 05:40	76.030	76.035	76.000	76.005	5
2025-02-19 05:45	76.000	76.035	76.000	76.035	4
2025-02-19 05:50	76.030	76.045	76.030	76.045	5
2025-02-19 05:55	76.040	76.045	76.035	76.045	3
2025-02-19 06:00	76.040	76.045	75.995	76.020	5
2025-02-19 06:05	76.025	76.045	76.020	76.040	5
2025-02-19 06:10	76.045	76.045	76.025	76.040	5
2025-02-19 06:15	76.045	76.045	76.005	76.040	5
2025-02-19 06:20	76.045	76.045	76.025	76.035	5
2025-02-19 06:25	76.040	76.075	76.040	76.070	4
2025-02-19 06:30	76.075	76.075	76.045	76.060	5
2025-02-19 06:35	76.065	76.075	76.035	76.055	5
2025-02-19 06:40	76.045	76.075	76.045	76.065	5
2025-02-19 06:45	76.070	76.075	76.045	76.075	5
2025-02-19 06:50	76.070	76.075	76.055	76.065	5
2025-02-19 06:55	76.070	76.115	76.065	76.110	5
2025-02-19 07:00	76.105	76.205	76.105	76.200	5
2025-02-19 07:05	76.205	76.205	76.145	76.150	5
2025-02-19 07:10	76.155	76.165	76.145	76.150	5
2025-02-19 07:15	76.155	76.225	76.145	76.225	5
2025-02-19 07:20	76.235	76.245	76.225	76.235	5
2025-02-19 07:25	76.245	76.290	76.235	76.275	5
2025-02-19 07:30	76.265	76.330	76.265	76.325	5
2025-02-19 07:35	76.330	76.330	76.265	76.275	5
2025-02-19 07:40	76.270	76.325	76.270	76.300	5
2025-02-19 07:45	76.295	76.325	76.280	76.315	5
2025-02-19 07:50	76.320	76.335	76.305	76.315	5
2025-02-19 07:55	76.320	76.320	76.250	76.265	5
2025-02-19 08:00	76.260	76.315	76.260	76.285	5
2025-02-19 08:05	76.280	76.305	76.165	76.195	5
2025-02-19 08:10	76.205	76.245	76.195	76.200	5
2025-02-19 08:15	76.205	76.300	76.200	76.275	5
2025-02-19 08:20	76.270	76.325	76.265	76.285	5
2025-02-19 08:25	76.280	76.415	76.275	76.405	5
2025-02-19 08:30	76.395	76.395	76.325	76.355	5
2025-02-19 08:35	76.345	76.395	76.335	76.375	5
2025-02-19 08:40	76.370	76.385	76.355	76.375	5
2025-02-19 08:45	76.355	76.425	76.350	76.405	5
2025-02-19 08:50	76.400	76.425	76.375	76.425	5
2025-02-19 08:55	76.435	76.445	76.415	76.420	5
2025-02-19 09:00	76.425	76.455	76.380	76.385	5
2025-02-19 09:05	76.390	76.430	76.365	76.405	5
2025-02-19 09:10	76.395	76.405	76.345	76.355	5
2025-02-19 09:15	76.375	76.375	76.295	76.315	5
2025-02-19 09:20	76.320	76.375	76.315	76.360	5
2025-02-19 09:25	76.355	76.400	76.345	76.355	5
2025-02-19 09:30	76.360	76.395	76.315	76.385	5
2025-02-19 09:35	76.380	76.385	76.295	76.310	5
2025-02-19 09:40	76.315	76.365	76.305	76.350	5
2025-02-19 09:45	76.355	76.375	76.335	76.375	5
2025-02-19 09:50	76.370	76.425	76.365	76.425	5
2025-02-19 09:55	76.420	76.425	76.395	76.405	5
2025-02-19 10:00	76.395	76.415	76.340	76.355	5
2025-02-19 10:05	76.370	76.455	76.370	76.435	5
2025-02-19 10:10	76.440	76.455	76.415	76.435	5
2025-02-19 10:15	76.440	76.555	76.440	76.555	5
2025-02-19 10:20	76.550	76.555	76.475	76.475	5
2025-02-19 10:25	76.480	76.515	76.435	76.510	5
2025-02-19 10:30	76.505	76.505	76.355	76.360	5
2025-02-19 10:35	76.365	76.365	76.245	76.265	5
2025-02-19 10:40	76.245	76.265	76.175	76.185	5
2025-02-19 10:45	76.195	76.225	76.130	76.165	5
2025-02-19 10:50	76.175	76.215	76.175	76.205	5
2025-02-19 10:55	76.215	76.265	76.210	76.235	5
2025-02-19 11:00	76.240	76.295	76.175	76.185	5
2025-02-19 11:05	76.175	76.235	76.175	76.210	5
2025-02-19 11:10	76.215	76.255	76.205	76.225	5
2025-02-19 11:15	76.220	76.245	76.205	76.240	5
2025-02-19 11:20	76.245	76.350	76.225	76.345	5
2025-02-19 11:25	76.340	76.345	76.285	76.305	5
2025-02-19 11:30	76.315	76.425	76.285	76.425	5
2025-02-19 11:35	76.435	76.480	76.395	76.460	5
2025-02-19 11:40	76.465	76.495	76.455	76.475	5
2025-02-19 11:45	76.460	76.510	76.445	76.445	5
2025-02-19 11:50	76.440	76.475	76.410	76.435	5
2025-02-19 11:55	76.440	76.460	76.425	76.445	5
2025-02-19 12:00	76.465	76.465	76.345	76.365	5
2025-02-19 12:05	76.370	76.425	76.335	76.405	5
2025-02-19 12:10	76.400	76.425	76.385	76.385	5
2025-02-19 12:15	76.375	76.455	76.375	76.450	5
2025-02-19 12:20	76.445	76.455	76.370	76.370	5
2025-02-19 12:25	76.365	76.435	76.365	76.405	5
2025-02-19 12:30	76.425	76.425	76.345	76.345	5
2025-02-19 12:35	76.355	76.375	76.305	76.315	5
2025-02-19 12:40	76.320	76.335	76.295	76.325	5
2025-02-19 12:45	76.320	76.345	76.310	76.335	5
2025-02-19 12:50	76.340	76.365	76.320	76.345	5
2025-02-19 12:55	76.340	76.340	76.295	76.295	5
2025-02-19 13:00	76.285	76.365	76.285	76.335	5
2025-02-19 13:05	76.345	76.405	76.325	76.335	5
2025-02-19 13:10	76.330	76.505	76.330	76.500	5
2025-02-19 13:15	76.505	76.505	76.395	76.435	5
2025-02-19 13:20	76.440	76.450	76.415	76.450	5
2025-02-19 13:25	76.455	76.515	76.455	76.515	5
2025-02-19 13:30	76.505	76.530	76.445	76.515	5
2025-02-19 13:35	76.520	76.525	76.455	76.465	5
2025-02-19 13:40	76.475	76.495	76.415	76.465	5
2025-02-19 13:45	76.460	76.515	76.405	76.435	5
2025-02-19 13:50	76.425	76.445	76.365	76.430	5
2025-02-19 13:55	76.425	76.465	76.385	76.415	5
2025-02-19 14:00	76.425	76.595	76.385	76.585	5
2025-02-19 14:05	76.595	76.605	76.505	76.535	5
2025-02-19 14:10	76.540	76.620	76.515	76.605	5
2025-02-19 14:15	76.610	76.655	76.585	76.625	5
2025-02-19 14:20	76.620	76.675	76.605	76.645	5
2025-02-19 14:25	76.650	76.715	76.645	76.685	5
2025-02-19 14:30	76.695	76.725	76.655	76.695	5
2025-02-19 14:35	76.685	76.735	76.665	76.715	5
2025-02-19 14:40	76.725	76.795	76.615	76.640	5
2025-02-19 14:45	76.635	76.695	76.615	76.665	5
2025-02-19 14:50	76.675	76.695	76.605	76.615	5
2025-02-19 14:55	76.625	76.735	76.615	76.730	5
2025-02-19 15:00	76.725	76.735	76.620	76.665	5
2025-02-19 15:05	76.670	76.705	76.605	76.645	5
2025-02-19 15:10	76.655	76.760	76.645	76.740	5
2025-02-19 15:15	76.745	76.745	76.605	76.605	5
2025-02-19 15:20	76.615	76.645	76.565	76.605	5
2025-02-19 15:25	76.615	76.625	76.570	76.595	5
2025-02-19 15:30	76.590	76.590	76.385	76.505	5
2025-02-19 15:35	76.500	76.545	76.405	76.435	5
2025-02-19 15:40	76.445	76.445	76.245	76.250	5
2025-02-19 15:45	76.260	76.295	76.170	76.215	5
2025-02-19 15:50	76.205	76.225	76.120	76.225	5
2025-02-19 15:55	76.220	76.285	76.145	76.175	5
2025-02-19 16:00	76.185	76.295	76.185	76.285	5
2025-02-19 16:05	76.290	76.455	76.275	76.405	5
2025-02-19 16:10	76.415	76.425	76.255	76.285	5
2025-02-19 16:15	76.280	76.375	76.250	76.375	5
2025-02-19 16:20	76.380	76.505	76.360	76.475	5
2025-02-19 16:25	76.470	76.540	76.380	76.395	5
2025-02-19 16:30	76.405	76.490	76.390	76.435	5
2025-02-19 16:35	76.430	76.455	76.405	76.455	5
2025-02-19 16:40	76.465	76.475	76.385	76.430	5
2025-02-19 16:45	76.435	76.440	76.345	76.355	5
2025-02-19 16:50	76.365	76.375	76.265	76.285	5
2025-02-19 16:55	76.275	76.295	76.225	76.235	5
2025-02-19 17:00	76.225	76.325	76.205	76.325	5
2025-02-19 17:05	76.320	76.335	76.295	76.305	5
2025-02-19 17:10	76.315	76.345	76.295	76.315	5
2025-02-19 17:15	76.325	76.345	76.270	76.275	5
2025-02-19 17:20	76.265	76.270	76.215	76.215	5
2025-02-19 17:25	76.205	76.215	76.170	76.195	5
2025-02-19 17:30	76.185	76.225	76.155	76.225	5
2025-02-19 17:35	76.215	76.255	76.175	76.225	5
2025-02-19 17:40	76.230	76.245	76.190	76.225	5
2025-02-19 17:45	76.235	76.260	76.205	76.235	5
2025-02-19 17:50	76.245	76.245	76.160	76.185	5
2025-02-19 17:55	76.195	76.255	76.165	76.185	5
2025-02-19 18:00	76.175	76.215	76.170	76.185	5
2025-02-19 18:05	76.175	76.190	76.111	76.125	5
2025-02-19 18:10	76.115	76.130	75.955	76.005	5
2025-02-19 18:15	76.000	76.015	75.975	75.990	5
2025-02-19 18:20	75.985	76.005	75.910	75.910	5
2025-02-19 18:25	75.910	75.965	75.910	75.945	5
2025-02-19 18:30	75.935	76.010	75.930	75.975	5
2025-02-19 18:35	75.965	76.025	75.955	75.995	5
2025-02-19 18:40	76.005	76.005	75.945	75.970	5
2025-02-19 18:45	75.965	75.975	75.945	75.950	5
2025-02-19 18:50	75.955	75.955	75.910	75.910	5
2025-02-19 18:55	75.915	75.960	75.915	75.940	5
2025-02-19 19:00	75.945	76.025	75.910	76.015	5
2025-02-19 19:05	76.005	76.095	76.005	76.055	5
2025-02-19 19:10	76.050	76.080	75.995	76.015	5
2025-02-19 19:15	76.010	76.035	75.955	76.005	5
2025-02-19 19:20	76.010	76.035	75.955	75.985	5
2025-02-19 19:25	75.980	76.050	75.955	75.995	5
2025-02-19 19:30	76.000	76.035	75.975	76.030	5
2025-02-19 19:35	76.035	76.045	75.980	75.985	5
2025-02-19 19:40	75.990	76.025	75.985	76.025	5
2025-02-19 19:45	76.015	76.025	76.005	76.015	5
2025-02-19 19:50	76.010	76.035	76.010	76.010	5
2025-02-19 19:55	76.005	76.035	76.005	76.015	5
2025-02-19 20:00	76.010	76.050	75.995	76.045	4
2025-02-19 20:05	76.055	76.085	76.055	76.070	3
2025-02-19 20:10	76.065	76.075	76.045	76.070	5
2025-02-19 20:15	76.065	76.080	76.065	76.075	5
2025-02-19 20:20	76.065	76.080	76.055	76.075	4
2025-02-19 20:25	76.080	76.090	76.075	76.075	5
2025-02-19 20:30	76.065	76.110	76.065	76.085	4
2025-02-19 20:35	76.075	76.085	76.065	76.075	5
2025-02-19 20:40	76.085	76.095	76.075	76.085	4
2025-02-19 20:45	76.075	76.115	76.075	76.115	5
2025-02-19 20:50	76.110	76.115	76.095	76.095	5
2025-02-19 20:55	76.100	76.100	76.075	76.085	4
2025-02-19 21:00	76.095	76.095	76.057	76.072	5
2025-02-19 21:05	76.092	76.092	76.072	76.072	4
2025-02-19 21:10	76.077	76.092	76.072	76.082	5
2025-02-19 21:15	76.077	76.077	76.052	76.072	5
2025-02-19 21:20	76.082	76.142	76.067	76.132	5
2025-02-19 21:25	76.127	76.137	76.088	76.088	4
2025-02-19 21:30	76.087	76.102	75.947	75.987	5
2025-02-19 21:35	75.977	76.037	75.942	76.027	5
2025-02-19 21:40	76.032	76.052	76.017	76.037	5
2025-02-19 21:45	76.047	76.067	76.002	76.027	5
2025-02-19 21:50	76.032	76.032	76.007	76.012	5
2025-02-19 21:55	75.992	76.037	75.962	76.037	5
2025-02-20 01:00	76.027	76.090	76.027	76.075	5
2025-02-20 01:05	76.070	76.095	76.005	76.025	5
2025-02-20 01:10	76.020	76.020	75.985	75.995	5
2025-02-20 01:15	75.990	76.005	75.965	75.965	4
2025-02-20 01:20	75.970	75.975	75.925	75.925	4
2025-02-20 01:25	75.920	75.925	75.785	75.795	5
2025-02-20 01:30	75.800	75.835	75.785	75.815	5
2025-02-20 01:35	75.820	75.890	75.795	75.855	5
2025-02-20 01:40	75.860	75.860	75.765	75.765	5
2025-02-20 01:45	75.770	75.785	75.745	75.775	5
2025-02-20 01:50	75.780	75.810	75.765	75.800	5
2025-02-20 01:55	75.795	75.805	75.780	75.785	4
2025-02-20 02:00	75.765	75.835	75.765	75.835	5
2025-02-20 02:05	75.830	75.835	75.775	75.790	5
2025-02-20 02:10	75.795	75.810	75.785	75.785	5
2025-02-20 02:15	75.790	75.790	75.760	75.785	5
2025-02-20 02:20	75.775	75.785	75.775	75.785	2
2025-02-20 02:25	75.800	75.800	75.735	75.740	5
2025-02-20 02:30	75.745	75.795	75.745	75.785	5
2025-02-20 02:35	75.790	75.840	75.760	75.830	4
2025-02-20 02:40	75.825	75.830	75.795	75.805	4
2025-02-20 02:45	75.810	75.820	75.795	75.800	5
2025-02-20 02:50	75.805	75.825	75.768	75.805	5
2025-02-20 02:55	75.810	75.815	75.785	75.805	5
2025-02-20 03:00	75.810	75.815	75.785	75.805	5
2025-02-20 03:05	75.810	75.820	75.745	75.760	5
2025-02-20 03:10	75.755	75.765	75.740	75.765	3
2025-02-20 03:15	75.770	75.770	75.745	75.760	5
2025-02-20 03:20	75.755	75.785	75.755	75.770	5
2025-02-20 03:25	75.765	75.770	75.750	75.755	4
2025-02-20 03:30	75.750	75.775	75.728	75.770	5
2025-02-20 03:35	75.765	75.780	75.728	75.780	4
2025-02-20 03:40	75.775	75.785	75.755	75.755	5
2025-02-20 03:45	75.760	75.775	75.755	75.775	4
2025-02-20 03:50	75.728	75.775	75.728	75.770	5
2025-02-20 03:55	75.775	75.780	75.718	75.775	5
2025-02-20 04:00	75.785	75.790	75.735	75.735	5
2025-02-20 04:05	75.740	75.765	75.698	75.765	5
2025-02-20 04:10	75.718	75.765	75.705	75.715	4
2025-02-20 04:15	75.705	75.725	75.705	75.720	4
2025-02-20 04:20	75.715	75.720	75.700	75.715	3
2025-02-20 04:25	75.720	75.725	75.715	75.725	5
2025-02-20 04:30	75.715	75.725	75.715	75.725	4
2025-02-20 04:35	75.715	75.715	75.700	75.710	3
2025-02-20 04:40	75.715	75.725	75.705	75.715	5
2025-02-20 04:45	75.720	75.725	75.715	75.725	4
2025-02-20 04:50	75.730	75.735	75.683	75.735	4
2025-02-20 04:55	75.740	75.745	75.715	75.715	4
2025-02-20 05:00	75.720	75.725	75.705	75.720	5
2025-02-20 05:05	75.715	75.735	75.715	75.725	4
2025-02-20 05:10	75.678	75.735	75.678	75.725	5
2025-02-20 05:15	75.730	75.755	75.725	75.755	5
2025-02-20 05:20	75.745	75.765	75.745	75.755	5
2025-02-20 05:25	75.708	75.780	75.708	75.775	5
2025-02-20 05:30	75.780	75.845	75.780	75.830	5
2025-02-20 05:35	75.825	75.835	75.815	75.830	5
2025-02-20 05:40	75.825	75.830	75.805	75.825	5
2025-02-20 05:45	75.830	75.835	75.805	75.805	5
2025-02-20 05:50	75.815	75.840	75.778	75.835	5
2025-02-20 05:55	75.830	75.865	75.825	75.855	5
2025-02-20 06:00	75.860	75.885	75.855	75.870	5
2025-02-20 06:05	75.865	75.875	75.855	75.865	5
2025-02-20 06:10	75.875	75.935	75.875	75.920	5
2025-02-20 06:15	75.915	75.925	75.915	75.920	5
2025-02-20 06:20	75.915	75.925	75.865	75.875	5
2025-02-20 06:25	75.870	75.955	75.870	75.950	5
2025-02-20 06:30	75.955	76.040	75.955	76.040	5
2025-02-20 06:35	76.035	76.045	76.005	76.025	5
2025-02-20 06:40	76.030	76.030	75.990	76.000	5
2025-02-20 06:45	75.995	76.005	75.975	75.980	5
2025-02-20 06:50	75.975	75.995	75.975	75.985	5
2025-02-20 06:55	75.980	75.980	75.945	75.950	5
2025-02-20 07:00	75.955	75.985	75.925	75.975	5
2025-02-20 07:05	75.985	76.010	75.980	76.005	5
2025-02-20 07:10	76.010	76.115	76.005	76.105	5
2025-02-20 07:15	76.110	76.125	76.085	76.095	5
2025-02-20 07:20	76.090	76.105	76.065	76.080	5
2025-02-20 07:25	76.075	76.095	76.055	76.075	5
2025-02-20 07:30	76.080	76.185	76.080	76.180	5
2025-02-20 07:35	76.175	76.225	76.175	76.215	5
2025-02-20 07:40	76.225	76.245	76.185	76.215	5
2025-02-20 07:45	76.205	76.255	76.200	76.205	5
2025-02-20 07:50	76.210	76.235	76.195	76.220	5
2025-02-20 07:55	76.215	76.275	76.215	76.255	5
2025-02-20 08:00	76.250	76.285	76.120	76.155	5
2025-02-20 08:05	76.145	76.205	76.145	76.205	5
2025-02-20 08:10	76.200	76.235	76.175	76.225	5
2025-02-20 08:15	76.215	76.225	76.155	76.175	5
2025-02-20 08:20	76.180	76.185	76.140	76.155	5
2025-02-20 08:25	76.165	76.170	76.015	76.135	5
2025-02-20 08:30	76.125	76.125	75.910	75.915	5
2025-02-20 08:35	75.910	75.945	75.885	75.935	5
2025-02-20 08:40	75.930	75.930	75.825	75.840	5
2025-02-20 08:45	75.835	75.865	75.815	75.845	5
2025-02-20 08:50	75.855	75.865	75.795	75.800	5
2025-02-20 08:55	75.795	75.940	75.785	75.915	5
2025-02-20 09:00	75.920	76.045	75.915	75.925	5
2025-02-20 09:05	75.935	75.935	75.825	75.835	5
2025-02-20 09:10	75.820	75.845	75.805	75.830	5
2025-02-20 09:15	75.835	75.880	75.830	75.875	5
2025-02-20 09:20	75.865	75.895	75.825	75.885	5
2025-02-20 09:25	75.895	75.975	75.885	75.970	5
2025-02-20 09:30	75.965	76.105	75.965	76.085	5
2025-02-20 09:35	76.080	76.090	75.965	76.005	5
2025-02-20 09:40	76.010	76.075	76.005	76.065	5
2025-02-20 09:45	76.070	76.115	76.045	76.065	5
2025-02-20 09:50	76.055	76.115	76.015	76.105	5
2025-02-20 09:55	76.115	76.175	76.105	76.165	5
2025-02-20 10:00	76.170	76.205	76.015	76.015	5
2025-02-20 10:05	76.025	76.205	76.020	76.175	5
2025-02-20 10:10	76.165	76.185	76.125	76.135	5
2025-02-20 10:15	76.145	76.165	76.095	76.115	5
2025-02-20 10:20	76.110	76.135	76.035	76.065	5
2025-02-20 10:25	76.060	76.145	76.055	76.100	5
2025-02-20 10:30	76.105	76.150	76.035	76.145	5
2025-02-20 10:35	76.150	76.245	76.150	76.220	5
2025-02-20 10:40	76.215	76.245	76.185	76.245	5
2025-02-20 10:45	76.235	76.275	76.230	76.255	5
2025-02-20 10:50	76.260	76.275	76.180	76.245	5
2025-02-20 10:55	76.240	76.310	76.235	76.270	5
2025-02-20 11:00	76.265	76.295	76.200	76.215	5
2025-02-20 11:05	76.225	76.260	76.220	76.255	5
2025-02-20 11:10	76.260	76.305	76.240	76.275	5
2025-02-20 11:15	76.280	76.295	76.245	76.245	5
2025-02-20 11:20	76.250	76.295	76.245	76.250	5
2025-02-20 11:25	76.260	76.295	76.245	76.280	5
2025-02-20 11:30	76.285	76.305	76.255	76.255	5
2025-02-20 11:35	76.265	76.345	76.265	76.325	5
2025-02-20 11:40	76.315	76.340	76.295	76.305	5
2025-02-20 11:45	76.310	76.335	76.275	76.295	5
2025-02-20 11:50	76.305	76.325	76.260	76.260	5
2025-02-20 11:55	76.255	76.325	76.255	76.295	5
2025-02-20 12:00	76.290	76.320	76.215	76.235	5
2025-02-20 12:05	76.225	76.240	76.205	76.225	5
2025-02-20 12:10	76.220	76.285	76.205	76.245	5
2025-02-20 12:15	76.235	76.255	76.215	76.235	5
2025-02-20 12:20	76.225	76.295	76.215	76.245	5
2025-02-20 12:25	76.235	76.270	76.215	76.265	5
2025-02-20 12:30	76.260	76.315	76.260	76.295	5
2025-02-20 12:35	76.300	76.315	76.275	76.310	5
2025-02-20 12:40	76.315	76.430	76.295	76.425	5
2025-02-20 12:45	76.420	76.465	76.390	76.395	5
2025-02-20 12:50	76.405	76.405	76.365	76.405	5
2025-02-20 12:55	76.400	76.475	76.385	76.465	5
2025-02-20 13:00	76.460	76.515	76.350	76.360	5
2025-02-20 13:05	76.355	76.395	76.335	76.375	5
2025-02-20 13:10	76.365	76.375	76.295	76.305	5
2025-02-20 13:15	76.310	76.315	76.230	76.235	5
2025-02-20 13:20	76.240	76.395	76.235	76.385	5
2025-02-20 13:25	76.390	76.395	76.275	76.305	5
2025-02-20 13:30	76.310	76.355	76.285	76.325	5
2025-02-20 13:35	76.330	76.385	76.315	76.385	5
2025-02-20 13:40	76.390	76.445	76.375	76.395	5
2025-02-20 13:45	76.390	76.435	76.350	76.415	5
2025-02-20 13:50	76.405	76.460	76.405	76.425	5
2025-02-20 13:55	76.420	76.460	76.415	76.445	5
2025-02-20 14:00	76.435	76.455	76.325	76.350	5
2025-02-20 14:05	76.345	76.440	76.335	76.435	5
2025-02-20 14:10	76.430	76.545	76.425	76.535	5
2025-02-20 14:15	76.525	76.605	76.525	76.555	5
2025-02-20 14:20	76.550	76.595	76.535	76.575	5
2025-02-20 14:25	76.580	76.595	76.525	76.530	5
2025-02-20 14:30	76.525	76.535	76.395	76.485	5
2025-02-20 14:35	76.475	76.620	76.470	76.565	5
2025-02-20 14:40	76.575	76.595	76.535	76.565	5
2025-02-20 14:45	76.560	76.580	76.495	76.525	5
2025-02-20 14:50	76.515	76.550	76.450	76.535	5
2025-02-20 14:55	76.530	76.535	76.415	76.435	5
2025-02-20 15:00	76.425	76.490	76.310	76.465	5
2025-02-20 15:05	76.460	76.605	76.450	76.600	5
2025-02-20 15:10	76.605	76.605	76.465	76.465	5
2025-02-20 15:15	76.455	76.475	76.415	76.420	5
2025-02-20 15:20	76.415	76.485	76.400	76.475	5
2025-02-20 15:25	76.480	76.530	76.440	76.485	5
2025-02-20 15:30	76.475	76.485	76.375	76.410	5
2025-02-20 15:35	76.415	76.425	76.335	76.415	5
2025-02-20 15:40	76.410	76.575	76.395	76.525	5
2025-02-20 15:45	76.515	76.635	76.405	76.475	5
2025-02-20 15:50	76.465	76.545	76.465	76.495	5
2025-02-20 15:55	76.490	76.515	76.465	76.465	5
2025-02-20 16:00	76.470	76.550	76.440	76.535	5
2025-02-20 16:05	76.545	76.565	76.505	76.545	5
2025-02-20 16:10	76.555	76.585	76.515	76.575	5
2025-02-20 16:15	76.585	76.655	76.570	76.635	5
2025-02-20 16:20	76.640	76.675	76.615	76.640	5
2025-02-20 16:25	76.635	76.765	76.635	76.755	5
2025-02-20 16:30	76.760	76.875	76.755	76.795	5
2025-02-20 16:35	76.785	76.785	76.675	76.715	5
2025-02-20 16:40	76.705	76.765	76.675	76.750	5
2025-02-20 16:45	76.745	76.750	76.645	76.685	5
2025-02-20 16:50	76.690	76.765	76.690	76.755	5
2025-02-20 16:55	76.745	76.795	76.660	76.670	5
2025-02-20 17:00	76.675	76.845	76.615	76.845	5
2025-02-20 17:05	76.855	76.865	76.810	76.860	5
2025-02-20 17:10	76.865	76.955	76.855	76.915	5
2025-02-20 17:15	76.920	76.935	76.815	76.865	5
2025-02-20 17:20	76.860	77.025	76.860	77.015	5
2025-02-20 17:25	77.020	77.050	76.995	77.030	5
2025-02-20 17:30	77.035	77.115	77.000	77.080	5
2025-02-20 17:35	77.075	77.105	77.045	77.075	5
2025-02-20 17:40	77.080	77.095	76.825	76.835	5
2025-02-20 17:45	76.825	76.915	76.825	76.855	5
2025-02-20 17:50	76.845	76.865	76.735	76.845	5
2025-02-20 17:55	76.835	76.835	76.775	76.795	5
2025-02-20 18:00	76.785	76.815	76.750	76.805	5
2025-02-20 18:05	76.815	76.895	76.760	76.785	5
2025-02-20 18:10	76.790	76.850	76.775	76.800	5
2025-02-20 18:15	76.795	76.815	76.715	76.755	5
2025-02-20 18:20	76.760	76.890	76.745	76.875	5
2025-02-20 18:25	76.865	76.985	76.860	76.975	5
2025-02-20 18:30	76.985	77.005	76.945	76.965	5
2025-02-20 18:35	76.960	77.005	76.875	76.885	5
2025-02-20 18:40	76.890	76.950	76.885	76.920	5
2025-02-20 18:45	76.925	76.995	76.925	76.975	5
2025-02-20 18:50	76.985	77.005	76.905	76.915	5
2025-02-20 18:55	76.910	76.975	76.875	76.885	5
2025-02-20 19:00	76.875	76.875	76.665	76.695	5
2025-02-20 19:05	76.700	76.705	76.460	76.465	5
2025-02-20 19:10	76.460	76.475	76.396	76.415	5
2025-02-20 19:15	76.420	76.505	76.396	76.480	5
2025-02-20 19:20	76.475	76.545	76.445	76.515	5
2025-02-20 19:25	76.520	76.535	76.405	76.455	5
2025-02-20 19:30	76.465	76.520	76.425	76.495	5
2025-02-20 19:35	76.485	76.510	76.445	76.455	5
2025-02-20 19:40	76.465	76.510	76.445	76.510	5
2025-02-20 19:45	76.515	76.555	76.495	76.500	5
2025-02-20 19:50	76.505	76.515	76.485	76.505	5
2025-02-20 19:55	76.500	76.505	76.475	76.500	5
2025-02-20 20:00	76.495	76.505	76.455	76.455	5
2025-02-20 20:05	76.460	76.495	76.455	76.475	5
2025-02-20 20:10	76.465	76.495	76.455	76.495	5
2025-02-20 20:15	76.490	76.495	76.455	76.485	5
2025-02-20 20:20	76.480	76.485	76.455	76.455	5
2025-02-20 20:25	76.460	76.465	76.413	76.415	4
2025-02-20 20:30	76.425	76.475	76.425	76.475	5
2025-02-20 20:35	76.480	76.495	76.470	76.490	5
2025-02-20 20:40	76.495	76.505	76.475	76.505	5
2025-02-20 20:45	76.500	76.505	76.460	76.470	5
2025-02-20 20:50	76.475	76.495	76.465	76.480	5
2025-02-20 20:55	76.475	76.490	76.465	76.465	5
2025-02-20 21:00	76.442	76.462	76.442	76.447	5
2025-02-20 21:05	76.442	76.462	76.437	76.457	5
2025-02-20 21:10	76.462	76.462	76.433	76.443	4
2025-02-20 21:15	76.467	76.472	76.433	76.452	4
2025-02-20 21:20	76.462	76.462	76.443	76.462	5
2025-02-20 21:25	76.467	76.467	76.438	76.447	5
2025-02-20 21:30	76.442	76.492	76.442	76.487	5
2025-02-20 21:35	76.482	76.487	76.438	76.462	5
2025-02-20 21:40	76.467	76.467	76.437	76.452	5
2025-02-20 21:45	76.457	76.542	76.452	76.527	5
2025-02-20 21:50	76.532	76.537	76.498	76.498	5
2025-02-20 21:55	76.503	76.567	76.503	76.557	5
2025-02-21 01:00	76.650	76.705	76.640	76.700	5
2025-02-21 01:05	76.695	76.725	76.675	76.725	5
2025-02-21 01:10	76.720	76.730	76.705	76.715	5
2025-02-21 01:15	76.695	76.705	76.660	76.675	5
2025-02-21 01:20	76.680	76.685	76.615	76.660	5
2025-02-21 01:25	76.655	76.655	76.568	76.610	5
2025-02-21 01:30	76.615	76.635	76.505	76.515	5
2025-02-21 01:35	76.510	76.515	76.425	76.440	5
2025-02-21 01:40	76.435	76.440	76.375	76.390	5
2025-02-21 01:45	76.385	76.415	76.365	76.370	5
2025-02-21 01:50	76.375	76.420	76.375	76.405	5
2025-02-21 01:55	76.400	76.405	76.380	76.385	5
2025-02-21 02:00	76.390	76.405	76.330	76.340	5
2025-02-21 02:05	76.335	76.395	76.330	76.370	5
2025-02-21 02:10	76.375	76.455	76.375	76.425	5
2025-02-21 02:15	76.430	76.450	76.398	76.440	4
2025-02-21 02:20	76.445	76.445	76.425	76.445	4
2025-02-21 02:25	76.398	76.455	76.398	76.435	5
2025-02-21 02:30	76.440	76.455	76.405	76.405	5
2025-02-21 02:35	76.395	76.410	76.380	76.400	5
2025-02-21 02:40	76.405	76.425	76.385	76.390	5
2025-02-21 02:45	76.395	76.395	76.350	76.355	5
2025-02-21 02:50	76.350	76.435	76.350	76.435	5
2025-02-21 02:55	76.430	76.440	76.405	76.420	5
2025-02-21 03:00	76.425	76.440	76.355	76.380	5
2025-02-21 03:05	76.385	76.405	76.380	76.385	5
2025-02-21 03:10	76.390	76.405	76.380	76.400	5
2025-02-21 03:15	76.395	76.395	76.365	76.390	5
2025-02-21 03:20	76.385	76.420	76.385	76.390	5
2025-02-21 03:25	76.385	76.390	76.360	76.380	5
2025-02-21 03:30	76.370	76.435	76.370	76.430	5
2025-02-21 03:35	76.420	76.430	76.400	76.425	5
2025-02-21 03:40	76.430	76.450	76.430	76.450	4
2025-02-21 03:45	76.445	76.465	76.410	76.420	5
2025-02-21 03:50	76.415	76.430	76.415	76.430	5
2025-02-21 03:55	76.420	76.430	76.383	76.430	5
2025-02-21 04:00	76.425	76.445	76.420	76.430	5
2025-02-21 04:05	76.425	76.425	76.410	76.410	5
2025-02-21 04:10	76.400	76.425	76.373	76.420	5
2025-02-21 04:15	76.373	76.435	76.373	76.430	4
2025-02-21 04:20	76.425	76.425	76.400	76.410	4
2025-02-21 04:25	76.415	76.445	76.393	76.440	5
2025-02-21 04:30	76.445	76.445	76.430	76.440	5
2025-02-21 04:35	76.445	76.465	76.440	76.460	4
2025-02-21 04:40	76.465	76.475	76.455	76.470	5
2025-02-21 04:45	76.465	76.465	76.418	76.440	3
2025-02-21 04:50	76.445	76.455	76.440	76.455	4
2025-02-21 04:55	76.450	76.450	76.400	76.400	5
2025-02-21 05:00	76.405	76.425	76.385	76.395	5
2025-02-21 05:05	76.390	76.390	76.345	76.360	5
2025-02-21 05:10	76.365	76.375	76.355	76.355	5
2025-02-21 05:15	76.350	76.410	76.345	76.380	5
2025-02-21 05:20	76.385	76.385	76.355	76.355	5
2025-02-21 05:25	76.350	76.360	76.298	76.345	4
2025-02-21 05:30	76.335	76.345	76.315	76.330	5
2025-02-21 05:35	76.335	76.345	76.295	76.295	5
2025-02-21 05:40	76.290	76.290	76.283	76.283	5
2025-02-21 05:45	76.285	76.305	76.283	76.283	5
2025-02-21 05:50	76.285	76.305	76.283	76.305	5
2025-02-21 05:55	76.310	76.315	76.283	76.283	5
2025-02-21 06:00	76.283	76.315	76.283	76.295	5
2025-02-21 06:05	76.290	76.300	76.283	76.300	5
2025-02-21 06:10	76.305	76.310	76.283	76.300	5
2025-02-21 06:15	76.295	76.325	76.290	76.310	5
2025-02-21 06:20	76.315	76.325	76.285	76.290	5
2025-02-21 06:25	76.285	76.320	76.285	76.315	5
2025-02-21 06:30	76.320	76.355	76.305	76.340	5
2025-02-21 06:35	76.345	76.345	76.283	76.290	5
2025-02-21 06:40	76.285	76.300	76.283	76.283	5
2025-02-21 06:45	76.285	76.295	76.283	76.283	5
2025-02-21 06:50	76.283	76.283	76.275	76.280	5
2025-02-21 06:55	76.280	76.283	76.275	76.283	5
2025-02-21 07:00	76.280	76.290	76.280	76.285	5
2025-02-21 07:05	76.283	76.295	76.283	76.285	5
2025-02-21 07:10	76.283	76.290	76.280	76.280	5
2025-02-21 07:15	76.280	76.283	76.275	76.283	5
2025-02-21 07:20	76.280	76.283	76.275	76.275	5
2025-02-21 07:25	76.275	76.283	76.275	76.283	5
2025-02-21 07:30	76.283	76.283	76.230	76.245	5
2025-02-21 07:35	76.240	76.260	76.235	76.260	5
2025-02-21 07:40	76.255	76.260	76.240	76.245	5
2025-02-21 07:45	76.250	76.255	76.230	76.240	5
2025-02-21 07:50	76.235	76.235	76.165	76.165	5
2025-02-21 07:55	76.160	76.185	76.140	76.185	5
2025-02-21 08:00	76.195	76.210	76.035	76.035	5
2025-02-21 08:05	76.030	76.040	75.995	76.015	5
2025-02-21 08:10	76.010	76.085	76.005	76.065	5
2025-02-21 08:15	76.050	76.145	76.030	76.105	5
2025-02-21 08:20	76.095	76.160	76.085	76.105	5
2025-02-21 08:25	76.115	76.165	76.095	76.150	5
2025-02-21 08:30	76.155	76.155	76.035	76.080	5
2025-02-21 08:35	76.075	76.085	76.005	76.015	5
2025-02-21 08:40	76.025	76.045	75.945	75.950	5
2025-02-21 08:45	75.945	75.955	75.875	75.905	5
2025-02-21 08:50	75.910	75.950	75.885	75.930	5
2025-02-21 08:55	75.935	75.965	75.900	75.905	5
2025-02-21 09:00	75.925	75.985	75.895	75.900	5
2025-02-21 09:05	75.895	75.940	75.885	75.915	5
2025-02-21 09:10	75.910	76.120	75.905	76.120	5
2025-02-21 09:15	76.125	76.145	75.995	76.015	5
2025-02-21 09:20	76.005	76.030	75.985	76.015	5
2025-02-21 09:25	76.020	76.045	75.995	76.035	5
2025-02-21 09:30	76.030	76.055	75.985	75.995	5
2025-02-21 09:35	75.985	76.055	75.985	76.005	5
2025-02-21 09:40	76.015	76.125	76.005	76.120	5
2025-02-21 09:45	76.125	76.160	76.105	76.145	5
2025-02-21 09:50	76.150	76.165	76.105	76.150	5
2025-02-21 09:55	76.145	76.145	76.065	76.065	5
2025-02-21 10:00	76.060	76.085	75.955	75.955	5
2025-02-21 10:05	75.945	75.960	75.895	75.900	5
2025-02-21 10:10	75.905	75.905	75.845	75.870	5
2025-02-21 10:15	75.875	75.900	75.855	75.875	5
2025-02-21 10:20	75.865	75.890	75.815	75.820	5
2025-02-21 10:25	75.825	75.915	75.820	75.860	5
2025-02-21 10:30	75.855	75.865	75.805	75.860	5
2025-02-21 10:35	75.865	75.885	75.845	75.850	5
2025-02-21 10:40	75.840	75.845	75.625	75.750	5
2025-02-21 10:45	75.755	75.820	75.710	75.755	5
2025-02-21 10:50	75.745	75.800	75.715	75.760	5
2025-02-21 10:55	75.755	75.765	75.655	75.670	5
2025-02-21 11:00	75.675	75.740	75.665	75.710	5
2025-02-21 11:05	75.705	75.810	75.705	75.805	5
2025-02-21 11:10	75.800	75.865	75.770	75.825	5
2025-02-21 11:15	75.820	75.855	75.780	75.840	5
2025-02-21 11:20	75.835	75.855	75.815	75.845	5
2025-02-21 11:25	75.850	75.875	75.800	75.820	5
2025-02-21 11:30	75.825	75.825	75.750	75.790	5
2025-02-21 11:35	75.785	75.795	75.745	75.770	5
2025-02-21 11:40	75.775	75.815	75.755	75.815	5
2025-02-21 11:45	75.810	75.860	75.755	75.760	5
2025-02-21 11:50	75.755	75.755	75.695	75.705	5
2025-02-21 11:55	75.695	75.750	75.695	75.735	5
2025-02-21 12:00	75.740	75.925	75.740	75.900	5
2025-02-21 12:05	75.905	75.955	75.845	75.930	5
2025-02-21 12:10	75.925	75.985	75.885	75.905	5
2025-02-21 12:15	75.900	75.905	75.865	75.885	5
2025-02-21 12:20	75.880	75.880	75.825	75.835	5
2025-02-21 12:25	75.825	75.850	75.810	75.820	5
2025-02-21 12:30	75.815	75.890	75.800	75.875	5
2025-02-21 12:35	75.880	75.940	75.875	75.915	5
2025-02-21 12:40	75.920	75.955	75.885	75.885	5
2025-02-21 12:45	75.880	75.930	75.845	75.930	5
2025-02-21 12:50	75.925	75.990	75.925	75.940	5
2025-02-21 12:55	75.935	75.940	75.880	75.885	5
2025-02-21 13:00	75.880	75.900	75.805	75.850	5
2025-02-21 13:05	75.855	75.935	75.820	75.925	5
2025-02-21 13:10	75.920	75.945	75.855	75.935	5
2025-02-21 13:15	75.925	75.930	75.895	75.920	5
2025-02-21 13:20	75.925	75.945	75.875	75.945	5
2025-02-21 13:25	75.940	75.995	75.915	75.990	5
2025-02-21 13:30	75.995	76.035	75.955	75.995	5
2025-02-21 13:35	76.005	76.075	76.005	76.055	5
2025-02-21 13:40	76.050	76.095	76.030	76.075	5
2025-02-21 13:45	76.070	76.145	76.065	76.115	5
2025-02-21 13:50	76.110	76.140	76.065	76.130	5
2025-02-21 13:55	76.135	76.205	76.060	76.060	5
2025-02-21 14:00	76.055	76.060	75.695	75.810	5
2025-02-21 14:05	75.805	75.840	75.593	75.650	5
2025-02-21 14:10	75.645	75.700	75.435	75.685	5
2025-02-21 14:15	75.680	75.755	75.535	75.590	5
2025-02-21 14:20	75.595	75.610	75.520	75.545	5
2025-02-21 14:25	75.535	75.600	75.497	75.497	5
2025-02-21 14:30	75.497	75.505	75.305	75.315	5
2025-02-21 14:35	75.330	75.650	75.320	75.600	5
2025-02-21 14:40	75.595	75.665	75.440	75.450	5
2025-02-21 14:45	75.445	75.510	75.390	75.470	5
2025-02-21 14:50	75.465	75.545	75.430	75.485	5
2025-02-21 14:55	75.490	75.500	75.340	75.380	5
2025-02-21 15:00	75.375	75.445	75.285	75.290	5
2025-02-21 15:05	75.285	75.330	75.255	75.310	5
2025-02-21 15:10	75.305	75.325	75.165	75.175	5
2025-02-21 15:15	75.185	75.255	75.155	75.205	5
2025-02-21 15:20	75.200	75.300	75.145	75.295	5
2025-02-21 15:25	75.300	75.355	75.145	75.155	5
2025-02-21 15:30	75.150	75.225	75.050	75.065	5
2025-02-21 15:35	75.060	75.080	74.935	74.995	5
2025-02-21 15:40	74.990	75.075	74.980	75.005	5
2025-02-21 15:45	75.015	75.075	74.965	75.015	5
2025-02-21 15:50	75.010	75.090	74.990	75.060	5
2025-02-21 15:55	75.055	75.115	75.005	75.005	5
2025-02-21 16:00	74.995	75.045	74.925	74.955	5
2025-02-21 16:05	74.950	74.990	74.940	74.980	5
2025-02-21 16:10	74.970	74.985	74.935	74.955	5
2025-02-21 16:15	74.945	74.990	74.905	74.915	5
2025-02-21 16:20	74.920	74.975	74.895	74.905	5
2025-02-21 16:25	74.910	75.025	74.885	74.990	5
2025-02-21 16:30	74.995	74.995	74.910	74.930	5
2025-02-21 16:35	74.925	75.065	74.925	74.965	5
2025-02-21 16:40	74.970	75.145	74.945	75.050	5
2025-02-21 16:45	75.055	75.150	75.020	75.050	5
2025-02-21 16:50	75.045	75.045	74.930	74.975	5
2025-02-21 16:55	74.970	75.005	74.935	74.950	5
2025-02-21 17:00	74.955	75.025	74.955	74.985	5
2025-02-21 17:05	74.995	75.030	74.915	74.915	5
2025-02-21 17:10	74.920	74.935	74.805	74.895	5
2025-02-21 17:15	74.910	74.960	74.850	74.895	5
2025-02-21 17:20	74.890	74.950	74.880	74.915	5
2025-02-21 17:25	74.920	75.005	74.915	74.970	5
2025-02-21 17:30	74.975	75.045	74.975	75.010	5
2025-02-21 17:35	75.005	75.010	74.945	74.970	5
2025-02-21 17:40	74.985	75.000	74.945	74.960	5
2025-02-21 17:45	74.965	74.975	74.920	74.955	5
2025-02-21 17:50	74.950	74.955	74.905	74.925	5
2025-02-21 17:55	74.940	74.970	74.895	74.895	5
2025-02-21 18:00	74.905	74.925	74.795	74.795	5
2025-02-21 18:05	74.805	74.840	74.755	74.755	5
2025-02-21 18:10	74.750	74.750	74.620	74.685	5
2025-02-21 18:15	74.690	74.725	74.645	74.675	5
2025-02-21 18:20	74.685	74.790	74.685	74.715	5
2025-02-21 18:25	74.710	74.720	74.620	74.625	5
2025-02-21 18:30	74.620	74.665	74.605	74.625	5
2025-02-21 18:35	74.620	74.660	74.615	74.635	5
2025-02-21 18:40	74.625	74.635	74.560	74.570	5
2025-02-21 18:45	74.575	74.595	74.555	74.595	5
2025-02-21 18:50	74.585	74.610	74.565	74.575	5
2025-02-21 18:55	74.570	74.595	74.545	74.545	5
2025-02-21 19:00	74.550	74.610	74.520	74.600	5
2025-02-21 19:05	74.595	74.605	74.545	74.560	5
2025-02-21 19:10	74.555	74.565	74.450	74.495	5
2025-02-21 19:15	74.505	74.515	74.455	74.485	5
2025-02-21 19:20	74.480	74.485	74.435	74.445	5
2025-02-21 19:25	74.450	74.470	74.380	74.390	5
2025-02-21 19:30	74.395	74.405	74.345	74.365	5
2025-02-21 19:35	74.375	74.375	74.315	74.355	5
2025-02-21 19:40	74.350	74.355	74.295	74.305	4
2025-02-21 19:45	74.300	74.345	74.300	74.335	5
2025-02-21 19:50	74.340	74.355	74.300	74.350	5
2025-02-21 19:55	74.345	74.390	74.330	74.335	5
2025-02-21 20:00	74.330	74.355	74.290	74.295	5
2025-02-21 20:05	74.285	74.305	74.245	74.300	5
2025-02-21 20:10	74.305	74.335	74.270	74.305	5
2025-02-21 20:15	74.315	74.315	74.275	74.275	5
2025-02-21 20:20	74.270	74.280	74.255	74.275	5
2025-02-21 20:25	74.285	74.295	74.255	74.255	5
2025-02-21 20:30	74.270	74.290	74.260	74.270	5
2025-02-21 20:35	74.275	74.315	74.260	74.310	5
2025-02-21 20:40	74.305	74.315	74.240	74.270	5
2025-02-21 20:45	74.275	74.285	74.255	74.265	5
2025-02-21 20:50	74.270	74.285	74.255	74.280	5
2025-02-21 20:55	74.275	74.275	74.195	74.210	5
2025-02-21 21:00	74.215	74.225	74.197	74.212	5
2025-02-21 21:05	74.217	74.237	74.187	74.202	5
2025-02-21 21:10	74.207	74.207	74.187	74.197	5
2025-02-21 21:15	74.202	74.222	74.182	74.207	5
2025-02-21 21:20	74.202	74.212	74.193	74.207	5
2025-02-21 21:25	74.202	74.222	74.197	74.202	5
2025-02-21 21:30	74.207	74.217	74.182	74.187	5
2025-02-21 21:35	74.182	74.192	74.182	74.182	5
2025-02-21 21:40	74.187	74.207	74.182	74.187	5
2025-02-21 21:45	74.182	74.197	74.182	74.192	5
2025-02-21 21:50	74.182	74.232	74.182	74.232	5
2025-02-21 21:55	74.242	74.252	74.207	74.222	5
2025-02-24 01:00	74.412	74.470	74.250	74.305	5
2025-02-24 01:05	74.300	74.300	74.220	74.250	5
2025-02-24 01:10	74.245	74.260	74.200	74.230	5
2025-02-24 01:15	74.225	74.255	74.200	74.225	5
2025-02-24 01:20	74.220	74.235	74.205	74.220	4
2025-02-24 01:25	74.215	74.220	74.195	74.205	5
2025-02-24 01:30	74.200	74.220	74.185	74.220	5
2025-02-24 01:35	74.225	74.260	74.220	74.255	5
2025-02-24 01:40	74.250	74.380	74.245	74.345	5
2025-02-24 01:45	74.350	74.410	74.325	74.385	5
2025-02-24 01:50	74.390	74.435	74.345	74.435	5
2025-02-24 01:55	74.440	74.460	74.385	74.385	5
2025-02-24 02:00	74.355	74.355	74.245	74.345	5
2025-02-24 02:05	74.340	74.405	74.340	74.375	5
2025-02-24 02:10	74.370	74.465	74.355	74.450	5
2025-02-24 02:15	74.455	74.545	74.450	74.540	5
2025-02-24 02:20	74.530	74.600	74.480	74.490	5
2025-02-24 02:25	74.495	74.515	74.455	74.470	5
2025-02-24 02:30	74.465	74.490	74.395	74.400	5
2025-02-24 02:35	74.410	74.455	74.400	74.430	5
2025-02-24 02:40	74.440	74.455	74.425	74.430	5
2025-02-24 02:45	74.435	74.495	74.420	74.445	5
2025-02-24 02:50	74.435	74.440	74.410	74.440	5
2025-02-24 02:55	74.445	74.460	74.420	74.425	5
2025-02-24 03:00	74.435	74.450	74.415	74.415	5
2025-02-24 03:05	74.420	74.450	74.420	74.425	5
2025-02-24 03:10	74.430	74.440	74.395	74.430	5
2025-02-24 03:15	74.435	74.460	74.420	74.460	5
2025-02-24 03:20	74.465	74.475	74.420	74.425	5
2025-02-24 03:25	74.420	74.460	74.415	74.450	5
2025-02-24 03:30	74.440	74.455	74.403	74.403	5
2025-02-24 03:35	74.445	74.445	74.400	74.415	5
2025-02-24 03:40	74.405	74.420	74.385	74.385	5
2025-02-24 03:45	74.390	74.390	74.328	74.370	5
2025-02-24 03:50	74.375	74.380	74.350	74.350	5
2025-02-24 03:55	74.355	74.360	74.345	74.355	4
2025-02-24 04:00	74.350	74.355	74.303	74.320	5
2025-02-24 04:05	74.315	74.335	74.305	74.330	4
2025-02-24 04:10	74.335	74.340	74.285	74.295	4
2025-02-24 04:15	74.290	74.295	74.270	74.275	3
2025-02-24 04:20	74.280	74.310	74.265	74.265	4
2025-02-24 04:25	74.275	74.285	74.265	74.275	3
2025-02-24 04:30	74.228	74.275	74.228	74.275	1
2025-02-24 04:35	74.280	74.280	74.275	74.275	1
2025-02-24 04:40	74.270	74.275	74.265	74.265	3
2025-02-24 04:45	74.218	74.275	74.218	74.265	4
2025-02-24 04:50	74.275	74.275	74.245	74.250	5
2025-02-24 04:55	74.203	74.265	74.203	74.250	5
2025-02-24 05:00	74.245	74.285	74.245	74.280	5
2025-02-24 05:05	74.285	74.285	74.265	74.265	5
2025-02-24 05:10	74.270	74.280	74.265	74.275	4
2025-02-24 05:15	74.280	74.295	74.270	74.275	5
2025-02-24 05:20	74.280	74.300	74.270	74.275	4
2025-02-24 05:25	74.280	74.280	74.265	74.265	5
2025-02-24 05:30	74.270	74.300	74.270	74.290	5
2025-02-24 05:35	74.285	74.325	74.275	74.325	5
2025-02-24 05:40	74.320	74.325	74.280	74.295	5
2025-02-24 05:45	74.310	74.355	74.300	74.325	5
2025-02-24 05:50	74.330	74.335	74.300	74.325	5
2025-02-24 05:55	74.320	74.325	74.300	74.320	5
2025-02-24 06:00	74.310	74.330	74.295	74.305	5
2025-02-24 06:05	74.310	74.340	74.300	74.325	5
2025-02-24 06:10	74.320	74.330	74.300	74.330	5
2025-02-24 06:15	74.320	74.335	74.300	74.310	5
2025-02-24 06:20	74.315	74.340	74.305	74.330	5
2025-02-24 06:25	74.325	74.340	74.315	74.320	5
2025-02-24 06:30	74.315	74.360	74.315	74.345	5
2025-02-24 06:35	74.340	74.360	74.315	74.320	5
2025-02-24 06:40	74.325	74.365	74.325	74.350	5
2025-02-24 06:45	74.355	74.400	74.350	74.380	5
2025-02-24 06:50	74.385	74.395	74.370	74.385	5
2025-02-24 06:55	74.390	74.425	74.365	74.400	5
2025-02-24 07:00	74.370	74.455	74.370	74.420	5
2025-02-24 07:05	74.410	74.475	74.410	74.450	5
2025-02-24 07:10	74.455	74.475	74.420	74.435	5
2025-02-24 07:15	74.440	74.450	74.390	74.420	4
2025-02-24 07:20	74.415	74.415	74.375	74.375	5
2025-02-24 07:25	74.370	74.385	74.340	74.345	5
2025-02-24 07:30	74.355	74.410	74.355	74.365	5
2025-02-24 07:35	74.370	74.370	74.305	74.310	5
2025-02-24 07:40	74.305	74.305	74.225	74.235	5
2025-02-24 07:45	74.240	74.265	74.165	74.245	5
2025-02-24 07:50	74.260	74.295	74.240	74.245	5
2025-02-24 07:55	74.240	74.290	74.240	74.290	5
2025-02-24 08:00	74.295	74.340	74.275	74.290	5
2025-02-24 08:05	74.285	74.295	74.225	74.225	5
2025-02-24 08:10	74.220	74.220	74.145	74.175	5
2025-02-24 08:15	74.150	74.180	74.095	74.165	5
2025-02-24 08:20	74.160	74.240	74.160	74.195	5
2025-02-24 08:25	74.190	74.365	74.165	74.355	5
2025-02-24 08:30	74.350	74.395	74.300	74.365	5
2025-02-24 08:35	74.355	74.360	74.275	74.285	5
2025-02-24 08:40	74.290	74.355	74.250	74.345	5
2025-02-24 08:45	74.350	74.440	74.330	74.415	5
2025-02-24 08:50	74.420	74.455	74.395	74.440	5
2025-02-24 08:55	74.435	74.485	74.435	74.435	5
2025-02-24 09:00	74.415	74.440	74.350	74.380	5
2025-02-24 09:05	74.390	74.390	74.340	74.350	5
2025-02-24 09:10	74.345	74.365	74.305	74.350	5
2025-02-24 09:15	74.355	74.400	74.300	74.400	5
2025-02-24 09:20	74.395	74.430	74.350	74.420	5
2025-02-24 09:25	74.415	74.455	74.380	74.390	5
2025-02-24 09:30	74.400	74.495	74.400	74.495	5
2025-02-24 09:35	74.480	74.495	74.455	74.485	5
2025-02-24 09:40	74.495	74.495	74.410	74.430	5
2025-02-24 09:45	74.420	74.445	74.405	74.410	5
2025-02-24 09:50	74.415	74.435	74.345	74.360	5
2025-02-24 09:55	74.355	74.365	74.325	74.325	5
2025-02-24 10:00	74.330	74.410	74.325	74.350	5
2025-02-24 10:05	74.355	74.595	74.355	74.585	5
2025-02-24 10:10	74.580	74.735	74.560	74.700	5
2025-02-24 10:15	74.685	74.710	74.645	74.645	5
2025-02-24 10:20	74.650	74.735	74.645	74.725	5
2025-02-24 10:25	74.730	74.735	74.650	74.680	5
2025-02-24 10:30	74.675	74.675	74.530	74.535	5
2025-02-24 10:35	74.545	74.615	74.535	74.555	5
2025-02-24 10:40	74.550	74.575	74.535	74.555	4
2025-02-24 10:45	74.535	74.550	74.510	74.550	5
2025-02-24 10:50	74.555	74.560	74.510	74.525	5
2025-02-24 10:55	74.520	74.575	74.440	74.460	5
2025-02-24 11:00	74.465	74.580	74.435	74.580	5
2025-02-24 11:05	74.585	74.605	74.555	74.570	5
2025-02-24 11:10	74.575	74.575	74.485	74.505	5
2025-02-24 11:15	74.510	74.530	74.485	74.500	5
2025-02-24 11:20	74.505	74.550	74.465	74.540	5
2025-02-24 11:25	74.545	74.545	74.485	74.535	5
2025-02-24 11:30	74.530	74.590	74.425	74.570	5
2025-02-24 11:35	74.575	74.580	74.520	74.565	5
2025-02-24 11:40	74.570	74.585	74.550	74.575	5
2025-02-24 11:45	74.570	74.605	74.533	74.600	4
2025-02-24 11:50	74.605	74.615	74.515	74.515	5
2025-02-24 11:55	74.520	74.555	74.515	74.535	5
2025-02-24 12:00	74.530	74.545	74.460	74.475	5
2025-02-24 12:05	74.470	74.475	74.425	74.435	5
2025-02-24 12:10	74.440	74.460	74.390	74.405	5
2025-02-24 12:15	74.410	74.460	74.400	74.420	5
2025-02-24 12:20	74.415	74.510	74.385	74.500	5
2025-02-24 12:25	74.505	74.545	74.490	74.520	4
2025-02-24 12:30	74.515	74.565	74.490	74.495	5
2025-02-24 12:35	74.490	74.490	74.440	74.440	5
2025-02-24 12:40	74.435	74.445	74.385	74.385	5
2025-02-24 12:45	74.395	74.405	74.345	74.350	5
2025-02-24 12:50	74.355	74.405	74.335	74.395	5
2025-02-24 12:55	74.415	74.435	74.385	74.390	5
2025-02-24 13:00	74.395	74.395	74.315	74.340	5
2025-02-24 13:05	74.335	74.470	74.335	74.425	5
2025-02-24 13:10	74.430	74.470	74.355	74.370	5
2025-02-24 13:15	74.365	74.395	74.315	74.315	5
2025-02-24 13:20	74.305	74.315	74.260	74.275	5
2025-02-24 13:25	74.270	74.365	74.265	74.335	5
2025-02-24 13:30	74.330	74.335	74.270	74.300	5
2025-02-24 13:35	74.305	74.385	74.300	74.350	5
2025-02-24 13:40	74.345	74.455	74.345	74.435	5
2025-02-24 13:45	74.430	74.470	74.400	74.410	5
2025-02-24 13:50	74.405	74.405	74.280	74.290	5
2025-02-24 13:55	74.285	74.370	74.285	74.305	5
2025-02-24 14:00	74.300	74.550	74.275	74.525	5
2025-02-24 14:05	74.530	74.610	74.480	74.480	5
2025-02-24 14:10	74.485	74.530	74.445	74.500	5
2025-02-24 14:15	74.490	74.565	74.460	74.520	5
2025-02-24 14:20	74.525	74.625	74.500	74.575	5
2025-02-24 14:25	74.580	74.610	74.520	74.580	5
2025-02-24 14:30	74.590	74.625	74.560	74.585	5
2025-02-24 14:35	74.580	74.600	74.525	74.565	5
2025-02-24 14:40	74.560	74.640	74.470	74.470	5
2025-02-24 14:45	74.475	74.575	74.420	74.445	5
2025-02-24 14:50	74.435	74.490	74.390	74.405	5
2025-02-24 14:55	74.395	74.435	74.395	74.430	4
2025-02-24 15:00	74.435	74.645	74.373	74.610	5
2025-02-24 15:05	74.605	74.850	74.550	74.675	5
2025-02-24 15:10	74.680	74.820	74.650	74.670	5
2025-02-24 15:15	74.665	74.675	74.565	74.595	5
2025-02-24 15:20	74.600	74.710	74.565	74.655	5
2025-02-24 15:25	74.645	74.665	74.510	74.540	5
2025-02-24 15:30	74.550	74.640	74.535	74.620	5
2025-02-24 15:35	74.625	74.670	74.600	74.610	5
2025-02-24 15:40	74.615	74.655	74.585	74.600	5
2025-02-24 15:45	74.595	74.685	74.580	74.660	5
2025-02-24 15:50	74.665	74.690	74.565	74.580	5
2025-02-24 15:55	74.585	74.615	74.495	74.540	5
2025-02-24 16:00	74.545	74.580	74.480	74.545	5
2025-02-24 16:05	74.550	74.825	74.540	74.700	5
2025-02-24 16:10	74.705	74.775	74.690	74.695	5
2025-02-24 16:15	74.685	74.765	74.680	74.730	5
2025-02-24 16:20	74.740	74.775	74.680	74.730	5
2025-02-24 16:25	74.735	74.790	74.675	74.695	5
2025-02-24 16:30	74.700	74.900	74.695	74.850	5
2025-02-24 16:35	74.855	74.860	74.755	74.760	5
2025-02-24 16:40	74.755	74.820	74.745	74.795	5
2025-02-24 16:45	74.800	74.805	74.690	74.710	5
2025-02-24 16:50	74.705	74.765	74.655	74.690	5
2025-02-24 16:55	74.685	74.750	74.680	74.730	5
2025-02-24 17:00	74.735	74.840	74.685	74.815	5
2025-02-24 17:05	74.810	74.835	74.775	74.790	5
2025-02-24 17:10	74.785	74.845	74.780	74.810	5
2025-02-24 17:15	74.815	74.840	74.810	74.830	5
2025-02-24 17:20	74.835	74.890	74.805	74.815	5
2025-02-24 17:25	74.810	74.840	74.740	74.740	5
2025-02-24 17:30	74.735	74.750	74.690	74.695	5
2025-02-24 17:35	74.690	74.750	74.675	74.745	5
2025-02-24 17:40	74.740	74.790	74.725	74.755	5
2025-02-24 17:45	74.770	74.775	74.715	74.720	5
2025-02-24 17:50	74.730	74.785	74.710	74.750	5
2025-02-24 17:55	74.755	74.755	74.685	74.705	5
2025-02-24 18:00	74.710	74.795	74.685	74.750	5
2025-02-24 18:05	74.745	74.810	74.745	74.785	5
2025-02-24 18:10	74.790	74.815	74.745	74.750	5
2025-02-24 18:15	74.760	74.835	74.755	74.805	5
2025-02-24 18:20	74.810	74.825	74.765	74.795	5
2025-02-24 18:25	74.790	74.815	74.755	74.770	5
2025-02-24 18:30	74.775	74.875	74.765	74.855	5
2025-02-24 18:35	74.845	74.895	74.840	74.850	5
2025-02-24 18:40	74.855	74.875	74.790	74.795	5
2025-02-24 18:45	74.785	74.805	74.775	74.775	5
2025-02-24 18:50	74.780	74.805	74.755	74.805	5
2025-02-24 18:55	74.795	74.845	74.790	74.790	5
2025-02-24 19:00	74.785	74.790	74.710	74.750	5
2025-02-24 19:05	74.755	74.820	74.725	74.790	5
2025-02-24 19:10	74.795	74.805	74.695	74.710	5
2025-02-24 19:15	74.715	74.720	74.635	74.645	5
2025-02-24 19:20	74.650	74.700	74.640	74.685	5
2025-02-24 19:25	74.680	74.790	74.655	74.790	5
2025-02-24 19:30	74.785	74.810	74.755	74.810	5
2025-02-24 19:35	74.805	74.805	74.765	74.780	5
2025-02-24 19:40	74.790	74.795	74.745	74.750	5
2025-02-24 19:45	74.755	74.770	74.740	74.760	5
2025-02-24 19:50	74.765	74.770	74.740	74.750	5
2025-02-24 19:55	74.745	74.755	74.710	74.730	5
2025-02-24 20:00	74.725	74.725	74.695	74.710	5
2025-02-24 20:05	74.715	74.720	74.655	74.660	4
2025-02-24 20:10	74.655	74.655	74.635	74.640	5
2025-02-24 20:15	74.645	74.660	74.635	74.650	5
2025-02-24 20:20	74.645	74.800	74.640	74.785	5
2025-02-24 20:25	74.780	74.830	74.770	74.780	5
2025-02-24 20:30	74.785	74.835	74.780	74.810	5
2025-02-24 20:35	74.815	74.835	74.805	74.810	5
2025-02-24 20:40	74.815	74.845	74.800	74.830	5
2025-02-24 20:45	74.835	74.875	74.830	74.845	5
2025-02-24 20:50	74.850	74.850	74.775	74.805	5
2025-02-24 20:55	74.800	74.800	74.735	74.745	5
2025-02-24 21:00	74.760	74.777	74.737	74.752	5
2025-02-24 21:05	74.757	74.772	74.747	74.747	5
2025-02-24 21:10	74.757	74.807	74.757	74.797	4
2025-02-24 21:15	74.792	74.812	74.782	74.787	5
2025-02-24 21:20	74.792	74.797	74.767	74.782	5
2025-02-24 21:25	74.777	74.777	74.762	74.772	5
2025-02-24 21:30	74.777	74.822	74.777	74.817	3
2025-02-24 21:35	74.822	74.827	74.797	74.817	5
2025-02-24 21:40	74.812	74.817	74.792	74.797	5
2025-02-24 21:45	74.802	74.862	74.797	74.857	5
2025-02-24 21:50	74.862	74.862	74.822	74.857	5
2025-02-24 21:55	74.852	74.862	74.832	74.847	5
2025-02-25 01:00	74.697	74.900	74.680	74.890	5
2025-02-25 01:05	74.885	74.925	74.870	74.910	5
2025-02-25 01:10	74.905	74.910	74.870	74.900	5
2025-02-25 01:15	74.890	74.900	74.865	74.870	5
2025-02-25 01:20	74.865	74.900	74.865	74.900	5
2025-02-25 01:25	74.905	74.905	74.850	74.905	5
2025-02-25 01:30	74.900	74.920	74.890	74.920	5
2025-02-25 01:35	74.910	74.960	74.878	74.950	5
2025-02-25 01:40	74.955	74.975	74.940	74.955	5
2025-02-25 01:45	74.950	75.065	74.940	75.060	5
2025-02-25 01:50	75.055	75.075	75.020	75.035	5
2025-02-25 01:55	75.030	75.055	75.030	75.045	4
2025-02-25 02:00	75.040	75.125	75.040	75.120	5
2025-02-25 02:05	75.115	75.135	75.090	75.130	5
2025-02-25 02:10	75.125	75.125	75.090	75.110	5
2025-02-25 02:15	75.115	75.200	75.110	75.200	5
2025-02-25 02:20	75.195	75.195	75.125	75.145	5
2025-02-25 02:25	75.155	75.170	75.140	75.150	5
2025-02-25 02:30	75.155	75.235	75.140	75.230	5
2025-02-25 02:35	75.235	75.235	75.155	75.155	5
2025-02-25 02:40	75.165	75.165	75.110	75.110	5
2025-02-25 02:45	75.100	75.120	75.085	75.100	5
2025-02-25 02:50	75.090	75.095	75.060	75.080	5
2025-02-25 02:55	75.075	75.090	75.060	75.080	5
2025-02-25 03:00	75.085	75.135	75.050	75.130	5
2025-02-25 03:05	75.120	75.140	75.100	75.135	5
2025-02-25 03:10	75.130	75.150	75.115	75.145	5
2025-02-25 03:15	75.140	75.140	75.115	75.130	5
2025-02-25 03:20	75.135	75.135	75.115	75.130	5
2025-02-25 03:25	75.135	75.135	75.115	75.120	5
2025-02-25 03:30	75.115	75.130	75.100	75.110	5
2025-02-25 03:35	75.100	75.120	75.095	75.120	5
2025-02-25 03:40	75.125	75.150	75.103	75.150	4
2025-02-25 03:45	75.155	75.155	75.145	75.150	5
2025-02-25 03:50	75.145	75.150	75.120	75.140	5
2025-02-25 03:55	75.145	75.150	75.125	75.135	4
2025-02-25 04:00	75.145	75.165	75.135	75.155	4
2025-02-25 04:05	75.170	75.195	75.170	75.190	4
2025-02-25 04:10	75.185	75.190	75.180	75.190	3
2025-02-25 04:15	75.185	75.195	75.180	75.180	4
2025-02-25 04:20	75.175	75.195	75.175	75.190	5
2025-02-25 04:25	75.195	75.195	75.185	75.190	5
2025-02-25 04:30	75.185	75.185	75.160	75.170	3
2025-02-25 04:35	75.165	75.180	75.165	75.180	5
2025-02-25 04:40	75.185	75.235	75.180	75.200	5
2025-02-25 04:45	75.205	75.205	75.153	75.195	3
2025-02-25 04:50	75.190	75.190	75.138	75.175	5
2025-02-25 04:55	75.170	75.170	75.118	75.118	3
2025-02-25 05:00	75.165	75.190	75.165	75.190	5
2025-02-25 05:05	75.143	75.190	75.128	75.128	3
2025-02-25 05:10	75.175	75.175	75.128	75.175	4
2025-02-25 05:15	75.128	75.175	75.128	75.128	4
2025-02-25 05:20	75.170	75.175	75.128	75.175	3
2025-02-25 05:25	75.128	75.205	75.128	75.200	4
2025-02-25 05:30	75.195	75.195	75.140	75.140	5
2025-02-25 05:35	75.135	75.135	75.105	75.120	5
2025-02-25 05:40	75.115	75.115	75.085	75.100	5
2025-02-25 05:45	75.105	75.110	75.080	75.095	5
2025-02-25 05:50	75.090	75.120	75.085	75.120	5
2025-02-25 05:55	75.115	75.135	75.095	75.135	5
2025-02-25 06:00	75.130	75.140	75.060	75.060	5
2025-02-25 06:05	75.065	75.100	75.060	75.095	5
2025-02-25 06:10	75.090	75.100	75.065	75.070	5
2025-02-25 06:15	75.065	75.100	75.065	75.090	5
2025-02-25 06:20	75.085	75.120	75.085	75.110	4
2025-02-25 06:25	75.115	75.115	75.070	75.080	5
2025-02-25 06:30	75.075	75.085	75.045	75.050	5
2025-02-25 06:35	75.040	75.080	75.040	75.075	5
2025-02-25 06:40	75.080	75.080	75.035	75.060	5
2025-02-25 06:45	75.055	75.060	75.035	75.040	5
2025-02-25 06:50	75.045	75.045	75.035	75.035	5
2025-02-25 06:55	75.040	75.095	75.035	75.095	5
2025-02-25 07:00	75.090	75.090	75.010	75.020	5
2025-02-25 07:05	75.010	75.030	74.985	74.990	5
2025-02-25 07:10	74.995	75.005	74.945	74.950	5
2025-02-25 07:15	74.955	74.980	74.925	74.970	5
2025-02-25 07:20	74.955	74.960	74.910	74.930	5
2025-02-25 07:25	74.925	74.930	74.850	74.855	5
2025-02-25 07:30	74.860	74.925	74.860	74.900	5
2025-02-25 07:35	74.895	74.910	74.875	74.880	5
2025-02-25 07:40	74.885	74.885	74.830	74.835	5
2025-02-25 07:45	74.830	74.885	74.825	74.850	5
2025-02-25 07:50	74.830	74.840	74.815	74.830	5
2025-02-25 07:55	74.825	74.835	74.795	74.810	5
2025-02-25 08:00	74.815	74.880	74.795	74.855	5
2025-02-25 08:05	74.860	74.925	74.850	74.900	5
2025-02-25 08:10	74.895	74.970	74.895	74.940	5
2025-02-25 08:15	74.935	75.015	74.935	74.975	5
2025-02-25 08:20	74.965	75.055	74.965	75.025	5
2025-02-25 08:25	75.020	75.070	75.005	75.025	5
2025-02-25 08:30	75.030	75.035	74.970	74.975	5
2025-02-25 08:35	74.970	74.975	74.915	74.915	5
2025-02-25 08:40	74.925	74.930	74.880	74.890	5
2025-02-25 08:45	74.895	74.940	74.805	74.805	5
2025-02-25 08:50	74.795	74.830	74.770	74.775	5
2025-02-25 08:55	74.770	74.780	74.725	74.725	5
2025-02-25 09:00	74.740	74.845	74.725	74.815	5
2025-02-25 09:05	74.800	74.880	74.785	74.860	5
2025-02-25 09:10	74.855	74.885	74.815	74.865	5
2025-02-25 09:15	74.870	74.895	74.820	74.830	5
2025-02-25 09:20	74.825	74.840	74.780	74.790	5
2025-02-25 09:25	74.795	74.805	74.780	74.790	5
2025-02-25 09:30	74.785	74.815	74.745	74.790	5
2025-02-25 09:35	74.785	74.870	74.785	74.820	5
2025-02-25 09:40	74.825	74.840	74.770	74.790	5
2025-02-25 09:45	74.785	74.795	74.735	74.740	5
2025-02-25 09:50	74.745	74.770	74.740	74.755	5
2025-02-25 09:55	74.745	74.760	74.650	74.655	5
2025-02-25 10:00	74.665	74.695	74.635	74.645	5
2025-02-25 10:05	74.635	74.740	74.635	74.705	5
2025-02-25 10:10	74.695	74.745	74.680	74.735	5
2025-02-25 10:15	74.745	74.785	74.740	74.775	5
2025-02-25 10:20	74.765	74.870	74.760	74.845	5
2025-02-25 10:25	74.850	74.885	74.810	74.815	5
2025-02-25 10:30	74.810	74.835	74.740	74.775	5
2025-02-25 10:35	74.785	74.785	74.700	74.705	5
2025-02-25 10:40	74.715	74.735	74.695	74.725	5
2025-02-25 10:45	74.720	74.765	74.675	74.735	5
2025-02-25 10:50	74.745	74.745	74.625	74.655	5
2025-02-25 10:55	74.645	74.655	74.605	74.625	5
2025-02-25 11:00	74.620	74.625	74.595	74.615	5
2025-02-25 11:05	74.635	74.675	74.615	74.640	5
2025-02-25 11:10	74.635	74.725	74.635	74.710	5
2025-02-25 11:15	74.705	74.705	74.615	74.625	5
2025-02-25 11:20	74.635	74.670	74.630	74.640	5
2025-02-25 11:25	74.645	74.670	74.635	74.660	5
2025-02-25 11:30	74.670	74.675	74.600	74.640	5
2025-02-25 11:35	74.645	74.670	74.635	74.650	5
2025-02-25 11:40	74.645	74.665	74.620	74.665	5
2025-02-25 11:45	74.660	74.695	74.635	74.635	5
2025-02-25 11:50	74.645	74.645	74.550	74.560	5
2025-02-25 11:55	74.555	74.555	74.495	74.495	5
2025-02-25 12:00	74.500	74.545	74.495	74.535	5
2025-02-25 12:05	74.530	74.550	74.500	74.520	5
2025-02-25 12:10	74.515	74.545	74.495	74.505	5
2025-02-25 12:15	74.495	74.555	74.450	74.475	5
2025-02-25 12:20	74.470	74.525	74.465	74.505	5
2025-02-25 12:25	74.495	74.505	74.395	74.405	5
2025-02-25 12:30	74.395	74.400	74.310	74.335	5
2025-02-25 12:35	74.330	74.340	74.295	74.295	5
2025-02-25 12:40	74.300	74.315	74.255	74.265	5
2025-02-25 12:45	74.260	74.265	74.145	74.185	5
2025-02-25 12:50	74.200	74.245	74.155	74.170	5
2025-02-25 12:55	74.165	74.185	74.135	74.160	5
2025-02-25 13:00	74.155	74.305	74.140	74.285	5
2025-02-25 13:05	74.280	74.285	74.200	74.210	5
2025-02-25 13:10	74.215	74.300	74.215	74.270	5
2025-02-25 13:15	74.275	74.335	74.260	74.330	5
2025-02-25 13:20	74.325	74.365	74.295	74.295	5
2025-02-25 13:25	74.290	74.315	74.275	74.310	5
2025-02-25 13:30	74.305	74.345	74.275	74.330	5
2025-02-25 13:35	74.335	74.345	74.235	74.235	5
2025-02-25 13:40	74.225	74.235	74.155	74.205	5
2025-02-25 13:45	74.200	74.220	74.125	74.145	5
2025-02-25 13:50	74.140	74.155	74.105	74.140	5
2025-02-25 13:55	74.135	74.150	74.105	74.125	5
2025-02-25 14:00	74.130	74.225	74.130	74.205	5
2025-02-25 14:05	74.190	74.265	74.160	74.250	5
2025-02-25 14:10	74.255	74.280	74.160	74.275	5
2025-02-25 14:15	74.280	74.320	74.230	74.265	5
2025-02-25 14:20	74.255	74.400	74.255	74.400	5
2025-02-25 14:25	74.390	74.430	74.360	74.385	5
2025-02-25 14:30	74.380	74.405	74.295	74.320	5
2025-02-25 14:35	74.325	74.360	74.280	74.305	5
2025-02-25 14:40	74.300	74.360	74.255	74.265	5
2025-02-25 14:45	74.260	74.305	74.235	74.275	5
2025-02-25 14:50	74.265	74.300	74.160	74.185	5
2025-02-25 14:55	74.180	74.200	74.125	74.145	5
2025-02-25 15:00	74.150	74.155	73.610	73.620	5
2025-02-25 15:05	73.630	73.635	73.485	73.485	5
2025-02-25 15:10	73.490	73.685	73.440	73.625	5
2025-02-25 15:15	73.610	73.620	73.365	73.365	5
2025-02-25 15:20	73.370	73.375	73.205	73.245	5
2025-02-25 15:25	73.250	73.365	73.245	73.250	5
2025-02-25 15:30	73.245	73.265	73.105	73.125	5
2025-02-25 15:35	73.120	73.265	73.025	73.200	5
2025-02-25 15:40	73.195	73.235	73.095	73.165	5
2025-02-25 15:45	73.160	73.210	73.095	73.150	5
2025-02-25 15:50	73.145	73.210	73.110	73.165	5
2025-02-25 15:55	73.160	73.210	72.910	72.910	5
2025-02-25 16:00	72.920	73.055	72.910	72.970	5
2025-02-25 16:05	72.965	73.015	72.925	72.965	5
2025-02-25 16:10	72.980	73.000	72.870	72.950	5
2025-02-25 16:15	72.955	73.070	72.955	72.965	5
2025-02-25 16:20	72.970	72.995	72.905	72.920	5
2025-02-25 16:25	72.925	72.970	72.795	72.805	5
2025-02-25 16:30	72.810	72.885	72.725	72.845	5
2025-02-25 16:35	72.840	73.025	72.840	72.940	5
2025-02-25 16:40	72.935	72.955	72.875	72.905	5
2025-02-25 16:45	72.915	73.050	72.895	72.965	5
2025-02-25 16:50	72.970	72.995	72.900	72.920	5
2025-02-25 16:55	72.925	72.980	72.895	72.905	5
2025-02-25 17:00	72.915	72.935	72.875	72.895	5
2025-02-25 17:05	72.890	72.925	72.865	72.880	5
2025-02-25 17:10	72.885	72.885	72.820	72.820	5
2025-02-25 17:15	72.830	72.855	72.785	72.785	5
2025-02-25 17:20	72.780	72.805	72.685	72.755	5
2025-02-25 17:25	72.770	72.775	72.735	72.755	5
2025-02-25 17:30	72.760	72.930	72.760	72.860	5
2025-02-25 17:35	72.855	72.880	72.770	72.860	5
2025-02-25 17:40	72.865	72.905	72.790	72.830	5
2025-02-25 17:45	72.825	72.845	72.775	72.775	5
2025-02-25 17:50	72.765	72.835	72.735	72.815	5
2025-02-25 17:55	72.820	72.835	72.795	72.825	5
2025-02-25 18:00	72.820	72.875	72.740	72.740	5
2025-02-25 18:05	72.735	72.795	72.735	72.760	5
2025-02-25 18:10	72.755	72.970	72.755	72.955	5
2025-02-25 18:15	72.960	72.985	72.860	72.865	5
2025-02-25 18:20	72.860	72.870	72.830	72.865	5
2025-02-25 18:25	72.860	72.880	72.835	72.845	5
2025-02-25 18:30	72.850	72.925	72.830	72.865	5
2025-02-25 18:35	72.870	72.900	72.850	72.865	5
2025-02-25 18:40	72.875	72.915	72.840	72.900	5
2025-02-25 18:45	72.910	72.955	72.905	72.930	5
2025-02-25 18:50	72.935	72.965	72.915	72.965	5
2025-02-25 18:55	72.960	72.985	72.935	72.945	5
2025-02-25 19:00	72.950	72.965	72.860	72.860	5
2025-02-25 19:05	72.865	72.935	72.865	72.910	5
2025-02-25 19:10	72.900	72.915	72.830	72.885	5
2025-02-25 19:15	72.890	72.940	72.870	72.930	5
2025-02-25 19:20	72.925	73.030	72.890	73.020	5
2025-02-25 19:25	73.025	73.035	72.940	73.030	5
2025-02-25 19:30	73.035	73.055	72.980	73.040	5
2025-02-25 19:35	73.045	73.055	73.015	73.045	5
2025-02-25 19:40	73.050	73.085	73.045	73.070	5
2025-02-25 19:45	73.075	73.145	73.070	73.135	5
2025-02-25 19:50	73.145	73.145	73.085	73.115	5
2025-02-25 19:55	73.105	73.105	73.070	73.070	4
2025-02-25 20:00	73.075	73.100	73.055	73.075	5
2025-02-25 20:05	73.085	73.115	73.065	73.115	5
2025-02-25 20:10	73.110	73.125	73.095	73.115	5
2025-02-25 20:15	73.120	73.180	73.105	73.180	5
2025-02-25 20:20	73.185	73.200	73.175	73.195	5
2025-02-25 20:25	73.190	73.195	73.175	73.175	5
2025-02-25 20:30	73.180	73.180	73.135	73.150	5
2025-02-25 20:35	73.155	73.170	73.095	73.105	4
2025-02-25 20:40	73.100	73.115	73.085	73.115	5
2025-02-25 20:45	73.110	73.145	73.095	73.140	5
2025-02-25 20:50	73.145	73.145	73.135	73.140	5
2025-02-25 20:55	73.135	73.150	73.115	73.145	5
2025-02-25 21:00	73.140	73.145	73.097	73.097	5
2025-02-25 21:05	73.102	73.177	73.097	73.162	5
2025-02-25 21:10	73.167	73.182	73.147	73.157	5
2025-02-25 21:15	73.152	73.202	73.147	73.177	5
2025-02-25 21:20	73.182	73.187	73.157	73.157	5
2025-02-25 21:25	73.152	73.197	73.147	73.192	4
2025-02-25 21:30	73.207	73.227	72.897	72.977	5
2025-02-25 21:35	73.002	73.157	72.982	73.047	5
2025-02-25 21:40	73.057	73.057	73.042	73.047	2
2025-02-26 01:00	72.610	72.625	72.565	72.615	5
2025-02-26 01:05	72.610	72.630	72.585	72.625	5
2025-02-26 01:10	72.620	72.695	72.608	72.685	5
2025-02-26 01:15	72.680	72.715	72.665	72.690	5
2025-02-26 01:20	72.680	72.715	72.675	72.710	5
2025-02-26 01:25	72.715	72.725	72.705	72.715	4
2025-02-26 01:30	72.725	72.755	72.705	72.715	5
2025-02-26 01:35	72.720	72.735	72.695	72.725	5
2025-02-26 01:40	72.735	72.755	72.725	72.755	5
2025-02-26 01:45	72.750	72.765	72.725	72.725	5
2025-02-26 01:50	72.730	72.730	72.685	72.690	5
2025-02-26 01:55	72.685	72.695	72.675	72.695	4
2025-02-26 02:00	72.690	72.715	72.635	72.670	5
2025-02-26 02:05	72.660	72.685	72.635	72.635	4
2025-02-26 02:10	72.630	72.670	72.625	72.655	5
2025-02-26 02:15	72.660	72.660	72.630	72.645	5
2025-02-26 02:20	72.640	72.655	72.640	72.655	3
2025-02-26 02:25	72.650	72.650	72.575	72.605	5
2025-02-26 02:30	72.600	72.625	72.585	72.615	5
2025-02-26 02:35	72.620	72.620	72.575	72.595	5
2025-02-26 02:40	72.600	72.605	72.555	72.560	5
2025-02-26 02:45	72.565	72.585	72.545	72.575	5
2025-02-26 02:50	72.585	72.605	72.575	72.595	5
2025-02-26 02:55	72.600	72.645	72.595	72.635	5
2025-02-26 03:00	72.630	72.640	72.615	72.615	5
2025-02-26 03:05	72.620	72.625	72.535	72.545	5
2025-02-26 03:10	72.550	72.590	72.550	72.555	5
2025-02-26 03:15	72.550	72.570	72.535	72.555	5
2025-02-26 03:20	72.565	72.585	72.555	72.580	5
2025-02-26 03:25	72.585	72.615	72.585	72.595	5
2025-02-26 03:30	72.600	72.660	72.600	72.635	4
2025-02-26 03:35	72.588	72.635	72.588	72.615	3
2025-02-26 03:40	72.620	72.635	72.615	72.615	5
2025-02-26 03:45	72.625	72.625	72.595	72.595	4
2025-02-26 03:50	72.600	72.605	72.600	72.605	2
2025-02-26 03:55	72.595	72.605	72.595	72.605	2
2025-02-26 04:00	72.558	72.620	72.558	72.605	4
2025-02-26 04:05	72.610	72.615	72.605	72.610	3
2025-02-26 04:10	72.605	72.610	72.595	72.605	4
2025-02-26 04:15	72.600	72.605	72.595	72.600	4
2025-02-26 04:20	72.553	72.645	72.553	72.645	4
2025-02-26 04:25	72.640	72.665	72.640	72.665	5
2025-02-26 04:30	72.670	72.685	72.655	72.655	5
2025-02-26 04:35	72.660	72.675	72.655	72.670	5
2025-02-26 04:40	72.665	72.675	72.650	72.665	5
2025-02-26 04:45	72.670	72.705	72.670	72.705	5
2025-02-26 04:50	72.700	72.705	72.680	72.680	5
2025-02-26 04:55	72.675	72.675	72.660	72.675	5
2025-02-26 05:00	72.670	72.670	72.645	72.660	5
2025-02-26 05:05	72.655	72.675	72.655	72.675	3
2025-02-26 05:10	72.685	72.685	72.638	72.685	3
2025-02-26 05:15	72.690	72.695	72.685	72.695	2
2025-02-26 05:20	72.690	72.745	72.690	72.725	5
2025-02-26 05:25	72.715	72.745	72.710	72.710	5
2025-02-26 05:30	72.715	72.720	72.645	72.650	5
2025-02-26 05:35	72.645	72.655	72.630	72.645	5
2025-02-26 05:40	72.640	72.665	72.630	72.640	5
2025-02-26 05:45	72.645	72.655	72.625	72.640	5
2025-02-26 05:50	72.635	72.670	72.635	72.670	5
2025-02-26 05:55	72.675	72.675	72.635	72.635	5
2025-02-26 06:00	72.625	72.625	72.605	72.615	5
2025-02-26 06:05	72.620	72.645	72.560	72.585	4
2025-02-26 06:10	72.590	72.605	72.570	72.570	5
2025-02-26 06:15	72.575	72.625	72.565	72.625	4
2025-02-26 06:20	72.620	72.680	72.620	72.655	5
2025-02-26 06:25	72.660	72.665	72.625	72.635	5
2025-02-26 06:30	72.640	72.665	72.625	72.635	4
2025-02-26 06:35	72.645	72.665	72.635	72.645	5
2025-02-26 06:40	72.640	72.665	72.640	72.645	5
2025-02-26 06:45	72.635	72.685	72.615	72.675	5
2025-02-26 06:50	72.680	72.705	72.665	72.690	5
2025-02-26 06:55	72.695	72.695	72.675	72.685	5
2025-02-26 07:00	72.675	72.685	72.635	72.655	5
2025-02-26 07:05	72.650	72.675	72.645	72.665	5
2025-02-26 07:10	72.670	72.675	72.645	72.665	5
2025-02-26 07:15	72.675	72.705	72.635	72.635	5
2025-02-26 07:20	72.630	72.655	72.600	72.625	5
2025-02-26 07:25	72.620	72.670	72.605	72.655	5
2025-02-26 07:30	72.660	72.720	72.655	72.700	5
2025-02-26 07:35	72.705	72.735	72.685	72.725	5
2025-02-26 07:40	72.715	72.765	72.715	72.745	5
2025-02-26 07:45	72.755	72.755	72.735	72.745	5
2025-02-26 07:50	72.740	72.780	72.705	72.775	5
2025-02-26 07:55	72.785	72.785	72.705	72.735	5
2025-02-26 08:00	72.740	72.750	72.660	72.670	5
2025-02-26 08:05	72.665	72.705	72.635	72.665	5
2025-02-26 08:10	72.655	72.700	72.635	72.675	5
2025-02-26 08:15	72.680	72.705	72.645	72.665	5
2025-02-26 08:20	72.675	72.745	72.655	72.725	5
2025-02-26 08:25	72.750	72.785	72.615	72.785	5
2025-02-26 08:30	72.775	72.785	72.465	72.485	5
2025-02-26 08:35	72.495	72.535	72.455	72.535	5
2025-02-26 08:40	72.525	72.550	72.485	72.495	5
2025-02-26 08:45	72.505	72.560	72.480	72.525	5
2025-02-26 08:50	72.530	72.555	72.405	72.475	5
2025-02-26 08:55	72.445	72.515	72.385	72.455	5
2025-02-26 09:00	72.445	72.635	72.425	72.615	5
2025-02-26 09:05	72.625	72.775	72.625	72.745	5
2025-02-26 09:10	72.755	72.785	72.705	72.715	5
2025-02-26 09:15	72.720	72.755	72.685	72.715	5
2025-02-26 09:20	72.720	72.720	72.645	72.665	5
2025-02-26 09:25	72.680	72.735	72.635	72.705	5
2025-02-26 09:30	72.710	72.795	72.695	72.745	5
2025-02-26 09:35	72.755	72.775	72.710	72.750	5
2025-02-26 09:40	72.745	72.765	72.695	72.700	5
2025-02-26 09:45	72.695	72.715	72.675	72.705	5
2025-02-26 09:50	72.715	72.715	72.595	72.625	5
2025-02-26 09:55	72.615	72.625	72.470	72.505	5
2025-02-26 10:00	72.500	72.535	72.435	72.455	5
2025-02-26 10:05	72.445	72.545	72.425	72.495	5
2025-02-26 10:10	72.485	72.525	72.440	72.495	5
2025-02-26 10:15	72.490	72.505	72.425	72.435	5
2025-02-26 10:20	72.425	72.440	72.365	72.420	5
2025-02-26 10:25	72.415	72.485	72.395	72.425	5
2025-02-26 10:30	72.430	72.495	72.355	72.495	5
2025-02-26 10:35	72.490	72.495	72.405	72.430	5
2025-02-26 10:40	72.435	72.445	72.365	72.395	5
2025-02-26 10:45	72.385	72.445	72.380	72.420	5
2025-02-26 10:50	72.425	72.435	72.375	72.435	5
2025-02-26 10:55	72.445	72.530	72.425	72.525	5
2025-02-26 11:00	72.530	72.555	72.415	72.475	5
2025-02-26 11:05	72.465	72.545	72.410	72.545	5
2025-02-26 11:10	72.535	72.545	72.465	72.495	5
2025-02-26 11:15	72.505	72.525	72.445	72.480	5
2025-02-26 11:20	72.485	72.565	72.455	72.555	5
2025-02-26 11:25	72.550	72.590	72.515	72.535	5
2025-02-26 11:30	72.530	72.545	72.450	72.460	5
2025-02-26 11:35	72.465	72.505	72.455	72.490	5
2025-02-26 11:40	72.485	72.505	72.465	72.475	5
2025-02-26 11:45	72.480	72.485	72.425	72.465	5
2025-02-26 11:50	72.460	72.515	72.395	72.395	5
2025-02-26 11:55	72.385	72.425	72.345	72.395	5
2025-02-26 12:00	72.385	72.435	72.365	72.385	5
2025-02-26 12:05	72.390	72.425	72.355	72.405	5
2025-02-26 12:10	72.400	72.425	72.330	72.335	5
2025-02-26 12:15	72.325	72.365	72.315	72.345	5
2025-02-26 12:20	72.355	72.395	72.320	72.370	5
2025-02-26 12:25	72.375	72.395	72.330	72.355	5
2025-02-26 12:30	72.365	72.385	72.295	72.295	5
2025-02-26 12:35	72.300	72.325	72.255	72.255	5
2025-02-26 12:40	72.265	72.275	72.215	72.265	5
2025-02-26 12:45	72.270	72.295	72.205	72.245	5
2025-02-26 12:50	72.250	72.335	72.250	72.315	5
2025-02-26 12:55	72.325	72.355	72.265	72.285	5
2025-02-26 13:00	72.280	72.405	72.275	72.315	5
2025-02-26 13:05	72.320	72.355	72.290	72.320	5
2025-02-26 13:10	72.315	72.335	72.235	72.245	5
2025-02-26 13:15	72.255	72.325	72.235	72.275	5
2025-02-26 13:20	72.265	72.385	72.265	72.385	5
2025-02-26 13:25	72.380	72.445	72.365	72.365	5
2025-02-26 13:30	72.360	72.455	72.345	72.375	5
2025-02-26 13:35	72.365	72.465	72.355	72.435	5
2025-02-26 13:40	72.450	72.450	72.395	72.405	5
2025-02-26 13:45	72.410	72.425	72.335	72.340	5
2025-02-26 13:50	72.335	72.360	72.285	72.325	5
2025-02-26 13:55	72.310	72.335	72.255	72.265	5
2025-02-26 14:00	72.260	72.575	72.235	72.475	5
2025-02-26 14:05	72.485	72.625	72.475	72.545	5
2025-02-26 14:10	72.535	72.575	72.455	72.505	5
2025-02-26 14:15	72.495	72.495	72.330	72.365	5
2025-02-26 14:20	72.360	72.400	72.335	72.355	5
2025-02-26 14:25	72.360	72.365	72.295	72.295	5
2025-02-26 14:30	72.305	72.355	72.245	72.335	5
2025-02-26 14:35	72.325	72.325	72.265	72.295	5
2025-02-26 14:40	72.290	72.305	72.245	72.285	5
2025-02-26 14:45	72.295	72.445	72.295	72.345	5
2025-02-26 14:50	72.340	72.445	72.335	72.415	5
2025-02-26 14:55	72.425	72.435	72.365	72.385	5
2025-02-26 15:00	72.390	72.565	72.380	72.525	5
2025-02-26 15:05	72.515	72.575	72.425	72.475	5
2025-02-26 15:10	72.485	72.495	72.395	72.395	5
2025-02-26 15:15	72.400	72.515	72.400	72.455	5
2025-02-26 15:20	72.450	72.475	72.375	72.375	5
2025-02-26 15:25	72.380	72.415	72.355	72.405	5
2025-02-26 15:30	72.370	72.495	72.325	72.355	5
2025-02-26 15:35	72.360	72.435	72.345	72.345	5
2025-02-26 15:40	72.355	72.455	72.305	72.305	5
2025-02-26 15:45	72.300	72.320	71.985	71.985	5
2025-02-26 15:50	71.995	72.315	71.995	72.180	5
2025-02-26 15:55	72.185	72.265	72.140	72.145	5
2025-02-26 16:00	72.165	72.465	72.135	72.425	5
2025-02-26 16:05	72.430	72.590	72.430	72.465	5
2025-02-26 16:10	72.475	72.525	72.385	72.420	5
2025-02-26 16:15	72.415	72.435	72.310	72.320	5
2025-02-26 16:20	72.325	72.375	72.300	72.360	5
2025-02-26 16:25	72.365	72.425	72.235	72.295	5
2025-02-26 16:30	72.300	72.340	72.265	72.325	5
2025-02-26 16:35	72.315	72.505	72.270	72.475	5
2025-02-26 16:40	72.470	72.470	72.360	72.365	5
2025-02-26 16:45	72.375	72.375	72.140	72.140	5
2025-02-26 16:50	72.135	72.235	72.125	72.225	5
2025-02-26 16:55	72.215	72.245	72.145	72.165	5
2025-02-26 17:00	72.160	72.255	72.133	72.250	5
2025-02-26 17:05	72.255	72.335	72.240	72.290	5
2025-02-26 17:10	72.285	72.285	72.215	72.230	5
2025-02-26 17:15	72.235	72.290	72.203	72.275	5
2025-02-26 17:20	72.285	72.300	72.155	72.185	5
2025-02-26 17:25	72.175	72.185	72.020	72.025	5
2025-02-26 17:30	72.020	72.085	71.910	71.925	5
2025-02-26 17:35	71.930	72.025	71.925	72.000	5
2025-02-26 17:40	72.005	72.282	71.995	72.185	5
2025-02-26 17:45	72.195	72.300	72.145	72.200	5
2025-02-26 17:50	72.205	72.255	72.165	72.205	5
2025-02-26 17:55	72.215	72.285	72.195	72.210	5
2025-02-26 18:00	72.205	72.230	72.145	72.160	5
2025-02-26 18:05	72.155	72.165	72.085	72.140	5
2025-02-26 18:10	72.135	72.155	72.025	72.045	5
2025-02-26 18:15	72.055	72.110	72.040	72.055	5
2025-02-26 18:20	72.060	72.075	72.030	72.035	5
2025-02-26 18:25	72.030	72.030	71.965	71.995	5
2025-02-26 18:30	72.005	72.060	71.995	72.005	5
2025-02-26 18:35	72.015	72.100	72.010	72.100	5
2025-02-26 18:40	72.105	72.145	72.035	72.040	5
2025-02-26 18:45	72.045	72.105	72.045	72.070	5
2025-02-26 18:50	72.065	72.065	71.985	71.990	5
2025-02-26 18:55	71.995	72.025	71.970	71.975	5
2025-02-26 19:00	71.970	72.020	71.955	71.995	5
2025-02-26 19:05	71.990	72.005	71.960	71.995	5
2025-02-26 19:10	71.990	72.340	71.945	72.030	5
2025-02-26 19:15	72.035	72.205	72.025	72.190	5
2025-02-26 19:20	72.185	72.250	72.135	72.145	5
2025-02-26 19:25	72.140	72.175	72.035	72.045	5
2025-02-26 19:30	72.055	72.225	72.055	72.225	5
2025-02-26 19:35	72.230	72.295	72.225	72.255	5
2025-02-26 19:40	72.245	72.275	72.200	72.215	5
2025-02-26 19:45	72.210	72.255	72.200	72.205	5
2025-02-26 19:50	72.215	72.235	72.200	72.225	5
2025-02-26 19:55	72.230	72.265	72.225	72.245	5
2025-02-26 20:00	72.250	72.295	72.245	72.265	5
2025-02-26 20:05	72.275	72.330	72.265	72.320	5
2025-02-26 20:10	72.325	72.335	72.275	72.275	5
2025-02-26 20:15	72.270	72.275	72.185	72.185	5
2025-02-26 20:20	72.180	72.185	72.165	72.170	5
2025-02-26 20:25	72.165	72.170	72.140	72.145	5
2025-02-26 20:30	72.150	72.175	72.145	72.165	5
2025-02-26 20:35	72.170	72.215	72.170	72.205	4
2025-02-26 20:40	72.210	72.265	72.210	72.265	5
2025-02-26 20:45	72.275	72.285	72.225	72.235	5
2025-02-26 20:50	72.240	72.265	72.210	72.210	5
2025-02-26 20:55	72.205	72.215	72.175	72.205	5
2025-02-26 21:00	72.210	72.210	72.172	72.177	5
2025-02-26 21:05	72.182	72.182	72.162	72.172	5
2025-02-26 21:10	72.177	72.222	72.177	72.217	5
2025-02-26 21:15	72.222	72.222	72.192	72.197	5
2025-02-26 21:20	72.202	72.222	72.187	72.192	5
2025-02-26 21:25	72.187	72.202	72.182	72.192	3
2025-02-26 21:30	72.202	72.232	72.202	72.222	2
2025-02-26 21:35	72.212	72.222	72.212	72.222	2
2025-02-26 21:40	72.212	72.252	72.207	72.222	4
2025-02-26 21:45	72.217	72.232	72.202	72.222	4
2025-02-26 21:50	72.227	72.262	72.222	72.262	3
2025-02-26 21:55	72.252	72.262	72.242	72.247	5
2025-02-27 01:00	72.220	72.320	72.145	72.270	5
2025-02-27 01:05	72.280	72.295	72.265	72.275	5
2025-02-27 01:10	72.270	72.300	72.240	72.245	5
2025-02-27 01:15	72.240	72.275	72.225	72.275	5
2025-02-27 01:20	72.270	72.270	72.218	72.255	4
2025-02-27 01:25	72.250	72.275	72.245	72.260	5
2025-02-27 01:30	72.265	72.315	72.265	72.310	5
2025-02-27 01:35	72.315	72.325	72.275	72.295	5
2025-02-27 01:40	72.305	72.330	72.300	72.315	5
2025-02-27 01:45	72.320	72.325	72.290	72.290	5
2025-02-27 01:50	72.285	72.285	72.235	72.240	5
2025-02-27 01:55	72.245	72.300	72.245	72.270	5
2025-02-27 02:00	72.265	72.295	72.265	72.275	5
2025-02-27 02:05	72.270	72.295	72.255	72.295	5
2025-02-27 02:10	72.300	72.315	72.285	72.300	5
2025-02-27 02:15	72.295	72.315	72.280	72.300	5
2025-02-27 02:20	72.295	72.315	72.285	72.315	4
2025-02-27 02:25	72.310	72.325	72.310	72.315	5
2025-02-27 02:30	72.325	72.365	72.325	72.335	5
2025-02-27 02:35	72.330	72.340	72.305	72.305	5
2025-02-27 02:40	72.310	72.315	72.295	72.315	4
2025-02-27 02:45	72.305	72.305	72.285	72.290	5
2025-02-27 02:50	72.285	72.315	72.248	72.290	5
2025-02-27 02:55	72.295	72.315	72.285	72.290	5
2025-02-27 03:00	72.295	72.325	72.265	72.265	5
2025-02-27 03:05	72.275	72.275	72.228	72.275	3
2025-02-27 03:10	72.228	72.228	72.228	72.228	1
2025-02-27 03:20	72.275	72.275	72.228	72.275	3
2025-02-27 03:25	72.228	72.275	72.228	72.275	4
2025-02-27 03:30	72.228	72.275	72.228	72.275	2
2025-02-27 03:35	72.228	72.275	72.228	72.228	2
2025-02-27 03:40	72.275	72.275	72.228	72.228	3
2025-02-27 03:45	72.275	72.275	72.228	72.275	4
2025-02-27 03:50	72.275	72.275	72.228	72.275	2
2025-02-27 03:55	72.228	72.275	72.228	72.275	3
2025-02-27 04:00	72.270	72.270	72.218	72.265	3
2025-02-27 04:05	72.218	72.275	72.218	72.265	4
2025-02-27 04:10	72.265	72.275	72.265	72.265	3
2025-02-27 04:15	72.218	72.265	72.218	72.265	3
2025-02-27 04:20	72.265	72.265	72.265	72.265	1
2025-02-27 05:00	72.265	72.265	72.265	72.265	1
2025-02-27 05:05	72.265	72.265	72.265	72.265	2
2025-02-27 05:10	72.265	72.275	72.265	72.275	4
2025-02-27 05:15	72.275	72.275	72.275	72.275	2
2025-02-27 05:20	72.275	72.275	72.275	72.275	1
2025-02-27 05:25	72.275	72.275	72.275	72.275	1
2025-02-27 05:40	72.265	72.275	72.265	72.275	3
2025-02-27 05:45	72.275	72.275	72.275	72.275	3
2025-02-27 05:50	72.275	72.275	72.228	72.275	4
2025-02-27 05:55	72.228	72.275	72.228	72.275	2
2025-02-27 06:00	72.228	72.275	72.228	72.275	3
2025-02-27 06:20	72.275	72.275	72.228	72.275	1
2025-02-27 06:25	72.228	72.275	72.228	72.275	1
2025-02-27 06:30	72.275	72.275	72.228	72.275	4
2025-02-27 06:35	72.228	72.275	72.228	72.228	2
2025-02-27 06:40	72.275	72.275	72.228	72.228	4
2025-02-27 06:45	72.275	72.275	72.228	72.275	1
2025-02-27 06:50	72.275	72.275	72.228	72.275	1
2025-02-27 07:00	72.235	72.250	72.195	72.205	4
2025-02-27 07:05	72.210	72.210	72.135	72.135	5
2025-02-27 07:10	72.140	72.155	72.105	72.105	5
2025-02-27 07:15	72.115	72.175	72.105	72.115	5
2025-02-27 07:20	72.105	72.130	72.080	72.095	5
2025-02-27 07:25	72.090	72.105	72.075	72.105	4
2025-02-27 07:30	72.135	72.195	72.135	72.190	4
2025-02-27 07:35	72.195	72.260	72.165	72.180	5
2025-02-27 07:40	72.185	72.305	72.185	72.305	5
2025-02-27 07:45	72.300	72.375	72.295	72.360	5
2025-02-27 07:50	72.365	72.395	72.345	72.385	5
2025-02-27 07:55	72.380	72.385	72.340	72.345	5
2025-02-27 08:00	72.340	72.375	72.265	72.355	5
2025-02-27 08:05	72.350	72.375	72.300	72.325	5
2025-02-27 08:10	72.330	72.355	72.295	72.345	5
2025-02-27 08:15	72.355	72.395	72.335	72.375	5
2025-02-27 08:20	72.385	72.430	72.380	72.395	5
2025-02-27 08:25	72.385	72.395	72.335	72.370	5
2025-02-27 08:30	72.385	72.455	72.365	72.390	5
2025-02-27 08:35	72.385	72.445	72.375	72.425	5
2025-02-27 08:40	72.430	72.455	72.395	72.415	5
2025-02-27 08:45	72.425	72.505	72.425	72.500	5
2025-02-27 08:50	72.505	72.505	72.435	72.495	5
2025-02-27 08:55	72.485	72.495	72.430	72.450	5
2025-02-27 09:00	72.455	72.455	72.405	72.425	5
2025-02-27 09:05	72.435	72.525	72.435	72.465	5
2025-02-27 09:10	72.470	72.480	72.415	72.425	5
2025-02-27 09:15	72.420	72.475	72.395	72.435	5
2025-02-27 09:20	72.430	72.470	72.405	72.435	5
2025-02-27 09:25	72.445	72.495	72.435	72.475	5
2025-02-27 09:30	72.485	72.570	72.485	72.545	5
2025-02-27 09:35	72.540	72.615	72.540	72.605	5
2025-02-27 09:40	72.610	72.635	72.595	72.615	5
2025-02-27 09:45	72.625	72.670	72.595	72.635	5
2025-02-27 09:50	72.645	72.665	72.605	72.665	5
2025-02-27 09:55	72.685	72.755	72.665	72.755	5
2025-02-27 10:00	72.745	72.785	72.675	72.695	5
2025-02-27 10:05	72.690	72.740	72.675	72.720	5
2025-02-27 10:10	72.725	72.775	72.710	72.770	5
2025-02-27 10:15	72.765	72.770	72.705	72.720	5
2025-02-27 10:20	72.715	72.715	72.650	72.685	5
2025-02-27 10:25	72.695	72.740	72.665	72.715	5
2025-02-27 10:30	72.720	72.735	72.675	72.720	5
2025-02-27 10:35	72.715	72.720	72.675	72.675	5
2025-02-27 10:40	72.670	72.735	72.655	72.735	5
2025-02-27 10:45	72.730	72.740	72.685	72.695	5
2025-02-27 10:50	72.700	72.740	72.700	72.735	5
2025-02-27 10:55	72.740	72.765	72.725	72.760	5
2025-02-27 11:00	72.755	72.785	72.725	72.770	5
2025-02-27 11:05	72.765	72.825	72.755	72.815	5
2025-02-27 11:10	72.825	72.855	72.790	72.805	5
2025-02-27 11:15	72.810	72.825	72.775	72.815	4
2025-02-27 11:20	72.810	72.875	72.805	72.870	5
2025-02-27 11:25	72.865	72.870	72.755	72.790	5
2025-02-27 11:30	72.785	72.835	72.785	72.815	5
2025-02-27 11:35	72.820	72.820	72.740	72.755	5
2025-02-27 11:40	72.750	72.755	72.725	72.745	4
2025-02-27 11:45	72.750	72.765	72.735	72.755	5
2025-02-27 11:50	72.750	72.780	72.725	72.765	5
2025-02-27 11:55	72.755	72.775	72.715	72.735	5
2025-02-27 12:00	72.730	72.745	72.673	72.725	5
2025-02-27 12:05	72.730	72.740	72.670	72.690	5
2025-02-27 12:10	72.695	72.780	72.695	72.775	5
2025-02-27 12:15	72.785	72.925	72.785	72.875	5
2025-02-27 12:20	72.885	72.900	72.855	72.885	5
2025-02-27 12:25	72.890	72.890	72.835	72.845	5
2025-02-27 12:30	72.855	72.865	72.790	72.825	5
2025-02-27 12:35	72.820	72.915	72.815	72.855	5
2025-02-27 12:40	72.845	72.875	72.840	72.845	5
2025-02-27 12:45	72.855	72.855	72.815	72.855	5
2025-02-27 12:50	72.860	72.865	72.805	72.815	5
2025-02-27 12:55	72.825	72.840	72.750	72.765	5
2025-02-27 13:00	72.785	72.880	72.745	72.845	5
2025-02-27 13:05	72.850	72.915	72.845	72.855	5
2025-02-27 13:10	72.860	72.905	72.845	72.855	5
2025-02-27 13:15	72.860	72.895	72.815	72.875	5
2025-02-27 13:20	72.865	72.885	72.805	72.815	5
2025-02-27 13:25	72.805	72.805	72.750	72.755	5
2025-02-27 13:30	72.760	72.810	72.715	72.755	5
2025-02-27 13:35	72.745	72.800	72.735	72.760	5
2025-02-27 13:40	72.755	72.840	72.755	72.805	5
2025-02-27 13:45	72.815	73.240	72.763	73.195	5
2025-02-27 13:50	73.190	73.245	73.075	73.125	5
2025-02-27 13:55	73.120	73.120	72.780	72.805	5
2025-02-27 14:00	72.795	72.990	72.745	72.950	5
2025-02-27 14:05	72.940	73.145	72.935	73.125	5
2025-02-27 14:10	73.130	73.130	73.025	73.100	5
2025-02-27 14:15	73.105	73.215	73.080	73.180	5
2025-02-27 14:20	73.185	73.215	73.145	73.215	5
2025-02-27 14:25	73.220	73.245	73.115	73.135	5
2025-02-27 14:30	73.140	73.205	73.055	73.185	5
2025-02-27 14:35	73.195	73.195	73.045	73.095	5
2025-02-27 14:40	73.090	73.145	73.020	73.065	5
2025-02-27 14:45	73.060	73.105	72.990	73.025	5
2025-02-27 14:50	73.035	73.055	72.955	72.995	5
2025-02-27 14:55	72.985	73.005	72.905	72.925	5
2025-02-27 15:00	72.930	73.035	72.875	73.025	5
2025-02-27 15:05	73.035	73.075	72.905	72.955	5
2025-02-27 15:10	72.945	73.115	72.915	73.115	5
2025-02-27 15:15	73.120	73.200	73.095	73.175	5
2025-02-27 15:20	73.185	73.415	73.175	73.375	5
2025-02-27 15:25	73.385	73.435	73.345	73.430	5
2025-02-27 15:30	73.425	73.445	73.325	73.345	5
2025-02-27 15:35	73.355	73.415	73.305	73.375	5
2025-02-27 15:40	73.365	73.380	73.265	73.355	5
2025-02-27 15:45	73.345	73.395	73.305	73.335	5
2025-02-27 15:50	73.340	73.360	73.285	73.305	5
2025-02-27 15:55	73.315	73.405	73.315	73.335	5
2025-02-27 16:00	73.345	73.395	73.305	73.335	5
2025-02-27 16:05	73.340	73.395	73.315	73.370	5
2025-02-27 16:10	73.375	73.405	73.275	73.285	5
2025-02-27 16:15	73.295	73.395	73.265	73.375	5
2025-02-27 16:20	73.385	73.395	73.275	73.280	5
2025-02-27 16:25	73.285	73.325	73.195	73.225	5
2025-02-27 16:30	73.235	73.265	73.165	73.245	5
2025-02-27 16:35	73.235	73.245	73.125	73.130	5
2025-02-27 16:40	73.125	73.205	73.125	73.195	5
2025-02-27 16:45	73.200	73.355	73.195	73.295	5
2025-02-27 16:50	73.300	73.325	73.275	73.290	5
2025-02-27 16:55	73.295	73.335	73.275	73.285	5
2025-02-27 17:00	73.275	73.405	73.265	73.375	5
2025-02-27 17:05	73.365	73.425	73.355	73.365	5
2025-02-27 17:10	73.370	73.425	73.345	73.425	5
2025-02-27 17:15	73.420	73.425	73.365	73.395	5
2025-02-27 17:20	73.385	73.410	73.375	73.405	5
2025-02-27 17:25	73.395	73.425	73.345	73.365	5
2025-02-27 17:30	73.355	73.425	73.345	73.350	5
2025-02-27 17:35	73.355	73.375	73.315	73.335	5
2025-02-27 17:40	73.325	73.715	73.325	73.525	5
2025-02-27 17:45	73.530	73.540	73.245	73.275	5
2025-02-27 17:50	73.270	73.405	73.250	73.335	5
2025-02-27 17:55	73.345	73.415	73.305	73.415	5
2025-02-27 18:00	73.410	73.465	73.345	73.355	5
2025-02-27 18:05	73.375	73.385	73.315	73.320	5
2025-02-27 18:10	73.325	73.425	73.325	73.415	5
2025-02-27 18:15	73.420	73.450	73.395	73.435	5
2025-02-27 18:20	73.430	73.530	73.415	73.480	5
2025-02-27 18:25	73.485	73.535	73.465	73.505	5
2025-02-27 18:30	73.495	73.535	73.485	73.520	5
2025-02-27 18:35	73.515	73.645	73.505	73.640	5
2025-02-27 18:40	73.635	73.645	73.585	73.605	5
2025-02-27 18:45	73.615	73.640	73.516	73.555	5
2025-02-27 18:50	73.560	73.615	73.535	73.535	5
2025-02-27 18:55	73.525	73.585	73.485	73.495	5
2025-02-27 19:00	73.500	73.565	73.485	73.560	5
2025-02-27 19:05	73.565	73.570	73.460	73.465	5
2025-02-27 19:10	73.455	73.565	73.455	73.505	5
2025-02-27 19:15	73.495	73.525	73.445	73.525	5
2025-02-27 19:20	73.535	73.590	73.535	73.575	5
2025-02-27 19:25	73.570	73.625	73.515	73.565	5
2025-02-27 19:30	73.560	73.615	73.525	73.535	5
2025-02-27 19:35	73.530	73.585	73.530	73.545	5
2025-02-27 19:40	73.535	73.545	73.485	73.525	5
2025-02-27 19:45	73.530	73.545	73.515	73.525	5
2025-02-27 19:50	73.520	73.535	73.510	73.515	5
2025-02-27 19:55	73.525	73.535	73.510	73.515	5
2025-02-27 20:00	73.505	73.505	73.430	73.445	5
2025-02-27 20:05	73.450	73.485	73.395	73.405	4
2025-02-27 20:10	73.400	73.425	73.375	73.400	5
2025-02-27 20:15	73.395	73.425	73.395	73.410	4
2025-02-27 20:20	73.405	73.435	73.390	73.395	5
2025-02-27 20:25	73.390	73.415	73.375	73.380	5
2025-02-27 20:30	73.385	73.425	73.375	73.400	5
2025-02-27 20:35	73.405	73.430	73.395	73.425	4
2025-02-27 20:40	73.430	73.435	73.405	73.415	5
2025-02-27 20:45	73.410	73.425	73.345	73.360	5
2025-02-27 20:50	73.355	73.375	73.325	73.335	5
2025-02-27 20:55	73.325	73.325	73.305	73.315	5
2025-02-27 21:00	73.292	73.312	73.282	73.282	5
2025-02-27 21:05	73.287	73.312	73.282	73.292	5
2025-02-27 21:10	73.282	73.287	73.272	73.282	3
2025-02-27 21:15	73.272	73.292	73.252	73.282	5
2025-02-27 21:20	73.272	73.297	73.262	73.272	5
2025-02-27 21:25	73.267	73.282	73.267	73.282	3
2025-02-27 21:30	73.258	73.292	73.252	73.282	5
2025-02-27 21:35	73.272	73.287	73.242	73.262	5
2025-02-27 21:40	73.257	73.272	73.257	73.272	5
2025-02-27 21:45	73.262	73.292	73.262	73.287	2
2025-02-27 21:50	73.282	73.312	73.262	73.267	5
2025-02-27 21:55	73.262	73.312	73.262	73.312	5
2025-02-28 01:00	73.260	73.350	73.230	73.265	5
2025-02-28 01:05	73.270	73.270	73.215	73.245	5
2025-02-28 01:10	73.255	73.310	73.255	73.285	5
2025-02-28 01:15	73.275	73.295	73.245	73.280	5
2025-02-28 01:20	73.275	73.295	73.260	73.275	5
2025-02-28 01:25	73.270	73.295	73.265	73.265	5
2025-02-28 01:30	73.250	73.285	73.225	73.260	5
2025-02-28 01:35	73.255	73.275	73.235	73.245	5
2025-02-28 01:40	73.250	73.315	73.250	73.285	5
2025-02-28 01:45	73.280	73.300	73.260	73.275	5
2025-02-28 01:50	73.265	73.295	73.210	73.220	5
2025-02-28 01:55	73.215	73.225	73.185	73.190	5
2025-02-28 02:00	73.185	73.215	73.150	73.170	5
2025-02-28 02:05	73.175	73.315	73.170	73.295	4
2025-02-28 02:10	73.290	73.305	73.210	73.215	5
2025-02-28 02:15	73.205	73.220	73.195	73.200	5
2025-02-28 02:20	73.195	73.275	73.185	73.265	5
2025-02-28 02:25	73.275	73.285	73.265	73.270	4
2025-02-28 02:30	73.275	73.335	73.270	73.325	5
2025-02-28 02:35	73.320	73.325	73.285	73.305	5
2025-02-28 02:40	73.300	73.325	73.280	73.290	5
2025-02-28 02:45	73.295	73.305	73.285	73.295	4
2025-02-28 02:50	73.300	73.325	73.285	73.295	4
2025-02-28 02:55	73.285	73.320	73.275	73.285	5
2025-02-28 03:00	73.290	73.300	73.265	73.290	5
2025-02-28 03:05	73.285	73.315	73.275	73.280	5
2025-02-28 03:10	73.285	73.295	73.255	73.265	5
2025-02-28 03:15	73.255	73.255	73.205	73.220	5
2025-02-28 03:20	73.215	73.225	73.195	73.220	5
2025-02-28 03:25	73.225	73.250	73.215	73.230	5
2025-02-28 03:30	73.235	73.245	73.215	73.230	5
2025-02-28 03:35	73.235	73.240	73.195	73.210	5
2025-02-28 03:40	73.215	73.250	73.210	73.250	5
2025-02-28 03:45	73.245	73.255	73.245	73.245	2
2025-02-28 03:50	73.250	73.275	73.210	73.210	5
2025-02-28 03:55	73.215	73.225	73.185	73.200	5
2025-02-28 04:00	73.205	73.245	73.205	73.235	5
2025-02-28 04:05	73.230	73.235	73.220	73.220	4
2025-02-28 04:10	73.215	73.220	73.195	73.200	5
2025-02-28 04:15	73.195	73.215	73.190	73.200	5
2025-02-28 04:20	73.205	73.205	73.148	73.195	4
2025-02-28 04:25	73.190	73.195	73.155	73.175	4
2025-02-28 04:30	73.180	73.185	73.165	73.180	5
2025-02-28 04:35	73.175	73.205	73.175	73.200	5
2025-02-28 04:40	73.205	73.215	73.148	73.205	4
2025-02-28 04:45	73.210	73.235	73.210	73.220	4
2025-02-28 04:50	73.225	73.230	73.205	73.205	5
2025-02-28 04:55	73.195	73.210	73.195	73.205	5
2025-02-28 05:00	73.200	73.225	73.195	73.215	5
2025-02-28 05:05	73.220	73.235	73.195	73.220	5
2025-02-28 05:10	73.215	73.240	73.205	73.220	5
2025-02-28 05:15	73.225	73.240	73.205	73.205	4
2025-02-28 05:20	73.210	73.225	73.205	73.210	5
2025-02-28 05:25	73.215	73.215	73.155	73.155	5
2025-02-28 05:30	73.135	73.150	73.090	73.090	5
2025-02-28 05:35	73.095	73.120	73.075	73.120	5
2025-02-28 05:40	73.125	73.125	73.095	73.115	5
2025-02-28 05:45	73.105	73.130	73.095	73.105	5
2025-02-28 05:50	73.110	73.155	73.105	73.140	5
2025-02-28 05:55	73.145	73.190	73.135	73.175	5
2025-02-28 06:00	73.180	73.195	73.150	73.150	5
2025-02-28 06:05	73.145	73.185	73.145	73.170	5
2025-02-28 06:10	73.165	73.165	73.105	73.115	5
2025-02-28 06:15	73.120	73.120	73.035	73.055	5
2025-02-28 06:20	73.050	73.055	73.005	73.045	5
2025-02-28 06:25	73.050	73.060	73.030	73.055	5
2025-02-28 06:30	73.060	73.065	73.040	73.060	5
2025-02-28 06:35	73.070	73.095	73.060	73.080	5
2025-02-28 06:40	73.085	73.095	73.060	73.070	5
2025-02-28 06:45	73.075	73.105	73.065	73.065	5
2025-02-28 06:50	73.060	73.085	73.060	73.065	5
2025-02-28 06:55	73.055	73.080	73.020	73.045	5
2025-02-28 07:00	73.035	73.035	72.955	72.960	5
2025-02-28 07:05	72.965	72.995	72.955	72.960	5
2025-02-28 07:10	72.965	72.965	72.915	72.915	5
2025-02-28 07:15	72.925	72.995	72.925	72.975	5
2025-02-28 07:20	72.965	72.985	72.930	72.975	5
2025-02-28 07:25	72.985	72.985	72.930	72.940	5
2025-02-28 07:30	72.945	72.970	72.915	72.920	5
2025-02-28 07:35	72.915	72.925	72.885	72.885	5
2025-02-28 07:40	72.895	72.985	72.885	72.930	5
2025-02-28 07:45	72.925	72.985	72.915	72.945	5
2025-02-28 07:50	72.940	72.955	72.910	72.915	5
2025-02-28 07:55	72.925	72.985	72.925	72.975	5
2025-02-28 08:00	72.955	72.965	72.875	72.935	5
2025-02-28 08:05	72.945	72.975	72.925	72.935	5
2025-02-28 08:10	72.930	72.935	72.885	72.885	5
2025-02-28 08:15	72.875	72.910	72.845	72.875	5
2025-02-28 08:20	72.865	72.965	72.855	72.945	5
2025-02-28 08:25	72.940	73.025	72.915	73.025	5
2025-02-28 08:30	73.015	73.025	72.885	72.885	5
2025-02-28 08:35	72.880	72.925	72.845	72.905	5
2025-02-28 08:40	72.895	72.895	72.760	72.765	5
2025-02-28 08:45	72.755	72.910	72.755	72.770	5
2025-02-28 08:50	72.775	72.795	72.745	72.770	5
2025-02-28 08:55	72.765	72.805	72.765	72.800	5
2025-02-28 09:00	72.810	72.915	72.795	72.885	5
2025-02-28 09:05	72.890	72.940	72.865	72.915	5
2025-02-28 09:10	72.905	72.935	72.870	72.875	5
2025-02-28 09:15	72.865	72.955	72.865	72.955	5
2025-02-28 09:20	72.960	72.995	72.940	72.945	5
2025-02-28 09:25	72.940	72.950	72.865	72.865	5
2025-02-28 09:30	72.855	72.915	72.845	72.905	5
2025-02-28 09:35	72.900	73.005	72.823	72.935	5
2025-02-28 09:40	72.925	72.945	72.850	72.865	5
2025-02-28 09:45	72.860	72.955	72.850	72.955	5
2025-02-28 09:50	72.965	72.970	72.875	72.880	5
2025-02-28 09:55	72.875	72.900	72.845	72.865	5
2025-02-28 10:00	72.845	72.855	72.835	72.845	3
2025-02-28 10:05	72.835	72.865	72.750	72.860	5
2025-02-28 10:10	72.855	72.900	72.785	72.890	5
2025-02-28 10:15	72.895	72.905	72.780	72.795	5
2025-02-28 10:20	72.785	72.875	72.785	72.845	5
2025-02-28 10:25	72.840	72.865	72.775	72.795	5
2025-02-28 10:30	72.790	72.815	72.745	72.785	5
2025-02-28 10:35	72.775	72.885	72.765	72.785	5
2025-02-28 10:40	72.790	72.830	72.715	72.820	5
2025-02-28 10:45	72.815	72.850	72.785	72.805	5
2025-02-28 10:50	72.800	72.805	72.755	72.765	5
2025-02-28 10:55	72.755	72.765	72.620	72.655	5
2025-02-28 11:00	72.660	72.675	72.595	72.655	5
2025-02-28 11:05	72.665	72.680	72.625	72.665	5
2025-02-28 11:10	72.655	72.675	72.635	72.655	5
2025-02-28 11:15	72.665	72.675	72.585	72.595	5
2025-02-28 11:20	72.590	72.620	72.560	72.590	5
2025-02-28 11:25	72.595	72.640	72.585	72.625	5
2025-02-28 11:30	72.630	72.725	72.630	72.715	5
2025-02-28 11:35	72.710	72.710	72.620	72.655	5
2025-02-28 11:40	72.645	72.650	72.605	72.640	5
2025-02-28 11:45	72.645	72.795	72.640	72.745	5
2025-02-28 11:50	72.735	72.765	72.725	72.735	4
2025-02-28 11:55	72.745	72.765	72.725	72.730	5
2025-02-28 12:00	72.725	72.825	72.700	72.705	5
2025-02-28 12:05	72.695	72.735	72.680	72.685	5
2025-02-28 12:10	72.695	72.700	72.645	72.645	5
2025-02-28 12:15	72.630	72.690	72.630	72.675	5
2025-02-28 12:20	72.685	72.685	72.630	72.675	5
2025-02-28 12:25	72.665	72.695	72.635	72.655	5
2025-02-28 12:30	72.645	72.675	72.620	72.665	5
2025-02-28 12:35	72.675	72.685	72.645	72.655	5
2025-02-28 12:40	72.645	72.685	72.635	72.650	5
2025-02-28 12:45	72.645	72.665	72.585	72.620	5
2025-02-28 12:50	72.615	72.690	72.615	72.685	5
2025-02-28 12:55	72.675	72.715	72.640	72.645	5
2025-02-28 13:00	72.640	72.745	72.640	72.685	5
2025-02-28 13:05	72.670	72.805	72.645	72.795	5
2025-02-28 13:10	72.790	72.800	72.685	72.730	5
2025-02-28 13:15	72.735	72.775	72.710	72.765	5
2025-02-28 13:20	72.775	72.795	72.695	72.705	5
2025-02-28 13:25	72.695	72.705	72.655	72.670	5
2025-02-28 13:30	72.675	72.845	72.670	72.795	5
2025-02-28 13:35	72.815	72.835	72.775	72.825	5
2025-02-28 13:40	72.820	72.820	72.735	72.785	5
2025-02-28 13:45	72.780	72.825	72.760	72.795	5
2025-02-28 13:50	72.790	72.825	72.770	72.815	5
2025-02-28 13:55	72.805	72.860	72.735	72.735	5
2025-02-28 14:00	72.725	72.805	72.645	72.645	5
2025-02-28 14:05	72.640	72.715	72.635	72.700	5
2025-02-28 14:10	72.710	72.790	72.695	72.785	5
2025-02-28 14:15	72.795	72.815	72.745	72.755	5
2025-02-28 14:20	72.745	72.755	72.685	72.705	5
2025-02-28 14:25	72.695	72.715	72.615	72.685	5
2025-02-28 14:30	72.675	72.675	72.535	72.565	5
2025-02-28 14:35	72.575	72.705	72.555	72.695	5
2025-02-28 14:40	72.690	72.725	72.645	72.685	5
2025-02-28 14:45	72.680	72.685	72.535	72.605	5
2025-02-28 14:50	72.595	72.605	72.535	72.535	5
2025-02-28 14:55	72.545	72.545	72.340	72.375	5
2025-02-28 15:00	72.385	72.405	72.305	72.375	5
2025-02-28 15:05	72.370	72.535	72.365	72.510	5
2025-02-28 15:10	72.505	72.555	72.495	72.545	5
2025-02-28 15:15	72.540	72.555	72.460	72.515	5
2025-02-28 15:20	72.525	72.635	72.510	72.630	5
2025-02-28 15:25	72.645	72.725	72.625	72.685	5
2025-02-28 15:30	72.695	72.815	72.665	72.795	5
2025-02-28 15:35	72.800	72.815	72.695	72.720	5
2025-02-28 15:40	72.725	72.755	72.685	72.705	5
2025-02-28 15:45	72.710	72.835	72.683	72.820	5
2025-02-28 15:50	72.815	72.965	72.805	72.925	5
2025-02-28 15:55	72.915	72.975	72.835	72.935	5
2025-02-28 16:00	72.945	73.005	72.920	72.960	5
2025-02-28 16:05	72.965	72.975	72.855	72.905	5
2025-02-28 16:10	72.915	72.935	72.815	72.825	5
2025-02-28 16:15	72.820	72.835	72.715	72.725	5
2025-02-28 16:20	72.730	72.745	72.655	72.675	5
2025-02-28 16:25	72.670	72.745	72.625	72.635	5
2025-02-28 16:30	72.645	72.675	72.585	72.655	5
2025-02-28 16:35	72.650	72.705	72.635	72.655	5
2025-02-28 16:40	72.670	72.755	72.660	72.745	5
2025-02-28 16:45	72.735	72.865	72.705	72.855	5
2025-02-28 16:50	72.845	72.855	72.725	72.725	5
2025-02-28 16:55	72.735	72.765	72.720	72.740	5
2025-02-28 17:00	72.735	72.785	72.685	72.705	5
2025-02-28 17:05	72.695	72.750	72.695	72.735	5
2025-02-28 17:10	72.725	72.745	72.675	72.725	5
2025-02-28 17:15	72.735	72.785	72.700	72.785	5
2025-02-28 17:20	72.770	72.915	72.770	72.875	5
2025-02-28 17:25	72.885	72.905	72.815	72.885	5
2025-02-28 17:30	72.895	72.975	72.865	72.910	5
2025-02-28 17:35	72.905	72.975	72.885	72.965	5
2025-02-28 17:40	72.975	72.975	72.910	72.955	5
2025-02-28 17:45	72.960	72.965	72.865	72.895	5
2025-02-28 17:50	72.905	72.925	72.880	72.905	5
2025-02-28 17:55	72.900	72.905	72.820	72.875	5
2025-02-28 18:00	72.865	72.915	72.825	72.915	5
2025-02-28 18:05	72.920	72.925	72.815	72.815	5
2025-02-28 18:10	72.830	72.835	72.685	72.730	5
2025-02-28 18:15	72.735	72.935	72.685	72.875	5
2025-02-28 18:20	72.885	73.000	72.845	72.985	5
2025-02-28 18:25	72.990	73.075	72.940	73.075	5
2025-02-28 18:30	73.065	73.175	73.035	73.175	5
2025-02-28 18:35	73.185	73.235	73.120	73.185	5
2025-02-28 18:40	73.195	73.235	73.155	73.210	5
2025-02-28 18:45	73.215	73.235	73.165	73.225	5
2025-02-28 18:50	73.230	73.245	73.185	73.230	5
2025-02-28 18:55	73.230	73.235	73.065	73.075	5
2025-02-28 19:00	73.070	73.125	72.935	72.945	5
2025-02-28 19:05	72.940	73.045	72.935	72.965	5
2025-02-28 19:10	72.970	72.990	72.805	72.805	5
2025-02-28 19:15	72.815	72.890	72.815	72.890	5
2025-02-28 19:20	72.895	72.955	72.850	72.875	5
2025-02-28 19:25	72.870	72.965	72.745	72.755	5
2025-02-28 19:30	72.765	72.785	72.665	72.745	5
2025-02-28 19:35	72.735	72.735	72.665	72.665	5
2025-02-28 19:40	72.670	72.765	72.655	72.765	5
2025-02-28 19:45	72.775	72.820	72.755	72.805	5
2025-02-28 19:50	72.800	72.860	72.795	72.845	5
2025-02-28 19:55	72.850	72.860	72.785	72.815	5
2025-02-28 20:00	72.820	72.835	72.805	72.825	5
2025-02-28 20:05	72.830	72.915	72.825	72.900	5
2025-02-28 20:10	72.895	72.920	72.885	72.920	5
2025-02-28 20:15	72.915	72.965	72.900	72.945	5
2025-02-28 20:20	72.935	72.975	72.935	72.975	5
2025-02-28 20:25	72.985	72.995	72.955	72.970	5
2025-02-28 20:30	72.965	72.985	72.925	72.955	5
2025-02-28 20:35	72.940	72.995	72.935	72.990	5
2025-02-28 20:40	72.995	73.025	72.985	73.025	5
2025-02-28 20:45	73.015	73.035	72.995	73.015	5
2025-02-28 20:50	73.025	73.060	73.025	73.055	5
2025-02-28 20:55	73.065	73.125	73.065	73.090	5
2025-02-28 21:00	73.105	73.112	73.067	73.087	5
2025-02-28 21:05	73.077	73.107	73.052	73.052	5
2025-02-28 21:10	73.062	73.067	73.042	73.057	5
2025-02-28 21:15	73.062	73.082	73.032	73.042	5
2025-02-28 21:20	73.047	73.092	73.047	73.087	5
2025-02-28 21:25	73.082	73.102	73.072	73.082	5
2025-02-28 21:30	73.092	73.097	73.022	73.042	5
2025-02-28 21:35	73.037	73.047	73.022	73.022	4
2025-02-28 21:40	73.012	73.022	73.012	73.012	5
2025-02-28 21:45	72.988	73.012	72.972	72.997	5
2025-02-28 21:50	73.002	73.002	72.972	72.997	5
2025-02-28 21:55	73.002	73.032	72.982	73.002	5
2025-03-03 01:00	73.345	73.510	73.330	73.495	5
2025-03-03 01:05	73.485	73.555	73.485	73.495	5
2025-03-03 01:10	73.500	73.540	73.495	73.505	4
2025-03-03 01:15	73.515	73.555	73.495	73.555	5
2025-03-03 01:20	73.550	73.585	73.545	73.575	5
2025-03-03 01:25	73.585	73.585	73.555	73.560	5
2025-03-03 01:30	73.565	73.575	73.540	73.555	5
2025-03-03 01:35	73.550	73.555	73.520	73.545	4
2025-03-03 01:40	73.550	73.550	73.475	73.475	5
2025-03-03 01:45	73.465	73.535	73.450	73.515	5
2025-03-03 01:50	73.520	73.555	73.515	73.535	5
2025-03-03 01:55	73.540	73.555	73.520	73.525	4
2025-03-03 02:00	73.535	73.555	73.525	73.550	4
2025-03-03 02:05	73.545	73.640	73.545	73.640	5
2025-03-03 02:10	73.645	73.650	73.575	73.580	5
2025-03-03 02:15	73.585	73.605	73.545	73.570	5
2025-03-03 02:20	73.575	73.575	73.550	73.560	5
2025-03-03 02:25	73.555	73.575	73.525	73.545	5
2025-03-03 02:30	73.550	73.570	73.495	73.495	5
2025-03-03 02:35	73.475	73.475	73.425	73.425	5
2025-03-03 02:40	73.420	73.435	73.395	73.420	5
2025-03-03 02:45	73.415	73.445	73.370	73.375	5
2025-03-03 02:50	73.385	73.395	73.375	73.390	5
2025-03-03 02:55	73.385	73.405	73.305	73.320	5
2025-03-03 03:00	73.325	73.350	73.265	73.275	5
2025-03-03 03:05	73.280	73.290	73.255	73.270	5
2025-03-03 03:10	73.265	73.285	73.205	73.210	5
2025-03-03 03:15	73.215	73.255	73.160	73.175	5
2025-03-03 03:20	73.180	73.180	73.100	73.130	5
2025-03-03 03:25	73.135	73.145	73.085	73.115	5
2025-03-03 03:30	73.120	73.165	73.120	73.145	5
2025-03-03 03:35	73.140	73.185	73.140	73.180	5
2025-03-03 03:40	73.195	73.215	73.175	73.215	5
2025-03-03 03:45	73.205	73.225	73.175	73.185	5
2025-03-03 03:50	73.180	73.220	73.158	73.215	5
2025-03-03 03:55	73.210	73.225	73.210	73.225	5
2025-03-03 04:00	73.220	73.225	73.143	73.220	5
2025-03-03 04:05	73.215	73.225	73.190	73.190	5
2025-03-03 04:10	73.195	73.220	73.148	73.215	5
2025-03-03 04:15	73.210	73.215	73.158	73.210	5
2025-03-03 04:20	73.215	73.215	73.200	73.205	5
2025-03-03 04:25	73.158	73.205	73.120	73.130	4
2025-03-03 04:30	73.135	73.135	73.105	73.110	5
2025-03-03 04:35	73.115	73.145	73.115	73.140	5
2025-03-03 04:40	73.135	73.155	73.108	73.155	5
2025-03-03 04:45	73.108	73.195	73.108	73.190	5
2025-03-03 04:50	73.185	73.190	73.170	73.185	5
2025-03-03 04:55	73.180	73.185	73.170	73.170	4
2025-03-03 05:00	73.165	73.165	73.115	73.135	5
2025-03-03 05:05	73.130	73.130	73.095	73.105	5
2025-03-03 05:10	73.110	73.145	73.110	73.140	4
2025-03-03 05:15	73.135	73.155	73.135	73.150	5
2025-03-03 05:20	73.145	73.155	73.098	73.150	5
2025-03-03 05:25	73.155	73.165	73.140	73.145	5
2025-03-03 05:30	73.135	73.155	73.085	73.085	5
2025-03-03 05:35	73.095	73.120	73.065	73.065	5
2025-03-03 05:40	73.060	73.110	73.055	73.075	5
2025-03-03 05:45	73.070	73.105	73.045	73.055	5
2025-03-03 05:50	73.050	73.055	72.950	73.045	5
2025-03-03 05:55	73.040	73.080	73.040	73.040	5
2025-03-03 06:00	73.035	73.050	72.975	73.010	5
2025-03-03 06:05	73.015	73.015	72.965	72.970	5
2025-03-03 06:10	72.985	72.995	72.970	72.990	5
2025-03-03 06:15	72.995	73.010	72.985	73.005	4
2025-03-03 06:20	73.010	73.025	72.920	72.965	5
2025-03-03 06:25	72.975	72.980	72.955	72.975	5
2025-03-03 06:30	72.970	72.995	72.935	72.940	5
2025-03-03 06:35	72.945	72.960	72.900	72.930	5
2025-03-03 06:40	72.935	72.935	72.870	72.905	5
2025-03-03 06:45	72.910	72.930	72.890	72.915	5
2025-03-03 06:50	72.920	72.965	72.920	72.945	5
2025-03-03 06:55	72.950	72.950	72.925	72.935	5
2025-03-03 07:00	72.930	72.930	72.835	72.845	5
2025-03-03 07:05	72.840	72.865	72.825	72.860	5
2025-03-03 07:10	72.865	72.975	72.845	72.960	5
2025-03-03 07:15	72.965	73.005	72.935	72.980	5
2025-03-03 07:20	72.995	72.995	72.895	72.900	5
2025-03-03 07:25	72.895	72.945	72.845	72.905	5
2025-03-03 07:30	72.900	72.990	72.895	72.975	5
2025-03-03 07:35	72.970	73.015	72.970	73.015	5
2025-03-03 07:40	73.020	73.025	72.985	72.985	5
2025-03-03 07:45	72.975	72.985	72.915	72.915	5
2025-03-03 07:50	72.905	72.950	72.865	72.865	5
2025-03-03 07:55	72.875	72.885	72.835	72.865	5
2025-03-03 08:00	72.855	72.965	72.805	72.925	5
2025-03-03 08:05	72.935	72.965	72.865	72.965	4
2025-03-03 08:10	72.960	72.975	72.935	72.975	5
2025-03-03 08:15	72.985	73.025	72.915	72.915	5
2025-03-03 08:20	72.920	72.925	72.745	72.745	5
2025-03-03 08:25	72.755	72.795	72.665	72.690	5
2025-03-03 08:30	72.695	72.730	72.615	72.625	5
2025-03-03 08:35	72.640	72.755	72.640	72.735	5
2025-03-03 08:40	72.745	72.775	72.660	72.685	5
2025-03-03 08:45	72.690	72.725	72.625	72.645	5
2025-03-03 08:50	72.650	72.655	72.465	72.475	5
2025-03-03 08:55	72.470	72.615	72.425	72.455	5
2025-03-03 09:00	72.460	72.475	72.325	72.375	5
2025-03-03 09:05	72.365	72.445	72.360	72.425	5
2025-03-03 09:10	72.415	72.465	72.385	72.410	5
2025-03-03 09:15	72.415	72.505	72.410	72.485	5
2025-03-03 09:20	72.480	72.545	72.465	72.505	5
2025-03-03 09:25	72.515	72.515	72.445	72.495	5
2025-03-03 09:30	72.505	72.505	72.455	72.475	5
2025-03-03 09:35	72.470	72.505	72.450	72.470	5
2025-03-03 09:40	72.475	72.485	72.420	72.485	5
2025-03-03 09:45	72.490	72.550	72.445	72.455	5
2025-03-03 09:50	72.450	72.530	72.380	72.385	5
2025-03-03 09:55	72.375	72.395	72.325	72.360	5
2025-03-03 10:00	72.345	72.505	72.345	72.455	5
2025-03-03 10:05	72.450	72.460	72.395	72.425	5
2025-03-03 10:10	72.420	72.545	72.395	72.460	5
2025-03-03 10:15	72.465	72.585	72.465	72.560	5
2025-03-03 10:20	72.555	72.595	72.545	72.555	5
2025-03-03 10:25	72.545	72.545	72.435	72.495	5
2025-03-03 10:30	72.485	72.530	72.475	72.525	1
2025-03-03 10:55	72.850	72.875	72.835	72.835	3
2025-03-03 11:00	72.825	72.895	72.775	72.890	5
2025-03-03 11:05	72.895	72.915	72.885	72.915	5
2025-03-03 11:10	72.905	72.945	72.895	72.935	5
2025-03-03 11:15	72.925	72.960	72.920	72.945	5
2025-03-03 11:20	72.950	72.950	72.875	72.905	5
2025-03-03 11:25	72.915	72.915	72.860	72.885	5
2025-03-03 11:30	72.875	72.905	72.840	72.865	5
2025-03-03 11:35	72.875	72.955	72.855	72.945	5
2025-03-03 11:40	72.935	72.955	72.915	72.955	5
2025-03-03 11:45	72.925	72.955	72.915	72.950	5
2025-03-03 11:50	72.935	73.025	72.920	73.005	5
2025-03-03 11:55	73.000	73.035	72.970	72.985	5
2025-03-03 12:00	72.980	73.035	72.975	73.025	5
2025-03-03 12:05	73.030	73.035	72.930	72.975	5
2025-03-03 12:10	72.985	72.995	72.950	72.955	5
2025-03-03 12:15	72.945	73.015	72.890	73.005	5
2025-03-03 12:20	73.015	73.025	72.960	72.985	5
2025-03-03 12:25	72.975	73.045	72.965	73.040	4
2025-03-03 12:30	73.045	73.065	72.995	73.040	5
2025-03-03 12:35	73.050	73.140	73.035	73.130	5
2025-03-03 12:40	73.135	73.215	73.135	73.215	5
2025-03-03 12:45	73.205	73.215	73.150	73.175	5
2025-03-03 12:50	73.170	73.180	73.130	73.135	5
2025-03-03 12:55	73.145	73.205	73.135	73.200	5
2025-03-03 13:00	73.205	73.330	73.205	73.235	5
2025-03-03 13:05	73.225	73.245	73.105	73.145	5
2025-03-03 13:10	73.135	73.215	73.105	73.205	5
2025-03-03 13:15	73.210	73.215	73.155	73.165	5
2025-03-03 13:20	73.170	73.185	73.055	73.075	5
2025-03-03 13:25	73.080	73.205	73.055	73.185	5
2025-03-03 13:30	73.180	73.230	73.135	73.185	5
2025-03-03 13:35	73.180	73.365	73.175	73.330	5
2025-03-03 13:40	73.335	73.365	73.295	73.335	5
2025-03-03 13:45	73.340	73.340	73.185	73.235	5
2025-03-03 13:50	73.245	73.265	73.225	73.255	5
2025-03-03 13:55	73.245	73.255	73.170	73.170	5
2025-03-03 14:00	73.165	73.235	73.065	73.105	5
2025-03-03 14:05	73.095	73.210	73.090	73.180	5
2025-03-03 14:10	73.170	73.320	73.155	73.275	5
2025-03-03 14:15	73.280	73.285	73.145	73.160	5
2025-03-03 14:20	73.165	73.195	73.145	73.195	5
2025-03-03 14:25	73.190	73.225	73.160	73.215	5
2025-03-03 14:30	73.210	73.355	73.155	73.345	5
2025-03-03 14:35	73.335	73.365	73.110	73.115	5
2025-03-03 14:40	73.105	73.105	72.935	72.945	5
2025-03-03 14:45	72.940	73.025	72.895	72.915	5
2025-03-03 14:50	72.905	72.995	72.895	72.965	5
2025-03-03 14:55	72.970	73.020	72.805	72.875	5
2025-03-03 15:00	72.870	72.870	72.665	72.700	5
2025-03-03 15:05	72.705	72.790	72.655	72.665	5
2025-03-03 15:10	72.670	72.720	72.615	72.645	5
2025-03-03 15:15	72.635	72.680	72.565	72.590	5
2025-03-03 15:20	72.585	72.665	72.570	72.610	5
2025-03-03 15:25	72.615	72.695	72.575	72.595	5
2025-03-03 15:30	72.585	72.675	72.525	72.605	5
2025-03-03 15:35	72.615	72.625	72.335	72.390	5
2025-03-03 15:40	72.395	72.525	72.365	72.505	5
2025-03-03 15:45	72.500	72.535	72.395	72.455	5
2025-03-03 15:50	72.450	72.685	72.450	72.620	5
2025-03-03 15:55	72.615	72.735	72.615	72.655	5
2025-03-03 16:00	72.645	72.795	72.635	72.665	5
2025-03-03 16:05	72.675	72.725	72.655	72.665	5
2025-03-03 16:10	72.660	72.715	72.575	72.590	5
2025-03-03 16:15	72.595	72.605	72.400	72.440	5
2025-03-03 16:20	72.435	72.475	72.415	72.435	5
2025-03-03 16:25	72.425	72.600	72.395	72.535	5
2025-03-03 16:30	72.530	72.675	72.445	72.640	5
2025-03-03 16:35	72.645	72.705	72.545	72.545	5
2025-03-03 16:40	72.560	72.635	72.535	72.535	5
2025-03-03 16:45	72.540	72.725	72.540	72.705	5
2025-03-03 16:50	72.700	72.735	72.645	72.675	5
2025-03-03 16:55	72.670	72.740	72.620	72.625	5
2025-03-03 17:00	72.615	72.745	72.595	72.705	5
2025-03-03 17:05	72.715	72.745	72.615	72.625	5
2025-03-03 17:10	72.635	72.680	72.575	72.670	5
2025-03-03 17:15	72.665	72.725	72.605	72.695	5
2025-03-03 17:20	72.700	72.835	72.695	72.785	5
2025-03-03 17:25	72.790	72.810	72.735	72.750	5
2025-03-03 17:30	72.755	72.785	72.695	72.745	5
2025-03-03 17:35	72.755	72.795	72.735	72.775	5
2025-03-03 17:40	72.770	72.870	72.765	72.785	5
2025-03-03 17:45	72.775	72.815	72.755	72.765	5
2025-03-03 17:50	72.760	72.760	72.695	72.700	5
2025-03-03 17:55	72.695	72.720	72.620	72.635	5
2025-03-03 18:00	72.625	72.645	72.535	72.615	5
2025-03-03 18:05	72.620	72.620	72.445	72.445	5
2025-03-03 18:10	72.440	72.440	71.500	71.530	5
2025-03-03 18:15	71.535	71.700	71.235	71.245	5
2025-03-03 18:20	71.255	71.485	71.155	71.475	5
2025-03-03 18:25	71.470	71.555	71.335	71.365	5
2025-03-03 18:30	71.360	71.415	71.250	71.300	5
2025-03-03 18:35	71.295	71.395	71.165	71.185	5
2025-03-03 18:40	71.195	71.285	71.175	71.205	5
2025-03-03 18:45	71.210	71.505	71.185	71.415	5
2025-03-03 18:50	71.410	71.525	71.365	71.385	5
2025-03-03 18:55	71.390	71.615	71.385	71.495	5
2025-03-03 19:00	71.505	71.545	71.420	71.505	5
2025-03-03 19:05	71.490	71.575	71.425	71.555	5
2025-03-03 19:10	71.565	71.625	71.335	71.575	5
2025-03-03 19:15	71.570	71.585	71.495	71.555	5
2025-03-03 19:20	71.545	71.615	71.455	71.535	5
2025-03-03 19:25	71.525	71.665	71.485	71.595	5
2025-03-03 19:30	71.605	71.610	71.445	71.445	5
2025-03-03 19:35	71.445	71.455	71.395	71.430	5
2025-03-03 19:40	71.435	71.445	71.345	71.355	5
2025-03-03 19:45	71.350	71.365	71.305	71.315	5
2025-03-03 19:50	71.305	71.430	71.245	71.415	5
2025-03-03 19:55	71.425	71.425	71.250	71.405	5
2025-03-03 20:00	71.400	71.505	71.380	71.425	5
2025-03-03 20:05	71.435	71.455	71.365	71.390	5
2025-03-03 20:10	71.395	71.395	71.285	71.295	5
2025-03-03 20:15	71.290	71.360	71.290	71.305	5
2025-03-03 20:20	71.300	71.315	71.265	71.265	5
2025-03-03 20:25	71.275	71.285	71.225	71.240	5
2025-03-03 20:30	71.250	71.295	71.215	71.220	5
2025-03-03 20:35	71.225	71.235	71.195	71.195	5
2025-03-03 20:40	71.205	71.215	71.185	71.200	5
2025-03-03 20:45	71.195	71.255	71.175	71.245	5
2025-03-03 20:50	71.250	71.285	71.245	71.270	5
2025-03-03 20:55	71.265	71.355	71.265	71.350	5
2025-03-03 21:00	71.345	71.372	71.297	71.307	5
2025-03-03 21:05	71.302	71.322	71.287	71.322	5
2025-03-03 21:10	71.317	71.342	71.297	71.332	5
2025-03-03 21:15	71.337	71.392	71.332	71.387	5
2025-03-03 21:20	71.392	71.402	71.362	71.372	5
2025-03-03 21:25	71.382	71.397	71.372	71.382	5
2025-03-03 21:30	71.377	71.402	71.377	71.402	5
2025-03-03 21:35	71.397	71.427	71.382	71.417	5
2025-03-03 21:40	71.422	71.482	71.417	71.432	5
2025-03-03 21:45	71.437	71.437	71.397	71.427	5
2025-03-03 21:50	71.422	71.442	71.402	71.412	5
2025-03-03 21:55	71.417	71.452	71.417	71.447	5
2025-03-04 01:00	71.277	71.330	71.230	71.260	5
2025-03-04 01:05	71.255	71.260	71.195	71.240	5
2025-03-04 01:10	71.235	71.265	71.095	71.105	5
2025-03-04 01:15	71.110	71.150	71.095	71.110	5
2025-03-04 01:20	71.115	71.125	71.095	71.095	5
2025-03-04 01:25	71.100	71.115	71.095	71.105	4
2025-03-04 01:30	71.115	71.155	71.065	71.070	5
2025-03-04 01:35	71.065	71.090	71.035	71.055	5
2025-03-04 01:40	71.045	71.075	71.035	71.070	5
2025-03-04 01:45	71.065	71.100	71.040	71.045	5
2025-03-04 01:50	71.040	71.075	71.025	71.050	5
2025-03-04 01:55	71.045	71.080	71.045	71.055	5
2025-03-04 02:00	71.060	71.135	71.055	71.100	5
2025-03-04 02:05	71.095	71.190	71.095	71.190	5
2025-03-04 02:10	71.185	71.235	71.175	71.210	5
2025-03-04 02:15	71.215	71.275	71.210	71.225	5
2025-03-04 02:20	71.220	71.220	71.135	71.135	5
2025-03-04 02:25	71.130	71.140	71.070	71.100	5
2025-03-04 02:30	71.095	71.105	71.065	71.085	5
2025-03-04 02:35	71.095	71.155	71.095	71.155	5
2025-03-04 02:40	71.150	71.150	71.120	71.135	5
2025-03-04 02:45	71.130	71.145	71.095	71.095	5
2025-03-04 02:50	71.105	71.130	71.085	71.090	5
2025-03-04 02:55	71.095	71.095	71.055	71.085	5
2025-03-04 03:00	71.080	71.100	71.065	71.090	5
2025-03-04 03:05	71.095	71.205	71.095	71.185	5
2025-03-04 03:10	71.190	71.245	71.170	71.180	5
2025-03-04 03:15	71.175	71.220	71.165	71.205	5
2025-03-04 03:20	71.210	71.215	71.160	71.200	5
2025-03-04 03:25	71.205	71.225	71.195	71.205	5
2025-03-04 03:30	71.210	71.285	71.210	71.230	5
2025-03-04 03:35	71.235	71.235	71.190	71.195	5
2025-03-04 03:40	71.190	71.190	71.110	71.120	5
2025-03-04 03:45	71.115	71.125	71.090	71.105	5
2025-03-04 03:50	71.110	71.145	71.068	71.145	5
2025-03-04 03:55	71.155	71.165	71.125	71.145	5
2025-03-04 04:00	71.098	71.145	71.085	71.100	4
2025-03-04 04:05	71.095	71.110	71.090	71.095	5
2025-03-04 04:10	71.090	71.105	71.065	71.095	5
2025-03-04 04:15	71.090	71.115	71.085	71.105	5
2025-03-04 04:20	71.110	71.115	71.095	71.105	4
2025-03-04 04:25	71.110	71.145	71.110	71.130	5
2025-03-04 04:30	71.125	71.145	71.125	71.145	4
2025-03-04 04:35	71.140	71.155	71.085	71.095	5
2025-03-04 04:40	71.090	71.090	71.065	71.080	5
2025-03-04 04:45	71.085	71.095	71.075	71.090	5
2025-03-04 04:50	71.095	71.115	71.090	71.110	5
2025-03-04 04:55	71.105	71.125	71.090	71.115	5
2025-03-04 05:00	71.120	71.160	71.075	71.150	5
2025-03-04 05:05	71.145	71.190	71.135	71.140	5
2025-03-04 05:10	71.145	71.145	71.095	71.115	5
2025-03-04 05:15	71.110	71.125	71.090	71.095	5
2025-03-04 05:20	71.085	71.100	71.065	71.065	5
2025-03-04 05:25	71.060	71.065	71.030	71.040	5
2025-03-04 05:30	71.045	71.045	70.995	71.005	5
2025-03-04 05:35	71.000	71.000	70.945	70.960	5
2025-03-04 05:40	70.965	70.965	70.925	70.945	5
2025-03-04 05:45	70.940	70.960	70.880	70.905	5
2025-03-04 05:50	70.910	70.975	70.900	70.930	5
2025-03-04 05:55	70.945	70.985	70.935	70.985	5
2025-03-04 06:00	70.980	71.015	70.955	71.010	5
2025-03-04 06:05	71.005	71.045	71.000	71.045	5
2025-03-04 06:10	71.035	71.075	71.010	71.060	5
2025-03-04 06:15	71.055	71.125	71.055	71.110	5
2025-03-04 06:20	71.105	71.125	71.065	71.075	5
2025-03-04 06:25	71.070	71.095	71.050	71.065	5
2025-03-04 06:30	71.075	71.100	71.070	71.085	5
2025-03-04 06:35	71.080	71.125	71.075	71.110	5
2025-03-04 06:40	71.105	71.115	71.065	71.065	5
2025-03-04 06:45	71.060	71.065	71.010	71.025	5
2025-03-04 06:50	71.030	71.045	71.005	71.030	5
2025-03-04 06:55	71.035	71.075	71.035	71.065	5
2025-03-04 07:00	71.055	71.060	70.995	70.995	5
2025-03-04 07:05	70.990	71.055	70.855	70.875	5
2025-03-04 07:10	70.870	70.960	70.865	70.890	5
2025-03-04 07:15	70.880	70.935	70.880	70.925	4
2025-03-04 07:20	70.920	70.925	70.855	70.860	5
2025-03-04 07:25	70.855	70.895	70.830	70.870	5
2025-03-04 07:30	70.875	70.920	70.860	70.885	5
2025-03-04 07:35	70.880	70.975	70.865	70.960	5
2025-03-04 07:40	70.955	70.975	70.875	70.890	5
2025-03-04 07:45	70.895	70.915	70.855	70.890	5
2025-03-04 07:50	70.885	70.925	70.860	70.860	5
2025-03-04 07:55	70.865	70.880	70.835	70.855	5
2025-03-04 08:00	70.865	70.870	70.705	70.705	5
2025-03-04 08:05	70.700	70.720	70.635	70.665	5
2025-03-04 08:10	70.650	70.730	70.605	70.675	5
2025-03-04 08:15	70.680	70.705	70.615	70.635	5
2025-03-04 08:20	70.630	70.705	70.610	70.685	5
2025-03-04 08:25	70.675	70.725	70.605	70.605	5
2025-03-04 08:30	70.615	70.815	70.565	70.810	5
2025-03-04 08:35	70.815	70.890	70.735	70.775	5
2025-03-04 08:40	70.770	70.790	70.625	70.710	5
2025-03-04 08:45	70.715	70.725	70.665	70.700	5
2025-03-04 08:50	70.705	70.715	70.635	70.685	5
2025-03-04 08:55	70.690	70.705	70.605	70.605	5
2025-03-04 09:00	70.615	70.630	70.525	70.535	5
2025-03-04 09:05	70.540	70.585	70.505	70.550	5
2025-03-04 09:10	70.545	70.645	70.515	70.550	5
2025-03-04 09:15	70.545	70.555	70.485	70.505	5
2025-03-04 09:20	70.515	70.605	70.500	70.545	5
2025-03-04 09:25	70.535	70.595	70.515	70.555	5
2025-03-04 09:30	70.545	70.670	70.535	70.650	5
2025-03-04 09:35	70.645	70.665	70.565	70.635	5
2025-03-04 09:40	70.625	70.720	70.565	70.720	5
2025-03-04 09:45	70.725	70.805	70.655	70.685	5
2025-03-04 09:50	70.675	70.675	70.555	70.555	5
2025-03-04 09:55	70.545	70.595	70.540	70.550	5
2025-03-04 10:00	70.545	70.645	70.495	70.625	5
2025-03-04 10:05	70.645	70.695	70.560	70.565	5
2025-03-04 10:10	70.555	70.585	70.515	70.525	5
2025-03-04 10:15	70.520	70.635	70.515	70.555	5
2025-03-04 10:20	70.550	70.685	70.535	70.635	5
2025-03-04 10:25	70.625	70.705	70.585	70.685	5
2025-03-04 10:30	70.695	70.770	70.635	70.750	5
2025-03-04 10:35	70.740	70.845	70.735	70.795	5
2025-03-04 10:40	70.805	70.865	70.755	70.755	5
2025-03-04 10:45	70.750	70.815	70.705	70.765	5
2025-03-04 10:50	70.785	70.815	70.730	70.775	5
2025-03-04 10:55	70.770	70.820	70.725	70.735	5
2025-03-04 11:00	70.745	70.755	70.710	70.745	5
2025-03-04 11:05	70.740	70.915	70.735	70.865	5
2025-03-04 11:10	70.880	70.915	70.865	70.905	5
2025-03-04 11:15	70.895	70.895	70.805	70.815	5
2025-03-04 11:20	70.825	70.845	70.635	70.685	5
2025-03-04 11:25	70.695	70.715	70.585	70.645	5
2025-03-04 11:30	70.655	70.705	70.525	70.555	5
2025-03-04 11:35	70.545	70.555	70.455	70.525	5
2025-03-04 11:40	70.520	70.535	70.470	70.505	5
2025-03-04 11:45	70.495	70.515	70.465	70.500	5
2025-03-04 11:50	70.495	70.505	70.415	70.415	5
2025-03-04 11:55	70.395	70.505	70.395	70.475	5
2025-03-04 12:00	70.470	70.495	70.395	70.395	5
2025-03-04 12:05	70.400	70.450	70.395	70.410	5
2025-03-04 12:10	70.415	70.460	70.385	70.425	5
2025-03-04 12:15	70.435	70.480	70.415	70.445	5
2025-03-04 12:20	70.455	70.485	70.425	70.425	5
2025-03-04 12:25	70.420	70.425	70.315	70.315	5
2025-03-04 12:30	70.305	70.315	70.265	70.275	5
2025-03-04 12:35	70.265	70.285	70.195	70.205	5
2025-03-04 12:40	70.195	70.235	70.165	70.175	5
2025-03-04 12:45	70.165	70.205	70.165	70.175	5
2025-03-04 12:50	70.185	70.255	70.175	70.205	5
2025-03-04 12:55	70.200	70.235	70.185	70.190	5
2025-03-04 13:00	70.195	70.495	70.195	70.485	5
2025-03-04 13:05	70.480	70.515	70.405	70.405	5
2025-03-04 13:10	70.400	70.475	70.355	70.470	5
2025-03-04 13:15	70.465	70.645	70.460	70.485	5
2025-03-04 13:20	70.475	70.565	70.465	70.555	5
2025-03-04 13:25	70.560	70.565	70.485	70.515	5
2025-03-04 13:30	70.510	70.630	70.485	70.495	5
2025-03-04 13:35	70.490	70.580	70.485	70.495	5
2025-03-04 13:40	70.465	70.535	70.445	70.455	5
2025-03-04 13:45	70.465	70.545	70.430	70.525	5
2025-03-04 13:50	70.505	70.515	70.445	70.480	5
2025-03-04 13:55	70.485	70.515	70.415	70.435	5
2025-03-04 14:00	70.445	70.730	70.435	70.715	5
2025-03-04 14:05	70.705	70.730	70.595	70.725	5
2025-03-04 14:10	70.720	70.755	70.655	70.665	5
2025-03-04 14:15	70.675	70.685	70.535	70.585	5
2025-03-04 14:20	70.590	70.605	70.545	70.600	5
2025-03-04 14:25	70.605	70.680	70.573	70.645	5
2025-03-04 14:30	70.640	70.645	70.385	70.465	5
2025-03-04 14:35	70.475	70.575	70.415	70.475	5
2025-03-04 14:40	70.465	70.480	70.250	70.255	5
2025-03-04 14:45	70.260	70.320	70.195	70.245	5
2025-03-04 14:50	70.255	70.255	70.115	70.145	5
2025-03-04 14:55	70.150	70.185	69.795	69.820	5
2025-03-04 15:00	69.825	69.935	69.735	69.760	5
2025-03-04 15:05	69.755	69.975	69.735	69.925	5
2025-03-04 15:10	69.930	70.115	69.895	70.105	5
2025-03-04 15:15	70.115	70.205	69.975	69.980	5
2025-03-04 15:20	69.985	70.125	69.955	70.050	5
2025-03-04 15:25	70.055	70.255	70.045	70.145	5
2025-03-04 15:30	70.140	70.355	70.125	70.325	5
2025-03-04 15:35	70.320	70.425	70.275	70.275	5
2025-03-04 15:40	70.280	70.295	70.175	70.285	5
2025-03-04 15:45	70.280	70.355	70.185	70.195	5
2025-03-04 15:50	70.205	70.310	70.200	70.245	5
2025-03-04 15:55	70.250	70.335	70.205	70.215	5
2025-03-04 16:00	70.225	70.365	70.220	70.300	5
2025-03-04 16:05	70.305	70.305	70.035	70.085	5
2025-03-04 16:10	70.100	70.415	70.075	70.385	5
2025-03-04 16:15	70.375	70.455	70.325	70.345	5
2025-03-04 16:20	70.370	70.455	70.325	70.385	5
2025-03-04 16:25	70.375	70.455	70.265	70.380	5
2025-03-04 16:30	70.385	70.470	70.335	70.335	5
2025-03-04 16:35	70.325	70.465	70.225	70.465	5
2025-03-04 16:40	70.445	70.575	70.425	70.535	5
2025-03-04 16:45	70.540	70.575	70.470	70.515	5
2025-03-04 16:50	70.505	70.515	70.385	70.445	5
2025-03-04 16:55	70.455	70.675	70.450	70.665	5
2025-03-04 17:00	70.670	70.695	70.565	70.615	5
2025-03-04 17:05	70.625	70.655	70.510	70.510	5
2025-03-04 17:10	70.505	70.575	70.490	70.495	5
2025-03-04 17:15	70.505	70.675	70.505	70.665	5
2025-03-04 17:20	70.655	70.700	70.600	70.650	5
2025-03-04 17:25	70.645	70.735	70.635	70.710	5
2025-03-04 17:30	70.705	70.725	70.605	70.645	5
2025-03-04 17:35	70.635	70.755	70.625	70.735	5
2025-03-04 17:40	70.740	70.785	70.685	70.760	5
2025-03-04 17:45	70.755	70.875	70.745	70.850	5
2025-03-04 17:50	70.855	70.875	70.675	70.795	5
2025-03-04 17:55	70.785	70.825	70.755	70.820	5
2025-03-04 18:00	70.825	70.865	70.775	70.865	5
2025-03-04 18:05	70.860	70.975	70.855	70.955	5
2025-03-04 18:10	70.950	71.035	70.945	71.005	5
2025-03-04 18:15	71.010	71.055	70.925	71.035	5
2025-03-04 18:20	71.025	71.055	70.985	71.015	5
2025-03-04 18:25	71.025	71.065	70.900	70.920	5
2025-03-04 18:30	70.925	70.935	70.835	70.925	5
2025-03-04 18:35	70.915	70.955	70.825	70.915	5
2025-03-04 18:40	70.920	70.945	70.885	70.920	5
2025-03-04 18:45	70.925	70.945	70.885	70.930	5
2025-03-04 18:50	70.925	71.025	70.885	71.015	5
2025-03-04 18:55	71.005	71.105	70.985	71.080	5
2025-03-04 19:00	71.065	71.155	71.015	71.085	5
2025-03-04 19:05	71.080	71.185	71.070	71.110	5
2025-03-04 19:10	71.115	71.150	71.065	71.140	5
2025-03-04 19:15	71.135	71.140	71.075	71.135	5
2025-03-04 19:20	71.140	71.175	71.100	71.100	5
2025-03-04 19:25	71.105	71.135	70.995	71.000	5
2025-03-04 19:30	71.005	71.075	70.975	71.015	5
2025-03-04 19:35	71.025	71.070	71.020	71.055	5
2025-03-04 19:40	71.060	71.095	71.055	71.070	5
2025-03-04 19:45	71.075	71.095	71.050	71.070	5
2025-03-04 19:50	71.075	71.130	71.065	71.115	5
2025-03-04 19:55	71.110	71.160	71.110	71.135	5
2025-03-04 20:00	71.145	71.160	71.090	71.105	5
2025-03-04 20:05	71.115	71.175	71.105	71.175	5
2025-03-04 20:10	71.165	71.170	71.125	71.165	5
2025-03-04 20:15	71.170	71.190	71.145	71.185	5
2025-03-04 20:20	71.190	71.275	71.175	71.265	5
2025-03-04 20:25	71.260	71.265	71.235	71.260	5
2025-03-04 20:30	71.255	71.255	71.165	71.215	5
2025-03-04 20:35	71.220	71.255	71.195	71.195	5
2025-03-04 20:40	71.200	71.205	71.145	71.150	5
2025-03-04 20:45	71.155	71.175	71.105	71.135	5
2025-03-04 20:50	71.125	71.130	71.065	71.075	5
2025-03-04 20:55	71.080	71.085	71.035	71.055	5
2025-03-04 21:00	71.060	71.077	71.032	71.047	5
2025-03-04 21:05	71.052	71.072	71.052	71.052	5
2025-03-04 21:10	71.047	71.047	70.957	70.972	5
2025-03-04 21:15	70.967	70.972	70.852	70.862	5
2025-03-04 21:20	70.867	70.877	70.742	70.772	5
2025-03-04 21:25	70.782	70.817	70.717	70.797	5
2025-03-04 21:30	70.802	71.032	70.773	70.917	5
2025-03-04 21:35	70.907	71.072	70.857	71.057	5
2025-03-04 21:40	71.047	71.047	70.927	70.942	5
2025-03-04 21:45	70.967	71.077	70.907	71.077	5
2025-03-04 21:50	71.082	71.147	71.042	71.052	5
2025-03-04 21:55	71.047	71.112	71.042	71.072	5
2025-03-05 01:00	70.947	71.040	70.920	70.995	5
2025-03-05 01:05	71.000	71.005	70.945	70.975	5
2025-03-05 01:10	70.980	70.985	70.875	70.875	5
2025-03-05 01:15	70.880	70.900	70.845	70.860	5
2025-03-05 01:20	70.855	70.925	70.815	70.905	5
2025-03-05 01:25	70.915	70.960	70.895	70.940	5
2025-03-05 01:30	70.945	70.965	70.818	70.880	5
2025-03-05 01:35	70.885	70.940	70.865	70.930	5
2025-03-05 01:40	70.935	71.010	70.930	70.975	5
2025-03-05 01:45	70.970	70.980	70.895	70.895	5
2025-03-05 01:50	70.885	70.975	70.875	70.960	5
2025-03-05 01:55	70.945	70.985	70.875	70.875	5
2025-03-05 02:00	70.905	70.960	70.875	70.905	5
2025-03-05 02:05	70.910	70.925	70.845	70.865	5
2025-03-05 02:10	70.870	70.870	70.785	70.830	5
2025-03-05 02:15	70.845	70.855	70.815	70.850	5
2025-03-05 02:20	70.845	70.845	70.755	70.790	5
2025-03-05 02:25	70.785	70.820	70.760	70.770	5
2025-03-05 02:30	70.780	70.785	70.695	70.720	5
2025-03-05 02:35	70.725	70.730	70.680	70.695	5
2025-03-05 02:40	70.700	70.705	70.660	70.675	5
2025-03-05 02:45	70.665	70.720	70.645	70.715	5
2025-03-05 02:50	70.725	70.735	70.675	70.730	5
2025-03-05 02:55	70.735	70.735	70.610	70.610	5
2025-03-05 03:00	70.605	70.675	70.590	70.655	5
2025-03-05 03:05	70.670	70.735	70.655	70.710	5
2025-03-05 03:10	70.705	70.750	70.685	70.745	5
2025-03-05 03:15	70.750	70.775	70.735	70.750	5
2025-03-05 03:20	70.755	70.770	70.678	70.765	4
2025-03-05 03:25	70.770	70.775	70.715	70.760	4
2025-03-05 03:30	70.765	70.785	70.755	70.770	5
2025-03-05 03:35	70.765	70.780	70.715	70.775	5
2025-03-05 03:40	70.770	70.775	70.735	70.745	4
2025-03-05 03:45	70.750	70.795	70.745	70.785	5
2025-03-05 03:50	70.775	70.775	70.718	70.745	5
2025-03-05 03:55	70.725	70.785	70.725	70.770	5
2025-03-05 04:00	70.765	70.770	70.725	70.735	4
2025-03-05 04:05	70.740	70.750	70.685	70.725	5
2025-03-05 04:10	70.720	70.725	70.668	70.715	4
2025-03-05 04:15	70.730	70.740	70.710	70.715	5
2025-03-05 04:20	70.725	70.730	70.710	70.730	5
2025-03-05 04:25	70.735	70.740	70.695	70.700	5
2025-03-05 04:30	70.705	70.745	70.705	70.715	5
2025-03-05 04:35	70.725	70.760	70.710	70.760	5
2025-03-05 04:40	70.755	70.760	70.735	70.760	5
2025-03-05 04:45	70.780	70.795	70.720	70.735	4
2025-03-05 04:50	70.745	70.760	70.740	70.760	5
2025-03-05 04:55	70.765	70.780	70.723	70.780	5
2025-03-05 05:00	70.785	70.855	70.785	70.855	5
2025-03-05 05:05	70.860	70.875	70.845	70.860	5
2025-03-05 05:10	70.855	70.855	70.825	70.835	4
2025-03-05 05:15	70.830	70.835	70.795	70.820	5
2025-03-05 05:20	70.825	70.860	70.825	70.860	5
2025-03-05 05:25	70.865	70.870	70.820	70.820	5
2025-03-05 05:30	70.815	70.825	70.785	70.795	5
2025-03-05 05:35	70.800	70.815	70.765	70.780	5
2025-03-05 05:40	70.785	70.790	70.765	70.770	5
2025-03-05 05:45	70.765	70.775	70.750	70.775	5
2025-03-05 05:50	70.765	70.810	70.765	70.805	4
2025-03-05 05:55	70.800	70.825	70.765	70.785	5
2025-03-05 06:00	70.790	70.835	70.790	70.825	5
2025-03-05 06:05	70.830	70.830	70.780	70.805	5
2025-03-05 06:10	70.800	70.880	70.795	70.875	5
2025-03-05 06:15	70.870	70.870	70.820	70.840	5
2025-03-05 06:20	70.835	70.840	70.775	70.795	5
2025-03-05 06:25	70.790	70.800	70.765	70.785	5
2025-03-05 06:30	70.790	70.795	70.760	70.795	5
2025-03-05 06:35	70.805	70.845	70.785	70.830	5
2025-03-05 06:40	70.835	70.855	70.825	70.840	5
2025-03-05 06:45	70.855	70.855	70.825	70.835	5
2025-03-05 06:50	70.845	70.855	70.825	70.845	4
2025-03-05 06:55	70.855	70.945	70.855	70.940	5
2025-03-05 07:00	70.935	71.085	70.925	71.005	5
2025-03-05 07:05	71.000	71.135	70.995	71.065	5
2025-03-05 07:10	71.070	71.085	71.000	71.065	5
2025-03-05 07:15	71.060	71.100	71.045	71.075	5
2025-03-05 07:20	71.070	71.115	71.035	71.045	5
2025-03-05 07:25	71.055	71.095	71.035	71.090	5
2025-03-05 07:30	71.085	71.090	71.050	71.065	5
2025-03-05 07:35	71.055	71.095	71.035	71.060	5
2025-03-05 07:40	71.055	71.145	71.055	71.065	5
2025-03-05 07:45	71.060	71.070	71.025	71.045	5
2025-03-05 07:50	71.025	71.050	70.955	70.975	5
2025-03-05 07:55	70.970	70.995	70.915	70.920	5
2025-03-05 08:00	70.925	70.925	70.845	70.855	5
2025-03-05 08:05	70.875	70.925	70.785	70.835	5
2025-03-05 08:10	70.840	70.940	70.825	70.895	5
2025-03-05 08:15	70.910	70.945	70.835	70.860	5
2025-03-05 08:20	70.865	70.955	70.835	70.935	5
2025-03-05 08:25	70.930	70.930	70.760	70.810	5
2025-03-05 08:30	70.815	70.990	70.760	70.945	5
2025-03-05 08:35	70.935	70.955	70.815	70.815	5
2025-03-05 08:40	70.820	70.835	70.725	70.735	5
2025-03-05 08:45	70.725	70.740	70.640	70.665	5
2025-03-05 08:50	70.675	70.835	70.675	70.775	5
2025-03-05 08:55	70.770	70.825	70.695	70.725	5
2025-03-05 09:00	70.720	70.835	70.635	70.805	5
2025-03-05 09:05	70.815	70.875	70.735	70.775	5
2025-03-05 09:10	70.765	70.890	70.745	70.795	5
2025-03-05 09:15	70.785	70.805	70.685	70.805	5
2025-03-05 09:20	70.820	70.945	70.820	70.925	5
2025-03-05 09:25	70.930	70.935	70.855	70.855	5
2025-03-05 09:30	70.865	70.865	70.625	70.625	5
2025-03-05 09:35	70.620	70.625	70.505	70.505	5
2025-03-05 09:40	70.500	70.560	70.475	70.555	5
2025-03-05 09:45	70.550	70.595	70.465	70.595	5
2025-03-05 09:50	70.585	70.665	70.525	70.525	5
2025-03-05 09:55	70.515	70.555	70.485	70.490	5
2025-03-05 10:00	70.495	70.555	70.440	70.535	5
2025-03-05 10:05	70.525	70.545	70.460	70.470	5
2025-03-05 10:10	70.465	70.495	70.405	70.425	5
2025-03-05 10:15	70.415	70.425	70.325	70.350	5
2025-03-05 10:20	70.355	70.395	70.295	70.385	5
2025-03-05 10:25	70.390	70.405	70.315	70.325	5
2025-03-05 10:30	70.320	70.345	70.285	70.285	5
2025-03-05 10:35	70.295	70.295	70.235	70.240	5
2025-03-05 10:40	70.245	70.255	70.115	70.155	5
2025-03-05 10:45	70.145	70.345	70.145	70.225	5
2025-03-05 10:50	70.235	70.235	70.135	70.145	5
2025-03-05 10:55	70.155	70.155	70.085	70.120	5
2025-03-05 11:00	70.115	70.145	70.045	70.115	5
2025-03-05 11:05	70.110	70.245	70.085	70.235	5
2025-03-05 11:10	70.245	70.245	70.175	70.195	5
2025-03-05 11:15	70.205	70.225	70.045	70.055	5
2025-03-05 11:20	70.065	70.115	70.040	70.105	5
2025-03-05 11:25	70.095	70.135	70.075	70.135	5
2025-03-05 11:30	70.145	70.285	70.115	70.275	5
2025-03-05 11:35	70.265	70.275	70.175	70.255	5
2025-03-05 11:40	70.260	70.260	70.150	70.150	5
2025-03-05 11:45	70.145	70.205	70.115	70.145	5
2025-03-05 11:50	70.135	70.165	69.985	69.995	5
2025-03-05 11:55	69.985	70.055	69.985	70.005	5
2025-03-05 12:00	70.015	70.225	70.015	70.205	5
2025-03-05 12:05	70.200	70.255	70.175	70.205	5
2025-03-05 12:10	70.210	70.230	70.115	70.165	5
2025-03-05 12:15	70.170	70.205	70.145	70.150	5
2025-03-05 12:20	70.155	70.190	70.095	70.105	5
2025-03-05 12:25	70.110	70.165	70.090	70.100	5
2025-03-05 12:30	70.095	70.125	70.055	70.085	5
2025-03-05 12:35	70.075	70.115	70.055	70.085	5
2025-03-05 12:40	70.080	70.175	70.065	70.155	5
2025-03-05 12:45	70.160	70.160	70.075	70.100	5
2025-03-05 12:50	70.095	70.100	70.025	70.025	5
2025-03-05 12:55	70.035	70.035	69.985	70.005	5
2025-03-05 13:00	70.010	70.135	70.000	70.025	5
2025-03-05 13:05	70.020	70.205	70.015	70.100	5
2025-03-05 13:10	70.095	70.205	70.053	70.120	5
2025-03-05 13:15	70.115	70.125	69.985	69.995	5
2025-03-05 13:20	70.000	70.055	69.965	69.990	5
2025-03-05 13:25	69.985	69.995	69.835	69.870	5
2025-03-05 13:30	69.875	69.945	69.835	69.860	5
2025-03-05 13:35	69.855	69.955	69.815	69.935	5
2025-03-05 13:40	69.945	69.950	69.895	69.905	5
2025-03-05 13:45	69.915	69.920	69.763	69.775	5
2025-03-05 13:50	69.765	69.775	69.745	69.745	5
2025-03-05 13:55	69.735	69.790	69.715	69.715	5
2025-03-05 14:00	69.705	69.755	69.515	69.545	5
2025-03-05 14:05	69.535	69.645	69.525	69.530	5
2025-03-05 14:10	69.535	69.645	69.495	69.635	5
2025-03-05 14:15	69.625	69.735	69.565	69.575	5
2025-03-05 14:20	69.565	69.615	69.535	69.535	5
2025-03-05 14:25	69.545	69.575	69.515	69.535	5
2025-03-05 14:30	69.525	69.565	69.415	69.505	5
2025-03-05 14:35	69.495	69.545	69.445	69.475	5
2025-03-05 14:40	69.485	69.595	69.475	69.475	5
2025-03-05 14:45	69.485	69.495	69.260	69.275	5
2025-03-05 14:50	69.265	69.380	69.205	69.215	5
2025-03-05 14:55	69.195	69.195	69.055	69.085	5
2025-03-05 15:00	69.080	69.287	69.080	69.215	5
2025-03-05 15:05	69.205	69.435	69.185	69.370	5
2025-03-05 15:10	69.375	69.415	69.250	69.315	5
2025-03-05 15:15	69.320	69.325	69.123	69.175	5
2025-03-05 15:20	69.170	69.310	69.145	69.265	5
2025-03-05 15:25	69.275	69.400	69.265	69.325	5
2025-03-05 15:30	69.263	69.395	69.135	69.145	5
2025-03-05 15:35	69.140	69.240	68.955	68.965	5
2025-03-05 15:40	68.970	68.990	68.805	68.860	5
2025-03-05 15:45	68.855	68.965	68.775	68.815	5
2025-03-05 15:50	68.795	68.945	68.785	68.860	5
2025-03-05 15:55	68.850	68.955	68.845	68.880	5
2025-03-05 16:00	68.875	68.880	68.700	68.730	5
2025-03-05 16:05	68.735	68.755	68.615	68.635	5
2025-03-05 16:10	68.640	68.695	68.540	68.570	5
2025-03-05 16:15	68.575	68.735	68.575	68.655	5
2025-03-05 16:20	68.645	68.735	68.565	68.590	5
2025-03-05 16:25	68.595	68.635	68.445	68.475	5
2025-03-05 16:30	68.485	68.545	68.350	68.375	5
2025-03-05 16:35	68.385	68.425	68.315	68.345	5
2025-03-05 16:40	68.335	68.490	68.325	68.400	5
2025-03-05 16:45	68.395	68.550	68.365	68.395	5
2025-03-05 16:50	68.380	68.425	68.340	68.395	5
2025-03-05 16:55	68.385	68.585	68.355	68.520	5
2025-03-05 17:00	68.515	68.555	68.405	68.415	5
2025-03-05 17:05	68.405	68.555	68.405	68.505	5
2025-03-05 17:10	68.500	68.765	68.480	68.705	5
2025-03-05 17:15	68.715	68.835	68.695	68.735	5
2025-03-05 17:20	68.730	68.815	68.705	68.810	5
2025-03-05 17:25	68.805	68.865	68.795	68.845	5
2025-03-05 17:30	68.855	69.055	68.855	69.025	5
2025-03-05 17:35	69.020	69.085	68.955	69.085	5
2025-03-05 17:40	69.075	69.100	69.045	69.065	5
2025-03-05 17:45	69.060	69.075	68.845	68.945	5
2025-03-05 17:50	68.955	69.140	68.920	69.125	5
2025-03-05 17:55	69.115	69.265	69.085	69.205	5
2025-03-05 18:00	69.210	69.290	69.085	69.115	5
2025-03-05 18:05	69.105	69.145	68.953	69.005	5
2025-03-05 18:10	69.015	69.265	69.000	69.230	5
2025-03-05 18:15	69.220	69.235	69.155	69.195	5
2025-03-05 18:20	69.205	69.265	69.165	69.265	5
2025-03-05 18:25	69.260	69.285	69.195	69.205	5
2025-03-05 18:30	69.200	69.230	69.015	69.110	5
2025-03-05 18:35	69.120	69.225	69.085	69.225	5
2025-03-05 18:40	69.215	69.255	69.125	69.125	5
2025-03-05 18:45	69.130	69.275	69.115	69.225	5
2025-03-05 18:50	69.215	69.307	69.200	69.235	5
2025-03-05 18:55	69.245	69.405	69.245	69.375	5
2025-03-05 19:00	69.365	69.425	69.340	69.370	5
2025-03-05 19:05	69.365	69.375	69.195	69.235	5
2025-03-05 19:10	69.225	69.255	69.125	69.165	5
2025-03-05 19:15	69.155	69.245	69.155	69.200	5
2025-03-05 19:20	69.205	69.275	69.165	69.195	5
2025-03-05 19:25	69.200	69.330	69.195	69.325	5
2025-03-05 19:30	69.315	69.340	69.155	69.155	5
2025-03-05 19:35	69.160	69.205	69.135	69.195	5
2025-03-05 19:40	69.205	69.275	69.185	69.265	5
2025-03-05 19:45	69.260	69.315	69.235	69.295	5
2025-03-05 19:50	69.300	69.355	69.300	69.355	5
2025-03-05 19:55	69.365	69.365	69.315	69.325	5
2025-03-05 20:00	69.335	69.375	69.305	69.375	5
2025-03-05 20:05	69.370	69.405	69.350	69.355	5
2025-03-05 20:10	69.360	69.375	69.325	69.365	5
2025-03-05 20:15	69.370	69.400	69.325	69.325	5
2025-03-05 20:20	69.335	69.345	69.305	69.335	5
2025-03-05 20:25	69.325	69.355	69.290	69.345	5
2025-03-05 20:30	69.335	69.355	69.285	69.300	5
2025-03-05 20:35	69.305	69.355	69.305	69.325	5
2025-03-05 20:40	69.335	69.355	69.315	69.355	5
2025-03-05 20:45	69.345	69.355	69.335	69.345	5
2025-03-05 20:50	69.355	69.435	69.355	69.435	5
2025-03-05 20:55	69.425	69.455	69.395	69.415	5
2025-03-05 21:00	69.392	69.392	69.312	69.312	5
2025-03-05 21:05	69.317	69.332	69.307	69.322	5
2025-03-05 21:10	69.332	69.357	69.327	69.352	5
2025-03-05 21:15	69.342	69.362	69.342	69.357	5
2025-03-05 21:20	69.367	69.392	69.362	69.372	5
2025-03-05 21:25	69.377	69.392	69.342	69.362	5
2025-03-05 21:30	69.357	69.362	69.342	69.342	5
2025-03-05 21:35	69.337	69.357	69.312	69.327	5
2025-03-05 21:40	69.332	69.332	69.292	69.332	5
2025-03-05 21:45	69.327	69.342	69.293	69.337	5
2025-03-05 21:50	69.342	69.357	69.342	69.347	5
2025-03-05 21:55	69.342	69.352	69.337	69.347	5
2025-03-06 01:00	69.427	69.535	69.395	69.525	5
2025-03-06 01:05	69.520	69.605	69.500	69.605	5
2025-03-06 01:10	69.600	69.605	69.545	69.545	5
2025-03-06 01:15	69.550	69.615	69.545	69.590	5
2025-03-06 01:20	69.595	69.620	69.585	69.605	5
2025-03-06 01:25	69.600	69.650	69.600	69.640	5
2025-03-06 01:30	69.645	69.665	69.620	69.655	5
2025-03-06 01:35	69.650	69.715	69.650	69.715	5
2025-03-06 01:40	69.710	69.715	69.655	69.710	5
2025-03-06 01:45	69.705	69.710	69.675	69.700	5
2025-03-06 01:50	69.695	69.745	69.675	69.735	5
2025-03-06 01:55	69.740	69.745	69.695	69.715	5
2025-03-06 02:00	69.720	69.735	69.700	69.710	5
2025-03-06 02:05	69.715	69.825	69.705	69.805	5
2025-03-06 02:10	69.800	69.815	69.765	69.785	5
2025-03-06 02:15	69.780	69.785	69.765	69.785	5
2025-03-06 02:20	69.780	69.785	69.760	69.770	5
2025-03-06 02:25	69.765	69.770	69.735	69.770	5
2025-03-06 02:30	69.765	69.795	69.715	69.795	5
2025-03-06 02:35	69.790	69.805	69.775	69.795	5
2025-03-06 02:40	69.790	69.795	69.755	69.770	5
2025-03-06 02:45	69.765	69.775	69.725	69.725	5
2025-03-06 02:50	69.730	69.775	69.730	69.765	5
2025-03-06 02:55	69.770	69.820	69.765	69.790	5
2025-03-06 03:00	69.785	69.795	69.750	69.755	4
2025-03-06 03:05	69.750	69.750	69.695	69.695	4
2025-03-06 03:10	69.700	69.735	69.690	69.725	5
2025-03-06 03:15	69.720	69.740	69.710	69.725	5
2025-03-06 03:20	69.735	69.755	69.715	69.735	5
2025-03-06 03:25	69.730	69.745	69.715	69.735	5
2025-03-06 03:30	69.730	69.735	69.660	69.670	5
2025-03-06 03:35	69.665	69.705	69.655	69.660	5
2025-03-06 03:40	69.655	69.665	69.650	69.665	4
2025-03-06 03:45	69.655	69.660	69.630	69.635	4
2025-03-06 03:50	69.625	69.665	69.578	69.650	5
2025-03-06 03:55	69.645	69.655	69.630	69.635	4
2025-03-06 04:00	69.655	69.670	69.595	69.605	5
2025-03-06 04:05	69.600	69.635	69.575	69.635	5
2025-03-06 04:10	69.640	69.650	69.630	69.645	4
2025-03-06 04:15	69.640	69.665	69.635	69.665	5
2025-03-06 04:20	69.660	69.665	69.655	69.660	5
2025-03-06 04:25	69.665	69.680	69.660	69.660	5
2025-03-06 04:30	69.665	69.675	69.655	69.675	5
2025-03-06 04:35	69.670	69.755	69.670	69.750	5
2025-03-06 04:40	69.745	69.745	69.715	69.725	4
2025-03-06 04:45	69.720	69.735	69.705	69.705	5
2025-03-06 04:50	69.700	69.715	69.685	69.700	5
2025-03-06 04:55	69.695	69.710	69.695	69.705	5
2025-03-06 05:00	69.700	69.710	69.685	69.710	3
2025-03-06 05:05	69.715	69.725	69.705	69.715	5
2025-03-06 05:10	69.720	69.735	69.690	69.695	4
2025-03-06 05:15	69.700	69.705	69.680	69.685	5
2025-03-06 05:20	69.680	69.680	69.635	69.645	5
2025-03-06 05:25	69.635	69.640	69.625	69.635	5
2025-03-06 05:30	69.645	69.665	69.625	69.655	5
2025-03-06 05:35	69.660	69.665	69.630	69.630	5
2025-03-06 05:40	69.635	69.635	69.550	69.555	5
2025-03-06 05:45	69.560	69.565	69.490	69.525	5
2025-03-06 05:50	69.520	69.535	69.445	69.475	5
2025-03-06 05:55	69.470	69.490	69.465	69.480	5
2025-03-06 06:00	69.475	69.525	69.475	69.510	5
2025-03-06 06:05	69.505	69.520	69.460	69.505	5
2025-03-06 06:10	69.510	69.560	69.505	69.540	5
2025-03-06 06:15	69.535	69.600	69.530	69.595	5
2025-03-06 06:20	69.590	69.665	69.575	69.660	5
2025-03-06 06:25	69.655	69.735	69.655	69.680	5
2025-03-06 06:30	69.685	69.735	69.675	69.725	5
2025-03-06 06:35	69.720	69.760	69.705	69.730	5
2025-03-06 06:40	69.735	69.745	69.715	69.725	5
2025-03-06 06:45	69.715	69.740	69.695	69.695	5
2025-03-06 06:50	69.700	69.730	69.675	69.685	5
2025-03-06 06:55	69.690	69.725	69.685	69.705	5
2025-03-06 07:00	69.700	69.850	69.695	69.745	5
2025-03-06 07:05	69.755	69.775	69.735	69.755	5
2025-03-06 07:10	69.750	69.770	69.725	69.755	5
2025-03-06 07:15	69.760	69.835	69.755	69.795	5
2025-03-06 07:20	69.785	69.870	69.785	69.865	5
2025-03-06 07:25	69.855	69.855	69.805	69.810	5
2025-03-06 07:30	69.815	69.825	69.765	69.780	5
2025-03-06 07:35	69.785	69.805	69.730	69.765	5
2025-03-06 07:40	69.760	69.790	69.715	69.720	5
2025-03-06 07:45	69.725	69.735	69.685	69.735	5
2025-03-06 07:50	69.725	69.765	69.695	69.765	5
2025-03-06 07:55	69.760	69.785	69.735	69.740	5
2025-03-06 08:00	69.745	69.765	69.675	69.715	5
2025-03-06 08:05	69.735	69.750	69.610	69.625	5
2025-03-06 08:10	69.615	69.655	69.525	69.545	5
2025-03-06 08:15	69.535	69.545	69.455	69.475	5
2025-03-06 08:20	69.480	69.515	69.405	69.495	5
2025-03-06 08:25	69.485	69.505	69.405	69.485	5
2025-03-06 08:30	69.490	69.495	69.220	69.235	5
2025-03-06 08:35	69.225	69.245	69.065	69.165	5
2025-03-06 08:40	69.155	69.325	69.145	69.315	5
2025-03-06 08:45	69.325	69.460	69.325	69.435	5
2025-03-06 08:50	69.425	69.465	69.355	69.435	5
2025-03-06 08:55	69.445	69.455	69.355	69.365	5
2025-03-06 09:00	69.360	69.385	69.175	69.235	5
2025-03-06 09:05	69.240	69.455	69.240	69.425	5
2025-03-06 09:10	69.420	69.535	69.415	69.525	5
2025-03-06 09:15	69.515	69.530	69.445	69.485	5
2025-03-06 09:20	69.470	69.625	69.465	69.595	5
2025-03-06 09:25	69.590	69.605	69.515	69.525	5
2025-03-06 09:30	69.520	69.670	69.520	69.595	5
2025-03-06 09:35	69.590	69.685	69.575	69.630	5
2025-03-06 09:40	69.635	69.655	69.490	69.535	5
2025-03-06 09:45	69.540	69.645	69.515	69.615	5
2025-03-06 09:50	69.635	69.685	69.505	69.565	5
2025-03-06 09:55	69.575	69.615	69.500	69.515	5
2025-03-06 10:00	69.535	69.635	69.453	69.595	5
2025-03-06 10:05	69.575	69.605	69.403	69.485	5
2025-03-06 10:10	69.490	69.615	69.375	69.395	5
2025-03-06 10:15	69.405	69.575	69.385	69.530	5
2025-03-06 10:20	69.535	69.585	69.485	69.495	5
2025-03-06 10:25	69.505	69.620	69.505	69.565	5
2025-03-06 10:30	69.560	69.590	69.398	69.495	5
2025-03-06 10:35	69.505	69.615	69.495	69.535	5
2025-03-06 10:40	69.525	69.525	69.435	69.445	5
2025-03-06 10:45	69.435	69.465	69.375	69.385	4
2025-03-06 10:50	69.375	69.455	69.355	69.375	5
2025-03-06 10:55	69.370	69.390	69.245	69.255	5
2025-03-06 11:00	69.240	69.305	69.195	69.225	5
2025-03-06 11:05	69.215	69.365	69.215	69.290	5
2025-03-06 11:10	69.285	69.447	69.285	69.385	5
2025-03-06 11:15	69.390	69.395	69.275	69.300	5
2025-03-06 11:20	69.290	69.345	69.235	69.305	5
2025-03-06 11:25	69.315	69.475	69.305	69.440	5
2025-03-06 11:30	69.435	69.685	69.425	69.670	5
2025-03-06 11:35	69.665	69.725	69.615	69.725	5
2025-03-06 11:40	69.720	69.720	69.615	69.660	5
2025-03-06 11:45	69.655	69.745	69.625	69.735	5
2025-03-06 11:50	69.730	69.730	69.595	69.605	5
2025-03-06 11:55	69.600	69.695	69.595	69.680	5
2025-03-06 12:00	69.685	69.745	69.665	69.720	5
2025-03-06 12:05	69.715	69.775	69.705	69.765	5
2025-03-06 12:10	69.775	69.785	69.745	69.760	5
2025-03-06 12:15	69.755	69.755	69.695	69.710	5
2025-03-06 12:20	69.715	69.795	69.705	69.735	5
2025-03-06 12:25	69.730	69.835	69.725	69.770	5
2025-03-06 12:30	69.795	69.795	69.665	69.690	5
2025-03-06 12:35	69.685	69.735	69.675	69.705	5
2025-03-06 12:40	69.700	69.785	69.675	69.760	5
2025-03-06 12:45	69.765	69.805	69.725	69.735	5
2025-03-06 12:50	69.725	69.735	69.680	69.695	5
2025-03-06 12:55	69.705	69.710	69.635	69.675	5
2025-03-06 13:00	69.670	69.805	69.635	69.665	5
2025-03-06 13:05	69.655	69.795	69.645	69.695	5
2025-03-06 13:10	69.685	69.695	69.575	69.575	5
2025-03-06 13:15	69.585	69.635	69.545	69.565	5
2025-03-06 13:20	69.560	69.600	69.495	69.505	5
2025-03-06 13:25	69.485	69.520	69.420	69.445	5
2025-03-06 13:30	69.425	69.565	69.420	69.485	5
2025-03-06 13:35	69.495	69.610	69.485	69.535	5
2025-03-06 13:40	69.540	69.595	69.475	69.495	5
2025-03-06 13:45	69.485	69.485	69.335	69.405	5
2025-03-06 13:50	69.415	69.455	69.365	69.395	5
2025-03-06 13:55	69.385	69.510	69.375	69.455	5
2025-03-06 14:00	69.445	69.685	69.430	69.645	5
2025-03-06 14:05	69.655	69.670	69.545	69.545	5
2025-03-06 14:10	69.555	69.635	69.495	69.525	5
2025-03-06 14:15	69.515	69.605	69.505	69.595	5
2025-03-06 14:20	69.585	69.615	69.505	69.520	5
2025-03-06 14:25	69.525	69.535	69.335	69.340	5
2025-03-06 14:30	69.335	69.560	69.285	69.480	5
2025-03-06 14:35	69.475	69.535	69.405	69.515	5
2025-03-06 14:40	69.520	69.705	69.515	69.655	5
2025-03-06 14:45	69.645	69.645	69.495	69.500	5
2025-03-06 14:50	69.495	69.595	69.470	69.535	5
2025-03-06 14:55	69.515	69.565	69.505	69.535	5
2025-03-06 15:00	69.540	69.735	69.465	69.695	5
2025-03-06 15:05	69.685	69.825	69.235	69.305	5
2025-03-06 15:10	69.300	69.445	68.895	69.015	5
2025-03-06 15:15	69.005	69.395	69.005	69.305	5
2025-03-06 15:20	69.315	69.405	69.095	69.110	5
2025-03-06 15:25	69.115	69.280	69.115	69.135	5
2025-03-06 15:30	69.125	69.125	68.975	69.025	5
2025-03-06 15:35	69.030	69.185	68.990	69.085	5
2025-03-06 15:40	69.075	69.285	69.075	69.265	5
2025-03-06 15:45	69.270	69.295	69.170	69.200	5
2025-03-06 15:50	69.205	69.205	68.955	68.965	5
2025-03-06 15:55	68.995	69.045	68.846	68.925	5
2025-03-06 16:00	68.935	69.115	68.935	69.005	5
2025-03-06 16:05	69.015	69.065	68.965	69.015	5
2025-03-06 16:10	69.010	69.155	68.975	69.025	5
2025-03-06 16:15	69.030	69.155	68.975	69.015	5
2025-03-06 16:20	69.005	69.035	68.835	68.950	5
2025-03-06 16:25	68.955	69.010	68.785	68.865	5
2025-03-06 16:30	68.860	69.095	68.820	68.870	5
2025-03-06 16:35	68.875	68.925	68.765	68.765	5
2025-03-06 16:40	68.775	68.855	68.725	68.815	5
2025-03-06 16:45	68.825	69.025	68.800	68.935	5
2025-03-06 16:50	68.945	69.000	68.850	68.910	5
2025-03-06 16:55	68.905	68.915	68.740	68.750	5
2025-03-06 17:00	68.755	68.805	68.720	68.735	5
2025-03-06 17:05	68.765	68.865	68.725	68.805	5
2025-03-06 17:10	68.810	68.915	68.810	68.845	5
2025-03-06 17:15	68.850	68.905	68.815	68.865	5
2025-03-06 17:20	68.880	69.295	68.875	69.205	5
2025-03-06 17:25	69.195	69.455	69.185	69.365	5
2025-03-06 17:30	69.360	69.422	69.155	69.175	5
2025-03-06 17:35	69.190	69.195	69.045	69.120	5
2025-03-06 17:40	69.115	69.290	69.105	69.245	5
2025-03-06 17:45	69.235	69.235	69.115	69.150	5
2025-03-06 17:50	69.145	69.335	69.145	69.245	5
2025-03-06 17:55	69.240	69.395	69.225	69.365	5
2025-03-06 18:00	69.370	69.475	69.365	69.425	5
2025-03-06 18:05	69.435	69.500	69.385	69.485	5
2025-03-06 18:10	69.490	69.505	69.415	69.435	5
2025-03-06 18:15	69.445	69.445	69.335	69.435	5
2025-03-06 18:20	69.425	69.430	69.365	69.405	5
2025-03-06 18:25	69.415	69.475	69.385	69.410	5
2025-03-06 18:30	69.415	69.510	69.395	69.415	5
2025-03-06 18:35	69.410	69.490	69.390	69.415	5
2025-03-06 18:40	69.405	69.415	69.330	69.385	5
2025-03-06 18:45	69.380	69.495	69.365	69.365	5
2025-03-06 18:50	69.375	69.565	69.365	69.505	5
2025-03-06 18:55	69.510	69.565	69.425	69.435	5
2025-03-06 19:00	69.430	69.485	69.335	69.350	5
2025-03-06 19:05	69.355	69.450	69.350	69.450	5
2025-03-06 19:10	69.455	69.475	69.430	69.435	5
2025-03-06 19:15	69.445	69.485	69.385	69.425	5
2025-03-06 19:20	69.420	69.475	69.400	69.445	5
2025-03-06 19:25	69.455	69.495	69.405	69.465	5
2025-03-06 19:30	69.470	69.555	69.435	69.525	5
2025-03-06 19:35	69.515	69.575	69.505	69.575	5
2025-03-06 19:40	69.565	69.635	69.555	69.610	5
2025-03-06 19:45	69.600	69.660	69.485	69.520	5
2025-03-06 19:50	69.525	69.665	69.525	69.645	5
2025-03-06 19:55	69.640	69.650	69.565	69.570	5
2025-03-06 20:00	69.565	69.595	69.535	69.570	5
2025-03-06 20:05	69.565	69.570	69.515	69.535	5
2025-03-06 20:10	69.525	69.545	69.495	69.520	5
2025-03-06 20:15	69.515	69.545	69.515	69.525	5
2025-03-06 20:20	69.520	69.545	69.475	69.495	5
2025-03-06 20:25	69.490	69.525	69.470	69.475	5
2025-03-06 20:30	69.490	69.500	69.395	69.420	5
2025-03-06 20:35	69.425	69.485	69.405	69.465	5
2025-03-06 20:40	69.455	69.455	69.315	69.335	5
2025-03-06 20:45	69.325	69.425	69.315	69.415	5
2025-03-06 20:50	69.420	69.440	69.365	69.375	5
2025-03-06 20:55	69.385	69.410	69.345	69.345	5
2025-03-06 21:00	69.350	69.372	69.327	69.367	5
2025-03-06 21:05	69.372	69.392	69.357	69.382	5
2025-03-06 21:10	69.377	69.392	69.357	69.387	5
2025-03-06 21:15	69.377	69.397	69.377	69.387	5
2025-03-06 21:20	69.377	69.487	69.377	69.482	5
2025-03-06 21:25	69.477	69.482	69.447	69.472	5
2025-03-06 21:30	69.477	69.477	69.407	69.457	5
2025-03-06 21:35	69.462	69.492	69.437	69.437	5
2025-03-06 21:40	69.432	69.447	69.407	69.427	5
2025-03-06 21:45	69.437	69.442	69.397	69.422	5
2025-03-06 21:50	69.417	69.432	69.392	69.427	5
2025-03-06 21:55	69.437	69.447	69.362	69.397	5
2025-03-07 01:00	69.362	69.375	69.285	69.310	5
2025-03-07 01:05	69.305	69.360	69.295	69.355	5
2025-03-07 01:10	69.350	69.450	69.345	69.450	5
2025-03-07 01:15	69.445	69.540	69.440	69.490	5
2025-03-07 01:20	69.495	69.525	69.485	69.495	5
2025-03-07 01:25	69.490	69.590	69.485	69.575	5
2025-03-07 01:30	69.570	69.595	69.540	69.555	4
2025-03-07 01:35	69.550	69.595	69.535	69.595	5
2025-03-07 01:40	69.600	69.615	69.565	69.605	5
2025-03-07 01:45	69.558	69.575	69.558	69.565	1
2025-03-07 01:50	69.555	69.555	69.555	69.555	1
2025-03-07 01:55	69.565	69.575	69.535	69.535	5
2025-03-07 02:00	69.525	69.575	69.525	69.565	5
2025-03-07 02:05	69.570	69.615	69.555	69.555	5
2025-03-07 02:10	69.550	69.565	69.535	69.555	5
2025-03-07 02:15	69.550	69.590	69.540	69.575	5
2025-03-07 02:20	69.580	69.595	69.565	69.585	5
2025-03-07 02:25	69.580	69.595	69.533	69.575	4
2025-03-07 02:30	69.585	69.600	69.535	69.590	5
2025-03-07 02:35	69.595	69.655	69.580	69.650	5
2025-03-07 02:40	69.655	69.675	69.630	69.665	5
2025-03-07 02:45	69.655	69.675	69.655	69.665	4
2025-03-07 02:50	69.670	69.685	69.665	69.685	3
2025-03-07 02:55	69.695	69.705	69.685	69.690	5
2025-03-07 03:00	69.685	69.700	69.635	69.640	5
2025-03-07 03:05	69.635	69.670	69.635	69.660	4
2025-03-07 03:10	69.655	69.660	69.605	69.620	5
2025-03-07 03:15	69.615	69.630	69.565	69.565	5
2025-03-07 03:20	69.570	69.595	69.545	69.595	5
2025-03-07 03:25	69.600	69.605	69.565	69.585	5
2025-03-07 03:30	69.590	69.595	69.565	69.590	5
2025-03-07 03:35	69.585	69.620	69.585	69.595	5
2025-03-07 03:40	69.600	69.605	69.520	69.530	5
2025-03-07 03:45	69.525	69.530	69.495	69.495	5
2025-03-07 03:50	69.500	69.505	69.475	69.505	5
2025-03-07 03:55	69.510	69.535	69.505	69.515	5
2025-03-07 04:00	69.510	69.530	69.495	69.510	5
2025-03-07 04:05	69.505	69.515	69.495	69.510	5
2025-03-07 04:10	69.515	69.525	69.490	69.520	5
2025-03-07 04:15	69.515	69.520	69.475	69.490	5
2025-03-07 04:20	69.485	69.515	69.485	69.505	5
2025-03-07 04:25	69.515	69.515	69.475	69.475	4
2025-03-07 04:30	69.485	69.490	69.475	69.475	5
2025-03-07 04:35	69.480	69.510	69.448	69.495	5
2025-03-07 04:40	69.485	69.495	69.475	69.485	4
2025-03-07 04:45	69.490	69.500	69.438	69.455	4
2025-03-07 04:50	69.460	69.460	69.425	69.430	5
2025-03-07 04:55	69.435	69.455	69.425	69.450	4
2025-03-07 05:00	69.445	69.465	69.435	69.465	5
2025-03-07 05:05	69.470	69.495	69.465	69.495	5
2025-03-07 05:10	69.485	69.515	69.485	69.515	5
2025-03-07 05:15	69.520	69.535	69.505	69.535	5
2025-03-07 05:20	69.545	69.555	69.535	69.555	5
2025-03-07 05:25	69.550	69.555	69.530	69.535	5
2025-03-07 05:30	69.540	69.555	69.530	69.550	5
2025-03-07 05:35	69.555	69.555	69.525	69.525	5
2025-03-07 05:40	69.530	69.530	69.505	69.525	5
2025-03-07 05:45	69.535	69.540	69.505	69.515	5
2025-03-07 05:50	69.505	69.525	69.495	69.505	5
2025-03-07 05:55	69.510	69.535	69.505	69.505	5
2025-03-07 06:00	69.510	69.535	69.505	69.510	5
2025-03-07 06:05	69.515	69.555	69.505	69.535	5
2025-03-07 06:10	69.525	69.565	69.515	69.540	5
2025-03-07 06:15	69.545	69.600	69.535	69.595	5
2025-03-07 06:20	69.600	69.665	69.595	69.645	5
2025-03-07 06:25	69.640	69.645	69.595	69.600	5
2025-03-07 06:30	69.605	69.610	69.535	69.535	5
2025-03-07 06:35	69.540	69.565	69.495	69.495	5
2025-03-07 06:40	69.500	69.530	69.500	69.505	5
2025-03-07 06:45	69.500	69.515	69.455	69.485	5
2025-03-07 06:50	69.495	69.535	69.495	69.510	5
2025-03-07 06:55	69.515	69.565	69.495	69.565	5
2025-03-07 07:00	69.550	69.565	69.505	69.545	5
2025-03-07 07:05	69.550	69.755	69.545	69.755	5
2025-03-07 07:10	69.745	69.775	69.735	69.745	5
2025-03-07 07:15	69.735	69.785	69.735	69.765	5
2025-03-07 07:20	69.760	69.815	69.760	69.805	5
2025-03-07 07:25	69.810	69.885	69.805	69.865	5
2025-03-07 07:30	69.860	69.885	69.825	69.885	5
2025-03-07 07:35	69.890	69.940	69.870	69.905	5
2025-03-07 07:40	69.915	69.945	69.905	69.920	5
2025-03-07 07:45	69.925	70.010	69.925	70.000	5
2025-03-07 07:50	69.995	70.025	69.975	70.015	5
2025-03-07 07:55	70.005	70.005	69.925	69.970	5
2025-03-07 08:00	69.965	70.005	69.900	69.955	5
2025-03-07 08:05	69.960	69.995	69.935	69.985	5
2025-03-07 08:10	69.995	70.130	69.945	70.100	5
2025-03-07 08:15	70.095	70.120	70.035	70.065	5
2025-03-07 08:20	70.060	70.065	69.935	69.945	5
2025-03-07 08:25	69.955	70.025	69.935	70.005	5
2025-03-07 08:30	70.015	70.265	70.015	70.245	5
2025-03-07 08:35	70.265	70.315	70.240	70.260	5
2025-03-07 08:40	70.265	70.275	70.175	70.275	5
2025-03-07 08:45	70.265	70.295	70.225	70.290	5
2025-03-07 08:50	70.295	70.295	70.195	70.255	5
2025-03-07 08:55	70.240	70.285	70.225	70.225	5
2025-03-07 09:00	70.235	70.325	70.210	70.295	5
2025-03-07 09:05	70.275	70.280	70.200	70.245	5
2025-03-07 09:10	70.250	70.385	70.250	70.385	5
2025-03-07 09:15	70.375	70.405	70.355	70.405	5
2025-03-07 09:20	70.415	70.415	70.235	70.280	5
2025-03-07 09:25	70.285	70.325	70.220	70.305	5
2025-03-07 09:30	70.315	70.385	70.295	70.385	5
2025-03-07 09:35	70.395	70.395	70.265	70.265	5
2025-03-07 09:40	70.270	70.310	70.235	70.285	5
2025-03-07 09:45	70.280	70.395	70.270	70.355	5
2025-03-07 09:50	70.360	70.375	70.315	70.325	5
2025-03-07 09:55	70.330	70.425	70.325	70.415	5
2025-03-07 10:00	70.405	70.415	70.295	70.305	5
2025-03-07 10:05	70.300	70.425	70.300	70.425	5
2025-03-07 10:10	70.415	70.455	70.405	70.420	5
2025-03-07 10:15	70.415	70.425	70.315	70.355	5
2025-03-07 10:20	70.365	70.390	70.295	70.335	5
2025-03-07 10:25	70.355	70.455	70.325	70.440	5
2025-03-07 10:30	70.445	70.475	70.385	70.450	5
2025-03-07 10:35	70.455	70.555	70.450	70.535	5
2025-03-07 10:40	70.515	70.545	70.450	70.545	5
2025-03-07 10:45	70.555	70.625	70.555	70.625	5
2025-03-07 10:50	70.635	70.685	70.625	70.645	5
2025-03-07 10:55	70.640	70.690	70.628	70.675	5
2025-03-07 11:00	70.685	70.735	70.585	70.600	5
2025-03-07 11:05	70.595	70.655	70.585	70.625	5
2025-03-07 11:10	70.635	70.685	70.600	70.675	5
2025-03-07 11:15	70.665	70.705	70.645	70.655	5
2025-03-07 11:20	70.660	70.685	70.575	70.575	5
2025-03-07 11:25	70.570	70.585	70.485	70.515	5
2025-03-07 11:30	70.525	70.525	70.495	70.525	5
2025-03-07 11:35	70.515	70.525	70.490	70.525	5
2025-03-07 11:40	70.545	70.555	70.475	70.525	5
2025-03-07 11:45	70.530	70.565	70.505	70.505	5
2025-03-07 11:50	70.500	70.545	70.495	70.520	5
2025-03-07 11:55	70.505	70.515	70.405	70.435	5
2025-03-07 12:00	70.430	70.465	70.355	70.435	5
2025-03-07 12:05	70.430	70.435	70.345	70.395	5
2025-03-07 12:10	70.400	70.410	70.325	70.340	5
2025-03-07 12:15	70.345	70.385	70.290	70.330	5
2025-03-07 12:20	70.325	70.355	70.325	70.330	5
2025-03-07 12:25	70.325	70.335	70.275	70.295	5
2025-03-07 12:30	70.305	70.385	70.275	70.375	5
2025-03-07 12:35	70.380	70.435	70.375	70.410	5
2025-03-07 12:40	70.415	70.435	70.360	70.405	5
2025-03-07 12:45	70.395	70.485	70.390	70.470	5
2025-03-07 12:50	70.475	70.730	70.418	70.550	5
2025-03-07 12:55	70.540	70.635	70.535	70.585	5
2025-03-07 13:00	70.575	70.575	70.450	70.510	5
2025-03-07 13:05	70.505	70.540	70.395	70.405	5
2025-03-07 13:10	70.410	70.420	70.325	70.385	5
2025-03-07 13:15	70.390	70.405	70.335	70.340	5
2025-03-07 13:20	70.345	70.365	70.245	70.295	5
2025-03-07 13:25	70.315	70.375	70.260	70.310	5
2025-03-07 13:30	70.295	70.500	70.295	70.455	5
2025-03-07 13:35	70.445	70.520	70.375	70.460	5
2025-03-07 13:40	70.465	70.540	70.450	70.500	5
2025-03-07 13:45	70.510	70.535	70.425	70.450	5
2025-03-07 13:50	70.445	70.485	70.370	70.400	5
2025-03-07 13:55	70.405	70.405	70.245	70.245	5
2025-03-07 14:00	70.210	70.405	70.155	70.400	5
2025-03-07 14:05	70.395	70.450	70.310	70.335	5
2025-03-07 14:10	70.330	70.425	70.310	70.395	5
2025-03-07 14:15	70.405	70.895	70.380	70.710	5
2025-03-07 14:20	70.715	70.920	70.665	70.865	5
2025-03-07 14:25	70.860	70.975	70.825	70.850	5
2025-03-07 14:30	70.845	70.955	70.795	70.855	5
2025-03-07 14:35	70.870	70.905	70.755	70.875	5
2025-03-07 14:40	70.870	70.925	70.855	70.900	5
2025-03-07 14:45	70.895	71.110	70.855	71.045	5
2025-03-07 14:50	71.035	71.055	70.925	70.960	5
2025-03-07 14:55	70.965	71.095	70.935	71.035	5
2025-03-07 15:00	71.040	71.105	70.935	71.060	5
2025-03-07 15:05	71.055	71.315	70.990	71.265	5
2025-03-07 15:10	71.270	71.365	71.245	71.315	5
2025-03-07 15:15	71.305	71.315	71.155	71.200	5
2025-03-07 15:20	71.205	71.245	71.105	71.245	5
2025-03-07 15:25	71.235	71.375	71.200	71.360	5
2025-03-07 15:30	71.365	71.365	71.180	71.235	5
2025-03-07 15:35	71.240	71.240	71.030	71.045	5
2025-03-07 15:40	71.035	71.090	70.995	71.050	5
2025-03-07 15:45	71.045	71.135	70.493	70.580	5
2025-03-07 15:50	70.575	70.590	70.043	70.555	5
2025-03-07 15:55	70.550	70.805	70.545	70.785	5
2025-03-07 16:00	70.775	70.775	70.460	70.535	5
2025-03-07 16:05	70.540	70.620	70.455	70.555	5
2025-03-07 16:10	70.550	70.605	70.450	70.580	5
2025-03-07 16:15	70.590	70.695	70.515	70.530	5
2025-03-07 16:20	70.525	70.665	70.515	70.575	5
2025-03-07 16:25	70.540	70.595	70.295	70.595	5
2025-03-07 16:30	70.580	70.670	70.565	70.600	5
2025-03-07 16:35	70.605	70.710	70.585	70.625	5
2025-03-07 16:40	70.620	70.620	70.290	70.305	5
2025-03-07 16:45	70.285	70.335	70.235	70.245	5
2025-03-07 16:50	70.250	70.335	70.235	70.285	5
2025-03-07 16:55	70.265	70.415	70.265	70.325	5
2025-03-07 17:00	70.335	70.565	70.325	70.545	5
2025-03-07 17:05	70.550	70.585	70.330	70.395	5
2025-03-07 17:10	70.400	70.425	70.115	70.165	5
2025-03-07 17:15	70.170	70.285	70.095	70.120	5
2025-03-07 17:20	70.125	70.345	70.125	70.320	5
2025-03-07 17:25	70.325	70.375	70.190	70.190	5
2025-03-07 17:30	70.195	70.290	70.185	70.280	5
2025-03-07 17:35	70.275	70.425	70.220	70.235	5
2025-03-07 17:40	70.225	70.325	70.195	70.275	5
2025-03-07 17:45	70.265	70.330	70.175	70.255	5
2025-03-07 17:50	70.245	70.345	70.225	70.325	5
2025-03-07 17:55	70.335	70.370	70.205	70.215	5
2025-03-07 18:00	70.210	70.285	70.185	70.270	5
2025-03-07 18:05	70.265	70.335	70.230	70.240	5
2025-03-07 18:10	70.225	70.335	70.220	70.290	5
2025-03-07 18:15	70.295	70.365	70.265	70.270	5
2025-03-07 18:20	70.265	70.330	70.185	70.185	5
2025-03-07 18:25	70.175	70.255	70.135	70.225	5
2025-03-07 18:30	70.230	70.240	70.025	70.150	5
2025-03-07 18:35	70.155	70.315	70.150	70.300	5
2025-03-07 18:40	70.295	70.335	70.235	70.245	5
2025-03-07 18:45	70.235	70.330	70.220	70.265	5
2025-03-07 18:50	70.260	70.375	70.250	70.310	5
2025-03-07 18:55	70.305	70.345	70.275	70.290	5
2025-03-07 19:00	70.295	70.405	70.275	70.405	5
2025-03-07 19:05	70.395	70.465	70.345	70.360	5
2025-03-07 19:10	70.365	70.455	70.365	70.410	5
2025-03-07 19:15	70.405	70.515	70.405	70.505	5
2025-03-07 19:20	70.510	70.595	70.510	70.545	5
2025-03-07 19:25	70.540	70.575	70.155	70.365	5
2025-03-07 19:30	70.375	70.475	70.335	70.475	5
2025-03-07 19:35	70.485	70.515	70.450	70.480	5
2025-03-07 19:40	70.485	70.495	70.430	70.430	5
2025-03-07 19:45	70.425	70.430	70.305	70.320	5
2025-03-07 19:50	70.325	70.345	70.290	70.325	5
2025-03-07 19:55	70.320	70.330	70.255	70.290	5
2025-03-07 20:00	70.295	70.315	70.255	70.300	5
2025-03-07 20:05	70.305	70.355	70.305	70.345	5
2025-03-07 20:10	70.340	70.355	70.315	70.315	5
2025-03-07 20:15	70.310	70.355	70.285	70.350	5
2025-03-07 20:20	70.345	70.355	70.315	70.355	5
2025-03-07 20:25	70.350	70.365	70.315	70.315	5
2025-03-07 20:30	70.325	70.355	70.320	70.330	5
2025-03-07 20:35	70.325	70.345	70.290	70.305	5
2025-03-07 20:40	70.300	70.335	70.285	70.320	5
2025-03-07 20:45	70.325	70.345	70.315	70.330	5
2025-03-07 20:50	70.335	70.375	70.305	70.375	5
2025-03-07 20:55	70.380	70.395	70.295	70.295	5
2025-03-07 21:00	70.310	70.327	70.267	70.282	5
2025-03-07 21:05	70.272	70.312	70.272	70.297	5
2025-03-07 21:10	70.302	70.337	70.292	70.307	5
2025-03-07 21:15	70.312	70.332	70.297	70.312	5
2025-03-07 21:20	70.327	70.337	70.312	70.327	5
2025-03-07 21:25	70.332	70.337	70.322	70.332	5
2025-03-07 21:30	70.327	70.332	70.307	70.327	5
2025-03-07 21:35	70.322	70.322	70.297	70.307	5
2025-03-07 21:40	70.302	70.312	70.292	70.307	4
2025-03-07 21:45	70.312	70.327	70.302	70.322	5
2025-03-07 21:50	70.327	70.352	70.327	70.337	5
2025-03-07 21:55	70.342	70.343	70.317	70.322	5
2025-03-10 00:00	69.842	69.882	69.822	69.882	5
2025-03-10 00:05	69.887	69.982	69.887	69.972	5
2025-03-10 00:10	69.967	69.982	69.952	69.967	5
2025-03-10 00:15	69.962	70.022	69.952	70.012	5
2025-03-10 00:20	70.017	70.042	69.992	70.007	5
2025-03-10 00:25	70.012	70.022	69.987	70.007	5
2025-03-10 00:30	70.012	70.072	70.002	70.057	5
2025-03-10 00:35	70.052	70.062	70.037	70.057	5
2025-03-10 00:40	70.052	70.062	70.002	70.028	5
2025-03-10 00:45	70.033	70.132	70.033	70.097	5
2025-03-10 00:50	70.092	70.142	70.092	70.117	5
2025-03-10 00:55	70.122	70.152	70.122	70.127	4
2025-03-10 01:00	70.147	70.165	70.050	70.150	5
2025-03-10 01:05	70.145	70.160	70.125	70.145	5
2025-03-10 01:10	70.150	70.185	70.145	70.155	5
2025-03-10 01:15	70.160	70.165	70.035	70.040	5
2025-03-10 01:20	70.045	70.065	69.970	69.990	5
2025-03-10 01:25	69.985	70.030	69.975	70.010	5
2025-03-10 01:30	70.005	70.080	69.990	70.070	5
2025-03-10 01:35	70.080	70.105	70.045	70.060	5
2025-03-10 01:40	70.065	70.110	70.005	70.025	5
2025-03-10 01:45	70.030	70.030	69.940	69.970	5
2025-03-10 01:50	69.975	70.050	69.975	70.040	5
2025-03-10 01:55	70.045	70.080	70.025	70.030	5
2025-03-10 02:00	70.025	70.055	70.015	70.020	5
2025-03-10 02:05	70.025	70.050	69.970	70.035	5
2025-03-10 02:10	70.040	70.050	69.955	69.975	5
2025-03-10 02:15	69.970	69.970	69.898	69.935	5
2025-03-10 02:20	69.925	69.975	69.920	69.920	5
2025-03-10 02:25	69.925	69.950	69.915	69.950	5
2025-03-10 02:30	69.955	70.125	69.950	70.090	5
2025-03-10 02:35	70.085	70.125	70.055	70.070	5
2025-03-10 02:40	70.065	70.115	70.025	70.070	5
2025-03-10 02:45	70.065	70.085	70.045	70.055	5
2025-03-10 02:50	70.050	70.065	70.025	70.045	5
2025-03-10 02:55	70.050	70.050	69.970	69.975	5
2025-03-10 03:00	69.980	70.010	69.945	69.945	5
2025-03-10 03:05	69.950	70.000	69.945	69.985	5
2025-03-10 03:10	69.980	69.985	69.950	69.960	5
2025-03-10 03:15	69.955	69.975	69.905	69.925	5
2025-03-10 03:20	69.915	69.930	69.905	69.905	5
2025-03-10 03:25	69.910	69.980	69.910	69.935	5
2025-03-10 03:30	69.940	69.945	69.865	69.875	5
2025-03-10 03:35	69.870	69.975	69.870	69.970	5
2025-03-10 03:40	69.965	69.985	69.940	69.975	5
2025-03-10 03:45	69.970	70.015	69.970	69.995	5
2025-03-10 03:50	69.990	70.010	69.955	69.960	5
2025-03-10 03:55	69.970	69.970	69.950	69.955	5
2025-03-10 04:00	69.950	70.025	69.908	70.015	5
2025-03-10 04:05	70.020	70.020	69.990	70.015	5
2025-03-10 04:10	70.010	70.050	70.005	70.020	4
2025-03-10 04:15	70.015	70.045	70.015	70.020	5
2025-03-10 04:20	70.015	70.100	69.983	70.095	5
2025-03-10 04:25	70.090	70.090	70.025	70.040	5
2025-03-10 04:30	70.035	70.055	69.998	70.030	4
2025-03-10 04:35	70.025	70.025	69.978	70.005	4
2025-03-10 04:40	69.958	70.015	69.958	70.005	4
2025-03-10 04:45	70.015	70.030	69.978	70.020	5
2025-03-10 04:50	69.973	70.025	69.973	70.015	5
2025-03-10 04:55	70.010	70.020	69.968	69.995	5
2025-03-10 05:00	69.948	70.035	69.945	69.945	4
2025-03-10 05:05	69.935	69.975	69.935	69.955	5
2025-03-10 05:10	69.965	70.045	69.960	70.040	5
2025-03-10 05:15	70.045	70.070	70.025	70.030	5
2025-03-10 05:20	70.040	70.055	69.950	69.950	5
2025-03-10 05:25	69.945	69.945	69.875	69.880	5
2025-03-10 05:30	69.875	69.875	69.820	69.865	5
2025-03-10 05:35	69.875	69.925	69.875	69.905	5
2025-03-10 05:40	69.910	69.935	69.895	69.935	5
2025-03-10 05:45	69.940	69.965	69.925	69.940	5
2025-03-10 05:50	69.945	69.945	69.905	69.920	5
2025-03-10 05:55	69.925	69.960	69.925	69.945	5
2025-03-10 06:00	69.955	69.955	69.875	69.915	5
2025-03-10 06:05	69.925	69.985	69.920	69.980	5
2025-03-10 06:10	69.975	70.025	69.975	70.005	5
2025-03-10 06:15	70.000	70.025	69.985	70.000	5
2025-03-10 06:20	69.995	70.045	69.990	69.990	5
2025-03-10 06:25	69.995	70.010	69.935	69.955	5
2025-03-10 06:30	69.950	69.980	69.920	69.980	5
2025-03-10 06:35	69.975	70.025	69.975	70.020	5
2025-03-10 06:40	70.025	70.045	69.945	70.025	5
2025-03-10 06:45	70.035	70.085	70.035	70.085	5
2025-03-10 06:50	70.090	70.145	70.090	70.125	5
2025-03-10 06:55	70.115	70.210	70.115	70.185	5
2025-03-10 07:00	70.190	70.315	70.085	70.295	5
2025-03-10 07:05	70.285	70.345	70.275	70.345	5
2025-03-10 07:10	70.355	70.390	70.330	70.385	5
2025-03-10 07:15	70.375	70.395	70.290	70.290	5
2025-03-10 07:20	70.295	70.355	70.265	70.295	5
2025-03-10 07:25	70.285	70.325	70.235	70.245	5
2025-03-10 07:30	70.255	70.425	70.255	70.340	5
2025-03-10 07:35	70.335	70.405	70.325	70.380	5
2025-03-10 07:40	70.375	70.435	70.365	70.425	5
2025-03-10 07:45	70.420	70.420	70.335	70.355	5
2025-03-10 07:50	70.360	70.400	70.345	70.375	5
2025-03-10 07:55	70.365	70.425	70.325	70.385	5
2025-03-10 08:00	70.390	70.475	70.335	70.345	5
2025-03-10 08:05	70.350	70.385	70.325	70.345	5
2025-03-10 08:10	70.325	70.340	70.205	70.255	5
2025-03-10 08:15	70.265	70.355	70.260	70.265	5
2025-03-10 08:20	70.255	70.285	70.205	70.285	5
2025-03-10 08:25	70.295	70.415	70.285	70.370	5
2025-03-10 08:30	70.385	70.535	70.295	70.315	5
2025-03-10 08:35	70.310	70.415	70.245	70.265	5
2025-03-10 08:40	70.270	70.395	70.255	70.385	5
2025-03-10 08:45	70.370	70.445	70.325	70.355	5
2025-03-10 08:50	70.360	70.375	70.215	70.275	5
2025-03-10 08:55	70.280	70.305	70.205	70.285	5
2025-03-10 09:00	70.290	70.470	70.195	70.445	5
2025-03-10 09:05	70.455	70.545	70.435	70.475	5
2025-03-10 09:10	70.480	70.515	70.305	70.315	5
2025-03-10 09:15	70.325	70.475	70.315	70.445	5
2025-03-10 09:20	70.450	70.485	70.405	70.480	5
2025-03-10 09:25	70.485	70.495	70.390	70.405	5
2025-03-10 09:30	70.415	70.455	70.360	70.390	5
2025-03-10 09:35	70.395	70.545	70.380	70.545	5
2025-03-10 09:40	70.555	70.570	70.485	70.525	5
2025-03-10 09:45	70.530	70.605	70.500	70.595	5
2025-03-10 09:50	70.610	70.645	70.525	70.525	5
2025-03-10 09:55	70.535	70.570	70.485	70.495	5
2025-03-10 10:00	70.505	70.565	70.455	70.565	5
2025-03-10 10:05	70.560	70.565	70.445	70.455	5
2025-03-10 10:10	70.450	70.585	70.445	70.505	5
2025-03-10 10:15	70.495	70.545	70.475	70.510	5
2025-03-10 10:20	70.505	70.565	70.485	70.525	5
2025-03-10 10:25	70.535	70.565	70.445	70.470	5
2025-03-10 10:30	70.465	70.515	70.390	70.415	5
2025-03-10 10:35	70.425	70.455	70.380	70.385	5
2025-03-10 10:40	70.375	70.405	70.375	70.375	5
2025-03-10 10:45	70.365	70.430	70.365	70.415	5
2025-03-10 10:50	70.405	70.425	70.290	70.365	5
2025-03-10 10:55	70.380	70.495	70.380	70.485	5
2025-03-10 11:00	70.475	70.615	70.470	70.495	5
2025-03-10 11:05	70.490	70.605	70.480	70.565	5
2025-03-10 11:10	70.560	70.575	70.510	70.560	5
2025-03-10 11:15	70.555	70.615	70.530	70.595	5
2025-03-10 11:20	70.590	70.665	70.585	70.650	5
2025-03-10 11:25	70.655	70.715	70.625	70.675	5
2025-03-10 11:30	70.685	70.725	70.670	70.720	5
2025-03-10 11:35	70.725	70.775	70.645	70.645	5
2025-03-10 11:40	70.635	70.710	70.615	70.665	5
2025-03-10 11:45	70.675	70.685	70.630	70.655	5
2025-03-10 11:50	70.665	70.695	70.635	70.645	5
2025-03-10 11:55	70.655	70.765	70.645	70.715	5
2025-03-10 12:00	70.705	70.745	70.665	70.685	5
2025-03-10 12:05	70.670	70.755	70.655	70.670	5
2025-03-10 12:10	70.665	70.755	70.665	70.720	5
2025-03-10 12:15	70.715	70.735	70.625	70.695	5
2025-03-10 12:20	70.705	70.775	70.705	70.755	5
2025-03-10 12:25	70.760	70.815	70.745	70.765	5
2025-03-10 12:30	70.755	70.845	70.755	70.805	5
2025-03-10 12:35	70.790	70.825	70.735	70.795	5
2025-03-10 12:40	70.790	70.805	70.775	70.795	5
2025-03-10 12:45	70.815	70.825	70.745	70.755	5
2025-03-10 12:50	70.765	70.770	70.705	70.765	4
2025-03-10 12:55	70.760	70.805	70.750	70.780	5
2025-03-10 13:00	70.775	70.785	70.475	70.475	5
2025-03-10 13:05	70.455	70.515	70.405	70.435	5
2025-03-10 13:10	70.445	70.475	70.385	70.420	5
2025-03-10 13:15	70.425	70.535	70.365	70.385	5
2025-03-10 13:20	70.395	70.435	70.315	70.335	5
2025-03-10 13:25	70.330	70.355	70.250	70.315	5
2025-03-10 13:30	70.305	70.455	70.280	70.315	5
2025-03-10 13:35	70.320	70.405	70.285	70.285	5
2025-03-10 13:40	70.275	70.375	70.155	70.165	5
2025-03-10 13:45	70.155	70.165	69.995	70.050	5
2025-03-10 13:50	70.045	70.095	69.895	69.900	5
2025-03-10 13:55	69.895	70.035	69.865	69.905	5
2025-03-10 14:00	69.900	69.945	69.835	69.860	5
2025-03-10 14:05	69.855	70.045	69.855	69.995	5
2025-03-10 14:10	69.985	70.035	69.925	69.975	5
2025-03-10 14:15	69.965	70.055	69.900	69.930	5
2025-03-10 14:20	69.935	69.965	69.775	69.845	5
2025-03-10 14:25	69.850	69.885	69.785	69.785	5
2025-03-10 14:30	69.775	69.835	69.635	69.685	5
2025-03-10 14:35	69.690	69.975	69.680	69.945	5
2025-03-10 14:40	69.935	70.035	69.905	69.975	5
2025-03-10 14:45	69.985	70.005	69.820	69.865	5
2025-03-10 14:50	69.860	69.895	69.690	69.745	5
2025-03-10 14:55	69.755	69.805	69.675	69.705	5
2025-03-10 15:00	69.715	69.840	69.700	69.750	5
2025-03-10 15:05	69.745	69.815	69.715	69.775	5
2025-03-10 15:10	69.765	69.795	69.725	69.765	5
2025-03-10 15:15	69.755	69.855	69.740	69.745	5
2025-03-10 15:20	69.740	69.825	69.700	69.795	5
2025-03-10 15:25	69.785	69.975	69.765	69.815	5
2025-03-10 15:30	69.835	69.975	69.825	69.975	5
2025-03-10 15:35	69.985	69.990	69.855	69.865	5
2025-03-10 15:40	69.855	69.875	69.715	69.740	5
2025-03-10 15:45	69.735	69.885	69.735	69.875	5
2025-03-10 15:50	69.865	69.945	69.845	69.925	5
2025-03-10 15:55	69.935	69.960	69.830	69.860	5
2025-03-10 16:00	69.865	69.955	69.845	69.855	5
2025-03-10 16:05	69.850	69.915	69.735	69.795	5
2025-03-10 16:10	69.805	69.905	69.805	69.865	5
2025-03-10 16:15	69.870	69.880	69.665	69.690	5
2025-03-10 16:20	69.685	69.725	69.615	69.645	5
2025-03-10 16:25	69.640	69.665	69.545	69.595	5
2025-03-10 16:30	69.585	69.605	69.545	69.565	5
2025-03-10 16:35	69.570	69.595	69.495	69.515	5
2025-03-10 16:40	69.505	69.585	69.505	69.545	5
2025-03-10 16:45	69.550	69.695	69.545	69.665	5
2025-03-10 16:50	69.675	69.725	69.645	69.725	5
2025-03-10 16:55	69.715	69.715	69.615	69.625	5
2025-03-10 17:00	69.630	69.645	69.575	69.575	5
2025-03-10 17:05	69.570	69.615	69.505	69.515	5
2025-03-10 17:10	69.510	69.525	69.392	69.455	5
2025-03-10 17:15	69.465	69.490	69.405	69.435	5
2025-03-10 17:20	69.425	69.485	69.405	69.455	5
2025-03-10 17:25	69.450	69.455	69.390	69.392	5
2025-03-10 17:30	69.392	69.425	69.392	69.392	5
2025-03-10 17:35	69.392	69.415	69.390	69.392	5
2025-03-10 17:40	69.389	69.392	69.255	69.265	5
2025-03-10 17:45	69.275	69.305	69.225	69.250	5
2025-03-10 17:50	69.255	69.265	69.195	69.245	5
2025-03-10 17:55	69.240	69.305	69.240	69.275	5
2025-03-10 18:00	69.270	69.285	69.225	69.225	5
2025-03-10 18:05	69.220	69.285	69.205	69.275	5
2025-03-10 18:10	69.265	69.305	69.225	69.245	5
2025-03-10 18:15	69.250	69.285	69.215	69.245	5
2025-03-10 18:20	69.235	69.280	69.225	69.275	5
2025-03-10 18:25	69.265	69.295	69.205	69.295	5
2025-03-10 18:30	69.305	69.325	69.225	69.295	5
2025-03-10 18:35	69.285	69.290	69.195	69.205	5
2025-03-10 18:40	69.215	69.225	69.185	69.195	5
2025-03-10 18:45	69.190	69.215	69.185	69.205	5
2025-03-10 18:50	69.200	69.205	69.175	69.175	5
2025-03-10 18:55	69.155	69.175	69.115	69.120	5
2025-03-10 19:00	69.115	69.145	69.095	69.115	5
2025-03-10 19:05	69.125	69.125	69.045	69.060	5
2025-03-10 19:10	69.055	69.125	69.035	69.115	5
2025-03-10 19:15	69.110	69.225	69.105	69.205	5
2025-03-10 19:20	69.215	69.275	69.215	69.245	5
2025-03-10 19:25	69.255	69.290	69.185	69.195	5
2025-03-10 19:30	69.190	69.225	69.175	69.195	5
2025-03-10 19:35	69.205	69.215	69.175	69.205	5
2025-03-10 19:40	69.210	69.215	69.130	69.165	5
2025-03-10 19:45	69.175	69.205	69.165	69.205	5
2025-03-10 19:50	69.215	69.265	69.195	69.195	5
2025-03-10 19:55	69.205	69.220	69.175	69.190	5
2025-03-10 20:00	69.195	69.205	69.170	69.190	5
2025-03-10 20:05	69.195	69.220	69.190	69.205	5
2025-03-10 20:10	69.200	69.205	69.133	69.185	3
2025-03-10 20:15	69.175	69.185	69.175	69.175	5
2025-03-10 20:20	69.185	69.220	69.170	69.200	5
2025-03-10 20:25	69.205	69.225	69.195	69.225	5
2025-03-10 20:30	69.230	69.235	69.163	69.210	5
2025-03-10 20:35	69.215	69.225	69.205	69.225	4
2025-03-10 20:40	69.220	69.220	69.180	69.185	5
2025-03-10 20:45	69.180	69.185	69.145	69.155	5
2025-03-10 20:50	69.165	69.175	69.145	69.175	5
2025-03-10 20:55	69.170	69.185	69.155	69.160	5
2025-03-11 00:00	68.992	69.002	68.907	68.907	5
2025-03-11 00:05	68.887	68.942	68.862	68.932	5
2025-03-11 00:10	68.927	68.952	68.912	68.927	5
2025-03-11 00:15	68.932	68.992	68.927	68.987	5
2025-03-11 00:20	68.992	69.002	68.942	68.942	5
2025-03-11 00:25	68.947	68.952	68.922	68.952	4
2025-03-11 00:30	68.967	68.967	68.877	68.887	5
2025-03-11 00:35	68.892	68.912	68.872	68.882	5
2025-03-11 00:40	68.887	68.902	68.882	68.887	5
2025-03-11 00:45	68.882	68.892	68.802	68.812	5
2025-03-11 00:50	68.802	68.817	68.792	68.817	5
2025-03-11 00:55	68.812	68.842	68.812	68.812	5
2025-03-11 01:00	68.822	68.895	68.715	68.725	5
2025-03-11 01:05	68.735	68.760	68.665	68.665	5
2025-03-11 01:10	68.660	68.665	68.610	68.620	5
2025-03-11 01:15	68.615	68.660	68.610	68.650	5
2025-03-11 01:20	68.655	68.795	68.650	68.775	5
2025-03-11 01:25	68.780	68.850	68.780	68.845	5
2025-03-11 01:30	68.855	68.995	68.845	68.945	5
2025-03-11 01:35	68.940	69.055	68.940	69.045	5
2025-03-11 01:40	69.050	69.065	69.015	69.015	5
2025-03-11 01:45	69.040	69.135	69.035	69.095	3
2025-03-11 01:50	69.090	69.125	69.065	69.100	5
2025-03-11 01:55	69.105	69.110	69.055	69.065	5
2025-03-11 02:00	69.060	69.065	69.005	69.040	5
2025-03-11 02:05	69.045	69.160	69.035	69.135	5
2025-03-11 02:10	69.125	69.225	69.115	69.205	5
2025-03-11 02:15	69.195	69.325	69.185	69.300	5
2025-03-11 02:20	69.295	69.365	69.290	69.330	5
2025-03-11 02:25	69.325	69.335	69.290	69.290	5
2025-03-11 02:30	69.285	69.295	69.225	69.235	5
2025-03-11 02:35	69.240	69.245	69.185	69.205	5
2025-03-11 02:40	69.200	69.200	69.140	69.155	5
2025-03-11 02:45	69.145	69.155	69.125	69.135	5
2025-03-11 02:50	69.130	69.275	69.125	69.265	5
2025-03-11 02:55	69.255	69.255	69.200	69.210	5
2025-03-11 03:00	69.205	69.255	69.205	69.240	5
2025-03-11 03:05	69.245	69.285	69.225	69.250	5
2025-03-11 03:10	69.255	69.285	69.245	69.285	5
2025-03-11 03:15	69.290	69.295	69.240	69.275	5
2025-03-11 03:20	69.270	69.285	69.255	69.280	5
2025-03-11 03:25	69.275	69.335	69.255	69.270	5
2025-03-11 03:30	69.265	69.290	69.265	69.285	5
2025-03-11 03:35	69.280	69.295	69.275	69.285	3
2025-03-11 03:40	69.290	69.295	69.210	69.220	4
2025-03-11 03:45	69.215	69.255	69.195	69.255	5
2025-03-11 03:50	69.260	69.265	69.245	69.255	5
2025-03-11 03:55	69.250	69.250	69.235	69.235	5
2025-03-11 04:00	69.225	69.225	69.205	69.205	4
2025-03-11 04:05	69.210	69.225	69.195	69.220	4
2025-03-11 04:10	69.225	69.255	69.215	69.245	5
2025-03-11 04:15	69.250	69.260	69.240	69.245	5
2025-03-11 04:20	69.240	69.240	69.173	69.225	5
2025-03-11 04:25	69.220	69.235	69.215	69.225	5
2025-03-11 04:30	69.215	69.260	69.215	69.245	4
2025-03-11 04:35	69.240	69.245	69.205	69.205	2
2025-03-11 04:40	69.210	69.235	69.210	69.225	5
2025-03-11 04:45	69.230	69.230	69.205	69.225	5
2025-03-11 04:50	69.230	69.255	69.183	69.235	5
2025-03-11 04:55	69.230	69.235	69.178	69.225	5
2025-03-11 05:00	69.220	69.225	69.205	69.205	5
2025-03-11 05:05	69.185	69.205	69.145	69.205	5
2025-03-11 05:10	69.210	69.225	69.200	69.225	5
2025-03-11 05:15	69.220	69.250	69.200	69.245	5
2025-03-11 05:20	69.240	69.240	69.190	69.210	5
2025-03-11 05:25	69.215	69.235	69.195	69.235	4
2025-03-11 05:30	69.245	69.275	69.235	69.275	5
2025-03-11 05:35	69.280	69.375	69.280	69.355	5
2025-03-11 05:40	69.350	69.355	69.280	69.295	5
2025-03-11 05:45	69.300	69.305	69.255	69.265	5
2025-03-11 05:50	69.275	69.335	69.275	69.320	5
2025-03-11 05:55	69.325	69.325	69.285	69.310	5
2025-03-11 06:00	69.315	69.340	69.285	69.290	5
2025-03-11 06:05	69.295	69.340	69.285	69.330	5
2025-03-11 06:10	69.325	69.325	69.265	69.305	5
2025-03-11 06:15	69.310	69.325	69.275	69.300	5
2025-03-11 06:20	69.295	69.350	69.295	69.350	5
2025-03-11 06:25	69.355	69.375	69.325	69.355	5
2025-03-11 06:30	69.360	69.465	69.355	69.465	5
2025-03-11 06:35	69.475	69.485	69.415	69.440	5
2025-03-11 06:40	69.435	69.440	69.390	69.415	5
2025-03-11 06:45	69.410	69.500	69.405	69.490	5
2025-03-11 06:50	69.485	69.485	69.405	69.415	5
2025-03-11 06:55	69.405	69.445	69.385	69.435	5
2025-03-11 07:00	69.430	69.435	69.305	69.335	5
2025-03-11 07:05	69.330	69.425	69.315	69.385	5
2025-03-11 07:10	69.390	69.460	69.390	69.405	5
2025-03-11 07:15	69.415	69.445	69.380	69.415	5
2025-03-11 07:20	69.425	69.465	69.380	69.460	5
2025-03-11 07:25	69.455	69.465	69.395	69.425	5
2025-03-11 07:30	69.415	69.425	69.385	69.425	5
2025-03-11 07:35	69.415	69.490	69.405	69.485	5
2025-03-11 07:40	69.490	69.505	69.435	69.480	5
2025-03-11 07:45	69.475	69.555	69.460	69.535	5
2025-03-11 07:50	69.525	69.555	69.505	69.545	5
2025-03-11 07:55	69.540	69.595	69.535	69.565	5
2025-03-11 08:00	69.560	69.580	69.435	69.515	5
2025-03-11 08:05	69.500	69.505	69.425	69.430	5
2025-03-11 08:10	69.435	69.525	69.425	69.495	5
2025-03-11 08:15	69.490	69.525	69.465	69.470	5
2025-03-11 08:20	69.475	69.585	69.445	69.555	5
2025-03-11 08:25	69.560	69.565	69.463	69.545	5
2025-03-11 08:30	69.535	69.585	69.495	69.545	5
2025-03-11 08:35	69.550	69.555	69.435	69.515	5
2025-03-11 08:40	69.520	69.555	69.505	69.530	5
2025-03-11 08:45	69.535	69.600	69.525	69.545	5
2025-03-11 08:50	69.550	69.645	69.545	69.635	5
2025-03-11 08:55	69.625	69.665	69.605	69.655	5
2025-03-11 09:00	69.660	69.695	69.625	69.655	5
2025-03-11 09:05	69.645	69.645	69.555	69.605	5
2025-03-11 09:10	69.600	69.675	69.595	69.660	5
2025-03-11 09:15	69.655	69.725	69.655	69.725	5
2025-03-11 09:20	69.735	69.755	69.695	69.710	5
2025-03-11 09:25	69.705	69.755	69.705	69.755	5
2025-03-11 09:30	69.745	69.765	69.715	69.755	5
2025-03-11 09:35	69.750	69.770	69.705	69.765	5
2025-03-11 09:40	69.755	69.795	69.740	69.795	5
2025-03-11 09:45	69.805	69.815	69.750	69.770	5
2025-03-11 09:50	69.765	69.810	69.765	69.790	5
2025-03-11 09:55	69.785	69.805	69.675	69.690	5
2025-03-11 10:00	69.685	69.735	69.675	69.725	5
2025-03-11 10:05	69.735	69.785	69.730	69.785	5
2025-03-11 10:10	69.765	69.795	69.730	69.765	5
2025-03-11 10:15	69.770	69.865	69.765	69.845	5
2025-03-11 10:20	69.855	69.980	69.850	69.975	5
2025-03-11 10:25	69.955	69.995	69.945	69.965	5
2025-03-11 10:30	69.970	70.045	69.970	70.025	5
2025-03-11 10:35	70.020	70.095	70.000	70.045	5
2025-03-11 10:40	70.040	70.055	70.035	70.055	5
2025-03-11 10:45	70.065	70.105	70.025	70.075	5
2025-03-11 10:50	70.080	70.080	70.005	70.040	5
2025-03-11 10:55	70.035	70.050	69.995	70.005	5
2025-03-11 11:00	70.015	70.085	69.965	70.025	5
2025-03-11 11:05	70.030	70.055	70.005	70.020	5
2025-03-11 11:10	70.025	70.040	69.905	69.960	5
2025-03-11 11:15	69.965	70.055	69.955	70.055	5
2025-03-11 11:20	70.045	70.105	70.025	70.105	5
2025-03-11 11:25	70.095	70.105	70.065	70.075	5
2025-03-11 11:30	70.065	70.135	70.065	70.125	5
2025-03-11 11:35	70.120	70.175	70.120	70.145	5
2025-03-11 11:40	70.150	70.150	70.075	70.085	5
2025-03-11 11:45	70.095	70.115	70.085	70.085	5
2025-03-11 11:50	70.090	70.155	70.065	70.150	5
2025-03-11 11:55	70.145	70.175	70.115	70.155	5
2025-03-11 12:00	70.150	70.165	70.115	70.165	5
2025-03-11 12:05	70.175	70.215	70.125	70.135	5
2025-03-11 12:10	70.140	70.150	70.025	70.045	5
2025-03-11 12:15	70.035	70.125	70.025	70.120	5
2025-03-11 12:20	70.115	70.215	70.115	70.175	5
2025-03-11 12:25	70.180	70.225	70.165	70.185	5
2025-03-11 12:30	70.195	70.195	70.135	70.145	5
2025-03-11 12:35	70.140	70.195	70.140	70.195	5
2025-03-11 12:40	70.185	70.185	70.095	70.155	5
2025-03-11 12:45	70.160	70.175	70.035	70.075	5
2025-03-11 12:50	70.085	70.095	69.975	69.985	5
2025-03-11 12:55	69.990	70.015	69.905	69.910	5
2025-03-11 13:00	69.915	70.075	69.915	70.045	5
2025-03-11 13:05	70.050	70.090	69.995	70.085	5
2025-03-11 13:10	70.090	70.125	70.025	70.055	5
2025-03-11 13:15	70.050	70.075	69.985	70.035	5
2025-03-11 13:20	70.025	70.105	70.005	70.090	5
2025-03-11 13:25	70.085	70.105	70.045	70.085	5
2025-03-11 13:30	70.075	70.165	70.055	70.165	5
2025-03-11 13:35	70.150	70.330	70.115	70.320	5
2025-03-11 13:40	70.315	70.405	70.205	70.385	5
2025-03-11 13:45	70.370	70.375	70.215	70.225	5
2025-03-11 13:50	70.230	70.250	70.145	70.175	5
2025-03-11 13:55	70.165	70.200	70.095	70.160	5
2025-03-11 14:00	70.155	70.205	69.955	69.980	5
2025-03-11 14:05	69.975	70.175	69.970	70.165	5
2025-03-11 14:10	70.180	70.245	70.140	70.175	5
2025-03-11 14:15	70.165	70.195	70.050	70.135	5
2025-03-11 14:20	70.145	70.160	69.990	70.025	5
2025-03-11 14:25	70.015	70.030	69.795	69.920	5
2025-03-11 14:30	69.925	70.005	69.815	69.855	5
2025-03-11 14:35	69.860	69.885	69.785	69.845	5
2025-03-11 14:40	69.855	69.955	69.815	69.885	5
2025-03-11 14:45	69.875	69.935	69.815	69.870	5
2025-03-11 14:50	69.865	69.965	69.860	69.915	5
2025-03-11 14:55	69.905	69.915	69.805	69.820	5
2025-03-11 15:00	69.815	69.985	69.785	69.895	5
2025-03-11 15:05	69.905	70.100	69.875	70.095	5
2025-03-11 15:10	70.105	70.115	69.985	70.005	5
2025-03-11 15:15	70.010	70.035	69.955	69.985	5
2025-03-11 15:20	69.990	70.010	69.870	69.985	5
2025-03-11 15:25	69.990	70.175	69.985	70.125	5
2025-03-11 15:30	70.135	70.245	70.105	70.140	5
2025-03-11 15:35	70.145	70.215	70.110	70.205	5
2025-03-11 15:40	70.210	70.270	70.080	70.080	5
2025-03-11 15:45	70.085	70.085	69.935	70.060	5
2025-03-11 15:50	70.055	70.125	70.055	70.110	5
2025-03-11 15:55	70.105	70.140	70.015	70.030	5
2025-03-11 16:00	70.025	70.110	69.965	70.095	5
2025-03-11 16:05	70.100	70.135	70.020	70.050	5
2025-03-11 16:10	70.055	70.065	69.960	69.975	5
2025-03-11 16:15	69.985	69.990	69.915	69.955	5
2025-03-11 16:20	69.965	69.975	69.845	69.885	5
2025-03-11 16:25	69.890	69.925	69.835	69.865	5
2025-03-11 16:30	69.860	69.960	69.845	69.915	5
2025-03-11 16:35	69.905	69.920	69.785	69.820	5
2025-03-11 16:40	69.825	69.905	69.815	69.815	5
2025-03-11 16:45	69.820	69.905	69.795	69.895	5
2025-03-11 16:50	69.890	69.895	69.615	69.655	5
2025-03-11 16:55	69.665	69.695	69.595	69.635	5
2025-03-11 17:00	69.630	69.670	69.595	69.605	5
2025-03-11 17:05	69.590	69.615	69.575	69.595	5
2025-03-11 17:10	69.605	69.615	69.515	69.575	5
2025-03-11 17:15	69.570	69.680	69.555	69.660	5
2025-03-11 17:20	69.665	69.685	69.565	69.600	5
2025-03-11 17:25	69.605	69.630	69.565	69.595	5
2025-03-11 17:30	69.590	69.615	69.515	69.565	5
2025-03-11 17:35	69.550	69.565	69.515	69.535	5
2025-03-11 17:40	69.545	69.555	69.485	69.555	5
2025-03-11 17:45	69.550	69.635	69.505	69.595	5
2025-03-11 17:50	69.585	69.635	69.580	69.600	5
2025-03-11 17:55	69.605	69.625	69.520	69.535	5
2025-03-11 18:00	69.525	69.525	69.325	69.380	5
2025-03-11 18:05	69.375	69.565	69.375	69.495	5
2025-03-11 18:10	69.500	69.575	69.465	69.560	5
2025-03-11 18:15	69.555	69.560	69.505	69.515	5
2025-03-11 18:20	69.525	69.695	69.515	69.645	5
2025-03-11 18:25	69.635	69.655	69.465	69.565	5
2025-03-11 18:30	69.555	69.615	69.535	69.555	5
2025-03-11 18:35	69.560	69.625	69.545	69.615	5
2025-03-11 18:40	69.610	69.705	69.605	69.700	5
2025-03-11 18:45	69.705	69.720	69.675	69.700	5
2025-03-11 18:50	69.705	69.870	69.695	69.840	5
2025-03-11 18:55	69.830	69.835	69.715	69.755	5
2025-03-11 19:00	69.745	69.785	69.685	69.725	5
2025-03-11 19:05	69.735	69.780	69.715	69.745	5
2025-03-11 19:10	69.740	69.795	69.740	69.780	5
2025-03-11 19:15	69.775	69.790	69.745	69.755	5
2025-03-11 19:20	69.760	69.830	69.745	69.750	5
2025-03-11 19:25	69.745	69.755	69.715	69.735	5
2025-03-11 19:30	69.740	69.820	69.735	69.800	5
2025-03-11 19:35	69.810	69.835	69.780	69.795	5
2025-03-11 19:40	69.790	69.805	69.775	69.790	5
2025-03-11 19:45	69.795	69.865	69.790	69.865	5
2025-03-11 19:50	69.855	69.865	69.815	69.820	5
2025-03-11 19:55	69.825	69.825	69.745	69.745	5
2025-03-11 20:00	69.750	69.800	69.745	69.785	5
2025-03-11 20:05	69.775	69.820	69.765	69.815	5
2025-03-11 20:10	69.825	69.845	69.795	69.830	5
2025-03-11 20:15	69.825	69.835	69.795	69.825	5
2025-03-11 20:20	69.820	69.860	69.820	69.855	5
2025-03-11 20:25	69.860	69.860	69.825	69.835	5
2025-03-11 20:30	69.840	69.920	69.840	69.885	5
2025-03-11 20:35	69.890	69.955	69.865	69.915	5
2025-03-11 20:40	69.910	69.965	69.890	69.895	5
2025-03-11 20:45	69.890	69.900	69.870	69.895	5
2025-03-11 20:50	69.890	69.900	69.840	69.850	5
2025-03-11 20:55	69.860	69.885	69.855	69.870	5
2025-03-12 00:00	69.917	69.982	69.862	69.882	5
2025-03-12 00:05	69.887	69.892	69.847	69.867	5
2025-03-12 00:10	69.872	69.892	69.867	69.867	5
2025-03-12 00:15	69.862	69.877	69.837	69.837	4
2025-03-12 00:20	69.832	69.842	69.807	69.822	5
2025-03-12 00:25	69.817	69.827	69.802	69.802	4
2025-03-12 00:30	69.778	69.827	69.777	69.822	5
2025-03-12 00:35	69.817	69.822	69.767	69.767	5
2025-03-12 00:40	69.762	69.787	69.743	69.787	5
2025-03-12 00:45	69.777	69.807	69.757	69.797	5
2025-03-12 00:50	69.802	69.852	69.802	69.847	5
2025-03-12 00:55	69.852	69.922	69.847	69.902	5
2025-03-12 01:00	69.892	69.925	69.830	69.860	5
2025-03-12 01:05	69.865	69.865	69.785	69.815	5
2025-03-12 01:10	69.810	69.830	69.795	69.815	5
2025-03-12 01:15	69.825	69.855	69.778	69.820	5
2025-03-12 01:20	69.815	69.825	69.795	69.810	5
2025-03-12 01:25	69.805	69.855	69.805	69.855	5
2025-03-12 01:30	69.845	69.925	69.845	69.850	5
2025-03-12 01:35	69.840	69.955	69.835	69.945	5
2025-03-12 01:40	69.940	69.940	69.905	69.905	5
2025-03-12 01:45	69.910	69.985	69.905	69.975	5
2025-03-12 01:50	69.980	70.005	69.925	69.960	5
2025-03-12 01:55	69.955	69.960	69.940	69.945	5
2025-03-12 02:00	69.940	69.945	69.875	69.895	5
2025-03-12 02:05	69.890	69.935	69.875	69.925	5
2025-03-12 02:10	69.930	70.040	69.925	69.990	5
2025-03-12 02:15	69.985	70.025	69.985	70.015	5
2025-03-12 02:20	70.010	70.055	70.010	70.045	5
2025-03-12 02:25	70.050	70.065	70.035	70.065	5
2025-03-12 02:30	70.060	70.105	70.045	70.075	5
2025-03-12 02:35	70.070	70.080	70.045	70.045	5
2025-03-12 02:40	70.035	70.035	69.960	70.005	5
2025-03-12 02:45	70.015	70.015	69.990	70.005	5
2025-03-12 02:50	70.015	70.015	69.968	69.995	5
2025-03-12 02:55	70.000	70.000	69.945	69.950	4
2025-03-12 03:00	69.955	69.980	69.945	69.960	5
2025-03-12 03:05	69.955	69.965	69.930	69.935	5
2025-03-12 03:10	69.945	69.945	69.920	69.945	4
2025-03-12 03:15	69.955	69.995	69.945	69.960	5
2025-03-12 03:20	69.965	69.965	69.915	69.945	5
2025-03-12 03:25	69.940	70.005	69.935	69.980	5
2025-03-12 03:30	69.985	69.985	69.925	69.975	5
2025-03-12 03:35	69.965	70.035	69.965	70.035	5
2025-03-12 03:40	70.030	70.030	69.995	69.995	5
2025-03-12 03:45	70.000	70.010	69.958	69.990	5
2025-03-12 03:50	69.995	70.005	69.985	69.985	3
2025-03-12 03:55	69.990	69.995	69.985	69.985	3
2025-03-12 04:00	69.990	70.010	69.990	70.010	4
2025-03-12 04:05	70.005	70.015	70.000	70.005	5
2025-03-12 04:10	70.000	70.000	69.948	69.948	4
2025-03-12 04:15	69.995	70.025	69.995	70.005	5
2025-03-12 04:20	70.015	70.050	69.968	70.045	3
2025-03-12 04:25	70.040	70.075	70.040	70.055	5
2025-03-12 04:30	70.045	70.050	70.010	70.050	4
2025-03-12 04:35	70.045	70.055	70.035	70.035	4
2025-03-12 04:40	69.988	70.045	69.988	70.040	5
2025-03-12 04:45	70.045	70.045	70.035	70.045	5
2025-03-12 04:50	70.050	70.050	70.025	70.035	5
2025-03-12 04:55	70.025	70.035	70.025	70.030	4
2025-03-12 05:00	70.025	70.040	70.005	70.040	5
2025-03-12 05:05	70.035	70.070	70.035	70.065	5
2025-03-12 05:10	70.060	70.065	70.020	70.035	5
2025-03-12 05:15	70.020	70.025	69.965	70.000	5
2025-03-12 05:20	69.990	70.030	69.980	69.980	5
2025-03-12 05:25	69.975	69.975	69.940	69.965	5
2025-03-12 05:30	69.960	69.985	69.935	69.985	4
2025-03-12 05:35	69.975	69.985	69.945	69.960	5
2025-03-12 05:40	69.955	69.965	69.935	69.950	5
2025-03-12 05:45	69.955	69.955	69.895	69.905	5
2025-03-12 05:50	69.915	69.920	69.875	69.880	5
2025-03-12 05:55	69.885	69.905	69.885	69.900	5
2025-03-12 06:00	69.905	69.915	69.885	69.885	5
2025-03-12 06:05	69.880	69.890	69.835	69.840	5
2025-03-12 06:10	69.835	69.835	69.775	69.795	5
2025-03-12 06:15	69.800	69.805	69.775	69.785	5
2025-03-12 06:20	69.775	69.775	69.715	69.730	5
2025-03-12 06:25	69.735	69.745	69.670	69.675	5
2025-03-12 06:30	69.670	69.675	69.635	69.660	5
2025-03-12 06:35	69.665	69.715	69.655	69.665	5
2025-03-12 06:40	69.660	69.660	69.590	69.620	5
2025-03-12 06:45	69.625	69.685	69.625	69.635	5
2025-03-12 06:50	69.650	69.665	69.610	69.620	5
2025-03-12 06:55	69.625	69.625	69.550	69.560	5
2025-03-12 07:00	69.565	69.605	69.535	69.605	5
2025-03-12 07:05	69.615	69.615	69.535	69.540	5
2025-03-12 07:10	69.545	69.560	69.495	69.515	5
2025-03-12 07:15	69.520	69.525	69.455	69.495	5
2025-03-12 07:20	69.490	69.590	69.465	69.590	5
2025-03-12 07:25	69.595	69.695	69.585	69.670	5
2025-03-12 07:30	69.685	69.695	69.655	69.695	5
2025-03-12 07:35	69.690	69.715	69.645	69.705	5
2025-03-12 07:40	69.710	69.765	69.705	69.755	5
2025-03-12 07:45	69.745	69.800	69.745	69.785	5
2025-03-12 07:50	69.780	69.830	69.765	69.795	5
2025-03-12 07:55	69.785	69.870	69.775	69.805	5
2025-03-12 08:00	69.825	69.885	69.795	69.805	5
2025-03-12 08:05	69.800	69.850	69.765	69.825	5
2025-03-12 08:10	69.815	69.890	69.785	69.875	5
2025-03-12 08:15	69.880	69.945	69.880	69.945	5
2025-03-12 08:20	69.935	69.975	69.910	69.975	5
2025-03-12 08:25	69.985	70.005	69.905	69.935	5
2025-03-12 08:30	69.925	70.005	69.915	69.955	5
2025-03-12 08:35	69.970	70.005	69.895	69.945	5
2025-03-12 08:40	69.955	69.965	69.895	69.945	5
2025-03-12 08:45	69.935	69.945	69.870	69.890	5
2025-03-12 08:50	69.885	69.885	69.805	69.815	4
2025-03-12 08:55	69.820	69.825	69.785	69.815	5
2025-03-12 09:00	69.820	69.875	69.805	69.875	5
2025-03-12 09:05	69.865	69.875	69.820	69.840	5
2025-03-12 09:10	69.835	69.850	69.775	69.795	5
2025-03-12 09:15	69.790	69.825	69.755	69.765	5
2025-03-12 09:20	69.755	69.950	69.735	69.905	5
2025-03-12 09:25	69.900	70.005	69.895	69.960	5
2025-03-12 09:30	69.955	70.005	69.945	69.955	5
2025-03-12 09:35	69.945	69.955	69.875	69.925	5
2025-03-12 09:40	69.915	69.925	69.885	69.885	5
2025-03-12 09:45	69.895	69.920	69.885	69.900	5
2025-03-12 09:50	69.895	69.965	69.875	69.955	5
2025-03-12 09:55	69.965	70.025	69.965	70.005	5
2025-03-12 10:00	70.015	70.115	69.985	70.105	5
2025-03-12 10:05	70.110	70.225	70.105	70.195	5
2025-03-12 10:10	70.200	70.235	70.195	70.225	5
2025-03-12 10:15	70.230	70.275	70.205	70.255	5
2025-03-12 10:20	70.260	70.305	70.255	70.295	5
2025-03-12 10:25	70.300	70.315	70.205	70.265	5
2025-03-12 10:30	70.275	70.295	70.195	70.220	5
2025-03-12 10:35	70.215	70.230	70.155	70.165	5
2025-03-12 10:40	70.175	70.185	70.100	70.165	5
2025-03-12 10:45	70.175	70.225	70.155	70.215	5
2025-03-12 10:50	70.225	70.280	70.225	70.255	5
2025-03-12 10:55	70.245	70.255	70.155	70.185	5
2025-03-12 11:00	70.175	70.200	70.115	70.155	5
2025-03-12 11:05	70.145	70.205	70.135	70.185	5
2025-03-12 11:10	70.180	70.190	70.145	70.145	5
2025-03-12 11:15	70.130	70.165	70.115	70.165	5
2025-03-12 11:20	70.175	70.195	70.115	70.165	5
2025-03-12 11:25	70.175	70.215	70.145	70.205	5
2025-03-12 11:30	70.200	70.260	70.175	70.180	5
2025-03-12 11:35	70.175	70.205	70.145	70.155	5
2025-03-12 11:40	70.145	70.205	70.145	70.175	5
2025-03-12 11:45	70.170	70.235	70.155	70.235	5
2025-03-12 11:50	70.230	70.310	70.195	70.305	5
2025-03-12 11:55	70.310	70.345	70.290	70.325	5
2025-03-12 12:00	70.315	70.315	70.245	70.275	5
2025-03-12 12:05	70.280	70.345	70.225	70.325	5
2025-03-12 12:10	70.320	70.380	70.315	70.345	5
2025-03-12 12:15	70.340	70.405	70.315	70.365	5
2025-03-12 12:20	70.370	70.425	70.340	70.425	5
2025-03-12 12:25	70.430	70.465	70.350	70.375	5
2025-03-12 12:30	70.365	70.520	70.355	70.445	5
2025-03-12 12:35	70.450	70.485	70.405	70.470	5
2025-03-12 12:40	70.475	70.475	70.405	70.450	5
2025-03-12 12:45	70.445	70.455	70.325	70.425	5
2025-03-12 12:50	70.430	70.455	70.360	70.395	5
2025-03-12 12:55	70.405	70.445	70.345	70.355	5
2025-03-12 13:00	70.345	70.405	70.255	70.390	5
2025-03-12 13:05	70.385	70.465	70.380	70.465	5
2025-03-12 13:10	70.460	70.485	70.445	70.445	5
2025-03-12 13:15	70.440	70.475	70.355	70.460	5
2025-03-12 13:20	70.465	70.525	70.465	70.510	5
2025-03-12 13:25	70.505	70.525	70.455	70.500	5
2025-03-12 13:30	70.505	70.685	70.480	70.590	5
2025-03-12 13:35	70.585	70.615	70.555	70.595	5
2025-03-12 13:40	70.575	70.595	70.470	70.485	5
2025-03-12 13:45	70.490	70.490	70.360	70.435	5
2025-03-12 13:50	70.445	70.515	70.345	70.465	5
2025-03-12 13:55	70.470	70.485	70.275	70.470	5
2025-03-12 14:00	70.475	70.510	70.415	70.445	5
2025-03-12 14:05	70.455	70.510	70.425	70.490	5
2025-03-12 14:10	70.500	70.565	70.445	70.545	5
2025-03-12 14:15	70.540	70.555	70.440	70.515	5
2025-03-12 14:20	70.520	70.575	70.505	70.545	5
2025-03-12 14:25	70.540	70.605	70.520	70.560	5
2025-03-12 14:30	70.565	70.785	70.560	70.675	5
2025-03-12 14:35	70.670	70.785	70.645	70.675	5
2025-03-12 14:40	70.665	70.725	70.595	70.675	5
2025-03-12 14:45	70.665	70.755	70.635	70.745	5
2025-03-12 14:50	70.740	70.875	70.715	70.845	5
2025-03-12 14:55	70.850	70.870	70.785	70.810	5
2025-03-12 15:00	70.815	70.830	70.640	70.650	5
2025-03-12 15:05	70.655	70.690	70.475	70.535	5
2025-03-12 15:10	70.540	70.625	70.535	70.590	5
2025-03-12 15:15	70.595	70.635	70.505	70.595	5
2025-03-12 15:20	70.585	70.685	70.565	70.675	5
2025-03-12 15:25	70.685	70.750	70.665	70.705	5
2025-03-12 15:30	70.710	70.860	70.700	70.850	5
2025-03-12 15:35	70.865	70.955	70.785	70.895	5
2025-03-12 15:40	70.900	70.935	70.855	70.905	5
2025-03-12 15:45	70.900	70.920	70.855	70.895	5
2025-03-12 15:50	70.905	70.955	70.830	70.850	5
2025-03-12 15:55	70.855	70.855	70.720	70.815	5
2025-03-12 16:00	70.805	70.875	70.760	70.835	5
2025-03-12 16:05	70.840	70.975	70.825	70.970	5
2025-03-12 16:10	70.975	70.995	70.845	70.885	5
2025-03-12 16:15	70.880	70.915	70.855	70.915	5
2025-03-12 16:20	70.905	70.945	70.840	70.865	5
2025-03-12 16:25	70.870	70.995	70.855	70.970	5
2025-03-12 16:30	70.975	71.075	70.945	70.995	5
2025-03-12 16:35	70.975	70.975	70.935	70.945	5
2025-03-12 16:40	70.950	70.950	70.805	70.885	5
2025-03-12 16:45	70.895	70.935	70.845	70.935	5
2025-03-12 16:50	70.915	70.970	70.910	70.955	5
2025-03-12 16:55	70.965	70.975	70.865	70.875	5
2025-03-12 17:00	70.885	70.895	70.845	70.875	5
2025-03-12 17:05	70.870	70.915	70.825	70.895	5
2025-03-12 17:10	70.905	71.010	70.895	70.995	5
2025-03-12 17:15	71.000	71.010	70.875	70.895	5
2025-03-12 17:20	70.900	70.975	70.885	70.895	5
2025-03-12 17:25	70.890	70.935	70.875	70.905	5
2025-03-12 17:30	70.910	70.950	70.875	70.895	5
2025-03-12 17:35	70.905	70.985	70.895	70.980	5
2025-03-12 17:40	70.985	71.015	70.915	70.930	5
2025-03-12 17:45	70.935	70.985	70.925	70.930	5
2025-03-12 17:50	70.935	70.975	70.895	70.895	5
2025-03-12 17:55	70.890	70.920	70.875	70.875	5
2025-03-12 18:00	70.865	70.955	70.865	70.930	5
2025-03-12 18:05	70.925	70.930	70.875	70.895	5
2025-03-12 18:10	70.900	70.965	70.895	70.925	5
2025-03-12 18:15	70.920	70.975	70.885	70.885	5
2025-03-12 18:20	70.895	70.930	70.870	70.890	5
2025-03-12 18:25	70.885	70.955	70.865	70.945	5
2025-03-12 18:30	70.950	71.005	70.935	70.945	5
2025-03-12 18:35	70.940	70.990	70.925	70.990	5
2025-03-12 18:40	70.985	71.025	70.980	70.980	5
2025-03-12 18:45	70.985	70.995	70.965	70.975	5
2025-03-12 18:50	70.985	70.985	70.945	70.955	5
2025-03-12 18:55	70.950	70.990	70.935	70.970	5
2025-03-12 19:00	70.965	70.985	70.955	70.965	5
2025-03-12 19:05	70.955	70.965	70.915	70.925	5
2025-03-12 19:10	70.920	70.935	70.905	70.905	5
2025-03-12 19:15	70.900	70.925	70.885	70.895	5
2025-03-12 19:20	70.905	70.915	70.875	70.885	5
2025-03-12 19:25	70.890	70.890	70.845	70.870	5
2025-03-12 19:30	70.875	70.940	70.870	70.925	5
2025-03-12 19:35	70.930	70.965	70.905	70.905	5
2025-03-12 19:40	70.915	70.935	70.900	70.925	5
2025-03-12 19:45	70.935	70.970	70.925	70.970	5
2025-03-12 19:50	70.965	70.965	70.935	70.935	5
2025-03-12 19:55	70.950	70.965	70.935	70.945	5
2025-03-12 20:00	70.935	70.950	70.925	70.940	5
2025-03-12 20:05	70.945	70.960	70.935	70.935	4
2025-03-12 20:10	70.940	70.940	70.915	70.915	3
2025-03-12 20:15	70.925	70.945	70.915	70.940	4
2025-03-12 20:20	70.945	70.955	70.930	70.940	5
2025-03-12 20:25	70.945	70.965	70.945	70.960	4
2025-03-12 20:30	70.913	70.995	70.905	70.905	5
2025-03-12 20:35	70.910	70.965	70.905	70.960	5
2025-03-12 20:40	70.945	70.975	70.930	70.965	5
2025-03-12 20:45	70.960	70.975	70.950	70.955	5
2025-03-12 20:50	70.960	70.965	70.950	70.955	5
2025-03-12 20:55	70.950	70.965	70.940	70.945	5
2025-03-13 00:00	70.927	70.927	70.842	70.842	5
2025-03-13 00:05	70.852	70.907	70.842	70.897	5
2025-03-13 00:10	70.892	70.892	70.807	70.817	5
2025-03-13 00:15	70.812	70.847	70.797	70.802	5
2025-03-13 00:20	70.812	70.847	70.807	70.842	5
2025-03-13 00:25	70.837	70.887	70.837	70.872	5
2025-03-13 00:30	70.867	70.912	70.862	70.892	5
2025-03-13 00:35	70.897	70.897	70.882	70.887	5
2025-03-13 00:40	70.882	70.892	70.858	70.887	5
2025-03-13 00:45	70.882	70.912	70.872	70.902	5
2025-03-13 00:50	70.897	70.912	70.868	70.902	5
2025-03-13 00:55	70.907	70.912	70.872	70.877	5
2025-03-13 01:00	70.872	70.935	70.855	70.895	5
2025-03-13 01:05	70.885	70.885	70.835	70.845	5
2025-03-13 01:10	70.850	70.870	70.835	70.850	5
2025-03-13 01:15	70.845	70.955	70.835	70.915	4
2025-03-13 01:20	70.905	70.905	70.815	70.855	5
2025-03-13 01:25	70.850	70.865	70.795	70.800	5
2025-03-13 01:30	70.795	70.830	70.785	70.830	5
2025-03-13 01:35	70.825	70.835	70.770	70.775	5
2025-03-13 01:40	70.785	70.825	70.785	70.795	5
2025-03-13 01:45	70.800	70.835	70.800	70.815	5
2025-03-13 01:50	70.810	70.865	70.810	70.860	5
2025-03-13 01:55	70.855	70.865	70.795	70.795	5
2025-03-13 02:00	70.805	70.825	70.770	70.815	5
2025-03-13 02:05	70.805	70.855	70.805	70.850	5
2025-03-13 02:10	70.845	70.895	70.825	70.885	5
2025-03-13 02:15	70.890	70.895	70.865	70.870	5
2025-03-13 02:20	70.865	70.915	70.865	70.900	4
2025-03-13 02:25	70.895	70.925	70.895	70.925	5
2025-03-13 02:30	70.930	70.955	70.910	70.955	5
2025-03-13 02:35	70.960	71.025	70.960	71.005	5
2025-03-13 02:40	71.015	71.035	71.005	71.025	5
2025-03-13 02:45	71.030	71.065	71.030	71.045	5
2025-03-13 02:50	71.035	71.075	71.025	71.025	5
2025-03-13 02:55	71.015	71.050	71.005	71.010	5
2025-03-13 03:00	71.015	71.040	71.005	71.015	5
2025-03-13 03:05	71.010	71.015	70.985	71.000	5
2025-03-13 03:10	71.005	71.030	71.000	71.005	4
2025-03-13 03:15	71.010	71.015	70.985	71.000	4
2025-03-13 03:20	71.005	71.020	70.985	70.985	5
2025-03-13 03:25	70.990	71.000	70.935	70.940	5
2025-03-13 03:30	70.935	70.955	70.900	70.920	5
2025-03-13 03:35	70.915	70.945	70.885	70.940	5
2025-03-13 03:40	70.945	70.945	70.925	70.945	5
2025-03-13 03:45	70.940	70.955	70.935	70.955	5
2025-03-13 03:50	70.960	70.975	70.945	70.970	5
2025-03-13 03:55	70.965	70.965	70.925	70.945	5
2025-03-13 04:00	70.950	70.955	70.935	70.950	5
2025-03-13 04:05	70.945	70.945	70.915	70.925	4
2025-03-13 04:10	70.930	70.950	70.925	70.935	5
2025-03-13 04:15	70.930	70.930	70.890	70.890	5
2025-03-13 04:20	70.895	70.900	70.880	70.880	5
2025-03-13 04:25	70.875	70.885	70.865	70.875	4
2025-03-13 04:30	70.870	70.880	70.865	70.875	5
2025-03-13 04:35	70.880	70.895	70.875	70.880	5
2025-03-13 04:40	70.875	70.885	70.860	70.875	5
2025-03-13 04:45	70.880	70.905	70.880	70.900	5
2025-03-13 04:50	70.905	70.925	70.868	70.920	5
2025-03-13 04:55	70.915	70.925	70.905	70.905	5
2025-03-13 05:00	70.910	70.910	70.875	70.875	5
2025-03-13 05:05	70.880	70.885	70.865	70.875	5
2025-03-13 05:10	70.880	70.880	70.845	70.850	5
2025-03-13 05:15	70.860	70.865	70.815	70.815	5
2025-03-13 05:20	70.820	70.870	70.820	70.860	5
2025-03-13 05:25	70.855	70.865	70.820	70.820	5
2025-03-13 05:30	70.825	70.835	70.795	70.805	5
2025-03-13 05:35	70.800	70.830	70.795	70.825	5
2025-03-13 05:40	70.830	70.855	70.805	70.810	5
2025-03-13 05:45	70.815	70.870	70.805	70.865	4
2025-03-13 05:50	70.855	70.865	70.825	70.825	5
2025-03-13 05:55	70.835	70.845	70.775	70.775	5
2025-03-13 06:00	70.780	70.785	70.730	70.730	5
2025-03-13 06:05	70.735	70.755	70.715	70.725	5
2025-03-13 06:10	70.730	70.775	70.725	70.765	5
2025-03-13 06:15	70.760	70.780	70.715	70.720	5
2025-03-13 06:20	70.725	70.740	70.710	70.710	5
2025-03-13 06:25	70.715	70.755	70.705	70.740	5
2025-03-13 06:30	70.745	70.755	70.725	70.725	5
2025-03-13 06:35	70.735	70.780	70.725	70.730	5
2025-03-13 06:40	70.735	70.805	70.735	70.765	5
2025-03-13 06:45	70.760	70.815	70.760	70.785	5
2025-03-13 06:50	70.795	70.795	70.740	70.780	5
2025-03-13 06:55	70.785	70.785	70.720	70.750	5
2025-03-13 07:00	70.755	70.930	70.723	70.875	5
2025-03-13 07:05	70.880	70.915	70.845	70.895	5
2025-03-13 07:10	70.890	70.970	70.880	70.965	5
2025-03-13 07:15	70.975	70.995	70.945	70.945	5
2025-03-13 07:20	70.935	71.005	70.935	70.960	5
2025-03-13 07:25	70.955	71.005	70.945	70.985	5
2025-03-13 07:30	70.990	71.015	70.955	70.955	5
2025-03-13 07:35	70.965	70.995	70.935	70.945	5
2025-03-13 07:40	70.950	71.035	70.940	70.975	5
2025-03-13 07:45	70.985	71.045	70.965	71.045	5
2025-03-13 07:50	71.050	71.110	71.045	71.055	5
2025-03-13 07:55	71.045	71.070	70.995	71.015	5
2025-03-13 08:00	71.025	71.035	70.925	70.965	5
2025-03-13 08:05	70.975	71.040	70.935	71.025	5
2025-03-13 08:10	71.030	71.145	71.030	71.115	5
2025-03-13 08:15	71.125	71.195	71.105	71.155	5
2025-03-13 08:20	71.145	71.215	71.135	71.215	5
2025-03-13 08:25	71.225	71.225	71.125	71.175	5
2025-03-13 08:30	71.165	71.185	71.085	71.105	5
2025-03-13 08:35	71.115	71.140	71.045	71.085	5
2025-03-13 08:40	71.095	71.110	71.015	71.020	5
2025-03-13 08:45	71.015	71.025	70.945	70.970	5
2025-03-13 08:50	70.975	70.995	70.895	70.995	5
2025-03-13 08:55	71.000	71.025	70.925	70.925	5
2025-03-13 09:00	70.945	71.035	70.895	70.895	5
2025-03-13 09:05	70.885	70.895	70.765	70.805	5
2025-03-13 09:10	70.810	70.895	70.805	70.885	5
2025-03-13 09:15	70.895	70.915	70.825	70.825	5
2025-03-13 09:20	70.835	70.875	70.815	70.830	5
2025-03-13 09:25	70.825	70.845	70.735	70.765	5
2025-03-13 09:30	70.770	70.775	70.595	70.600	5
2025-03-13 09:35	70.605	70.725	70.605	70.655	5
2025-03-13 09:40	70.645	70.660	70.625	70.650	5
2025-03-13 09:45	70.645	70.705	70.635	70.655	5
2025-03-13 09:50	70.665	70.665	70.625	70.640	5
2025-03-13 09:55	70.635	70.645	70.545	70.545	5
2025-03-13 10:00	70.550	70.565	70.505	70.515	5
2025-03-13 10:05	70.510	70.545	70.415	70.450	5
2025-03-13 10:10	70.455	70.515	70.430	70.515	5
2025-03-13 10:15	70.525	70.575	70.505	70.545	5
2025-03-13 10:20	70.550	70.635	70.535	70.605	5
2025-03-13 10:25	70.615	70.655	70.575	70.585	5
2025-03-13 10:30	70.580	70.635	70.535	70.595	5
2025-03-13 10:35	70.600	70.625	70.580	70.580	5
2025-03-13 10:40	70.575	70.655	70.575	70.655	5
2025-03-13 10:45	70.650	70.650	70.545	70.565	5
2025-03-13 10:50	70.575	70.645	70.555	70.645	5
2025-03-13 10:55	70.635	70.705	70.600	70.645	5
2025-03-13 11:00	70.655	70.755	70.655	70.740	5
2025-03-13 11:05	70.745	70.785	70.725	70.745	5
2025-03-13 11:10	70.750	70.775	70.735	70.770	5
2025-03-13 11:15	70.765	70.785	70.720	70.735	5
2025-03-13 11:20	70.730	70.770	70.725	70.765	5
2025-03-13 11:25	70.770	70.825	70.730	70.815	5
2025-03-13 11:30	70.825	70.865	70.695	70.695	5
2025-03-13 11:35	70.700	70.700	70.620	70.625	5
2025-03-13 11:40	70.635	70.670	70.605	70.610	5
2025-03-13 11:45	70.605	70.625	70.565	70.625	5
2025-03-13 11:50	70.615	70.625	70.575	70.575	5
2025-03-13 11:55	70.580	70.595	70.525	70.570	5
2025-03-13 12:00	70.565	70.595	70.485	70.520	5
2025-03-13 12:05	70.515	70.525	70.438	70.438	5
2025-03-13 12:10	70.445	70.475	70.438	70.438	5
2025-03-13 12:15	70.435	70.515	70.435	70.475	5
2025-03-13 12:20	70.470	70.595	70.465	70.595	5
2025-03-13 12:25	70.590	70.635	70.585	70.620	5
2025-03-13 12:30	70.640	70.660	70.605	70.620	5
2025-03-13 12:35	70.615	70.635	70.555	70.585	5
2025-03-13 12:40	70.595	70.685	70.590	70.680	5
2025-03-13 12:45	70.675	70.685	70.620	70.625	5
2025-03-13 12:50	70.615	70.635	70.535	70.550	5
2025-03-13 12:55	70.545	70.580	70.480	70.485	5
2025-03-13 13:00	70.475	70.485	70.315	70.345	5
2025-03-13 13:05	70.355	70.450	70.335	70.425	5
2025-03-13 13:10	70.415	70.435	70.365	70.375	5
2025-03-13 13:15	70.385	70.400	70.310	70.355	5
2025-03-13 13:20	70.345	70.355	70.255	70.300	5
2025-03-13 13:25	70.305	70.365	70.285	70.305	5
2025-03-13 13:30	70.300	70.385	70.275	70.320	5
2025-03-13 13:35	70.325	70.405	70.295	70.405	5
2025-03-13 13:40	70.410	70.495	70.405	70.445	5
2025-03-13 13:45	70.455	70.475	70.345	70.365	5
2025-03-13 13:50	70.370	70.395	70.310	70.365	5
2025-03-13 13:55	70.360	70.445	70.350	70.360	5
2025-03-13 14:00	70.355	70.355	70.145	70.280	5
2025-03-13 14:05	70.275	70.535	70.275	70.455	5
2025-03-13 14:10	70.450	70.505	70.315	70.390	5
2025-03-13 14:15	70.395	70.525	70.365	70.415	5
2025-03-13 14:20	70.410	70.515	70.385	70.510	5
2025-03-13 14:25	70.515	70.585	70.465	70.475	5
2025-03-13 14:30	70.485	70.605	70.475	70.525	5
2025-03-13 14:35	70.530	70.575	70.475	70.575	5
2025-03-13 14:40	70.570	70.600	70.515	70.525	5
2025-03-13 14:45	70.520	70.590	70.495	70.535	5
2025-03-13 14:50	70.545	70.595	70.455	70.465	5
2025-03-13 14:55	70.455	70.465	70.365	70.425	5
2025-03-13 15:00	70.435	70.495	70.415	70.435	5
2025-03-13 15:05	70.425	70.430	70.225	70.275	5
2025-03-13 15:10	70.285	70.375	70.275	70.350	5
2025-03-13 15:15	70.355	70.415	70.335	70.355	5
2025-03-13 15:20	70.350	70.450	70.350	70.415	5
2025-03-13 15:25	70.420	70.430	70.315	70.325	5
2025-03-13 15:30	70.315	70.495	70.300	70.485	5
2025-03-13 15:35	70.495	70.525	70.410	70.435	5
2025-03-13 15:40	70.440	70.445	70.230	70.255	5
2025-03-13 15:45	70.260	70.275	69.745	70.165	5
2025-03-13 15:50	70.155	70.195	70.080	70.135	5
2025-03-13 15:55	70.130	70.380	70.105	70.145	5
2025-03-13 16:00	70.155	70.250	70.145	70.165	5
2025-03-13 16:05	70.175	70.365	70.175	70.345	5
2025-03-13 16:10	70.355	70.405	70.275	70.295	5
2025-03-13 16:15	70.300	70.305	70.235	70.240	5
2025-03-13 16:20	70.245	70.335	70.210	70.245	5
2025-03-13 16:25	70.240	70.255	70.165	70.185	5
2025-03-13 16:30	70.180	70.245	70.085	70.155	5
2025-03-13 16:35	70.165	70.215	70.105	70.145	5
2025-03-13 16:40	70.155	70.180	70.020	70.035	5
2025-03-13 16:45	70.040	70.100	69.935	69.950	5
2025-03-13 16:50	69.945	70.030	69.925	69.965	5
2025-03-13 16:55	69.985	70.005	69.935	69.995	5
2025-03-13 17:00	69.985	70.040	69.935	69.960	5
2025-03-13 17:05	69.965	70.045	69.950	70.000	5
2025-03-13 17:10	69.995	70.060	69.895	69.915	5
2025-03-13 17:15	69.920	69.925	69.805	69.815	5
2025-03-13 17:20	69.820	69.895	69.805	69.835	5
2025-03-13 17:25	69.830	69.895	69.775	69.805	5
2025-03-13 17:30	69.795	69.825	69.735	69.755	5
2025-03-13 17:35	69.750	69.905	69.735	69.805	5
2025-03-13 17:40	69.795	69.835	69.765	69.775	5
2025-03-13 17:45	69.770	69.790	69.705	69.715	5
2025-03-13 17:50	69.705	69.835	69.705	69.785	5
2025-03-13 17:55	69.780	69.785	69.705	69.725	5
2025-03-13 18:00	69.705	69.845	69.665	69.835	5
2025-03-13 18:05	69.840	69.865	69.755	69.760	5
2025-03-13 18:10	69.745	69.855	69.735	69.845	5
2025-03-13 18:15	69.840	69.840	69.755	69.785	5
2025-03-13 18:20	69.790	69.895	69.765	69.870	5
2025-03-13 18:25	69.875	69.900	69.755	69.880	5
2025-03-13 18:30	69.875	69.925	69.845	69.855	5
2025-03-13 18:35	69.860	69.880	69.825	69.845	5
2025-03-13 18:40	69.835	69.885	69.825	69.875	5
2025-03-13 18:45	69.865	69.875	69.840	69.860	5
2025-03-13 18:50	69.865	69.865	69.815	69.835	5
2025-03-13 18:55	69.840	69.855	69.810	69.835	5
2025-03-13 19:00	69.825	69.885	69.825	69.860	5
2025-03-13 19:05	69.855	69.860	69.785	69.795	5
2025-03-13 19:10	69.800	69.825	69.785	69.825	5
2025-03-13 19:15	69.820	69.855	69.815	69.845	5
2025-03-13 19:20	69.835	69.835	69.820	69.825	5
2025-03-13 19:25	69.820	69.845	69.795	69.830	5
2025-03-13 19:30	69.835	69.895	69.830	69.885	5
2025-03-13 19:35	69.895	69.895	69.855	69.865	5
2025-03-13 19:40	69.870	69.885	69.805	69.850	5
2025-03-13 19:45	69.845	69.875	69.825	69.870	5
2025-03-13 19:50	69.865	69.865	69.825	69.850	5
2025-03-13 19:55	69.855	69.865	69.795	69.795	4
2025-03-13 20:00	69.800	69.850	69.800	69.850	4
2025-03-13 20:05	69.855	69.870	69.815	69.830	5
2025-03-13 20:10	69.835	69.850	69.805	69.810	5
2025-03-13 20:15	69.815	69.845	69.800	69.830	5
2025-03-13 20:20	69.825	69.860	69.825	69.835	5
2025-03-13 20:25	69.830	69.830	69.810	69.815	4
2025-03-13 20:30	69.805	69.955	69.748	69.935	4
2025-03-13 20:35	69.940	69.975	69.825	69.935	5
2025-03-13 20:40	69.940	69.995	69.905	69.985	5
2025-03-13 20:45	69.975	70.010	69.965	69.980	5
2025-03-13 20:50	69.985	70.045	69.985	70.035	5
2025-03-13 20:55	70.030	70.080	70.025	70.055	5
2025-03-14 00:00	70.092	70.122	70.022	70.037	5
2025-03-14 00:05	70.042	70.057	70.012	70.012	5
2025-03-14 00:10	70.017	70.017	69.962	69.992	5
2025-03-14 00:15	69.997	70.012	69.972	69.982	5
2025-03-14 00:20	69.977	69.982	69.962	69.982	3
2025-03-14 00:25	69.992	70.002	69.962	69.987	5
2025-03-14 00:30	69.992	70.062	69.967	70.052	5
2025-03-14 00:35	70.062	70.087	70.052	70.082	5
2025-03-14 00:40	70.077	70.112	70.077	70.082	5
2025-03-14 00:45	70.087	70.142	70.082	70.142	5
2025-03-14 00:50	70.137	70.137	70.097	70.102	5
2025-03-14 00:55	70.097	70.102	70.082	70.092	5
2025-03-14 01:00	70.115	70.140	70.055	70.055	5
2025-03-14 01:05	70.050	70.080	70.005	70.075	5
2025-03-14 01:10	70.080	70.145	70.055	70.140	5
2025-03-14 01:15	70.145	70.155	70.110	70.130	5
2025-03-14 01:20	70.125	70.165	70.125	70.155	5
2025-03-14 01:25	70.150	70.155	70.095	70.095	5
2025-03-14 01:30	70.090	70.090	69.995	70.050	5
2025-03-14 01:35	70.055	70.085	70.040	70.075	5
2025-03-14 01:40	70.080	70.160	70.075	70.125	5
2025-03-14 01:45	70.130	70.135	70.070	70.085	5
2025-03-14 01:50	70.080	70.180	70.070	70.160	5
2025-03-14 01:55	70.155	70.175	70.145	70.165	5
2025-03-14 02:00	70.170	70.175	70.140	70.155	5
2025-03-14 02:05	70.150	70.175	70.145	70.165	5
2025-03-14 02:10	70.170	70.245	70.165	70.245	5
2025-03-14 02:15	70.235	70.265	70.220	70.250	4
2025-03-14 02:20	70.255	70.255	70.245	70.245	4
2025-03-14 02:25	70.240	70.250	70.215	70.245	5
2025-03-14 02:30	70.235	70.255	70.230	70.250	5
2025-03-14 02:35	70.255	70.305	70.245	70.305	5
2025-03-14 02:40	70.295	70.295	70.250	70.255	5
2025-03-14 02:45	70.260	70.265	70.245	70.260	5
2025-03-14 02:50	70.255	70.285	70.245	70.270	5
2025-03-14 02:55	70.265	70.285	70.260	70.275	5
2025-03-14 03:00	70.280	70.345	70.280	70.335	5
2025-03-14 03:05	70.340	70.375	70.335	70.375	5
2025-03-14 03:10	70.365	70.375	70.355	70.375	5
2025-03-14 03:15	70.395	70.415	70.375	70.395	4
2025-03-14 03:20	70.390	70.425	70.380	70.390	5
2025-03-14 03:25	70.395	70.395	70.335	70.350	5
2025-03-14 03:30	70.345	70.375	70.335	70.345	4
2025-03-14 03:35	70.350	70.355	70.335	70.355	5
2025-03-14 03:40	70.350	70.350	70.325	70.325	5
2025-03-14 03:45	70.320	70.325	70.255	70.275	5
2025-03-14 03:50	70.285	70.285	70.233	70.285	5
2025-03-14 03:55	70.295	70.305	70.285	70.305	5
2025-03-14 04:00	70.300	70.315	70.300	70.305	5
2025-03-14 04:05	70.310	70.320	70.295	70.305	5
2025-03-14 04:10	70.310	70.315	70.258	70.258	5
2025-03-14 04:15	70.305	70.315	70.305	70.305	4
2025-03-14 04:20	70.300	70.310	70.285	70.305	3
2025-03-14 04:25	70.310	70.315	70.305	70.310	4
2025-03-14 04:30	70.315	70.315	70.258	70.305	4
2025-03-14 04:35	70.310	70.315	70.285	70.290	5
2025-03-14 04:40	70.295	70.305	70.295	70.305	4
2025-03-14 04:45	70.310	70.310	70.285	70.300	4
2025-03-14 04:50	70.305	70.315	70.263	70.300	5
2025-03-14 04:55	70.305	70.320	70.305	70.315	5
2025-03-14 05:00	70.310	70.320	70.295	70.315	4
2025-03-14 05:05	70.310	70.325	70.290	70.290	5
2025-03-14 05:10	70.295	70.315	70.295	70.310	5
2025-03-14 05:15	70.315	70.345	70.273	70.345	5
2025-03-14 05:20	70.340	70.340	70.275	70.285	5
2025-03-14 05:25	70.290	70.295	70.275	70.280	5
2025-03-14 05:30	70.275	70.310	70.255	70.300	5
2025-03-14 05:35	70.295	70.330	70.263	70.320	5
2025-03-14 05:40	70.315	70.330	70.285	70.285	5
2025-03-14 05:45	70.290	70.315	70.270	70.300	5
2025-03-14 05:50	70.305	70.320	70.300	70.310	5
2025-03-14 05:55	70.305	70.365	70.305	70.355	5
2025-03-14 06:00	70.345	70.350	70.325	70.325	5
2025-03-14 06:05	70.330	70.335	70.295	70.325	5
2025-03-14 06:10	70.320	70.330	70.245	70.295	5
2025-03-14 06:15	70.290	70.350	70.290	70.345	5
2025-03-14 06:20	70.340	70.430	70.335	70.425	5
2025-03-14 06:25	70.430	70.465	70.415	70.435	5
2025-03-14 06:30	70.430	70.465	70.405	70.445	5
2025-03-14 06:35	70.435	70.475	70.415	70.470	5
2025-03-14 06:40	70.465	70.545	70.465	70.510	5
2025-03-14 06:45	70.515	70.560	70.500	70.555	5
2025-03-14 06:50	70.550	70.575	70.535	70.535	5
2025-03-14 06:55	70.530	70.565	70.525	70.555	5
2025-03-14 07:00	70.545	70.635	70.540	70.615	5
2025-03-14 07:05	70.610	70.685	70.595	70.650	5
2025-03-14 07:10	70.645	70.655	70.555	70.555	5
2025-03-14 07:15	70.560	70.585	70.515	70.560	5
2025-03-14 07:20	70.565	70.565	70.485	70.515	5
2025-03-14 07:25	70.525	70.595	70.525	70.595	5
2025-03-14 07:30	70.590	70.625	70.510	70.525	5
2025-03-14 07:35	70.520	70.575	70.520	70.575	5
2025-03-14 07:40	70.585	70.605	70.515	70.515	5
2025-03-14 07:45	70.510	70.545	70.455	70.545	5
2025-03-14 07:50	70.555	70.575	70.535	70.560	5
2025-03-14 07:55	70.565	70.595	70.540	70.575	5
2025-03-14 08:00	70.565	70.575	70.465	70.475	5
2025-03-14 08:05	70.485	70.575	70.440	70.440	5
2025-03-14 08:10	70.435	70.475	70.425	70.465	5
2025-03-14 08:15	70.460	70.495	70.425	70.455	5
2025-03-14 08:20	70.445	70.525	70.445	70.455	5
2025-03-14 08:25	70.450	70.545	70.425	70.495	5
2025-03-14 08:30	70.505	70.565	70.445	70.485	5
2025-03-14 08:35	70.495	70.705	70.485	70.655	5
2025-03-14 08:40	70.645	70.695	70.645	70.695	5
2025-03-14 08:45	70.685	70.715	70.670	70.705	5
2025-03-14 08:50	70.700	70.725	70.700	70.725	5
2025-03-14 08:55	70.715	70.725	70.695	70.695	5
2025-03-14 09:00	70.700	70.705	70.595	70.605	5
2025-03-14 09:05	70.615	70.625	70.555	70.620	5
2025-03-14 09:10	70.615	70.625	70.585	70.590	5
2025-03-14 09:15	70.585	70.600	70.485	70.500	5
2025-03-14 09:20	70.495	70.535	70.455	70.535	5
2025-03-14 09:25	70.540	70.585	70.495	70.515	5
2025-03-14 09:30	70.520	70.535	70.465	70.505	5
2025-03-14 09:35	70.495	70.575	70.495	70.505	5
2025-03-14 09:40	70.495	70.520	70.455	70.485	5
2025-03-14 09:45	70.475	70.515	70.455	70.455	5
2025-03-14 09:50	70.465	70.570	70.465	70.565	5
2025-03-14 09:55	70.555	70.625	70.555	70.615	5
2025-03-14 10:00	70.605	70.605	70.465	70.485	5
2025-03-14 10:05	70.475	70.610	70.475	70.555	5
2025-03-14 10:10	70.550	70.565	70.520	70.555	5
2025-03-14 10:15	70.560	70.585	70.545	70.565	5
2025-03-14 10:20	70.575	70.625	70.575	70.595	5
2025-03-14 10:25	70.605	70.610	70.515	70.515	5
2025-03-14 10:30	70.505	70.525	70.465	70.505	5
2025-03-14 10:35	70.500	70.515	70.425	70.430	5
2025-03-14 10:40	70.435	70.445	70.375	70.395	5
2025-03-14 10:45	70.390	70.455	70.380	70.425	5
2025-03-14 10:50	70.435	70.445	70.405	70.425	5
2025-03-14 10:55	70.420	70.425	70.375	70.425	5
2025-03-14 11:00	70.430	70.535	70.415	70.515	5
2025-03-14 11:05	70.525	70.525	70.455	70.490	5
2025-03-14 11:10	70.495	70.555	70.485	70.550	5
2025-03-14 11:15	70.555	70.555	70.510	70.525	5
2025-03-14 11:20	70.535	70.585	70.530	70.540	5
2025-03-14 11:25	70.535	70.540	70.485	70.510	5
2025-03-14 11:30	70.515	70.515	70.380	70.385	5
2025-03-14 11:35	70.380	70.395	70.315	70.335	5
2025-03-14 11:40	70.325	70.415	70.325	70.410	5
2025-03-14 11:45	70.405	70.445	70.345	70.385	5
2025-03-14 11:50	70.380	70.380	70.265	70.275	5
2025-03-14 11:55	70.280	70.335	70.265	70.325	5
2025-03-14 12:00	70.320	70.415	70.320	70.375	5
2025-03-14 12:05	70.380	70.400	70.365	70.395	5
2025-03-14 12:10	70.385	70.455	70.365	70.425	5
2025-03-14 12:15	70.415	70.465	70.410	70.465	5
2025-03-14 12:20	70.470	70.475	70.425	70.475	5
2025-03-14 12:25	70.485	70.505	70.425	70.450	5
2025-03-14 12:30	70.455	70.485	70.435	70.465	5
2025-03-14 12:35	70.460	70.560	70.445	70.545	5
2025-03-14 12:40	70.535	70.565	70.515	70.545	5
2025-03-14 12:45	70.550	70.555	70.505	70.520	5
2025-03-14 12:50	70.515	70.535	70.460	70.505	5
2025-03-14 12:55	70.510	70.545	70.485	70.495	5
2025-03-14 13:00	70.490	70.490	70.195	70.260	5
2025-03-14 13:05	70.265	70.305	70.155	70.210	5
2025-03-14 13:10	70.215	70.280	70.140	70.140	5
2025-03-14 13:15	70.145	70.175	70.065	70.120	5
2025-03-14 13:20	70.115	70.145	70.055	70.095	5
2025-03-14 13:25	70.100	70.140	70.065	70.105	5
2025-03-14 13:30	70.120	70.145	69.945	70.040	5
2025-03-14 13:35	70.035	70.125	69.955	70.000	5
2025-03-14 13:40	70.005	70.115	70.005	70.055	5
2025-03-14 13:45	70.060	70.205	70.055	70.205	5
2025-03-14 13:50	70.215	70.305	70.200	70.285	5
2025-03-14 13:55	70.295	70.305	70.225	70.295	5
2025-03-14 14:00	70.280	70.280	70.075	70.140	5
2025-03-14 14:05	70.135	70.155	70.075	70.110	5
2025-03-14 14:10	70.115	70.195	70.025	70.050	5
2025-03-14 14:15	70.045	70.090	69.995	70.025	5
2025-03-14 14:20	70.030	70.105	70.015	70.070	5
2025-03-14 14:25	70.075	70.105	70.005	70.015	5
2025-03-14 14:30	70.010	70.065	69.925	69.955	5
2025-03-14 14:35	69.945	70.065	69.915	70.055	5
2025-03-14 14:40	70.045	70.145	70.045	70.125	5
2025-03-14 14:45	70.135	70.165	70.065	70.070	5
2025-03-14 14:50	70.065	70.275	70.055	70.255	5
2025-03-14 14:55	70.250	70.275	70.225	70.255	5
2025-03-14 15:00	70.260	70.305	70.235	70.290	5
2025-03-14 15:05	70.295	70.365	70.285	70.285	5
2025-03-14 15:10	70.280	70.345	70.235	70.285	5
2025-03-14 15:15	70.280	70.280	70.225	70.255	5
2025-03-14 15:20	70.260	70.325	70.245	70.325	5
2025-03-14 15:25	70.330	70.335	70.175	70.190	5
2025-03-14 15:30	70.195	70.235	70.165	70.170	5
2025-03-14 15:35	70.165	70.245	70.135	70.225	5
2025-03-14 15:40	70.245	70.290	70.235	70.245	5
2025-03-14 15:45	70.250	70.365	70.215	70.355	5
2025-03-14 15:50	70.350	70.355	70.305	70.345	5
2025-03-14 15:55	70.335	70.355	70.295	70.315	5
2025-03-14 16:00	70.305	70.350	70.265	70.335	5
2025-03-14 16:05	70.330	70.335	70.255	70.300	5
2025-03-14 16:10	70.305	70.375	70.275	70.365	5
2025-03-14 16:15	70.355	70.375	70.325	70.365	5
2025-03-14 16:20	70.370	70.405	70.325	70.355	5
2025-03-14 16:25	70.345	70.345	70.260	70.335	5
2025-03-14 16:30	70.340	70.425	70.335	70.385	5
2025-03-14 16:35	70.395	70.420	70.360	70.390	5
2025-03-14 16:40	70.395	70.395	70.345	70.355	5
2025-03-14 16:45	70.345	70.415	70.345	70.405	5
2025-03-14 16:50	70.400	70.425	70.385	70.425	5
2025-03-14 16:55	70.420	70.445	70.385	70.415	5
2025-03-14 17:00	70.420	70.595	70.400	70.585	5
2025-03-14 17:05	70.575	70.615	70.560	70.605	5
2025-03-14 17:10	70.615	70.625	70.560	70.590	5
2025-03-14 17:15	70.585	70.605	70.555	70.565	5
2025-03-14 17:20	70.560	70.575	70.465	70.485	5
2025-03-14 17:25	70.475	70.575	70.475	70.565	5
2025-03-14 17:30	70.575	70.575	70.485	70.485	5
2025-03-14 17:35	70.490	70.510	70.435	70.495	5
2025-03-14 17:40	70.485	70.510	70.455	70.465	5
2025-03-14 17:45	70.475	70.475	70.440	70.460	5
2025-03-14 17:50	70.465	70.495	70.370	70.415	5
2025-03-14 17:55	70.420	70.445	70.420	70.435	5
2025-03-14 18:00	70.425	70.495	70.425	70.485	5
2025-03-14 18:05	70.475	70.485	70.450	70.455	5
2025-03-14 18:10	70.450	70.515	70.445	70.515	5
2025-03-14 18:15	70.510	70.525	70.475	70.505	5
2025-03-14 18:20	70.495	70.525	70.485	70.505	5
2025-03-14 18:25	70.495	70.575	70.495	70.555	5
2025-03-14 18:30	70.550	70.625	70.550	70.610	5
2025-03-14 18:35	70.605	70.615	70.585	70.605	5
2025-03-14 18:40	70.595	70.625	70.585	70.625	5
2025-03-14 18:45	70.595	70.620	70.575	70.575	5
2025-03-14 18:50	70.580	70.585	70.525	70.545	5
2025-03-14 18:55	70.550	70.570	70.515	70.560	5
2025-03-14 19:00	70.565	70.570	70.535	70.565	4
2025-03-14 19:05	70.570	70.610	70.570	70.610	5
2025-03-14 19:10	70.615	70.615	70.585	70.595	5
2025-03-14 19:15	70.590	70.590	70.555	70.555	5
2025-03-14 19:20	70.560	70.565	70.540	70.545	5
2025-03-14 19:25	70.540	70.575	70.535	70.550	5
2025-03-14 19:30	70.545	70.565	70.545	70.550	5
2025-03-14 19:35	70.545	70.560	70.545	70.550	5
2025-03-14 19:40	70.555	70.555	70.495	70.515	5
2025-03-14 19:45	70.525	70.560	70.510	70.555	5
2025-03-14 19:50	70.565	70.570	70.545	70.560	5
2025-03-14 19:55	70.555	70.565	70.515	70.520	5
2025-03-14 20:00	70.515	70.515	70.475	70.485	4
2025-03-14 20:05	70.495	70.515	70.490	70.495	5
2025-03-14 20:10	70.500	70.520	70.500	70.520	5
2025-03-14 20:15	70.515	70.525	70.510	70.515	5
2025-03-14 20:20	70.525	70.525	70.505	70.520	5
2025-03-14 20:25	70.525	70.535	70.520	70.525	5
2025-03-14 20:30	70.520	70.535	70.520	70.525	5
2025-03-14 20:35	70.530	70.545	70.525	70.540	4
2025-03-14 20:40	70.545	70.555	70.515	70.515	5
2025-03-14 20:45	70.510	70.510	70.490	70.490	5
2025-03-14 20:50	70.495	70.545	70.490	70.540	5
2025-03-14 20:55	70.535	70.575	70.510	70.575	5
2025-03-17 00:00	71.032	71.127	71.002	71.127	5
2025-03-17 00:05	71.132	71.237	71.122	71.212	5
2025-03-17 00:10	71.217	71.262	71.202	71.257	5
2025-03-17 00:15	71.262	71.282	71.242	71.272	5
2025-03-17 00:20	71.262	71.312	71.252	71.282	5
2025-03-17 00:25	71.292	71.292	71.242	71.277	5
2025-03-17 00:30	71.272	71.282	71.232	71.232	5
2025-03-17 00:35	71.237	71.242	71.212	71.227	4
2025-03-17 00:40	71.232	71.262	71.222	71.247	5
2025-03-17 00:45	71.252	71.282	71.242	71.282	5
2025-03-17 00:50	71.272	71.322	71.272	71.302	5
2025-03-17 00:55	71.307	71.342	71.302	71.322	5
2025-03-17 01:00	71.335	71.775	71.335	71.720	5
2025-03-17 01:05	71.725	71.745	71.555	71.575	5
2025-03-17 01:10	71.585	71.645	71.535	71.565	5
2025-03-17 01:15	71.555	71.575	71.500	71.545	5
2025-03-17 01:20	71.540	71.560	71.480	71.505	5
2025-03-17 01:25	71.500	71.505	71.455	71.485	5
2025-03-17 01:30	71.490	71.490	71.355	71.355	5
2025-03-17 01:35	71.350	71.365	71.275	71.295	5
2025-03-17 01:40	71.285	71.315	71.275	71.290	5
2025-03-17 01:45	71.295	71.345	71.275	71.320	5
2025-03-17 01:50	71.325	71.340	71.295	71.325	5
2025-03-17 01:55	71.320	71.355	71.295	71.340	5
2025-03-17 02:00	71.345	71.350	71.245	71.265	5
2025-03-17 02:05	71.260	71.285	71.245	71.255	5
2025-03-17 02:10	71.265	71.270	71.185	71.225	5
2025-03-17 02:15	71.230	71.280	71.225	71.275	4
2025-03-17 02:20	71.270	71.285	71.230	71.265	5
2025-03-17 02:25	71.275	71.275	71.240	71.265	5
2025-03-17 02:30	71.260	71.265	71.200	71.235	5
2025-03-17 02:35	71.230	71.230	71.190	71.210	5
2025-03-17 02:40	71.205	71.205	71.145	71.170	5
2025-03-17 02:45	71.175	71.185	71.085	71.095	5
2025-03-17 02:50	71.090	71.125	71.085	71.105	5
2025-03-17 02:55	71.095	71.100	71.065	71.085	5
2025-03-17 03:00	71.080	71.080	70.990	70.995	5
2025-03-17 03:05	70.990	71.020	70.970	71.010	5
2025-03-17 03:10	71.005	71.010	70.955	70.985	5
2025-03-17 03:15	70.975	70.975	70.935	70.950	5
2025-03-17 03:20	70.945	71.025	70.945	71.025	5
2025-03-17 03:25	71.015	71.035	71.005	71.015	5
2025-03-17 03:30	71.005	71.005	70.915	70.940	5
2025-03-17 03:35	70.935	70.990	70.935	70.955	5
2025-03-17 03:40	70.960	70.985	70.945	70.980	5
2025-03-17 03:45	70.985	71.010	70.980	70.985	5
2025-03-17 03:50	70.980	71.005	70.975	71.005	3
2025-03-17 03:55	71.015	71.015	71.005	71.005	1
2025-03-17 04:00	71.010	71.095	71.010	71.070	5
2025-03-17 04:05	71.065	71.080	71.040	71.050	5
2025-03-17 04:10	71.055	71.075	71.050	71.075	5
2025-03-17 04:15	71.070	71.085	71.065	71.070	4
2025-03-17 04:20	71.075	71.125	71.070	71.110	5
2025-03-17 04:25	71.115	71.115	71.065	71.075	5
2025-03-17 04:30	71.080	71.095	71.080	71.095	5
2025-03-17 04:35	71.090	71.105	71.085	71.090	3
2025-03-17 04:40	71.085	71.095	71.065	71.085	2
2025-03-17 04:45	71.090	71.105	71.075	71.105	3
2025-03-17 04:50	71.115	71.115	71.085	71.095	5
2025-03-17 04:55	71.085	71.095	71.070	71.085	5
2025-03-17 05:00	71.095	71.115	71.095	71.105	5
2025-03-17 05:05	71.100	71.100	71.038	71.085	5
2025-03-17 05:10	71.095	71.130	71.085	71.090	5
2025-03-17 05:15	71.085	71.105	71.075	71.095	5
2025-03-17 05:20	71.105	71.105	71.085	71.095	5
2025-03-17 05:25	71.100	71.105	71.080	71.080	3
2025-03-17 05:30	71.085	71.155	71.065	71.145	5
2025-03-17 05:35	71.155	71.185	71.145	71.160	5
2025-03-17 05:40	71.155	71.185	71.150	71.165	5
2025-03-17 05:45	71.160	71.165	71.115	71.125	5
2025-03-17 05:50	71.120	71.120	71.025	71.030	5
2025-03-17 05:55	71.025	71.065	71.025	71.035	5
2025-03-17 06:00	71.015	71.055	71.000	71.015	5
2025-03-17 06:05	71.020	71.030	70.980	70.980	5
2025-03-17 06:10	70.985	71.015	70.975	71.000	5
2025-03-17 06:15	70.995	71.020	70.985	70.995	5
2025-03-17 06:20	70.990	70.990	70.950	70.965	5
2025-03-17 06:25	70.970	70.995	70.945	70.955	5
2025-03-17 06:30	70.950	70.975	70.950	70.955	5
2025-03-17 06:35	70.960	70.970	70.955	70.965	3
2025-03-17 06:40	70.960	70.965	70.955	70.965	5
2025-03-17 06:45	70.970	71.025	70.970	71.010	5
2025-03-17 06:50	71.015	71.045	71.010	71.045	5
2025-03-17 06:55	71.050	71.135	71.045	71.100	5
2025-03-17 07:00	71.105	71.195	71.105	71.165	5
2025-03-17 07:05	71.155	71.180	71.135	71.140	5
2025-03-17 07:10	71.135	71.150	71.095	71.105	5
2025-03-17 07:15	71.115	71.140	71.105	71.105	5
2025-03-17 07:20	71.095	71.095	71.035	71.085	5
2025-03-17 07:25	71.075	71.095	71.065	71.065	5
2025-03-17 07:30	71.050	71.095	71.015	71.065	5
2025-03-17 07:35	71.075	71.115	71.070	71.095	5
2025-03-17 07:40	71.085	71.125	71.080	71.105	5
2025-03-17 07:45	71.100	71.105	71.085	71.105	4
2025-03-17 07:50	71.095	71.165	71.075	71.165	4
2025-03-17 07:55	71.160	71.165	71.080	71.115	5
2025-03-17 08:00	71.110	71.165	71.065	71.135	5
2025-03-17 08:05	71.130	71.175	71.100	71.105	5
2025-03-17 08:10	71.100	71.135	71.065	71.115	5
2025-03-17 08:15	71.110	71.135	70.960	70.965	5
2025-03-17 08:20	70.975	71.025	70.955	70.985	5
2025-03-17 08:25	71.005	71.035	70.935	71.035	5
2025-03-17 08:30	71.025	71.025	70.965	70.965	5
2025-03-17 08:35	70.975	71.145	70.965	71.145	5
2025-03-17 08:40	71.155	71.155	71.065	71.115	5
2025-03-17 08:45	71.105	71.205	71.100	71.185	5
2025-03-17 08:50	71.190	71.195	71.105	71.155	5
2025-03-17 08:55	71.165	71.175	71.125	71.125	5
2025-03-17 09:00	71.130	71.175	71.105	71.125	5
2025-03-17 09:05	71.135	71.205	71.040	71.205	5
2025-03-17 09:10	71.195	71.285	71.195	71.275	5
2025-03-17 09:15	71.285	71.315	71.265	71.305	5
2025-03-17 09:20	71.295	71.325	71.265	71.285	5
2025-03-17 09:25	71.275	71.305	71.255	71.305	5
2025-03-17 09:30	71.320	71.350	71.275	71.305	5
2025-03-17 09:35	71.295	71.320	71.175	71.195	5
2025-03-17 09:40	71.200	71.245	71.155	71.195	5
2025-03-17 09:45	71.185	71.230	71.165	71.190	5
2025-03-17 09:50	71.195	71.215	71.145	71.200	5
2025-03-17 09:55	71.205	71.285	71.195	71.280	5
2025-03-17 10:00	71.285	71.300	71.160	71.160	5
2025-03-17 10:05	71.155	71.215	71.145	71.195	5
2025-03-17 10:10	71.185	71.305	71.185	71.305	5
2025-03-17 10:15	71.300	71.325	71.275	71.295	5
2025-03-17 10:20	71.300	71.305	71.205	71.215	5
2025-03-17 10:25	71.205	71.265	71.205	71.235	5
2025-03-17 10:30	71.225	71.260	71.205	71.240	5
2025-03-17 10:35	71.245	71.295	71.215	71.295	5
2025-03-17 10:40	71.305	71.400	71.275	71.385	5
2025-03-17 10:45	71.395	71.445	71.375	71.425	5
2025-03-17 10:50	71.415	71.435	71.385	71.405	5
2025-03-17 10:55	71.415	71.455	71.405	71.440	5
2025-03-17 11:00	71.435	71.470	71.435	71.445	5
2025-03-17 11:05	71.440	71.455	71.400	71.425	5
2025-03-17 11:10	71.415	71.455	71.373	71.455	5
2025-03-17 11:15	71.465	71.535	71.455	71.505	5
2025-03-17 11:20	71.495	71.525	71.475	71.515	5
2025-03-17 11:25	71.505	71.545	71.505	71.520	5
2025-03-17 11:30	71.525	71.555	71.505	71.525	5
2025-03-17 11:35	71.510	71.545	71.485	71.510	5
2025-03-17 11:40	71.515	71.525	71.505	71.525	5
2025-03-17 11:45	71.515	71.575	71.505	71.545	5
2025-03-17 11:50	71.550	71.555	71.505	71.505	5
2025-03-17 11:55	71.515	71.515	71.465	71.475	5
2025-03-17 12:00	71.465	71.495	71.405	71.435	5
2025-03-17 12:05	71.430	71.455	71.415	71.435	5
2025-03-17 12:10	71.445	71.460	71.415	71.420	5
2025-03-17 12:15	71.415	71.425	71.365	71.365	5
2025-03-17 12:20	71.360	71.425	71.345	71.405	5
2025-03-17 12:25	71.395	71.445	71.375	71.375	5
2025-03-17 12:30	71.370	71.425	71.350	71.385	5
2025-03-17 12:35	71.390	71.435	71.385	71.430	5
2025-03-17 12:40	71.435	71.435	71.385	71.395	5
2025-03-17 12:45	71.385	71.415	71.355	71.370	5
2025-03-17 12:50	71.365	71.445	71.365	71.445	5
2025-03-17 12:55	71.455	71.475	71.445	71.455	5
2025-03-17 13:00	71.465	71.475	71.225	71.240	5
2025-03-17 13:05	71.245	71.330	71.235	71.325	5
2025-03-17 13:10	71.335	71.375	71.295	71.295	5
2025-03-17 13:15	71.300	71.315	71.205	71.235	5
2025-03-17 13:20	71.230	71.255	71.155	71.165	5
2025-03-17 13:25	71.155	71.225	71.105	71.155	5
2025-03-17 13:30	71.165	71.325	71.160	71.295	5
2025-03-17 13:35	71.300	71.335	71.265	71.295	5
2025-03-17 13:40	71.285	71.325	71.250	71.275	5
2025-03-17 13:45	71.285	71.325	71.235	71.245	5
2025-03-17 13:50	71.250	71.295	71.225	71.280	5
2025-03-17 13:55	71.275	71.315	71.250	71.260	5
2025-03-17 14:00	71.265	71.265	71.165	71.205	5
2025-03-17 14:05	71.210	71.255	71.105	71.170	5
2025-03-17 14:10	71.175	71.275	71.165	71.235	5
2025-03-17 14:15	71.245	71.280	71.200	71.215	5
2025-03-17 14:20	71.225	71.225	71.125	71.170	5
2025-03-17 14:25	71.165	71.170	71.075	71.100	5
2025-03-17 14:30	71.095	71.165	70.975	71.005	5
2025-03-17 14:35	71.015	71.050	70.875	70.965	5
2025-03-17 14:40	70.960	70.965	70.895	70.920	5
2025-03-17 14:45	70.915	70.965	70.885	70.905	5
2025-03-17 14:50	70.915	70.915	70.810	70.835	5
2025-03-17 14:55	70.825	70.875	70.805	70.835	5
2025-03-17 15:00	70.840	70.885	70.675	70.745	5
2025-03-17 15:05	70.740	70.815	70.735	70.750	5
2025-03-17 15:10	70.745	70.815	70.715	70.755	5
2025-03-17 15:15	70.750	70.850	70.745	70.820	5
2025-03-17 15:20	70.815	70.845	70.785	70.825	5
2025-03-17 15:25	70.830	70.890	70.763	70.890	5
2025-03-17 15:30	70.895	71.060	70.795	71.050	5
2025-03-17 15:35	71.055	71.135	70.985	71.015	5
2025-03-17 15:40	71.010	71.100	71.010	71.080	5
2025-03-17 15:45	71.085	71.095	70.995	71.005	5
2025-03-17 15:50	70.995	71.035	70.985	71.035	5
2025-03-17 15:55	71.030	71.065	70.935	71.040	5
2025-03-17 16:00	71.045	71.055	70.975	70.995	5
2025-03-17 16:05	71.000	71.045	70.945	71.015	5
2025-03-17 16:10	71.005	71.125	70.990	71.105	5
2025-03-17 16:15	71.095	71.125	71.055	71.065	5
2025-03-17 16:20	71.070	71.085	71.035	71.060	5
2025-03-17 16:25	71.065	71.075	70.985	71.055	5
2025-03-17 16:30	71.065	71.085	70.950	70.950	5
2025-03-17 16:35	70.945	70.975	70.845	70.860	5
2025-03-17 16:40	70.865	70.915	70.855	70.880	5
2025-03-17 16:45	70.875	70.955	70.865	70.915	5
2025-03-17 16:50	70.910	70.945	70.875	70.945	5
2025-03-17 16:55	70.965	70.985	70.940	70.970	5
2025-03-17 17:00	70.975	71.005	70.940	70.970	5
2025-03-17 17:05	70.975	71.015	70.945	70.965	5
2025-03-17 17:10	70.970	71.045	70.955	71.005	5
2025-03-17 17:15	70.995	71.065	70.985	71.015	5
2025-03-17 17:20	71.020	71.075	71.005	71.045	5
2025-03-17 17:25	71.050	71.100	71.045	71.095	5
2025-03-17 17:30	71.100	71.115	71.055	71.075	5
2025-03-17 17:35	71.070	71.105	71.055	71.095	5
2025-03-17 17:40	71.090	71.115	71.080	71.105	5
2025-03-17 17:45	71.110	71.155	71.075	71.155	5
2025-03-17 17:50	71.160	71.185	71.135	71.185	5
2025-03-17 17:55	71.195	71.230	71.185	71.205	5
2025-03-17 18:00	71.200	71.305	71.030	71.195	5
2025-03-17 18:05	71.205	71.235	71.165	71.200	5
2025-03-17 18:10	71.205	71.230	71.120	71.135	5
2025-03-17 18:15	71.130	71.165	71.045	71.065	5
2025-03-17 18:20	71.070	71.115	71.045	71.045	5
2025-03-17 18:25	71.050	71.110	71.035	71.055	5
2025-03-17 18:30	71.065	71.085	70.995	71.085	5
2025-03-17 18:35	71.095	71.095	71.015	71.050	5
2025-03-17 18:40	71.045	71.055	71.005	71.035	5
2025-03-17 18:45	71.045	71.070	71.035	71.065	5
2025-03-17 18:50	71.055	71.055	70.975	71.000	5
2025-03-17 18:55	71.005	71.015	70.985	70.995	5
2025-03-17 19:00	70.990	71.035	70.990	70.990	5
2025-03-17 19:05	70.995	71.050	70.990	71.045	5
2025-03-17 19:10	71.040	71.075	71.035	71.055	5
2025-03-17 19:15	71.060	71.095	71.045	71.095	5
2025-03-17 19:20	71.085	71.085	70.995	71.025	5
2025-03-17 19:25	71.030	71.035	71.010	71.015	5
2025-03-17 19:30	71.025	71.035	70.965	70.985	5
2025-03-17 19:35	70.980	71.015	70.975	70.975	5
2025-03-17 19:40	70.970	70.995	70.970	70.985	5
2025-03-17 19:45	70.990	71.040	70.985	71.020	5
2025-03-17 19:50	71.015	71.035	71.005	71.015	5
2025-03-17 19:55	71.010	71.025	70.975	70.980	5
2025-03-17 20:00	70.975	70.980	70.960	70.975	5
2025-03-17 20:05	70.980	71.010	70.975	71.005	4
2025-03-17 20:10	71.000	71.025	70.985	71.025	4
2025-03-17 20:15	71.015	71.015	70.985	70.995	4
2025-03-17 20:20	71.005	71.015	70.995	70.995	5
2025-03-17 20:25	71.000	71.015	71.000	71.005	4
2025-03-17 20:30	71.015	71.035	71.015	71.035	5
2025-03-17 20:35	71.040	71.045	71.030	71.030	3
2025-03-17 20:40	71.025	71.025	70.990	71.000	5
2025-03-17 20:45	70.995	70.995	70.970	70.970	5
2025-03-17 20:50	70.965	70.980	70.965	70.970	5
2025-03-17 20:55	70.975	70.980	70.950	70.955	5
2025-03-18 00:00	70.867	70.952	70.867	70.927	5
2025-03-18 00:05	70.922	70.937	70.897	70.902	5
2025-03-18 00:10	70.907	70.982	70.902	70.982	5
2025-03-18 00:15	70.972	70.972	70.937	70.947	5
2025-03-18 00:20	70.952	70.977	70.952	70.952	4
2025-03-18 00:25	70.962	70.972	70.952	70.962	5
2025-03-18 00:30	70.938	70.982	70.938	70.972	5
2025-03-18 00:35	70.977	70.977	70.952	70.967	5
2025-03-18 00:40	70.972	70.992	70.962	70.987	3
2025-03-18 00:45	70.982	70.987	70.927	70.952	4
2025-03-18 00:50	70.957	70.962	70.932	70.937	4
2025-03-18 00:55	70.932	70.962	70.932	70.942	5
2025-03-18 01:00	70.927	71.045	70.905	71.040	5
2025-03-18 01:05	71.035	71.045	71.005	71.025	5
2025-03-18 01:10	71.020	71.070	70.985	71.070	5
2025-03-18 01:15	71.080	71.125	71.070	71.100	5
2025-03-18 01:20	71.095	71.155	71.095	71.130	5
2025-03-18 01:25	71.125	71.205	71.125	71.185	5
2025-03-18 01:30	71.175	71.185	71.125	71.155	5
2025-03-18 01:35	71.150	71.155	71.075	71.105	5
2025-03-18 01:40	71.100	71.145	71.085	71.145	5
2025-03-18 01:45	71.140	71.205	71.125	71.205	5
2025-03-18 01:50	71.215	71.230	71.150	71.195	5
2025-03-18 01:55	71.205	71.225	71.175	71.190	5
2025-03-18 02:00	71.195	71.210	71.185	71.195	5
2025-03-18 02:05	71.185	71.195	71.155	71.175	5
2025-03-18 02:10	71.170	71.250	71.165	71.235	5
2025-03-18 02:15	71.230	71.240	71.185	71.200	5
2025-03-18 02:20	71.195	71.265	71.195	71.255	4
2025-03-18 02:25	71.250	71.255	71.230	71.255	5
2025-03-18 02:30	71.245	71.275	71.225	71.275	5
2025-03-18 02:35	71.270	71.285	71.240	71.285	5
2025-03-18 02:40	71.295	71.315	71.290	71.300	5
2025-03-18 02:45	71.305	71.305	71.280	71.285	5
2025-03-18 02:50	71.280	71.295	71.275	71.285	5
2025-03-18 02:55	71.290	71.325	71.280	71.315	5
2025-03-18 03:00	71.320	71.320	71.245	71.245	5
2025-03-18 03:05	71.240	71.260	71.210	71.240	5
2025-03-18 03:10	71.235	71.255	71.215	71.255	5
2025-03-18 03:15	71.245	71.255	71.235	71.245	5
2025-03-18 03:20	71.235	71.275	71.225	71.275	4
2025-03-18 03:25	71.285	71.285	71.235	71.250	5
2025-03-18 03:30	71.255	71.270	71.235	71.265	4
2025-03-18 03:35	71.260	71.260	71.205	71.215	5
2025-03-18 03:40	71.168	71.230	71.168	71.220	5
2025-03-18 03:45	71.215	71.245	71.215	71.230	3
2025-03-18 03:50	71.220	71.225	71.158	71.158	5
2025-03-18 03:55	71.200	71.230	71.200	71.225	5
2025-03-18 04:00	71.220	71.220	71.195	71.205	4
2025-03-18 04:05	71.210	71.220	71.205	71.215	4
2025-03-18 04:10	71.220	71.240	71.215	71.240	4
2025-03-18 04:15	71.193	71.265	71.193	71.255	4
2025-03-18 04:20	71.208	71.275	71.208	71.270	4
2025-03-18 04:25	71.275	71.285	71.228	71.280	5
2025-03-18 04:30	71.275	71.285	71.265	71.275	5
2025-03-18 04:35	71.280	71.285	71.260	71.265	5
2025-03-18 04:40	71.260	71.265	71.218	71.260	5
2025-03-18 04:45	71.265	71.265	71.245	71.250	4
2025-03-18 04:50	71.203	71.275	71.203	71.270	4
2025-03-18 04:55	71.265	71.265	71.198	71.245	4
2025-03-18 05:00	71.225	71.245	71.215	71.235	5
2025-03-18 05:05	71.240	71.270	71.225	71.255	5
2025-03-18 05:10	71.245	71.255	71.235	71.255	5
2025-03-18 05:15	71.208	71.260	71.208	71.255	3
2025-03-18 05:20	71.245	71.265	71.215	71.225	5
2025-03-18 05:25	71.230	71.285	71.225	71.285	5
2025-03-18 05:30	71.280	71.345	71.275	71.345	5
2025-03-18 05:35	71.355	71.355	71.345	71.355	5
2025-03-18 05:40	71.365	71.365	71.345	71.360	4
2025-03-18 05:45	71.355	71.405	71.345	71.400	5
2025-03-18 05:50	71.405	71.410	71.365	71.390	5
2025-03-18 05:55	71.395	71.455	71.385	71.455	5
2025-03-18 06:00	71.445	71.450	71.405	71.445	4
2025-03-18 06:05	71.450	71.465	71.400	71.405	5
2025-03-18 06:10	71.400	71.425	71.390	71.415	5
2025-03-18 06:15	71.405	71.415	71.395	71.415	5
2025-03-18 06:20	71.420	71.470	71.415	71.465	5
2025-03-18 06:25	71.470	71.475	71.445	71.455	4
2025-03-18 06:30	71.450	71.455	71.420	71.440	5
2025-03-18 06:35	71.445	71.445	71.425	71.435	3
2025-03-18 06:40	71.445	71.455	71.430	71.435	5
2025-03-18 06:45	71.440	71.460	71.405	71.410	5
2025-03-18 06:50	71.415	71.425	71.385	71.395	5
2025-03-18 06:55	71.390	71.440	71.385	71.435	5
2025-03-18 07:00	71.430	71.445	71.405	71.420	4
2025-03-18 07:05	71.415	71.475	71.415	71.415	5
2025-03-18 07:10	71.425	71.515	71.425	71.465	5
2025-03-18 07:15	71.475	71.505	71.465	71.470	5
2025-03-18 07:20	71.475	71.515	71.475	71.475	5
2025-03-18 07:25	71.470	71.515	71.470	71.485	4
2025-03-18 07:30	71.495	71.605	71.495	71.590	5
2025-03-18 07:35	71.585	71.625	71.585	71.595	5
2025-03-18 07:40	71.605	71.665	71.605	71.655	5
2025-03-18 07:45	71.645	71.665	71.625	71.625	5
2025-03-18 07:50	71.630	71.655	71.615	71.620	4
2025-03-18 07:55	71.625	71.655	71.615	71.645	5
2025-03-18 08:00	71.640	71.695	71.615	71.675	5
2025-03-18 08:05	71.670	71.705	71.670	71.695	5
2025-03-18 08:10	71.685	71.715	71.655	71.705	5
2025-03-18 08:15	71.700	71.715	71.660	71.675	5
2025-03-18 08:20	71.680	71.775	71.675	71.735	5
2025-03-18 08:25	71.725	71.765	71.695	71.695	5
2025-03-18 08:30	71.690	71.805	71.685	71.765	5
2025-03-18 08:35	71.770	71.885	71.770	71.835	5
2025-03-18 08:40	71.830	71.865	71.815	71.825	5
2025-03-18 08:45	71.835	71.910	71.825	71.905	5
2025-03-18 08:50	71.915	71.925	71.785	71.825	5
2025-03-18 08:55	71.835	71.885	71.815	71.815	5
2025-03-18 09:00	71.840	71.905	71.795	71.865	5
2025-03-18 09:05	71.850	71.925	71.805	71.895	5
2025-03-18 09:10	71.905	71.935	71.875	71.885	5
2025-03-18 09:15	71.895	71.905	71.835	71.855	5
2025-03-18 09:20	71.865	71.935	71.865	71.935	5
2025-03-18 09:25	71.945	71.955	71.905	71.905	5
2025-03-18 09:30	71.925	72.045	71.905	72.040	5
2025-03-18 09:35	72.045	72.105	71.995	72.005	5
2025-03-18 09:40	72.000	72.010	71.855	71.945	5
2025-03-18 09:45	71.955	71.975	71.885	71.955	5
2025-03-18 09:50	71.960	71.970	71.905	71.935	5
2025-03-18 09:55	71.930	72.075	71.930	72.065	5
2025-03-18 10:00	72.055	72.085	72.025	72.045	5
2025-03-18 10:05	72.055	72.065	72.025	72.055	5
2025-03-18 10:10	72.045	72.147	72.005	72.095	5
2025-03-18 10:15	72.105	72.165	72.075	72.115	5
2025-03-18 10:20	72.105	72.115	72.045	72.085	5
2025-03-18 10:25	72.090	72.115	72.035	72.065	5
2025-03-18 10:30	72.055	72.065	71.985	72.005	5
2025-03-18 10:35	71.985	72.055	71.955	71.965	5
2025-03-18 10:40	71.960	71.975	71.915	71.965	5
2025-03-18 10:45	71.955	71.955	71.885	71.895	5
2025-03-18 10:50	71.905	71.965	71.895	71.945	5
2025-03-18 10:55	71.935	71.950	71.900	71.935	5
2025-03-18 11:00	71.940	71.940	71.855	71.875	5
2025-03-18 11:05	71.885	71.935	71.885	71.925	5
2025-03-18 11:10	71.920	71.955	71.885	71.885	5
2025-03-18 11:15	71.890	71.920	71.830	71.835	5
2025-03-18 11:20	71.830	71.885	71.755	71.765	5
2025-03-18 11:25	71.775	71.805	71.765	71.795	5
2025-03-18 11:30	71.805	71.845	71.775	71.825	5
2025-03-18 11:35	71.820	71.835	71.795	71.805	5
2025-03-18 11:40	71.800	71.890	71.780	71.890	5
2025-03-18 11:45	71.885	71.895	71.860	71.865	4
2025-03-18 11:50	71.860	71.860	71.795	71.815	5
2025-03-18 11:55	71.810	71.985	71.810	71.975	5
2025-03-18 12:00	71.965	71.965	71.895	71.935	5
2025-03-18 12:05	71.930	71.965	71.885	71.935	5
2025-03-18 12:10	71.940	72.025	71.940	71.995	5
2025-03-18 12:15	72.000	72.025	71.955	71.975	5
2025-03-18 12:20	71.965	72.035	71.965	72.025	5
2025-03-18 12:25	72.015	72.025	71.995	72.005	5
2025-03-18 12:30	71.995	72.005	71.915	71.935	5
2025-03-18 12:35	71.925	71.975	71.895	71.905	5
2025-03-18 12:40	71.915	71.925	71.865	71.885	5
2025-03-18 12:45	71.895	71.895	71.815	71.840	5
2025-03-18 12:50	71.845	71.905	71.805	71.890	5
2025-03-18 12:55	71.885	71.895	71.815	71.880	5
2025-03-18 13:00	71.885	71.890	71.515	71.515	5
2025-03-18 13:05	71.510	71.675	71.510	71.655	5
2025-03-18 13:10	71.665	71.685	71.625	71.630	5
2025-03-18 13:15	71.625	71.695	71.575	71.690	5
2025-03-18 13:20	71.685	71.730	71.605	71.615	5
2025-03-18 13:25	71.610	71.675	71.575	71.585	5
2025-03-18 13:30	71.595	71.630	71.505	71.575	5
2025-03-18 13:35	71.585	71.605	71.535	71.540	5
2025-03-18 13:40	71.535	71.625	71.513	71.575	5
2025-03-18 13:45	71.570	71.685	71.545	71.675	5
2025-03-18 13:50	71.665	71.700	71.585	71.585	5
2025-03-18 13:55	71.575	71.600	71.440	71.475	5
2025-03-18 14:00	71.465	71.475	71.355	71.395	5
2025-03-18 14:05	71.405	71.455	71.365	71.395	5
2025-03-18 14:10	71.405	71.445	71.323	71.415	5
2025-03-18 14:15	71.410	71.435	71.225	71.235	5
2025-03-18 14:20	71.245	71.325	71.235	71.265	5
2025-03-18 14:25	71.270	71.315	71.235	71.245	5
2025-03-18 14:30	71.235	71.295	71.225	71.260	5
2025-03-18 14:35	71.255	71.310	71.235	71.255	5
2025-03-18 14:40	71.245	71.345	71.235	71.245	5
2025-03-18 14:45	71.255	71.385	71.255	71.335	5
2025-03-18 14:50	71.355	71.385	71.300	71.315	5
2025-03-18 14:55	71.310	71.340	71.245	71.260	5
2025-03-18 15:00	71.265	71.315	71.225	71.315	5
2025-03-18 15:05	71.325	71.335	71.130	71.185	5
2025-03-18 15:10	71.195	71.200	71.075	71.125	5
2025-03-18 15:15	71.135	71.205	71.115	71.155	5
2025-03-18 15:20	71.145	71.230	71.145	71.215	5
2025-03-18 15:25	71.225	71.255	71.145	71.165	5
2025-03-18 15:30	71.175	71.255	71.128	71.220	5
2025-03-18 15:35	71.225	71.225	71.085	71.085	5
2025-03-18 15:40	71.095	71.115	71.015	71.025	5
2025-03-18 15:45	71.020	71.055	70.805	70.835	5
2025-03-18 15:50	70.825	70.895	70.805	70.865	5
2025-03-18 15:55	70.875	70.875	70.805	70.815	5
2025-03-18 16:00	70.805	70.855	70.715	70.755	5
2025-03-18 16:05	70.755	70.825	70.755	70.785	5
2025-03-18 16:10	70.775	70.885	70.775	70.875	5
2025-03-18 16:15	70.885	70.885	70.809	70.835	5
2025-03-18 16:20	70.840	70.865	70.705	70.720	5
2025-03-18 16:25	70.725	70.850	70.705	70.755	5
2025-03-18 16:30	70.760	70.845	70.505	70.625	5
2025-03-18 16:35	70.615	70.615	70.495	70.525	5
2025-03-18 16:40	70.515	70.570	70.445	70.475	5
2025-03-18 16:45	70.485	70.570	70.375	70.415	5
2025-03-18 16:50	70.405	70.540	70.405	70.510	5
2025-03-18 16:55	70.505	70.525	70.345	70.405	5
2025-03-18 17:00	70.405	70.485	70.405	70.435	5
2025-03-18 17:05	70.425	70.490	70.405	70.485	5
2025-03-18 17:10	70.480	70.485	70.425	70.435	5
2025-03-18 17:15	70.425	70.513	70.343	70.395	5
2025-03-18 17:20	70.390	71.100	70.355	70.825	5
2025-03-18 17:25	70.830	70.855	70.595	70.640	5
2025-03-18 17:30	70.645	70.665	70.445	70.625	5
2025-03-18 17:35	70.630	70.705	70.595	70.635	5
2025-03-18 17:40	70.630	70.635	70.555	70.595	5
2025-03-18 17:45	70.605	70.615	70.550	70.595	5
2025-03-18 17:50	70.605	70.635	70.560	70.625	5
2025-03-18 17:55	70.620	70.685	70.610	70.625	5
2025-03-18 18:00	70.615	70.715	70.615	70.675	5
2025-03-18 18:05	70.665	70.730	70.630	70.715	5
2025-03-18 18:10	70.700	70.735	70.620	70.620	5
2025-03-18 18:15	70.625	70.635	70.505	70.530	5
2025-03-18 18:20	70.535	70.545	70.475	70.500	5
2025-03-18 18:25	70.495	70.585	70.465	70.535	5
2025-03-18 18:30	70.540	70.615	70.535	70.540	5
2025-03-18 18:35	70.535	70.585	70.525	70.555	5
2025-03-18 18:40	70.545	70.565	70.520	70.545	5
2025-03-18 18:45	70.550	70.560	70.423	70.505	5
2025-03-18 18:50	70.510	70.565	70.485	70.525	5
2025-03-18 18:55	70.530	70.530	70.495	70.515	5
2025-03-18 19:00	70.505	70.525	70.485	70.515	5
2025-03-18 19:05	70.520	70.535	70.495	70.525	5
2025-03-18 19:10	70.530	70.550	70.505	70.535	5
2025-03-18 19:15	70.530	70.555	70.515	70.555	5
2025-03-18 19:20	70.550	70.565	70.515	70.535	4
2025-03-18 19:25	70.545	70.565	70.535	70.565	5
2025-03-18 19:30	70.575	70.575	70.540	70.565	5
2025-03-18 19:35	70.555	70.565	70.535	70.535	5
2025-03-18 19:40	70.525	70.545	70.515	70.525	5
2025-03-18 19:45	70.530	70.535	70.515	70.525	5
2025-03-18 19:50	70.520	70.560	70.520	70.540	5
2025-03-18 19:55	70.545	70.565	70.515	70.560	5
2025-03-18 20:00	70.565	70.565	70.495	70.515	5
2025-03-18 20:05	70.520	70.520	70.475	70.485	5
2025-03-18 20:10	70.475	70.495	70.470	70.495	3
2025-03-18 20:15	70.500	70.505	70.480	70.495	5
2025-03-18 20:20	70.485	70.495	70.480	70.485	5
2025-03-18 20:25	70.490	70.510	70.465	70.467	5
2025-03-18 20:30	70.465	70.465	70.256	70.350	5
2025-03-18 20:35	70.345	70.365	70.298	70.345	5
2025-03-18 20:40	70.365	70.455	70.365	70.420	5
2025-03-18 20:45	70.425	70.425	70.340	70.340	5
2025-03-18 20:50	70.335	70.370	70.335	70.340	5
2025-03-18 20:55	70.345	70.370	70.335	70.365	5
2025-03-19 00:00	70.427	70.457	70.372	70.387	5
2025-03-19 00:05	70.382	70.407	70.352	70.357	5
2025-03-19 00:10	70.352	70.382	70.347	70.382	5
2025-03-19 00:15	70.377	70.437	70.372	70.382	5
2025-03-19 00:20	70.387	70.402	70.382	70.382	5
2025-03-19 00:25	70.387	70.392	70.357	70.372	5
2025-03-19 00:30	70.367	70.377	70.352	70.377	5
2025-03-19 00:35	70.382	70.432	70.382	70.432	4
2025-03-19 00:40	70.427	70.467	70.422	70.422	5
2025-03-19 00:45	70.427	70.437	70.387	70.387	5
2025-03-19 00:50	70.397	70.442	70.397	70.417	5
2025-03-19 00:55	70.422	70.462	70.422	70.442	5
2025-03-19 01:00	70.432	70.455	70.245	70.265	5
2025-03-19 01:05	70.255	70.295	70.215	70.250	5
2025-03-19 01:10	70.245	70.255	70.215	70.240	5
2025-03-19 01:15	70.235	70.255	70.215	70.255	5
2025-03-19 01:20	70.250	70.265	70.235	70.255	5
2025-03-19 01:25	70.260	70.310	70.245	70.300	5
2025-03-19 01:30	70.295	70.375	70.280	70.375	5
2025-03-19 01:35	70.385	70.385	70.325	70.330	4
2025-03-19 01:40	70.335	70.335	70.275	70.295	5
2025-03-19 01:45	70.290	70.330	70.280	70.320	5
2025-03-19 01:50	70.315	70.315	70.255	70.260	5
2025-03-19 01:55	70.265	70.265	70.215	70.230	5
2025-03-19 02:00	70.225	70.330	70.225	70.315	5
2025-03-19 02:05	70.310	70.340	70.310	70.325	5
2025-03-19 02:10	70.330	70.360	70.320	70.325	5
2025-03-19 02:15	70.320	70.345	70.315	70.330	3
2025-03-19 02:20	70.325	70.340	70.320	70.340	5
2025-03-19 02:25	70.335	70.365	70.335	70.355	5
2025-03-19 02:30	70.365	70.410	70.355	70.375	5
2025-03-19 02:35	70.370	70.385	70.350	70.360	4
2025-03-19 02:40	70.355	70.395	70.355	70.385	5
2025-03-19 02:45	70.380	70.405	70.355	70.360	5
2025-03-19 02:50	70.365	70.375	70.355	70.360	5
2025-03-19 02:55	70.355	70.385	70.350	70.355	4
2025-03-19 03:00	70.350	70.365	70.325	70.345	5
2025-03-19 03:05	70.350	70.415	70.350	70.410	5
2025-03-19 03:10	70.405	70.410	70.350	70.355	5
2025-03-19 03:15	70.350	70.365	70.325	70.325	5
2025-03-19 03:20	70.315	70.375	70.315	70.360	5
2025-03-19 03:25	70.355	70.385	70.335	70.350	5
2025-03-19 03:30	70.360	70.375	70.335	70.335	5
2025-03-19 03:35	70.330	70.340	70.315	70.335	5
2025-03-19 03:40	70.340	70.355	70.340	70.350	3
2025-03-19 03:45	70.355	70.385	70.345	70.355	4
2025-03-19 03:50	70.360	70.365	70.350	70.350	3
2025-03-19 03:55	70.355	70.365	70.350	70.355	4
2025-03-19 04:00	70.360	70.360	70.340	70.345	5
2025-03-19 04:05	70.335	70.345	70.335	70.345	3
2025-03-19 04:10	70.335	70.355	70.315	70.350	3
2025-03-19 04:15	70.345	70.375	70.335	70.365	5
2025-03-19 04:20	70.370	70.370	70.315	70.335	5
2025-03-19 04:25	70.288	70.325	70.285	70.295	5
2025-03-19 04:30	70.305	70.315	70.268	70.300	5
2025-03-19 04:35	70.295	70.315	70.248	70.305	5
2025-03-19 04:40	70.300	70.305	70.258	70.258	3
2025-03-19 04:45	70.305	70.315	70.238	70.315	4
2025-03-19 04:50	70.310	70.375	70.300	70.335	5
2025-03-19 04:55	70.330	70.345	70.300	70.300	5
2025-03-19 05:00	70.305	70.305	70.238	70.285	5
2025-03-19 05:05	70.290	70.300	70.248	70.295	5
2025-03-19 05:10	70.305	70.315	70.290	70.300	5
2025-03-19 05:15	70.295	70.325	70.295	70.315	4
2025-03-19 05:20	70.305	70.325	70.300	70.310	3
2025-03-19 05:25	70.305	70.305	70.238	70.295	5
2025-03-19 05:30	70.290	70.325	70.265	70.300	5
2025-03-19 05:35	70.305	70.315	70.255	70.255	5
2025-03-19 05:40	70.260	70.270	70.235	70.250	5
2025-03-19 05:45	70.255	70.255	70.185	70.195	5
2025-03-19 05:50	70.200	70.245	70.200	70.245	5
2025-03-19 05:55	70.235	70.235	70.205	70.220	5
2025-03-19 06:00	70.225	70.225	70.185	70.200	5
2025-03-19 06:05	70.205	70.205	70.160	70.185	5
2025-03-19 06:10	70.175	70.215	70.175	70.215	5
2025-03-19 06:15	70.210	70.215	70.165	70.175	4
2025-03-19 06:20	70.185	70.195	70.165	70.175	5
2025-03-19 06:25	70.165	70.170	70.125	70.145	5
2025-03-19 06:30	70.135	70.135	70.095	70.105	5
2025-03-19 06:35	70.100	70.125	70.085	70.105	5
2025-03-19 06:40	70.110	70.115	70.065	70.105	5
2025-03-19 06:45	70.115	70.115	70.025	70.035	5
2025-03-19 06:50	70.025	70.045	70.000	70.030	5
2025-03-19 06:55	70.025	70.095	70.025	70.095	5
2025-03-19 07:00	70.105	70.170	70.095	70.160	5
2025-03-19 07:05	70.165	70.245	70.135	70.235	5
2025-03-19 07:10	70.240	70.315	70.235	70.305	5
2025-03-19 07:15	70.295	70.325	70.285	70.300	5
2025-03-19 07:20	70.305	70.325	70.290	70.315	5
2025-03-19 07:25	70.325	70.325	70.285	70.305	5
2025-03-19 07:30	70.315	70.355	70.285	70.295	5
2025-03-19 07:35	70.305	70.325	70.265	70.290	5
2025-03-19 07:40	70.295	70.305	70.265	70.290	5
2025-03-19 07:45	70.295	70.305	70.270	70.305	5
2025-03-19 07:50	70.310	70.335	70.270	70.310	5
2025-03-19 07:55	70.305	70.315	70.220	70.245	5
2025-03-19 08:00	70.255	70.335	70.195	70.235	5
2025-03-19 08:05	70.245	70.375	70.225	70.355	5
2025-03-19 08:10	70.365	70.380	70.295	70.375	5
2025-03-19 08:15	70.365	70.405	70.345	70.355	5
2025-03-19 08:20	70.345	70.380	70.335	70.345	5
2025-03-19 08:25	70.355	70.375	70.235	70.235	5
2025-03-19 08:30	70.245	70.275	70.075	70.085	5
2025-03-19 08:35	70.095	70.095	69.925	69.995	5
2025-03-19 08:40	69.985	70.110	69.975	70.105	5
2025-03-19 08:45	70.110	70.125	70.015	70.015	5
2025-03-19 08:50	70.005	70.085	69.995	70.065	5
2025-03-19 08:55	70.055	70.065	69.895	69.905	5
2025-03-19 09:00	69.915	69.965	69.885	69.935	5
2025-03-19 09:05	69.925	70.025	69.925	69.975	5
2025-03-19 09:10	69.985	70.015	69.895	69.910	5
2025-03-19 09:15	69.915	69.955	69.895	69.955	5
2025-03-19 09:20	69.950	69.985	69.945	69.955	5
2025-03-19 09:25	69.945	69.955	69.905	69.905	5
2025-03-19 09:30	69.895	70.005	69.885	70.005	5
2025-03-19 09:35	70.015	70.055	69.990	70.005	5
2025-03-19 09:40	70.000	70.000	69.945	69.945	5
2025-03-19 09:45	69.955	70.050	69.945	70.050	5
2025-03-19 09:50	70.045	70.145	70.035	70.105	5
2025-03-19 09:55	70.115	70.175	70.095	70.150	5
2025-03-19 10:00	70.145	70.205	70.130	70.205	5
2025-03-19 10:05	70.195	70.215	70.135	70.155	5
2025-03-19 10:10	70.165	70.255	70.150	70.185	5
2025-03-19 10:15	70.195	70.305	70.170	70.305	5
2025-03-19 10:20	70.295	70.345	70.285	70.335	5
2025-03-19 10:25	70.330	70.335	70.235	70.245	5
2025-03-19 10:30	70.240	70.325	70.235	70.305	5
2025-03-19 10:35	70.295	70.335	70.295	70.325	5
2025-03-19 10:40	70.330	70.395	70.300	70.370	5
2025-03-19 10:45	70.365	70.365	70.325	70.345	5
2025-03-19 10:50	70.355	70.365	70.335	70.335	5
2025-03-19 10:55	70.325	70.380	70.315	70.375	5
2025-03-19 11:00	70.365	70.385	70.345	70.365	5
2025-03-19 11:05	70.360	70.415	70.360	70.410	5
2025-03-19 11:10	70.415	70.475	70.405	70.475	5
2025-03-19 11:15	70.470	70.490	70.445	70.455	5
2025-03-19 11:20	70.450	70.465	70.425	70.460	5
2025-03-19 11:25	70.455	70.455	70.385	70.445	5
2025-03-19 11:30	70.440	70.455	70.395	70.415	5
2025-03-19 11:35	70.425	70.445	70.395	70.400	5
2025-03-19 11:40	70.395	70.475	70.375	70.470	5
2025-03-19 11:45	70.465	70.515	70.465	70.480	5
2025-03-19 11:50	70.475	70.510	70.455	70.495	5
2025-03-19 11:55	70.500	70.550	70.463	70.535	5
2025-03-19 12:00	70.525	70.575	70.505	70.535	5
2025-03-19 12:05	70.525	70.565	70.515	70.525	5
2025-03-19 12:10	70.520	70.555	70.485	70.535	5
2025-03-19 12:15	70.525	70.540	70.395	70.405	5
2025-03-19 12:20	70.395	70.440	70.365	70.435	5
2025-03-19 12:25	70.440	70.515	70.435	70.475	5
2025-03-19 12:30	70.465	70.495	70.450	70.485	5
2025-03-19 12:35	70.475	70.515	70.455	70.495	5
2025-03-19 12:40	70.485	70.575	70.485	70.560	5
2025-03-19 12:45	70.565	70.575	70.535	70.545	5
2025-03-19 12:50	70.555	70.565	70.485	70.505	5
2025-03-19 12:55	70.515	70.575	70.465	70.575	5
2025-03-19 13:00	70.585	70.595	70.475	70.565	5
2025-03-19 13:05	70.575	70.695	70.555	70.675	5
2025-03-19 13:10	70.665	70.695	70.615	70.635	5
2025-03-19 13:15	70.640	70.665	70.595	70.650	5
2025-03-19 13:20	70.645	70.655	70.565	70.605	5
2025-03-19 13:25	70.595	70.625	70.475	70.485	5
2025-03-19 13:30	70.490	70.545	70.420	70.425	5
2025-03-19 13:35	70.430	70.490	70.350	70.475	5
2025-03-19 13:40	70.485	70.495	70.395	70.395	5
2025-03-19 13:45	70.405	70.445	70.385	70.430	5
2025-03-19 13:50	70.435	70.535	70.380	70.500	5
2025-03-19 13:55	70.495	70.595	70.465	70.540	5
2025-03-19 14:00	70.545	70.565	70.470	70.535	5
2025-03-19 14:05	70.540	70.565	70.515	70.545	5
2025-03-19 14:10	70.535	70.575	70.515	70.565	5
2025-03-19 14:15	70.570	70.605	70.540	70.570	5
2025-03-19 14:20	70.575	70.625	70.560	70.610	5
2025-03-19 14:25	70.605	70.615	70.530	70.580	5
2025-03-19 14:30	70.575	70.810	70.500	70.775	5
2025-03-19 14:35	70.780	70.835	70.740	70.805	5
2025-03-19 14:40	70.810	70.815	70.595	70.665	5
2025-03-19 14:45	70.660	70.670	70.540	70.615	5
2025-03-19 14:50	70.620	70.755	70.620	70.725	5
2025-03-19 14:55	70.720	70.765	70.695	70.755	5
2025-03-19 15:00	70.765	70.860	70.750	70.860	5
2025-03-19 15:05	70.865	70.985	70.860	70.980	5
2025-03-19 15:10	70.975	71.055	70.950	71.030	5
2025-03-19 15:15	71.025	71.045	70.985	71.015	5
2025-03-19 15:20	71.025	71.045	70.995	71.015	5
2025-03-19 15:25	71.010	71.125	71.005	71.065	5
2025-03-19 15:30	71.075	71.080	70.995	71.045	5
2025-03-19 15:35	71.050	71.050	70.920	70.925	5
2025-03-19 15:40	70.930	70.975	70.915	70.955	5
2025-03-19 15:45	70.960	70.960	70.775	70.800	5
2025-03-19 15:50	70.805	70.860	70.800	70.805	5
2025-03-19 15:55	70.815	70.850	70.780	70.850	5
2025-03-19 16:00	70.845	70.955	70.795	70.955	5
2025-03-19 16:05	70.960	71.010	70.870	70.895	5
2025-03-19 16:10	70.900	70.915	70.775	70.795	5
2025-03-19 16:15	70.800	70.810	70.705	70.735	5
2025-03-19 16:20	70.740	70.850	70.705	70.785	5
2025-03-19 16:25	70.775	70.870	70.695	70.765	5
2025-03-19 16:30	70.750	70.815	70.665	70.800	5
2025-03-19 16:35	70.795	70.885	70.790	70.880	5
2025-03-19 16:40	70.875	71.045	70.875	71.035	5
2025-03-19 16:45	71.025	71.190	71.025	71.125	5
2025-03-19 16:50	71.135	71.210	71.115	71.205	5
2025-03-19 16:55	71.210	71.210	71.105	71.130	5
2025-03-19 17:00	71.125	71.190	71.058	71.170	5
2025-03-19 17:05	71.175	71.175	71.105	71.120	5
2025-03-19 17:10	71.115	71.140	71.060	71.070	5
2025-03-19 17:15	71.065	71.080	70.910	70.930	5
2025-03-19 17:20	70.925	70.935	70.865	70.865	5
2025-03-19 17:25	70.860	70.975	70.855	70.975	5
2025-03-19 17:30	70.970	70.980	70.950	70.965	5
2025-03-19 17:35	70.985	71.015	70.945	70.965	5
2025-03-19 17:40	70.955	71.035	70.955	70.970	5
2025-03-19 17:45	70.975	70.975	70.935	70.965	5
2025-03-19 17:50	70.970	70.995	70.905	70.945	5
2025-03-19 17:55	70.940	70.945	70.790	70.820	5
2025-03-19 18:00	70.805	70.865	70.685	70.690	5
2025-03-19 18:05	70.685	70.725	70.585	70.680	5
2025-03-19 18:10	70.675	70.705	70.635	70.660	5
2025-03-19 18:15	70.665	70.830	70.665	70.760	5
2025-03-19 18:20	70.765	70.790	70.705	70.725	5
2025-03-19 18:25	70.720	70.775	70.705	70.755	5
2025-03-19 18:30	70.765	70.815	70.745	70.815	5
2025-03-19 18:35	70.820	70.825	70.790	70.800	5
2025-03-19 18:40	70.805	70.815	70.775	70.810	5
2025-03-19 18:45	70.805	70.815	70.785	70.810	5
2025-03-19 18:50	70.805	70.845	70.785	70.825	5
2025-03-19 18:55	70.815	70.830	70.795	70.820	5
2025-03-19 19:00	70.815	70.845	70.815	70.840	5
2025-03-19 19:05	70.835	70.895	70.835	70.885	5
2025-03-19 19:10	70.890	70.895	70.865	70.880	5
2025-03-19 19:15	70.885	70.905	70.865	70.880	4
2025-03-19 19:20	70.885	70.890	70.845	70.880	5
2025-03-19 19:25	70.885	70.885	70.835	70.850	5
2025-03-19 19:30	70.845	70.880	70.845	70.875	5
2025-03-19 19:35	70.880	70.900	70.825	70.890	5
2025-03-19 19:40	70.895	70.945	70.895	70.935	5
2025-03-19 19:45	70.940	70.940	70.915	70.915	5
2025-03-19 19:50	70.873	70.905	70.863	70.895	5
2025-03-19 19:55	70.885	70.885	70.845	70.865	5
2025-03-19 20:00	70.870	70.895	70.845	70.855	5
2025-03-19 20:05	70.850	70.895	70.840	70.855	5
2025-03-19 20:10	70.865	70.880	70.850	70.865	5
2025-03-19 20:15	70.870	70.875	70.850	70.860	5
2025-03-19 20:20	70.855	70.860	70.845	70.855	5
2025-03-19 20:25	70.850	70.870	70.840	70.855	5
2025-03-19 20:30	70.850	70.865	70.830	70.865	5
2025-03-19 20:35	70.860	70.890	70.855	70.865	3
2025-03-19 20:40	70.870	70.870	70.845	70.855	5
2025-03-19 20:45	70.850	70.855	70.793	70.820	5
2025-03-19 20:50	70.815	70.875	70.810	70.870	5
2025-03-19 20:55	70.865	70.895	70.855	70.890	5
2025-03-20 00:00	70.912	70.952	70.907	70.942	5
2025-03-20 00:05	70.918	70.962	70.912	70.912	5
2025-03-20 00:10	70.902	70.927	70.902	70.917	5
2025-03-20 00:15	70.912	70.912	70.877	70.887	4
2025-03-20 00:20	70.892	70.892	70.882	70.892	4
2025-03-20 00:25	70.882	70.902	70.867	70.897	3
2025-03-20 00:30	70.902	70.902	70.852	70.852	4
2025-03-20 00:35	70.862	70.877	70.862	70.877	4
2025-03-20 00:40	70.882	70.887	70.872	70.882	3
2025-03-20 00:45	70.892	70.902	70.882	70.882	4
2025-03-20 00:50	70.892	70.922	70.892	70.912	4
2025-03-20 00:55	70.907	70.932	70.898	70.932	5
2025-03-20 01:00	70.955	71.065	70.940	71.060	5
2025-03-20 01:05	71.065	71.105	71.050	71.055	5
2025-03-20 01:10	71.045	71.085	71.025	71.075	5
2025-03-20 01:15	71.080	71.135	71.055	71.135	5
2025-03-20 01:20	71.125	71.130	71.095	71.095	4
2025-03-20 01:25	71.110	71.115	71.055	71.065	5
2025-03-20 01:30	71.070	71.115	71.045	71.105	5
2025-03-20 01:35	71.095	71.125	71.085	71.115	5
2025-03-20 01:40	71.110	71.110	71.055	71.065	5
2025-03-20 01:45	71.060	71.095	71.055	71.090	5
2025-03-20 01:50	71.085	71.115	71.060	71.080	5
2025-03-20 01:55	71.085	71.090	71.025	71.025	5
2025-03-20 02:00	71.035	71.085	71.035	71.065	5
2025-03-20 02:05	71.070	71.145	71.065	71.135	5
2025-03-20 02:10	71.140	71.185	71.135	71.155	5
2025-03-20 02:15	71.160	71.165	71.115	71.125	5
2025-03-20 02:20	71.130	71.150	71.115	71.115	5
2025-03-20 02:25	71.120	71.145	71.115	71.135	5
2025-03-20 02:30	71.140	71.155	71.100	71.105	5
2025-03-20 02:35	71.100	71.100	71.040	71.045	5
2025-03-20 02:40	71.050	71.055	71.010	71.025	5
2025-03-20 02:45	71.035	71.035	71.015	71.030	5
2025-03-20 02:50	71.035	71.080	71.035	71.070	5
2025-03-20 02:55	71.075	71.080	71.018	71.075	5
2025-03-20 03:00	71.065	71.075	71.055	71.065	5
2025-03-20 03:05	71.055	71.115	71.045	71.110	5
2025-03-20 03:10	71.115	71.155	71.105	71.145	5
2025-03-20 03:15	71.150	71.190	71.145	71.155	5
2025-03-20 03:20	71.150	71.160	71.135	71.150	5
2025-03-20 03:25	71.155	71.175	71.155	71.160	5
2025-03-20 03:30	71.155	71.180	71.155	71.180	4
2025-03-20 03:35	71.185	71.185	71.123	71.165	5
2025-03-20 03:40	71.170	71.170	71.088	71.140	5
2025-03-20 03:45	71.145	71.155	71.125	71.145	5
2025-03-20 03:50	71.140	71.165	71.135	71.155	5
2025-03-20 03:55	71.165	71.185	71.155	71.180	4
2025-03-20 04:00	71.175	71.195	71.175	71.185	4
2025-03-20 04:05	71.180	71.190	71.180	71.185	4
2025-03-20 04:10	71.190	71.190	71.138	71.185	4
2025-03-20 04:15	71.180	71.195	71.180	71.195	4
2025-03-20 04:20	71.185	71.205	71.180	71.195	5
2025-03-20 04:25	71.200	71.200	71.185	71.185	2
2025-03-20 04:30	71.180	71.200	71.180	71.190	5
2025-03-20 04:35	71.185	71.195	71.138	71.138	4
2025-03-20 04:40	71.185	71.195	71.165	71.165	3
2025-03-20 04:45	71.170	71.200	71.170	71.195	4
2025-03-20 04:50	71.200	71.200	71.175	71.190	5
2025-03-20 04:55	71.185	71.190	71.165	71.180	4
2025-03-20 05:00	71.175	71.180	71.145	71.145	5
2025-03-20 05:05	71.150	71.165	71.150	71.155	4
2025-03-20 05:10	71.160	71.175	71.155	71.155	3
2025-03-20 05:15	71.150	71.165	71.145	71.165	5
2025-03-20 05:20	71.160	71.170	71.160	71.165	5
2025-03-20 05:25	71.160	71.165	71.150	71.165	5
2025-03-20 05:30	71.160	71.160	71.100	71.125	4
2025-03-20 05:35	71.130	71.150	71.120	71.130	5
2025-03-20 05:40	71.135	71.155	71.125	71.145	4
2025-03-20 05:45	71.135	71.145	71.120	71.145	5
2025-03-20 05:50	71.140	71.155	71.130	71.145	5
2025-03-20 05:55	71.135	71.140	71.105	71.110	5
2025-03-20 06:00	71.105	71.125	71.075	71.085	5
2025-03-20 06:05	71.095	71.125	71.095	71.115	5
2025-03-20 06:10	71.120	71.170	71.120	71.155	5
2025-03-20 06:15	71.165	71.225	71.165	71.220	5
2025-03-20 06:20	71.225	71.225	71.210	71.225	5
2025-03-20 06:25	71.220	71.225	71.200	71.215	5
2025-03-20 06:30	71.210	71.240	71.205	71.225	4
2025-03-20 06:35	71.235	71.235	71.185	71.205	4
2025-03-20 06:40	71.200	71.225	71.195	71.225	5
2025-03-20 06:45	71.230	71.235	71.215	71.220	5
2025-03-20 06:50	71.225	71.225	71.215	71.220	5
2025-03-20 06:55	71.225	71.225	71.195	71.210	5
2025-03-20 07:00	71.205	71.235	71.190	71.195	5
2025-03-20 07:05	71.190	71.190	71.120	71.155	5
2025-03-20 07:10	71.150	71.170	71.135	71.135	5
2025-03-20 07:15	71.145	71.145	71.015	71.015	5
2025-03-20 07:20	71.025	71.025	70.975	71.010	5
2025-03-20 07:25	71.015	71.020	70.985	71.005	5
2025-03-20 07:30	71.015	71.035	70.985	71.035	5
2025-03-20 07:35	71.025	71.045	71.025	71.045	5
2025-03-20 07:40	71.055	71.105	71.055	71.105	5
2025-03-20 07:45	71.095	71.145	71.085	71.145	5
2025-03-20 07:50	71.135	71.225	71.115	71.220	5
2025-03-20 07:55	71.225	71.245	71.165	71.195	5
2025-03-20 08:00	71.185	71.255	71.185	71.215	5
2025-03-20 08:05	71.225	71.305	71.215	71.305	5
2025-03-20 08:10	71.290	71.365	71.290	71.365	5
2025-03-20 08:15	71.360	71.365	71.315	71.315	5
2025-03-20 08:20	71.320	71.375	71.290	71.325	5
2025-03-20 08:25	71.330	71.330	71.235	71.260	5
2025-03-20 08:30	71.265	71.345	71.235	71.325	5
2025-03-20 08:35	71.320	71.390	71.315	71.385	5
2025-03-20 08:40	71.375	71.390	71.315	71.315	5
2025-03-20 08:45	71.325	71.325	71.195	71.235	5
2025-03-20 08:50	71.240	71.275	71.215	71.255	5
2025-03-20 08:55	71.260	71.265	71.235	71.245	5
2025-03-20 09:00	71.250	71.310	71.225	71.280	5
2025-03-20 09:05	71.275	71.290	71.195	71.205	5
2025-03-20 09:10	71.215	71.260	71.195	71.245	5
2025-03-20 09:15	71.255	71.265	71.225	71.265	5
2025-03-20 09:20	71.270	71.275	71.075	71.140	5
2025-03-20 09:25	71.145	71.155	71.085	71.085	5
2025-03-20 09:30	71.090	71.105	70.905	70.930	5
2025-03-20 09:35	70.935	71.000	70.875	70.995	5
2025-03-20 09:40	70.990	71.085	70.985	71.070	5
2025-03-20 09:45	71.075	71.085	70.985	70.985	5
2025-03-20 09:50	70.990	71.025	70.975	70.985	4
2025-03-20 09:55	70.995	71.025	70.875	70.915	5
2025-03-20 10:00	70.910	70.910	70.825	70.870	5
2025-03-20 10:05	70.865	70.955	70.815	70.830	5
2025-03-20 10:10	70.825	70.845	70.795	70.835	5
2025-03-20 10:15	70.830	70.835	70.735	70.735	5
2025-03-20 10:20	70.725	70.755	70.705	70.755	5
2025-03-20 10:25	70.750	70.775	70.705	70.715	5
2025-03-20 10:30	70.710	70.735	70.683	70.685	5
2025-03-20 10:35	70.683	70.685	70.683	70.683	5
2025-03-20 10:40	70.683	70.745	70.683	70.725	5
2025-03-20 10:45	70.720	70.755	70.705	70.740	5
2025-03-20 10:50	70.745	70.835	70.730	70.815	5
2025-03-20 10:55	70.825	70.840	70.795	70.795	5
2025-03-20 11:00	70.800	70.860	70.785	70.825	5
2025-03-20 11:05	70.815	70.825	70.775	70.805	5
2025-03-20 11:10	70.825	70.835	70.790	70.815	5
2025-03-20 11:15	70.825	70.825	70.790	70.805	5
2025-03-20 11:20	70.815	70.885	70.805	70.875	5
2025-03-20 11:25	70.880	70.915	70.835	70.905	5
2025-03-20 11:30	70.895	70.925	70.855	70.885	5
2025-03-20 11:35	70.890	71.005	70.890	70.985	5
2025-03-20 11:40	70.990	70.995	70.935	70.955	5
2025-03-20 11:45	70.960	71.030	70.935	71.030	5
2025-03-20 11:50	71.025	71.065	71.015	71.045	5
2025-03-20 11:55	71.040	71.075	71.035	71.075	5
2025-03-20 12:00	71.065	71.080	71.005	71.045	5
2025-03-20 12:05	71.035	71.050	70.985	71.030	5
2025-03-20 12:10	71.025	71.040	70.975	71.000	5
2025-03-20 12:15	71.005	71.050	70.985	71.040	5
2025-03-20 12:20	71.045	71.045	70.855	70.875	5
2025-03-20 12:25	70.870	70.895	70.855	70.880	5
2025-03-20 12:30	70.890	70.915	70.830	70.880	5
2025-03-20 12:35	70.885	70.885	70.805	70.820	5
2025-03-20 12:40	70.825	70.840	70.800	70.840	5
2025-03-20 12:45	70.835	70.865	70.815	70.850	5
2025-03-20 12:50	70.855	70.880	70.820	70.845	5
2025-03-20 12:55	70.835	70.925	70.825	70.835	5
2025-03-20 13:00	70.825	70.860	70.745	70.810	5
2025-03-20 13:05	70.815	70.845	70.685	70.720	5
2025-03-20 13:10	70.715	70.765	70.695	70.715	5
2025-03-20 13:15	70.720	70.825	70.720	70.775	5
2025-03-20 13:20	70.770	70.780	70.735	70.780	5
2025-03-20 13:25	70.785	70.800	70.685	70.695	5
2025-03-20 13:30	70.690	70.705	70.520	70.525	5
2025-03-20 13:35	70.520	70.615	70.515	70.580	5
2025-03-20 13:40	70.585	70.665	70.580	70.615	5
2025-03-20 13:45	70.605	70.660	70.555	70.595	5
2025-03-20 13:50	70.605	70.740	70.585	70.725	5
2025-03-20 13:55	70.730	70.805	70.720	70.750	5
2025-03-20 14:00	70.745	71.025	70.730	70.980	5
2025-03-20 14:05	70.985	71.225	70.985	71.225	5
2025-03-20 14:10	71.215	71.630	71.175	71.480	5
2025-03-20 14:15	71.475	71.565	71.365	71.530	5
2025-03-20 14:20	71.515	71.515	71.345	71.375	5
2025-03-20 14:25	71.380	71.445	71.295	71.445	5
2025-03-20 14:30	71.450	71.540	71.380	71.525	5
2025-03-20 14:35	71.535	71.705	71.500	71.700	5
2025-03-20 14:40	71.705	71.815	71.665	71.765	5
2025-03-20 14:45	71.755	71.810	71.705	71.805	5
2025-03-20 14:50	71.795	71.795	71.685	71.695	5
2025-03-20 14:55	71.685	71.775	71.685	71.750	5
2025-03-20 15:00	71.755	71.885	71.710	71.885	5
2025-03-20 15:05	71.890	71.915	71.815	71.900	5
2025-03-20 15:10	71.895	71.975	71.743	71.915	5
2025-03-20 15:15	71.920	71.950	71.875	71.920	5
2025-03-20 15:20	71.925	72.025	71.915	72.015	5
2025-03-20 15:25	72.005	72.065	72.005	72.065	5
2025-03-20 15:30	72.060	72.065	71.975	72.035	5
2025-03-20 15:35	72.045	72.045	71.935	72.045	5
2025-03-20 15:40	72.055	72.095	72.045	72.055	5
2025-03-20 15:45	72.050	72.075	72.015	72.045	5
2025-03-20 15:50	72.040	72.040	71.925	71.985	5
2025-03-20 15:55	71.965	71.975	71.810	71.855	5
2025-03-20 16:00	71.860	71.925	71.810	71.905	5
2025-03-20 16:05	71.910	71.910	71.805	71.810	5
2025-03-20 16:10	71.815	71.835	71.765	71.805	5
2025-03-20 16:15	71.795	71.855	71.785	71.820	5
2025-03-20 16:20	71.825	71.855	71.785	71.835	5
2025-03-20 16:25	71.830	71.875	71.785	71.805	5
2025-03-20 16:30	71.795	71.825	71.765	71.795	5
2025-03-20 16:35	71.800	71.895	71.795	71.825	5
2025-03-20 16:40	71.820	71.865	71.815	71.855	5
2025-03-20 16:45	71.860	71.925	71.850	71.895	5
2025-03-20 16:50	71.885	71.965	71.880	71.955	5
2025-03-20 16:55	71.960	71.970	71.905	71.905	5
2025-03-20 17:00	71.900	71.965	71.885	71.965	5
2025-03-20 17:05	71.970	71.980	71.875	71.925	5
2025-03-20 17:10	71.915	71.970	71.915	71.955	5
2025-03-20 17:15	71.960	71.995	71.950	71.970	5
2025-03-20 17:20	71.965	71.990	71.945	71.950	5
2025-03-20 17:25	71.945	71.955	71.835	71.865	5
2025-03-20 17:30	71.875	71.895	71.845	71.875	5
2025-03-20 17:35	71.885	71.935	71.885	71.915	5
2025-03-20 17:40	71.905	71.930	71.865	71.885	5
2025-03-20 17:45	71.895	71.915	71.875	71.905	5
2025-03-20 17:50	71.910	71.985	71.875	71.940	5
2025-03-20 17:55	71.945	71.975	71.925	71.955	5
2025-03-20 18:00	71.950	71.955	71.895	71.915	5
2025-03-20 18:05	71.910	71.925	71.885	71.925	5
2025-03-20 18:10	71.930	72.005	71.925	71.995	5
2025-03-20 18:15	71.990	71.995	71.905	71.930	5
2025-03-20 18:20	71.925	71.940	71.895	71.940	5
2025-03-20 18:25	71.945	72.005	71.905	71.985	5
2025-03-20 18:30	71.980	71.990	71.910	71.975	5
2025-03-20 18:35	71.980	72.045	71.975	72.035	4
2025-03-20 18:40	72.025	72.025	71.995	72.005	5
2025-03-20 18:45	72.010	72.015	72.000	72.010	5
2025-03-20 18:50	72.005	72.055	72.005	72.045	5
2025-03-20 18:55	72.050	72.095	72.045	72.090	5
2025-03-20 19:00	72.095	72.125	72.090	72.115	5
2025-03-20 19:05	72.120	72.145	72.115	72.135	3
2025-03-20 19:10	72.130	72.130	72.100	72.120	5
2025-03-20 19:15	72.115	72.135	72.115	72.135	4
2025-03-20 19:20	72.125	72.135	72.115	72.125	5
2025-03-20 19:25	72.130	72.135	72.085	72.085	4
2025-03-20 19:30	72.090	72.115	72.085	72.115	5
2025-03-20 19:35	72.110	72.135	72.095	72.100	3
2025-03-20 19:40	72.095	72.120	72.095	72.115	5
2025-03-20 19:45	72.110	72.155	72.110	72.140	4
2025-03-20 19:50	72.135	72.175	72.120	72.150	5
2025-03-20 19:55	72.155	72.160	72.125	72.145	5
2025-03-20 20:00	72.155	72.190	72.155	72.180	5
2025-03-20 20:05	72.170	72.180	72.123	72.175	4
2025-03-20 20:10	72.180	72.180	72.155	72.155	4
2025-03-20 20:15	72.160	72.185	72.155	72.175	4
2025-03-20 20:20	72.133	72.190	72.133	72.185	2
2025-03-20 20:25	72.175	72.190	72.160	72.160	5
2025-03-20 20:30	72.155	72.195	72.155	72.195	4
2025-03-20 20:35	72.200	72.205	72.190	72.205	5
2025-03-20 20:40	72.210	72.245	72.210	72.235	4
2025-03-20 20:45	72.230	72.270	72.183	72.265	5
2025-03-20 20:50	72.270	72.275	72.255	72.265	5
2025-03-20 20:55	72.260	72.275	72.255	72.265	5
2025-03-21 00:00	72.332	72.402	72.322	72.352	5
2025-03-21 00:05	72.357	72.357	72.322	72.352	5
2025-03-21 00:10	72.342	72.352	72.297	72.347	5
2025-03-21 00:15	72.337	72.342	72.293	72.322	5
2025-03-21 00:20	72.332	72.362	72.332	72.352	4
2025-03-21 00:25	72.357	72.372	72.347	72.362	3
2025-03-21 00:30	72.372	72.442	72.372	72.422	4
2025-03-21 00:35	72.427	72.462	72.412	72.417	5
2025-03-21 00:40	72.422	72.437	72.417	72.422	4
2025-03-21 00:45	72.417	72.422	72.388	72.422	5
2025-03-21 00:50	72.412	72.422	72.392	72.397	5
2025-03-21 00:55	72.422	72.432	72.372	72.372	5
2025-03-21 01:00	72.362	72.445	72.305	72.310	5
2025-03-21 01:05	72.305	72.395	72.305	72.395	5
2025-03-21 01:10	72.390	72.475	72.390	72.450	5
2025-03-21 01:15	72.455	72.460	72.435	72.440	5
2025-03-21 01:20	72.445	72.445	72.400	72.405	5
2025-03-21 01:25	72.410	72.410	72.345	72.350	5
2025-03-21 01:30	72.355	72.375	72.345	72.345	5
2025-03-21 01:35	72.340	72.380	72.335	72.345	5
2025-03-21 01:40	72.340	72.350	72.335	72.345	5
2025-03-21 01:45	72.355	72.355	72.290	72.305	5
2025-03-21 01:50	72.310	72.335	72.295	72.300	5
2025-03-21 01:55	72.305	72.305	72.245	72.275	5
2025-03-21 02:00	72.270	72.285	72.165	72.195	5
2025-03-21 02:05	72.205	72.235	72.185	72.230	5
2025-03-21 02:10	72.225	72.230	72.205	72.205	5
2025-03-21 02:15	72.210	72.215	72.205	72.205	4
2025-03-21 02:20	72.195	72.195	72.170	72.190	4
2025-03-21 02:25	72.195	72.200	72.185	72.195	4
2025-03-21 02:30	72.190	72.220	72.185	72.200	5
2025-03-21 02:35	72.205	72.215	72.165	72.175	5
2025-03-21 02:40	72.190	72.260	72.175	72.255	5
2025-03-21 02:45	72.265	72.285	72.240	72.240	5
2025-03-21 02:50	72.235	72.255	72.225	72.225	5
2025-03-21 02:55	72.230	72.240	72.220	72.225	4
2025-03-21 03:00	72.235	72.245	72.215	72.215	4
2025-03-21 03:05	72.220	72.245	72.215	72.220	5
2025-03-21 03:10	72.215	72.225	72.205	72.205	5
2025-03-21 03:15	72.210	72.245	72.205	72.225	4
2025-03-21 03:20	72.215	72.255	72.205	72.255	5
2025-03-21 03:25	72.260	72.295	72.255	72.275	5
2025-03-21 03:30	72.280	72.280	72.265	72.280	4
2025-03-21 03:35	72.275	72.310	72.270	72.295	5
2025-03-21 03:40	72.300	72.305	72.285	72.295	3
2025-03-21 03:45	72.285	72.320	72.285	72.315	5
2025-03-21 03:50	72.310	72.325	72.278	72.325	5
2025-03-21 03:55	72.315	72.325	72.300	72.305	5
2025-03-21 04:00	72.310	72.315	72.295	72.300	3
2025-03-21 04:05	72.305	72.305	72.275	72.275	3
2025-03-21 04:10	72.270	72.275	72.255	72.275	4
2025-03-21 04:15	72.255	72.255	72.215	72.235	5
2025-03-21 04:20	72.230	72.235	72.220	72.220	4
2025-03-21 04:25	72.225	72.225	72.205	72.210	4
2025-03-21 04:30	72.205	72.210	72.180	72.190	4
2025-03-21 04:35	72.143	72.180	72.133	72.180	4
2025-03-21 04:40	72.175	72.175	72.165	72.165	2
2025-03-21 04:45	72.118	72.180	72.118	72.118	4
2025-03-21 04:50	72.165	72.170	72.140	72.160	5
2025-03-21 04:55	72.113	72.165	72.113	72.155	5
2025-03-21 05:00	72.165	72.165	72.135	72.145	5
2025-03-21 05:05	72.140	72.140	72.068	72.105	5
2025-03-21 05:10	72.110	72.135	72.105	72.130	5
2025-03-21 05:15	72.135	72.160	72.135	72.145	5
2025-03-21 05:20	72.140	72.160	72.093	72.155	4
2025-03-21 05:25	72.145	72.175	72.145	72.145	5
2025-03-21 05:30	72.150	72.215	72.125	72.215	5
2025-03-21 05:35	72.220	72.235	72.190	72.190	5
2025-03-21 05:40	72.195	72.200	72.175	72.185	5
2025-03-21 05:45	72.175	72.215	72.175	72.195	5
2025-03-21 05:50	72.205	72.235	72.190	72.230	5
2025-03-21 05:55	72.235	72.255	72.225	72.235	5
2025-03-21 06:00	72.245	72.255	72.225	72.245	5
2025-03-21 06:05	72.240	72.285	72.235	72.285	5
2025-03-21 06:10	72.290	72.325	72.285	72.295	5
2025-03-21 06:15	72.305	72.305	72.280	72.290	5
2025-03-21 06:20	72.285	72.285	72.235	72.245	5
2025-03-21 06:25	72.235	72.235	72.165	72.165	4
2025-03-21 06:30	72.175	72.175	72.130	72.135	5
2025-03-21 06:35	72.130	72.135	72.095	72.125	5
2025-03-21 06:40	72.135	72.135	72.105	72.115	5
2025-03-21 06:45	72.125	72.125	72.045	72.045	5
2025-03-21 06:50	72.040	72.065	72.040	72.045	5
2025-03-21 06:55	72.035	72.130	72.025	72.100	5
2025-03-21 07:00	72.105	72.155	72.065	72.115	5
2025-03-21 07:05	72.110	72.175	72.105	72.175	5
2025-03-21 07:10	72.170	72.185	72.115	72.150	5
2025-03-21 07:15	72.145	72.165	72.125	72.160	5
2025-03-21 07:20	72.155	72.160	72.115	72.115	5
2025-03-21 07:25	72.105	72.125	72.090	72.115	5
2025-03-21 07:30	72.110	72.150	72.085	72.115	5
2025-03-21 07:35	72.110	72.125	72.035	72.045	5
2025-03-21 07:40	72.040	72.065	72.025	72.035	5
2025-03-21 07:45	72.025	72.065	72.025	72.045	5
2025-03-21 07:50	72.040	72.115	72.035	72.055	5
2025-03-21 07:55	72.045	72.105	72.025	72.095	5
2025-03-21 08:00	72.105	72.155	72.070	72.150	5
2025-03-21 08:05	72.145	72.220	72.145	72.215	5
2025-03-21 08:10	72.210	72.275	72.195	72.265	5
2025-03-21 08:15	72.270	72.275	72.205	72.210	5
2025-03-21 08:20	72.205	72.235	72.185	72.220	5
2025-03-21 08:25	72.225	72.235	72.115	72.115	5
2025-03-21 08:30	72.110	72.125	71.975	72.125	5
2025-03-21 08:35	72.120	72.145	72.015	72.035	5
2025-03-21 08:40	72.045	72.155	72.040	72.075	5
2025-03-21 08:45	72.070	72.155	72.035	72.100	5
2025-03-21 08:50	72.095	72.105	71.975	71.995	5
2025-03-21 08:55	71.990	72.035	71.975	71.985	5
2025-03-21 09:00	71.995	72.085	71.990	72.035	5
2025-03-21 09:05	72.030	72.070	72.010	72.010	5
2025-03-21 09:10	72.015	72.055	72.005	72.045	5
2025-03-21 09:15	72.050	72.070	72.015	72.045	5
2025-03-21 09:20	72.055	72.085	72.035	72.075	5
2025-03-21 09:25	72.065	72.065	71.895	71.905	5
2025-03-21 09:30	71.895	71.900	71.805	71.840	5
2025-03-21 09:35	71.835	71.845	71.805	71.830	5
2025-03-21 09:40	71.825	71.830	71.745	71.775	5
2025-03-21 09:45	71.780	71.835	71.770	71.805	5
2025-03-21 09:50	71.800	71.855	71.795	71.850	5
2025-03-21 09:55	71.845	71.845	71.775	71.825	5
2025-03-21 10:00	71.835	71.835	71.670	71.765	5
2025-03-21 10:05	71.760	71.820	71.725	71.730	5
2025-03-21 10:10	71.725	71.765	71.710	71.715	5
2025-03-21 10:15	71.720	71.785	71.685	71.735	5
2025-03-21 10:20	71.740	71.755	71.705	71.730	5
2025-03-21 10:25	71.735	71.765	71.715	71.755	5
2025-03-21 10:30	71.750	71.755	71.700	71.715	5
2025-03-21 10:35	71.710	71.715	71.655	71.665	4
2025-03-21 10:40	71.655	71.675	71.635	71.645	5
2025-03-21 10:45	71.650	71.675	71.625	71.670	5
2025-03-21 10:50	71.665	71.795	71.665	71.695	5
2025-03-21 10:55	71.685	71.705	71.655	71.675	5
2025-03-21 11:00	71.670	71.720	71.635	71.635	5
2025-03-21 11:05	71.625	71.635	71.575	71.590	5
2025-03-21 11:10	71.585	71.675	71.565	71.665	5
2025-03-21 11:15	71.655	71.665	71.635	71.635	5
2025-03-21 11:20	71.630	71.700	71.605	71.625	5
2025-03-21 11:25	71.635	71.670	71.605	71.660	5
2025-03-21 11:30	71.655	71.655	71.600	71.615	5
2025-03-21 11:35	71.610	71.610	71.565	71.585	5
2025-03-21 11:40	71.580	71.595	71.540	71.575	5
2025-03-21 11:45	71.585	71.625	71.575	71.610	5
2025-03-21 11:50	71.615	71.650	71.575	71.575	5
2025-03-21 11:55	71.570	71.585	71.540	71.545	5
2025-03-21 12:00	71.555	71.660	71.505	71.660	5
2025-03-21 12:05	71.655	71.660	71.615	71.635	5
2025-03-21 12:10	71.640	71.735	71.640	71.730	5
2025-03-21 12:15	71.725	71.775	71.710	71.745	5
2025-03-21 12:20	71.740	71.775	71.695	71.775	5
2025-03-21 12:25	71.785	71.860	71.770	71.845	5
2025-03-21 12:30	71.840	71.845	71.775	71.835	5
2025-03-21 12:35	71.825	71.835	71.780	71.805	5
2025-03-21 12:40	71.800	71.810	71.755	71.790	5
2025-03-21 12:45	71.795	71.865	71.780	71.840	5
2025-03-21 12:50	71.835	71.845	71.785	71.795	5
2025-03-21 12:55	71.790	71.795	71.715	71.725	5
2025-03-21 13:00	71.720	71.745	71.565	71.700	5
2025-03-21 13:05	71.695	71.725	71.600	71.645	5
2025-03-21 13:10	71.655	71.690	71.630	71.670	5
2025-03-21 13:15	71.675	71.760	71.655	71.740	5
2025-03-21 13:20	71.745	71.785	71.735	71.755	5
2025-03-21 13:25	71.750	71.755	71.650	71.695	5
2025-03-21 13:30	71.690	71.750	71.495	71.575	5
2025-03-21 13:35	71.580	71.585	71.495	71.505	5
2025-03-21 13:40	71.510	71.585	71.495	71.555	5
2025-03-21 13:45	71.560	71.675	71.540	71.645	5
2025-03-21 13:50	71.640	71.675	71.605	71.635	5
2025-03-21 13:55	71.625	71.715	71.625	71.665	5
2025-03-21 14:00	71.660	71.765	71.655	71.760	5
2025-03-21 14:05	71.765	71.775	71.705	71.735	5
2025-03-21 14:10	71.725	71.725	71.655	71.715	5
2025-03-21 14:15	71.710	71.790	71.695	71.745	5
2025-03-21 14:20	71.740	71.875	71.730	71.840	5
2025-03-21 14:25	71.845	71.875	71.815	71.840	5
2025-03-21 14:30	71.850	71.955	71.795	71.925	5
2025-03-21 14:35	71.930	71.985	71.895	71.900	5
2025-03-21 14:40	71.905	71.965	71.885	71.965	5
2025-03-21 14:45	71.970	72.005	71.955	71.965	5
2025-03-21 14:50	71.970	72.015	71.960	72.010	5
2025-03-21 14:55	72.015	72.095	72.015	72.085	5
2025-03-21 15:00	72.095	72.100	72.005	72.045	5
2025-03-21 15:05	72.050	72.050	71.935	71.970	5
2025-03-21 15:10	71.965	71.975	71.870	71.875	5
2025-03-21 15:15	71.880	72.015	71.855	72.005	5
2025-03-21 15:20	72.010	72.010	71.945	71.990	5
2025-03-21 15:25	71.980	71.990	71.845	71.865	5
2025-03-21 15:30	71.870	71.905	71.860	71.875	5
2025-03-21 15:35	71.870	71.885	71.815	71.855	5
2025-03-21 15:40	71.860	71.865	71.695	71.720	5
2025-03-21 15:45	71.710	71.755	71.685	71.755	5
2025-03-21 15:50	71.745	71.765	71.668	71.760	5
2025-03-21 15:55	71.765	71.770	71.720	71.740	5
2025-03-21 16:00	71.735	71.870	71.673	71.860	5
2025-03-21 16:05	71.855	72.035	71.845	71.990	5
2025-03-21 16:10	71.995	72.015	71.950	71.995	5
2025-03-21 16:15	72.000	72.060	71.960	72.035	5
2025-03-21 16:20	72.040	72.055	72.015	72.040	5
2025-03-21 16:25	72.045	72.075	71.990	72.015	5
2025-03-21 16:30	72.010	72.075	71.940	72.065	5
2025-03-21 16:35	72.075	72.075	72.005	72.005	5
2025-03-21 16:40	72.025	72.045	71.960	71.985	5
2025-03-21 16:45	71.990	72.075	71.985	72.060	5
2025-03-21 16:50	72.055	72.105	72.050	72.095	5
2025-03-21 16:55	72.105	72.220	72.095	72.185	5
2025-03-21 17:00	72.175	72.215	72.145	72.155	5
2025-03-21 17:05	72.150	72.180	72.115	72.150	5
2025-03-21 17:10	72.145	72.155	72.085	72.105	5
2025-03-21 17:15	72.100	72.155	72.085	72.155	5
2025-03-21 17:20	72.160	72.180	72.130	72.135	5
2025-03-21 17:25	72.130	72.155	72.095	72.150	5
2025-03-21 17:30	72.145	72.155	72.105	72.145	5
2025-03-21 17:35	72.150	72.200	72.150	72.195	5
2025-03-21 17:40	72.200	72.225	72.195	72.205	5
2025-03-21 17:45	72.200	72.225	72.190	72.195	5
2025-03-21 17:50	72.200	72.205	72.115	72.145	5
2025-03-21 17:55	72.140	72.145	72.095	72.095	5
2025-03-21 18:00	72.090	72.165	72.085	72.160	5
2025-03-21 18:05	72.155	72.165	72.115	72.165	5
2025-03-21 18:10	72.155	72.175	72.135	72.165	5
2025-03-21 18:15	72.160	72.165	72.070	72.070	5
2025-03-21 18:20	72.075	72.085	72.025	72.065	5
2025-03-21 18:25	72.060	72.175	72.015	72.140	5
2025-03-21 18:30	72.135	72.145	72.115	72.130	5
2025-03-21 18:35	72.135	72.145	72.120	72.130	5
2025-03-21 18:40	72.125	72.155	72.110	72.145	5
2025-03-21 18:45	72.135	72.155	72.115	72.155	5
2025-03-21 18:50	72.150	72.185	72.145	72.185	4
2025-03-21 18:55	72.180	72.205	72.170	72.205	5
2025-03-21 19:00	72.200	72.215	72.195	72.205	5
2025-03-21 19:05	72.200	72.205	72.195	72.195	3
2025-03-21 19:10	72.185	72.195	72.175	72.195	4
2025-03-21 19:15	72.190	72.190	72.175	72.175	5
2025-03-21 19:20	72.170	72.170	72.125	72.130	4
2025-03-21 19:25	72.135	72.135	72.095	72.105	5
2025-03-21 19:30	72.110	72.110	72.045	72.045	5
2025-03-21 19:35	72.040	72.055	72.030	72.035	5
2025-03-21 19:40	72.040	72.075	72.040	72.065	5
2025-03-21 19:45	72.060	72.065	72.040	72.040	4
2025-03-21 19:50	72.050	72.055	72.025	72.045	4
2025-03-21 19:55	72.040	72.095	72.040	72.070	5
2025-03-21 20:00	72.075	72.095	72.075	72.095	4
2025-03-21 20:05	72.105	72.115	72.095	72.100	5
2025-03-21 20:10	72.095	72.115	72.095	72.110	4
2025-03-21 20:15	72.115	72.145	72.105	72.125	5
2025-03-21 20:20	72.120	72.140	72.120	72.135	4
2025-03-21 20:25	72.130	72.135	72.125	72.130	3
2025-03-21 20:30	72.120	72.125	72.105	72.110	5
2025-03-21 20:35	72.115	72.145	72.110	72.140	5
2025-03-21 20:40	72.135	72.165	72.135	72.160	5
2025-03-21 20:45	72.155	72.180	72.155	72.165	5
2025-03-21 20:50	72.170	72.170	72.160	72.170	4
2025-03-21 20:55	72.165	72.165	72.135	72.140	5
2025-03-24 00:00	72.232	72.262	72.212	72.252	5
2025-03-24 00:05	72.257	72.267	72.237	72.247	5
2025-03-24 00:10	72.237	72.237	72.192	72.197	5
2025-03-24 00:15	72.202	72.207	72.112	72.127	5
2025-03-24 00:20	72.132	72.137	72.112	72.127	5
2025-03-24 00:25	72.132	72.142	72.103	72.132	5
2025-03-24 00:30	72.137	72.137	72.102	72.107	4
2025-03-24 00:35	72.102	72.102	72.067	72.067	5
2025-03-24 00:40	72.072	72.072	72.027	72.027	3
2025-03-24 00:45	72.003	72.032	72.003	72.032	4
2025-03-24 00:50	72.027	72.062	72.022	72.027	5
2025-03-24 00:55	72.022	72.032	71.982	71.992	5
2025-03-24 01:00	72.015	72.160	72.015	72.140	5
2025-03-24 01:05	72.145	72.230	72.125	72.145	5
2025-03-24 01:10	72.150	72.155	72.055	72.075	5
2025-03-24 01:15	72.070	72.080	71.995	72.035	5
2025-03-24 01:20	72.030	72.030	71.975	72.000	5
2025-03-24 01:25	71.995	71.995	71.925	71.945	5
2025-03-24 01:30	71.950	71.970	71.905	71.915	5
2025-03-24 01:35	71.920	71.945	71.915	71.915	5
2025-03-24 01:40	71.910	71.915	71.840	71.870	5
2025-03-24 01:45	71.875	71.895	71.835	71.855	5
2025-03-24 01:50	71.860	71.865	71.795	71.825	5
2025-03-24 01:55	71.820	71.835	71.810	71.815	5
2025-03-24 02:00	71.810	71.850	71.795	71.850	5
2025-03-24 02:05	71.855	71.905	71.855	71.895	5
2025-03-24 02:10	71.900	71.905	71.865	71.885	5
2025-03-24 02:15	71.880	71.895	71.865	71.875	5
2025-03-24 02:20	71.880	71.925	71.880	71.925	5
2025-03-24 02:25	71.930	71.945	71.898	71.898	5
2025-03-24 02:30	71.950	71.985	71.905	71.905	5
2025-03-24 02:35	71.910	71.925	71.905	71.915	5
2025-03-24 02:40	71.910	71.960	71.905	71.945	5
2025-03-24 02:45	71.950	71.965	71.935	71.950	5
2025-03-24 02:50	71.945	71.945	71.895	71.895	4
2025-03-24 02:55	71.890	71.905	71.885	71.885	5
2025-03-24 03:00	71.895	71.905	71.830	71.860	5
2025-03-24 03:05	71.855	71.880	71.840	71.875	5
2025-03-24 03:10	71.870	71.885	71.865	71.870	5
2025-03-24 03:15	71.875	71.905	71.855	71.870	5
2025-03-24 03:20	71.865	71.875	71.850	71.870	4
2025-03-24 03:25	71.865	71.870	71.785	71.820	5
2025-03-24 03:30	71.815	71.825	71.805	71.810	5
2025-03-24 03:35	71.815	71.850	71.815	71.845	5
2025-03-24 03:40	71.850	71.850	71.798	71.850	5
2025-03-24 03:45	71.845	71.855	71.835	71.835	5
2025-03-24 03:50	71.788	71.860	71.788	71.835	5
2025-03-24 03:55	71.840	71.875	71.835	71.875	5
2025-03-24 04:00	71.880	71.880	71.855	71.865	5
2025-03-24 04:05	71.870	71.885	71.828	71.880	5
2025-03-24 04:10	71.875	71.885	71.828	71.870	5
2025-03-24 04:15	71.860	71.865	71.798	71.798	5
2025-03-24 04:20	71.850	71.855	71.845	71.845	2
2025-03-24 04:25	71.850	71.855	71.845	71.855	4
2025-03-24 04:30	71.808	71.865	71.808	71.865	4
2025-03-24 04:35	71.818	71.865	71.808	71.855	4
2025-03-24 04:40	71.860	71.895	71.860	71.885	4
2025-03-24 04:45	71.875	71.875	71.865	71.865	4
2025-03-24 04:50	71.870	71.880	71.850	71.860	5
2025-03-24 04:55	71.855	71.855	71.835	71.835	4
2025-03-24 05:00	71.840	71.855	71.835	71.835	5
2025-03-24 05:05	71.840	71.860	71.840	71.855	5
2025-03-24 05:10	71.808	71.895	71.808	71.895	5
2025-03-24 05:15	71.900	71.915	71.885	71.905	5
2025-03-24 05:20	71.915	71.925	71.838	71.920	5
2025-03-24 05:25	71.915	71.920	71.868	71.920	5
2025-03-24 05:30	71.925	71.965	71.915	71.960	5
2025-03-24 05:35	71.955	71.975	71.930	71.965	5
2025-03-24 05:40	71.960	71.985	71.955	71.980	5
2025-03-24 05:45	71.985	71.985	71.935	71.955	5
2025-03-24 05:50	71.965	71.995	71.960	71.985	5
2025-03-24 05:55	71.980	72.015	71.975	71.980	5
2025-03-24 06:00	71.975	72.065	71.975	72.035	5
2025-03-24 06:05	72.040	72.045	72.025	72.035	5
2025-03-24 06:10	72.030	72.045	71.983	72.025	5
2025-03-24 06:15	72.035	72.040	72.005	72.025	5
2025-03-24 06:20	72.020	72.050	72.020	72.040	5
2025-03-24 06:25	72.045	72.070	72.035	72.070	5
2025-03-24 06:30	72.075	72.080	72.035	72.040	5
2025-03-24 06:35	72.035	72.045	72.015	72.035	5
2025-03-24 06:40	72.040	72.090	72.040	72.085	5
2025-03-24 06:45	72.080	72.110	72.070	72.105	5
2025-03-24 06:50	72.110	72.140	72.110	72.135	5
2025-03-24 06:55	72.130	72.135	72.043	72.105	5
2025-03-24 07:00	72.110	72.195	72.110	72.130	5
2025-03-24 07:05	72.135	72.155	72.085	72.140	5
2025-03-24 07:10	72.145	72.175	72.140	72.165	5
2025-03-24 07:15	72.170	72.170	72.155	72.165	4
2025-03-24 07:20	72.175	72.175	72.115	72.135	5
2025-03-24 07:25	72.130	72.165	72.130	72.165	5
2025-03-24 07:30	72.160	72.225	72.135	72.185	5
2025-03-24 07:35	72.190	72.195	72.180	72.195	5
2025-03-24 07:40	72.200	72.255	72.195	72.245	4
2025-03-24 07:45	72.255	72.335	72.250	72.325	5
2025-03-24 07:50	72.315	72.335	72.295	72.330	5
2025-03-24 07:55	72.325	72.365	72.305	72.315	5
2025-03-24 08:00	72.310	72.315	72.175	72.195	5
2025-03-24 08:05	72.205	72.275	72.195	72.225	5
2025-03-24 08:10	72.235	72.285	72.235	72.265	5
2025-03-24 08:15	72.275	72.275	72.215	72.215	5
2025-03-24 08:20	72.210	72.225	72.185	72.195	5
2025-03-24 08:25	72.205	72.255	72.165	72.255	5
2025-03-24 08:30	72.265	72.265	72.115	72.125	5
2025-03-24 08:35	72.120	72.120	71.925	71.935	5
2025-03-24 08:40	71.925	72.005	71.925	71.970	5
2025-03-24 08:45	71.965	71.990	71.935	71.960	5
2025-03-24 08:50	71.955	71.990	71.940	71.985	5
2025-03-24 08:55	72.000	72.075	71.985	72.065	5
2025-03-24 09:00	72.075	72.085	71.965	72.045	5
2025-03-24 09:05	72.055	72.075	71.985	71.995	5
2025-03-24 09:10	71.990	72.030	71.965	72.005	5
2025-03-24 09:15	71.995	72.035	71.960	72.025	5
2025-03-24 09:20	72.015	72.065	72.015	72.055	5
2025-03-24 09:25	72.050	72.120	72.035	72.115	5
2025-03-24 09:30	72.120	72.275	72.105	72.155	5
2025-03-24 09:35	72.160	72.205	72.155	72.155	5
2025-03-24 09:40	72.165	72.285	72.155	72.285	5
2025-03-24 09:45	72.280	72.430	72.275	72.365	5
2025-03-24 09:50	72.355	72.375	72.345	72.375	5
2025-03-24 09:55	72.370	72.415	72.345	72.405	5
2025-03-24 10:00	72.410	72.535	72.395	72.505	5
2025-03-24 10:05	72.515	72.535	72.475	72.525	5
2025-03-24 10:10	72.515	72.605	72.500	72.595	5
2025-03-24 10:15	72.585	72.625	72.520	72.525	5
2025-03-24 10:20	72.530	72.555	72.505	72.515	5
2025-03-24 10:25	72.520	72.545	72.505	72.515	5
2025-03-24 10:30	72.520	72.535	72.455	72.475	5
2025-03-24 10:35	72.485	72.585	72.455	72.575	5
2025-03-24 10:40	72.565	72.615	72.555	72.615	5
2025-03-24 10:45	72.610	72.625	72.595	72.615	4
2025-03-24 10:50	72.620	72.690	72.605	72.685	5
2025-03-24 10:55	72.675	72.725	72.675	72.715	5
2025-03-24 11:00	72.725	72.745	72.685	72.705	5
2025-03-24 11:05	72.700	72.700	72.580	72.605	5
2025-03-24 11:10	72.595	72.595	72.525	72.565	5
2025-03-24 11:15	72.570	72.585	72.535	72.570	5
2025-03-24 11:20	72.575	72.585	72.535	72.575	5
2025-03-24 11:25	72.565	72.645	72.555	72.645	5
2025-03-24 11:30	72.655	72.655	72.595	72.595	5
2025-03-24 11:35	72.600	72.625	72.565	72.620	5
2025-03-24 11:40	72.615	72.675	72.615	72.645	5
2025-03-24 11:45	72.650	72.660	72.615	72.645	5
2025-03-24 11:50	72.635	72.645	72.610	72.615	5
2025-03-24 11:55	72.620	72.640	72.575	72.580	5
2025-03-24 12:00	72.565	72.605	72.515	72.515	5
2025-03-24 12:05	72.510	72.535	72.445	72.455	5
2025-03-24 12:10	72.450	72.545	72.445	72.535	5
2025-03-24 12:15	72.525	72.545	72.505	72.505	5
2025-03-24 12:20	72.515	72.545	72.495	72.515	5
2025-03-24 12:25	72.525	72.535	72.495	72.535	5
2025-03-24 12:30	72.545	72.585	72.475	72.475	5
2025-03-24 12:35	72.470	72.510	72.445	72.445	5
2025-03-24 12:40	72.455	72.565	72.435	72.550	5
2025-03-24 12:45	72.555	72.555	72.485	72.485	5
2025-03-24 12:50	72.490	72.495	72.370	72.370	5
2025-03-24 12:55	72.375	72.405	72.250	72.265	5
2025-03-24 13:00	72.275	72.300	72.120	72.150	5
2025-03-24 13:05	72.145	72.270	72.125	72.235	5
2025-03-24 13:10	72.225	72.225	72.130	72.155	5
2025-03-24 13:15	72.165	72.215	72.125	72.205	5
2025-03-24 13:20	72.210	72.365	72.210	72.365	5
2025-03-24 13:25	72.360	72.405	72.315	72.385	5
2025-03-24 13:30	72.375	72.395	72.230	72.385	5
2025-03-24 13:35	72.390	72.390	72.310	72.355	5
2025-03-24 13:40	72.360	72.495	72.350	72.450	5
2025-03-24 13:45	72.445	72.555	72.430	72.525	5
2025-03-24 13:50	72.520	72.525	72.410	72.470	5
2025-03-24 13:55	72.475	72.545	72.455	72.495	5
2025-03-24 14:00	72.500	72.705	72.485	72.690	5
2025-03-24 14:05	72.695	72.785	72.690	72.745	5
2025-03-24 14:10	72.740	72.815	72.715	72.725	5
2025-03-24 14:15	72.730	72.730	72.620	72.690	5
2025-03-24 14:20	72.695	72.725	72.615	72.625	5
2025-03-24 14:25	72.620	72.675	72.340	72.635	5
2025-03-24 14:30	72.640	72.750	72.615	72.695	5
2025-03-24 14:35	72.700	72.885	72.675	72.770	5
2025-03-24 14:40	72.775	72.785	72.705	72.730	5
2025-03-24 14:45	72.735	72.895	72.725	72.865	5
2025-03-24 14:50	72.875	72.920	72.845	72.900	5
2025-03-24 14:55	72.890	72.905	72.790	72.820	5
2025-03-24 15:00	72.815	72.845	72.745	72.845	5
2025-03-24 15:05	72.855	72.865	72.805	72.835	5
2025-03-24 15:10	72.830	72.855	72.795	72.800	5
2025-03-24 15:15	72.805	72.845	72.785	72.815	5
2025-03-24 15:20	72.805	72.835	72.755	72.815	5
2025-03-24 15:25	72.800	72.825	72.765	72.795	5
2025-03-24 15:30	72.800	72.975	72.800	72.955	5
2025-03-24 15:35	72.965	73.015	72.935	73.005	5
2025-03-24 15:40	72.995	73.000	72.965	72.975	5
2025-03-24 15:45	72.970	73.005	72.965	72.995	5
2025-03-24 15:50	72.985	73.045	72.965	73.030	5
2025-03-24 15:55	73.035	73.045	72.970	73.005	5
2025-03-24 16:00	73.010	73.125	72.975	73.115	5
2025-03-24 16:05	73.110	73.135	73.065	73.115	5
2025-03-24 16:10	73.120	73.135	73.065	73.075	5
2025-03-24 16:15	73.080	73.110	73.065	73.085	5
2025-03-24 16:20	73.095	73.135	73.055	73.075	5
2025-03-24 16:25	73.080	73.105	72.985	73.005	5
2025-03-24 16:30	73.015	73.050	72.915	72.985	5
2025-03-24 16:35	72.980	73.055	72.980	73.025	5
2025-03-24 16:40	73.020	73.035	72.795	72.855	5
2025-03-24 16:45	72.850	72.885	72.795	72.880	5
2025-03-24 16:50	72.875	72.975	72.875	72.945	5
2025-03-24 16:55	72.940	72.975	72.925	72.965	5
2025-03-24 17:00	72.960	72.965	72.855	72.905	5
2025-03-24 17:05	72.900	72.925	72.740	72.795	5
2025-03-24 17:10	72.785	72.785	72.735	72.745	5
2025-03-24 17:15	72.735	72.765	72.675	72.685	5
2025-03-24 17:20	72.675	72.735	72.675	72.705	5
2025-03-24 17:25	72.715	72.785	72.695	72.755	5
2025-03-24 17:30	72.745	72.790	72.725	72.775	5
2025-03-24 17:35	72.770	72.875	72.765	72.860	5
2025-03-24 17:40	72.855	72.880	72.800	72.845	5
2025-03-24 17:45	72.835	72.835	72.795	72.815	5
2025-03-24 17:50	72.820	72.855	72.795	72.815	5
2025-03-24 17:55	72.810	72.855	72.810	72.835	5
2025-03-24 18:00	72.845	72.855	72.795	72.805	5
2025-03-24 18:05	72.800	72.885	72.795	72.865	5
2025-03-24 18:10	72.870	72.915	72.850	72.875	5
2025-03-24 18:15	72.855	72.865	72.770	72.795	5
2025-03-24 18:20	72.800	72.870	72.790	72.840	5
2025-03-24 18:25	72.835	73.045	72.825	73.010	5
2025-03-24 18:30	73.015	73.035	72.900	72.905	5
2025-03-24 18:35	72.900	72.910	72.875	72.885	5
2025-03-24 18:40	72.880	72.965	72.865	72.950	5
2025-03-24 18:45	72.955	72.990	72.925	72.975	5
2025-03-24 18:50	72.970	73.015	72.970	73.015	3
2025-03-24 18:55	73.005	73.045	73.005	73.035	5
2025-03-24 19:00	73.045	73.060	73.025	73.060	5
2025-03-24 19:05	73.065	73.095	73.055	73.085	5
2025-03-24 19:10	73.075	73.085	73.065	73.075	5
2025-03-24 19:15	73.070	73.105	73.060	73.065	5
2025-03-24 19:20	73.070	73.085	73.065	73.075	5
2025-03-24 19:25	73.080	73.085	73.065	73.065	5
2025-03-24 19:30	73.075	73.095	73.075	73.085	5
2025-03-24 19:35	73.080	73.095	73.075	73.095	2
2025-03-24 19:40	73.100	73.115	73.095	73.110	4
2025-03-24 19:45	73.115	73.145	73.110	73.145	5
2025-03-24 19:50	73.135	73.135	73.080	73.125	5
2025-03-24 19:55	73.120	73.125	73.095	73.100	5
2025-03-24 20:00	73.095	73.115	73.085	73.095	4
2025-03-24 20:05	73.090	73.105	73.080	73.085	5
2025-03-24 20:10	73.080	73.095	73.075	73.085	4
2025-03-24 20:15	73.080	73.085	73.075	73.080	5
2025-03-24 20:20	73.075	73.085	73.075	73.080	5
2025-03-24 20:25	73.085	73.085	73.065	73.070	4
2025-03-24 20:30	73.065	73.065	73.025	73.030	5
2025-03-24 20:35	73.035	73.045	73.025	73.035	5
2025-03-24 20:40	73.030	73.030	73.015	73.025	5
2025-03-24 20:45	73.020	73.055	73.020	73.045	5
2025-03-24 20:50	73.040	73.045	73.015	73.025	5
2025-03-24 20:55	73.020	73.050	73.020	73.035	5
2025-03-25 00:00	73.047	73.047	73.002	73.007	5
2025-03-25 00:05	73.002	73.007	72.952	72.977	5
2025-03-25 00:10	72.972	72.982	72.952	72.977	5
2025-03-25 00:15	72.972	72.972	72.932	72.957	5
2025-03-25 00:20	72.962	72.992	72.962	72.977	5
2025-03-25 00:25	72.972	72.982	72.962	72.982	4
2025-03-25 00:30	72.982	73.002	72.982	73.002	4
2025-03-25 00:35	72.997	73.002	72.972	72.972	4
2025-03-25 00:40	72.977	72.992	72.977	72.987	5
2025-03-25 00:45	72.992	73.012	72.977	72.982	5
2025-03-25 00:50	72.987	72.997	72.982	72.987	4
2025-03-25 00:55	72.982	73.012	72.977	73.012	5
2025-03-25 01:00	73.007	73.070	72.950	73.015	5
2025-03-25 01:05	73.010	73.080	73.005	73.030	5
2025-03-25 01:10	73.035	73.050	73.000	73.015	5
2025-03-25 01:15	73.010	73.025	72.990	72.995	5
2025-03-25 01:20	73.000	73.015	72.985	72.995	5
2025-03-25 01:25	73.000	73.005	72.955	72.965	5
2025-03-25 01:30	72.970	73.015	72.960	72.995	5
2025-03-25 01:35	72.990	72.995	72.970	72.995	5
2025-03-25 01:40	72.990	72.995	72.960	72.960	5
2025-03-25 01:45	72.955	72.965	72.920	72.945	5
2025-03-25 01:50	72.955	72.955	72.910	72.935	5
2025-03-25 01:55	72.915	72.920	72.895	72.915	3
2025-03-25 02:00	72.920	72.930	72.905	72.910	5
2025-03-25 02:05	72.915	72.935	72.910	72.935	5
2025-03-25 02:10	72.940	73.005	72.935	72.965	5
2025-03-25 02:15	72.960	72.985	72.950	72.980	5
2025-03-25 02:20	72.975	72.975	72.945	72.950	5
2025-03-25 02:25	72.945	72.960	72.935	72.940	5
2025-03-25 02:30	72.945	72.975	72.945	72.955	5
2025-03-25 02:35	72.950	73.035	72.945	73.025	5
2025-03-25 02:40	73.020	73.085	73.015	73.015	5
2025-03-25 02:45	73.020	73.025	72.955	72.975	5
2025-03-25 02:50	72.965	72.965	72.935	72.950	5
2025-03-25 02:55	72.955	72.965	72.925	72.950	5
2025-03-25 03:00	72.945	72.965	72.935	72.955	5
2025-03-25 03:05	72.950	72.990	72.945	72.980	5
2025-03-25 03:10	72.985	73.020	72.985	73.020	5
2025-03-25 03:15	73.025	73.030	72.985	73.000	5
2025-03-25 03:20	72.995	73.010	72.980	72.985	5
2025-03-25 03:25	72.980	72.995	72.955	72.990	5
2025-03-25 03:30	72.985	72.995	72.975	72.995	4
2025-03-25 03:35	72.985	73.015	72.985	73.015	4
2025-03-25 03:40	73.010	73.020	73.005	73.005	3
2025-03-25 03:45	73.010	73.010	72.985	72.990	5
2025-03-25 03:50	72.995	73.000	72.985	72.990	5
2025-03-25 03:55	72.995	73.005	72.995	72.995	4
2025-03-25 04:00	72.990	73.000	72.985	72.985	5
2025-03-25 04:05	72.995	72.995	72.985	72.995	4
2025-03-25 04:10	72.990	72.995	72.985	72.995	3
2025-03-25 04:15	72.985	73.005	72.985	72.995	5
2025-03-25 04:20	72.990	72.990	72.985	72.985	1
2025-03-25 04:25	72.990	72.995	72.985	72.985	2
2025-03-25 04:30	72.980	72.985	72.960	72.970	3
2025-03-25 04:35	72.975	72.980	72.960	72.965	4
2025-03-25 04:40	72.955	72.955	72.945	72.950	4
2025-03-25 04:45	72.955	72.970	72.945	72.960	5
2025-03-25 04:50	72.965	72.975	72.955	72.970	5
2025-03-25 04:55	72.975	72.975	72.955	72.965	5
2025-03-25 05:00	72.970	72.975	72.955	72.955	4
2025-03-25 05:05	72.950	72.955	72.945	72.950	4
2025-03-25 05:10	72.955	73.035	72.950	73.015	5
2025-03-25 05:15	73.010	73.010	72.985	72.985	5
2025-03-25 05:20	72.990	73.005	72.985	73.005	4
2025-03-25 05:25	73.010	73.045	73.005	73.040	4
2025-03-25 05:30	73.045	73.085	73.035	73.085	5
2025-03-25 05:35	73.090	73.095	73.070	73.075	5
2025-03-25 05:40	73.065	73.065	72.985	73.000	5
2025-03-25 05:45	73.005	73.025	72.985	72.995	5
2025-03-25 05:50	72.990	73.005	72.985	72.995	5
2025-03-25 05:55	72.990	73.005	72.985	72.995	4
2025-03-25 06:00	72.990	73.015	72.970	73.010	5
2025-03-25 06:05	73.005	73.010	72.985	72.985	4
2025-03-25 06:10	72.980	72.990	72.925	72.925	5
2025-03-25 06:15	72.915	72.920	72.785	72.795	4
2025-03-25 06:20	72.800	72.830	72.745	72.825	5
2025-03-25 06:25	72.820	72.825	72.765	72.805	5
2025-03-25 06:30	72.800	72.835	72.780	72.830	5
2025-03-25 06:35	72.835	72.865	72.835	72.850	5
2025-03-25 06:40	72.855	72.870	72.835	72.855	5
2025-03-25 06:45	72.865	72.900	72.865	72.895	5
2025-03-25 06:50	72.900	72.910	72.885	72.895	5
2025-03-25 06:55	72.890	72.975	72.885	72.950	5
2025-03-25 07:00	72.945	73.025	72.940	73.025	5
2025-03-25 07:05	73.030	73.115	73.025	73.105	5
2025-03-25 07:10	73.095	73.145	73.095	73.115	5
2025-03-25 07:15	73.125	73.145	73.115	73.135	4
2025-03-25 07:20	73.140	73.165	73.125	73.165	5
2025-03-25 07:25	73.155	73.165	73.155	73.155	5
2025-03-25 07:30	73.160	73.165	73.145	73.160	4
2025-03-25 07:35	73.155	73.215	73.150	73.215	5
2025-03-25 07:40	73.225	73.265	73.180	73.235	5
2025-03-25 07:45	73.240	73.290	73.220	73.285	5
2025-03-25 07:50	73.290	73.305	73.235	73.270	5
2025-03-25 07:55	73.265	73.315	73.255	73.310	5
2025-03-25 08:00	73.315	73.375	73.315	73.335	5
2025-03-25 08:05	73.330	73.345	73.275	73.285	5
2025-03-25 08:10	73.295	73.335	73.285	73.305	5
2025-03-25 08:15	73.300	73.315	73.255	73.275	5
2025-03-25 08:20	73.280	73.330	73.275	73.330	5
2025-03-25 08:25	73.325	73.330	73.145	73.155	5
2025-03-25 08:30	73.145	73.275	73.135	73.230	5
2025-03-25 08:35	73.235	73.300	73.215	73.285	5
2025-03-25 08:40	73.295	73.305	73.235	73.305	5
2025-03-25 08:45	73.310	73.310	73.265	73.280	5
2025-03-25 08:50	73.285	73.325	73.285	73.315	5
2025-03-25 08:55	73.305	73.315	73.245	73.285	5
2025-03-25 09:00	73.290	73.345	73.265	73.325	5
2025-03-25 09:05	73.315	73.345	73.300	73.345	5
2025-03-25 09:10	73.340	73.415	73.325	73.395	5
2025-03-25 09:15	73.390	73.415	73.345	73.365	5
2025-03-25 09:20	73.360	73.385	73.355	73.375	5
2025-03-25 09:25	73.380	73.425	73.375	73.395	5
2025-03-25 09:30	73.400	73.405	73.345	73.355	5
2025-03-25 09:35	73.365	73.420	73.325	73.420	5
2025-03-25 09:40	73.415	73.435	73.385	73.425	5
2025-03-25 09:45	73.420	73.455	73.415	73.455	5
2025-03-25 09:50	73.460	73.465	73.445	73.465	5
2025-03-25 09:55	73.475	73.475	73.465	73.470	5
2025-03-25 10:00	73.465	73.475	73.455	73.465	5
2025-03-25 10:05	73.455	73.465	73.390	73.455	5
2025-03-25 10:10	73.465	73.515	73.455	73.505	5
2025-03-25 10:15	73.495	73.495	73.420	73.485	5
2025-03-25 10:20	73.495	73.495	73.435	73.445	5
2025-03-25 10:25	73.435	73.445	73.370	73.395	5
2025-03-25 10:30	73.405	73.405	73.355	73.405	5
2025-03-25 10:35	73.395	73.445	73.390	73.425	5
2025-03-25 10:40	73.435	73.435	73.395	73.400	4
2025-03-25 10:45	73.390	73.395	73.345	73.395	5
2025-03-25 10:50	73.390	73.435	73.375	73.405	5
2025-03-25 10:55	73.395	73.445	73.395	73.415	5
2025-03-25 11:00	73.405	73.415	73.350	73.355	5
2025-03-25 11:05	73.360	73.360	73.295	73.305	5
2025-03-25 11:10	73.315	73.345	73.290	73.335	5
2025-03-25 11:15	73.330	73.335	73.295	73.300	5
2025-03-25 11:20	73.305	73.370	73.295	73.365	4
2025-03-25 11:25	73.355	73.435	73.355	73.405	4
2025-03-25 11:30	73.395	73.425	73.385	73.415	5
2025-03-25 11:35	73.425	73.455	73.405	73.445	5
2025-03-25 11:40	73.435	73.445	73.395	73.435	5
2025-03-25 11:45	73.440	73.455	73.425	73.445	5
2025-03-25 11:50	73.435	73.515	73.420	73.515	5
2025-03-25 11:55	73.510	73.525	73.495	73.495	5
2025-03-25 12:00	73.505	73.525	73.455	73.485	5
2025-03-25 12:05	73.480	73.515	73.455	73.455	5
2025-03-25 12:10	73.465	73.515	73.455	73.505	5
2025-03-25 12:15	73.495	73.520	73.475	73.515	5
2025-03-25 12:20	73.520	73.525	73.495	73.515	5
2025-03-25 12:25	73.510	73.515	73.470	73.505	5
2025-03-25 12:30	73.515	73.525	73.455	73.465	5
2025-03-25 12:35	73.455	73.475	73.425	73.445	5
2025-03-25 12:40	73.450	73.485	73.435	73.435	5
2025-03-25 12:45	73.430	73.435	73.365	73.375	5
2025-03-25 12:50	73.370	73.415	73.365	73.385	5
2025-03-25 12:55	73.395	73.495	73.395	73.485	5
2025-03-25 13:00	73.495	73.515	73.390	73.405	5
2025-03-25 13:05	73.395	73.515	73.395	73.510	5
2025-03-25 13:10	73.515	73.525	73.475	73.495	5
2025-03-25 13:15	73.485	73.495	73.430	73.455	5
2025-03-25 13:20	73.460	73.465	73.405	73.445	5
2025-03-25 13:25	73.450	73.450	73.405	73.420	5
2025-03-25 13:30	73.425	73.520	73.395	73.505	5
2025-03-25 13:35	73.515	73.540	73.475	73.505	5
2025-03-25 13:40	73.515	73.545	73.510	73.525	5
2025-03-25 13:45	73.520	73.535	73.500	73.515	5
2025-03-25 13:50	73.505	73.515	73.475	73.495	5
2025-03-25 13:55	73.485	73.500	73.465	73.480	5
2025-03-25 14:00	73.460	73.495	73.305	73.445	5
2025-03-25 14:05	73.470	73.515	73.380	73.415	5
2025-03-25 14:10	73.420	73.450	73.375	73.415	5
2025-03-25 14:15	73.425	73.445	73.295	73.365	5
2025-03-25 14:20	73.375	73.385	73.340	73.355	5
2025-03-25 14:25	73.365	73.410	73.345	73.350	5
2025-03-25 14:30	73.340	73.340	73.255	73.275	5
2025-03-25 14:35	73.285	73.345	73.240	73.305	5
2025-03-25 14:40	73.300	73.320	73.240	73.250	5
2025-03-25 14:45	73.255	73.320	73.160	73.200	5
2025-03-25 14:50	73.205	73.245	73.155	73.165	5
2025-03-25 14:55	73.175	73.185	73.055	73.055	5
2025-03-25 15:00	73.065	73.125	73.015	73.045	5
2025-03-25 15:05	73.035	73.075	73.005	73.055	5
2025-03-25 15:10	73.050	73.115	73.050	73.115	5
2025-03-25 15:15	73.120	73.145	72.955	72.975	5
2025-03-25 15:20	72.980	72.995	72.915	72.945	5
2025-03-25 15:25	72.950	73.000	72.915	72.940	5
2025-03-25 15:30	72.945	72.975	72.905	72.915	5
2025-03-25 15:35	72.920	73.005	72.920	72.940	5
2025-03-25 15:40	72.935	72.985	72.875	72.975	5
2025-03-25 15:45	72.985	73.005	72.945	72.975	5
2025-03-25 15:50	72.985	73.015	72.960	72.975	5
2025-03-25 15:55	72.970	72.995	72.915	72.925	5
2025-03-25 16:00	72.955	72.985	72.565	72.735	5
2025-03-25 16:05	72.745	72.795	72.595	72.625	5
2025-03-25 16:10	72.620	72.620	72.495	72.585	5
2025-03-25 16:15	72.595	72.615	72.485	72.490	5
2025-03-25 16:20	72.495	72.745	72.495	72.705	5
2025-03-25 16:25	72.715	72.815	72.715	72.735	5
2025-03-25 16:30	72.745	72.765	72.640	72.685	5
2025-03-25 16:35	72.695	72.775	72.690	72.745	5
2025-03-25 16:40	72.755	72.775	72.705	72.730	5
2025-03-25 16:45	72.735	72.780	72.725	72.755	5
2025-03-25 16:50	72.760	72.825	72.725	72.775	5
2025-03-25 16:55	72.805	72.835	72.745	72.770	5
2025-03-25 17:00	72.765	72.795	72.735	72.780	5
2025-03-25 17:05	72.785	72.875	72.785	72.845	5
2025-03-25 17:10	72.835	72.865	72.815	72.865	5
2025-03-25 17:15	72.870	72.885	72.825	72.835	5
2025-03-25 17:20	72.830	72.840	72.665	72.710	5
2025-03-25 17:25	72.705	72.740	72.695	72.735	5
2025-03-25 17:30	72.740	72.800	72.735	72.795	5
2025-03-25 17:35	72.790	72.855	72.775	72.835	5
2025-03-25 17:40	72.845	72.885	72.825	72.875	5
2025-03-25 17:45	72.885	72.915	72.865	72.875	5
2025-03-25 17:50	72.880	72.895	72.815	72.830	5
2025-03-25 17:55	72.845	72.885	72.815	72.850	5
2025-03-25 18:00	72.835	72.870	72.830	72.835	5
2025-03-25 18:05	72.825	72.900	72.815	72.865	5
2025-03-25 18:10	72.860	72.915	72.855	72.870	5
2025-03-25 18:15	72.865	72.920	72.855	72.905	5
2025-03-25 18:20	72.910	72.945	72.885	72.935	5
2025-03-25 18:25	72.940	73.020	72.895	73.005	5
2025-03-25 18:30	73.010	73.035	72.975	73.025	5
2025-03-25 18:35	73.035	73.045	72.985	72.985	5
2025-03-25 18:40	72.975	72.995	72.905	72.905	5
2025-03-25 18:45	72.910	72.925	72.900	72.905	5
2025-03-25 18:50	72.910	72.985	72.905	72.965	5
2025-03-25 18:55	72.975	73.005	72.970	72.990	5
2025-03-25 19:00	72.985	73.065	72.985	73.045	5
2025-03-25 19:05	73.050	73.075	73.025	73.065	4
2025-03-25 19:10	73.055	73.070	73.050	73.065	5
2025-03-25 19:15	73.070	73.075	73.055	73.055	2
2025-03-25 19:20	73.060	73.085	73.045	73.085	5
2025-03-25 19:25	73.075	73.095	73.055	73.085	5
2025-03-25 19:30	73.080	73.110	73.065	73.105	5
2025-03-25 19:35	73.110	73.110	73.085	73.095	5
2025-03-25 19:40	73.105	73.120	73.095	73.105	5
2025-03-25 19:45	73.115	73.165	73.105	73.155	5
2025-03-25 19:50	73.150	73.155	73.095	73.105	5
2025-03-25 19:55	73.100	73.125	73.100	73.120	4
2025-03-25 20:00	73.125	73.155	73.115	73.130	3
2025-03-25 20:05	73.130	73.140	73.105	73.120	5
2025-03-25 20:10	73.125	73.125	73.095	73.095	4
2025-03-25 20:15	73.085	73.110	73.085	73.110	4
2025-03-25 20:20	73.115	73.120	73.100	73.115	5
2025-03-25 20:25	73.110	73.125	73.095	73.095	5
2025-03-25 20:30	73.090	73.220	73.090	73.135	5
2025-03-25 20:35	73.140	73.160	73.085	73.150	5
2025-03-25 20:40	73.165	73.170	73.135	73.155	5
2025-03-25 20:45	73.160	73.175	73.150	73.165	5
2025-03-25 20:50	73.160	73.175	73.160	73.170	5
2025-03-25 20:55	73.175	73.175	73.165	73.170	5
2025-03-26 00:00	73.237	73.267	73.187	73.217	5
2025-03-26 00:05	73.212	73.232	73.207	73.227	5
2025-03-26 00:10	73.222	73.237	73.217	73.227	5
2025-03-26 00:15	73.237	73.247	73.227	73.227	2
2025-03-26 00:20	73.232	73.247	73.227	73.247	4
2025-03-26 00:25	73.247	73.247	73.237	73.242	3
2025-03-26 00:30	73.237	73.237	73.207	73.227	5
2025-03-26 00:35	73.237	73.247	73.227	73.227	3
2025-03-26 00:40	73.227	73.237	73.227	73.227	3
2025-03-26 00:45	73.237	73.237	73.227	73.237	4
2025-03-26 00:50	73.232	73.232	73.217	73.217	3
2025-03-26 00:55	73.222	73.252	73.217	73.247	5
2025-03-26 01:00	73.257	73.270	73.185	73.210	5
2025-03-26 01:05	73.215	73.225	73.165	73.170	5
2025-03-26 01:10	73.175	73.205	73.170	73.200	5
2025-03-26 01:15	73.205	73.270	73.205	73.260	5
2025-03-26 01:20	73.265	73.270	73.240	73.260	5
2025-03-26 01:25	73.265	73.310	73.255	73.295	5
2025-03-26 01:30	73.305	73.315	73.295	73.315	5
2025-03-26 01:35	73.310	73.315	73.305	73.305	5
2025-03-26 01:40	73.300	73.305	73.285	73.300	5
2025-03-26 01:45	73.305	73.310	73.290	73.305	4
2025-03-26 01:50	73.300	73.345	73.300	73.340	5
2025-03-26 01:55	73.345	73.355	73.325	73.325	5
2025-03-26 02:00	73.330	73.340	73.285	73.290	5
2025-03-26 02:05	73.295	73.310	73.275	73.280	5
2025-03-26 02:10	73.285	73.290	73.265	73.280	5
2025-03-26 02:15	73.275	73.275	73.225	73.240	5
2025-03-26 02:20	73.245	73.270	73.240	73.240	5
2025-03-26 02:25	73.235	73.250	73.230	73.250	5
2025-03-26 02:30	73.255	73.280	73.250	73.280	5
2025-03-26 02:35	73.285	73.320	73.285	73.310	5
2025-03-26 02:40	73.305	73.345	73.300	73.345	5
2025-03-26 02:45	73.340	73.345	73.325	73.325	5
2025-03-26 02:50	73.330	73.340	73.310	73.310	4
2025-03-26 02:55	73.315	73.315	73.290	73.305	4
2025-03-26 03:00	73.295	73.295	73.270	73.275	5
2025-03-26 03:05	73.280	73.295	73.280	73.290	5
2025-03-26 03:10	73.285	73.310	73.280	73.280	5
2025-03-26 03:15	73.285	73.295	73.245	73.245	5
2025-03-26 03:20	73.250	73.260	73.240	73.250	5
2025-03-26 03:25	73.255	73.255	73.235	73.250	5
2025-03-26 03:30	73.245	73.250	73.195	73.220	5
2025-03-26 03:35	73.225	73.225	73.165	73.185	4
2025-03-26 03:40	73.190	73.195	73.185	73.190	3
2025-03-26 03:45	73.195	73.200	73.185	73.200	5
2025-03-26 03:50	73.195	73.210	73.195	73.205	4
2025-03-26 03:55	73.190	73.190	73.155	73.175	5
2025-03-26 04:00	73.180	73.210	73.180	73.200	4
2025-03-26 04:05	73.205	73.205	73.160	73.170	5
2025-03-26 04:10	73.165	73.180	73.165	73.180	4
2025-03-26 04:15	73.185	73.190	73.160	73.170	2
2025-03-26 04:20	73.175	73.175	73.155	73.170	4
2025-03-26 04:25	73.165	73.205	73.160	73.200	4
2025-03-26 04:30	73.195	73.195	73.170	73.170	3
2025-03-26 04:35	73.175	73.175	73.170	73.175	2
2025-03-26 04:40	73.170	73.170	73.160	73.160	3
2025-03-26 04:45	73.155	73.155	73.135	73.140	3
2025-03-26 04:50	73.135	73.135	73.125	73.135	4
2025-03-26 04:55	73.130	73.130	73.120	73.130	3
2025-03-26 05:00	73.135	73.145	73.120	73.140	4
2025-03-26 05:05	73.140	73.165	73.140	73.160	5
2025-03-26 05:10	73.155	73.175	73.150	73.175	4
2025-03-26 05:15	73.175	73.185	73.170	73.180	4
2025-03-26 05:20	73.185	73.185	73.175	73.180	4
2025-03-26 05:25	73.185	73.185	73.160	73.165	5
2025-03-26 05:30	73.175	73.225	73.160	73.225	5
2025-03-26 05:35	73.220	73.245	73.210	73.240	5
2025-03-26 05:40	73.235	73.240	73.215	73.225	5
2025-03-26 05:45	73.220	73.240	73.210	73.230	5
2025-03-26 05:50	73.235	73.295	73.230	73.265	5
2025-03-26 05:55	73.260	73.275	73.245	73.260	5
2025-03-26 06:00	73.255	73.275	73.250	73.265	5
2025-03-26 06:05	73.255	73.275	73.240	73.265	4
2025-03-26 06:10	73.260	73.270	73.220	73.225	5
2025-03-26 06:15	73.230	73.245	73.210	73.210	5
2025-03-26 06:20	73.200	73.255	73.200	73.250	5
2025-03-26 06:25	73.255	73.285	73.255	73.270	5
2025-03-26 06:30	73.265	73.270	73.245	73.255	5
2025-03-26 06:35	73.260	73.305	73.255	73.295	5
2025-03-26 06:40	73.305	73.310	73.290	73.300	5
2025-03-26 06:45	73.305	73.330	73.290	73.310	5
2025-03-26 06:50	73.315	73.315	73.270	73.275	4
2025-03-26 06:55	73.270	73.320	73.270	73.300	5
2025-03-26 07:00	73.295	73.340	73.285	73.330	5
2025-03-26 07:05	73.335	73.345	73.315	73.330	5
2025-03-26 07:10	73.325	73.345	73.295	73.300	5
2025-03-26 07:15	73.290	73.295	73.175	73.235	5
2025-03-26 07:20	73.240	73.245	73.100	73.165	5
2025-03-26 07:25	73.170	73.170	73.085	73.130	5
2025-03-26 07:30	73.125	73.150	73.080	73.095	5
2025-03-26 07:35	73.090	73.115	73.080	73.105	5
2025-03-26 07:40	73.100	73.105	73.085	73.090	5
2025-03-26 07:45	73.095	73.165	73.095	73.125	5
2025-03-26 07:50	73.130	73.170	73.100	73.155	5
2025-03-26 07:55	73.150	73.150	73.080	73.115	5
2025-03-26 08:00	73.120	73.155	73.115	73.120	5
2025-03-26 08:05	73.125	73.185	73.100	73.100	5
2025-03-26 08:10	73.105	73.170	73.105	73.160	5
2025-03-26 08:15	73.165	73.205	73.135	73.145	5
2025-03-26 08:20	73.135	73.205	73.115	73.195	5
2025-03-26 08:25	73.205	73.250	73.140	73.140	5
2025-03-26 08:30	73.135	73.280	73.135	73.265	5
2025-03-26 08:35	73.275	73.295	73.225	73.290	5
2025-03-26 08:40	73.285	73.335	73.270	73.320	5
2025-03-26 08:45	73.325	73.350	73.285	73.315	5
2025-03-26 08:50	73.330	73.375	73.315	73.370	5
2025-03-26 08:55	73.375	73.375	73.320	73.325	5
2025-03-26 09:00	73.335	73.415	73.335	73.410	5
2025-03-26 09:05	73.415	73.455	73.400	73.405	5
2025-03-26 09:10	73.410	73.430	73.365	73.400	5
2025-03-26 09:15	73.395	73.430	73.345	73.355	5
2025-03-26 09:20	73.350	73.350	73.215	73.290	5
2025-03-26 09:25	73.295	73.340	73.280	73.340	5
2025-03-26 09:30	73.335	73.440	73.335	73.415	5
2025-03-26 09:35	73.425	73.430	73.405	73.405	5
2025-03-26 09:40	73.410	73.415	73.375	73.405	5
2025-03-26 09:45	73.410	73.495	73.365	73.490	5
2025-03-26 09:50	73.485	73.545	73.480	73.525	5
2025-03-26 09:55	73.520	73.525	73.465	73.490	5
2025-03-26 10:00	73.485	73.485	73.400	73.455	5
2025-03-26 10:05	73.450	73.455	73.410	73.435	5
2025-03-26 10:10	73.425	73.450	73.415	73.440	5
2025-03-26 10:15	73.445	73.450	73.385	73.415	5
2025-03-26 10:20	73.405	73.475	73.405	73.460	4
2025-03-26 10:25	73.455	73.500	73.440	73.480	5
2025-03-26 10:30	73.485	73.590	73.485	73.585	5
2025-03-26 10:35	73.580	73.615	73.580	73.610	5
2025-03-26 10:40	73.605	73.675	73.605	73.670	5
2025-03-26 10:45	73.675	73.705	73.665	73.695	5
2025-03-26 10:50	73.690	73.705	73.675	73.685	5
2025-03-26 10:55	73.695	73.700	73.625	73.630	5
2025-03-26 11:00	73.635	73.640	73.585	73.600	5
2025-03-26 11:05	73.605	73.615	73.575	73.585	5
2025-03-26 11:10	73.590	73.605	73.555	73.585	5
2025-03-26 11:15	73.595	73.650	73.595	73.635	5
2025-03-26 11:20	73.625	73.655	73.620	73.635	5
2025-03-26 11:25	73.660	73.705	73.635	73.655	5
2025-03-26 11:30	73.665	73.705	73.665	73.685	5
2025-03-26 11:35	73.690	73.700	73.630	73.645	5
2025-03-26 11:40	73.640	73.645	73.585	73.615	5
2025-03-26 11:45	73.605	73.625	73.605	73.625	5
2025-03-26 11:50	73.630	73.635	73.605	73.635	5
2025-03-26 11:55	73.630	73.635	73.595	73.610	5
2025-03-26 12:00	73.605	73.605	73.555	73.585	5
2025-03-26 12:05	73.580	73.625	73.575	73.605	5
2025-03-26 12:10	73.595	73.645	73.595	73.630	5
2025-03-26 12:15	73.625	73.640	73.595	73.625	5
2025-03-26 12:20	73.630	73.645	73.580	73.600	5
2025-03-26 12:25	73.605	73.615	73.590	73.590	5
2025-03-26 12:30	73.595	73.620	73.530	73.550	5
2025-03-26 12:35	73.555	73.595	73.545	73.595	5
2025-03-26 12:40	73.605	73.625	73.595	73.625	5
2025-03-26 12:45	73.630	73.695	73.615	73.665	5
2025-03-26 12:50	73.660	73.690	73.615	73.685	5
2025-03-26 12:55	73.680	73.705	73.610	73.630	5
2025-03-26 13:00	73.635	73.645	73.565	73.610	5
2025-03-26 13:05	73.605	73.695	73.605	73.690	5
2025-03-26 13:10	73.695	73.695	73.645	73.660	5
2025-03-26 13:15	73.665	73.765	73.645	73.750	5
2025-03-26 13:20	73.755	73.765	73.670	73.675	5
2025-03-26 13:25	73.680	73.695	73.625	73.670	5
2025-03-26 13:30	73.675	73.835	73.665	73.815	5
2025-03-26 13:35	73.825	73.895	73.810	73.895	5
2025-03-26 13:40	73.885	73.895	73.800	73.860	5
2025-03-26 13:45	73.865	73.890	73.835	73.850	5
2025-03-26 13:50	73.860	73.880	73.790	73.880	5
2025-03-26 13:55	73.875	73.890	73.810	73.870	5
2025-03-26 14:00	73.860	73.955	73.845	73.930	5
2025-03-26 14:05	73.925	73.955	73.900	73.905	5
2025-03-26 14:10	73.910	73.965	73.905	73.960	5
2025-03-26 14:15	73.965	73.975	73.925	73.925	5
2025-03-26 14:20	73.930	73.955	73.905	73.930	5
2025-03-26 14:25	73.925	73.945	73.890	73.907	5
2025-03-26 14:30	73.915	73.920	73.810	73.860	5
2025-03-26 14:35	73.855	73.895	73.770	73.885	5
2025-03-26 14:40	73.880	73.925	73.855	73.870	5
2025-03-26 14:45	73.875	73.915	73.845	73.865	5
2025-03-26 14:50	73.875	73.935	73.855	73.905	5
2025-03-26 14:55	73.915	73.935	73.905	73.925	5
2025-03-26 15:00	73.935	74.055	73.925	74.035	5
2025-03-26 15:05	74.040	74.150	74.040	74.090	5
2025-03-26 15:10	74.085	74.095	74.055	74.065	5
2025-03-26 15:15	74.055	74.055	73.970	73.985	5
2025-03-26 15:20	73.980	74.000	73.915	73.925	5
2025-03-26 15:25	73.920	73.920	73.715	73.860	5
2025-03-26 15:30	73.865	74.000	73.865	73.975	5
2025-03-26 15:35	73.970	74.005	73.955	74.005	5
2025-03-26 15:40	74.015	74.035	73.985	74.035	5
2025-03-26 15:45	74.030	74.135	74.025	74.115	5
2025-03-26 15:50	74.105	74.145	74.100	74.135	5
2025-03-26 15:55	74.130	74.130	74.065	74.080	5
2025-03-26 16:00	74.085	74.085	73.870	73.905	5
2025-03-26 16:05	73.910	73.935	73.815	73.830	5
2025-03-26 16:10	73.835	73.845	73.785	73.835	5
2025-03-26 16:15	73.840	73.885	73.795	73.795	5
2025-03-26 16:20	73.790	73.855	73.765	73.825	5
2025-03-26 16:25	73.820	73.935	73.820	73.900	5
2025-03-26 16:30	73.905	74.015	73.895	73.930	5
2025-03-26 16:35	73.935	73.945	73.875	73.875	5
2025-03-26 16:40	73.865	73.935	73.855	73.920	5
2025-03-26 16:45	73.915	74.010	73.915	73.995	5
2025-03-26 16:50	73.990	74.015	73.930	73.930	5
2025-03-26 16:55	73.925	73.925	73.820	73.855	5
2025-03-26 17:00	73.850	73.870	73.795	73.830	5
2025-03-26 17:05	73.825	73.840	73.795	73.800	5
2025-03-26 17:10	73.795	73.880	73.795	73.870	5
2025-03-26 17:15	73.865	73.870	73.815	73.820	5
2025-03-26 17:20	73.825	73.845	73.795	73.815	5
2025-03-26 17:25	73.810	73.855	73.725	73.825	5
2025-03-26 17:30	73.820	73.820	73.695	73.715	5
2025-03-26 17:35	73.720	73.720	73.595	73.645	5
2025-03-26 17:40	73.635	73.745	73.635	73.715	5
2025-03-26 17:45	73.730	73.750	73.640	73.660	5
2025-03-26 17:50	73.655	73.655	73.575	73.585	5
2025-03-26 17:55	73.595	73.650	73.585	73.650	5
2025-03-26 18:00	73.645	73.725	73.615	73.715	5
2025-03-26 18:05	73.720	73.735	73.680	73.695	5
2025-03-26 18:10	73.700	73.715	73.655	73.680	5
2025-03-26 18:15	73.675	73.705	73.650	73.685	5
2025-03-26 18:20	73.680	73.715	73.665	73.675	5
2025-03-26 18:25	73.665	73.795	73.655	73.785	5
2025-03-26 18:30	73.775	73.800	73.765	73.770	5
2025-03-26 18:35	73.765	73.785	73.755	73.755	5
2025-03-26 18:40	73.765	73.785	73.755	73.785	4
2025-03-26 18:45	73.790	73.805	73.785	73.785	2
2025-03-26 18:50	73.775	73.775	73.690	73.705	5
2025-03-26 18:55	73.695	73.720	73.685	73.690	4
2025-03-26 19:00	73.685	73.720	73.680	73.720	5
2025-03-26 19:05	73.725	73.770	73.715	73.765	5
2025-03-26 19:10	73.770	73.770	73.755	73.765	5
2025-03-26 19:15	73.775	73.800	73.775	73.800	5
2025-03-26 19:20	73.795	73.825	73.790	73.800	5
2025-03-26 19:25	73.805	73.820	73.785	73.790	5
2025-03-26 19:30	73.795	73.805	73.785	73.785	5
2025-03-26 19:35	73.795	73.795	73.775	73.790	5
2025-03-26 19:40	73.780	73.825	73.780	73.810	5
2025-03-26 19:45	73.815	73.845	73.805	73.845	5
2025-03-26 19:50	73.840	73.870	73.805	73.820	5
2025-03-26 19:55	73.825	73.825	73.790	73.810	5
2025-03-26 20:00	73.815	73.870	73.815	73.865	5
2025-03-26 20:05	73.870	73.920	73.870	73.910	5
2025-03-26 20:10	73.900	73.915	73.900	73.905	4
2025-03-26 20:15	73.900	73.905	73.890	73.895	4
2025-03-26 20:20	73.900	73.940	73.895	73.940	5
2025-03-26 20:25	73.935	73.975	73.920	73.960	5
2025-03-26 20:30	73.955	73.990	73.955	73.980	5
2025-03-26 20:35	73.975	74.020	73.975	74.005	5
2025-03-26 20:40	74.010	74.050	74.010	74.020	5
2025-03-26 20:45	74.025	74.040	74.005	74.005	4
2025-03-26 20:50	74.000	74.010	73.995	74.000	5
2025-03-26 20:55	73.995	74.040	73.995	74.030	5
2025-03-27 00:00	73.857	73.877	73.847	73.872	5
2025-03-27 00:05	73.877	73.917	73.867	73.897	5
2025-03-27 00:10	73.902	73.917	73.882	73.897	4
2025-03-27 00:15	73.907	73.907	73.872	73.872	5
2025-03-27 00:20	73.877	73.892	73.847	73.847	5
2025-03-27 00:25	73.852	73.877	73.837	73.837	5
2025-03-27 00:30	73.842	73.847	73.832	73.847	5
2025-03-27 00:35	73.837	73.862	73.832	73.862	4
2025-03-27 00:40	73.862	73.872	73.852	73.867	4
2025-03-27 00:45	73.872	73.882	73.862	73.872	5
2025-03-27 00:50	73.877	73.882	73.862	73.867	4
2025-03-27 00:55	73.862	73.902	73.862	73.877	5
2025-03-27 01:00	73.887	73.950	73.875	73.885	5
2025-03-27 01:05	73.890	73.910	73.860	73.870	5
2025-03-27 01:10	73.865	73.885	73.840	73.840	5
2025-03-27 01:15	73.845	73.870	73.840	73.860	5
2025-03-27 01:20	73.850	73.880	73.845	73.850	5
2025-03-27 01:25	73.855	73.890	73.850	73.875	4
2025-03-27 01:30	73.870	73.880	73.790	73.810	5
2025-03-27 01:35	73.815	73.830	73.790	73.800	5
2025-03-27 01:40	73.805	73.820	73.790	73.805	5
2025-03-27 01:45	73.800	73.875	73.785	73.870	5
2025-03-27 01:50	73.865	73.870	73.830	73.850	5
2025-03-27 01:55	73.845	73.870	73.840	73.845	5
2025-03-27 02:00	73.850	73.875	73.850	73.870	5
2025-03-27 02:05	73.875	73.875	73.850	73.860	4
2025-03-27 02:10	73.855	73.875	73.855	73.860	5
2025-03-27 02:15	73.865	73.875	73.860	73.870	4
2025-03-27 02:20	73.875	73.875	73.865	73.875	4
2025-03-27 02:25	73.885	73.900	73.885	73.895	5
2025-03-27 02:30	73.890	73.915	73.860	73.905	5
2025-03-27 02:35	73.900	73.905	73.885	73.895	5
2025-03-27 02:40	73.890	73.915	73.860	73.890	5
2025-03-27 02:45	73.895	73.940	73.890	73.940	5
2025-03-27 02:50	73.935	73.940	73.925	73.925	4
2025-03-27 02:55	73.935	73.935	73.890	73.905	4
2025-03-27 03:00	73.910	73.910	73.845	73.860	4
2025-03-27 03:05	73.855	73.860	73.845	73.855	4
2025-03-27 03:10	73.850	73.865	73.850	73.865	4
2025-03-27 03:15	73.870	73.870	73.850	73.865	4
2025-03-27 03:20	73.850	73.910	73.845	73.870	5
2025-03-27 03:25	73.865	73.865	73.830	73.850	5
2025-03-27 03:30	73.855	73.855	73.830	73.835	5
2025-03-27 03:35	73.840	73.850	73.830	73.830	5
2025-03-27 03:40	73.835	73.840	73.820	73.820	4
2025-03-27 03:45	73.825	73.825	73.820	73.825	3
2025-03-27 03:50	73.820	73.835	73.800	73.805	5
2025-03-27 03:55	73.810	73.855	73.810	73.850	3
2025-03-27 04:00	73.855	73.870	73.830	73.840	5
2025-03-27 04:05	73.845	73.850	73.840	73.850	4
2025-03-27 04:10	73.855	73.860	73.850	73.860	3
2025-03-27 04:15	73.865	73.870	73.860	73.870	3
2025-03-27 04:20	73.875	73.880	73.870	73.880	3
2025-03-27 04:25	73.885	73.890	73.880	73.890	2
2025-03-27 04:30	73.885	73.885	73.850	73.860	4
2025-03-27 04:35	73.870	73.870	73.850	73.850	3
2025-03-27 04:40	73.860	73.865	73.860	73.860	3
2025-03-27 04:45	73.870	73.875	73.860	73.870	3
2025-03-27 04:50	73.865	73.870	73.865	73.870	2
2025-03-27 04:55	73.865	73.870	73.850	73.870	2
2025-03-27 05:00	73.860	73.860	73.840	73.840	5
2025-03-27 05:05	73.850	73.850	73.840	73.840	3
2025-03-27 05:10	73.840	73.860	73.820	73.860	5
2025-03-27 05:15	73.855	73.870	73.850	73.855	5
2025-03-27 05:20	73.860	73.870	73.840	73.840	5
2025-03-27 05:25	73.835	73.840	73.820	73.820	5
2025-03-27 05:30	73.815	73.830	73.800	73.800	5
2025-03-27 05:35	73.790	73.810	73.790	73.800	5
2025-03-27 05:40	73.805	73.810	73.775	73.775	5
2025-03-27 05:45	73.765	73.765	73.735	73.745	4
2025-03-27 05:50	73.755	73.755	73.715	73.715	5
2025-03-27 05:55	73.730	73.735	73.700	73.700	4
2025-03-27 06:00	73.710	73.715	73.670	73.685	5
2025-03-27 06:05	73.680	73.725	73.670	73.700	4
2025-03-27 06:10	73.705	73.705	73.655	73.690	5
2025-03-27 06:15	73.685	73.730	73.685	73.715	5
2025-03-27 06:20	73.720	73.740	73.705	73.715	5
2025-03-27 06:25	73.720	73.720	73.675	73.680	5
2025-03-27 06:30	73.675	73.680	73.635	73.650	5
2025-03-27 06:35	73.655	73.680	73.650	73.670	5
2025-03-27 06:40	73.675	73.720	73.670	73.700	5
2025-03-27 06:45	73.695	73.720	73.690	73.710	5
2025-03-27 06:50	73.700	73.710	73.640	73.640	5
2025-03-27 06:55	73.650	73.655	73.610	73.610	5
2025-03-27 07:00	73.610	73.610	73.555	73.555	5
2025-03-27 07:05	73.560	73.575	73.555	73.570	5
2025-03-27 07:10	73.560	73.575	73.510	73.530	5
2025-03-27 07:15	73.535	73.550	73.505	73.520	5
2025-03-27 07:20	73.515	73.530	73.500	73.525	5
2025-03-27 07:25	73.520	73.570	73.520	73.565	5
2025-03-27 07:30	73.560	73.575	73.540	73.560	5
2025-03-27 07:35	73.555	73.560	73.500	73.510	5
2025-03-27 07:40	73.500	73.640	73.500	73.630	5
2025-03-27 07:45	73.625	73.650	73.600	73.600	5
2025-03-27 07:50	73.595	73.605	73.555	73.580	5
2025-03-27 07:55	73.590	73.600	73.495	73.515	5
2025-03-27 08:00	73.520	73.575	73.505	73.525	5
2025-03-27 08:05	73.520	73.560	73.500	73.545	5
2025-03-27 08:10	73.540	73.595	73.530	73.585	5
2025-03-27 08:15	73.590	73.620	73.575	73.580	5
2025-03-27 08:20	73.565	73.605	73.535	73.570	5
2025-03-27 08:25	73.565	73.575	73.500	73.520	5
2025-03-27 08:30	73.530	73.575	73.475	73.485	4
2025-03-27 08:35	73.495	73.505	73.445	73.450	5
2025-03-27 08:40	73.445	73.445	73.345	73.365	5
2025-03-27 08:45	73.375	73.375	73.320	73.375	5
2025-03-27 08:50	73.380	73.455	73.360	73.410	5
2025-03-27 08:55	73.405	73.455	73.400	73.440	5
2025-03-27 09:00	73.460	73.565	73.450	73.540	5
2025-03-27 09:05	73.535	73.550	73.515	73.535	5
2025-03-27 09:10	73.545	73.580	73.535	73.580	5
2025-03-27 09:15	73.575	73.600	73.500	73.500	5
2025-03-27 09:20	73.495	73.495	73.430	73.450	5
2025-03-27 09:25	73.440	73.550	73.435	73.540	5
2025-03-27 09:30	73.535	73.600	73.530	73.570	5
2025-03-27 09:35	73.565	73.615	73.565	73.580	5
2025-03-27 09:40	73.575	73.610	73.555	73.560	5
2025-03-27 09:45	73.555	73.565	73.510	73.515	5
2025-03-27 09:50	73.525	73.525	73.465	73.485	5
2025-03-27 09:55	73.490	73.500	73.390	73.485	5
2025-03-27 10:00	73.480	73.545	73.475	73.540	5
2025-03-27 10:05	73.535	73.645	73.525	73.625	5
2025-03-27 10:10	73.630	73.655	73.585	73.595	5
2025-03-27 10:15	73.600	73.605	73.565	73.575	5
2025-03-27 10:20	73.570	73.670	73.560	73.660	5
2025-03-27 10:25	73.655	73.670	73.630	73.645	5
2025-03-27 10:30	73.650	73.745	73.630	73.635	5
2025-03-27 10:35	73.630	73.645	73.585	73.595	5
2025-03-27 10:40	73.590	73.620	73.565	73.570	5
2025-03-27 10:45	73.565	73.565	73.460	73.465	4
2025-03-27 10:50	73.460	73.570	73.460	73.540	5
2025-03-27 10:55	73.535	73.540	73.485	73.495	5
2025-03-27 11:00	73.500	73.540	73.470	73.515	5
2025-03-27 11:05	73.520	73.575	73.510	73.540	5
2025-03-27 11:10	73.530	73.540	73.495	73.510	5
2025-03-27 11:15	73.505	73.525	73.470	73.490	5
2025-03-27 11:20	73.485	73.500	73.455	73.470	5
2025-03-27 11:25	73.475	73.490	73.452	73.485	5
2025-03-27 11:30	73.500	73.530	73.475	73.515	5
2025-03-27 11:35	73.510	73.525	73.460	73.485	5
2025-03-27 11:40	73.490	73.565	73.480	73.560	5
2025-03-27 11:45	73.565	73.605	73.545	73.590	5
2025-03-27 11:50	73.585	73.640	73.580	73.620	5
2025-03-27 11:55	73.615	73.650	73.615	73.630	5
2025-03-27 12:00	73.635	73.670	73.610	73.640	5
2025-03-27 12:05	73.635	73.640	73.570	73.600	5
2025-03-27 12:10	73.610	73.685	73.610	73.665	5
2025-03-27 12:15	73.660	73.670	73.610	73.660	5
2025-03-27 12:20	73.670	73.695	73.635	73.680	5
2025-03-27 12:25	73.675	73.680	73.615	73.640	5
2025-03-27 12:30	73.645	73.665	73.555	73.655	5
2025-03-27 12:35	73.665	73.760	73.645	73.755	5
2025-03-27 12:40	73.760	73.765	73.715	73.735	5
2025-03-27 12:45	73.725	73.750	73.640	73.650	5
2025-03-27 12:50	73.655	73.720	73.595	73.710	5
2025-03-27 12:55	73.705	73.765	73.680	73.765	5
2025-03-27 13:00	73.760	73.760	73.670	73.705	5
2025-03-27 13:05	73.695	73.775	73.640	73.770	5
2025-03-27 13:10	73.765	73.770	73.695	73.700	5
2025-03-27 13:15	73.695	73.715	73.620	73.640	5
2025-03-27 13:20	73.635	73.660	73.600	73.610	5
2025-03-27 13:25	73.615	73.660	73.585	73.640	5
2025-03-27 13:30	73.635	73.665	73.260	73.260	5
2025-03-27 13:35	73.265	73.400	73.245	73.310	5
2025-03-27 13:40	73.315	73.360	73.210	73.250	5
2025-03-27 13:45	73.260	73.390	73.250	73.360	5
2025-03-27 13:50	73.355	73.585	73.330	73.580	5
2025-03-27 13:55	73.585	73.660	73.565	73.650	5
2025-03-27 14:00	73.645	73.680	73.580	73.585	5
2025-03-27 14:05	73.580	73.625	73.445	73.565	5
2025-03-27 14:10	73.555	73.600	73.460	73.595	5
2025-03-27 14:15	73.600	73.675	73.590	73.650	5
2025-03-27 14:20	73.675	73.725	73.640	73.720	5
2025-03-27 14:25	73.715	73.775	73.670	73.770	5
2025-03-27 14:30	73.775	73.905	73.740	73.870	5
2025-03-27 14:35	73.875	73.975	73.870	73.960	5
2025-03-27 14:40	73.965	73.975	73.885	73.910	5
2025-03-27 14:45	73.905	73.910	73.845	73.865	5
2025-03-27 14:50	73.870	73.910	73.840	73.910	5
2025-03-27 14:55	73.905	73.920	73.845	73.915	5
2025-03-27 15:00	73.910	73.915	73.825	73.860	5
2025-03-27 15:05	73.865	73.905	73.860	73.870	5
2025-03-27 15:10	73.880	73.965	73.870	73.950	5
2025-03-27 15:15	73.940	73.995	73.935	73.970	5
2025-03-27 15:20	73.965	73.975	73.855	73.890	5
2025-03-27 15:25	73.885	73.925	73.865	73.880	5
2025-03-27 15:30	73.875	73.880	73.730	73.780	5
2025-03-27 15:35	73.785	73.850	73.780	73.830	5
2025-03-27 15:40	73.835	73.840	73.720	73.760	5
2025-03-27 15:45	73.765	73.805	73.740	73.745	5
2025-03-27 15:50	73.735	73.790	73.725	73.725	5
2025-03-27 15:55	73.720	73.725	73.610	73.670	5
2025-03-27 16:00	73.655	73.865	73.610	73.825	5
2025-03-27 16:05	73.820	73.845	73.760	73.815	5
2025-03-27 16:10	73.820	73.825	73.770	73.810	5
2025-03-27 16:15	73.805	73.830	73.780	73.780	5
2025-03-27 16:20	73.785	73.865	73.785	73.845	5
2025-03-27 16:25	73.850	73.850	73.745	73.800	5
2025-03-27 16:30	73.805	73.860	73.690	73.690	5
2025-03-27 16:35	73.685	73.725	73.640	73.650	5
2025-03-27 16:40	73.655	73.750	73.640	73.735	5
2025-03-27 16:45	73.740	73.760	73.660	73.660	5
2025-03-27 16:50	73.655	73.725	73.610	73.710	5
2025-03-27 16:55	73.705	73.715	73.625	73.705	5
2025-03-27 17:00	73.710	73.740	73.635	73.710	5
2025-03-27 17:05	73.705	73.780	73.700	73.750	5
2025-03-27 17:10	73.745	73.765	73.720	73.745	5
2025-03-27 17:15	73.735	73.805	73.720	73.790	5
2025-03-27 17:20	73.785	73.865	73.775	73.865	5
2025-03-27 17:25	73.860	73.860	73.800	73.805	5
2025-03-27 17:30	73.810	73.925	73.805	73.900	5
2025-03-27 17:35	73.905	73.905	73.815	73.865	5
2025-03-27 17:40	73.860	73.890	73.835	73.860	5
2025-03-27 17:45	73.865	73.890	73.845	73.870	5
2025-03-27 17:50	73.875	73.890	73.860	73.870	5
2025-03-27 17:55	73.865	73.885	73.865	73.875	5
2025-03-27 18:00	73.870	73.890	73.825	73.880	5
2025-03-27 18:05	73.885	73.955	73.865	73.945	5
2025-03-27 18:10	73.950	73.985	73.930	73.980	5
2025-03-27 18:15	73.985	73.995	73.955	73.980	5
2025-03-27 18:20	73.985	74.025	73.980	74.005	5
2025-03-27 18:25	73.995	74.040	73.980	74.010	5
2025-03-27 18:30	74.005	74.035	73.990	74.005	5
2025-03-27 18:35	74.010	74.015	73.990	73.990	5
2025-03-27 18:40	74.000	74.025	74.000	74.005	5
2025-03-27 18:45	74.015	74.035	74.015	74.030	5
2025-03-27 18:50	74.025	74.035	74.015	74.015	4
2025-03-27 18:55	74.020	74.025	74.015	74.015	2
2025-03-27 19:00	74.030	74.035	74.015	74.025	5
2025-03-27 19:05	74.015	74.015	73.975	74.000	5
2025-03-27 19:10	73.995	74.000	73.980	73.985	5
2025-03-27 19:15	73.980	73.990	73.970	73.975	3
2025-03-27 19:20	73.985	73.990	73.975	73.985	4
2025-03-27 19:25	73.990	74.000	73.990	73.995	5
2025-03-27 19:30	73.990	73.990	73.940	73.945	5
2025-03-27 19:35	73.940	73.955	73.940	73.955	3
2025-03-27 19:40	73.950	73.965	73.950	73.960	5
2025-03-27 19:45	73.965	73.970	73.950	73.965	4
2025-03-27 19:50	73.970	73.975	73.905	73.910	4
2025-03-27 19:55	73.915	73.925	73.870	73.880	5
2025-03-27 20:00	73.885	73.925	73.885	73.920	3
2025-03-27 20:05	73.925	73.935	73.920	73.925	4
2025-03-27 20:10	73.930	73.945	73.925	73.940	3
2025-03-27 20:15	73.935	73.935	73.930	73.935	3
2025-03-27 20:20	73.935	73.945	73.935	73.945	3
2025-03-27 20:25	73.950	73.950	73.935	73.940	5
2025-03-27 20:30	73.945	73.960	73.940	73.955	4
2025-03-27 20:35	73.965	73.965	73.960	73.965	2
2025-03-27 20:40	73.965	73.965	73.965	73.965	1
2025-03-28 00:00	73.277	73.362	73.277	73.337	5
2025-03-28 00:05	73.342	73.342	73.252	73.262	5
2025-03-28 00:10	73.257	73.272	73.247	73.262	5
2025-03-28 00:15	73.252	73.252	73.197	73.227	5
2025-03-28 00:20	73.222	73.262	73.217	73.262	5
2025-03-28 00:25	73.257	73.322	73.257	73.282	5
2025-03-28 00:30	73.287	73.302	73.247	73.247	5
2025-03-28 00:35	73.252	73.287	73.252	73.287	3
2025-03-28 00:40	73.282	73.282	73.233	73.247	4
2025-03-28 00:45	73.242	73.272	73.232	73.272	5
2025-03-28 00:50	73.277	73.292	73.227	73.232	5
2025-03-28 00:55	73.227	73.282	73.217	73.282	5
2025-03-28 01:00	73.305	73.355	73.290	73.345	5
2025-03-28 01:05	73.350	73.425	73.345	73.385	5
2025-03-28 01:10	73.390	73.440	73.385	73.435	5
2025-03-28 01:15	73.445	73.450	73.375	73.375	5
2025-03-28 01:20	73.365	73.375	73.325	73.350	5
2025-03-28 01:25	73.345	73.365	73.335	73.345	5
2025-03-28 01:30	73.355	73.355	73.305	73.310	5
2025-03-28 01:35	73.305	73.325	73.280	73.305	5
2025-03-28 01:40	73.300	73.320	73.275	73.280	5
2025-03-28 01:45	73.285	73.295	73.250	73.295	5
2025-03-28 01:50	73.290	73.290	73.250	73.270	5
2025-03-28 01:55	73.265	73.280	73.250	73.265	4
2025-03-28 02:00	73.255	73.295	73.255	73.295	5
2025-03-28 02:05	73.290	73.295	73.250	73.250	5
2025-03-28 02:10	73.250	73.260	73.250	73.250	5
2025-03-28 02:15	73.250	73.255	73.250	73.250	5
2025-03-28 02:20	73.250	73.265	73.250	73.250	4
2025-03-28 02:25	73.250	73.250	73.250	73.250	2
2025-03-28 02:30	73.250	73.255	73.250	73.255	5
2025-03-28 02:35	73.260	73.285	73.250	73.270	5
2025-03-28 02:40	73.275	73.355	73.260	73.340	5
2025-03-28 02:45	73.345	73.405	73.340	73.385	5
2025-03-28 02:50	73.380	73.380	73.295	73.320	5
2025-03-28 02:55	73.315	73.335	73.295	73.305	5
2025-03-28 03:00	73.310	73.345	73.305	73.340	5
2025-03-28 03:05	73.335	73.365	73.335	73.355	5
2025-03-28 03:10	73.350	73.365	73.335	73.365	5
2025-03-28 03:15	73.360	73.360	73.325	73.340	5
2025-03-28 03:20	73.335	73.340	73.285	73.290	5
2025-03-28 03:25	73.295	73.320	73.295	73.305	5
2025-03-28 03:30	73.310	73.320	73.305	73.315	5
2025-03-28 03:35	73.325	73.335	73.305	73.330	5
2025-03-28 03:40	73.325	73.350	73.315	73.350	5
2025-03-28 03:45	73.355	73.375	73.350	73.355	5
2025-03-28 03:50	73.360	73.375	73.325	73.325	5
2025-03-28 03:55	73.315	73.315	73.295	73.305	4
2025-03-28 04:00	73.295	73.295	73.250	73.250	4
2025-03-28 04:05	73.250	73.265	73.250	73.250	5
2025-03-28 04:10	73.255	73.265	73.250	73.255	5
2025-03-28 04:15	73.260	73.265	73.250	73.250	5
2025-03-28 04:20	73.250	73.265	73.250	73.265	5
2025-03-28 04:25	73.255	73.255	73.155	73.160	5
2025-03-28 04:30	73.150	73.280	73.105	73.125	5
2025-03-28 04:35	73.135	73.135	73.115	73.135	4
2025-03-28 04:40	73.150	73.195	73.150	73.185	5
2025-03-28 04:45	73.190	73.195	73.185	73.190	4
2025-03-28 04:50	73.185	73.195	73.185	73.190	3
2025-03-28 04:55	73.195	73.205	73.153	73.195	5
2025-03-28 05:00	73.190	73.205	73.190	73.205	4
2025-03-28 05:05	73.200	73.205	73.190	73.190	4
2025-03-28 05:10	73.185	73.185	73.170	73.180	5
2025-03-28 05:15	73.175	73.175	73.155	73.155	4
2025-03-28 05:20	73.145	73.155	73.095	73.115	5
2025-03-28 05:25	73.125	73.130	73.095	73.105	5
2025-03-28 05:30	73.115	73.145	73.095	73.110	5
2025-03-28 05:35	73.115	73.125	73.095	73.105	5
2025-03-28 05:40	73.095	73.105	73.035	73.045	5
2025-03-28 05:45	73.040	73.045	73.005	73.035	4
2025-03-28 05:50	73.045	73.110	73.035	73.085	5
2025-03-28 05:55	73.095	73.105	73.075	73.105	5
2025-03-28 06:00	73.115	73.155	73.095	73.145	5
2025-03-28 06:05	73.135	73.135	73.105	73.120	5
2025-03-28 06:10	73.115	73.135	73.105	73.135	5
2025-03-28 06:15	73.093	73.170	73.093	73.155	5
2025-03-28 06:20	73.160	73.225	73.155	73.220	5
2025-03-28 06:25	73.225	73.265	73.225	73.255	5
2025-03-28 06:30	73.265	73.265	73.205	73.225	5
2025-03-28 06:35	73.235	73.255	73.225	73.230	3
2025-03-28 06:40	73.225	73.235	73.205	73.215	5
2025-03-28 06:45	73.220	73.225	73.185	73.195	5
2025-03-28 06:50	73.210	73.215	73.155	73.175	5
2025-03-28 06:55	73.170	73.190	73.160	73.175	5
2025-03-28 07:00	73.165	73.165	73.045	73.045	5
2025-03-28 07:05	73.035	73.045	72.985	72.985	4
2025-03-28 07:10	72.975	73.025	72.970	72.990	4
2025-03-28 07:15	72.985	73.005	72.955	72.995	5
2025-03-28 07:20	72.985	72.995	72.965	72.995	5
2025-03-28 07:25	73.005	73.015	72.995	73.015	4
2025-03-28 07:30	73.005	73.015	72.980	72.995	5
2025-03-28 07:35	72.990	73.015	72.985	72.995	5
2025-03-28 07:40	72.985	73.005	72.985	73.005	4
2025-03-28 07:45	73.015	73.035	73.005	73.015	4
2025-03-28 07:50	73.010	73.010	72.945	72.955	4
2025-03-28 07:55	72.965	72.995	72.945	72.965	5
2025-03-28 08:00	72.975	73.015	72.945	72.985	5
2025-03-28 08:05	72.980	73.035	72.970	72.985	5
2025-03-28 08:10	72.980	73.025	72.960	73.005	5
2025-03-28 08:15	72.995	73.030	72.960	73.005	5
2025-03-28 08:20	73.000	73.000	72.925	72.980	5
2025-03-28 08:25	72.985	73.035	72.955	73.015	5
2025-03-28 08:30	73.010	73.085	72.965	73.075	5
2025-03-28 08:35	73.065	73.215	73.065	73.185	5
2025-03-28 08:40	73.175	73.205	73.155	73.195	5
2025-03-28 08:45	73.200	73.215	73.145	73.185	5
2025-03-28 08:50	73.175	73.245	73.165	73.235	5
2025-03-28 08:55	73.240	73.255	73.225	73.245	5
2025-03-28 09:00	73.255	73.255	73.180	73.205	5
2025-03-28 09:05	73.225	73.275	73.215	73.265	5
2025-03-28 09:10	73.275	73.275	73.225	73.265	4
2025-03-28 09:15	73.275	73.275	73.235	73.235	5
2025-03-28 09:20	73.240	73.265	73.235	73.245	5
2025-03-28 09:25	73.240	73.315	73.205	73.295	5
2025-03-28 09:30	73.305	73.425	73.285	73.420	5
2025-03-28 09:35	73.415	73.425	73.355	73.395	5
2025-03-28 09:40	73.385	73.395	73.345	73.395	5
2025-03-28 09:45	73.375	73.385	73.295	73.365	5
2025-03-28 09:50	73.375	73.415	73.340	73.340	5
2025-03-28 09:55	73.335	73.425	73.335	73.375	5
2025-03-28 10:00	73.380	73.395	73.315	73.335	5
2025-03-28 10:05	73.325	73.325	73.275	73.275	5
2025-03-28 10:10	73.285	73.285	73.205	73.235	5
2025-03-28 10:15	73.245	73.255	73.225	73.245	5
2025-03-28 10:20	73.255	73.275	73.225	73.245	5
2025-03-28 10:25	73.250	73.255	73.135	73.145	5
2025-03-28 10:30	73.140	73.225	73.130	73.205	5
2025-03-28 10:35	73.195	73.220	73.165	73.165	5
2025-03-28 10:40	73.175	73.185	73.135	73.145	5
2025-03-28 10:45	73.150	73.150	73.095	73.110	5
2025-03-28 10:50	73.115	73.135	73.105	73.115	5
2025-03-28 10:55	73.120	73.165	73.115	73.145	5
2025-03-28 11:00	73.150	73.170	73.125	73.145	5
2025-03-28 11:05	73.135	73.135	73.075	73.085	5
2025-03-28 11:10	73.090	73.105	73.065	73.095	4
2025-03-28 11:15	73.105	73.185	73.095	73.175	5
2025-03-28 11:20	73.165	73.165	73.095	73.125	5
2025-03-28 11:25	73.120	73.210	73.120	73.205	5
2025-03-28 11:30	73.215	73.275	73.215	73.260	5
2025-03-28 11:35	73.265	73.315	73.255	73.295	5
2025-03-28 11:40	73.305	73.305	73.265	73.275	4
2025-03-28 11:45	73.270	73.275	73.195	73.245	5
2025-03-28 11:50	73.235	73.305	73.235	73.295	5
2025-03-28 11:55	73.300	73.325	73.280	73.315	5
2025-03-28 12:00	73.305	73.345	73.295	73.295	5
2025-03-28 12:05	73.305	73.360	73.305	73.325	5
2025-03-28 12:10	73.335	73.350	73.305	73.345	5
2025-03-28 12:15	73.340	73.405	73.335	73.395	5
2025-03-28 12:20	73.405	73.435	73.395	73.415	5
2025-03-28 12:25	73.405	73.420	73.380	73.395	5
2025-03-28 12:30	73.390	73.425	73.310	73.315	5
2025-03-28 12:35	73.310	73.335	73.285	73.305	5
2025-03-28 12:40	73.315	73.375	73.295	73.355	5
2025-03-28 12:45	73.345	73.390	73.345	73.385	5
2025-03-28 12:50	73.395	73.395	73.335	73.345	5
2025-03-28 12:55	73.350	73.385	73.315	73.315	5
2025-03-28 13:00	73.325	73.335	73.075	73.155	5
2025-03-28 13:05	73.160	73.285	73.100	73.185	5
2025-03-28 13:10	73.175	73.245	73.170	73.245	5
2025-03-28 13:15	73.235	73.250	73.095	73.110	5
2025-03-28 13:20	73.105	73.145	73.035	73.140	5
2025-03-28 13:25	73.135	73.175	73.065	73.155	5
2025-03-28 13:30	73.150	73.155	72.995	73.030	5
2025-03-28 13:35	73.025	73.115	73.025	73.100	5
2025-03-28 13:40	73.095	73.130	73.035	73.035	5
2025-03-28 13:45	73.045	73.125	73.035	73.045	5
2025-03-28 13:50	73.055	73.065	72.905	73.005	5
2025-03-28 13:55	73.000	73.030	72.965	72.995	5
2025-03-28 14:00	72.990	73.065	72.945	72.955	5
2025-03-28 14:05	72.960	72.985	72.913	72.945	5
2025-03-28 14:10	72.935	72.965	72.785	72.805	5
2025-03-28 14:15	72.810	72.825	72.695	72.755	5
2025-03-28 14:20	72.775	72.865	72.750	72.805	5
2025-03-28 14:25	72.815	72.845	72.715	72.725	5
2025-03-28 14:30	72.720	72.815	72.585	72.625	5
2025-03-28 14:35	72.635	72.685	72.595	72.675	5
2025-03-28 14:40	72.685	72.855	72.675	72.845	5
2025-03-28 14:45	72.850	72.915	72.740	72.745	5
2025-03-28 14:50	72.735	72.855	72.735	72.805	5
2025-03-28 14:55	72.790	72.795	72.695	72.755	5
2025-03-28 15:00	72.765	72.775	72.680	72.705	5
2025-03-28 15:05	72.700	72.795	72.700	72.715	5
2025-03-28 15:10	72.705	72.835	72.668	72.825	5
2025-03-28 15:15	72.830	72.875	72.795	72.845	5
2025-03-28 15:20	72.835	72.855	72.765	72.805	5
2025-03-28 15:25	72.795	72.845	72.755	72.795	5
2025-03-28 15:30	72.800	72.815	72.745	72.770	5
2025-03-28 15:35	72.765	72.865	72.765	72.850	5
2025-03-28 15:40	72.845	72.865	72.530	72.625	5
2025-03-28 15:45	72.605	72.695	72.585	72.640	5
2025-03-28 15:50	72.645	72.670	72.585	72.605	5
2025-03-28 15:55	72.600	72.635	72.555	72.555	5
2025-03-28 16:00	72.565	72.605	72.465	72.490	5
2025-03-28 16:05	72.485	72.732	72.415	72.495	5
2025-03-28 16:10	72.485	72.525	72.395	72.465	5
2025-03-28 16:15	72.470	72.510	72.435	72.475	5
2025-03-28 16:20	72.485	72.505	72.367	72.375	5
2025-03-28 16:25	72.367	72.545	72.367	72.465	5
2025-03-28 16:30	72.475	72.600	72.475	72.565	5
2025-03-28 16:35	72.555	72.620	72.485	72.610	5
2025-03-28 16:40	72.605	72.660	72.605	72.625	5
2025-03-28 16:45	72.635	72.645	72.585	72.605	5
2025-03-28 16:50	72.600	72.665	72.590	72.665	5
2025-03-28 16:55	72.675	72.675	72.605	72.625	5
2025-03-28 17:00	72.630	72.725	72.610	72.715	5
2025-03-28 17:05	72.725	72.755	72.695	72.735	5
2025-03-28 17:10	72.725	72.765	72.715	72.725	5
2025-03-28 17:15	72.730	72.765	72.730	72.765	5
2025-03-28 17:20	72.755	72.795	72.705	72.765	5
2025-03-28 17:25	72.770	72.775	72.685	72.695	5
2025-03-28 17:30	72.705	72.705	72.635	72.675	5
2025-03-28 17:35	72.685	72.775	72.680	72.765	5
2025-03-28 17:40	72.755	72.775	72.705	72.710	5
2025-03-28 17:45	72.715	72.745	72.675	72.675	5
2025-03-28 17:50	72.680	72.710	72.655	72.665	5
2025-03-28 17:55	72.660	72.685	72.635	72.675	5
2025-03-28 18:00	72.685	72.745	72.675	72.730	5
2025-03-28 18:05	72.725	72.755	72.705	72.735	5
2025-03-28 18:10	72.730	72.755	72.725	72.745	5
2025-03-28 18:15	72.750	72.775	72.735	72.735	5
2025-03-28 18:20	72.740	72.750	72.705	72.705	5
2025-03-28 18:25	72.715	72.765	72.695	72.715	5
2025-03-28 18:30	72.705	72.745	72.695	72.705	5
2025-03-28 18:35	72.715	72.715	72.685	72.695	5
2025-03-28 18:40	72.690	72.695	72.675	72.680	5
2025-03-28 18:45	72.685	72.685	72.625	72.655	5
2025-03-28 18:50	72.650	72.675	72.635	72.675	5
2025-03-28 18:55	72.665	72.680	72.655	72.675	5
2025-03-28 19:00	72.665	72.685	72.665	72.685	5
2025-03-28 19:05	72.680	72.700	72.680	72.680	5
2025-03-28 19:10	72.685	72.685	72.655	72.665	5
2025-03-28 19:15	72.670	72.670	72.605	72.615	5
2025-03-28 19:20	72.625	72.625	72.595	72.605	5
2025-03-28 19:25	72.610	72.625	72.595	72.605	5
2025-03-28 19:30	72.615	72.615	72.540	72.540	5
2025-03-28 19:35	72.545	72.565	72.545	72.555	5
2025-03-28 19:40	72.550	72.560	72.535	72.545	3
2025-03-28 19:45	72.555	72.555	72.535	72.550	5
2025-03-28 19:50	72.555	72.555	72.510	72.510	5
2025-03-28 19:55	72.505	72.525	72.505	72.525	5
2025-03-28 20:00	72.530	72.545	72.505	72.545	5
2025-03-28 20:05	72.535	72.555	72.535	72.535	5
2025-03-28 20:10	72.530	72.555	72.530	72.540	5
2025-03-28 20:15	72.545	72.560	72.540	72.545	5
2025-03-28 20:20	72.550	72.565	72.545	72.560	5
2025-03-28 20:25	72.550	72.570	72.550	72.570	5
2025-03-28 20:30	72.575	72.590	72.538	72.575	5
2025-03-28 20:35	72.570	72.570	72.535	72.540	4
2025-03-28 20:40	72.535	72.535	72.505	72.510	5
2025-03-28 20:45	72.515	72.515	72.485	72.485	4
2025-03-28 20:50	72.475	72.480	72.430	72.440	4
2025-03-28 20:55	72.435	72.440	72.395	72.425	5
2025-03-31 00:00	72.827	72.865	72.827	72.845	3
2025-03-31 00:05	72.835	72.890	72.790	72.795	5
2025-03-31 00:10	72.790	72.790	72.710	72.720	5
2025-03-31 00:15	72.725	72.725	72.535	72.585	5
2025-03-31 00:20	72.580	72.615	72.580	72.615	5
2025-03-31 00:25	72.625	72.625	72.475	72.490	5
2025-03-31 00:30	72.495	72.505	72.367	72.367	5
2025-03-31 00:35	72.367	72.367	72.255	72.315	5
2025-03-31 00:40	72.320	72.375	72.315	72.355	5
2025-03-31 00:45	72.360	72.415	72.360	72.380	5
2025-03-31 00:50	72.385	72.435	72.350	72.355	5
2025-03-31 00:55	72.350	72.370	72.285	72.320	5
2025-03-31 01:00	72.335	72.550	72.315	72.545	5
2025-03-31 01:05	72.550	72.595	72.505	72.505	5
2025-03-31 01:10	72.500	72.535	72.465	72.525	5
2025-03-31 01:15	72.530	72.535	72.495	72.520	5
2025-03-31 01:20	72.525	72.655	72.525	72.630	5
2025-03-31 01:25	72.625	72.665	72.575	72.665	5
2025-03-31 01:30	72.675	72.675	72.545	72.615	5
2025-03-31 01:35	72.620	72.625	72.475	72.480	5
2025-03-31 01:40	72.485	72.535	72.480	72.500	5
2025-03-31 01:45	72.495	72.565	72.470	72.565	5
2025-03-31 01:50	72.560	72.580	72.530	72.575	5
2025-03-31 01:55	72.570	72.605	72.535	72.575	5
2025-03-31 02:00	72.565	72.580	72.475	72.490	5
2025-03-31 02:05	72.485	72.495	72.370	72.405	5
2025-03-31 02:10	72.400	72.455	72.355	72.450	5
2025-03-31 02:15	72.455	72.485	72.445	72.475	5
2025-03-31 02:20	72.480	72.480	72.455	72.460	5
2025-03-31 02:25	72.455	72.495	72.455	72.465	5
2025-03-31 02:30	72.460	72.475	72.435	72.455	5
2025-03-31 02:35	72.460	72.475	72.435	72.465	5
2025-03-31 02:40	72.470	72.470	72.370	72.385	5
2025-03-31 02:45	72.380	72.395	72.365	72.375	5
2025-03-31 02:50	72.370	72.385	72.345	72.385	5
2025-03-31 02:55	72.380	72.475	72.380	72.475	5
2025-03-31 03:00	72.480	72.515	72.415	72.415	5
2025-03-31 03:05	72.425	72.445	72.415	72.425	5
2025-03-31 03:10	72.435	72.455	72.415	72.445	5
2025-03-31 03:15	72.440	72.460	72.410	72.435	5
2025-03-31 03:20	72.440	72.490	72.435	72.480	5
2025-03-31 03:25	72.485	72.490	72.435	72.450	5
2025-03-31 03:30	72.455	72.455	72.430	72.455	5
2025-03-31 03:35	72.450	72.465	72.440	72.450	5
2025-03-31 03:40	72.445	72.445	72.420	72.440	5
2025-03-31 03:45	72.435	72.445	72.425	72.435	5
2025-03-31 03:50	72.388	72.445	72.388	72.440	4
2025-03-31 03:55	72.435	72.455	72.388	72.440	4
2025-03-31 04:00	72.435	72.445	72.425	72.435	5
2025-03-31 04:05	72.388	72.460	72.388	72.455	4
2025-03-31 04:10	72.450	72.475	72.435	72.460	5
2025-03-31 04:15	72.465	72.465	72.455	72.460	4
2025-03-31 04:20	72.455	72.465	72.430	72.450	5
2025-03-31 04:25	72.455	72.475	72.440	72.475	5
2025-03-31 04:30	72.495	72.540	72.475	72.520	5
2025-03-31 04:35	72.525	72.525	72.505	72.515	5
2025-03-31 04:40	72.510	72.510	72.475	72.480	4
2025-03-31 04:45	72.485	72.485	72.445	72.445	5
2025-03-31 04:50	72.455	72.455	72.430	72.435	5
2025-03-31 04:55	72.430	72.445	72.425	72.435	5
2025-03-31 05:00	72.425	72.460	72.425	72.435	4
2025-03-31 05:05	72.440	72.465	72.435	72.455	5
2025-03-31 05:10	72.465	72.485	72.445	72.475	4
2025-03-31 05:15	72.465	72.475	72.435	72.450	5
2025-03-31 05:20	72.465	72.480	72.450	72.475	5
2025-03-31 05:25	72.485	72.495	72.465	72.475	5
2025-03-31 05:30	72.480	72.520	72.465	72.475	5
2025-03-31 05:35	72.465	72.475	72.425	72.440	5
2025-03-31 05:40	72.445	72.445	72.425	72.435	5
2025-03-31 05:45	72.440	72.505	72.430	72.505	5
2025-03-31 05:50	72.500	72.655	72.495	72.625	5
2025-03-31 05:55	72.635	72.675	72.605	72.665	5
2025-03-31 06:00	72.655	72.695	72.630	72.655	5
2025-03-31 06:05	72.665	72.715	72.625	72.680	5
2025-03-31 06:10	72.685	72.705	72.675	72.695	5
2025-03-31 06:15	72.705	72.795	72.695	72.750	5
2025-03-31 06:20	72.755	72.805	72.735	72.795	5
2025-03-31 06:25	72.785	72.795	72.755	72.785	5
2025-03-31 06:30	72.795	72.805	72.745	72.745	5
2025-03-31 06:35	72.755	72.775	72.705	72.705	5
2025-03-31 06:40	72.700	72.715	72.675	72.715	5
2025-03-31 06:45	72.710	72.735	72.700	72.730	5
2025-03-31 06:50	72.735	72.745	72.685	72.695	5
2025-03-31 06:55	72.705	72.750	72.700	72.715	5
2025-03-31 07:00	72.725	72.725	72.535	72.565	5
2025-03-31 07:05	72.555	72.585	72.485	72.505	5
2025-03-31 07:10	72.510	72.570	72.505	72.545	5
2025-03-31 07:15	72.555	72.600	72.545	72.595	5
2025-03-31 07:20	72.585	72.605	72.545	72.605	5
2025-03-31 07:25	72.615	72.685	72.605	72.665	5
2025-03-31 07:30	72.675	72.735	72.645	72.675	5
2025-03-31 07:35	72.665	72.825	72.665	72.815	5
2025-03-31 07:40	72.825	72.945	72.805	72.925	5
2025-03-31 07:45	72.935	73.055	72.925	73.045	5
2025-03-31 07:50	73.055	73.155	73.040	73.095	5
2025-03-31 07:55	73.085	73.255	73.085	73.255	5
2025-03-31 08:00	73.260	73.355	73.215	73.255	5
2025-03-31 08:05	73.245	73.475	73.245	73.445	5
2025-03-31 08:10	73.450	73.530	73.435	73.515	5
2025-03-31 08:15	73.525	73.525	73.330	73.335	5
2025-03-31 08:20	73.345	73.365	73.295	73.305	5
2025-03-31 08:25	73.300	73.305	73.125	73.145	5
2025-03-31 08:30	73.155	73.240	73.065	73.165	5
2025-03-31 08:35	73.170	73.215	73.105	73.125	5
2025-03-31 08:40	73.135	73.170	73.055	73.125	5
2025-03-31 08:45	73.120	73.245	73.120	73.190	5
2025-03-31 08:50	73.195	73.275	73.180	73.245	5
2025-03-31 08:55	73.250	73.315	73.215	73.275	5
2025-03-31 09:00	73.270	73.300	73.155	73.175	5
2025-03-31 09:05	73.185	73.195	73.135	73.185	5
2025-03-31 09:10	73.180	73.255	73.115	73.130	5
2025-03-31 09:15	73.135	73.175	73.055	73.155	5
2025-03-31 09:20	73.145	73.165	73.075	73.085	5
2025-03-31 09:25	73.075	73.125	73.030	73.105	5
2025-03-31 09:30	73.100	73.125	73.085	73.125	5
2025-03-31 09:35	73.135	73.205	73.065	73.065	5
2025-03-31 09:40	73.055	73.055	72.945	72.950	5
2025-03-31 09:45	72.955	72.955	72.885	72.905	5
2025-03-31 09:50	72.915	72.925	72.825	72.840	5
2025-03-31 09:55	72.845	72.905	72.845	72.885	5
2025-03-31 10:00	72.895	72.935	72.825	72.835	5
2025-03-31 10:05	72.845	72.885	72.825	72.845	5
2025-03-31 10:10	72.840	72.865	72.805	72.865	5
2025-03-31 10:15	72.875	72.895	72.825	72.835	5
2025-03-31 10:20	72.845	72.915	72.835	72.905	5
2025-03-31 10:25	72.895	72.965	72.885	72.935	5
2025-03-31 10:30	72.945	72.955	72.910	72.955	5
2025-03-31 10:35	72.945	73.010	72.935	72.995	5
2025-03-31 10:40	72.990	73.035	72.975	73.005	5
2025-03-31 10:45	73.000	73.140	73.000	73.115	5
2025-03-31 10:50	73.105	73.115	72.965	72.990	5
2025-03-31 10:55	72.985	72.995	72.905	72.920	5
2025-03-31 11:00	72.925	72.995	72.925	72.965	5
2025-03-31 11:05	72.970	73.025	72.945	73.015	5
2025-03-31 11:10	73.020	73.055	73.005	73.040	5
2025-03-31 11:15	73.045	73.050	73.005	73.020	5
2025-03-31 11:20	73.025	73.045	72.845	72.845	5
2025-03-31 11:25	72.855	72.865	72.805	72.845	5
2025-03-31 11:30	72.850	72.895	72.825	72.875	5
2025-03-31 11:35	72.880	72.955	72.875	72.945	5
2025-03-31 11:40	72.960	72.985	72.895	72.895	5
2025-03-31 11:45	72.900	72.975	72.875	72.920	5
2025-03-31 11:50	72.925	73.005	72.925	72.975	5
2025-03-31 11:55	72.955	73.015	72.955	72.995	5
2025-03-31 12:00	72.985	73.015	72.935	72.955	5
2025-03-31 12:05	72.945	72.965	72.905	72.945	5
2025-03-31 12:10	72.955	72.995	72.935	72.985	5
2025-03-31 12:15	73.015	73.035	72.975	73.010	5
2025-03-31 12:20	73.005	73.010	72.795	72.815	5
2025-03-31 12:25	72.805	72.840	72.785	72.800	5
2025-03-31 12:30	72.795	72.875	72.795	72.865	5
2025-03-31 12:35	72.875	72.955	72.865	72.945	5
2025-03-31 12:40	72.955	73.025	72.945	73.025	5
2025-03-31 12:45	73.035	73.065	73.005	73.065	5
2025-03-31 12:50	73.075	73.125	73.045	73.105	5
2025-03-31 12:55	73.115	73.195	73.095	73.165	5
2025-03-31 13:00	73.155	73.165	73.065	73.115	5
2025-03-31 13:05	73.100	73.125	73.015	73.045	5
2025-03-31 13:10	73.055	73.130	73.045	73.105	5
2025-03-31 13:15	73.110	73.155	73.085	73.135	5
2025-03-31 13:20	73.145	73.180	73.100	73.145	5
2025-03-31 13:25	73.135	73.175	73.105	73.175	5
2025-03-31 13:30	73.185	73.200	72.965	73.020	5
2025-03-31 13:35	73.015	73.245	73.010	73.175	5
2025-03-31 13:40	73.185	73.185	72.920	72.920	5
2025-03-31 13:45	72.925	73.175	72.885	73.170	5
2025-03-31 13:50	73.165	73.485	73.150	73.440	5
2025-03-31 13:55	73.435	73.695	73.405	73.685	5
2025-03-31 14:00	73.675	73.795	73.645	73.715	5
2025-03-31 14:05	73.725	73.775	73.635	73.765	5
2025-03-31 14:10	73.755	73.845	73.735	73.805	5
2025-03-31 14:15	73.795	73.955	73.785	73.945	5
2025-03-31 14:20	73.935	73.975	73.905	73.935	5
2025-03-31 14:25	73.930	73.975	73.905	73.965	5
2025-03-31 14:30	73.970	74.105	73.965	74.055	5
2025-03-31 14:35	74.045	74.215	74.025	74.210	5
2025-03-31 14:40	74.215	74.235	74.135	74.185	5
2025-03-31 14:45	74.195	74.290	74.165	74.275	5
2025-03-31 14:50	74.265	74.290	74.135	74.205	5
2025-03-31 14:55	74.215	74.225	74.155	74.185	5
2025-03-31 15:00	74.205	74.235	74.145	74.205	5
2025-03-31 15:05	74.210	74.295	74.185	74.235	5
2025-03-31 15:10	74.240	74.255	74.155	74.155	5
2025-03-31 15:15	74.145	74.245	74.145	74.225	5
2025-03-31 15:20	74.235	74.345	74.225	74.325	5
2025-03-31 15:25	74.335	74.405	74.305	74.405	5
2025-03-31 15:30	74.395	74.425	74.350	74.385	5
2025-03-31 15:35	74.395	74.455	74.380	74.395	5
2025-03-31 15:40	74.405	74.445	74.395	74.425	5
2025-03-31 15:45	74.430	74.575	74.415	74.575	5
2025-03-31 15:50	74.565	74.590	74.505	74.585	5
2025-03-31 15:55	74.575	74.655	74.555	74.645	5
2025-03-31 16:00	74.650	74.705	74.630	74.665	5
2025-03-31 16:05	74.675	74.675	74.635	74.655	5
2025-03-31 16:10	74.660	74.675	74.605	74.665	5
2025-03-31 16:15	74.660	74.685	74.615	74.675	5
2025-03-31 16:20	74.680	74.695	74.655	74.695	5
2025-03-31 16:25	74.685	74.745	74.675	74.745	5
2025-03-31 16:30	74.755	74.765	74.725	74.750	5
2025-03-31 16:35	74.745	74.865	74.725	74.865	5
2025-03-31 16:40	74.855	74.935	74.855	74.905	5
2025-03-31 16:45	74.915	75.005	74.895	75.005	5
2025-03-31 16:50	75.015	75.015	74.955	74.995	5
2025-03-31 16:55	74.985	75.005	74.855	74.905	5
2025-03-31 17:00	74.900	74.900	74.755	74.875	5
2025-03-31 17:05	74.865	74.880	74.805	74.845	5
2025-03-31 17:10	74.840	74.875	74.815	74.855	5
2025-03-31 17:15	74.865	74.865	74.785	74.795	5
2025-03-31 17:20	74.800	74.825	74.715	74.765	5
2025-03-31 17:25	74.760	74.795	74.725	74.770	5
2025-03-31 17:30	74.765	74.825	74.720	74.815	5
2025-03-31 17:35	74.825	74.835	74.740	74.765	5
2025-03-31 17:40	74.770	74.785	74.735	74.775	5
2025-03-31 17:45	74.765	74.830	74.755	74.825	5
2025-03-31 17:50	74.835	74.845	74.800	74.805	5
2025-03-31 17:55	74.800	74.800	74.735	74.745	5
2025-03-31 18:00	74.735	74.785	74.705	74.755	5
2025-03-31 18:05	74.760	74.825	74.735	74.815	5
2025-03-31 18:10	74.810	74.895	74.775	74.815	5
2025-03-31 18:15	74.805	74.865	74.795	74.795	5
2025-03-31 18:20	74.805	74.820	74.775	74.785	5
2025-03-31 18:25	74.780	74.785	74.715	74.765	5
2025-03-31 18:30	74.755	74.825	74.735	74.825	5
2025-03-31 18:35	74.830	74.850	74.815	74.840	5
2025-03-31 18:40	74.835	74.855	74.815	74.825	5
2025-03-31 18:45	74.815	74.845	74.785	74.805	5
2025-03-31 18:50	74.795	74.815	74.790	74.795	5
2025-03-31 18:55	74.785	74.805	74.775	74.785	5
2025-03-31 19:00	74.775	74.775	74.745	74.765	5
2025-03-31 19:05	74.755	74.790	74.745	74.785	5
2025-03-31 19:10	74.775	74.810	74.775	74.785	5
2025-03-31 19:15	74.795	74.805	74.755	74.790	5
2025-03-31 19:20	74.795	74.800	74.775	74.795	5
2025-03-31 19:25	74.790	74.795	74.745	74.745	5
2025-03-31 19:30	74.740	74.755	74.735	74.745	5
2025-03-31 19:35	74.750	74.755	74.710	74.710	4
2025-03-31 19:40	74.715	74.745	74.705	74.705	5
2025-03-31 19:45	74.710	74.725	74.700	74.705	5
2025-03-31 19:50	74.715	74.715	74.685	74.700	5
2025-03-31 19:55	74.695	74.700	74.660	74.665	5
2025-03-31 20:00	74.642	74.642	74.602	74.602	5
2025-03-31 20:05	74.597	74.597	74.562	74.562	5
2025-03-31 20:10	74.567	74.572	74.537	74.562	5
2025-03-31 20:15	74.557	74.597	74.557	74.597	5
2025-03-31 20:20	74.587	74.612	74.587	74.612	5
2025-03-31 20:25	74.607	74.672	74.597	74.672	5
2025-03-31 20:30	74.682	74.702	74.677	74.687	5
2025-03-31 20:35	74.692	74.692	74.682	74.692	3
2025-03-31 20:40	74.687	74.702	74.672	74.672	4
2025-03-31 20:45	74.662	74.672	74.642	74.642	5
2025-03-31 20:50	74.637	74.642	74.602	74.622	5
2025-03-31 20:55	74.617	74.647	74.607	74.642	4
2025-04-01 00:00	74.637	74.715	74.595	74.595	5
2025-04-01 00:05	74.610	74.680	74.610	74.675	5
2025-04-01 00:10	74.680	74.695	74.630	74.645	5
2025-04-01 00:15	74.640	74.700	74.640	74.695	5
2025-04-01 00:20	74.685	74.700	74.680	74.695	3
2025-04-01 00:25	74.685	74.715	74.675	74.705	5
2025-04-01 00:30	74.695	74.705	74.690	74.705	5
2025-04-01 00:35	74.715	74.760	74.688	74.760	4
2025-04-01 00:40	74.755	74.755	74.715	74.725	5
2025-04-01 00:45	74.735	74.745	74.678	74.725	5
2025-04-01 00:50	74.730	74.735	74.675	74.700	5
2025-04-01 00:55	74.695	74.705	74.665	74.680	5
2025-04-01 01:00	74.675	74.780	74.675	74.685	5
2025-04-01 01:05	74.675	74.695	74.655	74.655	5
2025-04-01 01:10	74.665	74.700	74.635	74.680	5
2025-04-01 01:15	74.685	74.695	74.645	74.680	5
2025-04-01 01:20	74.685	74.765	74.685	74.745	5
2025-04-01 01:25	74.740	74.765	74.720	74.765	5
2025-04-01 01:30	74.770	74.840	74.755	74.785	5
2025-04-01 01:35	74.780	74.785	74.750	74.775	5
2025-04-01 01:40	74.770	74.855	74.765	74.845	5
2025-04-01 01:45	74.850	74.885	74.850	74.855	5
2025-04-01 01:50	74.860	74.875	74.805	74.815	5
2025-04-01 01:55	74.805	74.825	74.785	74.825	5
2025-04-01 02:00	74.815	74.825	74.785	74.805	5
2025-04-01 02:05	74.810	74.885	74.805	74.875	5
2025-04-01 02:10	74.890	74.925	74.885	74.915	5
2025-04-01 02:15	74.920	74.945	74.905	74.935	5
2025-04-01 02:20	74.955	74.955	74.950	74.955	1
2025-04-01 02:25	74.965	74.975	74.955	74.965	5
2025-04-01 02:30	74.970	74.970	74.910	74.945	4
2025-04-01 02:35	74.950	74.985	74.945	74.955	5
2025-04-01 02:40	74.965	74.985	74.955	74.965	5
2025-04-01 02:45	74.975	74.995	74.970	74.985	5
2025-04-01 02:50	74.995	74.995	74.960	74.965	4
2025-04-01 02:55	74.970	74.975	74.930	74.940	5
2025-04-01 03:00	74.945	74.965	74.905	74.960	5
2025-04-01 03:05	74.955	74.955	74.920	74.925	5
2025-04-01 03:10	74.935	74.995	74.935	74.985	5
2025-04-01 03:15	74.980	74.980	74.910	74.930	5
2025-04-01 03:20	74.935	74.945	74.875	74.915	5
2025-04-01 03:25	74.920	74.955	74.915	74.925	5
2025-04-01 03:30	74.920	74.990	74.910	74.985	5
2025-04-01 03:35	74.990	74.990	74.905	74.905	5
2025-04-01 03:40	74.910	74.975	74.895	74.950	5
2025-04-01 03:45	74.955	74.965	74.945	74.965	3
2025-04-01 03:50	74.970	74.975	74.925	74.935	5
2025-04-01 03:55	74.945	74.970	74.945	74.960	5
2025-04-01 04:00	74.955	74.955	74.920	74.925	5
2025-04-01 04:05	74.915	74.930	74.905	74.915	4
2025-04-01 04:10	74.925	74.935	74.915	74.935	4
2025-04-01 04:15	74.925	74.940	74.915	74.915	5
2025-04-01 04:20	74.920	74.950	74.910	74.950	5
2025-04-01 04:25	74.945	74.945	74.910	74.915	4
2025-04-01 04:30	74.925	74.955	74.915	74.945	5
2025-04-01 04:35	74.935	74.935	74.925	74.925	4
2025-04-01 04:40	74.930	74.955	74.925	74.935	5
2025-04-01 04:45	74.940	74.955	74.940	74.955	3
2025-04-01 04:50	74.950	74.955	74.935	74.935	3
2025-04-01 04:55	74.945	74.955	74.940	74.945	4
2025-04-01 05:00	74.940	74.955	74.915	74.950	5
2025-04-01 05:05	74.945	74.945	74.890	74.895	5
2025-04-01 05:10	74.900	74.925	74.895	74.915	5
2025-04-01 05:15	74.920	74.955	74.915	74.950	5
2025-04-01 05:20	74.955	74.955	74.915	74.925	5
2025-04-01 05:25	74.915	74.915	74.890	74.910	5
2025-04-01 05:30	74.905	74.935	74.875	74.930	5
2025-04-01 05:35	74.925	74.955	74.925	74.955	5
2025-04-01 05:40	74.950	74.975	74.925	74.930	5
2025-04-01 05:45	74.935	74.955	74.905	74.910	5
2025-04-01 05:50	74.915	74.955	74.905	74.935	5
2025-04-01 05:55	74.940	74.940	74.875	74.875	5
2025-04-01 06:00	74.865	74.885	74.830	74.870	5
2025-04-01 06:05	74.875	74.905	74.855	74.860	5
2025-04-01 06:10	74.865	74.890	74.835	74.885	5
2025-04-01 06:15	74.895	74.935	74.880	74.905	5
2025-04-01 06:20	74.895	74.930	74.860	74.895	5
2025-04-01 06:25	74.890	74.955	74.875	74.935	5
2025-04-01 06:30	74.930	74.995	74.915	74.965	5
2025-04-01 06:35	74.960	74.965	74.905	74.965	5
2025-04-01 06:40	74.955	74.980	74.945	74.955	5
2025-04-01 06:45	74.965	74.975	74.930	74.970	5
2025-04-01 06:50	74.975	74.985	74.915	74.965	5
2025-04-01 06:55	74.955	74.975	74.915	74.965	5
2025-04-01 07:00	74.970	74.970	74.855	74.925	5
2025-04-01 07:05	74.935	74.965	74.915	74.915	5
2025-04-01 07:10	74.935	74.935	74.855	74.915	5
2025-04-01 07:15	74.925	74.925	74.835	74.840	5
2025-04-01 07:20	74.845	74.845	74.755	74.795	5
2025-04-01 07:25	74.790	74.795	74.745	74.775	5
2025-04-01 07:30	74.780	74.795	74.695	74.735	5
2025-04-01 07:35	74.750	74.755	74.680	74.695	5
2025-04-01 07:40	74.705	74.735	74.655	74.665	5
2025-04-01 07:45	74.660	74.685	74.635	74.650	5
2025-04-01 07:50	74.655	74.665	74.555	74.555	5
2025-04-01 07:55	74.545	74.565	74.465	74.465	5
2025-04-01 08:00	74.475	74.525	74.425	74.440	5
2025-04-01 08:05	74.435	74.550	74.430	74.515	5
2025-04-01 08:10	74.510	74.575	74.465	74.485	5
2025-04-01 08:15	74.475	74.475	74.395	74.415	5
2025-04-01 08:20	74.410	74.515	74.405	74.455	5
2025-04-01 08:25	74.445	74.505	74.400	74.505	5
2025-04-01 08:30	74.495	74.535	74.435	74.445	5
2025-04-01 08:35	74.435	74.545	74.395	74.525	5
2025-04-01 08:40	74.535	74.615	74.535	74.605	5
2025-04-01 08:45	74.615	74.615	74.505	74.595	5
2025-04-01 08:50	74.585	74.615	74.545	74.565	5
2025-04-01 08:55	74.575	74.615	74.535	74.565	5
2025-04-01 09:00	74.555	74.620	74.550	74.600	5
2025-04-01 09:05	74.605	74.605	74.545	74.575	5
2025-04-01 09:10	74.585	74.600	74.535	74.550	5
2025-04-01 09:15	74.555	74.645	74.515	74.615	5
2025-04-01 09:20	74.600	74.745	74.595	74.745	4
2025-04-01 09:25	74.755	74.865	74.750	74.865	5
2025-04-01 09:30	74.855	74.900	74.800	74.895	5
2025-04-01 09:35	74.890	74.905	74.815	74.885	5
2025-04-01 09:40	74.875	74.945	74.855	74.935	5
2025-04-01 09:45	74.925	74.955	74.915	74.925	5
2025-04-01 09:50	74.935	74.965	74.875	74.965	5
2025-04-01 09:55	74.975	74.995	74.925	74.965	5
2025-04-01 10:00	74.970	75.095	74.923	75.095	5
2025-04-01 10:05	75.085	75.165	75.055	75.150	5
2025-04-01 10:10	75.145	75.215	75.095	75.200	5
2025-04-01 10:15	75.195	75.235	75.155	75.210	5
2025-04-01 10:20	75.215	75.255	75.195	75.220	5
2025-04-01 10:25	75.225	75.255	75.185	75.195	5
2025-04-01 10:30	75.190	75.195	75.075	75.085	5
2025-04-01 10:35	75.090	75.160	75.085	75.125	5
2025-04-01 10:40	75.115	75.135	75.085	75.100	5
2025-04-01 10:45	75.095	75.095	75.025	75.025	5
2025-04-01 10:50	75.015	75.015	74.885	74.895	5
2025-04-01 10:55	74.890	74.935	74.835	74.925	5
2025-04-01 11:00	74.930	74.930	74.855	74.895	5
2025-04-01 11:05	74.905	74.905	74.775	74.775	5
2025-04-01 11:10	74.765	74.785	74.725	74.755	5
2025-04-01 11:15	74.765	74.775	74.725	74.750	5
2025-04-01 11:20	74.745	74.745	74.675	74.725	5
2025-04-01 11:25	74.715	74.745	74.685	74.735	5
2025-04-01 11:30	74.725	74.755	74.625	74.635	5
2025-04-01 11:35	74.630	74.675	74.620	74.645	5
2025-04-01 11:40	74.640	74.805	74.635	74.800	5
2025-04-01 11:45	74.795	74.815	74.755	74.770	5
2025-04-01 11:50	74.775	74.775	74.675	74.675	5
2025-04-01 11:55	74.680	74.695	74.605	74.645	5
2025-04-01 12:00	74.655	74.665	74.605	74.645	5
2025-04-01 12:05	74.640	74.715	74.635	74.705	5
2025-04-01 12:10	74.710	74.710	74.615	74.620	5
2025-04-01 12:15	74.625	74.630	74.575	74.630	5
2025-04-01 12:20	74.635	74.705	74.595	74.675	5
2025-04-01 12:25	74.670	74.705	74.615	74.695	5
2025-04-01 12:30	74.705	74.705	74.625	74.625	4
2025-04-01 12:35	74.635	74.640	74.575	74.615	4
2025-04-01 12:40	74.610	74.655	74.565	74.655	5
2025-04-01 12:45	74.665	74.735	74.660	74.730	5
2025-04-01 12:50	74.735	74.805	74.725	74.770	5
2025-04-01 12:55	74.765	74.805	74.705	74.725	5
2025-04-01 13:00	74.730	74.790	74.695	74.785	5
2025-04-01 13:05	74.790	74.855	74.725	74.835	5
2025-04-01 13:10	74.840	74.855	74.805	74.850	5
2025-04-01 13:15	74.855	74.875	74.805	74.875	5
2025-04-01 13:20	74.870	74.880	74.810	74.865	5
2025-04-01 13:25	74.855	74.925	74.845	74.925	5
2025-04-01 13:30	74.920	74.975	74.865	74.895	5
2025-04-01 13:35	74.905	74.965	74.865	74.955	5
2025-04-01 13:40	74.965	75.030	74.925	75.005	5
2025-04-01 13:45	75.010	75.265	74.995	75.200	5
2025-04-01 13:50	75.205	75.225	75.045	75.075	5
2025-04-01 13:55	75.070	75.075	74.850	74.870	5
2025-04-01 14:00	74.865	74.905	74.745	74.865	5
2025-04-01 14:05	74.870	74.985	74.825	74.975	5
2025-04-01 14:10	74.965	74.965	74.680	74.690	5
2025-04-01 14:15	74.695	74.875	74.685	74.870	5
2025-04-01 14:20	74.875	75.035	74.795	75.005	5
2025-04-01 14:25	75.010	75.035	74.865	74.885	5
2025-04-01 14:30	74.875	74.905	74.835	74.895	5
2025-04-01 14:35	74.900	74.975	74.775	74.875	5
2025-04-01 14:40	74.855	74.975	74.815	74.895	5
2025-04-01 14:45	74.900	74.905	74.770	74.805	5
2025-04-01 14:50	74.810	74.855	74.785	74.845	5
2025-04-01 14:55	74.840	74.850	74.755	74.825	5
2025-04-01 15:00	74.855	74.965	74.815	74.965	5
2025-04-01 15:05	74.955	74.975	74.895	74.910	5
2025-04-01 15:10	74.915	74.920	74.845	74.915	5
2025-04-01 15:15	74.905	74.915	74.830	74.900	5
2025-04-01 15:20	74.895	74.965	74.855	74.940	5
2025-04-01 15:25	74.935	74.940	74.815	74.910	5
2025-04-01 15:30	74.915	74.915	74.710	74.835	5
2025-04-01 15:35	74.825	74.845	74.745	74.815	5
2025-04-01 15:40	74.805	74.855	74.780	74.845	5
2025-04-01 15:45	74.855	74.865	74.755	74.775	5
2025-04-01 15:50	74.785	74.795	74.605	74.665	5
2025-04-01 15:55	74.675	74.685	74.590	74.625	5
2025-04-01 16:00	74.615	74.720	74.585	74.675	5
2025-04-01 16:05	74.680	74.715	74.645	74.690	5
2025-04-01 16:10	74.685	74.705	74.605	74.665	5
2025-04-01 16:15	74.660	74.695	74.605	74.605	5
2025-04-01 16:20	74.595	74.695	74.590	74.665	5
2025-04-01 16:25	74.655	74.675	74.635	74.635	5
2025-04-01 16:30	74.625	74.645	74.555	74.575	5
2025-04-01 16:35	74.585	74.595	74.545	74.575	5
2025-04-01 16:40	74.585	74.585	74.505	74.525	5
2025-04-01 16:45	74.515	74.575	74.510	74.565	5
2025-04-01 16:50	74.560	74.575	74.535	74.540	5
2025-04-01 16:55	74.545	74.575	74.535	74.555	5
2025-04-01 17:00	74.550	74.585	74.505	74.525	5
2025-04-01 17:05	74.515	74.525	74.485	74.525	5
2025-04-01 17:10	74.515	74.525	74.495	74.525	5
2025-04-01 17:15	74.535	74.595	74.525	74.535	5
2025-04-01 17:20	74.530	74.615	74.515	74.615	5
2025-04-01 17:25	74.605	74.605	74.535	74.535	5
2025-04-01 17:30	74.545	74.605	74.540	74.545	5
2025-04-01 17:35	74.550	74.565	74.505	74.565	5
2025-04-01 17:40	74.555	74.575	74.495	74.525	5
2025-04-01 17:45	74.515	74.555	74.475	74.555	5
2025-04-01 17:50	74.560	74.605	74.550	74.565	5
2025-04-01 17:55	74.575	74.575	74.485	74.515	5
2025-04-01 18:00	74.505	74.525	74.415	74.435	5
2025-04-01 18:05	74.430	74.535	74.420	74.465	5
2025-04-01 18:10	74.455	74.475	74.435	74.445	5
2025-04-01 18:15	74.440	74.465	74.315	74.365	5
2025-04-01 18:20	74.370	74.425	74.345	74.405	5
2025-04-01 18:25	74.415	74.485	74.405	74.475	5
2025-04-01 18:30	74.480	74.505	74.445	74.480	5
2025-04-01 18:35	74.485	74.485	74.425	74.430	5
2025-04-01 18:40	74.435	74.455	74.405	74.445	5
2025-04-01 18:45	74.435	74.460	74.375	74.375	5
2025-04-01 18:50	74.365	74.375	74.325	74.345	5
2025-04-01 18:55	74.350	74.385	74.350	74.380	5
2025-04-01 19:00	74.375	74.420	74.365	74.410	5
2025-04-01 19:05	74.405	74.435	74.405	74.410	5
2025-04-01 19:10	74.405	74.435	74.400	74.425	5
2025-04-01 19:15	74.435	74.445	74.420	74.435	4
2025-04-01 19:20	74.440	74.475	74.430	74.465	5
2025-04-01 19:25	74.455	74.485	74.455	74.455	4
2025-04-01 19:30	74.445	74.465	74.445	74.445	5
2025-04-01 19:35	74.440	74.465	74.425	74.445	5
2025-04-01 19:40	74.450	74.455	74.415	74.435	5
2025-04-01 19:45	74.440	74.475	74.435	74.445	5
2025-04-01 19:50	74.450	74.450	74.395	74.425	5
2025-04-01 19:55	74.435	74.445	74.410	74.425	5
2025-04-01 20:00	74.415	74.415	74.392	74.402	5
2025-04-01 20:05	74.407	74.412	74.392	74.407	5
2025-04-01 20:10	74.402	74.432	74.402	74.422	5
2025-04-01 20:15	74.427	74.432	74.422	74.432	4
2025-04-01 20:20	74.427	74.432	74.397	74.402	5
2025-04-01 20:25	74.397	74.427	74.392	74.427	5
2025-04-01 20:30	74.447	74.487	74.337	74.437	5
2025-04-01 20:35	74.447	74.452	74.382	74.392	5
2025-04-01 20:40	74.402	74.417	74.377	74.387	5
2025-04-01 20:45	74.392	74.462	74.392	74.442	5
2025-04-01 20:50	74.447	74.452	74.402	74.407	5
2025-04-01 20:55	74.402	74.412	74.357	74.367	5
2025-04-02 00:00	74.505	74.510	74.450	74.470	5
2025-04-02 00:05	74.465	74.480	74.405	74.425	5
2025-04-02 00:10	74.415	74.440	74.385	74.430	5
2025-04-02 00:15	74.425	74.475	74.410	74.445	4
2025-04-02 00:20	74.435	74.435	74.355	74.380	5
2025-04-02 00:25	74.385	74.415	74.365	74.395	4
2025-04-02 00:30	74.400	74.425	74.400	74.415	3
2025-04-02 00:35	74.440	74.445	74.378	74.425	5
2025-04-02 00:40	74.415	74.470	74.395	74.445	5
2025-04-02 00:45	74.450	74.485	74.440	74.445	5
2025-04-02 00:50	74.440	74.455	74.405	74.425	5
2025-04-02 00:55	74.420	74.455	74.405	74.405	5
2025-04-02 01:00	74.395	74.495	74.395	74.450	5
2025-04-02 01:05	74.445	74.505	74.425	74.480	5
2025-04-02 01:10	74.475	74.475	74.385	74.410	5
2025-04-02 01:15	74.415	74.425	74.395	74.425	5
2025-04-02 01:20	74.435	74.445	74.415	74.425	5
2025-04-02 01:25	74.415	74.445	74.410	74.425	5
2025-04-02 01:30	74.415	74.425	74.375	74.400	5
2025-04-02 01:35	74.395	74.450	74.365	74.380	5
2025-04-02 01:40	74.375	74.420	74.355	74.405	5
2025-04-02 01:45	74.410	74.415	74.320	74.350	5
2025-04-02 01:50	74.355	74.425	74.350	74.405	5
2025-04-02 01:55	74.410	74.470	74.385	74.470	5
2025-04-02 02:00	74.475	74.525	74.465	74.505	5
2025-04-02 02:05	74.500	74.515	74.465	74.480	5
2025-04-02 02:10	74.475	74.475	74.440	74.455	5
2025-04-02 02:15	74.445	74.475	74.425	74.465	5
2025-04-02 02:20	74.485	74.485	74.445	74.465	5
2025-04-02 02:25	74.475	74.520	74.475	74.515	5
2025-04-02 02:30	74.520	74.555	74.495	74.505	5
2025-04-02 02:35	74.500	74.565	74.480	74.565	5
2025-04-02 02:40	74.570	74.575	74.535	74.545	3
2025-04-02 02:45	74.555	74.585	74.545	74.575	5
2025-04-02 02:50	74.570	74.575	74.525	74.575	5
2025-04-02 02:55	74.565	74.590	74.555	74.575	5
2025-04-02 03:00	74.565	74.570	74.495	74.500	5
2025-04-02 03:05	74.495	74.520	74.485	74.515	5
2025-04-02 03:10	74.510	74.510	74.480	74.485	5
2025-04-02 03:15	74.505	74.515	74.475	74.500	5
2025-04-02 03:20	74.495	74.495	74.435	74.440	4
2025-04-02 03:25	74.435	74.475	74.430	74.450	5
2025-04-02 03:30	74.445	74.485	74.445	74.485	4
2025-04-02 03:40	74.495	74.525	74.448	74.500	4
2025-04-02 03:45	74.495	74.500	74.475	74.485	5
2025-04-02 03:50	74.490	74.495	74.485	74.495	2
2025-04-02 03:55	74.490	74.515	74.485	74.490	5
2025-04-02 04:00	74.495	74.505	74.485	74.490	4
2025-04-02 04:05	74.495	74.515	74.475	74.475	4
2025-04-02 04:10	74.480	74.495	74.480	74.485	5
2025-04-02 04:15	74.490	74.495	74.485	74.485	2
2025-04-02 04:20	74.438	74.495	74.438	74.490	3
2025-04-02 04:25	74.495	74.495	74.485	74.495	4
2025-04-02 04:30	74.490	74.495	74.485	74.485	3
2025-04-02 04:35	74.465	74.495	74.465	74.485	2
2025-04-02 04:40	74.480	74.480	74.465	74.480	4
2025-04-02 04:45	74.485	74.495	74.465	74.495	3
2025-04-02 04:50	74.485	74.495	74.438	74.490	5
2025-04-02 04:55	74.485	74.495	74.465	74.470	5
2025-04-02 05:00	74.475	74.490	74.455	74.485	5
2025-04-02 05:05	74.480	74.495	74.465	74.465	4
2025-04-02 05:10	74.475	74.475	74.465	74.475	3
2025-04-02 05:15	74.470	74.495	74.470	74.495	4
2025-04-02 05:20	74.485	74.485	74.440	74.450	4
2025-04-02 05:25	74.455	74.465	74.430	74.440	5
2025-04-02 05:30	74.445	74.445	74.410	74.415	5
2025-04-02 05:35	74.410	74.425	74.375	74.400	5
2025-04-02 05:40	74.395	74.420	74.375	74.415	5
2025-04-02 05:45	74.410	74.445	74.405	74.405	5
2025-04-02 05:50	74.410	74.415	74.385	74.385	5
2025-04-02 05:55	74.390	74.390	74.345	74.355	5
2025-04-02 06:00	74.350	74.410	74.345	74.375	5
2025-04-02 06:05	74.380	74.440	74.375	74.435	5
2025-04-02 06:10	74.440	74.445	74.325	74.355	5
2025-04-02 06:15	74.360	74.410	74.340	74.410	5
2025-04-02 06:20	74.415	74.505	74.415	74.505	5
2025-04-02 06:25	74.500	74.505	74.475	74.495	5
2025-04-02 06:30	74.490	74.500	74.375	74.405	5
2025-04-02 06:35	74.410	74.410	74.295	74.305	5
2025-04-02 06:40	74.310	74.325	74.265	74.315	5
2025-04-02 06:45	74.320	74.320	74.265	74.295	5
2025-04-02 06:50	74.305	74.355	74.285	74.345	5
2025-04-02 06:55	74.340	74.340	74.285	74.285	5
2025-04-02 07:00	74.290	74.340	74.265	74.265	5
2025-04-02 07:05	74.255	74.275	74.195	74.195	5
2025-04-02 07:10	74.200	74.205	74.175	74.195	5
2025-04-02 07:15	74.185	74.245	74.180	74.195	5
2025-04-02 07:20	74.205	74.225	74.195	74.205	4
2025-04-02 07:25	74.195	74.195	74.165	74.165	4
2025-04-02 07:30	74.175	74.175	74.090	74.105	5
2025-04-02 07:35	74.110	74.115	74.025	74.045	5
2025-04-02 07:40	74.055	74.065	73.985	74.000	5
2025-04-02 07:45	74.005	74.035	73.975	73.975	5
2025-04-02 07:50	73.965	74.025	73.935	74.005	5
2025-04-02 07:55	73.995	74.055	73.995	74.025	5
2025-04-02 08:00	74.035	74.045	73.995	74.030	5
2025-04-02 08:05	74.035	74.145	74.015	74.035	5
2025-04-02 08:10	74.045	74.165	74.035	74.145	5
2025-04-02 08:15	74.135	74.295	74.115	74.275	5
2025-04-02 08:20	74.265	74.275	74.205	74.210	5
2025-04-02 08:25	74.215	74.275	74.195	74.235	5
2025-04-02 08:30	74.225	74.365	74.225	74.315	5
2025-04-02 08:35	74.305	74.325	74.175	74.225	5
2025-04-02 08:40	74.220	74.265	74.185	74.265	5
2025-04-02 08:45	74.275	74.325	74.215	74.325	5
2025-04-02 08:50	74.315	74.405	74.315	74.395	5
2025-04-02 08:55	74.405	74.425	74.375	74.395	5
2025-04-02 09:00	74.400	74.405	74.330	74.345	5
2025-04-02 09:05	74.350	74.425	74.335	74.405	5
2025-04-02 09:10	74.385	74.405	74.350	74.365	5
2025-04-02 09:15	74.360	74.375	74.325	74.355	5
2025-04-02 09:20	74.375	74.415	74.320	74.415	4
2025-04-02 09:25	74.410	74.445	74.370	74.415	5
2025-04-02 09:30	74.405	74.405	74.315	74.375	5
2025-04-02 09:35	74.385	74.480	74.375	74.405	5
2025-04-02 09:40	74.400	74.465	74.395	74.425	5
2025-04-02 09:45	74.415	74.435	74.375	74.380	5
2025-04-02 09:50	74.375	74.385	74.325	74.355	4
2025-04-02 09:55	74.365	74.415	74.355	74.385	5
2025-04-02 10:00	74.375	74.385	74.195	74.255	5
2025-04-02 10:05	74.260	74.315	74.235	74.245	5
2025-04-02 10:10	74.235	74.235	74.175	74.185	5
2025-04-02 10:15	74.200	74.205	74.135	74.155	5
2025-04-02 10:20	74.165	74.195	74.125	74.155	5
2025-04-02 10:25	74.145	74.165	74.135	74.145	5
2025-04-02 10:30	74.135	74.175	74.105	74.145	5
2025-04-02 10:35	74.140	74.185	74.135	74.145	5
2025-04-02 10:40	74.155	74.165	74.060	74.065	5
2025-04-02 10:45	74.070	74.070	73.965	74.005	5
2025-04-02 10:50	73.995	74.055	73.995	74.020	5
2025-04-02 10:55	74.025	74.035	73.950	73.975	5
2025-04-02 11:00	73.980	74.015	73.945	73.955	5
2025-04-02 11:05	73.950	74.005	73.945	73.990	5
2025-04-02 11:10	73.985	74.210	73.975	74.205	5
2025-04-02 11:15	74.215	74.215	74.145	74.165	5
2025-04-02 11:20	74.155	74.185	74.125	74.160	5
2025-04-02 11:25	74.165	74.235	74.145	74.230	5
2025-04-02 11:30	74.225	74.295	74.225	74.265	5
2025-04-02 11:35	74.270	74.275	74.165	74.165	5
2025-04-02 11:40	74.175	74.245	74.145	74.225	5
2025-04-02 11:45	74.220	74.235	74.155	74.175	5
2025-04-02 11:50	74.170	74.170	74.095	74.105	5
2025-04-02 11:55	74.095	74.115	74.005	74.055	5
2025-04-02 12:00	74.065	74.100	74.025	74.035	5
2025-04-02 12:05	74.025	74.080	73.995	74.080	5
2025-04-02 12:10	74.085	74.105	74.065	74.070	5
2025-04-02 12:15	74.075	74.085	73.990	74.005	5
2025-04-02 12:20	74.015	74.035	73.985	74.010	5
2025-04-02 12:25	74.005	74.015	73.835	73.855	5
2025-04-02 12:30	73.845	74.005	73.830	73.995	5
2025-04-02 12:35	73.990	74.075	73.975	74.005	5
2025-04-02 12:40	74.000	74.025	73.955	73.975	5
2025-04-02 12:45	73.980	73.980	73.915	73.950	5
2025-04-02 12:50	73.935	74.065	73.925	74.065	5
2025-04-02 12:55	74.075	74.100	73.970	74.035	5
2025-04-02 13:00	74.030	74.195	74.015	74.105	5
2025-04-02 13:05	74.115	74.205	74.075	74.145	5
2025-04-02 13:10	74.135	74.165	74.065	74.145	5
2025-04-02 13:15	74.150	74.175	74.115	74.145	5
2025-04-02 13:20	74.135	74.205	74.125	74.155	5
2025-04-02 13:25	74.145	74.155	74.075	74.105	5
2025-04-02 13:30	74.110	74.290	74.095	74.285	5
2025-04-02 13:35	74.290	74.335	74.215	74.305	5
2025-04-02 13:40	74.315	74.365	74.295	74.335	5
2025-04-02 13:45	74.330	74.340	74.075	74.185	5
2025-04-02 13:50	74.195	74.265	74.135	74.145	5
2025-04-02 13:55	74.140	74.355	74.110	74.325	5
2025-04-02 14:00	74.315	74.455	74.305	74.335	5
2025-04-02 14:05	74.340	74.465	74.320	74.375	5
2025-04-02 14:10	74.380	74.385	74.305	74.345	5
2025-04-02 14:15	74.355	74.515	74.335	74.505	5
2025-04-02 14:20	74.515	74.515	74.405	74.435	5
2025-04-02 14:25	74.430	74.460	74.345	74.350	5
2025-04-02 14:30	74.355	74.460	74.265	74.385	5
2025-04-02 14:35	74.395	74.535	74.265	74.525	5
2025-04-02 14:40	74.530	74.615	74.465	74.565	5
2025-04-02 14:45	74.560	74.665	74.555	74.645	5
2025-04-02 14:50	74.640	74.650	74.535	74.545	5
2025-04-02 14:55	74.550	74.565	74.425	74.505	5
2025-04-02 15:00	74.500	74.515	74.365	74.420	5
2025-04-02 15:05	74.415	74.435	74.155	74.205	5
2025-04-02 15:10	74.210	74.335	74.200	74.315	5
2025-04-02 15:15	74.320	74.325	74.265	74.305	5
2025-04-02 15:20	74.300	74.515	74.285	74.495	5
2025-04-02 15:25	74.505	74.575	74.475	74.565	5
2025-04-02 15:30	74.555	74.635	74.535	74.585	5
2025-04-02 15:35	74.575	74.655	74.565	74.645	5
2025-04-02 15:40	74.650	74.675	74.620	74.640	5
2025-04-02 15:45	74.645	74.665	74.520	74.635	5
2025-04-02 15:50	74.645	74.660	74.555	74.580	5
2025-04-02 15:55	74.585	74.645	74.545	74.605	5
2025-04-02 16:00	74.615	74.675	74.585	74.595	5
2025-04-02 16:05	74.610	74.675	74.605	74.655	5
2025-04-02 16:10	74.645	74.775	74.645	74.755	5
2025-04-02 16:15	74.765	74.935	74.765	74.925	5
2025-04-02 16:20	74.920	75.005	74.895	74.980	5
2025-04-02 16:25	74.975	75.000	74.925	74.965	5
2025-04-02 16:30	74.975	75.055	74.955	75.055	5
2025-04-02 16:35	75.060	75.060	74.925	74.965	5
2025-04-02 16:40	74.970	74.975	74.795	74.805	5
2025-04-02 16:45	74.815	74.860	74.785	74.855	5
2025-04-02 16:50	74.860	74.925	74.835	74.855	5
2025-04-02 16:55	74.845	74.895	74.810	74.885	5
2025-04-02 17:00	74.875	74.895	74.820	74.845	5
2025-04-02 17:05	74.840	74.885	74.815	74.845	5
2025-04-02 17:10	74.830	74.885	74.830	74.845	5
2025-04-02 17:15	74.850	74.935	74.840	74.925	5
2025-04-02 17:20	74.930	74.935	74.875	74.905	5
2025-04-02 17:25	74.910	75.015	74.910	75.015	5
2025-04-02 17:30	75.010	75.010	74.945	74.980	5
2025-04-02 17:35	74.975	75.025	74.965	75.015	5
2025-04-02 17:40	75.005	75.005	74.945	74.980	5
2025-04-02 17:45	74.975	75.030	74.965	75.015	5
2025-04-02 17:50	75.010	75.050	74.985	75.035	5
2025-04-02 17:55	75.045	75.075	75.035	75.065	5
2025-04-02 18:00	75.055	75.065	75.010	75.025	5
2025-04-02 18:05	75.030	75.070	74.985	75.065	5
2025-04-02 18:10	75.075	75.120	75.065	75.105	5
2025-04-02 18:15	75.110	75.115	74.980	75.000	5
2025-04-02 18:20	75.005	75.035	74.845	74.905	5
2025-04-02 18:25	74.910	74.955	74.880	74.920	5
2025-04-02 18:30	74.915	74.985	74.905	74.960	5
2025-04-02 18:35	74.965	74.995	74.925	74.985	5
2025-04-02 18:40	74.990	75.025	74.965	75.025	5
2025-04-02 18:45	75.015	75.040	75.005	75.030	5
2025-04-02 18:50	75.025	75.025	74.980	74.985	5
2025-04-02 18:55	74.975	74.985	74.955	74.965	5
2025-04-02 19:00	74.970	75.015	74.965	75.015	5
2025-04-02 19:05	75.020	75.055	75.005	75.040	5
2025-04-02 19:10	75.035	75.045	74.985	74.995	5
2025-04-02 19:15	75.000	75.000	74.975	74.995	5
2025-04-02 19:20	75.000	75.005	74.955	74.975	5
2025-04-02 19:25	74.970	74.982	74.925	74.960	5
2025-04-02 19:30	74.965	74.990	74.945	74.985	5
2025-04-02 19:35	74.975	74.995	74.965	74.990	5
2025-04-02 19:40	74.985	75.040	74.985	75.005	5
2025-04-02 19:45	75.000	75.025	74.995	75.015	5
2025-04-02 19:50	75.010	75.045	74.995	75.030	5
2025-04-02 19:55	75.035	75.065	75.025	75.025	5
2025-04-02 20:00	75.015	75.020	74.952	74.962	5
2025-04-02 20:05	74.967	75.007	74.942	74.987	5
2025-04-02 20:10	74.982	75.422	74.932	75.347	5
2025-04-02 20:15	75.342	75.367	75.267	75.332	5
2025-04-02 20:20	75.342	75.347	75.212	75.242	5
2025-04-02 20:25	75.237	75.287	73.927	74.017	5
2025-04-02 20:30	74.027	74.647	73.847	74.442	5
2025-04-02 20:35	74.447	74.542	74.007	74.012	5
2025-04-02 20:40	73.997	74.147	73.858	73.967	5
2025-04-02 20:45	73.977	74.332	73.972	74.197	5
2025-04-02 20:50	74.192	74.202	73.767	73.782	5
2025-04-02 20:55	73.777	73.942	73.667	73.767	5
2025-04-03 00:00	72.755	72.900	72.540	72.570	5
2025-04-03 00:05	72.565	72.590	72.505	72.510	5
2025-04-03 00:10	72.505	72.860	72.505	72.740	5
2025-04-03 00:15	72.745	72.920	72.660	72.825	5
2025-04-03 00:20	72.820	72.900	72.805	72.895	5
2025-04-03 00:25	72.885	72.970	72.825	72.875	5
2025-04-03 00:30	72.880	72.995	72.850	72.955	5
2025-04-03 00:35	72.960	72.985	72.885	72.940	5
2025-04-03 00:40	72.935	73.000	72.845	72.905	5
2025-04-03 00:45	72.920	72.955	72.785	72.875	5
2025-04-03 00:50	72.870	73.005	72.845	72.985	5
2025-04-03 00:55	72.990	73.015	72.935	72.985	5
2025-04-03 01:00	72.990	73.095	72.855	72.985	5
2025-04-03 01:05	72.980	73.005	72.695	72.990	5
2025-04-03 01:10	72.995	73.100	72.995	73.040	5
2025-04-03 01:15	73.035	73.055	72.985	73.035	5
2025-04-03 01:20	73.030	73.165	73.015	73.165	5
2025-04-03 01:25	73.170	73.260	73.135	73.240	5
2025-04-03 01:30	73.245	73.285	73.175	73.200	5
2025-04-03 01:35	73.195	73.365	73.180	73.265	5
2025-04-03 01:40	73.270	73.335	73.205	73.230	5
2025-04-03 01:45	73.235	73.275	73.195	73.255	5
2025-04-03 01:50	73.250	73.255	73.150	73.175	5
2025-04-03 01:55	73.180	73.180	73.075	73.095	5
2025-04-03 02:00	73.105	73.155	73.065	73.085	5
2025-04-03 02:05	73.080	73.100	72.995	73.025	5
2025-04-03 02:10	73.040	73.115	73.025	73.115	5
2025-04-03 02:15	73.125	73.210	73.065	73.175	5
2025-04-03 02:20	73.170	73.245	73.155	73.155	5
2025-04-03 02:25	73.140	73.190	73.135	73.185	5
2025-04-03 02:30	73.180	73.230	73.175	73.195	4
2025-04-03 02:35	73.175	73.240	73.155	73.240	5
2025-04-03 02:40	73.235	73.275	73.215	73.270	5
2025-04-03 02:45	73.285	73.335	73.245	73.260	5
2025-04-03 02:50	73.255	73.260	73.200	73.220	5
2025-04-03 02:55	73.215	73.275	73.215	73.275	5
2025-04-03 03:00	73.285	73.295	73.215	73.245	5
2025-04-03 03:05	73.240	73.280	73.220	73.225	5
2025-04-03 03:10	73.230	73.265	73.185	73.245	5
2025-04-03 03:15	73.250	73.310	73.245	73.265	5
2025-04-03 03:20	73.270	73.305	73.245	73.285	5
2025-04-03 03:25	73.290	73.340	73.270	73.290	5
2025-04-03 03:30	73.295	73.375	73.275	73.350	5
2025-04-03 03:35	73.345	73.350	73.295	73.300	5
2025-04-03 03:40	73.305	73.305	73.255	73.305	5
2025-04-03 03:45	73.315	73.335	73.260	73.305	5
2025-04-03 03:50	73.310	73.345	73.290	73.340	5
2025-04-03 03:55	73.345	73.345	73.305	73.310	5
2025-04-03 04:00	73.305	73.305	73.235	73.265	5
2025-04-03 04:05	73.260	73.275	73.225	73.225	5
2025-04-03 04:10	73.235	73.280	73.235	73.260	5
2025-04-03 04:15	73.255	73.270	73.230	73.255	5
2025-04-03 04:20	73.245	73.295	73.245	73.250	5
2025-04-03 04:25	73.245	73.245	73.205	73.215	5
2025-04-03 04:30	73.220	73.230	73.195	73.195	4
2025-04-03 04:35	73.200	73.275	73.195	73.270	5
2025-04-03 04:40	73.265	73.290	73.225	73.260	5
2025-04-03 04:45	73.265	73.265	73.225	73.235	5
2025-04-03 04:50	73.240	73.320	73.215	73.305	5
2025-04-03 04:55	73.315	73.315	73.275	73.295	5
2025-04-03 05:00	73.285	73.295	73.185	73.225	5
2025-04-03 05:05	73.230	73.230	73.165	73.170	4
2025-04-03 05:10	73.175	73.175	73.135	73.155	5
2025-04-03 05:15	73.160	73.160	73.105	73.115	5
2025-04-03 05:20	73.110	73.115	73.055	73.055	5
2025-04-03 05:25	73.060	73.125	73.060	73.105	5
2025-04-03 05:30	73.110	73.120	73.060	73.100	5
2025-04-03 05:35	73.105	73.115	73.075	73.105	5
2025-04-03 05:40	73.100	73.145	73.095	73.120	5
2025-04-03 05:45	73.115	73.155	73.095	73.095	5
2025-04-03 05:50	73.105	73.195	73.075	73.135	5
2025-04-03 05:55	73.150	73.150	73.015	73.015	5
2025-04-03 06:00	73.025	73.045	72.975	72.995	5
2025-04-03 06:05	73.005	73.125	72.995	73.115	5
2025-04-03 06:10	73.125	73.125	72.995	73.030	5
2025-04-03 06:15	73.025	73.040	72.950	73.015	5
2025-04-03 06:20	73.005	73.035	72.985	73.015	5
2025-04-03 06:25	73.005	73.070	72.985	73.065	5
2025-04-03 06:30	73.060	73.065	72.915	72.935	5
2025-04-03 06:35	72.930	72.970	72.905	72.965	5
2025-04-03 06:40	72.970	72.975	72.895	72.895	5
2025-04-03 06:45	72.900	72.925	72.865	72.905	5
2025-04-03 06:50	72.895	72.945	72.885	72.915	5
2025-04-03 06:55	72.925	72.935	72.760	72.760	5
2025-04-03 07:00	72.765	72.785	72.635	72.635	5
2025-04-03 07:05	72.615	72.670	72.545	72.555	5
2025-04-03 07:10	72.545	72.555	72.255	72.365	5
2025-04-03 07:15	72.370	72.455	72.295	72.395	5
2025-04-03 07:20	72.405	72.585	72.385	72.495	5
2025-04-03 07:25	72.500	72.515	72.435	72.460	5
2025-04-03 07:30	72.465	72.495	72.355	72.415	5
2025-04-03 07:35	72.425	72.515	72.353	72.515	5
2025-04-03 07:40	72.505	72.655	72.500	72.625	5
2025-04-03 07:45	72.635	72.730	72.605	72.725	5
2025-04-03 07:50	72.735	72.790	72.725	72.775	5
2025-04-03 07:55	72.755	72.775	72.705	72.705	5
2025-04-03 08:00	72.715	72.815	72.650	72.790	5
2025-04-03 08:05	72.785	72.845	72.705	72.715	5
2025-04-03 08:10	72.720	72.725	72.615	72.705	5
2025-04-03 08:15	72.715	72.745	72.605	72.675	5
2025-04-03 08:20	72.685	72.735	72.645	72.655	5
2025-04-03 08:25	72.645	72.795	72.615	72.795	5
2025-04-03 08:30	72.805	72.825	72.705	72.765	5
2025-04-03 08:35	72.745	72.845	72.620	72.625	5
2025-04-03 08:40	72.620	72.705	72.605	72.675	5
2025-04-03 08:45	72.680	72.695	72.505	72.515	5
2025-04-03 08:50	72.505	72.525	72.335	72.355	5
2025-04-03 08:55	72.345	72.370	72.295	72.305	5
2025-04-03 09:00	72.325	72.425	72.260	72.415	5
2025-04-03 09:05	72.395	72.405	72.285	72.335	5
2025-04-03 09:10	72.330	72.375	72.265	72.265	5
2025-04-03 09:15	72.275	72.315	72.215	72.255	5
2025-04-03 09:20	72.245	72.365	72.225	72.255	5
2025-04-03 09:25	72.265	72.265	72.165	72.175	5
2025-04-03 09:30	72.165	72.195	72.135	72.145	5
2025-04-03 09:35	72.155	72.250	72.135	72.155	5
2025-04-03 09:40	72.145	72.165	72.100	72.125	5
2025-04-03 09:45	72.120	72.125	71.945	71.965	5
2025-04-03 09:50	71.955	72.005	71.850	71.860	5
2025-04-03 09:55	71.855	71.915	71.815	71.845	5
2025-04-03 10:00	71.835	71.895	71.775	71.840	5
2025-04-03 10:05	71.845	71.885	71.805	71.865	5
2025-04-03 10:10	71.855	71.930	71.775	71.815	5
2025-04-03 10:15	71.805	71.805	71.685	71.685	5
2025-04-03 10:20	71.695	71.705	71.625	71.645	5
2025-04-03 10:25	71.650	71.685	71.585	71.605	5
2025-04-03 10:30	71.595	71.615	71.505	71.550	5
2025-04-03 10:35	71.555	71.685	71.555	71.665	5
2025-04-03 10:40	71.670	71.705	71.635	71.685	5
2025-04-03 10:45	71.695	71.705	71.535	71.595	5
2025-04-03 10:50	71.600	71.705	71.550	71.565	5
2025-04-03 10:55	71.575	71.685	71.565	71.615	5
2025-04-03 11:00	71.625	71.655	71.555	71.555	5
2025-04-03 11:05	71.565	71.595	71.535	71.545	5
2025-04-03 11:10	71.550	71.580	71.500	71.555	5
2025-04-03 11:15	71.565	71.575	71.300	71.325	5
2025-04-03 11:20	71.315	71.340	71.230	71.230	5
2025-04-03 11:25	71.235	71.275	71.065	71.075	5
2025-04-03 11:30	71.070	71.070	70.755	70.755	5
2025-04-03 11:35	70.765	70.935	70.710	70.835	5
2025-04-03 11:40	70.825	70.885	70.575	70.595	5
2025-04-03 11:45	70.605	70.655	70.565	70.585	5
2025-04-03 11:50	70.580	70.615	70.485	70.495	5
2025-04-03 11:55	70.505	70.855	70.505	70.800	5
2025-04-03 12:00	70.785	70.820	70.615	70.770	5
2025-04-03 12:05	70.785	70.815	70.675	70.685	5
2025-04-03 12:10	70.680	70.765	70.665	70.735	5
2025-04-03 12:15	70.740	70.755	70.455	70.455	5
2025-04-03 12:20	70.465	70.485	70.255	70.275	5
2025-04-03 12:25	70.270	70.345	70.225	70.260	5
2025-04-03 12:30	70.265	70.305	70.105	70.115	5
2025-04-03 12:35	70.120	70.205	70.055	70.130	5
2025-04-03 12:40	70.115	70.165	69.935	69.965	5
2025-04-03 12:45	69.975	70.045	69.895	70.035	5
2025-04-03 12:50	70.025	70.615	69.985	70.410	5
2025-04-03 12:55	70.405	70.515	70.305	70.325	5
2025-04-03 13:00	70.305	70.335	70.075	70.075	5
2025-04-03 13:05	70.080	70.190	69.965	70.015	5
2025-04-03 13:10	70.025	70.055	69.805	69.860	5
2025-04-03 13:15	69.865	69.985	69.765	69.935	5
2025-04-03 13:20	69.920	69.985	69.795	69.885	5
2025-04-03 13:25	69.880	70.165	69.880	70.025	5
2025-04-03 13:30	70.015	70.435	69.985	70.405	5
2025-04-03 13:35	70.415	70.510	70.365	70.475	5
2025-04-03 13:40	70.485	70.505	70.340	70.380	5
2025-04-03 13:45	70.375	70.385	70.065	70.065	5
2025-04-03 13:50	70.075	70.155	69.985	69.985	5
2025-04-03 13:55	69.995	70.030	69.885	69.915	5
2025-04-03 14:00	69.920	70.075	69.865	70.025	5
2025-04-03 14:05	70.045	70.130	69.935	70.090	5
2025-04-03 14:10	70.095	70.150	69.920	69.950	5
2025-04-03 14:15	69.955	70.115	69.915	70.010	5
2025-04-03 14:20	70.005	70.195	69.965	70.175	5
2025-04-03 14:25	70.185	70.285	69.930	69.935	5
2025-04-03 14:30	69.930	70.055	69.705	69.705	5
2025-04-03 14:35	69.695	69.825	69.655	69.685	5
2025-04-03 14:40	69.695	69.780	69.645	69.660	5
2025-04-03 14:45	69.665	69.775	69.645	69.695	5
2025-04-03 14:50	69.685	69.705	69.590	69.615	5
2025-04-03 14:55	69.625	69.640	69.540	69.545	5
2025-04-03 15:00	69.550	69.625	69.535	69.585	5
2025-04-03 15:05	69.595	69.630	69.465	69.530	5
2025-04-03 15:10	69.525	69.765	69.515	69.665	5
2025-04-03 15:15	69.655	69.845	69.635	69.765	5
2025-04-03 15:20	69.760	69.845	69.725	69.790	5
2025-04-03 15:25	69.785	69.935	69.775	69.865	5
2025-04-03 15:30	69.875	69.935	69.775	69.805	5
2025-04-03 15:35	69.815	69.860	69.755	69.835	5
2025-04-03 15:40	69.830	69.980	69.770	69.895	5
2025-04-03 15:45	69.890	70.085	69.765	70.075	5
2025-04-03 15:50	70.070	70.070	69.875	69.915	5
2025-04-03 15:55	69.925	69.985	69.865	69.945	5
2025-04-03 16:00	69.935	70.060	69.935	69.965	5
2025-04-03 16:05	69.975	70.070	69.965	69.990	5
2025-04-03 16:10	69.995	70.135	69.985	70.055	5
2025-04-03 16:15	70.050	70.055	69.925	69.945	5
2025-04-03 16:20	69.955	69.955	69.865	69.905	5
2025-04-03 16:25	69.915	69.945	69.815	69.945	5
2025-04-03 16:30	69.960	69.990	69.890	69.905	5
2025-04-03 16:35	69.900	69.915	69.810	69.825	5
2025-04-03 16:40	69.830	69.945	69.830	69.865	5
2025-04-03 16:45	69.860	69.905	69.825	69.875	5
2025-04-03 16:50	69.870	69.945	69.815	69.915	5
2025-04-03 16:55	69.910	70.075	69.895	70.025	5
2025-04-03 17:00	70.035	70.045	69.895	69.915	5
2025-04-03 17:05	69.905	69.925	69.785	69.785	5
2025-04-03 17:10	69.795	69.855	69.750	69.855	5
2025-04-03 17:15	69.865	69.915	69.805	69.915	5
2025-04-03 17:20	69.925	70.085	69.915	70.055	5
2025-04-03 17:25	70.060	70.095	70.025	70.045	5
2025-04-03 17:30	70.065	70.155	70.055	70.125	5
2025-04-03 17:35	70.115	70.335	70.115	70.305	5
2025-04-03 17:40	70.300	70.355	70.265	70.345	5
2025-04-03 17:45	70.340	70.355	70.230	70.285	5
2025-04-03 17:50	70.280	70.285	70.210	70.275	5
2025-04-03 17:55	70.265	70.275	70.205	70.225	5
2025-04-03 18:00	70.220	70.235	70.125	70.145	5
2025-04-03 18:05	70.140	70.155	69.975	69.995	5
2025-04-03 18:10	70.005	70.065	69.940	70.020	5
2025-04-03 18:15	70.025	70.075	69.905	69.945	5
2025-04-03 18:20	69.950	70.045	69.945	70.005	5
2025-04-03 18:25	70.000	70.195	69.945	70.190	5
2025-04-03 18:30	70.185	70.205	70.095	70.115	5
2025-04-03 18:35	70.125	70.125	70.070	70.115	5
2025-04-03 18:40	70.105	70.105	70.050	70.085	5
2025-04-03 18:45	70.080	70.105	70.035	70.095	5
2025-04-03 18:50	70.090	70.095	70.045	70.060	5
2025-04-03 18:55	70.065	70.095	70.015	70.080	5
2025-04-03 19:00	70.075	70.075	70.025	70.035	5
2025-04-03 19:05	70.045	70.050	70.025	70.040	5
2025-04-03 19:10	70.045	70.050	69.975	70.010	5
2025-04-03 19:15	70.015	70.015	69.900	69.960	5
2025-04-03 19:20	69.965	69.965	69.915	69.930	5
2025-04-03 19:25	69.935	69.985	69.905	69.975	5
2025-04-03 19:30	69.980	69.985	69.950	69.965	5
2025-04-03 19:35	69.970	69.990	69.930	69.985	5
2025-04-03 19:40	69.980	69.995	69.935	69.950	5
2025-04-03 19:45	69.955	69.955	69.910	69.930	5
2025-04-03 19:50	69.935	69.985	69.915	69.985	5
2025-04-03 19:55	69.980	69.985	69.925	69.935	5
2025-04-03 20:00	69.912	69.932	69.892	69.892	5
2025-04-03 20:05	69.897	69.902	69.862	69.872	5
2025-04-03 20:10	69.882	69.907	69.872	69.887	4
2025-04-03 20:15	69.877	69.902	69.852	69.862	5
2025-04-03 20:20	69.872	69.877	69.782	69.782	5
2025-04-03 20:25	69.772	69.812	69.767	69.812	5
2025-04-03 20:30	69.817	69.882	69.802	69.852	5
2025-04-03 20:35	69.857	69.867	69.797	69.837	5
2025-04-03 20:40	69.842	69.842	69.777	69.802	5
2025-04-03 20:45	69.807	69.822	69.782	69.802	5
2025-04-03 20:50	69.812	69.822	69.782	69.802	5
2025-04-03 20:55	69.807	69.822	69.782	69.817	5
2025-04-04 00:00	69.927	70.090	69.927	70.050	5
2025-04-04 00:05	70.040	70.045	69.960	69.990	5
2025-04-04 00:10	69.995	70.005	69.965	69.975	5
2025-04-04 00:15	69.980	70.005	69.930	69.995	5
2025-04-04 00:20	70.000	70.025	69.975	69.995	5
2025-04-04 00:25	69.985	70.005	69.980	69.990	5
2025-04-04 00:30	69.985	70.005	69.935	69.945	5
2025-04-04 00:35	69.940	69.940	69.895	69.925	5
2025-04-04 00:40	69.930	69.940	69.905	69.915	5
2025-04-04 00:45	69.925	69.940	69.885	69.910	5
2025-04-04 00:50	69.915	69.915	69.860	69.875	5
2025-04-04 00:55	69.880	69.885	69.825	69.850	5
2025-04-04 01:00	69.855	69.905	69.685	69.760	5
2025-04-04 01:05	69.765	69.765	69.685	69.695	5
2025-04-04 01:10	69.705	69.775	69.685	69.730	5
2025-04-04 01:15	69.735	69.870	69.735	69.865	5
2025-04-04 01:20	69.875	69.890	69.785	69.785	5
2025-04-04 01:25	69.790	69.795	69.725	69.740	5
2025-04-04 01:30	69.745	69.755	69.670	69.700	5
2025-04-04 01:35	69.705	69.827	69.695	69.805	5
2025-04-04 01:40	69.810	69.815	69.720	69.755	5
2025-04-04 01:45	69.750	69.815	69.740	69.800	5
2025-04-04 01:50	69.805	69.825	69.765	69.820	5
2025-04-04 01:55	69.815	69.825	69.770	69.780	5
2025-04-04 02:00	69.785	69.790	69.680	69.695	5
2025-04-04 02:05	69.700	69.815	69.695	69.815	5
2025-04-04 02:10	69.825	69.870	69.815	69.850	4
2025-04-04 02:15	69.855	69.860	69.805	69.810	5
2025-04-04 02:20	69.815	69.820	69.720	69.720	5
2025-04-04 02:25	69.715	69.745	69.695	69.720	5
2025-04-04 02:30	69.725	69.785	69.715	69.775	4
2025-04-04 02:35	69.770	69.815	69.755	69.770	5
2025-04-04 02:40	69.765	69.770	69.740	69.750	5
2025-04-04 02:45	69.755	69.755	69.720	69.735	5
2025-04-04 02:50	69.725	69.740	69.670	69.715	5
2025-04-04 02:55	69.710	69.730	69.675	69.695	5
2025-04-04 03:00	69.700	69.720	69.665	69.670	5
2025-04-04 03:05	69.670	69.695	69.620	69.645	5
2025-04-04 03:10	69.650	69.650	69.550	69.590	5
2025-04-04 03:15	69.585	69.635	69.585	69.630	5
2025-04-04 03:20	69.635	69.655	69.590	69.625	5
2025-04-04 03:25	69.620	69.630	69.590	69.620	5
2025-04-04 03:30	69.625	69.665	69.595	69.600	5
2025-04-04 03:35	69.605	69.610	69.520	69.535	5
2025-04-04 03:40	69.530	69.545	69.495	69.505	5
2025-04-04 03:45	69.515	69.540	69.465	69.475	5
2025-04-04 03:50	69.485	69.615	69.465	69.605	5
2025-04-04 03:55	69.610	69.635	69.545	69.555	5
2025-04-04 04:00	69.545	69.595	69.525	69.530	5
2025-04-04 04:05	69.525	69.525	69.475	69.515	5
2025-04-04 04:10	69.520	69.560	69.505	69.510	5
2025-04-04 04:15	69.515	69.520	69.465	69.495	5
2025-04-04 04:20	69.500	69.500	69.435	69.455	5
2025-04-04 04:25	69.460	69.505	69.450	69.500	5
2025-04-04 04:30	69.495	69.500	69.455	69.480	4
2025-04-04 04:35	69.485	69.485	69.435	69.455	5
2025-04-04 04:40	69.450	69.460	69.395	69.410	5
2025-04-04 04:45	69.415	69.445	69.405	69.415	5
2025-04-04 04:50	69.405	69.415	69.365	69.365	5
2025-04-04 04:55	69.370	69.370	69.265	69.315	5
2025-04-04 05:00	69.325	69.380	69.295	69.320	5
2025-04-04 05:05	69.325	69.385	69.325	69.380	5
2025-04-04 05:10	69.375	69.385	69.355	69.360	5
2025-04-04 05:15	69.355	69.455	69.345	69.430	5
2025-04-04 05:20	69.435	69.455	69.400	69.400	5
2025-04-04 05:25	69.405	69.415	69.315	69.360	5
2025-04-04 05:30	69.355	69.415	69.325	69.405	5
2025-04-04 05:35	69.410	69.545	69.358	69.480	5
2025-04-04 05:40	69.475	69.510	69.455	69.500	5
2025-04-04 05:45	69.505	69.565	69.495	69.550	5
2025-04-04 05:50	69.545	69.595	69.515	69.520	5
2025-04-04 05:55	69.525	69.535	69.495	69.505	5
2025-04-04 06:00	69.510	69.615	69.495	69.595	5
2025-04-04 06:05	69.600	69.615	69.535	69.575	5
2025-04-04 06:10	69.570	69.595	69.490	69.545	5
2025-04-04 06:15	69.550	69.560	69.525	69.545	5
2025-04-04 06:20	69.525	69.530	69.465	69.505	5
2025-04-04 06:25	69.495	69.500	69.390	69.395	5
2025-04-04 06:30	69.385	69.400	69.270	69.295	5
2025-04-04 06:35	69.300	69.375	69.285	69.315	5
2025-04-04 06:40	69.305	69.315	69.195	69.195	5
2025-04-04 06:45	69.200	69.235	69.195	69.225	5
2025-04-04 06:50	69.215	69.235	69.195	69.195	5
2025-04-04 06:55	69.205	69.215	69.065	69.065	5
2025-04-04 07:00	69.080	69.095	68.935	68.945	5
2025-04-04 07:05	68.955	68.965	68.813	68.875	5
2025-04-04 07:10	68.880	68.965	68.740	68.745	5
2025-04-04 07:15	68.765	68.775	68.675	68.735	5
2025-04-04 07:20	68.740	68.795	68.735	68.765	5
2025-04-04 07:25	68.775	68.775	68.645	68.645	5
2025-04-04 07:30	68.640	68.675	68.605	68.645	5
2025-04-04 07:35	68.655	68.845	68.655	68.795	5
2025-04-04 07:40	68.785	68.785	68.605	68.615	5
2025-04-04 07:45	68.610	68.625	68.545	68.585	5
2025-04-04 07:50	68.590	68.705	68.505	68.525	5
2025-04-04 07:55	68.520	68.520	68.495	68.505	5
2025-04-04 08:00	68.495	68.565	68.385	68.485	5
2025-04-04 08:05	68.495	68.555	68.415	68.415	5
2025-04-04 08:10	68.410	68.435	68.315	68.335	5
2025-04-04 08:15	68.345	68.385	68.275	68.310	5
2025-04-04 08:20	68.315	68.450	68.265	68.265	5
2025-04-04 08:25	68.260	68.265	68.175	68.205	5
2025-04-04 08:30	68.215	68.215	67.825	67.855	5
2025-04-04 08:35	67.845	68.015	67.815	67.955	5
2025-04-04 08:40	67.965	68.015	67.625	67.760	5
2025-04-04 08:45	67.755	67.865	67.700	67.845	5
2025-04-04 08:50	67.835	67.845	67.635	67.690	5
2025-04-04 08:55	67.685	67.725	67.555	67.575	5
2025-04-04 09:00	67.570	67.615	67.515	67.515	5
2025-04-04 09:05	67.525	67.725	67.455	67.725	5
2025-04-04 09:10	67.735	67.765	67.570	67.600	5
2025-04-04 09:15	67.595	67.870	67.560	67.785	5
2025-04-04 09:20	67.775	67.910	67.705	67.880	5
2025-04-04 09:25	67.875	68.000	67.795	67.815	5
2025-04-04 09:30	67.820	67.975	67.775	67.935	5
2025-04-04 09:35	67.950	67.990	67.845	67.915	5
2025-04-04 09:40	67.925	67.925	67.675	67.685	5
2025-04-04 09:45	67.680	67.855	67.655	67.730	5
2025-04-04 09:50	67.725	67.835	67.625	67.745	5
2025-04-04 09:55	67.735	67.785	67.580	67.785	5
2025-04-04 10:00	67.795	68.165	67.735	68.145	5
2025-04-04 10:05	68.155	68.155	67.485	67.505	5
2025-04-04 10:10	67.495	67.505	67.055	67.170	5
2025-04-04 10:15	67.175	67.205	67.005	67.045	5
2025-04-04 10:20	67.055	67.070	66.505	66.565	5
2025-04-04 10:25	66.575	67.040	66.505	66.520	5
2025-04-04 10:30	66.515	66.670	66.205	66.250	5
2025-04-04 10:35	66.260	66.275	65.660	65.710	5
2025-04-04 10:40	65.700	65.950	65.355	65.775	5
2025-04-04 10:45	65.785	66.095	65.595	66.035	5
2025-04-04 10:50	66.030	66.165	65.570	65.645	5
2025-04-04 10:55	65.655	65.975	65.650	65.840	5
2025-04-04 11:00	65.835	65.965	65.490	65.505	5
2025-04-04 11:05	65.520	65.580	64.983	65.365	5
2025-04-04 11:10	65.355	65.630	65.340	65.530	5
2025-04-04 11:15	65.535	65.550	65.220	65.370	5
2025-04-04 11:20	65.375	65.475	65.015	65.025	5
2025-04-04 11:25	65.020	65.070	64.450	64.475	5
2025-04-04 11:30	64.470	64.675	64.165	64.590	5
2025-04-04 11:35	64.600	65.110	64.580	65.085	5
2025-04-04 11:40	65.075	65.095	64.640	64.680	5
2025-04-04 11:45	64.690	64.770	64.315	64.480	5
2025-04-04 11:50	64.460	64.885	64.345	64.800	5
2025-04-04 11:55	64.805	65.180	64.745	65.100	5
2025-04-04 12:00	65.090	65.105	64.800	64.805	5
2025-04-04 12:05	64.800	65.410	64.695	65.370	5
2025-04-04 12:10	65.385	65.450	65.245	65.290	5
2025-04-04 12:15	65.280	65.670	65.263	65.515	5
2025-04-04 12:20	65.525	65.530	65.335	65.350	5
2025-04-04 12:25	65.355	65.675	65.355	65.607	5
2025-04-04 12:30	65.605	65.980	65.510	65.960	5
2025-04-04 12:35	65.955	65.955	65.435	65.465	5
2025-04-04 12:40	65.455	65.485	65.265	65.395	5
2025-04-04 12:45	65.400	65.535	65.305	65.530	5
2025-04-04 12:50	65.525	65.625	65.390	65.535	5
2025-04-04 12:55	65.530	65.545	65.240	65.255	5
2025-04-04 13:00	65.245	65.790	65.195	65.695	5
2025-04-04 13:05	65.700	65.795	65.495	65.495	5
2025-04-04 13:10	65.490	65.525	65.285	65.305	5
2025-04-04 13:15	65.310	65.435	65.305	65.355	5
2025-04-04 13:20	65.345	65.475	65.205	65.240	5
2025-04-04 13:25	65.245	65.255	65.115	65.180	5
2025-04-04 13:30	65.185	65.395	65.080	65.340	5
2025-04-04 13:35	65.345	65.415	65.135	65.325	5
2025-04-04 13:40	65.330	65.365	64.845	64.915	5
2025-04-04 13:45	64.920	65.000	64.795	64.825	5
2025-04-04 13:50	64.820	64.925	64.685	64.730	5
2025-04-04 13:55	64.725	65.180	64.695	65.045	5
2025-04-04 14:00	65.035	65.035	64.795	64.850	5
2025-04-04 14:05	64.845	64.995	64.735	64.875	5
2025-04-04 14:10	64.865	65.125	64.810	65.055	5
2025-04-04 14:15	65.050	65.140	64.820	64.825	5
2025-04-04 14:20	64.830	64.855	64.660	64.675	5
2025-04-04 14:25	64.680	64.705	64.460	64.475	5
2025-04-04 14:30	64.480	64.615	64.470	64.565	5
2025-04-04 14:35	64.575	64.615	64.485	64.530	5
2025-04-04 14:40	64.525	64.575	64.415	64.420	5
2025-04-04 14:45	64.415	64.455	64.145	64.175	5
2025-04-04 14:50	64.165	64.775	64.015	64.555	5
2025-04-04 14:55	64.540	64.865	64.520	64.760	5
2025-04-04 15:00	64.755	65.828	64.740	65.740	5
2025-04-04 15:05	65.775	65.790	65.330	65.650	5
2025-04-04 15:10	65.645	66.700	65.578	66.290	5
2025-04-04 15:15	66.295	66.335	65.703	65.765	5
2025-04-04 15:20	65.718	65.815	65.588	65.700	5
2025-04-04 15:25	65.695	65.795	65.408	65.473	5
2025-04-04 15:30	65.525	65.765	65.408	65.478	5
2025-04-04 15:35	65.520	65.750	65.363	65.425	5
2025-04-04 15:40	65.420	65.530	65.258	65.385	5
2025-04-04 15:45	65.343	65.570	65.243	65.515	5
2025-04-04 15:50	65.510	65.585	65.193	65.245	5
2025-04-04 15:55	65.240	65.278	65.133	65.205	3
2025-04-04 16:00	65.270	65.345	65.118	65.285	5
2025-04-04 16:05	65.243	65.480	65.238	65.370	5
2025-04-04 16:10	65.365	65.715	65.318	65.430	5
2025-04-04 16:15	65.388	65.465	65.228	65.365	5
2025-04-04 16:20	65.380	65.440	65.228	65.315	5
2025-04-04 16:25	65.325	65.350	65.198	65.265	5
2025-04-04 16:30	65.275	65.335	65.043	65.135	5
2025-04-04 16:35	65.145	65.520	65.088	65.495	5
2025-04-04 16:40	65.505	65.560	65.323	65.360	5
2025-04-04 16:45	65.318	65.395	65.268	65.313	5
2025-04-04 16:50	65.335	65.515	65.298	65.443	5
2025-04-04 16:55	65.485	65.585	65.398	65.515	5
2025-04-04 17:00	65.520	65.610	65.458	65.530	5
2025-04-04 17:05	65.525	65.560	65.408	65.470	5
2025-04-04 17:10	65.475	65.495	65.303	65.355	5
2025-04-04 17:15	65.313	65.365	65.158	65.275	5
2025-04-04 17:20	65.233	65.365	65.213	65.305	5
2025-04-04 17:25	65.315	65.430	65.238	65.315	5
2025-04-04 17:30	65.325	65.355	65.113	65.330	5
2025-04-04 17:35	65.335	65.515	65.278	65.383	5
2025-04-04 17:40	65.415	65.560	65.368	65.500	5
2025-04-04 17:45	65.458	65.625	65.403	65.615	5
2025-04-04 17:50	65.573	65.655	65.448	65.598	5
2025-04-04 17:55	65.593	65.725	65.533	65.658	5
2025-04-04 18:00	65.705	65.795	65.628	65.755	5
2025-04-04 18:05	65.760	65.770	65.513	65.605	5
2025-04-04 18:10	65.610	65.615	65.453	65.518	5
2025-04-04 18:15	65.565	65.665	65.468	65.660	5
2025-04-04 18:20	65.665	65.685	65.548	65.655	5
2025-04-04 18:25	65.613	65.715	65.463	65.583	5
2025-04-04 18:30	65.573	65.660	65.523	65.583	5
2025-04-04 18:35	65.625	65.725	65.568	65.658	5
2025-04-04 18:40	65.705	65.725	65.588	65.635	5
2025-04-04 18:45	65.640	65.855	65.563	65.845	5
2025-04-04 18:50	65.803	65.910	65.743	65.900	5
2025-04-04 18:55	65.858	66.025	65.838	65.935	5
2025-04-04 19:00	65.945	66.025	65.868	65.950	5
2025-04-04 19:05	65.908	65.985	65.843	65.960	5
2025-04-04 19:10	65.918	66.130	65.918	66.120	5
2025-04-04 19:15	66.125	66.175	66.063	66.160	5
2025-04-04 19:20	66.118	66.345	66.118	66.295	5
2025-04-04 19:25	66.253	66.325	66.203	66.305	5
2025-04-04 19:30	66.263	66.340	66.233	66.340	5
2025-04-04 19:35	66.335	66.355	66.213	66.303	5
2025-04-04 19:40	66.345	66.425	66.283	66.415	5
2025-04-04 19:45	66.420	66.470	66.373	66.455	5
2025-04-04 19:50	66.408	66.450	66.248	66.263	5
2025-04-04 19:55	66.253	66.305	66.163	66.275	5
2025-04-04 20:00	66.285	66.285	66.143	66.143	5
2025-04-04 20:05	66.148	66.183	66.133	66.173	5
2025-04-04 20:10	66.158	66.168	66.138	66.168	5
2025-04-04 20:15	66.173	66.188	66.133	66.138	5
2025-04-04 20:20	66.143	66.178	66.128	66.163	5
2025-04-04 20:25	66.158	66.158	66.138	66.143	5
2025-04-04 20:30	66.128	66.138	66.068	66.073	5
2025-04-04 20:35	66.078	66.083	66.038	66.043	5
2025-04-04 20:40	66.038	66.098	66.038	66.078	5
2025-04-04 20:45	66.083	66.083	65.818	65.818	5
2025-04-04 20:50	65.818	65.943	65.818	65.888	5
2025-04-04 20:55	65.888	65.967	65.838	65.932	5
2025-04-07 00:00	63.340	63.495	63.128	63.155	5
2025-04-07 00:05	63.160	63.315	63.088	63.145	5
2025-04-07 00:10	63.140	63.175	62.968	63.045	5
2025-04-07 00:15	63.055	63.205	63.023	63.170	5
2025-04-07 00:20	63.123	63.410	63.123	63.375	5
2025-04-07 00:25	63.370	63.420	63.268	63.360	5
2025-04-07 00:30	63.370	63.445	63.288	63.420	5
2025-04-07 00:35	63.373	63.455	63.283	63.315	5
2025-04-07 00:40	63.320	63.380	63.143	63.315	5
2025-04-07 00:45	63.310	63.400	63.243	63.320	5
2025-04-07 00:50	63.325	63.440	63.278	63.395	5
2025-04-07 00:55	63.390	63.670	63.390	63.615	5
2025-04-07 01:00	63.610	63.610	63.468	63.545	5
2025-04-07 01:05	63.555	63.825	63.508	63.770	5
2025-04-07 01:10	63.775	63.975	63.733	63.925	5
2025-04-07 01:15	63.920	64.025	63.823	64.005	5
2025-04-07 01:20	64.000	64.215	63.948	64.130	5
2025-04-07 01:25	64.078	64.145	63.938	64.000	5
2025-04-07 01:30	63.995	64.015	63.848	63.858	5
2025-04-07 01:35	63.900	63.955	63.663	63.730	5
2025-04-07 01:40	63.725	63.775	63.618	63.755	5
2025-04-07 01:45	63.750	63.910	63.733	63.865	5
2025-04-07 01:50	63.818	64.055	63.788	64.020	5
2025-04-07 01:55	64.015	64.105	63.973	64.030	5
2025-04-07 02:00	64.025	64.150	63.953	64.080	5
2025-04-07 02:05	64.090	64.170	64.008	64.060	5
2025-04-07 02:10	64.055	64.065	63.828	63.968	5
2025-04-07 02:15	64.005	64.065	63.833	63.885	5
2025-04-07 02:20	63.848	63.900	63.718	63.785	5
2025-04-07 02:25	63.790	63.885	63.678	63.730	5
2025-04-07 02:30	63.745	63.860	63.678	63.780	5
2025-04-07 02:35	63.790	63.825	63.528	63.640	5
2025-04-07 02:40	63.655	63.810	63.623	63.700	5
2025-04-07 02:45	63.715	63.975	63.648	63.920	5
2025-04-07 02:50	63.915	63.955	63.838	63.935	5
2025-04-07 02:55	63.888	63.950	63.768	63.860	5
2025-04-07 03:00	63.865	64.045	63.823	63.940	5
2025-04-07 03:05	63.930	64.005	63.883	63.910	5
2025-04-07 03:10	63.915	63.955	63.703	63.750	5
2025-04-07 03:15	63.755	63.835	63.688	63.830	5
2025-04-07 03:20	63.840	63.985	63.808	63.930	5
2025-04-07 03:25	63.935	64.075	63.898	63.985	5
2025-04-07 03:30	63.980	63.985	63.698	63.720	5
2025-04-07 03:35	63.715	63.820	63.588	63.795	5
2025-04-07 03:40	63.790	63.860	63.748	63.800	5
2025-04-07 03:45	63.795	63.795	63.658	63.710	5
2025-04-07 03:50	63.715	63.845	63.705	63.825	5
2025-04-07 03:55	63.830	63.855	63.708	63.805	5
2025-04-07 04:00	63.825	64.475	63.825	64.360	5
2025-04-07 04:05	64.365	64.475	64.308	64.330	5
2025-04-07 04:10	64.320	64.320	64.078	64.115	5
2025-04-07 04:15	64.125	64.135	63.908	63.923	5
2025-04-07 04:20	63.950	64.005	63.808	63.865	5
2025-04-07 04:25	63.860	63.880	63.708	63.760	5
2025-04-07 04:30	63.765	63.785	63.673	63.738	5
2025-04-07 04:35	63.760	63.875	63.688	63.875	5
2025-04-07 04:40	63.895	64.020	63.843	63.963	5
2025-04-07 04:45	64.025	64.100	63.873	63.910	5
2025-04-07 04:50	63.915	64.080	63.883	63.933	5
2025-04-07 04:55	63.965	63.990	63.798	63.840	5
2025-04-07 05:00	63.850	63.940	63.793	63.880	5
2025-04-07 05:05	63.885	63.995	63.813	63.920	5
2025-04-07 05:10	63.930	64.070	63.903	64.045	5
2025-04-07 05:15	64.050	64.350	64.008	64.335	5
2025-04-07 05:20	64.340	64.430	64.063	64.068	5
2025-04-07 05:25	64.100	64.160	63.938	63.978	5
2025-04-07 05:30	64.020	64.060	63.873	63.920	5
2025-04-07 05:35	63.925	64.005	63.853	63.885	5
2025-04-07 05:40	63.838	63.905	63.748	63.845	5
2025-04-07 05:45	63.850	63.900	63.698	63.760	5
2025-04-07 05:50	63.765	63.765	63.663	63.725	5
2025-04-07 05:55	63.735	63.745	63.648	63.705	5
2025-04-07 06:00	63.710	63.915	63.653	63.833	5
2025-04-07 06:05	63.818	63.975	63.708	63.783	5
2025-04-07 06:10	63.773	63.855	63.728	63.845	5
2025-04-07 06:15	63.803	63.895	63.673	63.780	5
2025-04-07 06:20	63.790	63.855	63.648	63.855	5
2025-04-07 06:25	63.865	63.990	63.548	63.615	5
2025-04-07 06:30	63.610	63.610	63.173	63.270	5
2025-04-07 06:35	63.228	63.355	63.138	63.225	5
2025-04-07 06:40	63.215	63.240	62.963	63.015	5
2025-04-07 06:45	63.030	63.255	62.973	63.215	5
2025-04-07 06:50	63.225	63.330	63.083	63.265	5
2025-04-07 06:55	63.223	63.440	63.118	63.328	5
2025-04-07 07:00	63.370	63.510	63.223	63.285	5
2025-04-07 07:05	63.243	63.490	62.578	62.613	5
2025-04-07 07:10	62.603	62.825	62.563	62.773	5
2025-04-07 07:15	62.805	63.125	62.763	63.045	5
2025-04-07 07:20	63.055	63.115	62.928	63.005	5
2025-04-07 07:25	62.963	63.065	62.808	62.855	5
2025-04-07 07:30	62.845	62.855	62.473	62.540	5
2025-04-07 07:35	62.550	62.820	62.493	62.820	5
2025-04-07 07:40	62.778	62.985	62.748	62.803	5
2025-04-07 07:45	62.798	63.145	62.763	63.070	5
2025-04-07 07:50	63.028	63.225	62.908	63.215	5
2025-04-07 07:55	63.210	63.275	63.033	63.085	5
2025-04-07 08:00	63.043	63.445	62.983	63.445	5
2025-04-07 08:05	63.455	63.645	63.398	63.530	5
2025-04-07 08:10	63.483	63.520	63.193	63.233	5
2025-04-07 08:15	63.223	63.365	63.158	63.273	5
2025-04-07 08:20	63.315	63.585	63.263	63.575	5
2025-04-07 08:25	63.585	63.585	63.263	63.318	5
2025-04-07 08:30	63.345	63.370	63.083	63.335	5
2025-04-07 08:35	63.293	63.345	63.118	63.238	5
2025-04-07 08:40	63.233	63.320	62.938	62.963	5
2025-04-07 08:45	62.958	63.175	62.938	63.135	5
2025-04-07 08:50	63.093	63.285	62.973	63.095	5
2025-04-07 08:55	63.053	63.205	62.968	63.035	5
2025-04-07 09:00	63.030	63.125	62.888	62.938	5
2025-04-07 09:05	62.980	63.195	62.873	63.185	5
2025-04-07 09:10	63.205	63.215	62.973	63.015	5
2025-04-07 09:15	63.020	63.145	62.933	62.933	5
2025-04-07 09:20	62.928	62.985	62.818	62.975	5
2025-04-07 09:25	62.965	62.985	62.708	62.775	5
2025-04-07 09:30	62.733	62.960	62.733	62.885	5
2025-04-07 09:35	62.843	63.125	62.798	63.115	5
2025-04-07 09:40	63.120	63.495	63.073	63.240	5
2025-04-07 09:45	63.235	63.355	63.143	63.295	5
2025-04-07 09:50	63.290	63.365	63.193	63.193	5
2025-04-07 09:55	63.225	63.245	63.058	63.120	5
2025-04-07 10:00	63.115	63.510	63.053	63.318	5
2025-04-07 10:05	63.313	63.620	63.293	63.578	5
2025-04-07 10:10	63.573	63.695	63.498	63.635	5
2025-04-07 10:15	63.593	63.795	63.578	63.735	5
2025-04-07 10:20	63.693	63.870	63.663	63.738	5
2025-04-07 10:25	63.733	63.800	63.568	63.635	5
2025-04-07 10:30	63.593	63.770	63.553	63.693	5
2025-04-07 10:35	63.673	63.900	63.633	63.853	5
2025-04-07 10:40	63.843	63.955	63.678	63.905	5
2025-04-07 10:45	63.863	63.895	63.733	63.753	5
2025-04-07 10:50	63.748	63.940	63.703	63.930	5
2025-04-07 10:55	63.888	63.935	63.678	63.880	5
2025-04-07 11:00	63.838	64.115	63.728	64.095	5
2025-04-07 11:05	64.053	64.285	64.003	64.163	5
2025-04-07 11:10	64.200	64.200	63.913	64.025	5
2025-04-07 11:15	63.983	64.135	63.978	64.070	5
2025-04-07 11:20	64.080	64.265	64.053	64.115	5
2025-04-07 11:25	64.073	64.265	63.908	64.188	5
2025-04-07 11:30	64.240	64.340	64.138	64.210	5
2025-04-07 11:35	64.205	64.235	64.033	64.165	5
2025-04-07 11:40	64.160	64.260	64.068	64.098	5
2025-04-07 11:45	64.093	64.340	63.988	64.128	5
2025-04-07 11:50	64.175	64.195	63.923	63.965	5
2025-04-07 11:55	63.923	64.055	63.863	63.905	5
2025-04-07 12:00	63.915	64.035	63.863	64.035	5
2025-04-07 12:05	64.030	64.075	63.748	63.815	5
2025-04-07 12:10	63.773	63.935	63.683	63.868	5
2025-04-07 12:15	63.895	64.070	63.758	63.798	5
2025-04-07 12:20	63.820	63.940	63.758	63.925	5
2025-04-07 12:25	63.920	64.245	63.868	64.173	5
2025-04-07 12:30	64.153	64.285	63.978	64.083	5
2025-04-07 12:35	64.073	64.125	63.893	63.908	5
2025-04-07 12:40	63.903	64.185	63.823	64.033	5
2025-04-07 12:45	64.028	64.330	63.878	64.195	5
2025-04-07 12:50	64.153	64.800	64.143	64.690	5
2025-04-07 12:55	64.695	64.785	64.448	64.483	5
2025-04-07 13:00	64.468	64.585	64.258	64.258	5
2025-04-07 13:05	64.253	64.505	64.178	64.363	5
2025-04-07 13:10	64.358	64.385	63.948	63.978	5
2025-04-07 13:15	63.973	64.195	63.933	64.148	5
2025-04-07 13:20	64.143	64.360	64.043	64.295	5
2025-04-07 13:25	64.305	64.305	64.078	64.143	5
2025-04-07 13:30	64.138	64.180	63.713	63.825	5
2025-04-07 13:35	63.793	63.860	63.663	63.795	5
2025-04-07 13:40	63.753	63.940	63.633	63.925	5
2025-04-07 13:45	63.940	64.175	63.833	64.125	5
2025-04-07 13:50	64.083	64.640	64.083	64.548	5
2025-04-07 13:55	64.538	64.955	64.473	64.910	5
2025-04-07 14:00	64.866	65.175	64.778	65.130	5
2025-04-07 14:05	65.135	65.170	64.858	65.043	5
2025-04-07 14:10	65.090	67.375	65.090	66.728	5
2025-04-07 14:15	66.718	67.352	66.478	66.650	5
2025-04-07 14:20	66.598	66.655	65.458	65.620	5
2025-04-07 14:25	65.578	65.625	64.653	64.960	5
2025-04-07 14:30	64.970	65.535	64.658	64.995	5
2025-04-07 14:35	64.953	65.045	64.358	64.388	5
2025-04-07 14:40	64.430	64.980	64.388	64.940	5
2025-04-07 14:45	64.898	65.055	64.648	64.753	5
2025-04-07 14:50	64.790	65.165	64.573	65.000	5
2025-04-07 14:55	64.958	65.005	64.598	64.675	5
2025-04-07 15:00	64.680	65.050	64.643	64.938	5
2025-04-07 15:05	64.980	64.987	64.368	64.445	5
2025-04-07 15:10	64.450	64.745	63.768	64.013	5
2025-04-07 15:15	63.918	64.215	63.518	64.140	5
2025-04-07 15:20	64.098	64.420	64.008	64.130	5
2025-04-07 15:25	64.135	64.390	63.873	64.110	5
2025-04-07 15:30	64.105	64.400	64.033	64.210	5
2025-04-07 15:35	64.168	64.395	64.138	64.260	5
2025-04-07 15:40	64.218	64.670	64.218	64.528	5
2025-04-07 15:45	64.570	64.630	64.308	64.458	5
2025-04-07 15:50	64.448	64.510	64.153	64.193	5
2025-04-07 15:55	64.235	64.445	64.183	64.335	5
2025-04-07 16:00	64.293	64.330	64.073	64.210	5
2025-04-07 16:05	64.168	64.475	64.123	64.408	5
2025-04-07 16:10	64.396	64.480	64.233	64.320	5
2025-04-07 16:15	64.278	64.370	64.048	64.290	5
2025-04-07 16:20	64.295	64.310	64.058	64.143	5
2025-04-07 16:25	64.180	64.485	64.143	64.388	5
2025-04-07 16:30	64.383	64.760	64.313	64.710	5
2025-04-07 16:35	64.668	64.720	64.363	64.393	5
2025-04-07 16:40	64.383	64.455	64.218	64.405	5
2025-04-07 16:45	64.410	64.410	64.238	64.350	5
2025-04-07 16:50	64.360	64.475	64.228	64.460	5
2025-04-07 16:55	64.455	64.500	64.198	64.255	5
2025-04-07 17:00	64.270	64.962	64.233	64.620	5
2025-04-07 17:05	64.625	64.670	64.423	64.448	5
2025-04-07 17:10	64.443	64.740	64.308	64.730	5
2025-04-07 17:15	64.688	64.885	64.668	64.740	5
2025-04-07 17:20	64.698	64.815	64.598	64.713	5
2025-04-07 17:25	64.755	64.925	64.688	64.910	5
2025-04-07 17:30	64.915	65.000	64.713	64.865	5
2025-04-07 17:35	64.870	64.950	64.708	64.900	5
2025-04-07 17:40	64.910	65.065	64.768	65.015	5
2025-04-07 17:45	65.025	65.090	64.658	64.828	5
2025-04-07 17:50	64.860	64.895	64.578	64.648	5
2025-04-07 17:55	64.675	64.770	64.523	64.670	5
2025-04-07 18:00	64.680	64.800	64.628	64.710	5
2025-04-07 18:05	64.715	64.715	64.438	64.443	5
2025-04-07 18:10	64.438	64.518	64.313	64.398	5
2025-04-07 18:15	64.393	64.670	64.393	64.655	5
2025-04-07 18:20	64.660	64.870	64.588	64.820	5
2025-04-07 18:25	64.825	64.845	64.028	64.125	5
2025-04-07 18:30	64.145	64.310	64.058	64.255	5
2025-04-07 18:35	64.213	64.595	64.203	64.580	5
2025-04-07 18:40	64.585	64.730	64.458	64.560	5
2025-04-07 18:45	64.555	64.560	64.328	64.440	5
2025-04-07 18:50	64.450	64.450	64.288	64.340	5
2025-04-07 18:55	64.298	64.380	64.198	64.248	5
2025-04-07 19:00	64.290	64.540	64.258	64.408	5
2025-04-07 19:05	64.450	64.550	64.373	64.425	5
2025-04-07 19:10	64.420	64.550	64.353	64.515	5
2025-04-07 19:15	64.510	64.595	64.383	64.570	5
2025-04-07 19:20	64.565	64.620	64.108	64.420	5
2025-04-07 19:25	64.378	64.460	64.238	64.320	5
2025-04-07 19:30	64.325	64.595	64.243	64.490	5
2025-04-07 19:35	64.500	64.700	64.413	64.613	5
2025-04-07 19:40	64.608	64.635	64.378	64.388	5
2025-04-07 19:45	64.378	64.480	64.286	64.400	5
2025-04-07 19:50	64.405	64.490	64.293	64.388	5
2025-04-07 19:55	64.398	64.480	64.283	64.308	5
2025-04-07 20:00	64.350	64.398	64.288	64.353	5
2025-04-07 20:05	64.348	64.448	64.328	64.448	5
2025-04-07 20:10	64.438	64.498	64.388	64.443	5
2025-04-07 20:15	64.438	64.458	64.398	64.408	5
2025-04-07 20:20	64.413	64.423	64.298	64.338	5
2025-04-07 20:25	64.378	64.398	64.338	64.378	5
2025-04-07 20:30	64.373	64.453	64.358	64.358	5
2025-04-07 20:35	64.358	64.418	64.358	64.393	4
2025-04-07 20:40	64.398	64.498	64.398	64.463	5
2025-04-07 20:45	64.453	64.453	64.353	64.373	5
2025-04-07 20:50	64.383	64.458	64.358	64.373	5
2025-04-07 20:55	64.378	64.398	64.263	64.348	5
2025-04-08 00:00	64.538	64.665	64.393	64.665	5
2025-04-08 00:05	64.695	64.730	64.593	64.670	5
2025-04-08 00:10	64.675	64.870	64.658	64.850	5
2025-04-08 00:15	64.865	64.975	64.793	64.975	5
2025-04-08 00:20	64.970	64.975	64.868	64.920	5
2025-04-08 00:25	64.910	64.980	64.848	64.960	5
2025-04-08 00:30	64.950	65.045	64.898	65.045	5
2025-04-08 00:35	64.998	65.035	64.938	65.000	5
2025-04-08 00:40	65.005	65.030	64.928	64.975	5
2025-04-08 00:45	64.990	65.040	64.923	65.000	5
2025-04-08 00:50	64.995	65.010	64.878	64.955	5
2025-04-08 00:55	64.970	64.980	64.628	64.665	5
2025-04-08 01:00	64.670	64.670	64.463	64.515	5
2025-04-08 01:05	64.510	64.595	64.438	64.575	5
2025-04-08 01:10	64.570	64.740	64.558	64.670	5
2025-04-08 01:15	64.660	64.705	64.463	64.600	5
2025-04-08 01:20	64.595	64.625	64.488	64.535	5
2025-04-08 01:25	64.540	64.670	64.513	64.610	5
2025-04-08 01:30	64.605	64.750	64.518	64.610	5
2025-04-08 01:35	64.615	64.840	64.573	64.770	5
2025-04-08 01:40	64.775	64.810	64.653	64.735	5
2025-04-08 01:45	64.740	64.750	64.593	64.735	5
2025-04-08 01:50	64.688	64.735	64.638	64.720	5
2025-04-08 01:55	64.715	64.835	64.710	64.830	5
2025-04-08 02:00	64.825	64.875	64.773	64.875	5
2025-04-08 02:05	64.870	64.875	64.788	64.865	5
2025-04-08 02:10	64.860	64.925	64.828	64.905	5
2025-04-08 02:15	64.910	64.915	64.858	64.900	5
2025-04-08 02:20	64.905	65.000	64.858	65.000	5
2025-04-08 02:25	64.995	65.075	64.953	65.045	5
2025-04-08 02:30	65.040	65.045	64.903	65.010	5
2025-04-08 02:35	65.005	65.070	64.948	65.065	5
2025-04-08 02:40	65.075	65.155	65.018	65.135	5
2025-04-08 02:45	65.088	65.175	65.043	65.170	5
2025-04-08 02:50	65.175	65.175	65.068	65.085	5
2025-04-08 02:55	65.095	65.115	65.038	65.080	5
2025-04-08 03:00	65.075	65.075	64.878	64.903	5
2025-04-08 03:05	64.898	65.000	64.863	64.960	5
2025-04-08 03:10	64.965	64.975	64.798	64.830	5
2025-04-08 03:15	64.825	64.930	64.798	64.930	5
2025-04-08 03:20	64.935	65.005	64.888	64.948	5
2025-04-08 03:25	64.980	64.985	64.868	64.925	5
2025-04-08 03:30	64.930	65.025	64.925	65.005	5
2025-04-08 03:35	65.000	65.075	64.975	65.070	5
2025-04-08 03:40	65.065	65.070	65.040	65.045	5
2025-04-08 03:45	65.050	65.145	65.045	65.135	5
2025-04-08 03:50	65.130	65.135	65.008	65.085	5
2025-04-08 03:55	65.090	65.100	64.993	65.050	5
2025-04-08 04:00	65.003	65.090	64.983	65.060	5
2025-04-08 04:05	65.055	65.080	65.018	65.075	5
2025-04-08 04:10	65.080	65.150	65.075	65.145	5
2025-04-08 04:15	65.150	65.185	65.088	65.120	5
2025-04-08 04:20	65.115	65.125	65.028	65.100	5
2025-04-08 04:25	65.105	65.160	65.100	65.135	5
2025-04-08 04:30	65.130	65.130	65.008	65.070	5
2025-04-08 04:35	65.065	65.090	64.993	65.070	5
2025-04-08 04:40	65.075	65.075	64.988	65.045	5
2025-04-08 04:45	64.998	65.045	64.978	65.035	5
2025-04-08 04:50	65.040	65.140	64.993	65.140	5
2025-04-08 04:55	65.135	65.175	65.078	65.170	5
2025-04-08 05:00	65.175	65.185	65.053	65.090	5
2025-04-08 05:05	65.095	65.095	64.988	65.040	5
2025-04-08 05:10	65.045	65.050	64.958	65.050	5
2025-04-08 05:15	65.003	65.040	64.928	64.975	5
2025-04-08 05:20	64.980	65.080	64.945	65.060	5
2025-04-08 05:25	65.045	65.055	64.938	64.975	5
2025-04-08 05:30	64.980	65.010	64.868	64.900	5
2025-04-08 05:35	64.905	64.995	64.848	64.985	5
2025-04-08 05:40	64.990	65.025	64.848	64.890	5
2025-04-08 05:45	64.885	64.895	64.818	64.865	5
2025-04-08 05:50	64.875	64.885	64.788	64.830	5
2025-04-08 05:55	64.825	64.850	64.748	64.820	5
2025-04-08 06:00	64.815	64.835	64.658	64.755	5
2025-04-08 06:05	64.723	64.775	64.658	64.688	5
2025-04-08 06:10	64.735	64.795	64.683	64.775	5
2025-04-08 06:15	64.765	64.815	64.740	64.785	5
2025-04-08 06:20	64.775	64.810	64.715	64.795	5
2025-04-08 06:25	64.790	64.795	64.620	64.620	5
2025-04-08 06:30	64.615	64.755	64.610	64.705	5
2025-04-08 06:35	64.700	64.895	64.685	64.860	5
2025-04-08 06:40	64.855	64.945	64.810	64.905	5
2025-04-08 06:45	64.915	64.925	64.820	64.845	5
2025-04-08 06:50	64.840	64.975	64.840	64.905	5
2025-04-08 06:55	64.910	64.955	64.855	64.910	5
2025-04-08 07:00	64.875	64.995	64.680	64.865	5
2025-04-08 07:05	64.870	64.870	64.575	64.635	5
2025-04-08 07:10	64.625	64.695	64.600	64.610	5
2025-04-08 07:15	64.605	64.640	64.480	64.525	5
2025-04-08 07:20	64.505	64.685	64.465	64.525	5
2025-04-08 07:25	64.520	64.575	64.360	64.450	5
2025-04-08 07:30	64.470	64.470	64.225	64.250	5
2025-04-08 07:35	64.240	64.240	64.000	64.035	5
2025-04-08 07:40	64.030	64.105	63.940	64.085	5
2025-04-08 07:45	64.105	64.165	63.640	63.775	5
2025-04-08 07:50	63.790	63.995	63.705	63.910	5
2025-04-08 07:55	63.905	63.970	63.815	63.835	5
2025-04-08 08:00	63.830	63.895	63.680	63.855	5
2025-04-08 08:05	63.860	63.985	63.795	63.820	5
2025-04-08 08:10	63.825	63.845	63.670	63.765	5
2025-04-08 08:15	63.760	63.960	63.745	63.850	5
2025-04-08 08:20	63.845	64.110	63.835	64.045	5
2025-04-08 08:25	64.035	64.135	63.945	64.085	5
2025-04-08 08:30	64.060	64.130	63.950	64.060	5
2025-04-08 08:35	64.055	64.280	64.000	64.225	5
2025-04-08 08:40	64.210	64.385	64.210	64.360	5
2025-04-08 08:45	64.355	64.385	64.180	64.185	5
2025-04-08 08:50	64.190	64.245	64.070	64.245	5
2025-04-08 08:55	64.280	64.475	64.245	64.370	5
2025-04-08 09:00	64.365	64.375	64.175	64.335	5
2025-04-08 09:05	64.305	64.385	64.260	64.365	5
2025-04-08 09:10	64.355	64.445	64.160	64.185	5
2025-04-08 09:15	64.180	64.215	64.125	64.160	5
2025-04-08 09:20	64.155	64.390	64.135	64.250	5
2025-04-08 09:25	64.245	64.265	64.125	64.185	5
2025-04-08 09:30	64.190	64.225	64.105	64.155	5
2025-04-08 09:35	64.145	64.190	64.075	64.145	5
2025-04-08 09:40	64.140	64.475	64.125	64.460	5
2025-04-08 09:45	64.455	64.475	64.295	64.305	5
2025-04-08 09:50	64.295	64.410	64.280	64.320	5
2025-04-08 09:55	64.335	64.345	64.230	64.265	5
2025-04-08 10:00	64.275	64.455	64.240	64.455	5
2025-04-08 10:05	64.460	64.540	64.370	64.520	5
2025-04-08 10:10	64.525	64.540	64.380	64.425	5
2025-04-08 10:15	64.420	64.615	64.420	64.570	5
2025-04-08 10:20	64.565	64.650	64.545	64.585	5
2025-04-08 10:25	64.575	64.580	64.470	64.485	5
2025-04-08 10:30	64.490	64.495	64.340	64.365	5
2025-04-08 10:35	64.360	64.405	64.315	64.370	5
2025-04-08 10:40	64.375	64.505	64.360	64.455	5
2025-04-08 10:45	64.460	64.460	64.325	64.345	5
2025-04-08 10:50	64.335	64.355	64.235	64.275	5
2025-04-08 10:55	64.280	64.300	64.155	64.175	5
2025-04-08 11:00	64.148	64.255	64.140	64.150	5
2025-04-08 11:05	64.155	64.285	64.090	64.275	5
2025-04-08 11:10	64.270	64.315	64.205	64.295	5
2025-04-08 11:15	64.305	64.405	64.255	64.305	5
2025-04-08 11:20	64.295	64.425	64.250	64.390	5
2025-04-08 11:25	64.385	64.425	64.305	64.375	5
2025-04-08 11:30	64.365	64.475	64.325	64.435	5
2025-04-08 11:35	64.430	64.495	64.340	64.370	5
2025-04-08 11:40	64.375	64.400	64.225	64.255	5
2025-04-08 11:45	64.265	64.280	64.150	64.255	5
2025-04-08 11:50	64.250	64.435	64.245	64.435	5
2025-04-08 11:55	64.440	64.670	64.405	64.655	5
2025-04-08 12:00	64.665	64.740	64.540	64.635	5
2025-04-08 12:05	64.625	64.630	64.480	64.565	5
2025-04-08 12:10	64.570	64.670	64.535	64.545	5
2025-04-08 12:15	64.535	64.545	64.450	64.535	5
2025-04-08 12:20	64.520	64.525	64.395	64.435	5
2025-04-08 12:25	64.430	64.515	64.375	64.505	5
2025-04-08 12:30	64.495	64.695	64.485	64.685	5
2025-04-08 12:35	64.680	64.725	64.625	64.635	5
2025-04-08 12:40	64.625	64.725	64.585	64.675	5
2025-04-08 12:45	64.685	64.725	64.590	64.625	5
2025-04-08 12:50	64.615	64.630	64.495	64.530	5
2025-04-08 12:55	64.535	64.645	64.485	64.550	5
2025-04-08 13:00	64.545	64.585	64.460	64.535	5
2025-04-08 13:05	64.525	64.920	64.495	64.830	5
2025-04-08 13:10	64.815	64.950	64.765	64.915	5
2025-04-08 13:15	64.910	65.115	64.895	65.075	5
2025-04-08 13:20	65.070	65.085	64.900	64.935	5
2025-04-08 13:25	64.940	65.005	64.825	64.870	5
2025-04-08 13:30	64.895	64.975	64.775	64.845	5
2025-04-08 13:35	64.850	64.855	64.685	64.760	5
2025-04-08 13:40	64.765	64.765	64.560	64.595	5
2025-04-08 13:45	64.605	64.660	64.340	64.340	5
2025-04-08 13:50	64.345	64.575	64.170	64.505	5
2025-04-08 13:55	64.520	64.685	64.505	64.645	5
2025-04-08 14:00	64.640	64.850	64.565	64.775	5
2025-04-08 14:05	64.780	64.870	64.665	64.865	5
2025-04-08 14:10	64.875	64.940	64.698	64.770	5
2025-04-08 14:15	64.765	64.985	64.740	64.860	5
2025-04-08 14:20	64.870	65.035	64.775	64.775	5
2025-04-08 14:25	64.785	65.085	64.785	65.020	5
2025-04-08 14:30	65.025	65.065	64.775	64.825	5
2025-04-08 14:35	64.840	64.915	64.735	64.785	5
2025-04-08 14:40	64.795	64.825	64.655	64.655	5
2025-04-08 14:45	64.660	64.735	64.590	64.605	5
2025-04-08 14:50	64.615	64.650	64.315	64.335	5
2025-04-08 14:55	64.345	64.365	64.215	64.215	5
2025-04-08 15:00	64.225	64.410	64.215	64.330	5
2025-04-08 15:05	64.335	64.345	64.155	64.280	5
2025-04-08 15:10	64.285	64.385	64.005	64.015	5
2025-04-08 15:15	64.030	64.050	63.830	63.930	5
2025-04-08 15:20	63.935	64.075	63.895	63.930	5
2025-04-08 15:25	63.935	64.175	63.905	63.920	5
2025-04-08 15:30	63.925	64.070	63.865	63.950	5
2025-04-08 15:35	63.945	64.095	63.910	64.010	5
2025-04-08 15:40	63.995	64.285	63.905	64.105	5
2025-04-08 15:45	64.115	64.450	64.035	64.335	5
2025-04-08 15:50	64.340	64.455	64.105	64.445	5
2025-04-08 15:55	64.440	64.645	64.410	64.565	5
2025-04-08 16:00	64.550	64.555	64.225	64.300	5
2025-04-08 16:05	64.305	64.410	64.240	64.350	5
2025-04-08 16:10	64.355	64.565	64.355	64.475	5
2025-04-08 16:15	64.460	64.495	64.060	64.145	5
2025-04-08 16:20	64.135	64.325	63.980	64.055	5
2025-04-08 16:25	64.040	64.125	64.020	64.075	5
2025-04-08 16:30	64.065	64.145	63.918	64.010	5
2025-04-08 16:35	64.005	64.075	63.755	63.770	5
2025-04-08 16:40	63.765	63.825	63.335	63.530	5
2025-04-08 16:45	63.535	63.595	63.365	63.415	5
2025-04-08 16:50	63.420	63.535	63.350	63.360	5
2025-04-08 16:55	63.365	63.445	62.930	63.085	5
2025-04-08 17:00	63.090	63.255	63.030	63.190	5
2025-04-08 17:05	63.175	63.245	62.840	62.950	5
2025-04-08 17:10	62.945	63.020	62.655	62.890	5
2025-04-08 17:15	62.895	63.345	62.885	63.160	5
2025-04-08 17:20	63.145	63.155	62.955	63.120	5
2025-04-08 17:25	63.125	63.175	62.945	62.995	5
2025-04-08 17:30	62.985	63.065	62.828	62.980	5
2025-04-08 17:35	62.985	63.575	62.910	63.205	5
2025-04-08 17:40	63.195	63.495	63.185	63.310	5
2025-04-08 17:45	63.320	63.340	63.070	63.095	5
2025-04-08 17:50	63.100	63.280	63.085	63.250	5
2025-04-08 17:55	63.245	63.340	63.155	63.195	5
2025-04-08 18:00	63.185	63.250	63.115	63.145	5
2025-04-08 18:05	63.140	63.175	62.950	62.965	5
2025-04-08 18:10	62.970	62.985	62.850	62.900	5
2025-04-08 18:15	62.895	63.035	62.815	63.010	5
2025-04-08 18:20	62.990	63.050	62.813	62.930	5
2025-04-08 18:25	62.935	62.960	62.735	62.855	5
2025-04-08 18:30	62.860	63.055	62.723	62.915	5
2025-04-08 18:35	62.910	62.925	62.625	62.630	5
2025-04-08 18:40	62.625	62.645	62.155	62.315	5
2025-04-08 18:45	62.325	62.530	62.270	62.495	5
2025-04-08 18:50	62.490	62.525	62.430	62.445	5
2025-04-08 18:55	62.450	62.475	62.315	62.330	5
2025-04-08 19:00	62.340	62.385	62.275	62.285	5
2025-04-08 19:05	62.280	62.285	62.105	62.115	5
2025-04-08 19:10	62.105	62.135	61.925	61.975	5
2025-04-08 19:15	61.970	62.005	61.765	61.790	5
2025-04-08 19:20	61.795	61.995	61.700	61.900	5
2025-04-08 19:25	61.895	62.100	61.885	62.015	5
2025-04-08 19:30	62.010	62.020	61.635	61.675	5
2025-04-08 19:35	61.665	61.695	61.460	61.520	5
2025-04-08 19:40	61.525	61.660	61.370	61.385	5
2025-04-08 19:45	61.390	61.500	61.335	61.435	5
2025-04-08 19:50	61.445	61.870	61.380	61.865	5
2025-04-08 19:55	61.850	61.925	61.735	61.855	5
2025-04-08 20:00	61.850	61.967	61.747	61.797	5
2025-04-08 20:05	61.787	61.857	61.717	61.842	5
2025-04-08 20:10	61.832	61.867	61.637	61.717	5
2025-04-08 20:15	61.698	61.772	61.662	61.747	5
2025-04-08 20:20	61.757	61.787	61.687	61.727	5
2025-04-08 20:25	61.717	61.737	61.602	61.662	5
2025-04-08 20:30	61.672	61.752	61.587	61.597	5
2025-04-08 20:35	61.592	61.687	61.527	61.597	5
2025-04-08 20:40	61.592	61.592	61.467	61.517	5
2025-04-08 20:45	61.522	61.627	61.407	61.417	5
2025-04-08 20:50	61.402	61.527	61.367	61.497	5
2025-04-08 20:55	61.507	61.537	61.467	61.507	5
2025-04-09 00:00	61.225	61.490	61.080	61.230	5
2025-04-09 00:05	61.225	61.410	61.175	61.250	5
2025-04-09 00:10	61.255	61.350	61.165	61.180	5
2025-04-09 00:15	61.185	61.185	60.970	61.020	5
2025-04-09 00:20	61.015	61.040	60.960	61.040	5
2025-04-09 00:25	61.030	61.045	60.980	61.000	5
2025-04-09 00:30	60.995	61.040	60.945	60.970	5
2025-04-09 00:35	60.965	60.965	60.790	60.840	5
2025-04-09 00:40	60.845	60.845	60.655	60.700	5
2025-04-09 00:45	60.705	60.905	60.575	60.585	5
2025-04-09 00:50	60.580	60.610	60.315	60.320	5
2025-04-09 00:55	60.330	60.345	60.168	60.230	5
2025-04-09 01:00	60.245	60.685	60.230	60.660	5
2025-04-09 01:05	60.665	60.675	60.420	60.430	5
2025-04-09 01:10	60.440	60.445	60.190	60.205	5
2025-04-09 01:15	60.210	60.480	60.175	60.380	5
2025-04-09 01:20	60.375	60.395	60.150	60.255	5
2025-04-09 01:25	60.250	60.325	60.165	60.300	5
2025-04-09 01:30	60.260	60.585	60.230	60.565	5
2025-04-09 01:35	60.560	60.640	60.520	60.540	5
2025-04-09 01:40	60.560	60.655	60.505	60.580	5
2025-04-09 01:45	60.575	60.655	60.550	60.650	5
2025-04-09 01:50	60.645	60.810	60.620	60.700	5
2025-04-09 01:55	60.690	60.830	60.610	60.820	5
2025-04-09 02:00	60.835	61.090	60.820	60.970	5
2025-04-09 02:05	60.965	61.080	60.885	60.910	5
2025-04-09 02:10	60.915	61.090	60.895	61.030	5
2025-04-09 02:15	61.025	61.130	61.010	61.100	5
2025-04-09 02:20	61.095	61.095	60.985	61.010	5
2025-04-09 02:25	61.005	61.040	60.960	61.010	5
2025-04-09 02:30	61.000	61.045	60.910	60.950	5
2025-04-09 02:35	60.945	60.970	60.840	60.860	5
2025-04-09 02:40	60.865	60.910	60.810	60.830	5
2025-04-09 02:45	60.825	60.900	60.805	60.860	5
2025-04-09 02:50	60.855	60.940	60.840	60.915	5
2025-04-09 02:55	60.910	60.975	60.840	60.970	5
2025-04-09 03:00	60.965	61.135	60.940	60.965	5
2025-04-09 03:05	60.960	61.030	60.935	61.000	5
2025-04-09 03:10	60.995	61.060	60.990	61.025	5
2025-04-09 03:15	61.020	61.080	60.930	60.940	5
2025-04-09 03:20	60.935	60.945	60.825	60.830	5
2025-04-09 03:25	60.835	61.025	60.820	60.975	5
2025-04-09 03:30	60.970	61.075	60.955	60.990	5
2025-04-09 03:35	60.970	60.990	60.810	60.820	5
2025-04-09 03:40	60.810	60.810	60.510	60.520	5
2025-04-09 03:45	60.530	60.660	60.420	60.435	5
2025-04-09 03:50	60.440	60.575	60.440	60.570	5
2025-04-09 03:55	60.585	60.595	60.390	60.425	5
2025-04-09 04:00	60.430	60.480	60.253	60.310	5
2025-04-09 04:05	60.305	60.360	60.198	60.198	5
2025-04-09 04:10	60.188	60.390	60.188	60.340	5
2025-04-09 04:15	60.293	60.425	60.293	60.370	5
2025-04-09 04:20	60.380	60.450	60.333	60.420	5
2025-04-09 04:25	60.425	60.430	60.243	60.280	5
2025-04-09 04:30	60.285	60.325	60.188	60.290	5
2025-04-09 04:35	60.295	60.340	60.213	60.310	5
2025-04-09 04:40	60.315	60.340	60.253	60.335	5
2025-04-09 04:45	60.330	60.510	60.293	60.495	5
2025-04-09 04:50	60.490	60.505	60.423	60.423	5
2025-04-09 04:55	60.413	60.475	60.323	60.370	5
2025-04-09 05:00	60.375	60.440	60.098	60.140	5
2025-04-09 05:05	60.145	60.240	60.143	60.210	5
2025-04-09 05:10	60.163	60.315	60.143	60.270	5
2025-04-09 05:15	60.275	60.500	60.228	60.430	5
2025-04-09 05:20	60.383	60.450	60.343	60.395	5
2025-04-09 05:25	60.400	60.400	60.268	60.320	5
2025-04-09 05:30	60.315	60.420	60.238	60.325	5
2025-04-09 05:35	60.330	60.465	60.313	60.430	5
2025-04-09 05:40	60.425	60.470	60.358	60.440	5
2025-04-09 05:45	60.445	60.720	60.403	60.715	5
2025-04-09 05:50	60.725	60.890	60.663	60.730	5
2025-04-09 05:55	60.725	60.840	60.673	60.793	5
2025-04-09 06:00	60.840	60.965	60.793	60.930	5
2025-04-09 06:05	60.888	61.220	60.888	61.150	5
2025-04-09 06:10	61.155	61.260	61.003	61.233	5
2025-04-09 06:15	61.270	61.435	61.113	61.185	5
2025-04-09 06:20	61.143	61.210	60.968	61.095	5
2025-04-09 06:25	61.053	61.285	61.048	61.215	5
2025-04-09 06:30	61.220	61.395	61.138	61.395	5
2025-04-09 06:35	61.400	61.455	61.228	61.233	5
2025-04-09 06:40	61.275	61.355	61.123	61.143	5
2025-04-09 06:45	61.175	61.230	61.013	61.200	5
2025-04-09 06:50	61.205	61.470	61.103	61.470	5
2025-04-09 06:55	61.475	61.475	61.258	61.390	5
2025-04-09 07:00	61.341	61.415	61.098	61.200	5
2025-04-09 07:05	61.158	61.450	60.928	60.973	5
2025-04-09 07:10	61.015	61.220	60.878	61.178	5
2025-04-09 07:15	61.215	61.450	61.073	61.370	5
2025-04-09 07:20	61.365	61.475	61.218	61.405	5
2025-04-09 07:25	61.415	61.420	61.273	61.335	5
2025-04-09 07:30	61.293	61.380	61.098	61.380	5
2025-04-09 07:35	61.385	61.485	61.253	61.375	5
2025-04-09 07:40	61.333	61.470	61.233	61.285	5
2025-04-09 07:45	61.290	61.345	61.063	61.135	5
2025-04-09 07:50	61.130	61.150	60.828	60.833	5
2025-04-09 07:55	60.823	61.275	60.823	61.160	5
2025-04-09 08:00	61.175	61.355	61.073	61.190	5
2025-04-09 08:05	61.195	61.230	60.913	60.973	5
2025-04-09 08:10	61.020	61.085	60.813	60.868	5
2025-04-09 08:15	60.900	60.975	60.848	60.853	5
2025-04-09 08:20	60.885	60.890	60.568	60.645	5
2025-04-09 08:25	60.655	60.775	60.403	60.595	5
2025-04-09 08:30	60.605	60.670	60.413	60.525	5
2025-04-09 08:35	60.535	60.815	60.518	60.543	5
2025-04-09 08:40	60.538	60.715	60.488	60.623	5
2025-04-09 08:45	60.618	60.745	60.458	60.658	5
2025-04-09 08:50	60.690	60.940	60.658	60.848	5
2025-04-09 08:55	60.895	61.100	60.838	60.868	5
2025-04-09 09:00	60.915	60.965	60.793	60.865	5
2025-04-09 09:05	60.860	61.155	60.718	61.150	5
2025-04-09 09:10	61.108	61.205	61.003	61.105	5
2025-04-09 09:15	61.110	61.110	60.953	60.990	5
2025-04-09 09:20	60.995	61.105	60.868	60.920	5
2025-04-09 09:25	60.915	60.920	60.693	60.770	5
2025-04-09 09:30	60.728	60.845	60.623	60.665	5
2025-04-09 09:35	60.623	60.695	60.438	60.495	5
2025-04-09 09:40	60.500	60.520	60.278	60.360	5
2025-04-09 09:45	60.365	60.470	60.308	60.363	5
2025-04-09 09:50	60.405	60.435	60.278	60.425	5
2025-04-09 09:55	60.383	60.495	60.168	60.168	5
2025-04-09 10:00	60.163	60.275	60.038	60.103	5
2025-04-09 10:05	60.135	60.200	60.043	60.150	5
2025-04-09 10:10	60.145	60.185	59.998	60.145	5
2025-04-09 10:15	60.103	60.185	59.818	59.875	5
2025-04-09 10:20	59.880	60.105	59.728	60.023	5
2025-04-09 10:25	60.013	60.290	59.988	60.165	5
2025-04-09 10:30	60.123	60.300	60.123	60.205	5
2025-04-09 10:35	60.215	60.295	60.138	60.243	5
2025-04-09 10:40	60.233	60.395	60.188	60.315	5
2025-04-09 10:45	60.325	60.640	60.233	60.410	5
2025-04-09 10:50	60.368	60.565	60.353	60.535	5
2025-04-09 10:55	60.530	60.645	60.343	60.470	5
2025-04-09 11:00	60.475	60.485	58.743	59.110	5
2025-04-09 11:05	59.115	59.320	58.498	58.913	5
2025-04-09 11:10	58.950	59.560	58.888	59.105	5
2025-04-09 11:15	59.110	59.555	59.063	59.263	5
2025-04-09 11:20	59.258	59.520	59.173	59.380	5
2025-04-09 11:25	59.385	59.785	59.298	59.540	5
2025-04-09 11:30	59.498	59.565	59.048	59.073	5
2025-04-09 11:35	59.095	59.155	58.803	58.808	5
2025-04-09 11:40	58.803	58.935	58.523	58.555	5
2025-04-09 11:45	58.580	59.040	58.348	58.913	5
2025-04-09 11:50	58.960	59.055	58.713	58.898	5
2025-04-09 11:55	58.888	59.025	58.568	58.630	5
2025-04-09 12:00	58.625	58.935	58.583	58.868	5
2025-04-09 12:05	58.863	59.300	58.748	59.280	5
2025-04-09 12:10	59.238	59.505	59.148	59.423	5
2025-04-09 12:15	59.470	59.600	59.308	59.490	5
2025-04-09 12:20	59.495	59.520	59.103	59.138	5
2025-04-09 12:25	59.148	59.285	59.023	59.220	5
2025-04-09 12:30	59.178	59.300	59.098	59.170	5
2025-04-09 12:35	59.180	59.205	58.698	58.938	5
2025-04-09 12:40	58.975	59.175	58.928	59.083	5
2025-04-09 12:45	59.078	59.320	59.013	59.255	5
2025-04-09 12:50	59.265	59.405	59.158	59.275	5
2025-04-09 12:55	59.248	59.420	59.103	59.315	5
2025-04-09 13:00	59.273	60.180	59.263	60.110	5
2025-04-09 13:05	60.068	60.260	59.778	59.980	5
2025-04-09 13:10	59.938	60.115	59.823	59.910	5
2025-04-09 13:15	59.915	60.345	59.803	60.100	5
2025-04-09 13:20	60.110	60.355	60.018	60.305	5
2025-04-09 13:25	60.263	60.345	60.138	60.195	5
2025-04-09 13:30	60.153	60.545	60.093	60.390	5
2025-04-09 13:35	60.343	60.765	60.303	60.725	5
2025-04-09 13:40	60.735	61.090	60.578	60.810	5
2025-04-09 13:45	60.768	60.855	60.423	60.523	5
2025-04-09 13:50	60.508	60.550	60.353	60.515	5
2025-04-09 13:55	60.473	60.595	60.333	60.463	5
2025-04-09 14:00	60.453	60.760	60.433	60.595	5
2025-04-09 14:05	60.553	60.687	60.273	60.475	5
2025-04-09 14:10	60.470	60.590	60.163	60.260	5
2025-04-09 14:15	60.218	60.325	60.048	60.170	5
2025-04-09 14:20	60.175	60.360	60.023	60.178	5
2025-04-09 14:25	60.215	60.215	59.583	59.735	5
2025-04-09 14:30	59.740	60.390	59.718	60.343	5
2025-04-09 14:35	60.338	60.385	60.043	60.110	5
2025-04-09 14:40	60.115	60.120	59.688	59.775	5
2025-04-09 14:45	59.733	59.950	59.533	59.613	5
2025-04-09 14:50	59.608	59.665	59.368	59.433	5
2025-04-09 14:55	59.428	59.545	59.253	59.303	5
2025-04-09 15:00	59.288	59.555	59.263	59.408	5
2025-04-09 15:05	59.445	59.795	59.373	59.605	5
2025-04-09 15:10	59.600	59.670	59.448	59.520	5
2025-04-09 15:15	59.478	60.025	59.478	60.025	5
2025-04-09 15:20	59.983	60.305	59.928	60.193	5
2025-04-09 15:25	60.235	60.450	60.153	60.360	5
2025-04-09 15:30	60.355	60.520	60.273	60.433	5
2025-04-09 15:35	60.423	60.570	60.173	60.223	5
2025-04-09 15:40	60.265	60.330	60.053	60.160	5
2025-04-09 15:45	60.165	60.725	60.133	60.650	5
2025-04-09 15:50	60.608	60.765	60.463	60.505	5
2025-04-09 15:55	60.463	60.565	60.388	60.425	5
2025-04-09 16:00	60.383	60.565	60.293	60.463	5
2025-04-09 16:05	60.500	60.640	60.448	60.495	5
2025-04-09 16:10	60.505	60.580	60.418	60.455	5
2025-04-09 16:15	60.465	60.635	60.428	60.635	5
2025-04-09 16:20	60.640	60.725	60.498	60.580	5
2025-04-09 16:25	60.538	60.755	60.463	60.578	5
2025-04-09 16:30	60.605	60.655	60.473	60.603	5
2025-04-09 16:35	60.625	60.750	60.588	60.643	5
2025-04-09 16:40	60.638	60.675	60.488	60.575	5
2025-04-09 16:45	60.533	60.590	60.168	60.380	5
2025-04-09 16:50	60.338	60.515	60.308	60.510	5
2025-04-09 16:55	60.515	60.610	60.428	60.495	5
2025-04-09 17:00	60.500	61.270	60.463	60.960	5
2025-04-09 17:05	60.916	60.916	60.443	60.535	5
2025-04-09 17:10	60.545	60.565	60.343	60.440	5
2025-04-09 17:15	60.430	61.665	59.698	61.603	5
2025-04-09 17:20	61.635	63.670	61.028	63.478	5
2025-04-09 17:25	63.478	64.675	63.273	63.490	5
2025-04-09 17:30	63.448	64.125	63.248	64.095	5
2025-04-09 17:35	64.053	64.245	63.661	63.973	5
2025-04-09 17:40	64.005	64.105	63.593	63.700	5
2025-04-09 17:45	63.720	64.160	63.678	64.130	5
2025-04-09 17:50	64.135	65.035	64.078	65.010	5
2025-04-09 17:55	65.005	65.350	64.713	64.785	5
2025-04-09 18:00	64.743	64.802	64.533	64.770	5
2025-04-09 18:05	64.728	65.205	64.728	64.963	5
2025-04-09 18:10	65.005	65.455	64.928	65.455	5
2025-04-09 18:15	65.450	65.475	65.243	65.350	5
2025-04-09 18:20	65.360	65.740	65.233	65.695	5
2025-04-09 18:25	65.700	65.990	65.208	65.335	5
2025-04-09 18:30	65.355	65.760	65.288	65.495	5
2025-04-09 18:35	65.453	65.500	65.128	65.445	5
2025-04-09 18:40	65.403	65.510	64.808	64.856	5
2025-04-09 18:45	64.850	65.185	64.788	65.088	5
2025-04-09 18:50	65.140	65.260	64.648	64.710	5
2025-04-09 18:55	64.720	64.825	64.558	64.618	5
2025-04-09 19:00	64.608	65.050	64.608	64.973	5
2025-04-09 19:05	65.010	65.320	64.998	65.300	5
2025-04-09 19:10	65.295	65.470	65.223	65.455	5
2025-04-09 19:15	65.413	65.470	65.086	65.360	5
2025-04-09 19:20	65.370	65.635	65.313	65.530	5
2025-04-09 19:25	65.488	65.790	65.433	65.608	5
2025-04-09 19:30	65.650	65.875	65.618	65.860	5
2025-04-09 19:35	65.865	65.865	65.583	65.760	5
2025-04-09 19:40	65.755	65.845	65.663	65.805	5
2025-04-09 19:45	65.810	65.870	65.643	65.790	5
2025-04-09 19:50	65.758	65.850	65.398	65.545	5
2025-04-09 19:55	65.498	65.650	65.393	65.550	5
2025-04-09 20:00	65.560	65.608	65.448	65.508	5
2025-04-09 20:05	65.508	65.528	65.388	65.488	5
2025-04-09 20:10	65.488	65.493	65.348	65.403	5
2025-04-09 20:15	65.408	65.573	65.398	65.573	5
2025-04-09 20:20	65.578	65.613	65.538	65.538	5
2025-04-09 20:25	65.538	65.658	65.473	65.608	5
2025-04-09 20:30	65.593	65.883	65.583	65.708	5
2025-04-09 20:35	65.713	65.713	65.538	65.543	5
2025-04-09 20:40	65.543	65.683	65.483	65.648	5
2025-04-09 20:45	65.638	65.758	65.623	65.733	5
2025-04-09 20:50	65.728	65.783	65.638	65.683	5
2025-04-09 20:55	65.703	65.807	65.683	65.703	5
2025-04-10 00:00	65.930	66.060	65.848	65.950	5
2025-04-10 00:05	65.945	66.025	65.753	65.790	5
2025-04-10 00:10	65.795	65.830	65.533	65.580	5
2025-04-10 00:15	65.600	65.720	65.573	65.715	5
2025-04-10 00:20	65.730	65.740	65.598	65.625	5
2025-04-10 00:25	65.635	65.800	65.600	65.750	5
2025-04-10 00:30	65.760	65.770	65.438	65.470	5
2025-04-10 00:35	65.475	65.480	65.163	65.178	5
2025-04-10 00:40	65.163	65.280	65.158	65.163	5
2025-04-10 00:45	65.205	65.305	65.173	65.225	5
2025-04-10 00:50	65.235	65.455	65.235	65.430	5
2025-04-10 00:55	65.435	65.530	65.233	65.280	5
2025-04-10 01:00	65.290	65.370	64.528	64.630	5
2025-04-10 01:05	64.625	64.920	64.620	64.870	5
2025-04-10 01:10	64.880	64.985	64.663	64.730	5
2025-04-10 01:15	64.750	64.805	64.573	64.630	5
2025-04-10 01:20	64.625	64.750	64.528	64.600	5
2025-04-10 01:25	64.595	64.700	64.543	64.563	5
2025-04-10 01:30	64.620	64.655	64.538	64.630	5
2025-04-10 01:35	64.635	64.820	64.603	64.785	5
2025-04-10 01:40	64.780	64.860	64.723	64.723	5
2025-04-10 01:45	64.755	64.780	64.633	64.710	5
2025-04-10 01:50	64.715	64.725	64.633	64.680	5
2025-04-10 01:55	64.700	64.915	64.673	64.900	5
2025-04-10 02:00	64.853	64.975	64.838	64.940	5
2025-04-10 02:05	64.935	64.975	64.853	64.970	5
2025-04-10 02:10	64.975	65.050	64.873	64.940	5
2025-04-10 02:15	64.935	65.000	64.913	64.960	5
2025-04-10 02:20	64.955	65.150	64.933	65.103	5
2025-04-10 02:25	65.145	65.155	65.023	65.110	5
2025-04-10 02:30	65.115	65.120	64.823	64.930	5
2025-04-10 02:35	64.883	64.960	64.863	64.930	5
2025-04-10 02:40	64.925	64.955	64.803	64.850	5
2025-04-10 02:45	64.860	64.890	64.723	64.795	5
2025-04-10 02:50	64.800	64.800	64.658	64.720	5
2025-04-10 02:55	64.725	64.770	64.653	64.760	5
2025-04-10 03:00	64.765	64.765	64.603	64.730	5
2025-04-10 03:05	64.725	64.860	64.725	64.825	5
2025-04-10 03:10	64.820	64.855	64.708	64.820	5
2025-04-10 03:15	64.773	64.860	64.643	64.643	5
2025-04-10 03:20	64.685	64.730	64.653	64.700	5
2025-04-10 03:25	64.705	64.705	64.513	64.590	5
2025-04-10 03:30	64.585	64.670	64.453	64.495	5
2025-04-10 03:35	64.500	64.610	64.495	64.565	5
2025-04-10 03:40	64.560	64.565	64.473	64.530	5
2025-04-10 03:45	64.535	64.665	64.483	64.650	5
2025-04-10 03:50	64.603	64.730	64.588	64.620	5
2025-04-10 03:55	64.625	64.685	64.563	64.630	5
2025-04-10 04:00	64.640	64.665	64.483	64.525	5
2025-04-10 04:05	64.530	64.645	64.478	64.640	5
2025-04-10 04:10	64.650	64.670	64.548	64.560	5
2025-04-10 04:15	64.565	64.595	64.466	64.500	5
2025-04-10 04:20	64.510	64.560	64.478	64.525	5
2025-04-10 04:25	64.540	64.540	64.453	64.500	5
2025-04-10 04:30	64.495	64.515	64.453	64.470	5
2025-04-10 04:35	64.475	64.555	64.470	64.530	5
2025-04-10 04:40	64.525	64.640	64.508	64.610	5
2025-04-10 04:45	64.625	64.645	64.553	64.610	5
2025-04-10 04:50	64.620	64.710	64.615	64.690	5
2025-04-10 04:55	64.700	64.755	64.693	64.703	5
2025-04-10 05:00	64.755	64.810	64.733	64.780	5
2025-04-10 05:05	64.790	64.815	64.743	64.780	5
2025-04-10 05:10	64.785	64.805	64.703	64.730	5
2025-04-10 05:15	64.683	64.805	64.683	64.745	5
2025-04-10 05:20	64.755	64.790	64.698	64.730	5
2025-04-10 05:25	64.740	64.800	64.728	64.740	5
2025-04-10 05:30	64.735	64.745	64.463	64.570	5
2025-04-10 05:35	64.575	64.635	64.503	64.630	5
2025-04-10 05:40	64.635	64.730	64.593	64.663	5
2025-04-10 05:45	64.695	64.770	64.673	64.760	5
2025-04-10 05:50	64.765	64.840	64.703	64.780	5
2025-04-10 05:55	64.775	64.910	64.738	64.875	5
2025-04-10 06:00	64.895	65.025	64.843	65.000	5
2025-04-10 06:05	65.010	65.135	64.938	65.075	5
2025-04-10 06:10	65.033	65.145	64.958	65.140	5
2025-04-10 06:15	65.130	65.195	64.983	65.013	5
2025-04-10 06:20	65.055	65.145	64.998	65.085	5
2025-04-10 06:25	65.043	65.090	64.968	65.030	5
2025-04-10 06:30	65.035	65.215	64.993	65.210	5
2025-04-10 06:35	65.215	65.245	65.033	65.080	5
2025-04-10 06:40	65.038	65.105	64.953	64.983	5
2025-04-10 06:45	65.015	65.095	64.898	65.035	5
2025-04-10 06:50	64.993	65.170	64.993	65.100	5
2025-04-10 06:55	65.105	65.220	65.053	65.125	5
2025-04-10 07:00	65.083	65.255	64.823	64.900	5
2025-04-10 07:05	64.895	64.925	64.683	64.820	5
2025-04-10 07:10	64.815	64.835	64.613	64.633	5
2025-04-10 07:15	64.613	64.655	64.448	64.520	5
2025-04-10 07:20	64.525	64.655	64.463	64.575	5
2025-04-10 07:25	64.580	64.680	64.448	64.500	5
2025-04-10 07:30	64.505	64.515	64.038	64.150	5
2025-04-10 07:35	64.160	64.205	63.968	64.100	5
2025-04-10 07:40	64.105	64.105	63.593	63.710	5
2025-04-10 07:45	63.720	63.990	63.663	63.960	5
2025-04-10 07:50	63.965	64.070	63.873	63.913	5
2025-04-10 07:55	63.960	63.980	63.688	63.770	5
2025-04-10 08:00	63.805	63.855	63.688	63.855	5
2025-04-10 08:05	63.875	64.025	63.768	63.983	5
2025-04-10 08:10	64.015	64.015	63.698	63.753	5
2025-04-10 08:15	63.743	63.845	63.558	63.735	5
2025-04-10 08:20	63.730	63.860	63.603	63.640	5
2025-04-10 08:25	63.645	63.890	63.543	63.865	5
2025-04-10 08:30	63.875	63.875	63.373	63.545	5
2025-04-10 08:35	63.550	63.640	63.373	63.640	5
2025-04-10 08:40	63.660	63.865	63.588	63.780	5
2025-04-10 08:45	63.785	63.905	63.703	63.800	5
2025-04-10 08:50	63.758	63.805	63.538	63.565	5
2025-04-10 08:55	63.575	63.575	63.273	63.360	5
2025-04-10 09:00	63.355	63.410	63.158	63.163	5
2025-04-10 09:05	63.205	63.320	63.173	63.315	5
2025-04-10 09:10	63.320	63.365	63.213	63.283	5
2025-04-10 09:15	63.320	63.415	63.263	63.395	5
2025-04-10 09:20	63.390	63.570	63.348	63.485	5
2025-04-10 09:25	63.443	63.575	63.403	63.560	5
2025-04-10 09:30	63.518	63.760	63.518	63.745	5
2025-04-10 09:35	63.755	63.915	63.643	63.705	5
2025-04-10 09:40	63.695	63.810	63.633	63.715	5
2025-04-10 09:45	63.673	63.895	63.668	63.853	5
2025-04-10 09:50	63.895	63.935	63.783	63.880	5
2025-04-10 09:55	63.875	63.935	63.798	63.813	5
2025-04-10 10:00	63.850	63.965	63.713	63.848	5
2025-04-10 10:05	63.890	63.990	63.828	63.950	5
2025-04-10 10:10	63.908	64.005	63.798	63.880	5
2025-04-10 10:15	63.890	64.030	63.813	63.988	5
2025-04-10 10:20	63.983	64.085	63.913	64.033	5
2025-04-10 10:25	64.023	64.065	63.858	63.858	5
2025-04-10 10:30	63.900	63.995	63.823	63.990	5
2025-04-10 10:35	63.985	64.125	63.848	64.073	5
2025-04-10 10:40	64.105	64.110	63.813	63.865	5
2025-04-10 10:45	63.823	63.900	63.693	63.753	5
2025-04-10 10:50	63.748	63.955	63.748	63.820	5
2025-04-10 10:55	63.778	63.935	63.773	63.870	5
2025-04-10 11:00	63.828	64.040	63.813	63.813	5
2025-04-10 11:05	63.808	63.865	63.658	63.818	5
2025-04-10 11:10	63.865	64.095	63.813	63.923	5
2025-04-10 11:15	63.955	64.050	63.843	64.000	5
2025-04-10 11:20	63.958	64.110	63.903	64.000	5
2025-04-10 11:25	63.958	64.075	63.953	63.986	5
2025-04-10 11:30	63.990	63.990	63.728	63.795	5
2025-04-10 11:35	63.753	63.865	63.653	63.715	5
2025-04-10 11:40	63.673	63.720	63.423	63.500	5
2025-04-10 11:45	63.495	63.575	63.408	63.565	5
2025-04-10 11:50	63.570	63.625	63.518	63.595	5
2025-04-10 11:55	63.605	63.785	63.558	63.668	5
2025-04-10 12:00	63.663	63.705	63.553	63.645	5
2025-04-10 12:05	63.603	63.695	63.583	63.650	5
2025-04-10 12:10	63.645	63.705	63.553	63.705	5
2025-04-10 12:15	63.695	63.905	63.618	63.855	5
2025-04-10 12:20	63.813	63.855	63.703	63.738	5
2025-04-10 12:25	63.733	63.920	63.723	63.895	5
2025-04-10 12:30	63.900	63.930	63.688	63.795	5
2025-04-10 12:35	63.800	63.845	63.583	63.640	5
2025-04-10 12:40	63.635	63.695	63.523	63.575	5
2025-04-10 12:45	63.580	63.705	63.478	63.550	5
2025-04-10 12:50	63.508	63.600	63.253	63.283	5
2025-04-10 12:55	63.310	63.335	63.143	63.335	5
2025-04-10 13:00	63.293	63.585	62.958	63.080	5
2025-04-10 13:05	63.105	63.325	63.043	63.253	5
2025-04-10 13:10	63.290	63.335	63.063	63.150	5
2025-04-10 13:15	63.155	63.370	63.118	63.365	5
2025-04-10 13:20	63.323	63.440	63.238	63.278	5
2025-04-10 13:25	63.320	63.320	62.973	63.030	5
2025-04-10 13:30	62.988	63.105	62.753	62.820	5
2025-04-10 13:35	62.825	62.955	62.533	62.745	5
2025-04-10 13:40	62.703	62.765	62.553	62.635	5
2025-04-10 13:45	62.593	62.920	62.548	62.758	5
2025-04-10 13:50	62.790	62.835	62.483	62.565	5
2025-04-10 13:55	62.523	62.575	62.288	62.335	5
2025-04-10 14:00	62.340	62.485	62.228	62.390	5
2025-04-10 14:05	62.405	62.560	62.000	62.113	5
2025-04-10 14:10	62.160	62.590	62.063	62.570	5
2025-04-10 14:15	62.528	63.035	62.528	62.743	5
2025-04-10 14:20	62.738	62.965	62.718	62.888	5
2025-04-10 14:25	62.883	63.060	62.828	63.010	5
2025-04-10 14:30	62.968	63.135	62.883	63.030	5
2025-04-10 14:35	63.025	63.035	62.788	62.813	5
2025-04-10 14:40	62.808	63.055	62.693	62.723	5
2025-04-10 14:45	62.750	62.780	62.623	62.728	5
2025-04-10 14:50	62.723	62.790	62.493	62.560	5
2025-04-10 14:55	62.555	62.585	62.396	62.415	5
2025-04-10 15:00	62.420	62.655	62.396	62.625	5
2025-04-10 15:05	62.635	63.115	62.598	63.020	5
2025-04-10 15:10	62.978	63.255	62.918	62.943	5
2025-04-10 15:15	62.933	63.020	62.823	62.980	5
2025-04-10 15:20	62.938	63.010	62.813	62.883	5
2025-04-10 15:25	62.878	63.160	62.848	63.160	5
2025-04-10 15:30	63.165	63.400	63.048	63.370	5
2025-04-10 15:35	63.375	63.460	63.278	63.445	5
2025-04-10 15:40	63.440	63.705	63.328	63.385	5
2025-04-10 15:45	63.390	63.480	63.308	63.308	5
2025-04-10 15:50	63.325	63.360	62.883	63.095	5
2025-04-10 15:55	63.110	63.140	62.848	62.853	5
2025-04-10 16:00	62.843	62.980	62.658	62.705	5
2025-04-10 16:05	62.663	62.800	62.643	62.750	5
2025-04-10 16:10	62.755	62.950	62.618	62.760	5
2025-04-10 16:15	62.755	62.820	62.583	62.675	5
2025-04-10 16:20	62.633	62.690	62.413	62.505	5
2025-04-10 16:25	62.463	62.555	62.213	62.410	5
2025-04-10 16:30	62.415	62.840	62.343	62.740	5
2025-04-10 16:35	62.698	62.895	62.623	62.705	5
2025-04-10 16:40	62.700	62.795	62.578	62.723	5
2025-04-10 16:45	62.718	62.955	62.573	62.870	5
2025-04-10 16:50	62.875	62.965	62.733	62.788	5
2025-04-10 16:55	62.778	62.950	62.748	62.800	5
2025-04-10 17:00	62.790	63.210	62.648	62.785	5
2025-04-10 17:05	62.743	62.830	62.518	62.580	5
2025-04-10 17:10	62.538	62.635	62.463	62.525	5
2025-04-10 17:15	62.520	62.590	62.438	62.515	5
2025-04-10 17:20	62.520	62.600	62.438	62.500	5
2025-04-10 17:25	62.458	62.640	62.458	62.605	5
2025-04-10 17:30	62.563	62.790	62.563	62.668	5
2025-04-10 17:35	62.668	62.980	62.648	62.820	5
2025-04-10 17:40	62.825	63.105	62.768	63.018	5
2025-04-10 17:45	63.013	63.170	62.988	63.050	5
2025-04-10 17:50	63.008	63.210	62.973	63.205	5
2025-04-10 17:55	63.210	63.430	63.163	63.310	5
2025-04-10 18:00	63.268	63.475	63.213	63.415	5
2025-04-10 18:05	63.420	63.475	63.098	63.165	5
2025-04-10 18:10	63.170	63.290	62.993	63.040	5
2025-04-10 18:15	62.998	63.160	62.943	63.065	5
2025-04-10 18:20	63.023	63.425	63.023	63.405	5
2025-04-10 18:25	63.400	63.510	63.163	63.395	5
2025-04-10 18:30	63.353	63.605	63.258	63.428	5
2025-04-10 18:35	63.460	63.585	63.428	63.508	5
2025-04-10 18:40	63.545	63.640	63.493	63.575	5
2025-04-10 18:45	63.570	63.590	63.418	63.510	5
2025-04-10 18:50	63.505	63.640	63.448	63.448	5
2025-04-10 18:55	63.490	63.700	63.443	63.600	5
2025-04-10 19:00	63.605	63.710	63.523	63.650	5
2025-04-10 19:05	63.655	63.675	63.493	63.493	5
2025-04-10 19:10	63.540	63.605	63.428	63.520	5
2025-04-10 19:15	63.515	63.650	63.423	63.630	5
2025-04-10 19:20	63.588	63.670	63.508	63.575	5
2025-04-10 19:25	63.570	63.625	63.428	63.433	5
2025-04-10 19:30	63.475	63.620	63.448	63.500	5
2025-04-10 19:35	63.495	63.540	63.368	63.380	5
2025-04-10 19:40	63.385	63.420	63.243	63.273	5
2025-04-10 19:45	63.320	63.410	63.263	63.380	5
2025-04-10 19:50	63.375	63.660	63.348	63.660	5
2025-04-10 19:55	63.655	63.745	63.548	63.620	5
2025-04-10 20:00	63.578	63.608	63.493	63.508	5
2025-04-10 20:05	63.508	63.518	63.448	63.448	5
2025-04-10 20:10	63.458	63.528	63.458	63.523	5
2025-04-10 20:15	63.518	63.518	63.438	63.458	5
2025-04-10 20:20	63.458	63.458	63.373	63.403	5
2025-04-10 20:25	63.393	63.458	63.388	63.433	4
2025-04-10 20:30	63.428	63.458	63.363	63.383	5
2025-04-10 20:35	63.383	63.393	63.313	63.313	5
2025-04-10 20:40	63.318	63.333	63.283	63.333	5
2025-04-10 20:45	63.323	63.353	63.318	63.343	4
2025-04-10 20:50	63.348	63.448	63.343	63.443	5
2025-04-10 20:55	63.453	63.473	63.353	63.453	5
2025-04-11 00:00	63.080	63.125	62.960	63.010	5
2025-04-11 00:05	63.005	63.040	62.963	63.025	5
2025-04-11 00:10	62.978	63.170	62.963	63.155	5
2025-04-11 00:15	63.150	63.280	62.973	62.993	5
2025-04-11 00:20	63.035	63.130	62.983	63.065	5
2025-04-11 00:25	63.018	63.110	62.973	63.010	5
2025-04-11 00:30	63.020	63.110	62.963	63.050	5
2025-04-11 00:35	63.055	63.210	63.055	63.210	5
2025-04-11 00:40	63.200	63.340	63.040	63.070	5
2025-04-11 00:45	63.065	63.080	62.963	63.020	5
2025-04-11 00:50	63.015	63.070	62.963	63.060	5
2025-04-11 00:55	63.055	63.140	62.963	63.110	5
2025-04-11 01:00	63.120	63.270	62.988	63.190	5
2025-04-11 01:05	63.143	63.190	62.963	62.963	5
2025-04-11 01:10	62.963	63.080	62.960	63.003	5
2025-04-11 01:15	63.050	63.060	62.863	63.010	5
2025-04-11 01:20	63.020	63.030	62.843	62.875	5
2025-04-11 01:25	62.880	62.970	62.833	62.883	5
2025-04-11 01:30	62.915	63.040	62.833	62.960	5
2025-04-11 01:35	62.955	63.095	62.893	63.010	5
2025-04-11 01:40	63.030	63.065	62.933	63.035	5
2025-04-11 01:45	63.030	63.115	62.933	63.065	5
2025-04-11 01:50	63.060	63.060	62.873	62.910	5
2025-04-11 01:55	62.905	63.040	62.853	62.980	5
2025-04-11 02:00	62.933	63.000	62.863	62.920	5
2025-04-11 02:05	62.915	62.915	62.728	62.785	5
2025-04-11 02:10	62.790	62.860	62.723	62.770	5
2025-04-11 02:15	62.780	62.870	62.733	62.860	5
2025-04-11 02:20	62.865	62.940	62.843	62.920	5
2025-04-11 02:25	62.873	63.025	62.873	62.933	5
2025-04-11 02:30	62.975	63.025	62.883	62.960	5
2025-04-11 02:35	62.965	62.975	62.853	62.885	5
2025-04-11 02:40	62.880	62.960	62.838	62.930	5
2025-04-11 02:45	62.883	62.980	62.863	62.940	5
2025-04-11 02:50	62.945	62.995	62.868	62.920	5
2025-04-11 02:55	62.910	63.000	62.910	62.965	5
2025-04-11 03:00	62.960	63.010	62.928	62.980	5
2025-04-11 03:05	62.975	63.110	62.973	63.090	5
2025-04-11 03:10	63.085	63.215	63.085	63.190	5
2025-04-11 03:15	63.195	63.240	63.093	63.093	5
2025-04-11 03:20	63.125	63.145	63.013	63.105	5
2025-04-11 03:25	63.110	63.190	63.073	63.120	5
2025-04-11 03:30	63.130	63.180	63.083	63.120	5
2025-04-11 03:35	63.115	63.120	63.018	63.050	5
2025-04-11 03:40	63.055	63.100	63.008	63.050	5
2025-04-11 03:45	63.003	63.120	63.003	63.115	5
2025-04-11 03:50	63.120	63.125	63.053	63.110	5
2025-04-11 03:55	63.120	63.125	63.043	63.060	5
2025-04-11 04:00	63.070	63.080	62.993	63.060	5
2025-04-11 04:05	63.065	63.130	63.023	63.060	5
2025-04-11 04:10	63.055	63.080	62.993	63.060	5
2025-04-11 04:15	63.013	63.040	62.933	62.958	5
2025-04-11 04:20	62.995	63.010	62.953	62.990	5
2025-04-11 04:25	62.995	63.060	62.953	63.050	5
2025-04-11 04:30	63.055	63.170	62.973	63.160	5
2025-04-11 04:35	63.155	63.190	63.123	63.140	5
2025-04-11 04:40	63.145	63.165	63.093	63.150	5
2025-04-11 04:45	63.155	63.165	63.083	63.140	5
2025-04-11 04:50	63.135	63.140	63.063	63.120	5
2025-04-11 04:55	63.125	63.160	63.083	63.145	5
2025-04-11 05:00	63.150	63.160	63.083	63.160	5
2025-04-11 05:05	63.170	63.170	63.078	63.120	5
2025-04-11 05:10	63.125	63.415	63.103	63.405	5
2025-04-11 05:15	63.390	63.445	63.353	63.440	5
2025-04-11 05:20	63.393	63.550	63.393	63.550	5
2025-04-11 05:25	63.545	63.665	63.518	63.610	5
2025-04-11 05:30	63.605	63.685	63.553	63.660	5
2025-04-11 05:35	63.665	63.715	63.603	63.653	5
2025-04-11 05:40	63.643	63.875	63.628	63.860	5
2025-04-11 05:45	63.865	63.875	63.738	63.775	5
2025-04-11 05:50	63.770	63.875	63.738	63.850	5
2025-04-11 05:55	63.845	63.875	63.758	63.870	5
2025-04-11 06:00	63.875	63.900	63.808	63.870	5
2025-04-11 06:05	63.880	63.965	63.768	63.965	5
2025-04-11 06:10	63.995	64.070	63.878	63.940	5
2025-04-11 06:15	63.945	63.970	63.768	63.928	5
2025-04-11 06:20	63.923	63.990	63.858	63.910	5
2025-04-11 06:25	63.915	64.035	63.915	63.985	5
2025-04-11 06:30	63.943	64.075	63.903	64.028	5
2025-04-11 06:35	64.023	64.095	63.978	64.030	5
2025-04-11 06:40	64.035	64.230	63.983	64.215	5
2025-04-11 06:45	64.168	64.355	64.113	64.205	5
2025-04-11 06:50	64.200	64.225	64.023	64.120	5
2025-04-11 06:55	64.078	64.195	64.013	64.180	5
2025-04-11 07:00	64.185	64.185	63.673	63.720	5
2025-04-11 07:05	63.725	63.845	63.613	63.785	5
2025-04-11 07:10	63.790	63.935	63.748	63.925	5
2025-04-11 07:15	63.883	64.045	63.863	63.903	5
2025-04-11 07:20	63.945	64.025	63.833	63.995	5
2025-04-11 07:25	63.953	64.055	63.803	63.915	5
2025-04-11 07:30	63.925	64.115	63.853	64.110	5
2025-04-11 07:35	64.115	64.215	63.953	64.025	5
2025-04-11 07:40	63.983	64.170	63.963	64.090	5
2025-04-11 07:45	64.085	64.110	63.958	64.035	5
2025-04-11 07:50	64.008	64.170	63.978	64.140	5
2025-04-11 07:55	64.145	64.170	63.978	64.073	5
2025-04-11 08:00	64.130	64.145	63.268	63.393	5
2025-04-11 08:05	63.383	63.870	63.383	63.783	5
2025-04-11 08:10	63.778	63.875	63.558	63.625	5
2025-04-11 08:15	63.635	63.655	63.243	63.378	5
2025-04-11 08:20	63.373	63.500	63.293	63.340	5
2025-04-11 08:25	63.298	63.480	63.188	63.480	5
2025-04-11 08:30	63.495	63.645	63.248	63.275	5
2025-04-11 08:35	63.233	63.405	63.093	63.343	5
2025-04-11 08:40	63.375	63.380	63.053	63.215	5
2025-04-11 08:45	63.220	63.435	63.113	63.430	5
2025-04-11 08:50	63.435	63.555	63.373	63.450	5
2025-04-11 08:55	63.408	63.505	63.293	63.400	5
2025-04-11 09:00	63.358	63.505	63.098	63.135	5
2025-04-11 09:05	63.145	63.220	62.903	62.955	5
2025-04-11 09:10	62.960	63.210	62.798	63.180	5
2025-04-11 09:15	63.175	63.360	63.118	63.210	5
2025-04-11 09:20	63.215	63.410	63.178	63.400	5
2025-04-11 09:25	63.358	63.425	62.998	63.110	5
2025-04-11 09:30	63.115	63.335	63.013	63.295	5
2025-04-11 09:35	63.285	63.405	63.178	63.363	5
2025-04-11 09:40	63.405	63.465	63.313	63.430	5
2025-04-11 09:45	63.435	63.555	63.378	63.510	5
2025-04-11 09:50	63.515	63.690	63.408	63.640	5
2025-04-11 09:55	63.645	63.715	63.528	63.710	5
2025-04-11 10:00	63.668	63.862	63.513	63.730	5
2025-04-11 10:05	63.740	63.740	63.513	63.560	5
2025-04-11 10:10	63.565	63.730	63.493	63.715	5
2025-04-11 10:15	63.720	63.805	63.638	63.760	5
2025-04-11 10:20	63.765	63.865	63.663	63.798	5
2025-04-11 10:25	63.830	63.895	63.748	63.835	5
2025-04-11 10:30	63.793	63.840	63.598	63.613	5
2025-04-11 10:35	63.598	63.685	63.483	63.545	5
2025-04-11 10:40	63.555	63.635	63.483	63.535	5
2025-04-11 10:45	63.550	63.555	63.413	63.438	5
2025-04-11 10:50	63.433	63.455	63.273	63.425	5
2025-04-11 10:55	63.430	63.460	63.313	63.390	5
2025-04-11 11:00	63.385	63.425	63.253	63.395	5
2025-04-11 11:05	63.410	63.495	63.283	63.420	5
2025-04-11 11:10	63.415	63.445	63.283	63.320	5
2025-04-11 11:15	63.278	63.360	63.203	63.265	5
2025-04-11 11:20	63.223	63.330	63.168	63.265	5
2025-04-11 11:25	63.223	63.325	63.208	63.280	5
2025-04-11 11:30	63.275	63.385	63.218	63.350	5
2025-04-11 11:35	63.308	63.375	63.238	63.253	5
2025-04-11 11:40	63.248	63.375	63.233	63.310	5
2025-04-11 11:45	63.315	63.395	63.103	63.145	5
2025-04-11 11:50	63.103	63.255	63.073	63.173	5
2025-04-11 11:55	63.195	63.305	63.133	63.265	5
2025-04-11 12:00	63.260	63.495	63.213	63.495	5
2025-04-11 12:05	63.490	63.505	63.298	63.485	5
2025-04-11 12:10	63.490	63.595	63.413	63.510	5
2025-04-11 12:15	63.468	63.560	63.378	63.410	5
2025-04-11 12:20	63.415	63.530	63.338	63.415	5
2025-04-11 12:25	63.405	63.495	63.343	63.490	5
2025-04-11 12:30	63.500	63.575	63.428	63.560	5
2025-04-11 12:35	63.565	63.615	63.463	63.570	5
2025-04-11 12:40	63.528	63.550	63.363	63.445	5
2025-04-11 12:45	63.450	63.450	63.293	63.365	5
2025-04-11 12:50	63.370	63.385	63.278	63.355	5
2025-04-11 12:55	63.360	63.360	63.203	63.270	5
2025-04-11 13:00	63.275	63.415	63.103	63.140	5
2025-04-11 13:05	63.098	63.230	62.962	63.008	5
2025-04-11 13:10	63.045	63.135	62.962	63.015	5
2025-04-11 13:15	63.020	63.035	62.773	62.823	5
2025-04-11 13:20	62.865	63.070	62.798	63.018	5
2025-04-11 13:25	63.065	63.100	62.948	62.973	5
2025-04-11 13:30	63.010	63.155	62.868	63.110	5
2025-04-11 13:35	63.115	63.475	63.038	63.405	5
2025-04-11 13:40	63.363	63.557	63.208	63.470	5
2025-04-11 13:45	63.475	63.640	63.418	63.458	5
2025-04-11 13:50	63.505	63.665	63.393	63.538	5
2025-04-11 13:55	63.528	63.570	63.328	63.365	5
2025-04-11 14:00	63.323	63.435	63.198	63.295	5
2025-04-11 14:05	63.310	63.480	63.203	63.418	5
2025-04-11 14:10	63.465	63.530	63.188	63.253	5
2025-04-11 14:15	63.285	63.395	63.118	63.195	5
2025-04-11 14:20	63.200	63.320	63.083	63.113	5
2025-04-11 14:25	63.160	63.195	63.038	63.185	5
2025-04-11 14:30	63.180	63.410	63.108	63.335	5
2025-04-11 14:35	63.293	63.365	63.193	63.283	5
2025-04-11 14:40	63.310	63.465	63.213	63.423	5
2025-04-11 14:45	63.418	63.555	63.413	63.438	5
2025-04-11 14:50	63.470	63.490	63.318	63.415	5
2025-04-11 14:55	63.373	63.405	63.193	63.320	5
2025-04-11 15:00	63.273	63.650	63.258	63.433	5
2025-04-11 15:05	63.480	63.480	63.213	63.400	5
2025-04-11 15:10	63.415	63.575	63.313	63.383	5
2025-04-11 15:15	63.425	63.565	63.358	63.498	5
2025-04-11 15:20	63.493	63.595	63.323	63.420	5
2025-04-11 15:25	63.415	63.545	63.333	63.478	5
2025-04-11 15:30	63.525	63.585	63.428	63.493	5
2025-04-11 15:35	63.535	63.710	63.473	63.685	5
2025-04-11 15:40	63.690	63.765	63.613	63.765	5
2025-04-11 15:45	63.723	63.785	63.648	63.708	5
2025-04-11 15:50	63.755	63.765	63.613	63.693	5
2025-04-11 15:55	63.730	63.905	63.688	63.885	5
2025-04-11 16:00	63.890	63.895	63.748	63.865	5
2025-04-11 16:05	63.823	63.895	63.778	63.865	5
2025-04-11 16:10	63.823	63.935	63.808	63.910	5
2025-04-11 16:15	63.868	64.045	63.868	64.010	5
2025-04-11 16:20	63.968	64.045	63.868	63.910	5
2025-04-11 16:25	63.905	63.910	63.743	63.875	5
2025-04-11 16:30	63.885	64.095	63.853	64.033	5
2025-04-11 16:35	64.075	64.165	64.023	64.120	5
2025-04-11 16:40	64.125	64.145	64.023	64.140	5
2025-04-11 16:45	64.135	64.235	64.058	64.205	5
2025-04-11 16:50	64.215	64.235	64.118	64.205	5
2025-04-11 16:55	64.163	64.315	64.133	64.268	5
2025-04-11 17:00	64.310	64.465	64.238	64.455	5
2025-04-11 17:05	64.460	64.507	64.348	64.465	5
2025-04-11 17:10	64.460	64.465	64.313	64.410	5
2025-04-11 17:15	64.368	64.435	64.283	64.365	5
2025-04-11 17:20	64.370	64.425	64.213	64.295	5
2025-04-11 17:25	64.253	64.555	64.243	64.473	5
2025-04-11 17:30	64.515	64.560	64.423	64.530	5
2025-04-11 17:35	64.535	64.745	64.483	64.673	5
2025-04-11 17:40	64.715	64.745	64.573	64.725	5
2025-04-11 17:45	64.730	64.855	64.673	64.805	5
2025-04-11 17:50	64.763	65.035	64.733	64.975	5
2025-04-11 17:55	64.933	64.995	64.778	64.843	5
2025-04-11 18:00	64.833	64.925	64.763	64.820	5
2025-04-11 18:05	64.825	64.830	64.638	64.720	5
2025-04-11 18:10	64.715	64.935	64.658	64.895	5
2025-04-11 18:15	64.900	64.925	64.613	64.613	5
2025-04-11 18:20	64.655	64.705	64.523	64.643	5
2025-04-11 18:25	64.633	64.765	64.533	64.755	5
2025-04-11 18:30	64.765	64.775	64.608	64.670	5
2025-04-11 18:35	64.675	64.815	64.613	64.775	5
2025-04-11 18:40	64.733	64.875	64.733	64.780	5
2025-04-11 18:45	64.775	64.875	64.743	64.865	5
2025-04-11 18:50	64.875	64.875	64.653	64.760	5
2025-04-11 18:55	64.765	64.770	64.663	64.693	5
2025-04-11 19:00	64.735	64.820	64.693	64.773	5
2025-04-11 19:05	64.805	64.920	64.758	64.915	5
2025-04-11 19:10	64.910	64.955	64.848	64.945	5
2025-04-11 19:15	64.955	64.955	64.873	64.893	5
2025-04-11 19:20	64.945	64.960	64.878	64.878	5
2025-04-11 19:25	64.868	64.930	64.788	64.830	5
2025-04-11 19:30	64.825	64.830	64.673	64.715	5
2025-04-11 19:35	64.673	64.740	64.643	64.693	5
2025-04-11 19:40	64.730	64.770	64.663	64.770	5
2025-04-11 19:45	64.765	64.770	64.668	64.750	5
2025-04-11 19:50	64.755	64.780	64.663	64.713	5
2025-04-11 19:55	64.755	64.760	64.638	64.690	5
2025-04-11 20:00	64.648	64.698	64.615	64.673	5
2025-04-11 20:05	64.678	64.713	64.668	64.713	5
2025-04-11 20:10	64.713	64.713	64.678	64.698	5
2025-04-11 20:15	64.693	64.703	64.668	64.698	5
2025-04-11 20:20	64.688	64.693	64.648	64.658	5
2025-04-11 20:25	64.663	64.678	64.615	64.643	5
2025-04-11 20:30	64.618	64.643	64.615	64.643	5
2025-04-11 20:35	64.643	64.643	64.615	64.623	5
2025-04-11 20:40	64.628	64.648	64.615	64.615	5
2025-04-11 20:45	64.615	64.615	64.615	64.615	5
2025-04-11 20:50	64.615	64.623	64.615	64.615	5
2025-04-11 20:55	64.615	64.702	64.615	64.672	5
2025-04-14 00:00	64.585	64.725	64.513	64.653	5
2025-04-14 00:05	64.685	64.810	64.653	64.785	5
2025-04-14 00:10	64.780	64.890	64.768	64.805	5
2025-04-14 00:15	64.795	64.810	64.683	64.760	5
2025-04-14 00:20	64.713	64.840	64.713	64.760	5
2025-04-14 00:25	64.755	64.755	64.638	64.673	5
2025-04-14 00:30	64.705	64.865	64.668	64.835	5
2025-04-14 00:35	64.830	64.925	64.830	64.890	5
2025-04-14 00:40	64.843	64.920	64.843	64.873	5
2025-04-14 00:45	64.858	64.910	64.783	64.783	5
2025-04-14 00:50	64.815	64.875	64.773	64.855	5
2025-04-14 00:55	64.850	64.850	64.713	64.715	5
2025-04-14 01:00	64.668	64.740	64.503	64.543	5
2025-04-14 01:05	64.590	64.630	64.463	64.540	5
2025-04-14 01:10	64.545	64.600	64.493	64.535	5
2025-04-14 01:15	64.540	64.585	64.473	64.495	5
2025-04-14 01:20	64.500	64.570	64.418	64.445	5
2025-04-14 01:25	64.440	64.540	64.403	64.510	5
2025-04-14 01:30	64.515	64.555	64.428	64.510	5
2025-04-14 01:35	64.515	64.615	64.503	64.545	5
2025-04-14 01:40	64.550	64.600	64.500	64.590	5
2025-04-14 01:45	64.595	64.605	64.493	64.600	5
2025-04-14 01:50	64.595	64.715	64.523	64.680	5
2025-04-14 01:55	64.685	64.710	64.618	64.640	5
2025-04-14 02:00	64.635	64.660	64.533	64.575	5
2025-04-14 02:05	64.528	64.670	64.508	64.615	5
2025-04-14 02:10	64.620	64.650	64.563	64.630	5
2025-04-14 02:15	64.625	64.670	64.563	64.630	5
2025-04-14 02:20	64.625	64.625	64.513	64.570	5
2025-04-14 02:25	64.565	64.605	64.533	64.550	5
2025-04-14 02:30	64.560	64.560	64.423	64.460	5
2025-04-14 02:35	64.470	64.470	64.353	64.430	5
2025-04-14 02:40	64.435	64.455	64.403	64.440	5
2025-04-14 02:45	64.450	64.475	64.388	64.450	5
2025-04-14 02:50	64.455	64.520	64.403	64.495	5
2025-04-14 02:55	64.490	64.525	64.475	64.510	5
2025-04-14 03:00	64.515	64.515	64.408	64.460	5
2025-04-14 03:05	64.455	64.505	64.383	64.440	5
2025-04-14 03:10	64.435	64.515	64.393	64.495	5
2025-04-14 03:15	64.500	64.580	64.495	64.545	5
2025-04-14 03:20	64.540	64.555	64.498	64.540	5
2025-04-14 03:25	64.493	64.540	64.473	64.510	5
2025-04-14 03:30	64.505	64.580	64.485	64.505	5
2025-04-14 03:35	64.495	64.505	64.433	64.460	5
2025-04-14 03:40	64.455	64.470	64.383	64.415	5
2025-04-14 03:45	64.368	64.440	64.363	64.430	5
2025-04-14 03:50	64.425	64.470	64.413	64.470	4
2025-04-14 03:55	64.465	64.530	64.418	64.525	5
2025-04-14 04:00	64.535	64.550	64.478	64.545	5
2025-04-14 04:05	64.540	64.550	64.503	64.530	5
2025-04-14 04:10	64.535	64.575	64.508	64.513	5
2025-04-14 04:15	64.503	64.580	64.503	64.550	5
2025-04-14 04:20	64.555	64.560	64.493	64.493	5
2025-04-14 04:25	64.535	64.575	64.528	64.570	5
2025-04-14 04:30	64.565	64.580	64.503	64.525	5
2025-04-14 04:35	64.520	64.540	64.463	64.483	5
2025-04-14 04:40	64.525	64.530	64.428	64.475	5
2025-04-14 04:45	64.428	64.560	64.428	64.540	5
2025-04-14 04:50	64.545	64.575	64.518	64.565	5
2025-04-14 04:55	64.570	64.570	64.498	64.570	5
2025-04-14 05:00	64.575	64.650	64.548	64.645	5
2025-04-14 05:05	64.655	64.710	64.643	64.700	5
2025-04-14 05:10	64.710	64.730	64.653	64.680	5
2025-04-14 05:15	64.675	64.680	64.563	64.580	5
2025-04-14 05:20	64.575	64.585	64.508	64.550	5
2025-04-14 05:25	64.560	64.620	64.560	64.610	5
2025-04-14 05:30	64.615	64.660	64.523	64.583	5
2025-04-14 05:35	64.615	64.640	64.573	64.610	5
2025-04-14 05:40	64.620	64.700	64.593	64.630	5
2025-04-14 05:45	64.640	64.795	64.635	64.790	5
2025-04-14 05:50	64.800	64.875	64.723	64.870	5
2025-04-14 05:55	64.875	64.890	64.753	64.753	5
2025-04-14 06:00	64.748	64.830	64.708	64.780	5
2025-04-14 06:05	64.790	64.870	64.733	64.828	5
2025-04-14 06:10	64.870	64.935	64.813	64.873	5
2025-04-14 06:15	64.868	64.975	64.803	64.850	5
2025-04-14 06:20	64.860	64.920	64.788	64.835	5
2025-04-14 06:25	64.850	64.875	64.798	64.830	5
2025-04-14 06:30	64.835	64.850	64.728	64.830	5
2025-04-14 06:35	64.835	64.865	64.793	64.855	5
2025-04-14 06:40	64.813	64.865	64.803	64.845	5
2025-04-14 06:45	64.865	64.865	64.773	64.825	5
2025-04-14 06:50	64.783	64.825	64.653	64.695	5
2025-04-14 06:55	64.700	64.710	64.603	64.690	5
2025-04-14 07:00	64.685	64.715	64.498	64.595	5
2025-04-14 07:05	64.600	64.690	64.488	64.545	5
2025-04-14 07:10	64.555	64.655	64.473	64.615	5
2025-04-14 07:15	64.610	64.660	64.563	64.605	5
2025-04-14 07:20	64.610	64.690	64.548	64.618	5
2025-04-14 07:25	64.603	64.910	64.603	64.788	5
2025-04-14 07:30	64.830	64.935	64.778	64.883	5
2025-04-14 07:35	64.925	65.045	64.808	65.015	5
2025-04-14 07:40	65.020	65.085	64.953	65.075	5
2025-04-14 07:45	65.033	65.115	64.918	64.965	5
2025-04-14 07:50	64.960	65.015	64.908	64.960	5
2025-04-14 07:55	64.965	65.030	64.848	64.890	5
2025-04-14 08:00	64.895	64.965	64.828	64.960	5
2025-04-14 08:05	64.955	64.990	64.858	64.858	5
2025-04-14 08:10	64.900	64.900	64.628	64.665	5
2025-04-14 08:15	64.685	64.815	64.648	64.678	5
2025-04-14 08:20	64.725	64.845	64.698	64.845	5
2025-04-14 08:25	64.855	64.985	64.763	64.985	5
2025-04-14 08:30	64.995	65.005	64.858	64.950	5
2025-04-14 08:35	64.945	65.020	64.903	65.005	5
2025-04-14 08:40	64.963	65.080	64.913	64.928	5
2025-04-14 08:45	64.970	65.205	64.913	65.135	5
2025-04-14 08:50	65.088	65.185	65.048	65.180	5
2025-04-14 08:55	65.195	65.230	65.108	65.183	5
2025-04-14 09:00	65.173	65.245	65.173	65.205	5
2025-04-14 09:05	65.215	65.215	65.093	65.195	5
2025-04-14 09:10	65.153	65.235	65.118	65.220	5
2025-04-14 09:15	65.215	65.225	65.113	65.113	5
2025-04-14 09:20	65.145	65.175	65.028	65.105	5
2025-04-14 09:25	65.110	65.200	65.048	65.128	5
2025-04-14 09:30	65.170	65.245	65.158	65.205	5
2025-04-14 09:35	65.210	65.265	65.173	65.245	5
2025-04-14 09:40	65.240	65.320	65.193	65.290	5
2025-04-14 09:45	65.285	65.305	65.183	65.258	5
2025-04-14 09:50	65.295	65.375	65.268	65.355	5
2025-04-14 09:55	65.313	65.395	65.243	65.295	5
2025-04-14 10:00	65.305	65.365	65.273	65.293	5
2025-04-14 10:05	65.288	65.355	65.273	65.283	5
2025-04-14 10:10	65.315	65.425	65.293	65.395	5
2025-04-14 10:15	65.390	65.405	65.298	65.303	5
2025-04-14 10:20	65.298	65.350	65.243	65.303	5
2025-04-14 10:25	65.298	65.420	65.293	65.385	5
2025-04-14 10:30	65.395	65.420	65.193	65.198	5
2025-04-14 10:35	65.240	65.345	65.218	65.335	5
2025-04-14 10:40	65.298	65.375	65.298	65.328	5
2025-04-14 10:45	65.323	65.405	65.288	65.358	5
2025-04-14 10:50	65.353	65.470	65.348	65.428	5
2025-04-14 10:55	65.470	65.610	65.433	65.605	5
2025-04-14 11:00	65.553	65.625	65.503	65.615	5
2025-04-14 11:05	65.635	65.670	65.568	65.645	5
2025-04-14 11:10	65.603	65.875	65.593	65.758	5
2025-04-14 11:15	65.805	65.835	65.648	65.730	5
2025-04-14 11:20	65.740	65.755	65.583	65.645	5
2025-04-14 11:25	65.650	65.715	65.583	65.618	5
2025-04-14 11:30	65.613	65.660	65.518	65.595	5
2025-04-14 11:35	65.605	65.660	65.488	65.488	5
2025-04-14 11:40	65.530	65.650	65.493	65.640	5
2025-04-14 11:45	65.645	65.715	65.603	65.660	5
2025-04-14 11:50	65.665	65.665	65.568	65.595	5
2025-04-14 11:55	65.553	65.565	65.468	65.545	5
2025-04-14 12:00	65.550	65.585	65.428	65.555	5
2025-04-14 12:05	65.560	65.585	65.388	65.540	5
2025-04-14 12:10	65.498	65.610	65.498	65.610	5
2025-04-14 12:15	65.615	65.690	65.563	65.630	5
2025-04-14 12:20	65.635	65.690	65.583	65.685	5
2025-04-14 12:25	65.675	65.685	65.618	65.670	5
2025-04-14 12:30	65.675	65.675	65.503	65.615	5
2025-04-14 12:35	65.573	65.655	65.573	65.635	5
2025-04-14 12:40	65.593	65.630	65.433	65.500	5
2025-04-14 12:45	65.495	65.600	65.493	65.548	5
2025-04-14 12:50	65.590	65.640	65.523	65.640	5
2025-04-14 12:55	65.655	65.675	65.553	65.605	5
2025-04-14 13:00	65.563	65.563	65.303	65.420	5
2025-04-14 13:05	65.378	65.425	65.243	65.375	5
2025-04-14 13:10	65.370	65.435	65.293	65.338	5
2025-04-14 13:15	65.365	65.515	65.303	65.463	5
2025-04-14 13:20	65.495	65.535	65.283	65.360	5
2025-04-14 13:25	65.365	65.425	65.293	65.318	5
2025-04-14 13:30	65.360	65.370	65.153	65.225	5
2025-04-14 13:35	65.183	65.245	65.103	65.135	5
2025-04-14 13:40	65.140	65.190	64.828	65.020	5
2025-04-14 13:45	65.025	65.055	64.878	64.953	5
2025-04-14 13:50	64.948	65.055	64.823	65.030	5
2025-04-14 13:55	65.035	65.045	64.873	64.990	5
2025-04-14 14:00	64.948	65.070	64.823	65.000	5
2025-04-14 14:05	64.968	65.160	64.943	65.060	5
2025-04-14 14:10	65.065	65.095	64.913	65.030	5
2025-04-14 14:15	65.040	65.175	64.983	65.130	5
2025-04-14 14:20	65.140	65.175	65.048	65.140	5
2025-04-14 14:25	65.135	65.190	65.038	65.190	5
2025-04-14 14:30	65.200	65.265	65.143	65.200	5
2025-04-14 14:35	65.205	65.210	65.068	65.143	5
2025-04-14 14:40	65.185	65.255	65.073	65.105	5
2025-04-14 14:45	65.110	65.220	65.018	65.148	5
2025-04-14 14:50	65.190	65.215	65.098	65.150	5
2025-04-14 14:55	65.108	65.195	64.953	65.005	5
2025-04-14 15:00	65.010	65.035	64.668	64.845	5
2025-04-14 15:05	64.850	64.855	64.523	64.605	5
2025-04-14 15:10	64.563	64.740	64.523	64.700	5
2025-04-14 15:15	64.705	64.790	64.558	64.715	5
2025-04-14 15:20	64.710	64.855	64.663	64.735	5
2025-04-14 15:25	64.693	64.825	64.653	64.730	5
2025-04-14 15:30	64.735	64.835	64.628	64.800	5
2025-04-14 15:35	64.805	64.820	64.623	64.685	5
2025-04-14 15:40	64.695	64.695	64.538	64.585	5
2025-04-14 15:45	64.595	64.600	64.348	64.363	5
2025-04-14 15:50	64.405	64.560	64.293	64.500	5
2025-04-14 15:55	64.458	64.575	64.368	64.405	5
2025-04-14 16:00	64.415	64.545	64.338	64.418	5
2025-04-14 16:05	64.485	64.490	64.293	64.345	5
2025-04-14 16:10	64.350	64.355	64.023	64.248	5
2025-04-14 16:15	64.243	64.395	64.188	64.350	5
2025-04-14 16:20	64.355	64.410	64.263	64.370	5
2025-04-14 16:25	64.375	64.405	64.193	64.270	5
2025-04-14 16:30	64.228	64.375	64.193	64.333	5
2025-04-14 16:35	64.380	64.415	64.238	64.315	5
2025-04-14 16:40	64.320	64.355	64.238	64.310	5
2025-04-14 16:45	64.305	64.385	64.243	64.243	5
2025-04-14 16:50	64.238	64.370	64.223	64.365	5
2025-04-14 16:55	64.323	64.365	64.188	64.250	5
2025-04-14 17:00	64.245	64.430	64.178	64.280	5
2025-04-14 17:05	64.285	64.330	64.173	64.193	5
2025-04-14 17:10	64.225	64.275	64.173	64.193	5
2025-04-14 17:15	64.235	64.295	64.163	64.270	5
2025-04-14 17:20	64.223	64.310	64.173	64.238	5
2025-04-14 17:25	64.233	64.270	64.098	64.113	5
2025-04-14 17:30	64.145	64.445	64.108	64.435	5
2025-04-14 17:35	64.440	64.475	64.313	64.385	5
2025-04-14 17:40	64.343	64.390	64.268	64.310	5
2025-04-14 17:45	64.305	64.385	64.273	64.323	5
2025-04-14 17:50	64.360	64.545	64.323	64.435	5
2025-04-14 17:55	64.445	64.600	64.373	64.475	5
2025-04-14 18:00	64.480	64.605	64.423	64.523	5
2025-04-14 18:05	64.565	64.600	64.498	64.538	5
2025-04-14 18:10	64.570	64.595	64.453	64.570	5
2025-04-14 18:15	64.575	64.635	64.498	64.573	5
2025-04-14 18:20	64.568	64.705	64.558	64.705	5
2025-04-14 18:25	64.710	64.915	64.628	64.910	5
2025-04-14 18:30	64.868	64.947	64.803	64.845	5
2025-04-14 18:35	64.803	64.845	64.718	64.780	5
2025-04-14 18:40	64.785	64.870	64.728	64.860	5
2025-04-14 18:45	64.865	64.875	64.748	64.810	5
2025-04-14 18:50	64.825	64.885	64.778	64.880	5
2025-04-14 18:55	64.838	64.895	64.823	64.843	5
2025-04-14 19:00	64.838	64.945	64.838	64.945	5
2025-04-14 19:05	64.903	65.000	64.903	64.980	5
2025-04-14 19:10	64.985	65.000	64.913	64.985	5
2025-04-14 19:15	64.943	65.000	64.888	64.930	5
2025-04-14 19:20	64.940	64.975	64.893	64.933	5
2025-04-14 19:25	64.928	64.960	64.898	64.940	5
2025-04-14 19:30	64.945	64.990	64.888	64.990	5
2025-04-14 19:35	64.948	65.010	64.913	64.950	5
2025-04-14 19:40	64.908	65.015	64.908	64.970	5
2025-04-14 19:45	64.975	65.000	64.923	64.980	5
2025-04-14 19:50	64.975	64.985	64.903	64.975	5
2025-04-14 19:55	64.970	64.970	64.893	64.940	5
2025-04-14 20:00	64.908	64.928	64.898	64.923	5
2025-04-14 20:05	64.923	64.923	64.908	64.908	5
2025-04-14 20:10	64.908	64.958	64.908	64.928	5
2025-04-14 20:15	64.928	64.948	64.923	64.948	5
2025-04-14 20:20	64.948	64.948	64.903	64.903	5
2025-04-14 20:25	64.893	64.898	64.873	64.898	5
2025-04-14 20:30	64.893	64.918	64.888	64.918	3
2025-04-14 20:35	64.913	64.923	64.913	64.918	5
2025-04-14 20:40	64.928	64.928	64.888	64.893	5
2025-04-14 20:45	64.893	64.918	64.888	64.888	5
2025-04-14 20:50	64.883	64.908	64.878	64.883	5
2025-04-14 20:55	64.883	64.883	64.853	64.853	5
2025-04-15 00:00	65.020	65.020	64.888	65.000	5
2025-04-15 00:05	65.005	65.150	65.005	65.130	5
2025-04-15 00:10	65.135	65.155	65.103	65.155	5
2025-04-15 00:15	65.170	65.190	65.098	65.135	5
2025-04-15 00:20	65.140	65.200	65.140	65.170	5
2025-04-15 00:25	65.165	65.180	65.098	65.125	5
2025-04-15 00:30	65.130	65.175	65.130	65.170	5
2025-04-15 00:35	65.160	65.165	65.048	65.070	5
2025-04-15 00:40	65.075	65.115	65.043	65.070	5
2025-04-15 00:45	65.075	65.150	65.053	65.115	5
2025-04-15 00:50	65.120	65.140	65.078	65.120	5
2025-04-15 00:55	65.115	65.130	65.053	65.053	5
2025-04-15 01:00	65.085	65.085	64.913	64.955	5
2025-04-15 01:05	64.945	64.955	64.873	64.920	5
2025-04-15 01:10	64.925	64.950	64.888	64.930	5
2025-04-15 01:15	64.883	65.085	64.883	65.040	5
2025-04-15 01:20	65.045	65.095	65.023	65.085	5
2025-04-15 01:25	65.090	65.115	65.075	65.100	5
2025-04-15 01:30	65.095	65.105	65.028	65.095	5
2025-04-15 01:35	65.100	65.100	65.010	65.040	5
2025-04-15 01:40	65.035	65.035	64.968	64.990	5
2025-04-15 01:45	64.995	65.040	64.948	65.020	5
2025-04-15 01:50	65.025	65.030	64.963	65.000	5
2025-04-15 01:55	64.995	65.005	64.893	64.940	5
2025-04-15 02:00	64.945	64.955	64.873	64.930	5
2025-04-15 02:05	64.920	65.030	64.888	65.000	5
2025-04-15 02:10	65.010	65.010	64.963	64.970	5
2025-04-15 02:15	64.965	64.990	64.960	64.990	4
2025-04-15 02:20	64.985	64.985	64.938	64.960	5
2025-04-15 02:25	64.913	64.980	64.913	64.970	5
2025-04-15 02:30	64.965	64.975	64.888	64.920	5
2025-04-15 02:35	64.915	64.970	64.905	64.945	5
2025-04-15 02:40	64.950	64.985	64.938	64.950	5
2025-04-15 02:45	64.945	64.975	64.893	64.955	5
2025-04-15 02:50	64.950	64.950	64.838	64.875	5
2025-04-15 02:55	64.880	64.950	64.880	64.940	5
2025-04-15 03:00	64.935	64.970	64.888	64.925	5
2025-04-15 03:05	64.920	64.940	64.888	64.915	5
2025-04-15 03:10	64.868	64.890	64.833	64.870	5
2025-04-15 03:15	64.865	64.880	64.818	64.860	5
2025-04-15 03:20	64.865	64.900	64.848	64.875	4
2025-04-15 03:25	64.880	64.930	64.875	64.925	5
2025-04-15 03:30	64.930	64.935	64.900	64.910	5
2025-04-15 03:35	64.863	64.935	64.863	64.888	5
2025-04-15 03:40	64.945	64.945	64.868	64.920	4
2025-04-15 03:45	64.915	64.925	64.878	64.878	4
2025-04-15 03:50	64.955	65.035	64.950	65.030	5
2025-04-15 03:55	65.025	65.030	65.015	65.015	5
2025-04-15 04:00	64.968	65.010	64.938	64.985	5
2025-04-15 04:05	64.990	64.995	64.948	64.948	4
2025-04-15 04:10	65.010	65.010	64.948	64.948	4
2025-04-15 04:15	64.980	64.995	64.933	64.990	3
2025-04-15 04:20	64.985	65.010	64.938	65.005	5
2025-04-15 04:25	65.010	65.035	65.005	65.030	4
2025-04-15 04:30	65.035	65.075	65.030	65.055	5
2025-04-15 04:35	65.060	65.070	65.018	65.025	4
2025-04-15 04:40	65.020	65.050	64.998	65.040	4
2025-04-15 04:45	65.045	65.065	65.008	65.040	4
2025-04-15 04:50	65.050	65.060	65.008	65.008	5
2025-04-15 04:55	65.065	65.075	65.018	65.070	5
2025-04-15 05:00	65.075	65.105	65.058	65.100	5
2025-04-15 05:05	65.095	65.135	65.053	65.130	5
2025-04-15 05:10	65.135	65.160	65.088	65.160	5
2025-04-15 05:15	65.155	65.175	65.088	65.145	5
2025-04-15 05:20	65.140	65.160	65.088	65.150	5
2025-04-15 05:25	65.145	65.150	65.028	65.060	5
2025-04-15 05:30	65.065	65.075	64.963	65.015	5
2025-04-15 05:35	65.020	65.020	64.918	64.935	5
2025-04-15 05:40	64.888	64.940	64.868	64.900	5
2025-04-15 05:45	64.895	64.985	64.895	64.955	5
2025-04-15 05:50	64.960	65.095	64.928	65.080	5
2025-04-15 05:55	65.075	65.100	65.013	65.070	5
2025-04-15 06:00	65.075	65.080	64.908	64.955	5
2025-04-15 06:05	64.913	65.050	64.908	64.968	5
2025-04-15 06:10	65.000	65.055	64.963	65.005	5
2025-04-15 06:15	65.010	65.045	64.938	65.025	5
2025-04-15 06:20	64.983	65.040	64.963	65.040	5
2025-04-15 06:25	64.998	65.125	64.988	65.073	5
2025-04-15 06:30	65.110	65.205	65.063	65.185	5
2025-04-15 06:35	65.190	65.225	65.148	65.225	5
2025-04-15 06:40	65.183	65.235	65.158	65.173	5
2025-04-15 06:45	65.225	65.240	65.138	65.180	5
2025-04-15 06:50	65.138	65.215	65.113	65.158	5
2025-04-15 06:55	65.153	65.210	65.123	65.195	5
2025-04-15 07:00	65.153	65.305	65.123	65.300	5
2025-04-15 07:05	65.295	65.350	65.253	65.305	5
2025-04-15 07:10	65.263	65.375	65.233	65.233	5
2025-04-15 07:15	65.213	65.335	65.213	65.300	5
2025-04-15 07:20	65.305	65.325	65.208	65.238	5
2025-04-15 07:25	65.280	65.325	65.223	65.270	5
2025-04-15 07:30	65.280	65.305	65.168	65.235	5
2025-04-15 07:35	65.240	65.315	65.183	65.290	5
2025-04-15 07:40	65.248	65.290	65.138	65.215	5
2025-04-15 07:45	65.225	65.295	65.183	65.193	5
2025-04-15 07:50	65.183	65.240	65.113	65.130	5
2025-04-15 07:55	65.135	65.150	65.053	65.145	5
2025-04-15 08:00	65.155	65.180	64.883	64.930	5
2025-04-15 08:05	64.935	65.075	64.858	64.915	5
2025-04-15 08:10	64.873	64.970	64.833	64.915	5
2025-04-15 08:15	64.925	65.005	64.858	64.960	5
2025-04-15 08:20	64.918	65.035	64.903	65.010	5
2025-04-15 08:25	64.968	65.010	64.873	64.883	5
2025-04-15 08:30	64.873	64.955	64.613	64.628	5
2025-04-15 08:35	64.675	64.685	64.563	64.598	5
2025-04-15 08:40	64.650	64.800	64.603	64.730	5
2025-04-15 08:45	64.725	64.780	64.658	64.715	5
2025-04-15 08:50	64.710	64.845	64.673	64.793	5
2025-04-15 08:55	64.830	64.880	64.748	64.753	5
2025-04-15 09:00	64.748	64.820	64.653	64.755	5
2025-04-15 09:05	64.765	64.835	64.723	64.783	5
2025-04-15 09:10	64.815	64.860	64.733	64.785	5
2025-04-15 09:15	64.790	64.930	64.790	64.835	5
2025-04-15 09:20	64.850	64.870	64.773	64.835	5
2025-04-15 09:25	64.845	64.870	64.783	64.860	5
2025-04-15 09:30	64.818	64.875	64.738	64.850	5
2025-04-15 09:35	64.855	64.860	64.723	64.770	5
2025-04-15 09:40	64.728	64.765	64.463	64.525	5
2025-04-15 09:45	64.483	64.555	64.453	64.515	5
2025-04-15 09:50	64.510	64.570	64.408	64.423	5
2025-04-15 09:55	64.465	64.505	64.313	64.333	5
2025-04-15 10:00	64.323	64.455	64.258	64.320	5
2025-04-15 10:05	64.325	64.455	64.293	64.435	5
2025-04-15 10:10	64.450	64.585	64.403	64.570	5
2025-04-15 10:15	64.528	64.580	64.488	64.535	5
2025-04-15 10:20	64.540	64.540	64.468	64.473	5
2025-04-15 10:25	64.505	64.615	64.458	64.615	5
2025-04-15 10:30	64.625	64.765	64.578	64.645	5
2025-04-15 10:35	64.655	64.695	64.598	64.675	5
2025-04-15 10:40	64.680	64.790	64.608	64.710	5
2025-04-15 10:45	64.668	64.725	64.603	64.603	5
2025-04-15 10:50	64.640	64.645	64.458	64.458	5
2025-04-15 10:55	64.453	64.545	64.383	64.423	5
2025-04-15 11:00	64.470	64.660	64.463	64.645	5
2025-04-15 11:05	64.655	64.665	64.463	64.630	5
2025-04-15 11:10	64.625	64.685	64.453	64.535	5
2025-04-15 11:15	64.493	64.610	64.478	64.600	5
2025-04-15 11:20	64.605	64.660	64.563	64.620	5
2025-04-15 11:25	64.615	64.675	64.538	64.585	5
2025-04-15 11:30	64.595	64.675	64.533	64.588	5
2025-04-15 11:35	64.583	64.675	64.573	64.605	5
2025-04-15 11:40	64.600	64.620	64.473	64.510	5
2025-04-15 11:45	64.505	64.515	64.363	64.405	5
2025-04-15 11:50	64.410	64.495	64.283	64.475	5
2025-04-15 11:55	64.433	64.455	64.288	64.340	5
2025-04-15 12:00	64.298	64.415	64.293	64.363	5
2025-04-15 12:05	64.353	64.430	64.278	64.425	5
2025-04-15 12:10	64.383	64.425	64.348	64.400	5
2025-04-15 12:15	64.358	64.415	64.253	64.253	5
2025-04-15 12:20	64.295	64.370	64.213	64.265	5
2025-04-15 12:25	64.223	64.340	64.208	64.258	5
2025-04-15 12:30	64.233	64.355	64.193	64.240	5
2025-04-15 12:35	64.235	64.370	64.203	64.350	5
2025-04-15 12:40	64.308	64.415	64.298	64.348	5
2025-04-15 12:45	64.400	64.450	64.323	64.385	5
2025-04-15 12:50	64.375	64.410	64.303	64.410	5
2025-04-15 12:55	64.415	64.415	64.273	64.355	5
2025-04-15 13:00	64.360	64.695	64.323	64.650	5
2025-04-15 13:05	64.655	64.695	64.578	64.638	5
2025-04-15 13:10	64.675	64.750	64.618	64.720	5
2025-04-15 13:15	64.725	64.760	64.628	64.673	5
2025-04-15 13:20	64.710	64.787	64.638	64.690	5
2025-04-15 13:25	64.648	64.740	64.588	64.688	5
2025-04-15 13:30	64.725	64.980	64.693	64.905	5
2025-04-15 13:35	64.863	64.995	64.853	64.955	5
2025-04-15 13:40	64.950	65.005	64.873	64.960	5
2025-04-15 13:45	64.923	65.035	64.898	65.025	5
2025-04-15 13:50	65.030	65.035	64.883	64.913	5
2025-04-15 13:55	64.955	64.965	64.863	64.923	5
2025-04-15 14:00	64.970	65.040	64.773	64.815	5
2025-04-15 14:05	64.773	64.925	64.773	64.883	5
2025-04-15 14:10	64.925	65.140	64.873	65.095	5
2025-04-15 14:15	65.100	65.135	64.416	64.690	5
2025-04-15 14:20	64.695	64.915	64.568	64.588	5
2025-04-15 14:25	64.630	64.820	64.583	64.680	5
2025-04-15 14:30	64.685	64.820	64.568	64.710	5
2025-04-15 14:35	64.715	64.715	64.428	64.515	5
2025-04-15 14:40	64.520	64.745	64.478	64.688	5
2025-04-15 14:45	64.715	64.815	64.578	64.730	5
2025-04-15 14:50	64.735	64.795	64.618	64.718	5
2025-04-15 14:55	64.760	64.810	64.663	64.695	5
2025-04-15 15:00	64.653	64.735	64.558	64.635	5
2025-04-15 15:05	64.640	64.705	64.503	64.600	5
2025-04-15 15:10	64.553	64.650	64.513	64.578	5
2025-04-15 15:15	64.620	64.680	64.553	64.573	5
2025-04-15 15:20	64.568	64.685	64.473	64.478	5
2025-04-15 15:25	64.525	64.555	64.389	64.475	5
2025-04-15 15:30	64.480	64.540	64.389	64.389	5
2025-04-15 15:35	64.415	64.415	64.193	64.265	5
2025-04-15 15:40	64.275	64.345	64.188	64.265	5
2025-04-15 15:45	64.260	64.325	64.223	64.275	5
2025-04-15 15:50	64.280	64.345	64.193	64.258	5
2025-04-15 15:55	64.253	64.335	64.158	64.320	5
2025-04-15 16:00	64.278	64.390	64.273	64.313	5
2025-04-15 16:05	64.355	64.450	64.293	64.415	5
2025-04-15 16:10	64.373	64.450	64.348	64.435	5
2025-04-15 16:15	64.440	64.505	64.383	64.475	5
2025-04-15 16:20	64.485	64.485	64.413	64.460	5
2025-04-15 16:25	64.465	64.530	64.413	64.500	5
2025-04-15 16:30	64.505	64.605	64.458	64.585	5
2025-04-15 16:35	64.590	64.610	64.538	64.580	5
2025-04-15 16:40	64.575	64.615	64.488	64.600	5
2025-04-15 16:45	64.595	64.670	64.578	64.620	5
2025-04-15 16:50	64.578	64.625	64.458	64.495	5
2025-04-15 16:55	64.505	64.515	64.413	64.500	5
2025-04-15 17:00	64.505	64.570	64.408	64.565	5
2025-04-15 17:05	64.575	64.575	64.473	64.535	5
2025-04-15 17:10	64.545	64.600	64.478	64.595	5
2025-04-15 17:15	64.600	64.690	64.538	64.685	5
2025-04-15 17:20	64.690	64.690	64.568	64.610	5
2025-04-15 17:25	64.615	64.625	64.493	64.550	5
2025-04-15 17:30	64.555	64.595	64.498	64.560	5
2025-04-15 17:35	64.518	64.610	64.483	64.590	5
2025-04-15 17:40	64.548	64.630	64.543	64.553	5
2025-04-15 17:45	64.595	64.705	64.558	64.670	5
2025-04-15 17:50	64.628	64.675	64.533	64.580	5
2025-04-15 17:55	64.575	64.595	64.523	64.585	5
2025-04-15 18:00	64.543	64.605	64.518	64.570	5
2025-04-15 18:05	64.575	64.580	64.508	64.528	5
2025-04-15 18:10	64.560	64.575	64.493	64.535	5
2025-04-15 18:15	64.493	64.610	64.493	64.568	5
2025-04-15 18:20	64.605	64.660	64.543	64.625	5
2025-04-15 18:25	64.583	64.705	64.573	64.655	5
2025-04-15 18:30	64.613	64.725	64.603	64.675	5
2025-04-15 18:35	64.680	64.705	64.618	64.660	5
2025-04-15 18:40	64.665	64.775	64.633	64.770	5
2025-04-15 18:45	64.775	64.785	64.683	64.750	5
2025-04-15 18:50	64.745	64.755	64.678	64.735	5
2025-04-15 18:55	64.740	64.755	64.698	64.740	5
2025-04-15 19:00	64.698	64.795	64.698	64.785	5
2025-04-15 19:05	64.743	64.765	64.718	64.765	5
2025-04-15 19:10	64.770	64.815	64.733	64.815	5
2025-04-15 19:15	64.773	64.875	64.763	64.855	5
2025-04-15 19:20	64.813	64.865	64.778	64.810	5
2025-04-15 19:25	64.768	64.800	64.708	64.775	5
2025-04-15 19:30	64.785	64.840	64.758	64.830	5
2025-04-15 19:35	64.825	64.850	64.783	64.845	5
2025-04-15 19:40	64.860	64.910	64.823	64.875	5
2025-04-15 19:45	64.833	64.870	64.763	64.800	5
2025-04-15 19:50	64.805	64.855	64.768	64.808	5
2025-04-15 19:55	64.803	64.830	64.773	64.783	5
2025-04-15 20:00	64.778	64.788	64.753	64.788	5
2025-04-15 20:05	64.788	64.798	64.763	64.788	5
2025-04-15 20:10	64.788	64.808	64.788	64.793	5
2025-04-15 20:15	64.788	64.788	64.768	64.773	5
2025-04-15 20:20	64.778	64.778	64.758	64.768	5
2025-04-15 20:25	64.768	64.778	64.743	64.758	5
2025-04-15 20:30	64.748	64.803	64.728	64.803	5
2025-04-15 20:35	64.803	64.813	64.778	64.803	5
2025-04-15 20:40	64.793	64.813	64.773	64.813	5
2025-04-15 20:45	64.823	64.843	64.793	64.798	5
2025-04-15 20:50	64.793	64.848	64.793	64.848	5
2025-04-15 20:55	64.853	64.868	64.823	64.843	5
2025-04-16 00:00	64.807	64.820	64.728	64.800	5
2025-04-16 00:05	64.753	64.805	64.728	64.805	5
2025-04-16 00:10	64.800	64.810	64.758	64.780	5
2025-04-16 00:15	64.775	64.805	64.738	64.780	5
2025-04-16 00:20	64.770	64.785	64.708	64.785	5
2025-04-16 00:25	64.790	64.790	64.688	64.730	5
2025-04-16 00:30	64.725	64.750	64.623	64.675	5
2025-04-16 00:35	64.680	64.710	64.653	64.653	5
2025-04-16 00:40	64.710	64.760	64.698	64.750	5
2025-04-16 00:45	64.755	64.765	64.708	64.740	5
2025-04-16 00:50	64.735	64.765	64.693	64.730	5
2025-04-16 00:55	64.725	64.745	64.698	64.720	5
2025-04-16 01:00	64.673	64.875	64.673	64.870	5
2025-04-16 01:05	64.865	64.875	64.778	64.840	5
2025-04-16 01:10	64.793	64.880	64.713	64.765	5
2025-04-16 01:15	64.760	64.810	64.713	64.733	5
2025-04-16 01:20	64.760	64.780	64.713	64.745	5
2025-04-16 01:25	64.750	64.765	64.678	64.710	5
2025-04-16 01:30	64.720	64.720	64.563	64.610	5
2025-04-16 01:35	64.615	64.680	64.528	64.585	5
2025-04-16 01:40	64.580	64.655	64.568	64.635	5
2025-04-16 01:45	64.640	64.650	64.558	64.615	5
2025-04-16 01:50	64.610	64.650	64.558	64.640	5
2025-04-16 01:55	64.635	64.640	64.553	64.640	5
2025-04-16 02:00	64.650	64.660	64.563	64.630	5
2025-04-16 02:05	64.583	64.620	64.553	64.610	5
2025-04-16 02:10	64.605	64.625	64.533	64.580	5
2025-04-16 02:15	64.575	64.610	64.543	64.600	5
2025-04-16 02:20	64.595	64.615	64.595	64.610	5
2025-04-16 02:25	64.600	64.615	64.538	64.580	5
2025-04-16 02:30	64.575	64.585	64.498	64.565	5
2025-04-16 02:35	64.518	64.580	64.518	64.535	5
2025-04-16 02:40	64.488	64.570	64.488	64.555	5
2025-04-16 02:45	64.560	64.565	64.468	64.468	5
2025-04-16 02:50	64.500	64.520	64.458	64.500	5
2025-04-16 02:55	64.505	64.510	64.433	64.475	5
2025-04-16 03:00	64.470	64.470	64.393	64.455	5
2025-04-16 03:05	64.460	64.495	64.433	64.480	5
2025-04-16 03:10	64.475	64.490	64.470	64.475	5
2025-04-16 03:15	64.470	64.490	64.423	64.460	5
2025-04-16 03:20	64.465	64.465	64.398	64.435	5
2025-04-16 03:25	64.430	64.475	64.368	64.420	5
2025-04-16 03:30	64.425	64.480	64.408	64.460	5
2025-04-16 03:35	64.455	64.495	64.433	64.495	5
2025-04-16 03:40	64.490	64.495	64.470	64.495	5
2025-04-16 03:45	64.490	64.495	64.438	64.480	5
2025-04-16 03:50	64.485	64.495	64.438	64.460	5
2025-04-16 03:55	64.455	64.460	64.425	64.430	5
2025-04-16 04:00	64.425	64.495	64.425	64.490	5
2025-04-16 04:05	64.485	64.485	64.418	64.460	5
2025-04-16 04:10	64.455	64.460	64.440	64.460	5
2025-04-16 04:15	64.465	64.465	64.418	64.460	4
2025-04-16 04:20	64.465	64.495	64.448	64.495	5
2025-04-16 04:25	64.490	64.495	64.485	64.495	5
2025-04-16 04:30	64.490	64.495	64.485	64.490	4
2025-04-16 04:35	64.495	64.495	64.443	64.490	4
2025-04-16 04:40	64.495	64.565	64.490	64.560	5
2025-04-16 04:45	64.575	64.620	64.563	64.610	5
2025-04-16 04:50	64.605	64.610	64.493	64.535	5
2025-04-16 04:55	64.488	64.565	64.488	64.560	4
2025-04-16 05:00	64.545	64.560	64.473	64.500	5
2025-04-16 05:05	64.458	64.520	64.453	64.470	5
2025-04-16 05:10	64.465	64.500	64.403	64.445	5
2025-04-16 05:15	64.440	64.445	64.298	64.298	5
2025-04-16 05:20	64.291	64.305	64.291	64.291	5
2025-04-16 05:25	64.291	64.315	64.291	64.300	5
2025-04-16 05:30	64.295	64.295	63.785	63.950	5
2025-04-16 05:35	63.960	63.990	63.763	63.870	5
2025-04-16 05:40	63.875	64.070	63.848	64.070	5
2025-04-16 05:45	64.023	64.060	63.848	63.920	5
2025-04-16 05:50	63.925	63.990	63.873	63.965	5
2025-04-16 05:55	63.960	63.980	63.748	63.820	5
2025-04-16 06:00	63.773	63.920	63.768	63.870	5
2025-04-16 06:05	63.880	63.970	63.823	63.940	5
2025-04-16 06:10	63.935	64.020	63.898	63.973	5
2025-04-16 06:15	64.015	64.035	63.923	63.990	5
2025-04-16 06:20	63.948	64.095	63.948	64.015	5
2025-04-16 06:25	64.020	64.080	63.938	63.980	5
2025-04-16 06:30	63.975	64.020	63.933	64.015	5
2025-04-16 06:35	64.010	64.035	63.953	63.995	5
2025-04-16 06:40	64.000	64.015	63.928	64.000	5
2025-04-16 06:45	63.953	64.035	63.913	64.000	5
2025-04-16 06:50	63.995	64.005	63.903	63.965	5
2025-04-16 06:55	63.970	64.005	63.888	63.943	5
2025-04-16 07:00	64.000	64.205	63.913	64.175	5
2025-04-16 07:05	64.180	64.205	64.108	64.128	5
2025-04-16 07:10	64.170	64.275	64.133	64.235	5
2025-04-16 07:15	64.193	64.245	64.128	64.220	5
2025-04-16 07:20	64.225	64.245	64.153	64.153	5
2025-04-16 07:25	64.195	64.225	64.148	64.173	5
2025-04-16 07:30	64.210	64.275	64.163	64.218	5
2025-04-16 07:35	64.203	64.390	64.198	64.345	5
2025-04-16 07:40	64.340	64.370	64.273	64.360	5
2025-04-16 07:45	64.365	64.415	64.318	64.343	5
2025-04-16 07:50	64.375	64.405	64.223	64.265	5
2025-04-16 07:55	64.223	64.285	64.198	64.255	5
2025-04-16 08:00	64.260	64.415	64.203	64.300	5
2025-04-16 08:05	64.258	64.335	64.203	64.305	5
2025-04-16 08:10	64.310	64.320	64.138	64.245	5
2025-04-16 08:15	64.250	64.400	64.213	64.400	5
2025-04-16 08:20	64.358	64.465	64.318	64.445	5
2025-04-16 08:25	64.455	65.275	64.288	64.945	5
2025-04-16 08:30	64.903	65.055	64.738	64.998	5
2025-04-16 08:35	65.040	65.235	64.968	65.083	5
2025-04-16 08:40	65.125	65.535	65.083	65.510	5
2025-04-16 08:45	65.468	65.490	65.223	65.340	5
2025-04-16 08:50	65.298	65.340	65.013	65.105	5
2025-04-16 08:55	65.063	65.255	65.063	65.175	5
2025-04-16 09:00	65.190	65.275	65.093	65.228	5
2025-04-16 09:05	65.270	65.300	65.063	65.165	5
2025-04-16 09:10	65.123	65.285	65.063	65.255	5
2025-04-16 09:15	65.250	65.305	65.198	65.290	5
2025-04-16 09:20	65.285	65.360	65.248	65.318	5
2025-04-16 09:25	65.350	65.420	65.298	65.298	5
2025-04-16 09:30	65.340	65.345	65.248	65.295	5
2025-04-16 09:35	65.253	65.335	65.183	65.225	5
2025-04-16 09:40	65.183	65.230	65.093	65.158	5
2025-04-16 09:45	65.205	65.235	65.118	65.230	5
2025-04-16 09:50	65.235	65.255	65.173	65.235	5
2025-04-16 09:55	65.250	65.295	65.118	65.133	5
2025-04-16 10:00	65.118	65.295	65.093	65.248	5
2025-04-16 10:05	65.290	65.350	65.238	65.310	5
2025-04-16 10:10	65.305	65.365	65.273	65.340	5
2025-04-16 10:15	65.298	65.360	65.213	65.275	5
2025-04-16 10:20	65.270	65.315	65.208	65.270	5
2025-04-16 10:25	65.285	65.345	65.233	65.243	5
2025-04-16 10:30	65.223	65.270	65.138	65.158	5
2025-04-16 10:35	65.200	65.225	65.108	65.143	5
2025-04-16 10:40	65.138	65.195	65.048	65.145	5
2025-04-16 10:45	65.150	65.215	65.123	65.205	5
2025-04-16 10:50	65.210	65.215	65.128	65.185	5
2025-04-16 10:55	65.195	65.225	65.093	65.225	5
2025-04-16 11:00	65.230	65.285	65.183	65.250	5
2025-04-16 11:05	65.208	65.300	65.203	65.295	5
2025-04-16 11:10	65.300	65.305	65.138	65.220	5
2025-04-16 11:15	65.225	65.270	65.143	65.210	5
2025-04-16 11:20	65.205	65.230	65.108	65.123	5
2025-04-16 11:25	65.165	65.220	65.138	65.200	5
2025-04-16 11:30	65.205	65.215	65.103	65.133	5
2025-04-16 11:35	65.175	65.175	65.058	65.130	5
2025-04-16 11:40	65.088	65.210	65.078	65.210	5
2025-04-16 11:45	65.215	65.245	65.128	65.193	5
2025-04-16 11:50	65.230	65.275	65.163	65.220	5
2025-04-16 11:55	65.225	65.260	65.173	65.245	5
2025-04-16 12:00	65.203	65.245	65.128	65.180	5
2025-04-16 12:05	65.175	65.230	65.128	65.200	5
2025-04-16 12:10	65.195	65.230	65.108	65.155	5
2025-04-16 12:15	65.113	65.245	65.093	65.235	5
2025-04-16 12:20	65.240	65.285	65.163	65.275	5
2025-04-16 12:25	65.280	65.315	65.223	65.315	5
2025-04-16 12:30	65.325	65.425	65.288	65.353	5
2025-04-16 12:35	65.348	65.445	65.348	65.410	5
2025-04-16 12:40	65.415	65.465	65.373	65.465	5
2025-04-16 12:45	65.475	65.625	65.475	65.578	5
2025-04-16 12:50	65.610	65.645	65.553	65.593	5
2025-04-16 12:55	65.635	65.650	65.508	65.543	5
2025-04-16 13:00	65.533	65.545	65.228	65.370	5
2025-04-16 13:05	65.365	65.380	65.233	65.315	5
2025-04-16 13:10	65.320	65.385	65.258	65.258	5
2025-04-16 13:15	65.253	65.365	65.253	65.345	5
2025-04-16 13:20	65.303	65.415	65.268	65.343	5
2025-04-16 13:25	65.385	65.450	65.243	65.360	5
2025-04-16 13:30	65.365	65.485	65.313	65.445	5
2025-04-16 13:35	65.403	65.530	65.388	65.510	5
2025-04-16 13:40	65.468	65.510	65.398	65.480	5
2025-04-16 13:45	65.485	65.765	65.388	65.695	5
2025-04-16 13:50	65.705	65.705	65.443	65.473	5
2025-04-16 13:55	65.515	65.595	65.413	65.518	5
2025-04-16 14:00	65.545	65.750	65.483	65.705	5
2025-04-16 14:05	65.710	65.965	65.705	65.868	3
2025-04-16 14:10	65.695	65.825	65.658	65.745	3
2025-04-16 14:15	65.750	65.870	65.723	65.815	5
2025-04-16 14:20	65.825	65.855	65.683	65.785	5
2025-04-16 14:25	65.743	65.960	65.723	65.898	5
2025-04-16 14:30	65.945	65.965	65.758	65.875	5
2025-04-16 14:35	65.843	65.940	65.728	65.763	5
2025-04-16 14:40	65.805	66.095	65.758	66.050	5
2025-04-16 14:45	66.045	66.050	65.873	65.898	5
2025-04-16 14:50	65.940	66.020	65.823	65.915	5
2025-04-16 14:55	65.925	65.925	65.745	65.745	5
2025-04-16 15:00	65.765	65.840	65.628	65.705	5
2025-04-16 15:05	65.715	65.790	65.603	65.665	5
2025-04-16 15:10	65.675	65.690	65.453	65.545	5
2025-04-16 15:15	65.555	65.745	65.488	65.663	5
2025-04-16 15:20	65.700	65.990	65.653	65.863	5
2025-04-16 15:25	65.905	65.975	65.783	65.895	5
2025-04-16 15:30	65.898	65.945	65.793	65.910	5
2025-04-16 15:35	65.905	65.935	65.783	65.825	5
2025-04-16 15:40	65.783	65.825	65.618	65.735	5
2025-04-16 15:45	65.693	65.745	65.613	65.665	5
2025-04-16 15:50	65.675	65.810	65.623	65.775	5
2025-04-16 15:55	65.780	65.855	65.723	65.845	5
2025-04-16 16:00	65.803	65.915	65.748	65.833	5
2025-04-16 16:05	65.875	65.880	65.658	65.733	5
2025-04-16 16:10	65.718	65.845	65.648	65.725	5
2025-04-16 16:15	65.720	65.825	65.553	65.625	5
2025-04-16 16:20	65.583	65.735	65.568	65.735	5
2025-04-16 16:25	65.740	65.785	65.668	65.733	5
2025-04-16 16:30	65.785	65.825	65.688	65.815	5
2025-04-16 16:35	65.773	65.840	65.708	65.798	5
2025-04-16 16:40	65.840	65.845	65.783	65.840	5
2025-04-16 16:45	65.798	65.875	65.773	65.815	5
2025-04-16 16:50	65.825	65.875	65.773	65.860	5
2025-04-16 16:55	65.865	65.925	65.823	65.915	5
2025-04-16 17:00	65.920	65.980	65.848	65.955	5
2025-04-16 17:05	65.960	66.020	65.898	65.955	5
2025-04-16 17:10	65.913	66.020	65.883	65.995	5
2025-04-16 17:15	66.000	66.105	65.953	66.038	5
2025-04-16 17:20	66.080	66.100	65.928	66.015	5
2025-04-16 17:25	66.025	66.055	65.943	66.005	5
2025-04-16 17:30	66.015	66.025	65.753	65.805	5
2025-04-16 17:35	65.810	65.840	65.758	65.805	5
2025-04-16 17:40	65.810	65.810	65.683	65.755	5
2025-04-16 17:45	65.713	65.745	65.573	65.690	5
2025-04-16 17:50	65.685	65.785	65.608	65.678	5
2025-04-16 17:55	65.730	65.775	65.608	65.655	5
2025-04-16 18:00	65.660	65.715	65.528	65.620	5
2025-04-16 18:05	65.578	65.665	65.538	65.635	5
2025-04-16 18:10	65.640	65.725	65.593	65.710	5
2025-04-16 18:15	65.715	65.715	65.528	65.563	5
2025-04-16 18:20	65.605	65.790	65.578	65.748	5
2025-04-16 18:25	65.780	65.885	65.718	65.803	5
2025-04-16 18:30	65.793	65.925	65.758	65.910	5
2025-04-16 18:35	65.915	65.915	65.803	65.860	5
2025-04-16 18:40	65.865	65.890	65.833	65.843	5
2025-04-16 18:45	65.885	65.940	65.858	65.920	5
2025-04-16 18:50	65.915	65.945	65.828	65.903	5
2025-04-16 18:55	65.945	66.255	65.908	66.000	5
2025-04-16 19:00	66.005	66.285	65.953	66.085	5
2025-04-16 19:05	66.090	66.125	65.983	66.045	5
2025-04-16 19:10	66.055	66.150	65.983	66.125	5
2025-04-16 19:15	66.083	66.125	65.938	65.970	5
2025-04-16 19:20	65.918	65.965	65.873	65.883	5
2025-04-16 19:25	65.878	65.955	65.863	65.910	5
2025-04-16 19:30	65.915	65.965	65.893	65.945	5
2025-04-16 19:35	65.940	65.970	65.888	65.965	5
2025-04-16 19:40	65.970	66.015	65.923	65.975	5
2025-04-16 19:45	65.933	66.030	65.928	66.025	5
2025-04-16 19:50	66.030	66.075	65.998	66.008	5
2025-04-16 19:55	66.003	66.100	65.963	66.018	5
2025-04-16 20:00	66.013	66.013	65.963	65.998	5
2025-04-16 20:05	66.003	66.008	65.928	65.938	5
2025-04-16 20:10	65.918	65.988	65.918	65.988	5
2025-04-16 20:15	65.983	65.988	65.893	65.898	5
2025-04-16 20:20	65.883	65.918	65.863	65.918	5
2025-04-16 20:25	65.918	65.973	65.918	65.968	5
2025-04-16 20:30	65.963	66.018	65.953	66.018	5
2025-04-16 20:35	65.993	65.998	65.968	65.993	5
2025-04-16 20:40	65.998	66.018	65.908	65.923	5
2025-04-16 20:45	65.923	65.958	65.908	65.928	5
2025-04-16 20:50	65.933	65.933	65.888	65.903	5
2025-04-16 20:55	65.918	65.933	65.893	65.898	5
2025-04-17 00:00	66.315	66.315	66.138	66.220	5
2025-04-17 00:05	66.225	66.240	66.163	66.230	5
2025-04-17 00:10	66.225	66.285	66.173	66.225	5
2025-04-17 00:15	66.220	66.225	66.063	66.083	5
2025-04-17 00:20	66.073	66.175	66.073	66.170	5
2025-04-17 00:25	66.165	66.195	66.123	66.170	5
2025-04-17 00:30	66.123	66.135	65.908	66.000	5
2025-04-17 00:35	65.953	66.060	65.953	66.030	4
2025-04-17 00:40	66.020	66.030	65.943	66.020	5
2025-04-17 00:45	66.030	66.055	65.973	66.050	5
2025-04-17 00:50	66.055	66.090	66.003	66.050	5
2025-04-17 00:55	66.045	66.130	66.023	66.100	5
2025-04-17 01:00	66.110	66.155	65.988	66.050	5
2025-04-17 01:05	66.003	66.085	66.003	66.055	5
2025-04-17 01:10	66.060	66.085	66.023	66.070	5
2025-04-17 01:15	66.075	66.085	66.008	66.055	5
2025-04-17 01:20	66.050	66.085	66.003	66.080	5
2025-04-17 01:25	66.085	66.100	65.983	66.020	5
2025-04-17 01:30	66.015	66.155	65.953	66.135	5
2025-04-17 01:35	66.140	66.165	66.103	66.150	5
2025-04-17 01:40	66.155	66.155	66.063	66.130	5
2025-04-17 01:45	66.120	66.165	66.083	66.110	5
2025-04-17 01:50	66.115	66.235	66.093	66.225	5
2025-04-17 01:55	66.220	66.255	66.163	66.230	5
2025-04-17 02:00	66.183	66.225	66.153	66.190	5
2025-04-17 02:05	66.195	66.250	66.185	66.225	5
2025-04-17 02:10	66.220	66.255	66.183	66.250	5
2025-04-17 02:15	66.245	66.270	66.235	66.245	5
2025-04-17 02:20	66.240	66.310	66.230	66.258	5
2025-04-17 02:25	66.300	66.335	66.258	66.310	5
2025-04-17 02:30	66.315	66.360	66.273	66.315	5
2025-04-17 02:35	66.320	66.330	66.273	66.320	5
2025-04-17 02:40	66.315	66.325	66.268	66.320	5
2025-04-17 02:45	66.315	66.330	66.263	66.305	5
2025-04-17 02:50	66.300	66.365	66.268	66.355	5
2025-04-17 02:55	66.360	66.425	66.318	66.385	5
2025-04-17 03:00	66.380	66.390	66.318	66.355	4
2025-04-17 03:05	66.360	66.400	66.333	66.380	5
2025-04-17 03:10	66.375	66.420	66.333	66.395	5
2025-04-17 03:15	66.400	66.430	66.395	66.410	5
2025-04-17 03:20	66.363	66.455	66.363	66.455	5
2025-04-17 03:25	66.460	66.475	66.408	66.445	5
2025-04-17 03:30	66.398	66.440	66.358	66.405	5
2025-04-17 03:35	66.358	66.395	66.328	66.345	4
2025-04-17 03:40	66.350	66.395	66.313	66.390	5
2025-04-17 03:45	66.395	66.420	66.385	66.390	5
2025-04-17 03:50	66.395	66.450	66.388	66.450	5
2025-04-17 03:55	66.445	66.455	66.435	66.455	5
2025-04-17 04:00	66.450	66.455	66.358	66.435	5
2025-04-17 04:05	66.455	66.455	66.378	66.378	4
2025-04-17 04:10	66.420	66.445	66.383	66.435	5
2025-04-17 04:15	66.430	66.450	66.398	66.435	5
2025-04-17 04:20	66.445	66.445	66.318	66.355	5
2025-04-17 04:25	66.308	66.555	66.303	66.555	5
2025-04-17 04:30	66.565	66.570	66.418	66.525	5
2025-04-17 04:35	66.520	66.575	66.463	66.560	5
2025-04-17 04:40	66.565	66.565	66.513	66.545	5
2025-04-17 04:45	66.540	66.575	66.540	66.570	5
2025-04-17 04:50	66.565	66.615	66.563	66.600	5
2025-04-17 04:55	66.595	66.615	66.543	66.570	5
2025-04-17 05:00	66.575	66.575	66.508	66.560	5
2025-04-17 05:05	66.555	66.570	66.503	66.545	5
2025-04-17 05:10	66.540	66.550	66.488	66.540	5
2025-04-17 05:15	66.535	66.555	66.508	66.545	4
2025-04-17 05:20	66.498	66.605	66.498	66.585	4
2025-04-17 05:25	66.538	66.585	66.518	66.565	5
2025-04-17 05:30	66.570	66.635	66.533	66.630	5
2025-04-17 05:35	66.625	66.755	66.615	66.658	5
2025-04-17 05:40	66.648	66.685	66.618	66.655	5
2025-04-17 05:45	66.650	66.650	66.545	66.575	5
2025-04-17 05:50	66.580	66.585	66.458	66.510	5
2025-04-17 05:55	66.505	66.525	66.438	66.495	5
2025-04-17 06:00	66.500	66.525	66.393	66.430	5
2025-04-17 06:05	66.435	66.490	66.413	66.485	5
2025-04-17 06:10	66.480	66.500	66.413	66.443	5
2025-04-17 06:15	66.485	66.495	66.388	66.430	5
2025-04-17 06:20	66.425	66.445	66.343	66.390	5
2025-04-17 06:25	66.348	66.415	66.348	66.405	5
2025-04-17 06:30	66.400	66.415	66.273	66.310	5
2025-04-17 06:35	66.268	66.315	66.188	66.260	5
2025-04-17 06:40	66.265	66.265	66.173	66.193	5
2025-04-17 06:45	66.230	66.285	66.178	66.275	5
2025-04-17 06:50	66.290	66.295	66.163	66.205	5
2025-04-17 06:55	66.215	66.250	66.158	66.220	5
2025-04-17 07:00	66.215	66.255	66.153	66.245	5
2025-04-17 07:05	66.203	66.240	66.133	66.210	5
2025-04-17 07:10	66.215	66.235	66.108	66.108	5
2025-04-17 07:15	66.103	66.235	66.088	66.215	5
2025-04-17 07:20	66.173	66.235	66.148	66.195	5
2025-04-17 07:25	66.153	66.265	66.153	66.240	5
2025-04-17 07:30	66.245	66.330	66.178	66.325	5
2025-04-17 07:35	66.330	66.370	66.253	66.305	5
2025-04-17 07:40	66.295	66.400	66.263	66.283	5
2025-04-17 07:45	66.325	66.375	66.278	66.310	5
2025-04-17 07:50	66.305	66.395	66.218	66.318	5
2025-04-17 07:55	66.313	66.365	66.203	66.255	5
2025-04-17 08:00	66.280	66.280	66.123	66.128	5
2025-04-17 08:05	66.170	66.290	66.170	66.285	5
2025-04-17 08:10	66.290	66.405	66.248	66.343	5
2025-04-17 08:15	66.395	66.395	66.288	66.395	5
2025-04-17 08:20	66.353	66.435	66.308	66.405	5
2025-04-17 08:25	66.400	66.435	66.293	66.353	5
2025-04-17 08:30	66.353	66.435	66.343	66.348	5
2025-04-17 08:35	66.390	66.425	66.268	66.283	5
2025-04-17 08:40	66.278	66.410	66.273	66.410	5
2025-04-17 08:45	66.415	66.425	66.288	66.355	5
2025-04-17 08:50	66.313	66.445	66.313	66.375	5
2025-04-17 08:55	66.365	66.435	66.323	66.393	5
2025-04-17 09:00	66.425	66.425	66.223	66.285	5
2025-04-17 09:05	66.295	66.310	66.133	66.235	5
2025-04-17 09:10	66.245	66.265	66.178	66.245	5
2025-04-17 09:15	66.250	66.285	66.198	66.245	4
2025-04-17 09:20	66.255	66.400	66.233	66.355	5
2025-04-17 09:25	66.313	66.425	66.293	66.420	5
2025-04-17 09:30	66.425	66.445	66.308	66.390	5
2025-04-17 09:35	66.395	66.435	66.338	66.410	5
2025-04-17 09:40	66.415	66.455	66.333	66.375	5
2025-04-17 09:45	66.370	66.440	66.318	66.420	5
2025-04-17 09:50	66.425	66.425	66.243	66.345	5
2025-04-17 09:55	66.303	66.420	66.283	66.405	5
2025-04-17 10:00	66.363	66.440	66.353	66.393	5
2025-04-17 10:05	66.430	66.455	66.368	66.383	5
2025-04-17 10:10	66.373	66.415	66.283	66.293	5
2025-04-17 10:15	66.330	66.365	66.258	66.365	5
2025-04-17 10:20	66.360	66.455	66.288	66.440	5
2025-04-17 10:25	66.398	66.465	66.378	66.420	5
2025-04-17 10:30	66.425	66.515	66.383	66.500	5
2025-04-17 10:35	66.495	66.525	66.443	66.510	5
2025-04-17 10:40	66.505	66.510	66.358	66.435	5
2025-04-17 10:45	66.440	66.535	66.398	66.525	5
2025-04-17 10:50	66.483	66.525	66.443	66.510	5
2025-04-17 10:55	66.505	66.525	66.423	66.470	5
2025-04-17 11:00	66.438	66.530	66.438	66.483	5
2025-04-17 11:05	66.525	66.565	66.383	66.460	5
2025-04-17 11:10	66.455	66.500	66.403	66.480	5
2025-04-17 11:15	66.438	66.535	66.433	66.463	5
2025-04-17 11:20	66.453	66.625	66.413	66.583	5
2025-04-17 11:25	66.625	66.695	66.563	66.640	5
2025-04-17 11:30	66.645	66.655	66.518	66.565	5
2025-04-17 11:35	66.523	66.600	66.493	66.555	5
2025-04-17 11:40	66.513	66.620	66.513	66.553	5
2025-04-17 11:45	66.575	66.585	66.508	66.555	5
2025-04-17 11:50	66.513	66.525	66.418	66.475	5
2025-04-17 11:55	66.480	66.585	66.433	66.575	5
2025-04-17 12:00	66.533	66.765	66.493	66.610	5
2025-04-17 12:05	66.563	66.695	66.563	66.695	5
2025-04-17 12:10	66.653	66.720	66.583	66.645	5
2025-04-17 12:15	66.603	66.750	66.593	66.710	5
2025-04-17 12:20	66.705	66.750	66.638	66.708	5
2025-04-17 12:25	66.703	66.810	66.688	66.780	5
2025-04-17 12:30	66.785	66.905	66.673	66.850	5
2025-04-17 12:35	66.808	66.875	66.768	66.830	5
2025-04-17 12:40	66.788	66.830	66.733	66.753	5
2025-04-17 12:45	66.748	66.815	66.708	66.795	5
2025-04-17 12:50	66.800	66.825	66.673	66.725	5
2025-04-17 12:55	66.740	66.820	66.668	66.740	5
2025-04-17 13:00	66.698	66.745	66.603	66.745	5
2025-04-17 13:05	66.703	66.830	66.683	66.830	5
2025-04-17 13:10	66.788	66.835	66.693	66.718	5
2025-04-17 13:15	66.713	66.765	66.658	66.755	5
2025-04-17 13:20	66.760	66.805	66.713	66.775	5
2025-04-17 13:25	66.733	66.765	66.538	66.563	5
2025-04-17 13:30	66.553	66.710	66.518	66.620	5
2025-04-17 13:35	66.625	66.655	66.428	66.480	5
2025-04-17 13:40	66.485	66.545	66.393	66.530	5
2025-04-17 13:45	66.535	66.585	66.453	66.540	5
2025-04-17 13:50	66.535	66.585	66.448	66.535	5
2025-04-17 13:55	66.493	66.640	66.483	66.635	5
2025-04-17 14:00	66.593	66.710	66.523	66.700	5
2025-04-17 14:05	66.715	66.775	66.648	66.698	5
2025-04-17 14:10	66.693	66.885	66.693	66.825	5
2025-04-17 14:15	66.783	66.865	66.733	66.785	5
2025-04-17 14:20	66.743	66.785	66.573	66.635	5
2025-04-17 14:25	66.593	66.675	66.573	66.615	5
2025-04-17 14:30	66.625	66.705	66.528	66.690	5
2025-04-17 14:35	66.695	66.740	66.633	66.710	5
2025-04-17 14:40	66.705	66.805	66.663	66.698	5
2025-04-17 14:45	66.740	66.845	66.653	66.773	5
2025-04-17 14:50	66.815	66.835	66.668	66.805	5
2025-04-17 14:55	66.810	66.810	66.648	66.753	5
2025-04-17 15:00	66.795	67.085	66.748	66.955	5
2025-04-17 15:05	66.960	67.095	66.913	66.980	5
2025-04-17 15:10	66.975	67.225	66.943	67.225	5
2025-04-17 15:15	67.235	67.335	67.158	67.213	5
2025-04-17 15:20	67.250	67.465	67.173	67.465	5
2025-04-17 15:25	67.423	67.555	67.398	67.503	5
2025-04-17 15:30	67.540	67.645	67.433	67.470	5
2025-04-17 15:35	67.475	67.585	67.378	67.520	5
2025-04-17 15:40	67.525	67.610	67.413	67.595	5
2025-04-17 15:45	67.605	67.675	67.533	67.630	5
2025-04-17 15:50	67.635	67.690	67.553	67.623	5
2025-04-17 15:55	67.618	67.700	67.598	67.613	5
2025-04-17 16:00	67.655	67.735	67.583	67.683	5
2025-04-17 16:05	67.678	68.075	67.658	67.803	5
2025-04-17 16:10	67.845	67.870	67.653	67.870	5
2025-04-17 16:15	67.875	67.945	67.773	67.888	5
2025-04-17 16:20	67.930	68.025	67.868	68.015	5
2025-04-17 16:25	67.973	68.095	67.928	68.075	5
2025-04-17 16:30	68.085	68.085	67.903	67.998	5
2025-04-17 16:35	67.993	68.040	67.923	67.938	5
2025-04-17 16:40	67.980	67.985	67.810	67.893	5
2025-04-17 16:45	67.888	67.990	67.873	67.990	5
2025-04-17 16:50	67.995	68.045	67.933	67.938	5
2025-04-17 16:55	67.980	68.045	67.948	68.030	5
2025-04-17 17:00	68.035	68.075	67.868	67.925	5
2025-04-17 17:05	67.883	67.965	67.858	67.858	5
2025-04-17 17:10	67.890	67.895	67.713	67.825	5
2025-04-17 17:15	67.783	67.820	67.648	67.705	5
2025-04-17 17:20	67.663	67.735	67.623	67.665	5
2025-04-17 17:25	67.670	67.705	67.598	67.645	5
2025-04-17 17:30	67.655	67.735	67.618	67.720	5
2025-04-17 17:35	67.715	67.745	67.618	67.735	5
2025-04-17 17:40	67.740	67.800	67.643	67.753	5
2025-04-17 17:45	67.790	67.905	67.763	67.855	5
2025-04-17 17:50	67.813	67.900	67.808	67.885	5
2025-04-17 17:55	67.880	67.895	67.818	67.885	5
2025-04-17 18:00	67.843	67.890	67.753	67.855	5
2025-04-17 18:05	67.813	68.015	67.813	67.995	5
2025-04-17 18:10	68.000	68.075	67.938	68.075	5
2025-04-17 18:15	68.033	68.115	67.863	67.925	5
2025-04-17 18:20	67.935	67.975	67.798	67.845	5
2025-04-17 18:25	67.850	67.995	67.783	67.893	5
2025-04-17 18:30	67.883	67.935	67.828	67.880	5
2025-04-17 18:35	67.875	67.930	67.833	67.905	5
2025-04-17 18:40	67.900	67.900	67.823	67.833	5
2025-04-17 18:45	67.875	67.925	67.678	67.828	5
2025-04-17 18:50	67.823	67.860	67.793	67.830	5
2025-04-17 18:55	67.788	67.850	67.753	67.758	5
2025-04-17 19:00	67.800	67.805	67.693	67.765	5
2025-04-17 19:05	67.723	67.765	67.703	67.755	5
2025-04-17 19:10	67.765	67.765	67.613	67.633	5
2025-04-17 19:15	67.628	67.705	67.603	67.653	5
2025-04-17 19:20	67.648	67.715	67.618	67.643	5
2025-04-17 19:25	67.685	67.715	67.623	67.623	5
2025-04-17 19:30	67.665	67.690	67.578	67.635	5
2025-04-17 19:35	67.645	67.650	67.568	67.625	5
2025-04-17 19:40	67.583	67.635	67.548	67.585	5
2025-04-17 19:45	67.590	67.595	67.537	67.555	5
2025-04-17 19:50	67.537	67.537	67.453	67.530	5
2025-04-17 19:55	67.488	67.575	67.468	67.570	5
2025-04-17 20:00	67.575	67.603	67.498	67.588	5
2025-04-17 20:05	67.583	67.593	67.558	67.568	5
2025-04-17 20:10	67.558	67.558	67.508	67.528	4
2025-04-17 20:15	67.533	67.533	67.493	67.533	4
2025-04-17 20:20	67.533	67.583	67.533	67.548	5
2025-04-17 20:25	67.548	67.573	67.533	67.533	5
2025-04-17 20:30	67.528	67.563	67.503	67.543	5
2025-04-17 20:35	67.543	67.548	67.508	67.523	5
2025-04-17 20:40	67.528	67.583	67.518	67.548	5
2025-04-17 20:45	67.543	67.608	67.533	67.593	5
2025-04-17 20:50	67.588	67.608	67.563	67.603	5
2025-04-17 20:55	67.603	67.633	67.583	67.593	4
2025-04-21 00:00	66.998	67.120	66.998	67.045	5
2025-04-21 00:05	67.040	67.160	67.040	67.125	5
2025-04-21 00:10	67.130	67.190	67.123	67.170	5
2025-04-21 00:15	67.165	67.295	67.133	67.290	5
2025-04-21 00:20	67.285	67.360	67.285	67.315	5
2025-04-21 00:25	67.310	67.320	67.228	67.265	5
2025-04-21 00:30	67.260	67.265	67.148	67.255	5
2025-04-21 00:35	67.250	67.270	67.203	67.223	5
2025-04-21 00:40	67.255	67.260	67.153	67.205	5
2025-04-21 00:45	67.200	67.200	67.093	67.140	5
2025-04-21 00:50	67.145	67.150	66.983	67.050	5
2025-04-21 00:55	67.045	67.090	67.023	67.040	5
2025-04-21 01:00	67.050	67.060	66.908	66.940	5
2025-04-21 01:05	66.935	66.940	66.663	66.750	5
2025-04-21 01:10	66.745	66.850	66.738	66.815	5
2025-04-21 01:15	66.820	66.880	66.673	66.740	5
2025-04-21 01:20	66.735	66.775	66.598	66.725	5
2025-04-21 01:25	66.730	66.820	66.678	66.805	5
2025-04-21 01:30	66.795	66.830	66.688	66.750	5
2025-04-21 01:35	66.745	66.805	66.728	66.805	5
2025-04-21 01:40	66.800	66.935	66.758	66.865	5
2025-04-21 01:45	66.870	66.890	66.778	66.790	5
2025-04-21 01:50	66.795	66.800	66.663	66.715	5
2025-04-21 01:55	66.710	66.845	66.663	66.835	5
2025-04-21 02:00	66.830	66.880	66.783	66.830	5
2025-04-21 02:05	66.783	66.850	66.748	66.800	5
2025-04-21 02:10	66.805	66.855	66.753	66.850	5
2025-04-21 02:15	66.845	66.855	66.773	66.840	5
2025-04-21 02:20	66.845	66.860	66.788	66.820	5
2025-04-21 02:25	66.825	66.845	66.708	66.775	5
2025-04-21 02:30	66.780	66.810	66.698	66.730	5
2025-04-21 02:35	66.740	66.770	66.683	66.740	5
2025-04-21 02:40	66.735	66.760	66.688	66.750	5
2025-04-21 02:45	66.745	66.795	66.708	66.765	5
2025-04-21 02:50	66.770	66.860	66.753	66.813	5
2025-04-21 02:55	66.845	66.850	66.768	66.825	5
2025-04-21 03:00	66.830	66.850	66.770	66.775	5
2025-04-21 03:05	66.780	66.785	66.688	66.750	5
2025-04-21 03:10	66.745	66.815	66.730	66.810	5
2025-04-21 03:15	66.815	66.875	66.808	66.850	5
2025-04-21 03:20	66.855	66.855	66.698	66.765	5
2025-04-21 03:25	66.770	66.905	66.770	66.905	5
2025-04-21 03:30	66.858	66.915	66.856	66.910	5
2025-04-21 03:35	66.900	66.925	66.863	66.890	5
2025-04-21 03:40	66.895	66.915	66.848	66.868	5
2025-04-21 03:45	66.915	66.940	66.893	66.910	4
2025-04-21 03:50	66.915	66.925	66.863	66.863	5
2025-04-21 03:55	66.910	66.960	66.900	66.950	5
2025-04-21 04:00	66.945	66.945	66.873	66.925	5
2025-04-21 04:05	66.920	66.975	66.910	66.965	5
2025-04-21 04:10	66.970	66.970	66.908	66.955	5
2025-04-21 04:15	66.960	66.965	66.888	66.910	5
2025-04-21 04:20	66.915	66.930	66.883	66.895	5
2025-04-21 04:25	66.900	66.920	66.838	66.880	5
2025-04-21 04:30	66.875	66.905	66.813	66.855	5
2025-04-21 04:35	66.860	66.860	66.768	66.795	4
2025-04-21 04:40	66.800	66.800	66.668	66.740	5
2025-04-21 04:45	66.735	66.795	66.735	66.790	5
2025-04-21 04:50	66.795	66.805	66.758	66.795	5
2025-04-21 04:55	66.800	66.810	66.738	66.780	5
2025-04-21 05:00	66.785	66.825	66.780	66.805	4
2025-04-21 05:05	66.810	66.820	66.768	66.775	5
2025-04-21 05:10	66.780	66.820	66.768	66.800	5
2025-04-21 05:15	66.805	66.840	66.778	66.830	5
2025-04-21 05:20	66.840	66.855	66.808	66.850	5
2025-04-21 05:25	66.855	66.880	66.808	66.880	5
2025-04-21 05:30	66.885	66.915	66.843	66.895	5
2025-04-21 05:35	66.900	66.985	66.848	66.980	5
2025-04-21 05:40	66.985	67.000	66.908	66.985	5
2025-04-21 05:45	66.980	67.040	66.948	67.000	5
2025-04-21 05:50	66.995	67.025	66.938	67.000	5
2025-04-21 05:55	67.005	67.065	66.953	67.065	5
2025-04-21 06:00	67.023	67.125	67.003	67.028	5
2025-04-21 06:05	67.070	67.100	66.993	67.065	5
2025-04-21 06:10	67.060	67.080	66.968	67.030	5
2025-04-21 06:15	67.035	67.055	66.968	67.003	5
2025-04-21 06:20	67.045	67.095	66.978	67.025	5
2025-04-21 06:25	67.035	67.050	66.958	66.963	5
2025-04-21 06:30	66.958	67.015	66.893	66.903	5
2025-04-21 06:35	66.945	67.010	66.923	66.965	5
2025-04-21 06:40	66.970	67.010	66.933	67.005	5
2025-04-21 06:45	67.010	67.035	66.928	66.975	4
2025-04-21 06:50	66.933	66.975	66.853	66.935	5
2025-04-21 06:55	66.893	66.965	66.888	66.913	5
2025-04-21 07:00	66.955	66.990	66.873	66.905	5
2025-04-21 07:05	66.863	66.925	66.803	66.845	5
2025-04-21 07:10	66.850	66.885	66.808	66.855	5
2025-04-21 07:15	66.813	66.840	66.758	66.800	4
2025-04-21 07:20	66.805	66.845	66.758	66.845	5
2025-04-21 07:25	66.803	66.870	66.793	66.850	5
2025-04-21 07:30	66.860	66.905	66.803	66.900	5
2025-04-21 07:35	66.858	66.920	66.808	66.823	5
2025-04-21 07:40	66.865	66.900	66.823	66.875	5
2025-04-21 07:45	66.890	66.965	66.853	66.920	5
2025-04-21 07:50	66.915	66.915	66.783	66.840	5
2025-04-21 07:55	66.798	66.865	66.773	66.815	5
2025-04-21 08:00	66.840	66.955	66.803	66.935	5
2025-04-21 08:05	66.893	66.965	66.863	66.868	5
2025-04-21 08:10	66.900	66.945	66.858	66.863	5
2025-04-21 08:15	66.858	66.905	66.648	66.720	5
2025-04-21 08:20	66.725	66.765	66.648	66.695	5
2025-04-21 08:25	66.705	66.870	66.705	66.865	5
2025-04-21 08:30	66.885	66.885	66.603	66.603	5
2025-04-21 08:35	66.630	66.645	66.538	66.605	5
2025-04-21 08:40	66.563	66.595	66.473	66.493	5
2025-04-21 08:45	66.535	66.595	66.443	66.485	5
2025-04-21 08:50	66.443	66.585	66.443	66.555	5
2025-04-21 08:55	66.513	66.555	66.403	66.473	5
2025-04-21 09:00	66.515	66.540	66.398	66.445	5
2025-04-21 09:05	66.403	66.460	66.353	66.353	5
2025-04-21 09:10	66.385	66.415	66.333	66.370	5
2025-04-21 09:15	66.375	66.425	66.328	66.370	5
2025-04-21 09:20	66.365	66.365	66.178	66.183	5
2025-04-21 09:25	66.225	66.265	66.143	66.215	5
2025-04-21 09:30	66.173	66.225	66.113	66.113	5
2025-04-21 09:35	66.155	66.205	66.093	66.170	5
2025-04-21 09:40	66.165	66.165	66.058	66.130	5
2025-04-21 09:45	66.125	66.285	66.088	66.155	5
2025-04-21 09:50	66.160	66.160	65.993	66.035	5
2025-04-21 09:55	65.993	66.075	65.963	65.963	5
2025-04-21 10:00	65.958	66.065	65.958	66.045	5
2025-04-21 10:05	66.055	66.145	66.008	66.055	5
2025-04-21 10:10	66.060	66.185	66.033	66.128	5
2025-04-21 10:15	66.175	66.195	66.123	66.165	5
2025-04-21 10:20	66.175	66.200	66.138	66.180	5
2025-04-21 10:25	66.175	66.230	66.133	66.225	5
2025-04-21 10:30	66.235	66.390	66.213	66.213	5
2025-04-21 10:35	66.208	66.370	66.198	66.303	5
2025-04-21 10:40	66.330	66.345	66.273	66.325	5
2025-04-21 10:45	66.283	66.345	66.263	66.263	5
2025-04-21 10:50	66.305	66.305	66.178	66.228	5
2025-04-21 10:55	66.223	66.315	66.193	66.273	5
2025-04-21 11:00	66.310	66.455	66.310	66.390	5
2025-04-21 11:05	66.395	66.485	66.373	66.475	5
2025-04-21 11:10	66.433	66.475	66.378	66.420	5
2025-04-21 11:15	66.425	66.465	66.348	66.405	5
2025-04-21 11:20	66.415	66.415	66.253	66.263	5
2025-04-21 11:25	66.295	66.335	66.258	66.295	5
2025-04-21 11:30	66.305	66.395	66.238	66.380	5
2025-04-21 11:35	66.375	66.425	66.328	66.405	5
2025-04-21 11:40	66.415	66.505	66.368	66.448	5
2025-04-21 11:45	66.443	66.515	66.438	66.495	5
2025-04-21 11:50	66.505	66.515	66.368	66.425	5
2025-04-21 11:55	66.440	66.465	66.398	66.445	5
2025-04-21 12:00	66.403	66.500	66.338	66.500	5
2025-04-21 12:05	66.495	66.505	66.368	66.435	5
2025-04-21 12:10	66.440	66.510	66.388	66.468	5
2025-04-21 12:15	66.463	66.525	66.458	66.505	5
2025-04-21 12:20	66.463	66.490	66.373	66.415	5
2025-04-21 12:25	66.425	66.425	66.308	66.375	5
2025-04-21 12:30	66.380	66.435	66.343	66.430	5
2025-04-21 12:35	66.388	66.465	66.328	66.395	5
2025-04-21 12:40	66.400	66.405	66.298	66.380	5
2025-04-21 12:45	66.338	66.380	66.263	66.273	5
2025-04-21 12:50	66.268	66.365	66.268	66.360	5
2025-04-21 12:55	66.365	66.420	66.318	66.390	5
2025-04-21 13:00	66.348	66.460	66.038	66.095	5
2025-04-21 13:05	66.100	66.395	66.058	66.250	5
2025-04-21 13:10	66.245	66.350	66.198	66.278	5
2025-04-21 13:15	66.310	66.375	66.268	66.325	5
2025-04-21 13:20	66.320	66.380	66.203	66.235	5
2025-04-21 13:25	66.240	66.415	66.198	66.395	5
2025-04-21 13:30	66.353	66.415	66.108	66.208	5
2025-04-21 13:35	66.250	66.375	66.128	66.305	5
2025-04-21 13:40	66.300	66.335	66.093	66.175	5
2025-04-21 13:45	66.133	66.240	66.008	66.105	5
2025-04-21 13:50	66.100	66.150	65.613	65.708	5
2025-04-21 13:55	65.703	65.945	65.673	65.780	5
2025-04-21 14:00	65.738	66.020	65.703	65.995	5
2025-04-21 14:05	65.953	66.235	65.923	66.215	5
2025-04-21 14:10	66.225	66.395	66.168	66.305	5
2025-04-21 14:15	66.310	66.320	66.053	66.280	5
2025-04-21 14:20	66.275	66.315	66.178	66.255	5
2025-04-21 14:25	66.260	66.305	65.913	65.965	5
2025-04-21 14:30	65.960	66.195	65.913	66.145	5
2025-04-21 14:35	66.103	66.290	66.068	66.213	5
2025-04-21 14:40	66.208	66.305	66.083	66.083	5
2025-04-21 14:45	66.115	66.235	66.053	66.095	5
2025-04-21 14:50	66.105	66.165	66.003	66.120	5
2025-04-21 14:55	66.078	66.210	66.058	66.165	5
2025-04-21 15:00	66.123	66.255	66.083	66.138	5
2025-04-21 15:05	66.185	66.325	66.138	66.193	5
2025-04-21 15:10	66.220	66.250	66.023	66.060	5
2025-04-21 15:15	66.065	66.165	66.013	66.135	5
2025-04-21 15:20	66.093	66.160	65.998	66.095	5
2025-04-21 15:25	66.053	66.165	66.038	66.093	5
2025-04-21 15:30	66.098	66.205	66.038	66.145	5
2025-04-21 15:35	66.103	66.215	66.093	66.140	5
2025-04-21 15:40	66.145	66.280	65.993	65.993	5
2025-04-21 15:45	66.035	66.095	65.948	66.050	5
2025-04-21 15:50	66.045	66.050	65.833	65.875	5
2025-04-21 15:55	65.870	65.925	65.768	65.783	5
2025-04-21 16:00	65.783	65.945	65.778	65.840	5
2025-04-21 16:05	65.845	65.965	65.808	65.935	5
2025-04-21 16:10	65.940	65.975	65.833	65.860	5
2025-04-21 16:15	65.865	65.915	65.728	65.825	5
2025-04-21 16:20	65.783	65.995	65.783	65.985	5
2025-04-21 16:25	65.995	66.035	65.863	65.925	5
2025-04-21 16:30	65.883	66.050	65.873	65.978	5
2025-04-21 16:35	66.025	66.050	65.973	65.983	5
2025-04-21 16:40	66.025	66.035	65.953	65.963	5
2025-04-21 16:45	66.005	66.075	65.958	66.005	5
2025-04-21 16:50	65.963	66.015	65.938	65.943	5
2025-04-21 16:55	65.975	65.995	65.903	65.945	5
2025-04-21 17:00	65.955	65.975	65.848	65.890	5
2025-04-21 17:05	65.895	66.060	65.858	65.975	5
2025-04-21 17:10	65.985	66.085	65.943	66.080	5
2025-04-21 17:15	66.038	66.125	66.033	66.105	5
2025-04-21 17:20	66.115	66.155	66.043	66.085	5
2025-04-21 17:25	66.043	66.105	65.998	66.055	5
2025-04-21 17:30	66.013	66.085	65.953	66.060	5
2025-04-21 17:35	66.018	66.105	65.988	66.055	5
2025-04-21 17:40	66.050	66.070	65.963	66.055	5
2025-04-21 17:45	66.013	66.215	66.013	66.185	5
2025-04-21 17:50	66.190	66.205	66.128	66.128	5
2025-04-21 17:55	66.175	66.240	66.143	66.225	5
2025-04-21 18:00	66.183	66.285	66.113	66.223	5
2025-04-21 18:05	66.265	66.295	66.128	66.190	5
2025-04-21 18:10	66.148	66.180	66.053	66.053	5
2025-04-21 18:15	66.090	66.125	66.013	66.075	5
2025-04-21 18:20	66.085	66.155	65.998	66.088	5
2025-04-21 18:25	66.083	66.275	66.083	66.208	5
2025-04-21 18:30	66.255	66.425	66.233	66.358	5
2025-04-21 18:35	66.390	66.430	66.318	66.373	5
2025-04-21 18:40	66.410	66.485	66.363	66.423	5
2025-04-21 18:45	66.465	66.525	66.443	66.485	5
2025-04-21 18:50	66.495	66.505	66.443	66.475	4
2025-04-21 18:55	66.433	66.480	66.373	66.480	5
2025-04-21 19:00	66.485	66.620	66.433	66.620	5
2025-04-21 19:05	66.625	66.645	66.558	66.583	5
2025-04-21 19:10	66.625	66.660	66.583	66.660	5
2025-04-21 19:15	66.665	66.685	66.553	66.585	5
2025-04-21 19:20	66.590	66.600	66.543	66.543	5
2025-04-21 19:25	66.575	66.585	66.478	66.535	5
2025-04-21 19:30	66.540	66.565	66.473	66.535	5
2025-04-21 19:35	66.540	66.595	66.493	66.540	5
2025-04-21 19:40	66.545	66.590	66.528	66.580	5
2025-04-21 19:45	66.538	66.615	66.508	66.615	5
2025-04-21 19:50	66.573	66.660	66.563	66.593	5
2025-04-21 19:55	66.635	66.685	66.593	66.618	5
2025-04-21 20:00	66.660	66.660	66.523	66.528	5
2025-04-21 20:05	66.528	66.553	66.508	66.538	5
2025-04-21 20:10	66.543	66.548	66.533	66.543	5
2025-04-21 20:15	66.528	66.533	66.453	66.488	5
2025-04-21 20:20	66.488	66.503	66.483	66.483	5
2025-04-21 20:25	66.483	66.483	66.448	66.453	5
2025-04-21 20:30	66.448	66.488	66.443	66.473	5
2025-04-21 20:35	66.478	66.493	66.468	66.473	5
2025-04-21 20:40	66.468	66.503	66.468	66.503	5
2025-04-21 20:45	66.508	66.508	66.488	66.488	5
2025-04-21 20:50	66.498	66.513	66.488	66.488	5
2025-04-21 20:55	66.493	66.498	66.448	66.453	5
2025-04-22 00:00	66.760	66.835	66.676	66.765	5
2025-04-22 00:05	66.760	66.890	66.723	66.885	5
2025-04-22 00:10	66.880	66.930	66.833	66.890	5
2025-04-22 00:15	66.895	66.895	66.828	66.828	5
2025-04-22 00:20	66.880	66.895	66.848	66.850	5
2025-04-22 00:25	66.845	66.845	66.723	66.780	5
2025-04-22 00:30	66.775	66.795	66.703	66.735	5
2025-04-22 00:35	66.740	66.745	66.678	66.705	5
2025-04-22 00:40	66.700	66.770	66.683	66.770	5
2025-04-22 00:45	66.785	66.830	66.763	66.810	5
2025-04-22 00:50	66.805	66.805	66.728	66.775	5
2025-04-22 00:55	66.770	66.785	66.728	66.785	5
2025-04-22 01:00	66.780	66.935	66.703	66.895	5
2025-04-22 01:05	66.890	66.935	66.833	66.905	5
2025-04-22 01:10	66.900	67.030	66.895	67.000	5
2025-04-22 01:15	67.005	67.025	66.893	66.945	5
2025-04-22 01:20	66.940	67.025	66.898	66.938	5
2025-04-22 01:25	66.965	67.000	66.873	66.920	5
2025-04-22 01:30	66.925	67.005	66.893	67.000	5
2025-04-22 01:35	66.995	66.995	66.923	66.970	5
2025-04-22 01:40	66.975	66.980	66.960	66.965	5
2025-04-22 01:45	66.970	66.980	66.838	66.905	5
2025-04-22 01:50	66.900	66.900	66.733	66.780	5
2025-04-22 01:55	66.785	66.815	66.728	66.738	5
2025-04-22 02:00	66.765	66.815	66.725	66.730	5
2025-04-22 02:05	66.735	66.740	66.678	66.730	5
2025-04-22 02:10	66.725	66.750	66.663	66.745	5
2025-04-22 02:15	66.740	66.815	66.688	66.715	5
2025-04-22 02:20	66.730	66.780	66.698	66.750	5
2025-04-22 02:25	66.745	66.745	66.638	66.655	5
2025-04-22 02:30	66.650	66.685	66.578	66.660	5
2025-04-22 02:35	66.655	66.720	66.598	66.655	5
2025-04-22 02:40	66.650	66.690	66.568	66.575	5
2025-04-22 02:45	66.585	66.615	66.538	66.590	5
2025-04-22 02:50	66.600	66.605	66.538	66.600	5
2025-04-22 02:55	66.605	66.630	66.600	66.625	5
2025-04-22 03:00	66.620	66.655	66.513	66.543	5
2025-04-22 03:05	66.585	66.635	66.538	66.590	5
2025-04-22 03:10	66.595	66.645	66.568	66.600	5
2025-04-22 03:15	66.605	66.635	66.563	66.605	5
2025-04-22 03:20	66.600	66.615	66.553	66.610	5
2025-04-22 03:25	66.615	66.615	66.538	66.560	5
2025-04-22 03:30	66.570	66.585	66.498	66.545	5
2025-04-22 03:35	66.550	66.555	66.503	66.550	5
2025-04-22 03:40	66.545	66.555	66.508	66.550	5
2025-04-22 03:45	66.545	66.545	66.488	66.545	5
2025-04-22 03:50	66.550	66.550	66.498	66.530	5
2025-04-22 03:55	66.535	66.570	66.535	66.570	5
2025-04-22 04:00	66.575	66.595	66.543	66.590	4
2025-04-22 04:05	66.585	66.615	66.538	66.605	5
2025-04-22 04:10	66.610	66.615	66.533	66.605	5
2025-04-22 04:15	66.610	66.615	66.558	66.595	5
2025-04-22 04:20	66.600	66.615	66.568	66.610	5
2025-04-22 04:25	66.605	66.615	66.548	66.605	5
2025-04-22 04:30	66.600	66.615	66.558	66.600	5
2025-04-22 04:35	66.595	66.615	66.595	66.610	5
2025-04-22 04:40	66.615	66.655	66.615	66.640	5
2025-04-22 04:45	66.635	66.640	66.578	66.625	5
2025-04-22 04:50	66.620	66.635	66.615	66.635	5
2025-04-22 04:55	66.630	66.635	66.625	66.630	4
2025-04-22 05:00	66.625	66.735	66.620	66.735	5
2025-04-22 05:05	66.688	66.745	66.658	66.730	5
2025-04-22 05:10	66.725	66.725	66.638	66.675	5
2025-04-22 05:15	66.670	66.715	66.628	66.685	5
2025-04-22 05:20	66.690	66.695	66.675	66.685	5
2025-04-22 05:25	66.638	66.685	66.603	66.680	5
2025-04-22 05:30	66.685	66.740	66.633	66.685	5
2025-04-22 05:35	66.680	66.680	66.605	66.630	5
2025-04-22 05:40	66.625	66.640	66.615	66.625	5
2025-04-22 05:45	66.630	66.650	66.548	66.605	5
2025-04-22 05:50	66.600	66.615	66.508	66.538	5
2025-04-22 05:55	66.580	66.585	66.523	66.565	5
2025-04-22 06:00	66.570	66.625	66.498	66.568	5
2025-04-22 06:05	66.610	66.685	66.588	66.675	5
2025-04-22 06:10	66.680	66.715	66.618	66.665	5
2025-04-22 06:15	66.670	66.700	66.613	66.665	5
2025-04-22 06:20	66.670	66.675	66.523	66.670	5
2025-04-22 06:25	66.675	66.745	66.638	66.693	5
2025-04-22 06:30	66.688	66.725	66.628	66.663	5
2025-04-22 06:35	66.705	66.830	66.638	66.815	5
2025-04-22 06:40	66.773	66.890	66.758	66.875	5
2025-04-22 06:45	66.880	66.925	66.833	66.925	5
2025-04-22 06:50	66.930	66.965	66.873	66.955	5
2025-04-22 06:55	66.913	66.955	66.868	66.915	5
2025-04-22 07:00	66.925	66.975	66.838	66.975	5
2025-04-22 07:05	66.985	67.055	66.913	66.965	5
2025-04-22 07:10	66.970	66.975	66.828	66.885	5
2025-04-22 07:15	66.890	66.895	66.798	66.845	5
2025-04-22 07:20	66.855	66.985	66.813	66.965	5
2025-04-22 07:25	66.970	67.025	66.948	67.000	5
2025-04-22 07:30	66.958	67.005	66.893	66.965	5
2025-04-22 07:35	66.975	67.025	66.893	66.893	5
2025-04-22 07:40	66.935	67.055	66.913	67.040	5
2025-04-22 07:45	67.055	67.075	66.973	67.020	5
2025-04-22 07:50	66.978	67.130	66.978	67.080	5
2025-04-22 07:55	67.075	67.165	67.043	67.150	5
2025-04-22 08:00	67.160	67.360	67.108	67.335	5
2025-04-22 08:05	67.293	67.355	67.128	67.175	5
2025-04-22 08:10	67.133	67.195	67.113	67.175	5
2025-04-22 08:15	67.185	67.255	67.143	67.245	5
2025-04-22 08:20	67.203	67.275	67.108	67.190	5
2025-04-22 08:25	67.195	67.210	67.023	67.085	5
2025-04-22 08:30	67.095	67.105	66.893	66.913	5
2025-04-22 08:35	66.945	67.040	66.853	67.030	5
2025-04-22 08:40	67.035	67.095	66.988	67.045	5
2025-04-22 08:45	67.050	67.070	66.918	66.975	5
2025-04-22 08:50	66.985	67.040	66.853	66.993	5
2025-04-22 08:55	67.030	67.100	66.983	67.065	5
2025-04-22 09:00	67.070	67.145	67.023	67.075	5
2025-04-22 09:05	67.085	67.175	67.048	67.108	5
2025-04-22 09:10	67.150	67.275	67.113	67.275	5
2025-04-22 09:15	67.233	67.275	67.183	67.245	5
2025-04-22 09:20	67.203	67.275	67.163	67.245	5
2025-04-22 09:25	67.250	67.250	67.133	67.133	5
2025-04-22 09:30	67.175	67.175	67.063	67.123	5
2025-04-22 09:35	67.165	67.245	67.123	67.245	5
2025-04-22 09:40	67.250	67.320	67.218	67.273	5
2025-04-22 09:45	67.310	67.335	67.258	67.325	5
2025-04-22 09:50	67.320	67.325	67.183	67.255	5
2025-04-22 09:55	67.265	67.325	67.226	67.295	5
2025-04-22 10:00	67.253	67.325	67.203	67.253	5
2025-04-22 10:05	67.295	67.305	67.208	67.275	5
2025-04-22 10:10	67.233	67.280	67.173	67.235	5
2025-04-22 10:15	67.225	67.275	67.098	67.205	5
2025-04-22 10:20	67.163	67.175	67.068	67.120	5
2025-04-22 10:25	67.125	67.170	67.083	67.108	5
2025-04-22 10:30	67.150	67.185	67.078	67.175	5
2025-04-22 10:35	67.180	67.185	67.108	67.155	5
2025-04-22 10:40	67.160	67.225	67.123	67.175	5
2025-04-22 10:45	67.133	67.175	67.103	67.175	5
2025-04-22 10:50	67.133	67.195	66.983	67.055	5
2025-04-22 10:55	67.065	67.115	67.028	67.080	5
2025-04-22 11:00	67.065	67.075	66.988	67.065	5
2025-04-22 11:05	67.023	67.065	66.978	67.055	5
2025-04-22 11:10	67.008	67.055	66.973	67.025	5
2025-04-22 11:15	66.983	67.015	66.918	66.985	5
2025-04-22 11:20	66.995	67.065	66.963	67.065	5
2025-04-22 11:25	67.023	67.110	67.013	67.095	5
2025-04-22 11:30	67.100	67.160	67.078	67.120	5
2025-04-22 11:35	67.125	67.190	67.088	67.138	5
2025-04-22 11:40	67.180	67.235	67.098	67.195	5
2025-04-22 11:45	67.200	67.275	67.158	67.205	5
2025-04-22 11:50	67.163	67.215	66.973	67.005	5
2025-04-22 11:55	66.963	67.050	66.943	67.008	5
2025-04-22 12:00	67.003	67.065	66.943	67.030	5
2025-04-22 12:05	67.035	67.065	66.933	66.993	5
2025-04-22 12:10	67.045	67.045	66.933	67.015	5
2025-04-22 12:15	66.973	67.020	66.883	66.955	5
2025-04-22 12:20	66.913	66.975	66.883	66.965	5
2025-04-22 12:25	66.975	67.055	66.928	67.030	5
2025-04-22 12:30	66.988	67.020	66.943	66.948	5
2025-04-22 12:35	66.943	66.995	66.858	66.915	5
2025-04-22 12:40	66.873	67.030	66.863	67.025	5
2025-04-22 12:45	67.030	67.080	66.998	67.023	5
2025-04-22 12:50	67.065	67.095	67.008	67.053	5
2025-04-22 12:55	67.048	67.110	67.008	67.043	5
2025-04-22 13:00	67.095	67.120	66.825	66.845	5
2025-04-22 13:05	66.850	66.965	66.820	66.935	5
2025-04-22 13:10	66.930	66.955	66.810	66.865	5
2025-04-22 13:15	66.845	66.845	66.685	66.765	5
2025-04-22 13:20	66.760	66.885	66.755	66.835	5
2025-04-22 13:25	66.845	66.915	66.795	66.815	5
2025-04-22 13:30	66.820	66.905	66.765	66.800	5
2025-04-22 13:35	66.795	66.860	66.655	66.755	5
2025-04-22 13:40	66.750	66.870	66.735	66.865	5
2025-04-22 13:45	66.875	66.900	66.795	66.865	5
2025-04-22 13:50	66.860	66.875	66.685	66.720	5
2025-04-22 13:55	66.725	66.805	66.650	66.800	5
2025-04-22 14:00	66.795	66.865	66.775	66.855	5
2025-04-22 14:05	66.865	67.010	66.835	66.935	5
2025-04-22 14:10	66.930	67.130	66.930	67.115	5
2025-04-22 14:15	67.105	67.135	66.945	67.060	5
2025-04-22 14:20	67.055	67.125	67.040	67.045	5
2025-04-22 14:25	67.050	67.055	66.935	66.995	5
2025-04-22 14:30	66.985	67.015	66.885	66.965	5
2025-04-22 14:35	66.955	67.025	66.890	66.920	5
2025-04-22 14:40	66.925	67.035	66.915	66.980	5
2025-04-22 14:45	66.975	67.050	66.805	66.825	5
2025-04-22 14:50	66.835	66.945	66.820	66.945	5
2025-04-22 14:55	66.950	66.990	66.895	66.975	5
2025-04-22 15:00	66.965	67.045	66.905	66.995	5
2025-04-22 15:05	67.005	67.285	67.005	67.245	5
2025-04-22 15:10	67.240	67.575	67.235	67.405	5
2025-04-22 15:15	67.410	67.495	67.410	67.480	5
2025-04-22 15:20	67.500	67.525	67.425	67.455	5
2025-04-22 15:25	67.460	67.565	67.395	67.435	5
2025-04-22 15:30	67.445	67.520	67.375	67.500	5
2025-04-22 15:35	67.495	67.540	67.445	67.530	5
2025-04-22 15:40	67.525	67.585	67.515	67.585	5
2025-04-22 15:45	67.580	67.615	67.530	67.590	5
2025-04-22 15:50	67.595	67.625	67.585	67.625	5
2025-04-22 15:55	67.645	67.875	67.645	67.865	5
2025-04-22 16:00	67.870	67.945	67.855	67.935	5
2025-04-22 16:05	67.925	67.935	67.845	67.920	5
2025-04-22 16:10	67.925	68.015	67.885	68.015	5
2025-04-22 16:15	68.005	68.015	67.905	67.955	5
2025-04-22 16:20	67.960	67.965	67.865	67.945	5
2025-04-22 16:25	67.950	67.995	67.915	67.985	5
2025-04-22 16:30	67.990	67.995	67.885	67.895	5
2025-04-22 16:35	67.890	67.925	67.850	67.885	5
2025-04-22 16:40	67.875	67.965	67.800	67.955	5
2025-04-22 16:45	67.960	67.965	67.875	67.925	5
2025-04-22 16:50	67.920	67.985	67.875	67.935	5
2025-04-22 16:55	67.925	67.960	67.915	67.950	5
2025-04-22 17:00	67.945	67.970	67.830	67.835	5
2025-04-22 17:05	67.840	67.925	67.770	67.835	5
2025-04-22 17:10	67.840	67.840	67.655	67.655	5
2025-04-22 17:15	67.660	67.680	67.330	67.625	5
2025-04-22 17:20	67.615	67.705	67.515	67.525	5
2025-04-22 17:25	67.530	67.790	67.375	67.415	5
2025-04-22 17:30	67.405	67.465	67.220	67.405	5
2025-04-22 17:35	67.400	67.575	67.400	67.570	5
2025-04-22 17:40	67.565	67.625	67.515	67.565	5
2025-04-22 17:45	67.560	67.575	67.500	67.530	5
2025-04-22 17:50	67.525	67.565	67.500	67.500	5
2025-04-22 17:55	67.505	67.515	67.375	67.375	5
2025-04-22 18:00	67.380	67.465	67.345	67.445	5
2025-04-22 18:05	67.440	67.515	67.435	67.485	5
2025-04-22 18:10	67.480	67.510	67.425	67.460	5
2025-04-22 18:15	67.465	67.490	67.385	67.390	5
2025-04-22 18:20	67.395	67.455	67.310	67.435	5
2025-04-22 18:25	67.420	67.445	67.345	67.415	5
2025-04-22 18:30	67.420	67.425	67.345	67.345	5
2025-04-22 18:35	67.335	67.335	67.225	67.225	5
2025-04-22 18:40	67.230	67.270	67.225	67.240	5
2025-04-22 18:45	67.245	67.260	67.200	67.205	5
2025-04-22 18:50	67.210	67.230	67.185	67.230	5
2025-04-22 18:55	67.225	67.275	67.225	67.245	5
2025-04-22 19:00	67.235	67.270	67.215	67.235	5
2025-04-22 19:05	67.225	67.240	67.205	67.215	5
2025-04-22 19:10	67.220	67.250	67.205	67.225	5
2025-04-22 19:15	67.220	67.230	67.185	67.195	5
2025-04-22 19:20	67.210	67.225	67.200	67.220	5
2025-04-22 19:25	67.225	67.235	67.205	67.230	5
2025-04-22 19:30	67.225	67.235	67.195	67.195	4
2025-04-22 19:35	67.200	67.215	67.195	67.205	4
2025-04-22 19:40	67.210	67.290	67.210	67.285	5
2025-04-22 19:45	67.280	67.295	67.250	67.265	5
2025-04-22 19:50	67.260	67.265	67.205	67.245	5
2025-04-22 19:55	67.250	67.275	67.225	67.275	5
2025-04-22 20:00	67.252	67.317	67.242	67.292	5
2025-04-22 20:05	67.287	67.287	67.247	67.257	5
2025-04-22 20:10	67.252	67.287	67.252	67.267	5
2025-04-22 20:15	67.272	67.287	67.267	67.282	4
2025-04-22 20:20	67.277	67.302	67.272	67.297	5
2025-04-22 20:25	67.292	67.297	67.212	67.217	5
2025-04-22 20:30	67.212	67.317	67.177	67.257	5
2025-04-22 20:35	67.267	67.287	67.247	67.262	5
2025-04-22 20:40	67.267	67.287	67.247	67.247	5
2025-04-22 20:45	67.252	67.297	67.227	67.242	5
2025-04-22 20:50	67.237	67.262	67.217	67.257	5
2025-04-22 20:55	67.247	67.302	67.247	67.287	5
2025-04-23 00:00	68.030	68.120	67.940	68.050	5
2025-04-23 00:05	68.045	68.060	67.945	67.960	5
2025-04-23 00:10	67.955	67.960	67.875	67.910	5
2025-04-23 00:15	67.915	67.940	67.840	67.915	5
2025-04-23 00:20	67.920	67.935	67.860	67.915	5
2025-04-23 00:25	67.920	67.950	67.820	67.820	5
2025-04-23 00:30	67.825	67.830	67.790	67.815	5
2025-04-23 00:35	67.820	67.915	67.820	67.890	5
2025-04-23 00:40	67.900	67.945	67.895	67.915	5
2025-04-23 00:45	67.920	68.045	67.920	68.030	5
2025-04-23 00:50	68.035	68.145	68.035	68.120	5
2025-04-23 00:55	68.115	68.125	68.080	68.095	5
2025-04-23 01:00	68.100	68.100	67.905	67.965	5
2025-04-23 01:05	67.960	67.980	67.815	67.845	5
2025-04-23 01:10	67.850	67.955	67.790	67.955	5
2025-04-23 01:15	67.965	68.030	67.940	68.010	5
2025-04-23 01:20	68.005	68.035	67.960	68.005	5
2025-04-23 01:25	68.010	68.035	67.970	67.985	5
2025-04-23 01:30	67.990	68.020	67.840	67.855	5
2025-04-23 01:35	67.850	67.880	67.805	67.855	5
2025-04-23 01:40	67.845	67.850	67.800	67.805	5
2025-04-23 01:45	67.815	67.850	67.770	67.825	5
2025-04-23 01:50	67.830	67.860	67.790	67.825	5
2025-04-23 01:55	67.830	67.840	67.795	67.810	5
2025-04-23 02:00	67.805	67.820	67.760	67.800	5
2025-04-23 02:05	67.805	67.880	67.805	67.850	5
2025-04-23 02:10	67.855	67.870	67.825	67.845	5
2025-04-23 02:15	67.850	67.860	67.840	67.860	5
2025-04-23 02:20	67.855	67.900	67.840	67.895	5
2025-04-23 02:25	67.905	67.915	67.885	67.890	5
2025-04-23 02:30	67.895	67.905	67.825	67.825	5
2025-04-23 02:35	67.830	67.855	67.825	67.830	5
2025-04-23 02:40	67.835	67.850	67.775	67.795	5
2025-04-23 02:45	67.790	67.805	67.765	67.785	5
2025-04-23 02:50	67.795	67.800	67.765	67.770	5
2025-04-23 02:55	67.760	67.805	67.760	67.805	5
2025-04-23 03:00	67.810	67.815	67.725	67.765	5
2025-04-23 03:05	67.760	67.775	67.730	67.735	5
2025-04-23 03:10	67.740	67.765	67.690	67.695	5
2025-04-23 03:15	67.690	67.755	67.670	67.755	5
2025-04-23 03:20	67.760	67.795	67.725	67.775	5
2025-04-23 03:25	67.785	67.815	67.775	67.780	5
2025-04-23 03:30	67.785	67.810	67.780	67.805	4
2025-04-23 03:35	67.815	67.870	67.815	67.870	5
2025-04-23 03:40	67.875	67.885	67.855	67.885	5
2025-04-23 03:45	67.880	67.970	67.875	67.955	5
2025-04-23 03:50	67.945	67.985	67.940	67.985	3
2025-04-23 03:55	67.980	67.980	67.955	67.965	5
2025-04-23 04:00	67.955	68.010	67.955	67.975	5
2025-04-23 04:05	67.980	67.990	67.965	67.965	5
2025-04-23 04:10	67.960	67.960	67.935	67.955	5
2025-04-23 04:15	67.960	67.965	67.935	67.940	5
2025-04-23 04:20	67.935	67.960	67.920	67.925	4
2025-04-23 04:25	67.930	67.970	67.925	67.970	5
2025-04-23 04:30	67.965	67.970	67.945	67.950	5
2025-04-23 04:35	67.945	67.965	67.945	67.955	5
2025-04-23 04:40	67.950	68.000	67.940	67.980	5
2025-04-23 04:45	67.985	67.985	67.965	67.980	5
2025-04-23 04:50	67.970	67.990	67.970	67.980	4
2025-04-23 04:55	67.970	68.000	67.970	67.995	5
2025-04-23 05:00	68.000	68.025	67.990	68.000	5
2025-04-23 05:05	68.005	68.035	68.000	68.020	5
2025-04-23 05:10	68.015	68.040	68.010	68.025	5
2025-04-23 05:15	68.030	68.035	68.000	68.030	4
2025-04-23 05:20	68.035	68.040	68.020	68.040	5
2025-04-23 05:25	68.045	68.055	68.025	68.035	4
2025-04-23 05:30	68.030	68.040	67.975	68.015	5
2025-04-23 05:35	68.025	68.075	67.995	68.070	5
2025-04-23 05:40	68.065	68.095	68.045	68.065	5
2025-04-23 05:45	68.060	68.100	68.050	68.090	5
2025-04-23 05:50	68.085	68.135	68.075	68.135	5
2025-04-23 05:55	68.125	68.165	68.115	68.125	5
2025-04-23 06:00	68.120	68.240	68.095	68.225	5
2025-04-23 06:05	68.235	68.235	68.195	68.205	5
2025-04-23 06:10	68.210	68.330	68.190	68.325	5
2025-04-23 06:15	68.320	68.425	68.300	68.305	5
2025-04-23 06:20	68.290	68.400	68.285	68.385	5
2025-04-23 06:25	68.380	68.605	68.375	68.605	5
2025-04-23 06:30	68.615	68.615	68.435	68.445	5
2025-04-23 06:35	68.435	68.465	68.415	68.435	5
2025-04-23 06:40	68.420	68.465	68.385	68.410	5
2025-04-23 06:45	68.415	68.485	68.410	68.470	5
2025-04-23 06:50	68.465	68.510	68.445	68.455	5
2025-04-23 06:55	68.450	68.485	68.445	68.465	5
2025-04-23 07:00	68.455	68.475	68.365	68.440	5
2025-04-23 07:05	68.435	68.455	68.385	68.385	5
2025-04-23 07:10	68.395	68.455	68.330	68.435	5
2025-04-23 07:15	68.430	68.505	68.405	68.505	5
2025-04-23 07:20	68.500	68.565	68.445	68.475	5
2025-04-23 07:25	68.480	68.480	68.405	68.465	4
2025-04-23 07:30	68.460	68.465	68.375	68.465	5
2025-04-23 07:35	68.455	68.505	68.415	68.505	5
2025-04-23 07:40	68.495	68.525	68.455	68.495	5
2025-04-23 07:45	68.490	68.490	68.385	68.410	5
2025-04-23 07:50	68.415	68.475	68.365	68.385	5
2025-04-23 07:55	68.395	68.410	68.355	68.370	5
2025-04-23 08:00	68.375	68.430	68.315	68.325	5
2025-04-23 08:05	68.320	68.320	68.205	68.245	5
2025-04-23 08:10	68.250	68.285	68.215	68.240	5
2025-04-23 08:15	68.245	68.275	68.215	68.245	5
2025-04-23 08:20	68.255	68.300	68.245	68.285	5
2025-04-23 08:25	68.295	68.465	68.285	68.385	5
2025-04-23 08:30	68.395	68.465	68.350	68.445	5
2025-04-23 08:35	68.440	68.625	68.435	68.550	5
2025-04-23 08:40	68.545	68.595	68.495	68.590	5
2025-04-23 08:45	68.580	68.610	68.545	68.580	5
2025-04-23 08:50	68.590	68.595	68.545	68.565	5
2025-04-23 08:55	68.570	68.570	68.470	68.485	5
2025-04-23 09:00	68.490	68.565	68.490	68.505	5
2025-04-23 09:05	68.495	68.570	68.460	68.465	5
2025-04-23 09:10	68.460	68.550	68.455	68.495	5
2025-04-23 09:15	68.485	68.525	68.415	68.425	5
2025-04-23 09:20	68.415	68.495	68.415	68.495	5
2025-04-23 09:25	68.510	68.515	68.425	68.455	5
2025-04-23 09:30	68.460	68.465	68.310	68.335	5
2025-04-23 09:35	68.340	68.395	68.285	68.295	5
2025-04-23 09:40	68.310	68.315	68.175	68.190	5
2025-04-23 09:45	68.195	68.205	68.050	68.105	5
2025-04-23 09:50	68.095	68.215	68.075	68.200	5
2025-04-23 09:55	68.210	68.330	68.205	68.295	5
2025-04-23 10:00	68.290	68.315	68.220	68.230	5
2025-04-23 10:05	68.235	68.305	68.235	68.270	5
2025-04-23 10:10	68.265	68.305	68.215	68.215	5
2025-04-23 10:15	68.220	68.265	68.215	68.255	5
2025-04-23 10:20	68.275	68.340	68.250	68.285	5
2025-04-23 10:25	68.275	68.320	68.230	68.230	5
2025-04-23 10:30	68.215	68.215	68.085	68.125	5
2025-04-23 10:35	68.130	68.130	68.045	68.055	5
2025-04-23 10:40	68.045	68.075	68.033	68.070	5
2025-04-23 10:45	68.080	68.160	68.080	68.135	5
2025-04-23 10:50	68.120	68.220	68.115	68.185	5
2025-04-23 10:55	68.170	68.195	68.085	68.095	5
2025-04-23 11:00	68.100	68.100	68.035	68.035	5
2025-04-23 11:05	68.033	68.060	68.025	68.045	5
2025-04-23 11:10	68.055	68.085	68.035	68.060	5
2025-04-23 11:15	68.065	68.065	67.925	67.930	5
2025-04-23 11:20	67.925	68.015	67.920	67.985	5
2025-04-23 11:25	67.975	68.055	67.975	68.010	5
2025-04-23 11:30	68.005	68.015	67.940	67.965	5
2025-04-23 11:35	67.950	67.955	67.870	67.925	5
2025-04-23 11:40	67.935	68.005	67.565	67.625	5
2025-04-23 11:45	67.635	67.725	67.570	67.595	5
2025-04-23 11:50	67.605	67.705	67.525	67.565	5
2025-04-23 11:55	67.570	67.595	67.400	67.400	5
2025-04-23 12:00	67.405	67.495	67.135	67.185	5
2025-04-23 12:05	67.190	67.190	66.825	66.985	5
2025-04-23 12:10	66.990	67.140	66.975	67.030	5
2025-04-23 12:15	67.035	67.060	66.738	66.738	5
2025-04-23 12:20	66.745	66.945	66.715	66.715	5
2025-04-23 12:25	66.710	66.765	66.540	66.670	5
2025-04-23 12:30	66.655	66.655	66.385	66.590	5
2025-04-23 12:35	66.580	66.795	66.570	66.785	5
2025-04-23 12:40	66.795	66.875	66.765	66.850	5
2025-04-23 12:45	66.855	66.955	66.835	66.935	5
2025-04-23 12:50	66.920	67.115	66.910	67.015	5
2025-04-23 12:55	67.020	67.090	66.940	66.975	5
2025-04-23 13:00	66.970	67.325	66.970	67.145	5
2025-04-23 13:05	67.140	67.170	66.895	67.065	5
2025-04-23 13:10	67.055	67.095	66.955	67.015	5
2025-04-23 13:15	67.030	67.065	66.835	66.845	5
2025-04-23 13:20	66.860	66.905	66.785	66.795	5
2025-04-23 13:25	66.810	66.895	66.795	66.865	5
2025-04-23 13:30	66.880	66.890	66.670	66.805	5
2025-04-23 13:35	66.810	67.300	66.720	67.175	4
2025-04-23 13:40	67.170	67.350	67.110	67.240	5
2025-04-23 13:45	67.245	67.530	67.245	67.440	5
2025-04-23 13:50	67.445	67.465	67.120	67.160	5
2025-04-23 13:55	67.170	67.260	67.075	67.225	5
2025-04-23 14:00	67.230	67.345	67.090	67.185	5
2025-04-23 14:05	67.180	67.230	66.975	67.050	5
2025-04-23 14:10	67.045	67.125	65.505	65.555	5
2025-04-23 14:15	65.590	65.810	65.270	65.770	5
2025-04-23 14:20	65.775	66.335	65.685	66.135	5
2025-04-23 14:25	66.145	66.230	65.857	65.877	5
2025-04-23 14:30	65.827	66.390	65.797	66.380	5
2025-04-23 14:35	66.385	66.410	66.210	66.265	5
2025-04-23 14:40	66.270	66.490	66.220	66.415	5
2025-04-23 14:45	66.410	66.495	66.140	66.180	5
2025-04-23 14:50	66.185	66.185	66.020	66.075	5
2025-04-23 14:55	66.065	66.285	66.060	66.240	5
2025-04-23 15:00	66.230	66.310	65.895	66.065	5
2025-04-23 15:05	66.060	66.190	65.985	66.000	5
2025-04-23 15:10	66.005	66.010	65.900	65.925	5
2025-04-23 15:15	65.920	65.925	65.695	65.695	5
2025-04-23 15:20	65.690	65.820	65.545	65.820	5
2025-04-23 15:25	65.825	65.885	65.595	65.615	5
2025-04-23 15:30	65.620	65.755	65.560	65.755	5
2025-04-23 15:35	65.765	65.865	65.675	65.825	5
2025-04-23 15:40	65.830	65.985	65.825	65.890	5
2025-04-23 15:45	65.885	65.930	65.830	65.910	5
2025-04-23 15:50	65.905	65.945	65.705	65.715	5
2025-04-23 15:55	65.720	65.755	65.605	65.655	5
2025-04-23 16:00	65.660	65.735	65.635	65.725	5
2025-04-23 16:05	65.720	65.790	65.700	65.725	5
2025-04-23 16:10	65.730	65.820	65.625	65.675	5
2025-04-23 16:15	65.680	65.690	65.520	65.585	5
2025-04-23 16:20	65.590	65.625	65.530	65.535	5
2025-04-23 16:25	65.540	66.355	65.515	66.230	5
2025-04-23 16:30	66.225	66.425	66.025	66.035	5
2025-04-23 16:35	66.045	66.255	66.000	66.175	5
2025-04-23 16:40	66.180	66.185	66.035	66.105	5
2025-04-23 16:45	66.110	66.135	65.885	65.940	5
2025-04-23 16:50	65.925	65.945	65.845	65.855	5
2025-04-23 16:55	65.850	65.960	65.825	65.885	5
2025-04-23 17:00	65.890	65.935	65.675	65.875	5
2025-04-23 17:05	65.870	65.970	65.870	65.875	5
2025-04-23 17:10	65.880	65.880	65.755	65.845	5
2025-04-23 17:15	65.835	65.835	65.730	65.735	5
2025-04-23 17:20	65.740	65.795	65.670	65.725	5
2025-04-23 17:25	65.730	65.780	65.670	65.730	5
2025-04-23 17:30	65.735	65.765	65.585	65.610	5
2025-04-23 17:35	65.615	65.635	65.505	65.525	5
2025-04-23 17:40	65.535	65.640	65.490	65.615	5
2025-04-23 17:45	65.610	65.715	65.610	65.655	5
2025-04-23 17:50	65.660	65.785	65.600	65.780	5
2025-04-23 17:55	65.785	65.955	65.785	65.930	5
2025-04-23 18:00	65.920	66.070	65.915	66.050	5
2025-04-23 18:05	66.055	66.095	65.965	66.050	5
2025-04-23 18:10	66.045	66.120	66.020	66.050	5
2025-04-23 18:15	66.055	66.105	66.010	66.070	5
2025-04-23 18:20	66.055	66.205	66.050	66.190	5
2025-04-23 18:25	66.185	66.195	66.040	66.085	5
2025-04-23 18:30	66.075	66.080	65.960	66.060	5
2025-04-23 18:35	66.065	66.145	66.060	66.100	5
2025-04-23 18:40	66.095	66.155	66.085	66.130	5
2025-04-23 18:45	66.135	66.160	66.080	66.085	5
2025-04-23 18:50	66.080	66.090	66.020	66.055	5
2025-04-23 18:55	66.050	66.110	66.010	66.020	5
2025-04-23 19:00	66.025	66.080	65.985	65.995	5
2025-04-23 19:05	66.005	66.035	65.995	66.005	5
2025-04-23 19:10	65.995	66.005	65.975	65.995	5
2025-04-23 19:15	65.985	65.995	65.955	65.990	5
2025-04-23 19:20	65.985	65.995	65.965	65.980	5
2025-04-23 19:25	65.985	66.065	65.975	66.020	5
2025-04-23 19:30	66.015	66.040	65.975	65.990	5
2025-04-23 19:35	65.995	65.995	65.950	65.985	5
2025-04-23 19:40	65.980	66.020	65.975	66.010	5
2025-04-23 19:45	66.015	66.050	65.990	66.045	5
2025-04-23 19:50	66.060	66.150	66.060	66.145	5
2025-04-23 19:55	66.150	66.190	66.125	66.130	5
2025-04-23 20:00	66.140	66.140	66.072	66.117	5
2025-04-23 20:05	66.107	66.137	66.092	66.132	5
2025-04-23 20:10	66.142	66.142	66.097	66.107	5
2025-04-23 20:15	66.117	66.187	66.097	66.177	5
2025-04-23 20:20	66.172	66.187	66.077	66.077	5
2025-04-23 20:25	66.072	66.132	66.072	66.117	5
2025-04-23 20:30	66.107	66.177	66.107	66.177	5
2025-04-23 20:35	66.182	66.187	66.137	66.147	5
2025-04-23 20:40	66.157	66.192	66.157	66.182	4
2025-04-23 20:45	66.177	66.217	66.177	66.217	4
2025-04-23 20:50	66.207	66.207	66.117	66.117	5
2025-04-23 20:55	66.122	66.122	66.057	66.077	5
2025-04-24 00:00	66.095	66.200	66.080	66.175	5
2025-04-24 00:05	66.160	66.175	66.100	66.110	5
2025-04-24 00:10	66.090	66.110	65.930	65.985	5
2025-04-24 00:15	65.980	66.130	65.965	66.120	5
2025-04-24 00:20	66.130	66.160	66.100	66.110	5
2025-04-24 00:25	66.115	66.170	66.115	66.170	5
2025-04-24 00:30	66.165	66.170	66.140	66.160	5
2025-04-24 00:35	66.155	66.200	66.150	66.200	5
2025-04-24 00:40	66.190	66.260	66.170	66.175	5
2025-04-24 00:45	66.170	66.200	66.120	66.135	5
2025-04-24 00:50	66.140	66.200	66.120	66.135	5
2025-04-24 00:55	66.130	66.180	66.120	66.165	5
2025-04-24 01:00	66.160	66.240	66.140	66.200	5
2025-04-24 01:05	66.205	66.245	66.195	66.225	5
2025-04-24 01:10	66.230	66.245	66.195	66.230	5
2025-04-24 01:15	66.220	66.220	66.185	66.190	5
2025-04-24 01:20	66.185	66.230	66.185	66.220	5
2025-04-24 01:25	66.215	66.275	66.205	66.270	5
2025-04-24 01:30	66.265	66.310	66.250	66.310	5
2025-04-24 01:35	66.305	66.360	66.285	66.350	5
2025-04-24 01:40	66.360	66.360	66.310	66.330	5
2025-04-24 01:45	66.335	66.380	66.325	66.350	5
2025-04-24 01:50	66.355	66.355	66.290	66.320	5
2025-04-24 01:55	66.315	66.320	66.270	66.280	5
2025-04-24 02:00	66.295	66.330	66.280	66.310	5
2025-04-24 02:05	66.305	66.310	66.250	66.275	5
2025-04-24 02:10	66.270	66.280	66.225	66.225	5
2025-04-24 02:15	66.220	66.255	66.115	66.165	5
2025-04-24 02:20	66.170	66.195	66.170	66.185	5
2025-04-24 02:25	66.190	66.235	66.190	66.235	3
2025-04-24 02:30	66.225	66.275	66.185	66.185	5
2025-04-24 02:35	66.190	66.215	66.125	66.125	5
2025-04-24 02:40	66.105	66.160	66.105	66.145	5
2025-04-24 02:45	66.140	66.150	66.130	66.145	5
2025-04-24 02:50	66.135	66.135	66.105	66.115	5
2025-04-24 02:55	66.120	66.135	66.080	66.105	5
2025-04-24 03:00	66.100	66.125	66.095	66.110	5
2025-04-24 03:05	66.105	66.105	66.050	66.085	5
2025-04-24 03:10	66.080	66.115	66.065	66.070	5
2025-04-24 03:15	66.075	66.105	66.050	66.070	5
2025-04-24 03:20	66.065	66.110	66.060	66.070	5
2025-04-24 03:25	66.065	66.125	66.065	66.095	5
2025-04-24 03:30	66.090	66.190	66.090	66.160	5
2025-04-24 03:35	66.155	66.210	66.155	66.175	5
2025-04-24 03:40	66.170	66.215	66.155	66.210	5
2025-04-24 03:45	66.205	66.230	66.180	66.180	4
2025-04-24 03:50	66.185	66.185	66.170	66.175	5
2025-04-24 03:55	66.170	66.195	66.170	66.190	5
2025-04-24 04:00	66.185	66.185	66.130	66.135	5
2025-04-24 04:05	66.140	66.190	66.140	66.185	5
2025-04-24 04:10	66.180	66.180	66.170	66.175	2
2025-04-24 04:15	66.180	66.180	66.125	66.150	5
2025-04-24 04:20	66.145	66.165	66.145	66.150	5
2025-04-24 04:25	66.145	66.205	66.135	66.160	5
2025-04-24 04:30	66.150	66.150	66.135	66.145	5
2025-04-24 04:35	66.150	66.185	66.150	66.165	4
2025-04-24 04:40	66.155	66.205	66.155	66.185	5
2025-04-24 04:45	66.190	66.205	66.185	66.190	5
2025-04-24 04:50	66.195	66.195	66.180	66.180	5
2025-04-24 04:55	66.185	66.200	66.170	66.185	5
2025-04-24 05:00	66.180	66.205	66.170	66.185	5
2025-04-24 05:05	66.180	66.205	66.175	66.200	5
2025-04-24 05:10	66.205	66.205	66.170	66.185	5
2025-04-24 05:15	66.190	66.200	66.170	66.185	4
2025-04-24 05:20	66.180	66.205	66.175	66.205	5
2025-04-24 05:25	66.200	66.205	66.170	66.175	5
2025-04-24 05:30	66.170	66.175	66.130	66.150	5
2025-04-24 05:35	66.145	66.205	66.145	66.190	5
2025-04-24 05:40	66.185	66.185	66.130	66.145	5
2025-04-24 05:45	66.150	66.175	66.145	66.155	5
2025-04-24 05:50	66.160	66.165	66.085	66.100	5
2025-04-24 05:55	66.095	66.100	65.995	65.995	5
2025-04-24 06:00	66.005	66.150	66.000	66.120	5
2025-04-24 06:05	66.130	66.230	66.125	66.205	5
2025-04-24 06:10	66.215	66.255	66.165	66.255	5
2025-04-24 06:15	66.250	66.320	66.250	66.270	5
2025-04-24 06:20	66.275	66.350	66.275	66.335	5
2025-04-24 06:25	66.340	66.360	66.315	66.355	5
2025-04-24 06:30	66.365	66.475	66.360	66.475	5
2025-04-24 06:35	66.465	66.475	66.415	66.445	5
2025-04-24 06:40	66.435	66.455	66.405	66.435	5
2025-04-24 06:45	66.440	66.485	66.405	66.470	5
2025-04-24 06:50	66.475	66.580	66.470	66.520	5
2025-04-24 06:55	66.525	66.585	66.525	66.565	5
2025-04-24 07:00	66.560	66.655	66.525	66.640	5
2025-04-24 07:05	66.645	66.735	66.610	66.725	5
2025-04-24 07:10	66.735	66.775	66.665	66.765	5
2025-04-24 07:15	66.755	66.770	66.685	66.755	5
2025-04-24 07:20	66.760	66.790	66.710	66.730	5
2025-04-24 07:25	66.725	66.775	66.725	66.725	5
2025-04-24 07:30	66.735	66.765	66.650	66.665	5
2025-04-24 07:35	66.675	66.715	66.645	66.650	5
2025-04-24 07:40	66.645	66.645	66.560	66.570	5
2025-04-24 07:45	66.565	66.685	66.555	66.675	5
2025-04-24 07:50	66.680	66.705	66.665	66.670	5
2025-04-24 07:55	66.665	66.705	66.635	66.655	5
2025-04-24 08:00	66.670	66.695	66.585	66.655	5
2025-04-24 08:05	66.650	66.660	66.580	66.640	5
2025-04-24 08:10	66.635	66.705	66.625	66.690	5
2025-04-24 08:15	66.695	66.695	66.565	66.595	5
2025-04-24 08:20	66.585	66.745	66.575	66.725	5
2025-04-24 08:25	66.720	66.735	66.525	66.525	5
2025-04-24 08:30	66.530	66.585	66.480	66.565	5
2025-04-24 08:35	66.555	66.585	66.465	66.565	5
2025-04-24 08:40	66.555	66.565	66.435	66.455	5
2025-04-24 08:45	66.450	66.555	66.425	66.495	5
2025-04-24 08:50	66.490	66.495	66.235	66.295	5
2025-04-24 08:55	66.305	66.370	66.295	66.335	5
2025-04-24 09:00	66.345	66.425	66.325	66.415	5
2025-04-24 09:05	66.425	66.455	66.295	66.300	5
2025-04-24 09:10	66.295	66.375	66.290	66.350	5
2025-04-24 09:15	66.355	66.440	66.355	66.415	5
2025-04-24 09:20	66.410	66.425	66.310	66.375	5
2025-04-24 09:25	66.385	66.455	66.385	66.405	5
2025-04-24 09:30	66.395	66.455	66.340	66.365	5
2025-04-24 09:35	66.355	66.365	66.105	66.125	5
2025-04-24 09:40	66.115	66.155	66.045	66.045	5
2025-04-24 09:45	66.050	66.125	66.045	66.095	5
2025-04-24 09:50	66.100	66.260	66.035	66.255	5
2025-04-24 09:55	66.250	66.385	66.235	66.385	5
2025-04-24 10:00	66.395	66.500	66.355	66.485	5
2025-04-24 10:05	66.480	66.550	66.445	66.535	5
2025-04-24 10:10	66.525	66.615	66.485	66.575	5
2025-04-24 10:15	66.580	66.605	66.535	66.545	5
2025-04-24 10:20	66.540	66.575	66.505	66.565	5
2025-04-24 10:25	66.570	66.570	66.510	66.550	5
2025-04-24 10:30	66.555	66.650	66.550	66.605	5
2025-04-24 10:35	66.595	66.625	66.525	66.625	5
2025-04-24 10:40	66.630	66.685	66.625	66.665	5
2025-04-24 10:45	66.660	66.675	66.635	66.635	5
2025-04-24 10:50	66.640	66.675	66.610	66.665	5
2025-04-24 10:55	66.670	66.780	66.640	66.725	5
2025-04-24 11:00	66.720	66.815	66.660	66.795	5
2025-04-24 11:05	66.800	66.840	66.770	66.770	5
2025-04-24 11:10	66.775	66.840	66.760	66.800	5
2025-04-24 11:15	66.805	66.810	66.695	66.705	5
2025-04-24 11:20	66.695	66.765	66.685	66.735	5
2025-04-24 11:25	66.745	66.805	66.725	66.795	4
2025-04-24 11:30	66.785	66.795	66.705	66.755	5
2025-04-24 11:35	66.740	66.810	66.695	66.780	5
2025-04-24 11:40	66.775	66.895	66.770	66.830	5
2025-04-24 11:45	66.825	66.865	66.785	66.790	5
2025-04-24 11:50	66.780	66.785	66.715	66.745	5
2025-04-24 11:55	66.730	66.825	66.680	66.820	5
2025-04-24 12:00	66.825	66.855	66.750	66.835	5
2025-04-24 12:05	66.840	66.895	66.785	66.855	5
2025-04-24 12:10	66.860	66.880	66.810	66.810	5
2025-04-24 12:15	66.815	66.835	66.755	66.760	5
2025-04-24 12:20	66.765	66.780	66.680	66.705	5
2025-04-24 12:25	66.700	66.775	66.690	66.750	5
2025-04-24 12:30	66.735	66.840	66.715	66.760	5
2025-04-24 12:35	66.765	66.910	66.755	66.885	5
2025-04-24 12:40	66.875	66.980	66.865	66.865	5
2025-04-24 12:45	66.860	66.945	66.845	66.920	5
2025-04-24 12:50	66.910	66.925	66.835	66.835	5
2025-04-24 12:55	66.840	66.875	66.545	66.650	5
2025-04-24 13:00	66.645	66.955	66.580	66.935	5
2025-04-24 13:05	66.940	66.975	66.795	66.800	5
2025-04-24 13:10	66.805	66.825	66.500	66.530	5
2025-04-24 13:15	66.535	66.655	66.515	66.605	5
2025-04-24 13:20	66.600	66.705	66.555	66.695	5
2025-04-24 13:25	66.700	66.765	66.620	66.625	5
2025-04-24 13:30	66.640	66.720	66.540	66.720	5
2025-04-24 13:35	66.715	66.780	66.670	66.770	5
2025-04-24 13:40	66.775	66.790	66.590	66.665	5
2025-04-24 13:45	66.660	66.730	66.555	66.580	5
2025-04-24 13:50	66.585	66.615	66.500	66.605	5
2025-04-24 13:55	66.610	66.710	66.535	66.675	5
2025-04-24 14:00	66.655	66.720	66.415	66.485	5
2025-04-24 14:05	66.495	66.550	66.425	66.535	5
2025-04-24 14:10	66.530	66.535	66.385	66.405	5
2025-04-24 14:15	66.415	66.435	66.230	66.335	5
2025-04-24 14:20	66.340	66.380	66.295	66.355	5
2025-04-24 14:25	66.350	66.445	66.325	66.425	5
2025-04-24 14:30	66.415	66.415	66.145	66.145	5
2025-04-24 14:35	66.150	66.225	66.115	66.130	5
2025-04-24 14:40	66.135	66.305	66.120	66.260	5
2025-04-24 14:45	66.265	66.365	65.795	66.310	5
2025-04-24 14:50	66.320	66.475	66.150	66.425	5
2025-04-24 14:55	66.420	66.540	66.400	66.475	5
2025-04-24 15:00	66.470	66.480	66.300	66.395	5
2025-04-24 15:05	66.400	66.425	66.290	66.340	5
2025-04-24 15:10	66.345	66.355	66.175	66.175	5
2025-04-24 15:15	66.180	66.245	66.140	66.205	5
2025-04-24 15:20	66.200	66.205	66.040	66.100	5
2025-04-24 15:25	66.105	66.220	65.985	66.050	5
2025-04-24 15:30	66.045	66.260	65.940	66.235	5
2025-04-24 15:35	66.240	66.240	66.060	66.095	5
2025-04-24 15:40	66.085	66.155	66.035	66.070	5
2025-04-24 15:45	66.075	66.315	65.940	66.220	5
2025-04-24 15:50	66.215	66.235	66.120	66.175	5
2025-04-24 15:55	66.170	66.235	66.045	66.065	5
2025-04-24 16:00	66.060	66.105	66.010	66.035	5
2025-04-24 16:05	66.050	66.075	65.920	65.925	5
2025-04-24 16:10	65.920	66.070	65.920	66.055	5
2025-04-24 16:15	66.060	66.135	66.055	66.090	5
2025-04-24 16:20	66.095	66.185	66.085	66.135	5
2025-04-24 16:25	66.130	66.340	66.120	66.270	5
2025-04-24 16:30	66.280	66.520	66.280	66.445	5
2025-04-24 16:35	66.455	66.565	66.405	66.480	5
2025-04-24 16:40	66.485	66.565	66.435	66.560	5
2025-04-24 16:45	66.565	66.595	66.510	66.545	5
2025-04-24 16:50	66.550	66.695	66.550	66.620	5
2025-04-24 16:55	66.615	66.645	66.560	66.610	5
2025-04-24 17:00	66.615	66.615	66.430	66.505	5
2025-04-24 17:05	66.495	66.515	66.465	66.475	5
2025-04-24 17:10	66.480	66.555	66.445	66.545	5
2025-04-24 17:15	66.555	66.595	66.545	66.555	5
2025-04-24 17:20	66.545	66.560	66.485	66.510	5
2025-04-24 17:25	66.515	66.695	66.495	66.675	5
2025-04-24 17:30	66.670	66.685	66.600	66.620	5
2025-04-24 17:35	66.625	66.660	66.585	66.645	5
2025-04-24 17:40	66.640	66.640	66.585	66.635	5
2025-04-24 17:45	66.630	66.660	66.610	66.625	5
2025-04-24 17:50	66.620	66.675	66.595	66.640	5
2025-04-24 17:55	66.635	66.655	66.615	66.640	5
2025-04-24 18:00	66.635	66.650	66.550	66.555	5
2025-04-24 18:05	66.550	66.595	66.545	66.560	5
2025-04-24 18:10	66.555	66.575	66.485	66.525	5
2025-04-24 18:15	66.530	66.585	66.485	66.515	5
2025-04-24 18:20	66.520	66.525	66.450	66.490	5
2025-04-24 18:25	66.495	66.555	66.455	66.545	5
2025-04-24 18:30	66.535	66.545	66.475	66.505	5
2025-04-24 18:35	66.500	66.515	66.445	66.455	5
2025-04-24 18:40	66.450	66.485	66.425	66.460	5
2025-04-24 18:45	66.465	66.465	66.420	66.440	5
2025-04-24 18:50	66.435	66.445	66.425	66.425	5
2025-04-24 18:55	66.420	66.420	66.357	66.370	5
2025-04-24 19:00	66.375	66.395	66.340	66.345	5
2025-04-24 19:05	66.350	66.365	66.315	66.315	5
2025-04-24 19:10	66.320	66.320	66.275	66.305	5
2025-04-24 19:15	66.300	66.315	66.290	66.305	5
2025-04-24 19:20	66.300	66.375	66.295	66.365	5
2025-04-24 19:25	66.360	66.375	66.345	66.355	5
2025-04-24 19:30	66.360	66.400	66.355	66.360	5
2025-04-24 19:35	66.355	66.360	66.335	66.335	5
2025-04-24 19:40	66.325	66.345	66.325	66.340	5
2025-04-24 19:45	66.335	66.375	66.335	66.365	5
2025-04-24 19:50	66.370	66.400	66.345	66.365	5
2025-04-24 19:55	66.360	66.425	66.360	66.415	5
2025-04-24 20:00	66.410	66.457	66.387	66.447	5
2025-04-24 20:05	66.442	66.457	66.427	66.452	5
2025-04-24 20:10	66.447	66.447	66.417	66.417	5
2025-04-24 20:15	66.422	66.447	66.412	66.442	5
2025-04-24 20:20	66.437	66.442	66.422	66.432	5
2025-04-24 20:25	66.437	66.442	66.422	66.437	5
2025-04-24 20:30	66.432	66.442	66.427	66.437	5
2025-04-24 20:35	66.442	66.447	66.427	66.442	4
2025-04-24 20:40	66.447	66.457	66.437	66.452	5
2025-04-24 20:45	66.462	66.497	66.462	66.477	5
2025-04-24 20:50	66.472	66.507	66.472	66.507	5
2025-04-24 20:55	66.502	66.507	66.462	66.467	5
2025-04-25 00:00	66.575	66.605	66.540	66.565	5
2025-04-25 00:05	66.570	66.720	66.570	66.720	5
2025-04-25 00:10	66.715	66.760	66.670	66.740	5
2025-04-25 00:15	66.750	66.860	66.740	66.840	5
2025-04-25 00:20	66.850	66.850	66.800	66.840	5
2025-04-25 00:25	66.835	66.840	66.795	66.800	5
2025-04-25 00:30	66.810	66.835	66.805	66.815	5
2025-04-25 00:35	66.820	66.840	66.815	66.825	5
2025-04-25 00:40	66.820	66.830	66.800	66.800	4
2025-04-25 00:45	66.795	66.805	66.770	66.780	5
2025-04-25 00:50	66.780	66.810	66.780	66.790	5
2025-04-25 00:55	66.795	66.810	66.780	66.780	4
2025-04-25 01:00	66.785	66.850	66.720	66.840	5
2025-04-25 01:05	66.845	66.850	66.790	66.815	5
2025-04-25 01:10	66.820	66.835	66.810	66.830	5
2025-04-25 01:15	66.820	66.840	66.750	66.770	5
2025-04-25 01:20	66.775	66.780	66.705	66.705	5
2025-04-25 01:25	66.710	66.740	66.655	66.670	5
2025-04-25 01:30	66.675	66.680	66.640	66.650	5
2025-04-25 01:35	66.645	66.755	66.640	66.755	5
2025-04-25 01:40	66.760	66.790	66.680	66.695	5
2025-04-25 01:45	66.690	66.730	66.610	66.615	5
2025-04-25 01:50	66.620	66.620	66.540	66.575	5
2025-04-25 01:55	66.570	66.620	66.570	66.590	5
2025-04-25 02:00	66.595	66.700	66.590	66.690	5
2025-04-25 02:05	66.685	66.710	66.665	66.665	5
2025-04-25 02:10	66.670	66.690	66.640	66.645	5
2025-04-25 02:15	66.640	66.650	66.620	66.650	5
2025-04-25 02:20	66.645	66.645	66.615	66.630	5
2025-04-25 02:25	66.640	66.650	66.625	66.635	5
2025-04-25 02:30	66.640	66.690	66.600	66.670	5
2025-04-25 02:35	66.675	66.690	66.665	66.680	5
2025-04-25 02:40	66.685	66.700	66.645	66.700	5
2025-04-25 02:45	66.695	66.700	66.680	66.700	4
2025-04-25 02:50	66.695	66.720	66.650	66.700	5
2025-04-25 02:55	66.705	66.770	66.705	66.740	5
2025-04-25 03:00	66.735	66.810	66.730	66.810	5
2025-04-25 03:05	66.820	66.870	66.795	66.840	5
2025-04-25 03:10	66.850	66.875	66.840	66.855	5
2025-04-25 03:15	66.860	66.865	66.790	66.815	5
2025-04-25 03:20	66.820	66.895	66.760	66.860	5
2025-04-25 03:25	66.855	66.890	66.845	66.860	5
2025-04-25 03:30	66.870	66.870	66.840	66.870	5
2025-04-25 03:35	66.875	66.930	66.870	66.930	5
2025-04-25 03:40	66.935	66.935	66.890	66.895	5
2025-04-25 03:45	66.900	66.940	66.890	66.935	5
2025-04-25 03:50	66.930	66.990	66.925	66.990	4
2025-04-25 03:55	66.980	66.985	66.900	66.900	5
2025-04-25 04:00	66.890	66.900	66.875	66.880	4
2025-04-25 04:05	66.890	66.950	66.890	66.940	5
2025-04-25 04:10	66.945	66.995	66.935	66.980	5
2025-04-25 04:15	66.970	66.980	66.960	66.960	5
2025-04-25 04:20	66.965	66.975	66.965	66.970	3
2025-04-25 04:25	66.960	66.965	66.955	66.955	4
2025-04-25 04:30	66.930	66.960	66.925	66.950	4
2025-04-25 04:35	66.955	66.995	66.950	66.995	5
2025-04-25 04:40	66.990	67.070	66.990	67.070	5
2025-04-25 04:45	67.075	67.080	67.060	67.080	5
2025-04-25 04:50	67.075	67.080	67.050	67.055	5
2025-04-25 04:55	67.060	67.060	67.025	67.050	5
2025-04-25 05:00	67.060	67.060	67.025	67.025	5
2025-04-25 05:05	67.030	67.035	67.005	67.020	4
2025-04-25 05:10	67.025	67.035	66.985	67.010	5
2025-04-25 05:15	67.005	67.010	66.990	67.005	5
2025-04-25 05:20	67.010	67.010	66.955	66.960	5
2025-04-25 05:25	66.955	66.965	66.890	66.890	5
2025-04-25 05:30	66.880	66.895	66.850	66.855	5
2025-04-25 05:35	66.860	66.910	66.860	66.895	5
2025-04-25 05:40	66.890	66.940	66.870	66.930	5
2025-04-25 05:45	66.935	66.940	66.900	66.910	5
2025-04-25 05:50	66.900	66.910	66.830	66.835	5
2025-04-25 05:55	66.830	66.835	66.745	66.760	5
2025-04-25 06:00	66.755	66.770	66.665	66.675	5
2025-04-25 06:05	66.690	66.690	66.615	66.640	5
2025-04-25 06:10	66.630	66.650	66.585	66.590	5
2025-04-25 06:15	66.580	66.670	66.565	66.665	5
2025-04-25 06:20	66.670	66.700	66.615	66.700	5
2025-04-25 06:25	66.695	66.780	66.695	66.750	5
2025-04-25 06:30	66.745	66.820	66.710	66.800	5
2025-04-25 06:35	66.790	66.855	66.790	66.820	5
2025-04-25 06:40	66.830	66.855	66.825	66.830	5
2025-04-25 06:45	66.835	66.845	66.805	66.835	5
2025-04-25 06:50	66.830	66.870	66.805	66.865	5
2025-04-25 06:55	66.870	66.960	66.860	66.955	5
2025-04-25 07:00	66.950	66.985	66.890	66.900	5
2025-04-25 07:05	66.905	66.925	66.845	66.880	5
2025-04-25 07:10	66.890	66.890	66.640	66.675	5
2025-04-25 07:15	66.680	66.735	66.535	66.540	5
2025-04-25 07:20	66.535	66.555	66.490	66.520	5
2025-04-25 07:25	66.515	66.555	66.485	66.490	5
2025-04-25 07:30	66.485	66.550	66.455	66.490	5
2025-04-25 07:35	66.485	66.560	66.470	66.485	5
2025-04-25 07:40	66.480	66.585	66.480	66.580	5
2025-04-25 07:45	66.575	66.790	66.570	66.750	5
2025-04-25 07:50	66.760	66.760	66.650	66.650	5
2025-04-25 07:55	66.655	66.655	66.555	66.560	5
2025-04-25 08:00	66.575	66.685	66.525	66.660	5
2025-04-25 08:05	66.670	66.695	66.590	66.600	5
2025-04-25 08:10	66.605	66.650	66.495	66.500	5
2025-04-25 08:15	66.495	66.525	66.440	66.460	5
2025-04-25 08:20	66.465	66.495	66.435	66.470	5
2025-04-25 08:25	66.465	66.635	66.455	66.580	5
2025-04-25 08:30	66.565	66.655	66.380	66.385	5
2025-04-25 08:35	66.400	66.445	66.355	66.360	5
2025-04-25 08:40	66.355	66.370	66.338	66.360	5
2025-04-25 08:45	66.365	66.410	66.350	66.370	5
2025-04-25 08:50	66.365	66.415	66.338	66.410	5
2025-04-25 08:55	66.415	66.490	66.395	66.480	5
2025-04-25 09:00	66.475	66.505	66.345	66.375	5
2025-04-25 09:05	66.365	66.425	66.338	66.338	5
2025-04-25 09:10	66.338	66.400	66.235	66.355	5
2025-04-25 09:15	66.340	66.425	66.315	66.405	5
2025-04-25 09:20	66.410	66.450	66.385	66.405	5
2025-04-25 09:25	66.400	66.440	66.360	66.395	5
2025-04-25 09:30	66.400	66.400	66.240	66.265	5
2025-04-25 09:35	66.260	66.260	66.170	66.220	5
2025-04-25 09:40	66.215	66.255	66.157	66.170	5
2025-04-25 09:45	66.175	66.255	66.020	66.040	5
2025-04-25 09:50	66.045	66.160	66.000	66.085	5
2025-04-25 09:55	66.080	66.220	66.080	66.165	5
2025-04-25 10:00	66.160	66.230	66.130	66.185	5
2025-04-25 10:05	66.190	66.240	66.055	66.080	5
2025-04-25 10:10	66.090	66.215	66.080	66.175	5
2025-04-25 10:15	66.170	66.580	66.150	66.530	5
2025-04-25 10:20	66.525	66.525	66.325	66.330	5
2025-04-25 10:25	66.320	66.370	66.090	66.100	5
2025-04-25 10:30	66.090	66.250	65.950	65.970	5
2025-04-25 10:35	65.975	66.000	65.850	65.880	5
2025-04-25 10:40	65.885	65.975	65.870	65.910	5
2025-04-25 10:45	65.900	65.950	65.805	65.810	5
2025-04-25 10:50	65.805	65.855	65.660	65.670	5
2025-04-25 10:55	65.660	65.665	65.535	65.570	5
2025-04-25 11:00	65.565	65.670	65.535	65.610	5
2025-04-25 11:05	65.620	65.760	65.615	65.735	5
2025-04-25 11:10	65.720	65.810	65.695	65.700	5
2025-04-25 11:15	65.695	65.770	65.645	65.675	5
2025-04-25 11:20	65.680	65.740	65.660	65.725	5
2025-04-25 11:25	65.720	65.740	65.665	65.710	5
2025-04-25 11:30	65.700	65.735	65.625	65.665	5
2025-04-25 11:35	65.675	65.810	65.545	65.560	5
2025-04-25 11:40	65.565	65.605	65.545	65.565	5
2025-04-25 11:45	65.570	65.720	65.570	65.680	5
2025-04-25 11:50	65.670	65.770	65.660	65.730	5
2025-04-25 11:55	65.735	65.780	65.655	65.730	5
2025-04-25 12:00	65.720	65.800	65.660	65.665	5
2025-04-25 12:05	65.660	65.710	65.610	65.700	5
2025-04-25 12:10	65.690	65.805	65.660	65.695	5
2025-04-25 12:15	65.705	65.720	65.655	65.655	5
2025-04-25 12:20	65.640	65.680	65.560	65.655	5
2025-04-25 12:25	65.650	65.655	65.565	65.580	5
2025-04-25 12:30	65.575	65.645	65.575	65.620	5
2025-04-25 12:35	65.625	65.705	65.605	65.700	5
2025-04-25 12:40	65.695	65.710	65.640	65.645	5
2025-04-25 12:45	65.635	65.680	65.620	65.675	5
2025-04-25 12:50	65.670	65.715	65.640	65.675	5
2025-04-25 12:55	65.670	65.705	65.660	65.665	5
2025-04-25 13:00	65.675	65.915	65.605	65.905	5
2025-04-25 13:05	65.900	66.060	65.855	65.910	5
2025-04-25 13:10	65.915	65.970	65.880	65.950	5
2025-04-25 13:15	65.940	66.015	65.900	65.925	5
2025-04-25 13:20	65.920	66.025	65.920	65.980	5
2025-04-25 13:25	65.985	66.065	65.980	66.045	5
2025-04-25 13:30	66.040	66.210	66.035	66.190	5
2025-04-25 13:35	66.195	66.220	66.125	66.130	5
2025-04-25 13:40	66.135	66.160	66.035	66.090	5
2025-04-25 13:45	66.095	66.240	66.080	66.210	5
2025-04-25 13:50	66.215	66.275	66.185	66.265	5
2025-04-25 13:55	66.255	66.310	66.170	66.180	5
2025-04-25 14:00	66.190	66.265	66.170	66.220	5
2025-04-25 14:05	66.225	66.365	66.220	66.350	5
2025-04-25 14:10	66.345	66.420	66.310	66.320	5
2025-04-25 14:15	66.315	66.380	66.280	66.315	5
2025-04-25 14:20	66.320	66.335	66.155	66.265	5
2025-04-25 14:25	66.260	66.260	66.130	66.195	5
2025-04-25 14:30	66.200	66.275	66.130	66.265	5
2025-04-25 14:35	66.270	66.275	66.150	66.165	5
2025-04-25 14:40	66.160	66.275	66.095	66.240	5
2025-04-25 14:45	66.230	66.265	66.070	66.100	5
2025-04-25 14:50	66.105	66.120	66.010	66.085	5
2025-04-25 14:55	66.080	66.150	66.060	66.140	5
2025-04-25 15:00	66.130	66.210	66.120	66.200	5
2025-04-25 15:05	66.205	66.355	66.190	66.290	5
2025-04-25 15:10	66.295	66.520	66.295	66.490	5
2025-04-25 15:15	66.495	66.535	66.450	66.485	5
2025-04-25 15:20	66.490	66.615	66.490	66.575	5
2025-04-25 15:25	66.585	66.625	66.520	66.565	5
2025-04-25 15:30	66.555	66.635	66.525	66.600	5
2025-04-25 15:35	66.605	66.605	66.495	66.555	5
2025-04-25 15:40	66.560	66.670	66.555	66.650	5
2025-04-25 15:45	66.655	66.680	66.575	66.580	5
2025-04-25 15:50	66.585	66.635	66.540	66.625	5
2025-04-25 15:55	66.645	66.685	66.615	66.675	5
2025-04-25 16:00	66.665	66.740	66.650	66.690	5
2025-04-25 16:05	66.695	66.705	66.605	66.695	5
2025-04-25 16:10	66.705	66.755	66.675	66.740	5
2025-04-25 16:15	66.745	66.795	66.740	66.765	5
2025-04-25 16:20	66.770	66.775	66.715	66.760	5
2025-04-25 16:25	66.755	66.775	66.720	66.745	5
2025-04-25 16:30	66.760	66.800	66.695	66.800	5
2025-04-25 16:35	66.805	66.840	66.650	66.690	5
2025-04-25 16:40	66.685	66.715	66.635	66.680	5
2025-04-25 16:45	66.675	66.740	66.635	66.730	5
2025-04-25 16:50	66.725	66.765	66.685	66.740	5
2025-04-25 16:55	66.735	66.805	66.735	66.780	5
2025-04-25 17:00	66.775	66.815	66.755	66.765	5
2025-04-25 17:05	66.775	67.030	66.775	66.930	5
2025-04-25 17:10	66.925	67.010	66.925	66.975	5
2025-04-25 17:15	66.980	67.020	66.910	66.925	5
2025-04-25 17:20	66.930	66.935	66.650	66.670	5
2025-04-25 17:25	66.680	66.840	66.650	66.830	5
2025-04-25 17:30	66.820	66.860	66.815	66.830	5
2025-04-25 17:35	66.825	66.860	66.680	66.770	5
2025-04-25 17:40	66.775	66.895	66.745	66.885	5
2025-04-25 17:45	66.880	66.900	66.815	66.870	5
2025-04-25 17:50	66.865	66.870	66.640	66.650	5
2025-04-25 17:55	66.660	66.670	66.570	66.590	5
2025-04-25 18:00	66.600	66.645	66.570	66.625	5
2025-04-25 18:05	66.630	66.750	66.625	66.725	5
2025-04-25 18:10	66.720	66.770	66.660	66.755	5
2025-04-25 18:15	66.750	66.805	66.730	66.800	5
2025-04-25 18:20	66.805	66.915	66.795	66.890	5
2025-04-25 18:25	66.885	66.915	66.795	66.885	5
2025-04-25 18:30	66.890	66.920	66.885	66.885	4
2025-04-25 18:35	66.895	66.925	66.885	66.910	5
2025-04-25 18:40	66.915	66.965	66.890	66.895	5
2025-04-25 18:45	66.900	66.905	66.805	66.850	5
2025-04-25 18:50	66.865	66.880	66.810	66.875	5
2025-04-25 18:55	66.865	66.885	66.830	66.880	5
2025-04-25 19:00	66.885	66.985	66.880	66.985	5
2025-04-25 19:05	66.995	67.000	66.985	66.990	4
2025-04-25 19:10	66.995	67.015	66.985	67.005	4
2025-04-25 19:15	67.010	67.055	67.000	67.040	5
2025-04-25 19:20	67.045	67.130	67.040	67.130	5
2025-04-25 19:25	67.125	67.125	67.025	67.035	5
2025-04-25 19:30	67.030	67.030	66.955	66.960	5
2025-04-25 19:35	66.955	66.980	66.920	66.940	5
2025-04-25 19:40	66.945	66.955	66.910	66.930	5
2025-04-25 19:45	66.925	66.965	66.920	66.950	5
2025-04-25 19:50	66.955	67.025	66.955	67.025	5
2025-04-25 19:55	67.020	67.050	66.960	66.980	5
2025-04-25 20:00	66.970	66.972	66.937	66.962	5
2025-04-25 20:05	66.967	66.997	66.967	66.997	4
2025-04-25 20:10	67.007	67.017	66.997	67.007	4
2025-04-25 20:15	66.997	66.997	66.977	66.987	2
2025-04-25 20:20	66.982	67.027	66.977	67.022	5
2025-04-25 20:25	67.027	67.037	67.017	67.027	5
2025-04-25 20:30	67.022	67.027	67.002	67.007	4
2025-04-25 20:35	67.012	67.132	66.977	66.982	5
2025-04-25 20:40	66.957	66.957	66.897	66.937	3
2025-04-28 00:00	65.915	65.990	65.840	65.945	5
2025-04-28 00:05	65.940	66.000	65.860	65.880	5
2025-04-28 00:10	65.875	65.905	65.820	65.830	5
2025-04-28 00:15	65.840	66.000	65.840	65.885	5
2025-04-28 00:20	65.890	65.930	65.850	65.880	5
2025-04-28 00:25	65.875	65.890	65.840	65.880	5
2025-04-28 00:30	65.875	66.000	65.875	65.950	5
2025-04-28 00:35	65.945	65.945	65.895	65.895	5
2025-04-28 00:40	65.890	65.925	65.840	65.840	5
2025-04-28 00:45	65.855	65.890	65.850	65.880	5
2025-04-28 00:50	65.885	65.915	65.870	65.900	4
2025-04-28 00:55	65.895	65.955	65.890	65.895	5
2025-04-28 01:00	65.915	66.125	65.875	65.995	5
2025-04-28 01:05	65.990	66.000	65.920	65.965	5
2025-04-28 01:10	65.970	66.070	65.970	65.985	5
2025-04-28 01:15	65.980	65.995	65.835	65.845	5
2025-04-28 01:20	65.840	65.925	65.830	65.895	5
2025-04-28 01:25	65.890	65.905	65.855	65.865	5
2025-04-28 01:30	65.860	65.865	65.775	65.775	5
2025-04-28 01:35	65.780	65.855	65.780	65.815	5
2025-04-28 01:40	65.810	65.810	65.700	65.745	5
2025-04-28 01:45	65.740	65.815	65.735	65.740	5
2025-04-28 01:50	65.735	65.740	65.675	65.690	5
2025-04-28 01:55	65.680	65.715	65.675	65.695	5
2025-04-28 02:00	65.700	65.700	65.615	65.635	5
2025-04-28 02:05	65.630	65.665	65.630	65.645	5
2025-04-28 02:10	65.640	65.655	65.625	65.650	5
2025-04-28 02:15	65.655	65.690	65.625	65.670	5
2025-04-28 02:20	65.665	65.745	65.665	65.745	4
2025-04-28 02:25	65.740	65.740	65.665	65.670	5
2025-04-28 02:30	65.665	65.695	65.635	65.655	5
2025-04-28 02:35	65.660	65.710	65.635	65.700	5
2025-04-28 02:40	65.705	65.715	65.685	65.705	5
2025-04-28 02:45	65.700	65.700	65.645	65.670	5
2025-04-28 02:50	65.665	65.675	65.650	65.650	5
2025-04-28 02:55	65.645	65.660	65.635	65.640	5
2025-04-28 03:00	65.645	65.700	65.630	65.680	5
2025-04-28 03:05	65.675	65.710	65.670	65.680	5
2025-04-28 03:10	65.675	65.755	65.675	65.730	5
2025-04-28 03:15	65.740	65.870	65.730	65.860	5
2025-04-28 03:20	65.865	65.930	65.855	65.930	5
2025-04-28 03:25	65.925	66.015	65.920	66.015	5
2025-04-28 03:30	66.010	66.025	65.940	65.950	5
2025-04-28 03:35	65.945	65.970	65.945	65.960	5
2025-04-28 03:40	65.965	65.995	65.930	65.930	5
2025-04-28 03:45	65.935	65.970	65.935	65.940	5
2025-04-28 03:50	65.935	65.935	65.875	65.880	5
2025-04-28 03:55	65.875	65.905	65.870	65.895	4
2025-04-28 04:00	65.890	65.930	65.855	65.930	5
2025-04-28 04:05	65.945	65.945	65.925	65.930	4
2025-04-28 04:10	65.935	65.945	65.925	65.940	3
2025-04-28 04:15	65.930	65.945	65.930	65.940	4
2025-04-28 04:20	65.930	65.945	65.920	65.945	4
2025-04-28 04:25	65.955	66.005	65.955	65.990	5
2025-04-28 04:30	65.980	65.985	65.955	65.985	5
2025-04-28 04:35	65.990	66.025	65.980	66.025	5
2025-04-28 04:40	66.030	66.040	66.015	66.040	4
2025-04-28 04:45	66.035	66.050	66.030	66.050	4
2025-04-28 04:50	66.045	66.055	66.020	66.030	4
2025-04-28 04:55	66.035	66.040	65.980	66.030	5
2025-04-28 05:00	66.035	66.045	66.005	66.025	5
2025-04-28 05:05	66.030	66.055	66.015	66.025	5
2025-04-28 05:10	66.030	66.080	66.030	66.030	5
2025-04-28 05:15	66.035	66.070	66.025	66.070	5
2025-04-28 05:20	66.065	66.065	66.015	66.025	4
2025-04-28 05:25	66.015	66.025	65.990	66.010	5
2025-04-28 05:30	66.015	66.145	66.015	66.090	5
2025-04-28 05:35	66.085	66.155	66.080	66.145	5
2025-04-28 05:40	66.160	66.175	66.125	66.125	5
2025-04-28 05:45	66.135	66.155	66.060	66.145	5
2025-04-28 05:50	66.140	66.165	66.125	66.150	5
2025-04-28 05:55	66.155	66.180	66.155	66.165	5
2025-04-28 06:00	66.170	66.230	66.125	66.125	5
2025-04-28 06:05	66.130	66.195	66.125	66.155	5
2025-04-28 06:10	66.150	66.230	66.150	66.155	5
2025-04-28 06:15	66.145	66.150	66.090	66.100	5
2025-04-28 06:20	66.110	66.110	66.020	66.020	5
2025-04-28 06:25	66.015	66.045	66.005	66.025	5
2025-04-28 06:30	66.030	66.035	65.965	65.970	5
2025-04-28 06:35	65.965	65.990	65.935	65.985	5
2025-04-28 06:40	65.990	66.035	65.955	65.995	5
2025-04-28 06:45	66.000	66.095	65.995	66.075	5
2025-04-28 06:50	66.070	66.090	66.015	66.040	5
2025-04-28 06:55	66.035	66.075	66.010	66.045	5
2025-04-28 07:00	66.025	66.025	65.885	65.910	5
2025-04-28 07:05	65.905	65.965	65.890	65.935	5
2025-04-28 07:10	65.930	65.935	65.845	65.865	5
2025-04-28 07:15	65.855	65.865	65.825	65.855	5
2025-04-28 07:20	65.850	66.015	65.845	66.000	5
2025-04-28 07:25	65.995	66.035	65.885	65.895	5
2025-04-28 07:30	65.885	65.885	65.825	65.845	5
2025-04-28 07:35	65.855	65.865	65.815	65.845	5
2025-04-28 07:40	65.840	65.905	65.835	65.845	5
2025-04-28 07:45	65.855	65.905	65.835	65.875	5
2025-04-28 07:50	65.865	65.975	65.865	65.915	5
2025-04-28 07:55	65.905	65.930	65.835	65.875	5
2025-04-28 08:00	65.880	65.935	65.735	65.755	5
2025-04-28 08:05	65.750	65.925	65.750	65.920	5
2025-04-28 08:10	65.915	65.945	65.860	65.910	5
2025-04-28 08:15	65.900	65.925	65.875	65.915	5
2025-04-28 08:20	65.910	65.910	65.815	65.835	5
2025-04-28 08:25	65.830	65.840	65.735	65.745	5
2025-04-28 08:30	65.740	65.805	65.705	65.740	5
2025-04-28 08:35	65.735	65.755	65.685	65.685	5
2025-04-28 08:40	65.700	65.750	65.695	65.735	5
2025-04-28 08:45	65.745	65.805	65.700	65.715	5
2025-04-28 08:50	65.705	65.775	65.635	65.645	5
2025-04-28 08:55	65.650	65.695	65.635	65.660	5
2025-04-28 09:00	65.665	65.675	65.605	65.635	5
2025-04-28 09:05	65.625	65.695	65.625	65.635	5
2025-04-28 09:10	65.625	65.645	65.557	65.645	5
2025-04-28 09:15	65.655	65.705	65.650	65.705	5
2025-04-28 09:20	65.695	65.705	65.655	65.675	5
2025-04-28 09:25	65.670	65.705	65.665	65.695	5
2025-04-28 09:30	65.690	65.705	65.645	65.655	5
2025-04-28 09:35	65.645	65.665	65.620	65.635	5
2025-04-28 09:40	65.645	65.655	65.615	65.645	5
2025-04-28 09:45	65.665	65.675	65.645	65.665	5
2025-04-28 09:50	65.655	65.675	65.640	65.650	5
2025-04-28 09:55	65.655	65.665	65.550	65.555	5
2025-04-28 10:00	65.557	65.557	65.470	65.480	5
2025-04-28 10:05	65.475	65.535	65.475	65.505	5
2025-04-28 10:10	65.500	65.575	65.500	65.525	5
2025-04-28 10:15	65.535	65.580	65.525	65.535	5
2025-04-28 10:20	65.540	65.540	65.430	65.435	5
2025-04-28 10:25	65.430	65.455	65.375	65.385	5
2025-04-28 10:30	65.380	65.435	65.375	65.420	5
2025-04-28 10:35	65.415	65.480	65.415	65.455	5
2025-04-28 10:40	65.445	65.470	65.395	65.415	5
2025-04-28 10:45	65.405	65.445	65.390	65.400	5
2025-04-28 10:50	65.395	65.425	65.330	65.385	5
2025-04-28 10:55	65.395	65.495	65.395	65.475	5
2025-04-28 11:00	65.485	65.500	65.375	65.445	5
2025-04-28 11:05	65.450	65.480	65.405	65.415	5
2025-04-28 11:10	65.425	65.535	65.410	65.490	5
2025-04-28 11:15	65.495	65.510	65.430	65.445	5
2025-04-28 11:20	65.440	65.475	65.410	65.455	5
2025-04-28 11:25	65.445	65.485	65.445	65.465	3
2025-04-28 11:30	65.475	65.555	65.395	65.530	5
2025-04-28 11:35	65.525	65.585	65.525	65.555	5
2025-04-28 11:40	65.545	65.595	65.540	65.565	5
2025-04-28 11:45	65.570	65.615	65.550	65.595	5
2025-04-28 11:50	65.600	65.685	65.585	65.665	5
2025-04-28 11:55	65.655	65.665	65.585	65.615	5
2025-04-28 12:00	65.625	65.680	65.570	65.585	5
2025-04-28 12:05	65.590	65.595	65.435	65.445	5
2025-04-28 12:10	65.450	65.575	65.450	65.575	5
2025-04-28 12:15	65.580	65.705	65.575	65.640	5
2025-04-28 12:20	65.645	65.680	65.625	65.665	5
2025-04-28 12:25	65.685	65.725	65.625	65.675	5
2025-04-28 12:30	65.680	65.705	65.645	65.655	5
2025-04-28 12:35	65.660	65.755	65.615	65.625	5
2025-04-28 12:40	65.620	65.640	65.590	65.595	5
2025-04-28 12:45	65.605	65.695	65.605	65.615	5
2025-04-28 12:50	65.625	65.695	65.530	65.635	5
2025-04-28 12:55	65.625	65.705	65.615	65.615	5
2025-04-28 13:00	65.610	65.645	65.490	65.635	5
2025-04-28 13:05	65.625	65.680	65.525	65.535	5
2025-04-28 13:10	65.550	65.595	65.495	65.535	5
2025-04-28 13:15	65.555	65.605	65.540	65.590	5
2025-04-28 13:20	65.585	65.625	65.585	65.605	5
2025-04-28 13:25	65.595	65.695	65.595	65.665	5
2025-04-28 13:30	65.670	65.815	65.665	65.705	5
2025-04-28 13:35	65.735	65.745	65.505	65.555	5
2025-04-28 13:40	65.550	65.645	65.395	65.485	5
2025-04-28 13:45	65.495	65.505	65.095	65.155	5
2025-04-28 13:50	65.145	65.270	65.145	65.235	5
2025-04-28 13:55	65.240	65.265	65.055	65.075	5
2025-04-28 14:00	65.085	65.125	64.865	65.045	5
2025-04-28 14:05	65.055	65.120	64.995	64.995	5
2025-04-28 14:10	65.015	65.100	64.925	64.975	5
2025-04-28 14:15	64.985	65.055	64.925	64.945	5
2025-04-28 14:20	64.955	65.085	64.930	65.085	5
2025-04-28 14:25	65.090	65.115	64.885	64.915	5
2025-04-28 14:30	64.920	65.035	64.785	65.015	5
2025-04-28 14:35	65.025	65.195	65.010	65.095	5
2025-04-28 14:40	65.090	65.105	64.920	65.065	5
2025-04-28 14:45	65.075	65.085	64.895	64.945	5
2025-04-28 14:50	64.950	64.960	64.735	64.775	5
2025-04-28 14:55	64.755	64.875	64.735	64.805	5
2025-04-28 15:00	64.795	64.905	64.785	64.810	5
2025-04-28 15:05	64.815	64.825	64.505	64.650	5
2025-04-28 15:10	64.655	64.705	64.590	64.655	5
2025-04-28 15:15	64.650	64.785	64.615	64.665	5
2025-04-28 15:20	64.660	64.660	64.525	64.585	5
2025-04-28 15:25	64.575	64.585	64.345	64.365	5
2025-04-28 15:30	64.370	64.495	64.365	64.440	5
2025-04-28 15:35	64.435	64.585	64.435	64.455	5
2025-04-28 15:40	64.460	64.545	64.395	64.475	5
2025-04-28 15:45	64.470	64.570	64.435	64.565	5
2025-04-28 15:50	64.560	64.670	64.535	64.585	5
2025-04-28 15:55	64.595	64.595	64.445	64.470	5
2025-04-28 16:00	64.465	64.545	64.445	64.475	5
2025-04-28 16:05	64.485	64.560	64.475	64.485	5
2025-04-28 16:10	64.490	64.505	64.425	64.475	5
2025-04-28 16:15	64.485	64.575	64.485	64.495	5
2025-04-28 16:20	64.505	64.570	64.465	64.510	5
2025-04-28 16:25	64.505	64.535	64.475	64.495	5
2025-04-28 16:30	64.510	64.575	64.480	64.495	5
2025-04-28 16:35	64.500	64.535	64.305	64.315	5
2025-04-28 16:40	64.305	64.385	64.255	64.345	5
2025-04-28 16:45	64.365	64.410	64.345	64.355	5
2025-04-28 16:50	64.350	64.375	64.315	64.350	5
2025-04-28 16:55	64.355	64.375	64.315	64.335	5
2025-04-28 17:00	64.330	64.365	64.305	64.310	5
2025-04-28 17:05	64.305	64.335	64.225	64.225	5
2025-04-28 17:10	64.215	64.300	64.215	64.295	5
2025-04-28 17:15	64.300	64.395	64.285	64.325	5
2025-04-28 17:20	64.320	64.325	64.260	64.305	5
2025-04-28 17:25	64.325	64.365	64.290	64.335	5
2025-04-28 17:30	64.325	64.375	64.290	64.305	5
2025-04-28 17:35	64.300	64.365	64.295	64.355	5
2025-04-28 17:40	64.360	64.365	64.305	64.335	5
2025-04-28 17:45	64.340	64.430	64.340	64.385	5
2025-04-28 17:50	64.390	64.515	64.390	64.490	5
2025-04-28 17:55	64.485	64.555	64.475	64.515	5
2025-04-28 18:00	64.510	64.545	64.495	64.520	5
2025-04-28 18:05	64.515	64.535	64.495	64.510	5
2025-04-28 18:10	64.505	64.615	64.495	64.590	5
2025-04-28 18:15	64.585	64.645	64.585	64.590	5
2025-04-28 18:20	64.585	64.645	64.585	64.645	5
2025-04-28 18:25	64.635	64.795	64.620	64.775	5
2025-04-28 18:30	64.765	64.805	64.725	64.735	5
2025-04-28 18:35	64.740	64.765	64.705	64.720	5
2025-04-28 18:40	64.715	64.745	64.715	64.735	5
2025-04-28 18:45	64.740	64.745	64.675	64.685	5
2025-04-28 18:50	64.675	64.675	64.635	64.665	4
2025-04-28 18:55	64.660	64.685	64.660	64.670	5
2025-04-28 19:00	64.675	64.715	64.675	64.715	5
2025-04-28 19:05	64.720	64.725	64.695	64.700	5
2025-04-28 19:10	64.695	64.720	64.675	64.690	5
2025-04-28 19:15	64.695	64.705	64.685	64.695	5
2025-04-28 19:20	64.700	64.715	64.690	64.695	5
2025-04-28 19:25	64.690	64.695	64.685	64.695	4
2025-04-28 19:30	64.690	64.695	64.665	64.685	5
2025-04-28 19:35	64.680	64.695	64.670	64.695	5
2025-04-28 19:40	64.685	64.695	64.680	64.685	5
2025-04-28 19:45	64.690	64.695	64.675	64.685	5
2025-04-28 19:50	64.695	64.760	64.690	64.715	5
2025-04-28 19:55	64.710	64.745	64.695	64.700	5
2025-04-28 20:00	64.677	64.682	64.592	64.597	5
2025-04-28 20:05	64.602	64.602	64.583	64.602	5
2025-04-28 20:10	64.597	64.597	64.552	64.552	5
2025-04-28 20:15	64.542	64.567	64.537	64.552	5
2025-04-28 20:20	64.547	64.577	64.533	64.572	4
2025-04-28 20:25	64.577	64.582	64.562	64.572	5
2025-04-28 20:30	64.567	64.622	64.567	64.612	5
2025-04-28 20:35	64.617	64.617	64.562	64.577	5
2025-04-28 20:40	64.572	64.577	64.532	64.542	5
2025-04-28 20:45	64.532	64.567	64.522	64.547	5
2025-04-28 20:50	64.552	64.632	64.552	64.602	4
2025-04-28 20:55	64.597	64.602	64.562	64.562	5
2025-04-29 00:00	64.725	64.730	64.560	64.600	5
2025-04-29 00:05	64.595	64.660	64.570	64.640	5
2025-04-29 00:10	64.630	64.700	64.610	64.635	5
2025-04-29 00:15	64.665	64.685	64.590	64.605	5
2025-04-29 00:20	64.615	64.615	64.545	64.575	5
2025-04-29 00:25	64.570	64.585	64.525	64.545	5
2025-04-29 00:30	64.540	64.550	64.500	64.515	5
2025-04-29 00:35	64.530	64.625	64.505	64.565	5
2025-04-29 00:40	64.570	64.605	64.550	64.590	5
2025-04-29 00:45	64.585	64.595	64.545	64.570	5
2025-04-29 00:50	64.575	64.645	64.570	64.625	5
2025-04-29 00:55	64.630	64.645	64.560	64.570	5
2025-04-29 01:00	64.550	64.705	64.505	64.695	5
2025-04-29 01:05	64.690	64.710	64.670	64.680	5
2025-04-29 01:10	64.675	64.685	64.625	64.625	5
2025-04-29 01:15	64.620	64.625	64.565	64.575	5
2025-04-29 01:20	64.570	64.630	64.520	64.595	5
2025-04-29 01:25	64.605	64.625	64.595	64.605	5
2025-04-29 01:30	64.595	64.610	64.505	64.515	5
2025-04-29 01:35	64.505	64.535	64.490	64.525	5
2025-04-29 01:40	64.530	64.655	64.525	64.585	5
2025-04-29 01:45	64.575	64.675	64.565	64.660	5
2025-04-29 01:50	64.665	64.665	64.555	64.565	5
2025-04-29 01:55	64.575	64.690	64.575	64.660	5
2025-04-29 02:00	64.655	64.740	64.655	64.710	5
2025-04-29 02:05	64.720	64.730	64.665	64.700	5
2025-04-29 02:10	64.695	64.785	64.690	64.775	5
2025-04-29 02:15	64.765	64.795	64.745	64.760	5
2025-04-29 02:20	64.765	64.770	64.685	64.685	5
2025-04-29 02:25	64.675	64.695	64.645	64.650	5
2025-04-29 02:30	64.645	64.685	64.605	64.665	5
2025-04-29 02:35	64.660	64.690	64.655	64.680	5
2025-04-29 02:40	64.675	64.685	64.605	64.615	5
2025-04-29 02:45	64.605	64.605	64.535	64.540	5
2025-04-29 02:50	64.535	64.555	64.450	64.465	5
2025-04-29 02:55	64.455	64.465	64.385	64.405	5
2025-04-29 03:00	64.400	64.455	64.395	64.430	5
2025-04-29 03:05	64.425	64.475	64.425	64.440	5
2025-04-29 03:10	64.435	64.455	64.435	64.450	5
2025-04-29 03:15	64.445	64.455	64.435	64.445	5
2025-04-29 03:20	64.435	64.495	64.415	64.435	5
2025-04-29 03:25	64.445	64.455	64.395	64.435	5
2025-04-29 03:30	64.445	64.475	64.445	64.465	5
2025-04-29 03:35	64.455	64.460	64.360	64.365	5
2025-04-29 03:40	64.350	64.370	64.340	64.340	5
2025-04-29 03:45	64.345	64.365	64.305	64.355	5
2025-04-29 03:50	64.360	64.380	64.325	64.375	5
2025-04-29 03:55	64.365	64.400	64.345	64.395	5
2025-04-29 04:00	64.400	64.410	64.315	64.325	5
2025-04-29 04:05	64.335	64.365	64.335	64.350	5
2025-04-29 04:10	64.345	64.365	64.320	64.340	5
2025-04-29 04:15	64.345	64.355	64.320	64.335	5
2025-04-29 04:20	64.288	64.335	64.288	64.320	5
2025-04-29 04:25	64.325	64.400	64.315	64.375	5
2025-04-29 04:30	64.365	64.380	64.345	64.345	5
2025-04-29 04:35	64.340	64.340	64.295	64.325	4
2025-04-29 04:40	64.320	64.325	64.278	64.278	5
2025-04-29 04:45	64.325	64.325	64.285	64.285	5
2025-04-29 04:50	64.280	64.285	64.235	64.245	5
2025-04-29 04:55	64.235	64.270	64.235	64.270	5
2025-04-29 05:00	64.265	64.315	64.110	64.185	5
2025-04-29 05:05	64.175	64.195	64.145	64.185	5
2025-04-29 05:10	64.180	64.190	64.105	64.125	5
2025-04-29 05:15	64.120	64.155	64.095	64.110	5
2025-04-29 05:20	64.105	64.135	64.085	64.115	5
2025-04-29 05:25	64.125	64.125	64.085	64.085	5
2025-04-29 05:30	64.075	64.075	63.995	64.000	5
2025-04-29 05:35	64.000	64.105	64.000	64.060	5
2025-04-29 05:40	64.055	64.090	64.035	64.085	5
2025-04-29 05:45	64.090	64.175	64.090	64.170	5
2025-04-29 05:50	64.165	64.175	64.140	64.145	5
2025-04-29 05:55	64.155	64.175	64.135	64.145	5
2025-04-29 06:00	64.150	64.175	64.135	64.145	5
2025-04-29 06:05	64.135	64.170	64.045	64.045	5
2025-04-29 06:10	64.055	64.170	64.035	64.145	5
2025-04-29 06:15	64.140	64.210	64.140	64.195	5
2025-04-29 06:20	64.185	64.275	64.145	64.150	5
2025-04-29 06:25	64.135	64.215	64.125	64.205	5
2025-04-29 06:30	64.210	64.275	64.195	64.275	5
2025-04-29 06:35	64.290	64.295	64.225	64.280	5
2025-04-29 06:40	64.285	64.295	64.230	64.275	5
2025-04-29 06:45	64.280	64.285	64.215	64.230	5
2025-04-29 06:50	64.225	64.240	64.145	64.175	5
2025-04-29 06:55	64.165	64.180	64.095	64.125	5
2025-04-29 07:00	64.130	64.145	64.045	64.085	5
2025-04-29 07:05	64.075	64.165	64.075	64.125	5
2025-04-29 07:10	64.115	64.165	64.115	64.155	5
2025-04-29 07:15	64.145	64.165	64.105	64.115	5
2025-04-29 07:20	64.105	64.175	64.095	64.145	5
2025-04-29 07:25	64.140	64.185	64.135	64.145	5
2025-04-29 07:30	64.140	64.175	64.065	64.065	5
2025-04-29 07:35	64.055	64.065	63.820	63.835	5
2025-04-29 07:40	63.830	63.905	63.795	63.795	5
2025-04-29 07:45	63.805	63.915	63.805	63.895	5
2025-04-29 07:50	63.905	63.965	63.885	63.925	5
2025-04-29 07:55	63.935	63.935	63.865	63.875	5
2025-04-29 08:00	63.885	63.975	63.885	63.955	5
2025-04-29 08:05	63.965	64.125	63.945	64.125	5
2025-04-29 08:10	64.120	64.125	64.045	64.115	5
2025-04-29 08:15	64.125	64.260	64.115	64.235	5
2025-04-29 08:20	64.225	64.295	64.185	64.245	5
2025-04-29 08:25	64.255	64.295	64.200	64.255	5
2025-04-29 08:30	64.245	64.315	64.110	64.150	5
2025-04-29 08:35	64.145	64.180	64.085	64.095	5
2025-04-29 08:40	64.090	64.090	63.935	63.945	5
2025-04-29 08:45	63.935	64.010	63.895	63.900	5
2025-04-29 08:50	63.895	63.910	63.785	63.825	5
2025-04-29 08:55	63.810	63.810	63.605	63.620	5
2025-04-29 09:00	63.625	63.790	63.615	63.730	5
2025-04-29 09:05	63.735	63.790	63.595	63.715	5
2025-04-29 09:10	63.710	63.850	63.710	63.775	5
2025-04-29 09:15	63.760	63.815	63.705	63.790	5
2025-04-29 09:20	63.795	63.850	63.795	63.840	5
2025-04-29 09:25	63.835	63.950	63.825	63.935	5
2025-04-29 09:30	63.920	63.985	63.865	63.975	5
2025-04-29 09:35	63.985	64.130	63.975	64.050	5
2025-04-29 09:40	64.045	64.045	63.825	63.825	5
2025-04-29 09:45	63.835	63.865	63.795	63.795	5
2025-04-29 09:50	63.785	63.915	63.785	63.895	5
2025-04-29 09:55	63.905	63.935	63.845	63.860	5
2025-04-29 10:00	63.865	63.910	63.775	63.815	5
2025-04-29 10:05	63.805	63.935	63.775	63.905	5
2025-04-29 10:10	63.915	63.975	63.905	63.945	5
2025-04-29 10:15	63.935	63.960	63.905	63.925	5
2025-04-29 10:20	63.905	63.975	63.895	63.945	5
2025-04-29 10:25	63.955	63.970	63.885	63.915	5
2025-04-29 10:30	63.910	63.915	63.735	63.735	5
2025-04-29 10:35	63.740	63.745	63.665	63.685	5
2025-04-29 10:40	63.690	63.745	63.645	63.720	5
2025-04-29 10:45	63.725	63.725	63.535	63.645	5
2025-04-29 10:50	63.635	63.675	63.635	63.635	5
2025-04-29 10:55	63.640	63.730	63.635	63.705	5
2025-04-29 11:00	63.695	63.755	63.670	63.715	5
2025-04-29 11:05	63.725	63.745	63.645	63.645	5
2025-04-29 11:10	63.650	63.685	63.615	63.630	5
2025-04-29 11:15	63.635	63.705	63.605	63.655	5
2025-04-29 11:20	63.670	63.745	63.665	63.710	5
2025-04-29 11:25	63.715	63.720	63.595	63.595	5
2025-04-29 11:30	63.585	63.695	63.485	63.655	5
2025-04-29 11:35	63.665	63.745	63.665	63.715	5
2025-04-29 11:40	63.725	63.755	63.655	63.665	5
2025-04-29 11:45	63.670	63.745	63.660	63.745	5
2025-04-29 11:50	63.735	63.745	63.655	63.715	5
2025-04-29 11:55	63.705	63.745	63.695	63.735	5
2025-04-29 12:00	63.740	63.905	63.720	63.825	5
2025-04-29 12:05	63.815	63.815	63.735	63.785	5
2025-04-29 12:10	63.780	63.845	63.775	63.815	5
2025-04-29 12:15	63.805	63.845	63.725	63.735	5
2025-04-29 12:20	63.745	63.745	63.690	63.735	5
2025-04-29 12:25	63.725	63.725	63.655	63.670	5
2025-04-29 12:30	63.665	63.745	63.635	63.655	5
2025-04-29 12:35	63.645	63.705	63.635	63.685	5
2025-04-29 12:40	63.675	63.775	63.615	63.765	5
2025-04-29 12:45	63.755	63.755	63.515	63.515	5
2025-04-29 12:50	63.510	63.515	63.410	63.495	5
2025-04-29 12:55	63.500	63.595	63.485	63.530	5
2025-04-29 13:00	63.525	63.792	63.525	63.650	5
2025-04-29 13:05	63.645	63.760	63.600	63.650	5
2025-04-29 13:10	63.645	63.725	63.535	63.615	5
2025-04-29 13:15	63.630	63.705	63.535	63.655	5
2025-04-29 13:20	63.645	63.740	63.625	63.635	5
2025-04-29 13:25	63.645	63.775	63.645	63.735	5
2025-04-29 13:30	63.740	63.855	63.645	63.795	5
2025-04-29 13:35	63.790	63.790	63.655	63.695	5
2025-04-29 13:40	63.690	63.765	63.595	63.605	5
2025-04-29 13:45	63.610	63.625	63.505	63.525	5
2025-04-29 13:50	63.520	63.675	63.498	63.630	5
2025-04-29 13:55	63.635	63.675	63.575	63.600	5
2025-04-29 14:00	63.605	63.605	63.450	63.480	5
2025-04-29 14:05	63.475	63.555	63.435	63.465	5
2025-04-29 14:10	63.460	63.545	63.435	63.520	5
2025-04-29 14:15	63.515	63.675	63.448	63.605	5
2025-04-29 14:20	63.600	63.625	63.510	63.515	5
2025-04-29 14:25	63.510	63.510	63.215	63.260	5
2025-04-29 14:30	63.255	63.355	63.240	63.320	5
2025-04-29 14:35	63.315	63.375	63.230	63.230	5
2025-04-29 14:40	63.235	63.285	63.165	63.225	5
2025-04-29 14:45	63.235	63.395	63.225	63.340	5
2025-04-29 14:50	63.335	63.675	63.325	63.535	5
2025-04-29 14:55	63.530	63.675	63.460	63.470	5
2025-04-29 15:00	63.465	63.535	63.405	63.465	5
2025-04-29 15:05	63.455	63.510	63.385	63.500	5
2025-04-29 15:10	63.495	63.675	63.495	63.645	5
2025-04-29 15:15	63.655	63.775	63.605	63.650	5
2025-04-29 15:20	63.655	63.735	63.615	63.645	5
2025-04-29 15:25	63.640	63.765	63.630	63.690	5
2025-04-29 15:30	63.695	63.695	63.505	63.535	5
2025-04-29 15:35	63.530	63.535	63.355	63.365	5
2025-04-29 15:40	63.360	63.450	63.325	63.350	5
2025-04-29 15:45	63.345	63.435	63.340	63.395	5
2025-04-29 15:50	63.390	63.425	63.345	63.365	5
2025-04-29 15:55	63.355	63.370	63.335	63.365	5
2025-04-29 16:00	63.375	63.465	63.360	63.435	5
2025-04-29 16:05	63.430	63.475	63.365	63.445	5
2025-04-29 16:10	63.435	63.495	63.415	63.465	5
2025-04-29 16:15	63.460	63.465	63.375	63.390	5
2025-04-29 16:20	63.395	63.405	63.215	63.255	5
2025-04-29 16:25	63.245	63.255	63.175	63.245	5
2025-04-29 16:30	63.265	63.280	63.125	63.170	5
2025-04-29 16:35	63.165	63.185	63.075	63.115	5
2025-04-29 16:40	63.125	63.215	63.085	63.205	5
2025-04-29 16:45	63.195	63.215	63.105	63.125	5
2025-04-29 16:50	63.120	63.145	63.095	63.140	5
2025-04-29 16:55	63.145	63.165	63.085	63.125	5
2025-04-29 17:00	63.135	63.205	63.120	63.205	5
2025-04-29 17:05	63.215	63.250	63.200	63.205	5
2025-04-29 17:10	63.200	63.295	63.150	63.275	5
2025-04-29 17:15	63.270	63.345	63.245	63.330	5
2025-04-29 17:20	63.325	63.355	63.290	63.305	5
2025-04-29 17:25	63.310	63.315	63.215	63.295	5
2025-04-29 17:30	63.305	63.345	63.275	63.285	5
2025-04-29 17:35	63.275	63.305	63.255	63.300	5
2025-04-29 17:40	63.295	63.300	63.205	63.235	5
2025-04-29 17:45	63.230	63.360	63.225	63.355	5
2025-04-29 17:50	63.365	63.465	63.355	63.430	5
2025-04-29 17:55	63.435	63.485	63.395	63.440	5
2025-04-29 18:00	63.435	63.455	63.365	63.385	5
2025-04-29 18:05	63.390	63.395	63.260	63.275	5
2025-04-29 18:10	63.270	63.275	63.095	63.145	5
2025-04-29 18:15	63.150	63.235	63.145	63.235	5
2025-04-29 18:20	63.240	63.355	63.225	63.295	5
2025-04-29 18:25	63.290	63.325	63.195	63.320	5
2025-04-29 18:30	63.310	63.315	63.175	63.180	5
2025-04-29 18:35	63.175	63.235	63.175	63.225	5
2025-04-29 18:40	63.220	63.275	63.220	63.260	5
2025-04-29 18:45	63.255	63.255	63.170	63.215	5
2025-04-29 18:50	63.210	63.235	63.180	63.215	5
2025-04-29 18:55	63.205	63.225	63.165	63.180	5
2025-04-29 19:00	63.185	63.185	63.165	63.175	5
2025-04-29 19:05	63.170	63.260	63.135	63.200	5
2025-04-29 19:10	63.205	63.210	63.155	63.170	5
2025-04-29 19:15	63.175	63.175	63.145	63.165	5
2025-04-29 19:20	63.155	63.175	63.130	63.165	5
2025-04-29 19:25	63.175	63.175	63.135	63.155	5
2025-04-29 19:30	63.165	63.175	63.155	63.165	5
2025-04-29 19:35	63.170	63.175	63.160	63.170	5
2025-04-29 19:40	63.175	63.175	63.130	63.155	5
2025-04-29 19:45	63.150	63.185	63.135	63.175	5
2025-04-29 19:50	63.185	63.195	63.120	63.125	5
2025-04-29 19:55	63.120	63.135	63.095	63.125	5
2025-04-29 20:00	63.130	63.130	63.092	63.102	5
2025-04-29 20:05	63.107	63.107	63.087	63.097	5
2025-04-29 20:10	63.107	63.107	63.087	63.092	5
2025-04-29 20:15	63.087	63.102	63.087	63.097	5
2025-04-29 20:20	63.102	63.107	63.087	63.092	5
2025-04-29 20:25	63.087	63.102	63.087	63.087	5
2025-04-29 20:30	63.087	63.087	63.087	63.087	5
2025-04-29 20:35	63.087	63.087	63.087	63.087	5
2025-04-29 20:40	63.087	63.087	62.972	62.987	5
2025-04-29 20:45	62.982	63.022	62.972	62.987	5
2025-04-29 20:50	62.992	63.027	62.977	62.997	5
2025-04-29 20:55	63.007	63.027	62.967	62.967	5
2025-04-30 00:00	63.145	63.180	63.115	63.160	5
2025-04-30 00:05	63.165	63.180	63.120	63.170	5
2025-04-30 00:10	63.165	63.175	63.128	63.160	5
2025-04-30 00:15	63.165	63.185	63.155	63.185	5
2025-04-30 00:20	63.190	63.195	63.160	63.165	5
2025-04-30 00:25	63.175	63.175	63.118	63.155	5
2025-04-30 00:30	63.165	63.165	63.095	63.120	5
2025-04-30 00:35	63.110	63.165	63.110	63.165	5
2025-04-30 00:40	63.160	63.160	63.090	63.120	5
2025-04-30 00:45	63.125	63.125	63.080	63.080	5
2025-04-30 00:50	63.090	63.105	63.065	63.100	5
2025-04-30 00:55	63.095	63.105	63.050	63.100	5
2025-04-30 01:00	63.095	63.220	63.065	63.215	5
2025-04-30 01:05	63.210	63.225	63.155	63.220	5
2025-04-30 01:10	63.215	63.255	63.195	63.240	5
2025-04-30 01:15	63.245	63.270	63.240	63.250	5
2025-04-30 01:20	63.245	63.265	63.235	63.250	5
2025-04-30 01:25	63.255	63.285	63.235	63.285	5
2025-04-30 01:30	63.280	63.300	63.235	63.295	5
2025-04-30 01:35	63.290	63.305	63.195	63.215	5
2025-04-30 01:40	63.210	63.215	63.175	63.190	5
2025-04-30 01:45	63.185	63.195	63.135	63.175	5
2025-04-30 01:50	63.165	63.205	63.165	63.185	5
2025-04-30 01:55	63.180	63.180	63.105	63.115	5
2025-04-30 02:00	63.110	63.195	63.110	63.185	5
2025-04-30 02:05	63.190	63.265	63.185	63.250	5
2025-04-30 02:10	63.255	63.280	63.250	63.250	5
2025-04-30 02:15	63.245	63.250	63.178	63.235	5
2025-04-30 02:20	63.225	63.225	63.195	63.195	4
2025-04-30 02:25	63.190	63.195	63.115	63.115	5
2025-04-30 02:30	63.125	63.125	63.005	63.015	5
2025-04-30 02:35	63.020	63.045	62.965	62.965	5
2025-04-30 02:40	62.967	62.967	62.740	62.810	5
2025-04-30 02:45	62.815	62.840	62.750	62.805	5
2025-04-30 02:50	62.810	62.820	62.775	62.805	5
2025-04-30 02:55	62.815	62.815	62.745	62.775	5
2025-04-30 03:00	62.770	62.825	62.770	62.790	5
2025-04-30 03:05	62.795	62.820	62.725	62.780	5
2025-04-30 03:10	62.785	62.795	62.625	62.635	5
2025-04-30 03:15	62.645	62.750	62.615	62.750	5
2025-04-30 03:20	62.745	62.800	62.715	62.795	5
2025-04-30 03:25	62.805	62.815	62.645	62.650	5
2025-04-30 03:30	62.655	62.660	62.560	62.590	5
2025-04-30 03:35	62.595	62.650	62.585	62.650	5
2025-04-30 03:40	62.645	62.645	62.585	62.595	5
2025-04-30 03:45	62.600	62.615	62.548	62.610	5
2025-04-30 03:50	62.615	62.615	62.575	62.615	5
2025-04-30 03:55	62.610	62.625	62.595	62.605	5
2025-04-30 04:00	62.610	62.625	62.580	62.610	5
2025-04-30 04:05	62.605	62.620	62.585	62.605	5
2025-04-30 04:10	62.610	62.650	62.565	62.640	5
2025-04-30 04:15	62.645	62.650	62.505	62.510	5
2025-04-30 04:20	62.515	62.580	62.515	62.560	5
2025-04-30 04:25	62.565	62.575	62.495	62.495	5
2025-04-30 04:30	62.510	62.520	62.465	62.495	5
2025-04-30 04:35	62.485	62.490	62.465	62.490	5
2025-04-30 04:40	62.505	62.505	62.470	62.485	5
2025-04-30 04:45	62.490	62.500	62.465	62.495	5
2025-04-30 04:50	62.485	62.530	62.485	62.530	5
2025-04-30 04:55	62.535	62.545	62.515	62.545	5
2025-04-30 05:00	62.555	62.695	62.555	62.685	5
2025-04-30 05:05	62.680	62.695	62.585	62.610	5
2025-04-30 05:10	62.615	62.620	62.530	62.585	5
2025-04-30 05:15	62.565	62.580	62.545	62.560	5
2025-04-30 05:20	62.555	62.555	62.468	62.520	5
2025-04-30 05:25	62.525	62.545	62.445	62.445	5
2025-04-30 05:30	62.465	62.590	62.455	62.580	5
2025-04-30 05:35	62.585	62.585	62.505	62.515	5
2025-04-30 05:40	62.510	62.545	62.485	62.520	5
2025-04-30 05:45	62.525	62.555	62.485	62.505	5
2025-04-30 05:50	62.495	62.525	62.485	62.515	5
2025-04-30 05:55	62.510	62.525	62.485	62.515	5
2025-04-30 06:00	62.510	62.595	62.485	62.595	5
2025-04-30 06:05	62.585	62.640	62.575	62.605	5
2025-04-30 06:10	62.595	62.610	62.575	62.585	5
2025-04-30 06:15	62.575	62.595	62.515	62.520	5
2025-04-30 06:20	62.525	62.615	62.520	62.580	5
2025-04-30 06:25	62.585	62.635	62.565	62.610	5
2025-04-30 06:30	62.615	62.675	62.585	62.665	5
2025-04-30 06:35	62.670	62.670	62.560	62.570	5
2025-04-30 06:40	62.575	62.575	62.540	62.555	5
2025-04-30 06:45	62.535	62.535	62.455	62.465	5
2025-04-30 06:50	62.460	62.595	62.455	62.595	5
2025-04-30 06:55	62.605	62.650	62.535	62.615	5
2025-04-30 07:00	62.610	62.610	62.405	62.440	5
2025-04-30 07:05	62.435	62.465	62.430	62.445	5
2025-04-30 07:10	62.455	62.600	62.455	62.585	5
2025-04-30 07:15	62.575	62.575	62.405	62.415	5
2025-04-30 07:20	62.405	62.500	62.405	62.475	5
2025-04-30 07:25	62.470	62.505	62.365	62.375	5
2025-04-30 07:30	62.365	62.395	62.330	62.345	5
2025-04-30 07:35	62.350	62.355	62.295	62.305	5
2025-04-30 07:40	62.295	62.355	62.215	62.315	5
2025-04-30 07:45	62.310	62.385	62.225	62.260	5
2025-04-30 07:50	62.255	62.315	62.230	62.255	5
2025-04-30 07:55	62.265	62.385	62.245	62.335	5
2025-04-30 08:00	62.345	62.395	62.235	62.265	5
2025-04-30 08:05	62.260	62.300	62.220	62.275	5
2025-04-30 08:10	62.265	62.315	62.195	62.235	5
2025-04-30 08:15	62.245	62.305	62.240	62.305	5
2025-04-30 08:20	62.285	62.285	62.155	62.170	5
2025-04-30 08:25	62.165	62.180	62.090	62.135	5
2025-04-30 08:30	62.150	62.265	62.135	62.245	5
2025-04-30 08:35	62.235	62.245	62.105	62.135	5
2025-04-30 08:40	62.140	62.165	62.115	62.125	5
2025-04-30 08:45	62.130	62.265	62.130	62.240	5
2025-04-30 08:50	62.245	62.325	62.215	62.225	5
2025-04-30 08:55	62.210	62.315	62.185	62.295	5
2025-04-30 09:00	62.290	62.675	62.290	62.645	5
2025-04-30 09:05	62.635	62.665	62.575	62.605	5
2025-04-30 09:10	62.600	62.635	62.485	62.630	5
2025-04-30 09:15	62.625	62.630	62.570	62.615	5
2025-04-30 09:20	62.605	62.665	62.495	62.515	5
2025-04-30 09:25	62.520	62.620	62.445	62.585	5
2025-04-30 09:30	62.570	62.725	62.565	62.690	5
2025-04-30 09:35	62.685	62.725	62.645	62.675	5
2025-04-30 09:40	62.685	62.755	62.655	62.720	5
2025-04-30 09:45	62.715	62.820	62.645	62.795	5
2025-04-30 09:50	62.805	62.845	62.770	62.785	5
2025-04-30 09:55	62.795	62.930	62.760	62.925	5
2025-04-30 10:00	62.915	62.930	62.820	62.845	5
2025-04-30 10:05	62.835	62.845	62.765	62.785	5
2025-04-30 10:10	62.780	62.795	62.735	62.765	5
2025-04-30 10:15	62.775	62.835	62.705	62.830	5
2025-04-30 10:20	62.825	62.825	62.725	62.740	5
2025-04-30 10:25	62.745	62.785	62.735	62.755	5
2025-04-30 10:30	62.760	62.765	62.715	62.755	5
2025-04-30 10:35	62.760	62.765	62.655	62.695	5
2025-04-30 10:40	62.705	62.725	62.645	62.705	5
2025-04-30 10:45	62.710	62.745	62.655	62.685	5
2025-04-30 10:50	62.680	62.855	62.655	62.835	5
2025-04-30 10:55	62.840	62.875	62.815	62.820	5
2025-04-30 11:00	62.810	62.810	62.695	62.770	5
2025-04-30 11:05	62.775	62.775	62.725	62.745	5
2025-04-30 11:10	62.755	62.765	62.710	62.745	5
2025-04-30 11:15	62.755	62.830	62.755	62.815	5
2025-04-30 11:20	62.820	62.890	62.805	62.865	5
2025-04-30 11:25	62.875	62.895	62.790	62.875	5
2025-04-30 11:30	62.865	62.875	62.755	62.775	5
2025-04-30 11:35	62.770	62.815	62.745	62.785	5
2025-04-30 11:40	62.795	62.835	62.745	62.825	5
2025-04-30 11:45	62.815	62.845	62.795	62.840	5
2025-04-30 11:50	62.845	62.850	62.790	62.815	5
2025-04-30 11:55	62.820	62.900	62.815	62.820	5
2025-04-30 12:00	62.815	62.930	62.805	62.835	5
2025-04-30 12:05	62.845	62.895	62.840	62.885	5
2025-04-30 12:10	62.895	62.975	62.850	62.925	5
2025-04-30 12:15	62.920	62.925	62.735	62.775	5
2025-04-30 12:20	62.765	62.775	62.635	62.635	5
2025-04-30 12:25	62.620	62.660	62.605	62.660	5
2025-04-30 12:30	62.655	62.700	62.520	62.550	5
2025-04-30 12:35	62.545	62.575	62.410	62.415	5
2025-04-30 12:40	62.410	62.455	62.320	62.375	5
2025-04-30 12:45	62.385	62.435	62.315	62.430	5
2025-04-30 12:50	62.435	62.535	62.365	62.390	5
2025-04-30 12:55	62.405	62.545	62.405	62.425	5
2025-04-30 13:00	62.415	62.570	62.345	62.495	5
2025-04-30 13:05	62.510	62.555	62.465	62.465	5
2025-04-30 13:10	62.475	62.575	62.435	62.555	5
2025-04-30 13:15	62.545	62.675	62.530	62.650	5
2025-04-30 13:20	62.655	62.710	62.620	62.695	5
2025-04-30 13:25	62.700	62.730	62.675	62.715	5
2025-04-30 13:30	62.695	62.695	62.575	62.665	5
2025-04-30 13:35	62.675	62.765	62.465	62.465	5
2025-04-30 13:40	62.460	62.480	62.285	62.400	5
2025-04-30 13:45	62.395	62.395	62.255	62.255	5
2025-04-30 13:50	62.265	62.405	62.115	62.140	5
2025-04-30 13:55	62.135	62.235	61.985	62.010	5
2025-04-30 14:00	62.005	62.315	61.990	62.240	5
2025-04-30 14:05	62.235	62.360	62.160	62.330	5
2025-04-30 14:10	62.325	62.430	62.290	62.360	5
2025-04-30 14:15	62.355	62.415	62.295	62.415	5
2025-04-30 14:20	62.405	62.455	62.300	62.435	5
2025-04-30 14:25	62.430	62.455	62.350	62.405	5
2025-04-30 14:30	62.407	62.655	62.407	62.485	5
2025-04-30 14:35	62.475	62.500	62.280	62.445	5
2025-04-30 14:40	62.460	62.465	62.220	62.310	5
2025-04-30 14:45	62.315	62.320	62.045	62.110	5
2025-04-30 14:50	62.100	62.195	61.930	62.115	5
2025-04-30 14:55	62.110	62.285	62.065	62.265	5
2025-04-30 15:00	62.260	62.555	62.260	62.550	5
2025-04-30 15:05	62.555	62.745	62.515	62.730	5
2025-04-30 15:10	62.735	62.745	62.655	62.695	5
2025-04-30 15:15	62.700	62.765	62.635	62.765	5
2025-04-30 15:20	62.760	62.765	62.675	62.675	5
2025-04-30 15:25	62.695	62.745	62.615	62.645	5
2025-04-30 15:30	62.640	62.765	62.545	62.740	5
2025-04-30 15:35	62.735	62.815	62.565	62.610	5
2025-04-30 15:40	62.615	62.665	61.575	61.605	5
2025-04-30 15:45	61.610	61.815	61.170	61.215	5
2025-04-30 15:50	61.225	61.295	60.785	60.805	5
2025-04-30 15:55	60.810	61.180	60.810	60.915	5
2025-04-30 16:00	60.925	61.105	60.845	60.990	5
2025-04-30 16:05	60.985	61.385	60.950	61.385	5
2025-04-30 16:10	61.430	61.545	61.205	61.290	5
2025-04-30 16:15	61.285	61.300	61.115	61.215	5
2025-04-30 16:20	61.210	61.225	60.995	61.025	5
2025-04-30 16:25	61.015	61.025	60.825	60.825	5
2025-04-30 16:30	60.835	60.895	60.775	60.775	5
2025-04-30 16:35	60.765	60.885	60.745	60.790	5
2025-04-30 16:40	60.795	60.945	60.790	60.880	5
2025-04-30 16:45	60.885	60.945	60.845	60.935	5
2025-04-30 16:50	60.925	61.015	60.895	60.935	5
2025-04-30 16:55	60.945	61.020	60.825	60.830	5
2025-04-30 17:00	60.825	60.995	60.825	60.870	5
2025-04-30 17:05	60.865	61.065	60.820	61.045	5
2025-04-30 17:10	61.040	61.115	60.950	61.115	5
2025-04-30 17:15	61.125	61.145	61.085	61.130	5
2025-04-30 17:20	61.135	61.205	61.110	61.205	5
2025-04-30 17:25	61.220	61.265	61.200	61.220	5
2025-04-30 17:30	61.215	61.335	61.215	61.275	5
2025-04-30 17:35	61.265	61.315	61.225	61.300	5
2025-04-30 17:40	61.295	61.295	61.235	61.255	5
2025-04-30 17:45	61.245	61.265	61.035	61.105	5
2025-04-30 17:50	61.115	61.115	60.965	60.995	5
2025-04-30 17:55	61.005	61.070	60.960	61.070	5
2025-04-30 18:00	61.065	61.165	61.035	61.120	5
2025-04-30 18:05	61.125	61.850	61.043	61.315	5
2025-04-30 18:10	61.320	61.345	61.215	61.225	5
2025-04-30 18:15	61.230	61.285	61.115	61.150	5
2025-04-30 18:20	61.160	61.190	61.040	61.080	5
2025-04-30 18:25	61.075	61.205	60.990	61.025	5
2025-04-30 18:30	61.030	61.085	60.915	61.045	5
2025-04-30 18:35	61.040	61.060	61.005	61.040	5
2025-04-30 18:40	61.035	61.055	60.995	61.015	5
2025-04-30 18:45	61.005	61.085	61.005	61.065	5
2025-04-30 18:50	61.075	61.080	61.015	61.055	5
2025-04-30 18:55	61.060	61.065	60.995	61.015	5
2025-04-30 19:00	61.025	61.025	60.925	60.980	5
2025-04-30 19:05	60.985	60.985	60.915	60.925	5
2025-04-30 19:10	60.920	60.955	60.905	60.940	5
2025-04-30 19:15	60.935	60.970	60.915	60.950	5
2025-04-30 19:20	60.950	60.960	60.950	60.950	5
2025-04-30 19:25	60.950	60.950	60.895	60.895	5
2025-04-30 19:30	60.900	60.985	60.900	60.970	5
2025-04-30 19:35	60.975	61.005	60.965	60.980	5
2025-04-30 19:40	60.985	61.005	60.965	61.005	5
2025-04-30 19:45	61.000	61.025	60.985	60.990	5
2025-04-30 19:50	60.995	61.025	60.970	60.990	4
2025-04-30 19:55	60.985	61.025	60.980	60.990	5
2025-04-30 20:00	60.995	61.057	60.957	61.007	5
2025-04-30 20:05	61.002	61.052	61.002	61.007	5
2025-04-30 20:10	61.017	61.077	61.012	61.057	5
2025-04-30 20:15	61.062	61.122	61.057	61.112	5
2025-04-30 20:20	61.117	61.182	61.083	61.162	5
2025-04-30 20:25	61.157	61.217	61.097	61.097	5
2025-04-30 20:30	61.092	61.117	61.022	61.032	5
2025-04-30 20:35	61.017	61.037	60.972	61.007	5
2025-04-30 20:40	60.997	61.132	60.982	61.097	5
2025-04-30 20:45	61.102	61.142	61.082	61.127	5
2025-04-30 20:50	61.122	61.127	61.012	61.047	5
2025-04-30 20:55	61.042	61.087	61.032	61.062	5
2025-05-01 00:00	61.265	61.280	61.160	61.220	5
2025-05-01 00:05	61.230	61.280	61.125	61.250	5
2025-05-01 00:10	61.255	61.305	61.255	61.305	5
2025-05-01 00:15	61.258	61.305	61.205	61.235	5
2025-05-01 00:20	61.240	61.280	61.190	61.245	5
2025-05-01 00:25	61.250	61.280	61.190	61.205	5
2025-05-01 00:30	61.190	61.215	61.110	61.210	5
2025-05-01 00:35	61.205	61.215	61.125	61.150	5
2025-05-01 00:40	61.145	61.175	61.095	61.170	5
2025-05-01 00:45	61.165	61.200	61.125	61.170	5
2025-05-01 00:50	61.165	61.190	61.120	61.150	5
2025-05-01 00:55	61.145	61.180	61.048	61.140	5
2025-05-01 01:00	61.125	61.140	61.085	61.120	5
2025-05-01 01:05	61.115	61.125	61.065	61.085	5
2025-05-01 01:10	61.080	61.115	61.075	61.115	5
2025-05-01 01:15	61.110	61.125	61.068	61.100	5
2025-05-01 01:20	61.090	61.115	61.050	61.085	5
2025-05-01 01:25	61.075	61.145	61.075	61.095	5
2025-05-01 01:30	61.048	61.110	61.040	61.105	5
2025-05-01 01:35	61.110	61.115	61.050	61.080	5
2025-05-01 01:40	61.070	61.125	61.030	61.075	5
2025-05-01 01:45	61.080	61.080	61.015	61.035	5
2025-05-01 01:50	61.050	61.080	60.988	61.080	5
2025-05-01 01:55	61.090	61.150	61.070	61.135	5
2025-05-01 02:00	61.145	61.145	61.100	61.115	5
2025-05-01 02:05	61.125	61.155	61.115	61.130	5
2025-05-01 02:10	61.125	61.130	61.100	61.115	4
2025-05-01 02:15	61.125	61.130	61.058	61.100	5
2025-05-01 02:20	61.095	61.110	61.060	61.070	5
2025-05-01 02:25	61.065	61.105	61.018	61.075	5
2025-05-01 02:30	61.065	61.110	61.055	61.085	5
2025-05-01 02:35	61.095	61.110	61.075	61.095	5
2025-05-01 02:40	61.100	61.125	61.058	61.120	5
2025-05-01 02:45	61.125	61.170	61.110	61.150	5
2025-05-01 02:50	61.145	61.170	61.125	61.140	5
2025-05-01 02:55	61.135	61.155	61.115	61.150	5
2025-05-01 03:00	61.155	61.195	61.130	61.180	5
2025-05-01 03:05	61.200	61.205	61.125	61.125	5
2025-05-01 03:10	61.120	61.125	60.978	60.978	5
2025-05-01 03:15	61.040	61.055	60.998	61.055	5
2025-05-01 03:20	61.050	61.095	61.018	61.095	5
2025-05-01 03:25	61.085	61.085	61.050	61.055	5
2025-05-01 03:30	61.050	61.050	60.940	60.955	5
2025-05-01 03:35	60.908	61.005	60.908	60.960	5
2025-05-01 03:40	60.913	61.000	60.913	60.980	5
2025-05-01 03:45	60.975	60.985	60.955	60.965	5
2025-05-01 03:50	60.960	60.965	60.890	60.915	5
2025-05-01 03:55	60.920	60.945	60.915	60.935	5
2025-05-01 04:00	60.940	60.985	60.935	60.980	5
2025-05-01 04:05	60.985	61.075	60.985	61.040	5
2025-05-01 04:10	61.035	61.050	60.970	60.975	5
2025-05-01 04:15	60.960	61.035	60.960	61.015	5
2025-05-01 04:20	61.020	61.030	60.980	61.000	5
2025-05-01 04:25	61.005	61.005	60.980	60.990	5
2025-05-01 04:30	60.995	61.065	60.990	61.065	5
2025-05-01 04:35	61.055	61.065	61.005	61.015	5
2025-05-01 04:40	61.010	61.020	60.995	61.010	5
2025-05-01 04:45	61.005	61.010	60.980	60.985	5
2025-05-01 04:50	60.990	61.010	60.985	61.010	5
2025-05-01 04:55	61.015	61.025	60.978	61.010	5
2025-05-01 05:00	61.015	61.030	61.005	61.005	5
2025-05-01 05:05	60.958	61.075	60.958	61.065	5
2025-05-01 05:10	61.055	61.135	61.035	61.135	5
2025-05-01 05:15	61.125	61.155	61.055	61.055	5
2025-05-01 05:20	61.045	61.045	60.995	61.030	5
2025-05-01 05:25	61.025	61.060	61.005	61.055	5
2025-05-01 05:30	61.065	61.155	61.060	61.095	5
2025-05-01 05:35	61.085	61.095	61.040	61.070	5
2025-05-01 05:40	61.075	61.090	61.045	61.065	5
2025-05-01 05:45	61.060	61.070	61.005	61.045	5
2025-05-01 05:50	61.030	61.075	61.005	61.055	5
2025-05-01 05:55	61.070	61.070	61.035	61.060	5
2025-05-01 06:00	61.055	61.095	61.025	61.035	4
2025-05-01 06:05	61.025	61.040	60.970	60.985	5
2025-05-01 06:10	60.943	61.005	60.935	61.005	5
2025-05-01 06:15	60.995	61.035	60.973	61.035	5
2025-05-01 06:20	61.030	61.030	60.950	60.950	5
2025-05-01 06:25	60.945	60.995	60.935	60.965	5
2025-05-01 06:30	60.975	61.010	60.950	61.010	5
2025-05-01 06:35	60.995	60.995	60.865	60.925	5
2025-05-01 06:40	60.930	60.930	60.850	60.865	5
2025-05-01 06:45	60.855	60.865	60.705	60.745	5
2025-05-01 06:50	60.750	60.755	60.625	60.750	5
2025-05-01 06:55	60.745	60.750	60.650	60.720	5
2025-05-01 07:00	60.725	60.735	60.595	60.625	5
2025-05-01 07:05	60.645	60.765	60.635	60.655	5
2025-05-01 07:10	60.665	60.725	60.665	60.710	5
2025-05-01 07:15	60.705	60.735	60.625	60.625	5
2025-05-01 07:20	60.635	60.645	60.565	60.575	5
2025-05-01 07:25	60.585	60.595	60.555	60.555	4
2025-05-01 07:30	60.545	60.645	60.545	60.595	5
2025-05-01 07:35	60.585	60.595	60.455	60.505	5
2025-05-01 07:40	60.510	60.515	60.455	60.485	5
2025-05-01 07:45	60.495	60.515	60.445	60.505	5
2025-05-01 07:50	60.510	60.610	60.505	60.535	5
2025-05-01 07:55	60.530	60.535	60.365	60.415	5
2025-05-01 08:00	60.405	60.445	60.355	60.415	5
2025-05-01 08:05	60.425	60.525	60.425	60.485	5
2025-05-01 08:10	60.475	60.595	60.475	60.565	5
2025-05-01 08:15	60.575	60.605	60.495	60.505	5
2025-05-01 08:20	60.500	60.505	60.335	60.345	5
2025-05-01 08:25	60.355	60.355	60.230	60.235	5
2025-05-01 08:30	60.230	60.235	60.135	60.150	5
2025-05-01 08:35	60.155	60.235	60.150	60.175	5
2025-05-01 08:40	60.165	60.195	60.115	60.165	5
2025-05-01 08:45	60.175	60.185	60.010	60.015	5
2025-05-01 08:50	60.025	60.075	59.930	60.005	5
2025-05-01 08:55	59.995	60.105	59.895	60.105	5
2025-05-01 09:00	60.115	60.160	60.045	60.070	5
2025-05-01 09:05	60.065	60.140	60.045	60.105	5
2025-05-01 09:10	60.115	60.115	59.965	59.985	5
2025-05-01 09:15	59.995	60.040	59.925	59.965	5
2025-05-01 09:20	59.970	60.000	59.905	59.925	5
2025-05-01 09:25	59.915	59.925	59.855	59.855	5
2025-05-01 09:30	59.845	59.855	59.695	59.695	5
2025-05-01 09:35	59.705	59.885	59.665	59.795	5
2025-05-01 09:40	59.785	59.805	59.695	59.715	5
2025-05-01 09:45	59.730	59.805	59.675	59.785	5
2025-05-01 09:50	59.790	59.825	59.600	59.655	5
2025-05-01 09:55	59.650	59.675	59.555	59.575	5
2025-05-01 10:00	59.585	59.625	59.515	59.525	5
2025-05-01 10:05	59.520	59.525	59.415	59.425	5
2025-05-01 10:10	59.415	59.485	59.295	59.390	5
2025-05-01 10:15	59.385	59.435	59.345	59.355	5
2025-05-01 10:20	59.365	59.490	59.295	59.475	5
2025-05-01 10:25	59.480	59.525	59.420	59.460	5
2025-05-01 10:30	59.475	59.525	59.405	59.505	5
2025-05-01 10:35	59.495	59.495	59.395	59.435	5
2025-05-01 10:40	59.445	59.465	59.390	59.395	3
2025-05-01 10:45	59.385	59.395	59.315	59.355	5
2025-05-01 10:50	59.360	59.460	59.340	59.455	5
2025-05-01 10:55	59.460	59.525	59.415	59.445	5
2025-05-01 11:00	59.455	59.575	59.400	59.535	5
2025-05-01 11:05	59.530	59.675	59.505	59.675	5
2025-05-01 11:10	59.655	59.725	59.635	59.650	5
2025-05-01 11:15	59.655	59.695	59.620	59.675	5
2025-05-01 11:20	59.665	59.810	59.655	59.725	5
2025-05-01 11:25	59.720	59.785	59.650	59.730	5
2025-05-01 11:30	59.735	59.845	59.725	59.825	5
2025-05-01 11:35	59.830	59.835	59.685	59.735	5
2025-05-01 11:40	59.745	59.745	59.660	59.675	5
2025-05-01 11:45	59.665	59.775	59.635	59.720	5
2025-05-01 11:50	59.725	59.915	59.725	59.885	5
2025-05-01 11:55	59.880	60.040	59.880	59.975	5
2025-05-01 12:00	59.965	59.995	59.855	59.875	5
2025-05-01 12:05	59.860	59.960	59.825	59.855	5
2025-05-01 12:10	59.865	59.950	59.835	59.915	5
2025-05-01 12:15	59.920	60.035	59.920	59.995	5
2025-05-01 12:20	60.000	60.080	59.945	60.065	5
2025-05-01 12:25	60.080	60.125	60.010	60.025	5
2025-05-01 12:30	60.015	60.030	59.905	60.015	5
2025-05-01 12:35	60.025	60.235	59.975	60.195	5
2025-05-01 12:40	60.185	60.265	60.175	60.260	5
2025-05-01 12:45	60.265	60.470	60.225	60.455	5
2025-05-01 12:50	60.465	60.595	60.310	60.580	5
2025-05-01 12:55	60.585	60.655	60.475	60.500	5
2025-05-01 13:00	60.490	60.565	60.355	60.485	5
2025-05-01 13:05	60.480	60.655	60.480	60.535	5
2025-05-01 13:10	60.540	60.795	60.505	60.725	5
2025-05-01 13:15	60.716	60.765	60.665	60.735	5
2025-05-01 13:20	60.725	60.850	60.690	60.745	5
2025-05-01 13:25	60.740	61.025	60.710	61.015	5
2025-05-01 13:30	61.020	61.115	60.905	60.940	5
2025-05-01 13:35	60.930	61.025	60.865	61.000	5
2025-05-01 13:40	61.005	61.740	60.985	61.555	5
2025-05-01 13:45	61.555	61.565	61.355	61.445	5
2025-05-01 13:50	61.450	61.510	61.190	61.415	5
2025-05-01 13:55	61.405	61.445	61.255	61.300	5
2025-05-01 14:00	61.320	61.555	61.294	61.475	5
2025-05-01 14:05	61.460	61.630	61.425	61.555	5
2025-05-01 14:10	61.540	61.545	61.400	61.495	5
2025-05-01 14:15	61.505	61.525	61.325	61.355	5
2025-05-01 14:20	61.345	61.510	61.275	61.365	5
2025-05-01 14:25	61.370	61.620	61.365	61.560	5
2025-05-01 14:30	61.565	61.650	61.500	61.610	5
2025-05-01 14:35	61.605	61.775	61.555	61.730	5
2025-05-01 14:40	61.735	61.775	61.645	61.675	5
2025-05-01 14:45	61.670	61.690	61.585	61.605	5
2025-05-01 14:50	61.600	61.620	61.315	61.345	5
2025-05-01 14:55	61.340	61.420	61.275	61.305	5
2025-05-01 15:00	61.295	61.395	61.285	61.365	5
2025-05-01 15:05	61.370	61.385	61.205	61.215	5
2025-05-01 15:10	61.220	61.420	61.135	61.370	5
2025-05-01 15:15	61.365	61.520	61.145	61.270	5
2025-05-01 15:20	61.265	61.545	61.245	61.540	5
2025-05-01 15:25	61.535	61.555	61.405	61.485	5
2025-05-01 15:30	61.490	61.525	61.265	61.305	5
2025-05-01 15:35	61.310	61.455	61.295	61.400	5
2025-05-01 15:40	61.390	61.470	61.265	61.270	5
2025-05-01 15:45	61.265	61.270	61.155	61.195	5
2025-05-01 15:50	61.190	61.190	61.055	61.065	5
2025-05-01 15:55	61.070	61.080	60.935	60.955	5
2025-05-01 16:00	60.950	61.000	60.645	60.655	5
2025-05-01 16:05	60.665	60.765	60.585	60.745	5
2025-05-01 16:10	60.735	60.835	60.680	60.775	5
2025-05-01 16:15	60.765	60.780	60.675	60.745	5
2025-05-01 16:20	60.755	60.950	60.700	60.860	5
2025-05-01 16:25	60.855	60.935	60.825	60.855	5
2025-05-01 16:30	60.845	60.880	60.760	60.845	5
2025-05-01 16:35	60.835	60.930	60.805	60.845	5
2025-05-01 16:40	60.835	61.235	60.785	61.080	5
2025-05-01 16:45	61.075	61.140	60.960	61.075	5
2025-05-01 16:50	61.085	61.135	61.020	61.130	5
2025-05-01 16:55	61.135	61.165	61.080	61.085	5
2025-05-01 17:00	61.080	61.325	61.055	61.290	5
2025-05-01 17:05	61.300	61.400	61.245	61.385	5
2025-05-01 17:10	61.380	61.425	61.370	61.405	5
2025-05-01 17:15	61.400	61.520	61.395	61.430	5
2025-05-01 17:20	61.425	61.465	61.405	61.420	5
2025-05-01 17:25	61.425	61.520	61.405	61.505	5
2025-05-01 17:30	61.510	61.545	61.440	61.515	5
2025-05-01 17:35	61.525	61.525	61.335	61.345	5
2025-05-01 17:40	61.330	61.330	61.225	61.250	5
2025-05-01 17:45	61.255	61.295	61.230	61.285	5
2025-05-01 17:50	61.280	61.355	61.280	61.345	5
2025-05-01 17:55	61.340	61.380	61.315	61.335	5
2025-05-01 18:00	61.340	61.450	61.310	61.405	5
2025-05-01 18:05	61.410	61.465	61.375	61.465	5
2025-05-01 18:10	61.460	61.530	61.455	61.465	5
2025-05-01 18:15	61.460	61.495	61.435	61.480	5
2025-05-01 18:20	61.490	62.345	61.443	62.145	5
2025-05-01 18:25	62.140	62.340	62.045	62.105	5
2025-05-01 18:30	62.115	62.215	62.055	62.190	5
2025-05-01 18:35	62.185	62.255	61.875	61.875	5
2025-05-01 18:40	61.870	62.085	61.860	62.060	5
2025-05-01 18:45	62.055	62.200	61.975	62.015	5
2025-05-01 18:50	62.020	62.060	61.965	61.985	5
2025-05-01 18:55	61.990	62.040	61.925	61.935	5
2025-05-01 19:00	61.940	62.010	61.900	62.010	5
2025-05-01 19:05	62.005	62.050	61.990	62.020	5
2025-05-01 19:10	62.015	62.075	62.005	62.060	5
2025-05-01 19:15	62.055	62.075	62.000	62.015	5
2025-05-01 19:20	62.010	62.045	62.005	62.030	5
2025-05-01 19:25	62.025	62.050	62.005	62.035	5
2025-05-01 19:30	62.030	62.030	61.950	61.965	5
2025-05-01 19:35	61.970	61.975	61.890	61.900	5
2025-05-01 19:40	61.905	61.940	61.885	61.905	5
2025-05-01 19:45	61.910	61.950	61.895	61.915	5
2025-05-01 19:50	61.910	61.930	61.860	61.910	5
2025-05-01 19:55	61.905	61.930	61.865	61.890	5
2025-05-01 20:00	61.880	61.917	61.787	61.797	5
2025-05-01 20:05	61.802	61.837	61.792	61.792	5
2025-05-01 20:10	61.792	61.867	61.787	61.827	5
2025-05-01 20:15	61.822	61.852	61.817	61.852	5
2025-05-01 20:20	61.857	61.932	61.857	61.917	5
2025-05-01 20:25	61.912	61.922	61.847	61.847	5
2025-05-01 20:30	61.862	61.892	61.847	61.887	5
2025-05-01 20:35	61.892	61.892	61.852	61.862	5
2025-05-01 20:40	61.867	61.867	61.842	61.847	5
2025-05-01 20:45	61.842	61.867	61.837	61.857	5
2025-05-01 20:50	61.852	61.872	61.827	61.837	5
2025-05-01 20:55	61.842	61.842	61.797	61.817	5
2025-05-02 00:00	61.777	61.930	61.777	61.910	5
2025-05-02 00:05	61.920	61.950	61.855	61.860	5
2025-05-02 00:10	61.865	61.945	61.850	61.940	5
2025-05-02 00:15	61.945	62.030	61.940	62.030	5
2025-05-02 00:20	62.035	62.045	61.985	62.005	5
2025-05-02 00:25	62.020	62.140	62.005	62.095	5
2025-05-02 00:30	62.075	62.125	62.040	62.055	5
2025-05-02 00:35	62.045	62.105	62.005	62.105	5
2025-05-02 00:40	62.100	62.245	62.100	62.205	5
2025-05-02 00:45	62.190	62.345	62.175	62.290	5
2025-05-02 00:50	62.295	62.320	62.250	62.310	5
2025-05-02 00:55	62.305	62.345	62.270	62.335	5
2025-05-02 01:00	62.340	62.455	62.335	62.435	5
2025-05-02 01:05	62.440	62.460	62.365	62.385	5
2025-05-02 01:10	62.375	62.385	62.325	62.375	5
2025-05-02 01:15	62.385	62.435	62.385	62.435	5
2025-05-02 01:20	62.445	62.465	62.395	62.435	5
2025-05-02 01:25	62.430	62.535	62.420	62.450	5
2025-05-02 01:30	62.455	62.500	62.450	62.485	5
2025-05-02 01:35	62.480	62.540	62.460	62.485	5
2025-05-02 01:40	62.495	62.545	62.450	62.465	5
2025-05-02 01:45	62.460	62.590	62.455	62.545	5
2025-05-02 01:50	62.540	62.590	62.475	62.555	5
2025-05-02 01:55	62.560	62.580	62.530	62.550	5
2025-05-02 02:00	62.545	62.585	62.480	62.570	5
2025-05-02 02:05	62.565	62.605	62.560	62.590	5
2025-05-02 02:10	62.595	62.605	62.580	62.605	5
2025-05-02 02:15	62.600	62.645	62.585	62.635	5
2025-05-02 02:20	62.625	62.665	62.620	62.660	5
2025-05-02 02:25	62.655	62.685	62.645	62.645	5
2025-05-02 02:30	62.640	62.695	62.640	62.660	5
2025-05-02 02:35	62.650	62.675	62.630	62.655	5
2025-05-02 02:40	62.665	62.695	62.645	62.645	5
2025-05-02 02:45	62.640	62.670	62.635	62.670	5
2025-05-02 02:50	62.665	62.665	62.640	62.655	5
2025-05-02 02:55	62.608	62.675	62.608	62.645	5
2025-05-02 03:00	62.635	62.635	62.560	62.590	5
2025-05-02 03:05	62.585	62.615	62.565	62.575	5
2025-05-02 03:10	62.580	62.585	62.495	62.520	5
2025-05-02 03:15	62.515	62.540	62.475	62.475	5
2025-05-02 03:20	62.485	62.595	62.485	62.565	5
2025-05-02 03:25	62.585	62.615	62.580	62.595	5
2025-05-02 03:30	62.600	62.615	62.570	62.580	4
2025-05-02 03:35	62.575	62.615	62.575	62.610	5
2025-05-02 03:40	62.620	62.625	62.605	62.610	5
2025-05-02 03:45	62.615	62.615	62.540	62.545	5
2025-05-02 03:50	62.550	62.585	62.545	62.565	5
2025-05-02 03:55	62.560	62.575	62.528	62.528	5
2025-05-02 04:00	62.570	62.585	62.435	62.445	5
2025-05-02 04:05	62.440	62.485	62.425	62.485	5
2025-05-02 04:10	62.490	62.505	62.485	62.490	5
2025-05-02 04:15	62.495	62.510	62.490	62.510	5
2025-05-02 04:20	62.515	62.515	62.458	62.500	5
2025-05-02 04:25	62.495	62.505	62.408	62.435	5
2025-05-02 04:30	62.440	62.505	62.435	62.505	4
2025-05-02 04:35	62.520	62.565	62.505	62.545	5
2025-05-02 04:40	62.540	62.545	62.505	62.540	5
2025-05-02 04:45	62.545	62.550	62.530	62.540	5
2025-05-02 04:50	62.545	62.575	62.545	62.550	5
2025-05-02 04:55	62.545	62.555	62.535	62.540	5
2025-05-02 05:00	62.535	62.555	62.510	62.535	5
2025-05-02 05:05	62.530	62.540	62.485	62.485	5
2025-05-02 05:10	62.490	62.505	62.420	62.445	5
2025-05-02 05:15	62.440	62.460	62.420	62.445	5
2025-05-02 05:20	62.440	62.470	62.410	62.455	5
2025-05-02 05:25	62.445	62.445	62.385	62.420	5
2025-05-02 05:30	62.425	62.510	62.425	62.500	5
2025-05-02 05:35	62.495	62.495	62.425	62.440	5
2025-05-02 05:40	62.445	62.450	62.370	62.390	5
2025-05-02 05:45	62.385	62.405	62.358	62.375	5
2025-05-02 05:50	62.365	62.390	62.355	62.380	5
2025-05-02 05:55	62.395	62.415	62.375	62.375	5
2025-05-02 06:00	62.370	62.445	62.305	62.375	5
2025-05-02 06:05	62.370	62.460	62.370	62.450	5
2025-05-02 06:10	62.445	62.515	62.445	62.485	5
2025-05-02 06:15	62.490	62.540	62.485	62.525	5
2025-05-02 06:20	62.530	62.545	62.515	62.530	5
2025-05-02 06:25	62.535	62.535	62.500	62.535	5
2025-05-02 06:30	62.555	62.555	62.510	62.520	5
2025-05-02 06:35	62.515	62.535	62.490	62.495	5
2025-05-02 06:40	62.485	62.505	62.415	62.420	5
2025-05-02 06:45	62.435	62.465	62.295	62.305	5
2025-05-02 06:50	62.300	62.305	62.215	62.235	5
2025-05-02 06:55	62.225	62.235	62.170	62.205	5
2025-05-02 07:00	62.215	62.380	62.185	62.240	5
2025-05-02 07:05	62.235	62.270	62.180	62.235	5
2025-05-02 07:10	62.225	62.265	62.130	62.155	5
2025-05-02 07:15	62.175	62.185	62.060	62.115	5
2025-05-02 07:20	62.125	62.255	62.125	62.175	5
2025-05-02 07:25	62.185	62.315	62.180	62.290	5
2025-05-02 07:30	62.295	62.375	62.255	62.355	5
2025-05-02 07:35	62.350	62.375	62.190	62.205	5
2025-05-02 07:40	62.215	62.245	62.185	62.225	5
2025-05-02 07:45	62.235	62.285	62.145	62.155	5
2025-05-02 07:50	62.170	62.185	62.050	62.105	5
2025-05-02 07:55	62.115	62.135	62.055	62.055	5
2025-05-02 08:00	62.084	62.245	62.015	62.235	5
2025-05-02 08:05	62.240	62.325	62.225	62.245	5
2025-05-02 08:10	62.240	62.325	62.225	62.245	5
2025-05-02 08:15	62.250	62.290	62.095	62.095	5
2025-05-02 08:20	62.085	62.125	62.015	62.115	5
2025-05-02 08:25	62.120	62.145	62.005	62.035	5
2025-05-02 08:30	62.045	62.065	61.905	61.915	5
2025-05-02 08:35	61.905	62.035	61.895	62.015	5
2025-05-02 08:40	62.005	62.045	61.945	61.950	5
2025-05-02 08:45	61.935	62.000	61.855	61.865	5
2025-05-02 08:50	61.880	61.955	61.815	61.855	5
2025-05-02 08:55	61.845	61.870	61.725	61.745	5
2025-05-02 09:00	61.740	61.905	61.740	61.825	5
2025-05-02 09:05	61.835	61.880	61.820	61.855	5
2025-05-02 09:10	61.835	61.895	61.805	61.865	5
2025-05-02 09:15	61.855	61.855	61.660	61.675	5
2025-05-02 09:20	61.680	61.705	61.625	61.665	5
2025-05-02 09:25	61.660	61.745	61.635	61.685	5
2025-05-02 09:30	61.675	61.800	61.675	61.780	5
2025-05-02 09:35	61.775	61.785	61.720	61.745	5
2025-05-02 09:40	61.730	61.795	61.640	61.650	5
2025-05-02 09:45	61.645	61.645	61.595	61.615	5
2025-05-02 09:50	61.605	61.770	61.605	61.750	5
2025-05-02 09:55	61.745	61.805	61.745	61.775	5
2025-05-02 10:00	61.770	61.835	61.755	61.825	5
2025-05-02 10:05	61.815	61.885	61.815	61.855	5
2025-05-02 10:10	61.865	61.865	61.785	61.825	5
2025-05-02 10:15	61.815	61.915	61.755	61.755	5
2025-05-02 10:20	61.765	61.790	61.685	61.690	5
2025-05-02 10:25	61.685	61.715	61.665	61.695	5
2025-05-02 10:30	61.685	61.760	61.685	61.760	5
2025-05-02 10:35	61.765	61.830	61.715	61.760	5
2025-05-02 10:40	61.755	61.840	61.745	61.835	5
2025-05-02 10:45	61.825	61.900	61.795	61.805	5
2025-05-02 10:50	61.800	61.925	61.795	61.890	5
2025-05-02 10:55	61.895	61.895	61.815	61.845	5
2025-05-02 11:00	61.835	61.870	61.825	61.865	5
2025-05-02 11:05	61.875	61.885	61.805	61.825	5
2025-05-02 11:10	61.835	61.865	61.825	61.855	5
2025-05-02 11:15	61.865	62.075	61.865	62.065	5
2025-05-02 11:20	62.075	62.080	61.740	61.745	5
2025-05-02 11:25	61.735	61.755	61.625	61.650	5
2025-05-02 11:30	61.655	61.670	61.531	61.575	5
2025-05-02 11:35	61.565	61.575	61.440	61.515	5
2025-05-02 11:40	61.525	61.625	61.525	61.595	5
2025-05-02 11:45	61.585	61.735	61.585	61.730	5
2025-05-02 11:50	61.735	61.750	61.545	61.565	5
2025-05-02 11:55	61.555	61.625	61.535	61.565	5
2025-05-02 12:00	61.555	61.570	61.445	61.495	5
2025-05-02 12:05	61.490	61.490	61.415	61.420	5
2025-05-02 12:10	61.415	61.515	61.415	61.495	5
2025-05-02 12:15	61.500	61.545	61.445	61.475	5
2025-05-02 12:20	61.460	61.555	61.425	61.545	5
2025-05-02 12:25	61.540	61.555	61.410	61.487	5
2025-05-02 12:30	61.477	61.985	61.477	61.945	5
2025-05-02 12:35	61.935	62.025	61.910	61.925	5
2025-05-02 12:40	61.915	61.985	61.860	61.965	5
2025-05-02 12:45	61.955	61.965	61.890	61.930	5
2025-05-02 12:50	61.925	61.940	61.780	61.855	5
2025-05-02 12:55	61.860	62.100	61.855	62.070	5
2025-05-02 13:00	62.055	62.055	61.820	62.005	5
2025-05-02 13:05	61.990	62.175	61.985	62.145	5
2025-05-02 13:10	62.135	62.175	61.830	61.875	5
2025-05-02 13:15	61.865	61.865	61.695	61.775	5
2025-05-02 13:20	61.770	61.935	61.750	61.935	5
2025-05-02 13:25	61.940	62.010	61.905	61.945	5
2025-05-02 13:30	61.965	61.995	61.765	61.795	5
2025-05-02 13:35	61.785	61.810	61.635	61.665	5
2025-05-02 13:40	61.670	61.685	61.555	61.655	5
2025-05-02 13:45	61.650	61.695	61.255	61.405	5
2025-05-02 13:50	61.420	61.485	61.200	61.340	5
2025-05-02 13:55	61.345	61.395	61.049	61.225	5
2025-05-02 14:00	61.215	61.326	60.715	60.715	5
2025-05-02 14:05	60.725	60.920	60.660	60.865	5
2025-05-02 14:10	60.855	61.145	60.855	61.135	5
2025-05-02 14:15	61.125	61.610	61.125	61.595	5
2025-05-02 14:20	61.605	61.605	61.000	61.445	5
2025-05-02 14:25	61.435	61.605	61.435	61.550	5
2025-05-02 14:30	61.545	61.585	61.335	61.550	5
2025-05-02 14:35	61.540	61.575	61.365	61.365	5
2025-05-02 14:40	61.355	61.390	61.245	61.245	5
2025-05-02 14:45	61.250	61.310	61.195	61.235	5
2025-05-02 14:50	61.230	61.460	61.205	61.380	5
2025-05-02 14:55	61.375	61.445	61.275	61.275	5
2025-05-02 15:00	61.285	61.370	61.225	61.300	5
2025-05-02 15:05	61.310	61.625	61.285	61.480	5
2025-05-02 15:10	61.485	61.505	61.425	61.440	5
2025-05-02 15:15	61.445	61.445	61.275	61.285	5
2025-05-02 15:20	61.275	61.295	61.200	61.210	5
2025-05-02 15:25	61.215	61.215	61.055	61.195	5
2025-05-02 15:30	61.185	61.340	61.165	61.200	5
2025-05-02 15:35	61.195	61.215	61.085	61.115	5
2025-05-02 15:40	61.120	61.225	61.004	61.085	5
2025-05-02 15:45	61.080	61.405	61.080	61.400	5
2025-05-02 15:50	61.395	61.495	61.345	61.450	5
2025-05-02 15:55	61.445	61.525	61.410	61.415	5
2025-05-02 16:00	61.425	61.945	61.364	61.450	5
2025-05-02 16:05	61.445	61.515	61.200	61.215	5
2025-05-02 16:10	61.220	61.260	61.035	61.185	5
2025-05-02 16:15	61.175	61.235	61.100	61.185	5
2025-05-02 16:20	61.170	61.240	61.145	61.145	5
2025-05-02 16:25	61.150	61.270	61.145	61.265	5
2025-05-02 16:30	61.275	61.425	61.275	61.385	5
2025-05-02 16:35	61.390	61.495	61.350	61.390	5
2025-05-02 16:40	61.395	61.400	61.235	61.265	5
2025-05-02 16:45	61.270	61.275	61.165	61.175	5
2025-05-02 16:50	61.180	61.185	61.125	61.150	5
2025-05-02 16:55	61.155	61.155	60.850	60.985	5
2025-05-02 17:00	60.970	61.065	60.790	61.030	5
2025-05-02 17:05	61.045	61.150	61.015	61.140	5
2025-05-02 17:10	61.150	61.195	61.090	61.155	5
2025-05-02 17:15	61.160	61.195	61.065	61.135	5
2025-05-02 17:20	61.125	61.195	61.110	61.175	5
2025-05-02 17:25	61.195	61.195	61.095	61.160	5
2025-05-02 17:30	61.175	61.265	61.175	61.245	5
2025-05-02 17:35	61.250	61.265	61.220	61.245	5
2025-05-02 17:40	61.240	61.295	61.185	61.235	5
2025-05-02 17:45	61.230	61.275	61.215	61.265	5
2025-05-02 17:50	61.270	61.345	61.245	61.280	5
2025-05-02 17:55	61.275	61.300	61.165	61.175	5
2025-05-02 18:00	61.165	61.245	61.115	61.135	5
2025-05-02 18:05	61.145	61.320	61.120	61.310	5
2025-05-02 18:10	61.315	61.375	61.280	61.330	5
2025-05-02 18:15	61.335	61.405	61.325	61.405	5
2025-05-02 18:20	61.395	61.455	61.375	61.450	5
2025-05-02 18:25	61.445	61.450	61.185	61.305	5
2025-05-02 18:30	61.295	61.375	61.245	61.270	5
2025-05-02 18:35	61.265	61.325	61.230	61.250	5
2025-05-02 18:40	61.245	61.265	61.150	61.155	5
2025-05-02 18:45	61.150	61.195	61.140	61.155	5
2025-05-02 18:50	61.160	61.195	61.125	61.160	5
2025-05-02 18:55	61.155	61.170	61.110	61.130	5
2025-05-02 19:00	61.135	61.145	61.090	61.110	5
2025-05-02 19:05	61.115	61.145	61.085	61.140	5
2025-05-02 19:10	61.150	61.215	61.140	61.210	5
2025-05-02 19:15	61.215	61.315	61.195	61.280	5
2025-05-02 19:20	61.275	61.325	61.260	61.315	5
2025-05-02 19:25	61.325	61.355	61.290	61.320	5
2025-05-02 19:30	61.325	61.360	61.254	61.350	5
2025-05-02 19:35	61.345	61.410	61.340	61.405	5
2025-05-02 19:40	61.410	61.525	61.405	61.485	5
2025-05-02 19:45	61.475	61.495	61.460	61.485	5
2025-05-02 19:50	61.500	61.545	61.480	61.525	5
2025-05-02 19:55	61.520	61.595	61.515	61.550	5
2025-05-02 20:00	61.540	61.587	61.517	61.587	5
2025-05-02 20:05	61.582	61.612	61.572	61.577	5
2025-05-02 20:10	61.547	61.572	61.527	61.572	5
2025-05-02 20:15	61.567	61.572	61.527	61.562	5
2025-05-02 20:20	61.562	61.582	61.527	61.537	5
2025-05-02 20:25	61.522	61.547	61.492	61.497	5
2025-05-02 20:30	61.492	61.517	61.467	61.517	5
2025-05-02 20:35	61.512	61.512	61.462	61.502	5
2025-05-02 20:40	61.497	61.507	61.452	61.457	5
2025-05-02 20:45	61.452	61.452	61.402	61.447	5
2025-05-02 20:50	61.437	61.462	61.352	61.357	5
2025-05-02 20:55	61.347	61.432	61.347	61.402	5
2025-05-05 00:00	59.000	59.000	58.900	58.960	5
2025-05-05 00:05	58.955	58.975	58.830	58.960	5
2025-05-05 00:10	58.955	59.160	58.940	59.160	5
2025-05-05 00:15	59.170	59.350	59.150	59.300	5
2025-05-05 00:20	59.305	59.320	59.160	59.250	5
2025-05-05 00:25	59.245	59.315	59.150	59.170	5
2025-05-05 00:30	59.165	59.165	59.070	59.090	5
2025-05-05 00:35	59.095	59.100	59.065	59.100	5
2025-05-05 00:40	59.095	59.125	59.035	59.040	5
2025-05-05 00:45	59.035	59.110	59.000	59.110	5
2025-05-05 00:50	59.105	59.110	59.055	59.100	5
2025-05-05 00:55	59.095	59.110	59.050	59.095	5
2025-05-05 01:00	59.100	59.395	59.100	59.395	5
2025-05-05 01:05	59.385	59.425	59.340	59.350	5
2025-05-05 01:10	59.360	59.415	59.325	59.410	5
2025-05-05 01:15	59.415	59.425	59.335	59.340	5
2025-05-05 01:20	59.345	59.375	59.230	59.240	5
2025-05-05 01:25	59.235	59.265	59.130	59.185	5
2025-05-05 01:30	59.175	59.205	59.125	59.175	5
2025-05-05 01:35	59.180	59.180	59.040	59.055	5
2025-05-05 01:40	59.045	59.075	58.980	59.065	5
2025-05-05 01:45	59.055	59.085	59.030	59.085	5
2025-05-05 01:50	59.080	59.145	59.035	59.115	5
2025-05-05 01:55	59.110	59.235	59.110	59.210	5
2025-05-05 02:00	59.215	59.315	59.185	59.310	5
2025-05-05 02:05	59.305	59.315	59.175	59.200	5
2025-05-05 02:10	59.205	59.215	59.110	59.130	5
2025-05-05 02:15	59.110	59.175	59.080	59.155	5
2025-05-05 02:20	59.145	59.160	59.105	59.160	4
2025-05-05 02:25	59.155	59.180	59.135	59.180	5
2025-05-05 02:30	59.185	59.205	59.150	59.155	5
2025-05-05 02:35	59.150	59.165	59.130	59.155	5
2025-05-05 02:40	59.150	59.155	59.105	59.140	5
2025-05-05 02:45	59.145	59.235	59.145	59.230	5
2025-05-05 02:50	59.225	59.225	59.155	59.160	5
2025-05-05 02:55	59.155	59.165	59.085	59.110	5
2025-05-05 03:00	59.090	59.160	59.065	59.160	5
2025-05-05 03:05	59.165	59.165	59.115	59.130	5
2025-05-05 03:10	59.125	59.150	59.110	59.115	5
2025-05-05 03:15	59.120	59.120	59.050	59.070	5
2025-05-05 03:20	59.080	59.125	59.060	59.110	5
2025-05-05 03:25	59.105	59.130	59.040	59.060	5
2025-05-05 03:30	59.065	59.070	58.975	59.030	5
2025-05-05 03:35	59.025	59.075	59.010	59.065	5
2025-05-05 03:40	59.075	59.140	59.060	59.090	5
2025-05-05 03:45	59.085	59.095	59.015	59.015	5
2025-05-05 03:50	59.010	59.105	59.010	59.090	5
2025-05-05 03:55	59.080	59.135	59.080	59.095	5
2025-05-05 04:00	59.100	59.115	59.045	59.075	5
2025-05-05 04:05	59.070	59.075	58.990	58.995	5
2025-05-05 04:10	58.990	59.040	58.985	59.030	5
2025-05-05 04:15	59.035	59.065	59.020	59.055	5
2025-05-05 04:20	59.060	59.060	59.020	59.030	5
2025-05-05 04:25	59.035	59.055	59.000	59.005	5
2025-05-05 04:30	59.000	59.025	58.990	59.000	5
2025-05-05 04:35	58.995	59.025	58.995	59.005	5
2025-05-05 04:40	59.010	59.025	58.985	59.020	5
2025-05-05 04:45	59.025	59.025	58.995	59.010	5
2025-05-05 04:50	59.005	59.065	59.005	59.065	5
2025-05-05 04:55	59.060	59.060	59.025	59.035	5
2025-05-05 05:00	59.040	59.075	59.035	59.045	5
2025-05-05 05:05	59.050	59.165	59.050	59.130	5
2025-05-05 05:10	59.145	59.210	59.145	59.175	5
2025-05-05 05:15	59.180	59.185	59.095	59.155	5
2025-05-05 05:20	59.165	59.255	59.150	59.230	5
2025-05-05 05:25	59.225	59.250	59.205	59.250	5
2025-05-05 05:30	59.255	59.290	59.205	59.265	5
2025-05-05 05:35	59.260	59.460	59.260	59.435	5
2025-05-05 05:40	59.430	59.435	59.360	59.360	5
2025-05-05 05:45	59.370	59.435	59.370	59.435	5
2025-05-05 05:50	59.425	59.445	59.395	59.425	5
2025-05-05 05:55	59.435	59.435	59.405	59.405	5
2025-05-05 06:00	59.415	59.495	59.415	59.485	5
2025-05-05 06:05	59.470	59.620	59.470	59.615	5
2025-05-05 06:10	59.605	59.695	59.605	59.675	5
2025-05-05 06:15	59.665	59.760	59.655	59.700	5
2025-05-05 06:20	59.715	59.755	59.565	59.585	5
2025-05-05 06:25	59.590	59.590	59.475	59.505	5
2025-05-05 06:30	59.510	59.620	59.490	59.620	5
2025-05-05 06:35	59.615	59.625	59.590	59.600	5
2025-05-05 06:40	59.605	59.690	59.585	59.615	5
2025-05-05 06:45	59.610	59.645	59.560	59.575	5
2025-05-05 06:50	59.565	59.635	59.540	59.630	5
2025-05-05 06:55	59.635	59.675	59.590	59.650	5
2025-05-05 07:00	59.645	59.710	59.540	59.705	5
2025-05-05 07:05	59.715	59.775	59.705	59.760	5
2025-05-05 07:10	59.755	59.925	59.755	59.925	5
2025-05-05 07:15	59.915	59.975	59.880	59.975	5
2025-05-05 07:20	59.965	60.135	59.935	60.045	5
2025-05-05 07:25	60.040	60.105	59.945	60.070	5
2025-05-05 07:30	60.065	60.160	59.975	60.100	5
2025-05-05 07:35	60.095	60.115	60.035	60.100	5
2025-05-05 07:40	60.095	60.155	60.035	60.045	5
2025-05-05 07:45	60.055	60.105	59.945	59.960	5
2025-05-05 07:50	59.965	60.005	59.885	59.905	5
2025-05-05 07:55	59.915	59.940	59.830	59.930	5
2025-05-05 08:00	59.935	60.095	59.870	60.065	5
2025-05-05 08:05	60.060	60.120	59.940	59.980	5
2025-05-05 08:10	59.985	60.010	59.850	59.910	5
2025-05-05 08:15	59.915	59.995	59.875	59.960	5
2025-05-05 08:20	59.955	60.040	59.935	60.010	5
2025-05-05 08:25	60.015	60.045	59.925	59.935	5
2025-05-05 08:30	59.930	60.175	59.915	60.145	5
2025-05-05 08:35	60.140	60.225	60.120	60.225	5
2025-05-05 08:40	60.205	60.240	60.140	60.165	5
2025-05-05 08:45	60.170	60.225	60.065	60.085	5
2025-05-05 08:50	60.090	60.165	60.080	60.105	5
2025-05-05 08:55	60.110	60.195	60.040	60.040	5
2025-05-05 09:00	60.030	60.085	59.945	60.080	5
2025-05-05 09:05	60.075	60.105	59.915	59.955	5
2025-05-05 09:10	59.965	60.025	59.940	60.015	5
2025-05-05 09:15	60.020	60.260	60.005	60.210	5
2025-05-05 09:20	60.205	60.235	60.145	60.145	5
2025-05-05 09:25	60.160	60.235	60.155	60.230	5
2025-05-05 09:30	60.235	60.295	60.215	60.225	5
2025-05-05 09:35	60.235	60.280	60.215	60.255	5
2025-05-05 09:40	60.250	60.385	60.195	60.385	5
2025-05-05 09:45	60.390	60.420	60.315	60.410	5
2025-05-05 09:50	60.405	60.445	60.385	60.420	5
2025-05-05 09:55	60.415	60.525	60.410	60.515	5
2025-05-05 10:00	60.525	60.575	60.495	60.575	5
2025-05-05 10:05	60.565	60.605	60.535	60.565	5
2025-05-05 10:10	60.575	60.575	60.465	60.470	5
2025-05-05 10:15	60.465	60.565	60.445	60.525	5
2025-05-05 10:20	60.515	60.515	60.435	60.450	5
2025-05-05 10:25	60.455	60.535	60.450	60.530	5
2025-05-05 10:30	60.535	60.605	60.530	60.560	5
2025-05-05 10:35	60.555	60.585	60.405	60.435	5
2025-05-05 10:40	60.450	60.475	60.375	60.385	5
2025-05-05 10:45	60.395	60.440	60.375	60.405	5
2025-05-05 10:50	60.415	60.505	60.380	60.495	5
2025-05-05 10:55	60.485	60.485	60.410	60.455	5
2025-05-05 11:00	60.440	60.495	60.420	60.445	5
2025-05-05 11:05	60.440	60.570	60.415	60.565	5
2025-05-05 11:10	60.560	60.690	60.525	60.690	5
2025-05-05 11:15	60.685	60.750	60.665	60.725	5
2025-05-05 11:20	60.720	60.720	60.555	60.575	5
2025-05-05 11:25	60.570	60.590	60.525	60.555	5
2025-05-05 11:30	60.545	60.615	60.475	60.480	5
2025-05-05 11:35	60.475	60.510	60.425	60.445	5
2025-05-05 11:40	60.440	60.535	60.390	60.505	5
2025-05-05 11:45	60.495	60.515	60.435	60.465	5
2025-05-05 11:50	60.455	60.455	60.400	60.430	5
2025-05-05 11:55	60.425	60.495	60.405	60.415	5
2025-05-05 12:00	60.405	60.470	60.405	60.435	5
2025-05-05 12:05	60.430	60.450	60.330	60.335	5
2025-05-05 12:10	60.340	60.555	60.335	60.545	5
2025-05-05 12:15	60.535	60.535	60.445	60.455	5
2025-05-05 12:20	60.445	60.445	60.285	60.335	5
2025-05-05 12:25	60.325	60.325	60.125	60.165	5
2025-05-05 12:30	60.155	60.175	60.075	60.075	5
2025-05-05 12:35	60.080	60.170	60.040	60.155	5
2025-05-05 12:40	60.150	60.205	60.140	60.185	5
2025-05-05 12:45	60.175	60.195	60.065	60.100	5
2025-05-05 12:50	60.095	60.135	60.035	60.070	5
2025-05-05 12:55	60.065	60.370	60.065	60.340	5
2025-05-05 13:00	60.335	60.535	60.335	60.500	5
2025-05-05 13:05	60.495	60.515	60.335	60.335	5
2025-05-05 13:10	60.345	60.395	60.305	60.325	5
2025-05-05 13:15	60.320	60.425	60.285	60.330	5
2025-05-05 13:20	60.335	60.475	60.335	60.445	5
2025-05-05 13:25	60.440	60.510	60.395	60.490	5
2025-05-05 13:30	60.485	60.605	60.395	60.585	5
2025-05-05 13:35	60.575	60.605	60.445	60.455	5
2025-05-05 13:40	60.435	60.460	60.360	60.440	5
2025-05-05 13:45	60.430	60.616	60.365	60.600	5
2025-05-05 13:50	60.610	60.610	60.445	60.550	5
2025-05-05 13:55	60.555	60.645	60.475	60.495	5
2025-05-05 14:00	60.510	60.520	60.300	60.315	5
2025-05-05 14:05	60.310	60.315	59.895	59.905	5
2025-05-05 14:10	59.895	60.015	59.785	59.790	5
2025-05-05 14:15	59.800	59.965	59.785	59.835	5
2025-05-05 14:20	59.830	59.905	59.800	59.810	5
2025-05-05 14:25	59.805	59.955	59.795	59.850	5
2025-05-05 14:30	59.845	59.900	59.795	59.865	5
2025-05-05 14:35	59.875	60.020	59.825	59.970	5
2025-05-05 14:40	59.965	60.055	59.875	60.000	5
2025-05-05 14:45	59.995	60.005	59.785	59.845	5
2025-05-05 14:50	59.860	59.865	59.715	59.755	5
2025-05-05 14:55	59.745	59.810	59.705	59.810	5
2025-05-05 15:00	59.805	59.855	59.724	59.755	5
2025-05-05 15:05	59.750	59.780	59.700	59.705	5
2025-05-05 15:10	59.700	59.750	59.615	59.615	5
2025-05-05 15:15	59.625	59.645	59.587	59.587	5
2025-05-05 15:20	59.590	59.665	59.587	59.620	5
2025-05-05 15:25	59.615	59.760	59.587	59.725	5
2025-05-05 15:30	59.715	59.825	59.700	59.770	5
2025-05-05 15:35	59.755	59.835	59.735	59.765	5
2025-05-05 15:40	59.770	59.885	59.725	59.735	5
2025-05-05 15:45	59.740	59.840	59.730	59.805	5
2025-05-05 15:50	59.800	59.820	59.735	59.805	5
2025-05-05 15:55	59.800	59.960	59.775	59.945	5
2025-05-05 16:00	59.940	60.175	59.940	60.110	5
2025-05-05 16:05	60.105	60.215	60.065	60.095	5
2025-05-05 16:10	60.100	60.175	60.075	60.155	5
2025-05-05 16:15	60.150	60.175	60.055	60.175	5
2025-05-05 16:20	60.185	60.375	60.185	60.355	5
2025-05-05 16:25	60.360	60.370	60.255	60.325	5
2025-05-05 16:30	60.330	60.335	60.185	60.270	5
2025-05-05 16:35	60.275	60.315	60.170	60.205	5
2025-05-05 16:40	60.210	60.210	60.140	60.155	5
2025-05-05 16:45	60.160	60.175	60.115	60.135	5
2025-05-05 16:50	60.145	60.185	60.070	60.120	5
2025-05-05 16:55	60.135	60.190	60.085	60.175	5
2025-05-05 17:00	60.170	60.280	60.165	60.225	5
2025-05-05 17:05	60.220	60.220	60.065	60.140	5
2025-05-05 17:10	60.135	60.185	60.115	60.180	5
2025-05-05 17:15	60.175	60.235	60.160	60.230	5
2025-05-05 17:20	60.225	60.255	60.170	60.200	5
2025-05-05 17:25	60.195	60.240	60.190	60.230	5
2025-05-05 17:30	60.225	60.320	60.200	60.320	5
2025-05-05 17:35	60.315	60.365	60.295	60.300	5
2025-05-05 17:40	60.295	60.340	60.220	60.315	5
2025-05-05 17:45	60.305	60.360	60.255	60.335	5
2025-05-05 17:50	60.340	60.345	60.305	60.320	5
2025-05-05 17:55	60.315	60.335	60.280	60.315	5
2025-05-05 18:00	60.305	60.325	60.235	60.265	5
2025-05-05 18:05	60.270	60.315	60.270	60.285	5
2025-05-05 18:10	60.290	60.305	60.200	60.260	5
2025-05-05 18:15	60.265	60.385	60.250	60.375	5
2025-05-05 18:20	60.370	60.375	60.305	60.320	5
2025-05-05 18:25	60.325	60.325	60.175	60.235	5
2025-05-05 18:30	60.245	60.255	60.185	60.225	5
2025-05-05 18:35	60.220	60.295	60.190	60.275	5
2025-05-05 18:40	60.270	60.270	60.185	60.185	5
2025-05-05 18:45	60.190	60.255	60.190	60.210	5
2025-05-05 18:50	60.215	60.245	60.210	60.225	5
2025-05-05 18:55	60.220	60.260	60.205	60.260	5
2025-05-05 19:00	60.255	60.290	60.225	60.240	5
2025-05-05 19:05	60.245	60.285	60.225	60.265	4
2025-05-05 19:10	60.260	60.310	60.255	60.255	5
2025-05-05 19:15	60.245	60.285	60.225	60.255	5
2025-05-05 19:20	60.250	60.260	60.200	60.210	5
2025-05-05 19:25	60.200	60.225	60.195	60.205	5
2025-05-05 19:30	60.200	60.205	60.140	60.205	5
2025-05-05 19:35	60.200	60.205	60.135	60.135	5
2025-05-05 19:40	60.140	60.150	60.115	60.115	5
2025-05-05 19:45	60.125	60.155	60.115	60.155	5
2025-05-05 19:50	60.165	60.175	60.095	60.095	5
2025-05-05 19:55	60.100	60.120	60.085	60.115	5
2025-05-05 20:00	60.092	60.092	60.062	60.092	5
2025-05-05 20:05	60.082	60.102	60.082	60.097	5
2025-05-05 20:10	60.102	60.142	60.097	60.122	5
2025-05-05 20:15	60.117	60.152	60.112	60.142	5
2025-05-05 20:20	60.147	60.182	60.147	60.172	5
2025-05-05 20:25	60.192	60.282	60.187	60.232	5
2025-05-05 20:30	60.227	60.252	60.222	60.247	5
2025-05-05 20:35	60.242	60.242	60.212	60.227	4
2025-05-05 20:40	60.232	60.282	60.227	60.257	5
2025-05-05 20:45	60.257	60.277	60.247	60.262	5
2025-05-05 20:50	60.272	60.312	60.267	60.297	5
2025-05-05 20:55	60.287	60.302	60.257	60.302	5
2025-05-06 00:00	60.214	60.280	60.204	60.250	5
2025-05-06 00:05	60.255	60.330	60.240	60.325	5
2025-05-06 00:10	60.320	60.325	60.230	60.300	5
2025-05-06 00:15	60.295	60.295	60.190	60.200	5
2025-05-06 00:20	60.190	60.235	60.150	60.160	5
2025-05-06 00:25	60.155	60.190	60.150	60.175	5
2025-05-06 00:30	60.185	60.275	60.175	60.275	5
2025-05-06 00:35	60.290	60.325	60.260	60.280	5
2025-05-06 00:40	60.285	60.350	60.285	60.345	5
2025-05-06 00:45	60.340	60.345	60.280	60.340	5
2025-05-06 00:50	60.330	60.345	60.315	60.325	5
2025-05-06 00:55	60.315	60.455	60.295	60.445	5
2025-05-06 01:00	60.455	61.010	60.455	60.845	5
2025-05-06 01:05	60.840	60.955	60.700	60.780	5
2025-05-06 01:10	60.785	60.875	60.705	60.865	5
2025-05-06 01:15	60.855	61.060	60.845	60.960	5
2025-05-06 01:20	60.950	60.990	60.870	60.935	5
2025-05-06 01:25	60.930	60.970	60.780	60.835	5
2025-05-06 01:30	60.825	61.030	60.795	61.030	5
2025-05-06 01:35	61.015	61.145	60.975	61.125	5
2025-05-06 01:40	61.120	61.195	61.055	61.160	5
2025-05-06 01:45	61.165	61.165	60.875	60.880	5
2025-05-06 01:50	60.870	60.930	60.835	60.920	5
2025-05-06 01:55	60.925	61.120	60.885	61.120	5
2025-05-06 02:00	61.115	61.125	61.065	61.110	5
2025-05-06 02:05	61.105	61.110	61.005	61.025	5
2025-05-06 02:10	61.050	61.065	60.955	60.970	5
2025-05-06 02:15	60.980	61.070	60.975	61.050	5
2025-05-06 02:20	61.055	61.220	61.035	61.065	5
2025-05-06 02:25	61.060	61.060	60.985	61.030	5
2025-05-06 02:30	61.020	61.035	60.870	60.940	5
2025-05-06 02:35	60.935	61.085	60.900	61.085	5
2025-05-06 02:40	61.095	61.095	61.010	61.030	5
2025-05-06 02:45	61.035	61.165	61.025	61.130	5
2025-05-06 02:50	61.125	61.145	61.090	61.105	5
2025-05-06 02:55	61.110	61.150	61.085	61.120	5
2025-05-06 03:00	61.115	61.140	61.085	61.090	5
2025-05-06 03:05	61.085	61.145	61.085	61.115	5
2025-05-06 03:10	61.110	61.165	61.105	61.125	5
2025-05-06 03:15	61.130	61.215	61.115	61.210	5
2025-05-06 03:20	61.215	61.225	61.160	61.170	5
2025-05-06 03:25	61.165	61.220	61.140	61.205	5
2025-05-06 03:30	61.210	61.210	61.125	61.125	5
2025-05-06 03:35	61.130	61.150	61.120	61.125	5
2025-05-06 03:40	61.130	61.155	61.130	61.150	5
2025-05-06 03:45	61.145	61.155	61.135	61.135	5
2025-05-06 03:50	61.145	61.155	61.120	61.150	5
2025-05-06 03:55	61.145	61.155	61.130	61.150	5
2025-05-06 04:00	61.155	61.205	61.125	61.195	5
2025-05-06 04:05	61.185	61.185	61.140	61.150	5
2025-05-06 04:10	61.165	61.170	61.120	61.125	5
2025-05-06 04:15	61.135	61.180	61.130	61.170	5
2025-05-06 04:20	61.165	61.165	61.135	61.165	5
2025-05-06 04:25	61.160	61.175	61.155	61.160	5
2025-05-06 04:30	61.165	61.170	61.145	61.165	5
2025-05-06 04:35	61.160	61.230	61.155	61.215	4
2025-05-06 04:40	61.210	61.210	61.155	61.190	5
2025-05-06 04:45	61.185	61.230	61.185	61.225	5
2025-05-06 04:50	61.230	61.230	61.205	61.215	5
2025-05-06 04:55	61.210	61.210	61.185	61.200	4
2025-05-06 05:00	61.195	61.225	61.145	61.190	5
2025-05-06 05:05	61.185	61.190	61.165	61.170	5
2025-05-06 05:10	61.175	61.205	61.160	61.180	5
2025-05-06 05:15	61.175	61.205	61.160	61.180	5
2025-05-06 05:20	61.175	61.200	61.150	61.170	5
2025-05-06 05:25	61.175	61.175	61.145	61.150	5
2025-05-06 05:30	61.145	61.180	61.140	61.155	5
2025-05-06 05:35	61.160	61.180	61.125	61.130	5
2025-05-06 05:40	61.125	61.135	61.065	61.070	5
2025-05-06 05:45	61.065	61.120	61.065	61.115	5
2025-05-06 05:50	61.110	61.120	61.065	61.065	5
2025-05-06 05:55	61.075	61.095	61.065	61.065	4
2025-05-06 06:00	61.075	61.135	61.075	61.120	4
2025-05-06 06:05	61.125	61.210	61.105	61.205	5
2025-05-06 06:10	61.215	61.325	61.205	61.325	5
2025-05-06 06:15	61.320	61.375	61.290	61.355	5
2025-05-06 06:20	61.365	61.395	61.300	61.390	5
2025-05-06 06:25	61.385	61.385	61.320	61.330	5
2025-05-06 06:30	61.335	61.345	61.290	61.315	5
2025-05-06 06:35	61.305	61.360	61.305	61.325	5
2025-05-06 06:40	61.335	61.355	61.295	61.335	5
2025-05-06 06:45	61.345	61.375	61.325	61.365	5
2025-05-06 06:50	61.360	61.420	61.335	61.350	5
2025-05-06 06:55	61.345	61.395	61.325	61.370	5
2025-05-06 07:00	61.375	61.520	61.330	61.495	5
2025-05-06 07:05	61.490	61.595	61.435	61.570	5
2025-05-06 07:10	61.575	61.620	61.545	61.555	5
2025-05-06 07:15	61.560	61.565	61.505	61.545	5
2025-05-06 07:20	61.535	61.600	61.505	61.585	5
2025-05-06 07:25	61.595	61.615	61.545	61.555	5
2025-05-06 07:30	61.565	61.575	61.435	61.495	5
2025-05-06 07:35	61.485	61.545	61.430	61.535	5
2025-05-06 07:40	61.530	61.590	61.505	61.545	5
2025-05-06 07:45	61.575	61.595	61.520	61.590	5
2025-05-06 07:50	61.585	61.605	61.495	61.495	5
2025-05-06 07:55	61.505	61.535	61.435	61.490	5
2025-05-06 08:00	61.495	61.575	61.475	61.475	5
2025-05-06 08:05	61.470	61.525	61.405	61.405	5
2025-05-06 08:10	61.415	61.430	61.330	61.370	5
2025-05-06 08:15	61.375	61.435	61.295	61.335	5
2025-05-06 08:20	61.330	61.375	61.275	61.285	5
2025-05-06 08:25	61.280	61.410	61.280	61.375	5
2025-05-06 08:30	61.335	61.430	61.295	61.345	5
2025-05-06 08:35	61.335	61.425	61.295	61.300	5
2025-05-06 08:40	61.305	61.415	61.295	61.415	5
2025-05-06 08:45	61.410	61.605	61.410	61.570	5
2025-05-06 08:50	61.565	61.750	61.535	61.640	5
2025-05-06 08:55	61.635	61.760	61.635	61.725	5
2025-05-06 09:00	61.730	61.785	61.645	61.770	5
2025-05-06 09:05	61.765	61.975	61.755	61.965	5
2025-05-06 09:10	61.970	61.975	61.810	61.925	5
2025-05-06 09:15	61.935	61.935	61.825	61.860	5
2025-05-06 09:20	61.865	61.925	61.785	61.885	5
2025-05-06 09:25	61.875	61.940	61.830	61.920	5
2025-05-06 09:30	61.925	61.975	61.885	61.935	5
2025-05-06 09:35	61.930	61.955	61.855	61.915	5
2025-05-06 09:40	61.905	61.935	61.855	61.865	5
2025-05-06 09:45	61.855	61.945	61.825	61.915	5
2025-05-06 09:50	61.910	61.975	61.895	61.965	5
2025-05-06 09:55	61.970	61.985	61.910	61.915	5
2025-05-06 10:00	61.905	61.965	61.845	61.940	5
2025-05-06 10:05	61.935	61.945	61.805	61.840	5
2025-05-06 10:10	61.845	61.875	61.815	61.855	5
2025-05-06 10:15	61.865	61.905	61.795	61.880	5
2025-05-06 10:20	61.875	61.875	61.750	61.810	5
2025-05-06 10:25	61.805	61.825	61.715	61.790	5
2025-05-06 10:30	61.785	61.810	61.705	61.715	5
2025-05-06 10:35	61.710	61.745	61.635	61.675	5
2025-05-06 10:40	61.685	61.715	61.575	61.615	5
2025-05-06 10:45	61.620	61.635	61.510	61.525	5
2025-05-06 10:50	61.535	61.555	61.430	61.465	5
2025-05-06 10:55	61.475	61.475	61.345	61.355	5
2025-05-06 11:00	61.365	61.555	61.365	61.550	5
2025-05-06 11:05	61.545	61.575	61.510	61.535	5
2025-05-06 11:10	61.550	61.560	61.480	61.495	5
2025-05-06 11:15	61.490	61.520	61.465	61.485	5
2025-05-06 11:20	61.495	61.495	61.420	61.445	5
2025-05-06 11:25	61.450	61.545	61.410	61.540	5
2025-05-06 11:30	61.545	61.545	61.395	61.405	5
2025-05-06 11:35	61.410	61.515	61.405	61.505	5
2025-05-06 11:40	61.500	61.500	61.445	61.485	5
2025-05-06 11:45	61.475	61.475	61.435	61.435	5
2025-05-06 11:50	61.445	61.485	61.385	61.465	5
2025-05-06 11:55	61.455	61.555	61.450	61.545	5
2025-05-06 12:00	61.555	61.570	61.465	61.535	5
2025-05-06 12:05	61.525	61.645	61.515	61.625	5
2025-05-06 12:10	61.630	61.655	61.535	61.635	5
2025-05-06 12:15	61.625	61.785	61.595	61.780	5
2025-05-06 12:20	61.775	61.805	61.725	61.795	5
2025-05-06 12:25	61.800	61.815	61.725	61.735	5
2025-05-06 12:30	61.745	61.745	61.610	61.630	5
2025-05-06 12:35	61.625	61.695	61.605	61.675	5
2025-05-06 12:40	61.680	61.725	61.585	61.665	5
2025-05-06 12:45	61.670	61.700	61.625	61.675	5
2025-05-06 12:50	61.685	61.715	61.600	61.700	5
2025-05-06 12:55	61.705	61.736	61.670	61.735	5
2025-05-06 13:00	61.725	61.795	61.645	61.770	5
2025-05-06 13:05	61.765	62.005	61.665	61.975	5
2025-05-06 13:10	61.980	62.025	61.905	62.005	5
2025-05-06 13:15	62.010	62.355	62.005	62.320	5
2025-05-06 13:20	62.315	62.425	62.265	62.385	5
2025-05-06 13:25	62.375	62.395	62.155	62.205	5
2025-05-06 13:30	62.210	62.270	62.135	62.255	5
2025-05-06 13:35	62.260	62.285	62.175	62.265	5
2025-05-06 13:40	62.260	62.305	62.195	62.225	5
2025-05-06 13:45	62.230	62.325	62.210	62.285	5
2025-05-06 13:50	62.290	62.300	62.115	62.245	5
2025-05-06 13:55	62.230	62.355	62.205	62.350	5
2025-05-06 14:00	62.345	62.455	62.315	62.395	5
2025-05-06 14:05	62.375	62.435	62.335	62.435	5
2025-05-06 14:10	62.425	62.550	62.405	62.505	5
2025-05-06 14:15	62.515	62.560	62.500	62.555	5
2025-05-06 14:20	62.550	62.565	62.405	62.435	5
2025-05-06 14:25	62.430	62.540	62.365	62.515	5
2025-05-06 14:30	62.520	62.645	62.490	62.615	5
2025-05-06 14:35	62.620	62.675	62.585	62.665	5
2025-05-06 14:40	62.670	62.670	62.455	62.475	5
2025-05-06 14:45	62.470	62.480	62.325	62.365	5
2025-05-06 14:50	62.355	62.355	62.205	62.240	5
2025-05-06 14:55	62.235	62.395	62.225	62.325	5
2025-05-06 15:00	62.315	62.460	62.285	62.455	5
2025-05-06 15:05	62.460	62.600	62.395	62.555	5
2025-05-06 15:10	62.560	62.655	62.530	62.650	5
2025-05-06 15:15	62.655	62.665	62.580	62.625	5
2025-05-06 15:20	62.615	62.625	62.525	62.540	5
2025-05-06 15:25	62.535	62.615	62.505	62.565	5
2025-05-06 15:30	62.555	62.595	62.480	62.535	5
2025-05-06 15:35	62.540	62.625	62.525	62.625	5
2025-05-06 15:40	62.635	62.635	62.555	62.575	5
2025-05-06 15:45	62.585	62.620	62.505	62.585	5
2025-05-06 15:50	62.595	62.635	62.525	62.625	5
2025-05-06 15:55	62.615	62.635	62.555	62.585	5
2025-05-06 16:00	62.575	62.625	62.485	62.585	5
2025-05-06 16:05	62.595	62.610	62.390	62.420	5
2025-05-06 16:10	62.410	62.600	62.385	62.595	5
2025-05-06 16:15	62.610	62.775	62.555	62.610	5
2025-05-06 16:20	62.605	62.625	62.340	62.385	5
2025-05-06 16:25	62.380	62.415	62.285	62.400	5
2025-05-06 16:30	62.405	62.445	62.395	62.400	5
2025-05-06 16:35	62.405	62.405	62.245	62.280	5
2025-05-06 16:40	62.275	62.335	62.275	62.325	5
2025-05-06 16:45	62.315	62.315	62.145	62.200	5
2025-05-06 16:50	62.195	62.240	62.155	62.205	5
2025-05-06 16:55	62.210	62.215	62.075	62.105	5
2025-05-06 17:00	62.100	62.155	62.065	62.065	5
2025-05-06 17:05	62.075	62.230	62.065	62.215	5
2025-05-06 17:10	62.210	62.305	62.140	62.225	5
2025-05-06 17:15	62.235	62.235	62.155	62.185	5
2025-05-06 17:20	62.175	62.215	62.115	62.135	5
2025-05-06 17:25	62.130	62.150	62.095	62.110	5
2025-05-06 17:30	62.105	62.195	62.105	62.195	5
2025-05-06 17:35	62.190	62.235	62.165	62.210	5
2025-05-06 17:40	62.205	62.265	62.145	62.216	5
2025-05-06 17:45	62.225	62.275	62.204	62.275	5
2025-05-06 17:50	62.265	62.335	62.265	62.325	5
2025-05-06 17:55	62.330	62.375	62.295	62.375	5
2025-05-06 18:00	62.370	62.445	62.320	62.380	5
2025-05-06 18:05	62.375	62.380	62.290	62.325	5
2025-05-06 18:10	62.315	62.335	62.280	62.325	5
2025-05-06 18:15	62.315	62.320	62.160	62.165	5
2025-05-06 18:20	62.155	62.235	62.135	62.155	5
2025-05-06 18:25	62.165	62.170	62.085	62.110	5
2025-05-06 18:30	62.115	62.150	62.085	62.095	5
2025-05-06 18:35	62.085	62.105	62.035	62.040	5
2025-05-06 18:40	62.035	62.055	62.015	62.025	5
2025-05-06 18:45	62.015	62.095	62.015	62.055	5
2025-05-06 18:50	62.045	62.065	62.025	62.035	5
2025-05-06 18:55	62.045	62.065	62.045	62.060	5
2025-05-06 19:00	62.055	62.065	62.035	62.055	3
2025-05-06 19:05	62.050	62.055	62.015	62.025	4
2025-05-06 19:10	62.020	62.070	62.020	62.035	5
2025-05-06 19:15	62.030	62.030	61.975	61.985	5
2025-05-06 19:20	61.990	62.035	61.990	62.035	4
2025-05-06 19:25	62.025	62.045	62.020	62.025	5
2025-05-06 19:30	62.020	62.045	62.005	62.040	5
2025-05-06 19:35	62.045	62.045	62.005	62.015	5
2025-05-06 19:40	62.010	62.085	62.005	62.080	5
2025-05-06 19:45	62.085	62.115	62.085	62.095	5
2025-05-06 19:50	62.085	62.115	62.075	62.095	5
2025-05-06 19:55	62.085	62.145	62.085	62.115	5
2025-05-06 20:00	62.092	62.117	62.092	62.102	5
2025-05-06 20:05	62.102	62.112	62.097	62.107	5
2025-05-06 20:10	62.112	62.112	62.037	62.047	5
2025-05-06 20:15	62.042	62.072	62.032	62.072	5
2025-05-06 20:20	62.067	62.072	62.042	62.057	5
2025-05-06 20:25	62.052	62.057	61.997	62.002	5
2025-05-06 20:30	62.002	62.057	61.897	61.917	5
2025-05-06 20:35	61.907	61.907	61.877	61.892	5
2025-05-06 20:40	61.902	61.907	61.852	61.877	5
2025-05-06 20:45	61.872	62.012	61.872	61.997	5
2025-05-06 20:50	61.987	61.997	61.967	61.967	5
2025-05-06 20:55	61.972	62.007	61.967	61.977	5
2025-05-07 00:00	62.465	62.720	62.465	62.570	5
2025-05-07 00:05	62.565	62.640	62.530	62.550	5
2025-05-07 00:10	62.545	62.655	62.490	62.520	5
2025-05-07 00:15	62.510	62.605	62.500	62.600	5
2025-05-07 00:20	62.620	62.620	62.515	62.575	5
2025-05-07 00:25	62.585	62.675	62.580	62.610	5
2025-05-07 00:30	62.615	62.675	62.615	62.670	5
2025-05-07 00:35	62.675	62.680	62.650	62.670	5
2025-05-07 00:40	62.675	62.675	62.558	62.560	5
2025-05-07 00:45	62.550	62.695	62.550	62.680	5
2025-05-07 00:50	62.675	62.675	62.590	62.650	5
2025-05-07 00:55	62.645	62.710	62.645	62.700	5
2025-05-07 01:00	62.705	62.710	62.555	62.570	5
2025-05-07 01:05	62.575	62.585	62.470	62.485	5
2025-05-07 01:10	62.480	62.595	62.465	62.580	5
2025-05-07 01:15	62.585	62.675	62.565	62.660	5
2025-05-07 01:20	62.665	62.705	62.510	62.510	5
2025-05-07 01:25	62.500	62.560	62.495	62.555	5
2025-05-07 01:30	62.545	62.545	62.400	62.435	5
2025-05-07 01:35	62.440	62.495	62.420	62.450	5
2025-05-07 01:40	62.455	62.520	62.445	62.515	5
2025-05-07 01:45	62.505	62.555	62.490	62.525	5
2025-05-07 01:50	62.530	62.630	62.530	62.605	5
2025-05-07 01:55	62.600	62.605	62.505	62.510	5
2025-05-07 02:00	62.505	62.535	62.415	62.480	5
2025-05-07 02:05	62.485	62.525	62.450	62.460	5
2025-05-07 02:10	62.455	62.525	62.455	62.520	5
2025-05-07 02:15	62.525	62.560	62.490	62.545	5
2025-05-07 02:20	62.540	62.570	62.505	62.505	5
2025-05-07 02:25	62.510	62.540	62.460	62.515	5
2025-05-07 02:30	62.510	62.535	62.460	62.515	5
2025-05-07 02:35	62.510	62.550	62.490	62.510	5
2025-05-07 02:40	62.505	62.510	62.460	62.460	5
2025-05-07 02:45	62.465	62.470	62.430	62.460	5
2025-05-07 02:50	62.455	62.540	62.455	62.500	5
2025-05-07 02:55	62.505	62.560	62.500	62.560	5
2025-05-07 03:00	62.565	62.575	62.485	62.490	5
2025-05-07 03:05	62.495	62.530	62.465	62.480	5
2025-05-07 03:10	62.485	62.525	62.475	62.490	5
2025-05-07 03:15	62.495	62.525	62.475	62.515	5
2025-05-07 03:20	62.510	62.525	62.485	62.515	5
2025-05-07 03:25	62.505	62.555	62.505	62.510	5
2025-05-07 03:30	62.505	62.555	62.495	62.525	5
2025-05-07 03:35	62.535	62.560	62.508	62.545	5
2025-05-07 03:40	62.535	62.535	62.475	62.495	5
2025-05-07 03:45	62.500	62.550	62.478	62.535	5
2025-05-07 03:50	62.530	62.550	62.478	62.535	5
2025-05-07 03:55	62.545	62.595	62.545	62.570	5
2025-05-07 04:00	62.565	62.570	62.508	62.565	5
2025-05-07 04:05	62.518	62.590	62.518	62.590	5
2025-05-07 04:10	62.585	62.625	62.585	62.610	5
2025-05-07 04:15	62.615	62.615	62.568	62.615	5
2025-05-07 04:20	62.620	62.655	62.590	62.640	5
2025-05-07 04:25	62.635	62.675	62.635	62.660	5
2025-05-07 04:30	62.655	62.705	62.655	62.685	5
2025-05-07 04:35	62.690	62.705	62.640	62.655	5
2025-05-07 04:40	62.650	62.705	62.650	62.695	5
2025-05-07 04:45	62.648	62.695	62.648	62.655	4
2025-05-07 04:50	62.650	62.705	62.645	62.700	5
2025-05-07 04:55	62.705	62.705	62.685	62.705	4
2025-05-07 05:00	62.700	62.705	62.648	62.700	5
2025-05-07 05:05	62.705	62.705	62.638	62.670	5
2025-05-07 05:10	62.665	62.725	62.665	62.690	5
2025-05-07 05:15	62.695	62.715	62.685	62.710	5
2025-05-07 05:20	62.705	62.750	62.695	62.710	5
2025-05-07 05:25	62.715	62.720	62.680	62.710	5
2025-05-07 05:30	62.695	62.715	62.660	62.690	5
2025-05-07 05:35	62.695	62.700	62.585	62.635	5
2025-05-07 05:40	62.630	62.645	62.605	62.635	5
2025-05-07 05:45	62.645	62.670	62.625	62.625	5
2025-05-07 05:50	62.635	62.675	62.615	62.635	5
2025-05-07 05:55	62.640	62.675	62.598	62.660	5
2025-05-07 06:00	62.655	62.685	62.590	62.675	5
2025-05-07 06:05	62.670	62.828	62.670	62.805	5
2025-05-07 06:10	62.800	62.870	62.775	62.845	5
2025-05-07 06:15	62.850	62.865	62.800	62.815	5
2025-05-07 06:20	62.820	62.895	62.815	62.885	5
2025-05-07 06:25	62.875	62.875	62.805	62.840	5
2025-05-07 06:30	62.845	62.915	62.825	62.865	5
2025-05-07 06:35	62.855	62.875	62.845	62.855	5
2025-05-07 06:40	62.865	62.885	62.845	62.845	5
2025-05-07 06:45	62.825	62.855	62.755	62.845	5
2025-05-07 06:50	62.855	62.885	62.830	62.835	5
2025-05-07 06:55	62.830	62.895	62.830	62.875	5
2025-05-07 07:00	62.865	62.940	62.845	62.925	5
2025-05-07 07:05	62.935	62.965	62.875	62.885	5
2025-05-07 07:10	62.875	62.960	62.875	62.915	5
2025-05-07 07:15	62.905	62.915	62.865	62.885	5
2025-05-07 07:20	62.895	62.935	62.875	62.930	5
2025-05-07 07:25	62.925	62.935	62.885	62.925	5
2025-05-07 07:30	62.920	62.925	62.875	62.885	5
2025-05-07 07:35	62.895	63.131	62.895	63.115	5
2025-05-07 07:40	63.125	63.125	62.985	63.035	5
2025-05-07 07:45	63.040	63.115	63.015	63.115	5
2025-05-07 07:50	63.120	63.130	63.065	63.065	5
2025-05-07 07:55	63.060	63.060	62.970	62.995	5
2025-05-07 08:00	63.040	63.190	63.020	63.125	5
2025-05-07 08:05	63.140	63.155	63.055	63.115	5
2025-05-07 08:10	63.105	63.115	63.015	63.080	5
2025-05-07 08:15	63.085	63.155	63.065	63.155	5
2025-05-07 08:20	63.145	63.165	63.050	63.060	5
2025-05-07 08:25	63.065	63.065	63.005	63.005	5
2025-05-07 08:30	63.015	63.015	62.915	62.925	5
2025-05-07 08:35	62.915	62.925	62.865	62.925	5
2025-05-07 08:40	62.955	62.965	62.920	62.935	5
2025-05-07 08:45	62.940	62.975	62.815	62.835	5
2025-05-07 08:50	62.825	62.835	62.725	62.775	5
2025-05-07 08:55	62.770	62.775	62.695	62.705	5
2025-05-07 09:00	62.695	62.755	62.515	62.570	5
2025-05-07 09:05	62.575	62.585	62.525	62.555	5
2025-05-07 09:10	62.565	62.655	62.560	62.635	5
2025-05-07 09:15	62.640	62.645	62.505	62.505	5
2025-05-07 09:20	62.500	62.575	62.435	62.485	5
2025-05-07 09:25	62.495	62.535	62.455	62.525	5
2025-05-07 09:30	62.535	62.565	62.435	62.495	5
2025-05-07 09:35	62.490	62.540	62.485	62.530	5
2025-05-07 09:40	62.525	62.530	62.445	62.475	5
2025-05-07 09:45	62.485	62.565	62.485	62.545	5
2025-05-07 09:50	62.530	62.540	62.305	62.310	5
2025-05-07 09:55	62.315	62.410	62.295	62.405	5
2025-05-07 10:00	62.420	62.435	62.365	62.375	5
2025-05-07 10:05	62.385	62.445	62.355	62.360	5
2025-05-07 10:10	62.365	62.375	62.325	62.365	5
2025-05-07 10:15	62.370	62.515	62.370	62.475	5
2025-05-07 10:20	62.470	62.485	62.385	62.430	5
2025-05-07 10:25	62.435	62.475	62.395	62.405	5
2025-05-07 10:30	62.395	62.445	62.305	62.315	5
2025-05-07 10:35	62.325	62.375	62.305	62.305	5
2025-05-07 10:40	62.300	62.305	62.245	62.295	5
2025-05-07 10:45	62.305	62.460	62.295	62.435	5
2025-05-07 10:50	62.440	62.575	62.435	62.555	5
2025-05-07 10:55	62.560	62.565	62.495	62.520	5
2025-05-07 11:00	62.525	62.585	62.505	62.520	5
2025-05-07 11:05	62.525	62.575	62.495	62.515	5
2025-05-07 11:10	62.505	62.570	62.485	62.505	5
2025-05-07 11:15	62.510	62.605	62.505	62.585	5
2025-05-07 11:20	62.590	62.595	62.500	62.500	5
2025-05-07 11:25	62.505	62.540	62.485	62.525	5
2025-05-07 11:30	62.535	62.605	62.490	62.535	5
2025-05-07 11:35	62.540	62.580	62.515	62.540	5
2025-05-07 11:40	62.535	62.585	62.475	62.490	5
2025-05-07 11:45	62.495	62.575	62.485	62.545	5
2025-05-07 11:50	62.555	62.565	62.525	62.565	5
2025-05-07 11:55	62.575	62.706	62.565	62.665	5
2025-05-07 12:00	62.660	62.685	62.560	62.595	5
2025-05-07 12:05	62.605	62.635	62.570	62.585	5
2025-05-07 12:10	62.580	62.585	62.525	62.555	5
2025-05-07 12:15	62.565	62.585	62.475	62.475	5
2025-05-07 12:20	62.480	62.540	62.465	62.475	5
2025-05-07 12:25	62.480	62.505	62.395	62.415	5
2025-05-07 12:30	62.405	62.405	62.320	62.335	5
2025-05-07 12:35	62.325	62.335	62.165	62.195	5
2025-05-07 12:40	62.200	62.255	62.065	62.225	5
2025-05-07 12:45	62.220	62.270	62.155	62.185	5
2025-05-07 12:50	62.180	62.260	62.175	62.245	5
2025-05-07 12:55	62.240	62.245	62.145	62.205	5
2025-05-07 13:00	62.200	62.200	62.050	62.135	5
2025-05-07 13:05	62.145	62.205	62.115	62.145	5
2025-05-07 13:10	62.135	62.160	62.095	62.125	5
2025-05-07 13:15	62.120	62.120	61.955	61.960	5
2025-05-07 13:20	61.965	62.075	61.935	62.060	5
2025-05-07 13:25	62.055	62.075	61.925	61.950	5
2025-05-07 13:30	61.945	61.950	61.745	61.745	5
2025-05-07 13:35	61.750	61.900	61.695	61.795	5
2025-05-07 13:40	61.790	61.935	61.785	61.925	5
2025-05-07 13:45	61.915	61.975	61.885	61.900	5
2025-05-07 13:50	61.905	62.115	61.885	62.005	5
2025-05-07 13:55	62.010	62.010	61.895	61.925	5
2025-05-07 14:00	61.920	61.935	61.885	61.895	5
2025-05-07 14:05	61.900	62.025	61.865	61.940	5
2025-05-07 14:10	61.945	62.025	61.905	61.940	5
2025-05-07 14:15	61.945	61.955	61.875	61.885	5
2025-05-07 14:20	61.880	62.010	61.865	61.915	5
2025-05-07 14:25	61.905	61.985	61.905	61.955	5
2025-05-07 14:30	61.947	62.000	61.705	61.825	5
2025-05-07 14:35	61.815	61.825	61.610	61.710	5
2025-05-07 14:40	61.715	61.795	61.660	61.675	5
2025-05-07 14:45	61.685	61.770	61.660	61.695	5
2025-05-07 14:50	61.700	61.715	61.565	61.570	5
2025-05-07 14:55	61.565	61.745	61.550	61.725	5
2025-05-07 15:00	61.715	61.830	61.640	61.795	5
2025-05-07 15:05	61.815	62.045	61.740	61.950	5
2025-05-07 15:10	61.945	61.955	61.575	61.615	5
2025-05-07 15:15	61.625	61.695	61.550	61.575	5
2025-05-07 15:20	61.585	61.635	61.565	61.565	5
2025-05-07 15:25	61.570	61.595	61.345	61.405	5
2025-05-07 15:30	61.415	61.505	61.335	61.485	5
2025-05-07 15:35	61.490	61.495	61.320	61.395	5
2025-05-07 15:40	61.400	61.495	61.395	61.470	5
2025-05-07 15:45	61.465	61.505	61.350	61.365	5
2025-05-07 15:50	61.355	61.405	61.325	61.385	5
2025-05-07 15:55	61.395	61.475	61.365	61.435	5
2025-05-07 16:00	61.430	61.485	61.335	61.380	5
2025-05-07 16:05	61.375	61.425	61.270	61.425	5
2025-05-07 16:10	61.415	61.450	61.345	61.385	5
2025-05-07 16:15	61.375	61.405	61.305	61.335	5
2025-05-07 16:20	61.330	61.365	61.290	61.300	5
2025-05-07 16:25	61.295	61.335	61.275	61.275	5
2025-05-07 16:30	61.270	61.350	61.270	61.335	5
2025-05-07 16:35	61.330	61.355	61.305	61.335	5
2025-05-07 16:40	61.330	61.485	61.330	61.425	5
2025-05-07 16:45	61.435	61.460	61.400	61.425	5
2025-05-07 16:50	61.430	61.465	61.335	61.345	5
2025-05-07 16:55	61.335	61.525	61.335	61.435	5
2025-05-07 17:00	61.445	61.495	61.415	61.465	5
2025-05-07 17:05	61.470	61.485	61.440	61.440	5
2025-05-07 17:10	61.435	61.435	61.380	61.415	5
2025-05-07 17:15	61.410	61.456	61.405	61.425	5
2025-05-07 17:20	61.420	61.420	61.385	61.400	5
2025-05-07 17:25	61.395	61.405	61.335	61.335	5
2025-05-07 17:30	61.345	61.425	61.340	61.385	5
2025-05-07 17:35	61.390	61.400	61.355	61.355	5
2025-05-07 17:40	61.365	61.395	61.345	61.350	5
2025-05-07 17:45	61.355	61.435	61.335	61.425	5
2025-05-07 17:50	61.415	61.415	61.070	61.110	5
2025-05-07 17:55	61.120	61.230	61.085	61.195	5
2025-05-07 18:00	61.167	61.295	61.165	61.175	5
2025-05-07 18:05	61.170	61.175	60.840	60.900	5
2025-05-07 18:10	60.910	60.975	60.870	60.925	5
2025-05-07 18:15	60.930	61.005	60.915	60.990	5
2025-05-07 18:20	60.985	61.105	60.975	61.085	5
2025-05-07 18:25	61.075	61.135	61.045	61.110	5
2025-05-07 18:30	61.115	61.205	61.105	61.185	5
2025-05-07 18:35	61.180	61.185	61.064	61.110	5
2025-05-07 18:40	61.115	61.230	61.110	61.195	5
2025-05-07 18:45	61.185	61.195	61.070	61.075	5
2025-05-07 18:50	61.080	61.120	61.065	61.110	5
2025-05-07 18:55	61.115	61.215	61.115	61.190	5
2025-05-07 19:00	61.195	61.200	61.130	61.155	5
2025-05-07 19:05	61.150	61.160	61.065	61.085	5
2025-05-07 19:10	61.090	61.090	60.965	60.965	5
2025-05-07 19:15	60.970	61.010	60.950	61.010	5
2025-05-07 19:20	61.005	61.005	60.945	60.955	5
2025-05-07 19:25	60.965	60.965	60.880	60.900	5
2025-05-07 19:30	60.905	60.935	60.890	60.890	5
2025-05-07 19:35	60.885	61.005	60.885	60.985	5
2025-05-07 19:40	60.995	61.105	60.944	61.065	5
2025-05-07 19:45	61.060	61.085	60.960	61.020	5
2025-05-07 19:50	61.015	61.095	61.005	61.065	5
2025-05-07 19:55	61.070	61.115	61.055	61.080	5
2025-05-07 20:00	61.052	61.072	60.972	60.972	5
2025-05-07 20:05	60.962	60.987	60.907	60.917	5
2025-05-07 20:10	60.922	60.932	60.912	60.927	5
2025-05-07 20:15	60.922	60.922	60.882	60.912	5
2025-05-07 20:20	60.902	60.912	60.892	60.902	5
2025-05-07 20:25	60.894	60.912	60.862	60.867	4
2025-05-07 20:30	60.872	60.937	60.872	60.937	4
2025-05-07 20:35	60.932	60.937	60.912	60.937	5
2025-05-07 20:40	60.942	60.942	60.912	60.912	5
2025-05-07 20:45	60.912	60.927	60.842	60.927	5
2025-05-07 20:50	60.922	60.972	60.917	60.957	5
2025-05-07 20:55	60.957	60.967	60.922	60.922	5
2025-05-08 00:00	61.067	61.140	61.045	61.085	5
2025-05-08 00:05	61.090	61.155	61.090	61.140	5
2025-05-08 00:10	61.160	61.160	61.020	61.040	5
2025-05-08 00:15	61.045	61.095	61.045	61.080	5
2025-05-08 00:20	61.090	61.095	61.050	61.070	4
2025-05-08 00:25	61.075	61.105	61.065	61.100	5
2025-05-08 00:30	61.095	61.105	61.070	61.090	5
2025-05-08 00:35	61.095	61.100	61.035	61.060	5
2025-05-08 00:40	61.050	61.050	60.990	61.010	5
2025-05-08 00:45	61.005	61.035	60.985	61.020	5
2025-05-08 00:50	61.030	61.040	61.005	61.035	5
2025-05-08 00:55	61.025	61.165	60.990	61.160	5
2025-05-08 01:00	61.150	61.315	61.120	61.290	5
2025-05-08 01:05	61.295	61.315	61.235	61.270	5
2025-05-08 01:10	61.265	61.265	61.215	61.255	5
2025-05-08 01:15	61.260	61.290	61.215	61.290	5
2025-05-08 01:20	61.285	61.345	61.270	61.330	5
2025-05-08 01:25	61.335	61.360	61.300	61.355	5
2025-05-08 01:30	61.345	61.405	61.325	61.360	5
2025-05-08 01:35	61.365	61.445	61.360	61.420	5
2025-05-08 01:40	61.415	61.440	61.405	61.430	5
2025-05-08 01:45	61.425	61.435	61.355	61.355	5
2025-05-08 01:50	61.350	61.410	61.340	61.395	5
2025-05-08 01:55	61.400	61.475	61.365	61.430	5
2025-05-08 02:00	61.435	61.475	61.425	61.435	5
2025-05-08 02:05	61.430	61.445	61.410	61.425	5
2025-05-08 02:10	61.415	61.425	61.375	61.395	5
2025-05-08 02:15	61.405	61.425	61.390	61.425	5
2025-05-08 02:20	61.420	61.425	61.405	61.410	5
2025-05-08 02:25	61.405	61.415	61.395	61.410	5
2025-05-08 02:30	61.405	61.445	61.395	61.415	5
2025-05-08 02:35	61.410	61.415	61.360	61.375	5
2025-05-08 02:40	61.385	61.385	61.315	61.325	5
2025-05-08 02:45	61.320	61.375	61.305	61.370	5
2025-05-08 02:50	61.375	61.390	61.350	61.380	5
2025-05-08 02:55	61.385	61.445	61.385	61.445	5
2025-05-08 03:00	61.440	61.505	61.425	61.485	5
2025-05-08 03:05	61.490	61.495	61.465	61.485	5
2025-05-08 03:10	61.495	61.545	61.490	61.505	5
2025-05-08 03:15	61.495	61.540	61.495	61.515	5
2025-05-08 03:20	61.505	61.545	61.500	61.535	5
2025-05-08 03:25	61.540	61.540	61.500	61.515	5
2025-05-08 03:30	61.520	61.525	61.515	61.520	5
2025-05-08 03:35	61.515	61.525	61.515	61.520	4
2025-05-08 03:40	61.525	61.525	61.515	61.525	3
2025-05-08 03:45	61.540	61.570	61.540	61.555	4
2025-05-08 03:50	61.560	61.585	61.560	61.575	5
2025-05-08 03:55	61.585	61.585	61.555	61.560	3
2025-05-08 04:00	61.555	61.565	61.545	61.545	5
2025-05-08 04:05	61.550	61.600	61.550	61.590	5
2025-05-08 04:10	61.595	61.610	61.575	61.600	5
2025-05-08 04:15	61.605	61.625	61.590	61.605	5
2025-05-08 04:20	61.615	61.615	61.595	61.605	4
2025-05-08 04:25	61.600	61.605	61.585	61.590	5
2025-05-08 04:30	61.585	61.595	61.565	61.575	4
2025-05-08 04:35	61.560	61.575	61.560	61.570	3
2025-05-08 04:40	61.575	61.575	61.530	61.535	5
2025-05-08 04:45	61.530	61.535	61.500	61.500	5
2025-05-08 04:50	61.495	61.500	61.420	61.455	5
2025-05-08 04:55	61.450	61.500	61.445	61.490	5
2025-05-08 05:00	61.485	61.505	61.465	61.500	5
2025-05-08 05:05	61.510	61.530	61.490	61.530	5
2025-05-08 05:10	61.505	61.505	61.435	61.445	5
2025-05-08 05:15	61.450	61.465	61.435	61.450	5
2025-05-08 05:20	61.455	61.475	61.435	61.440	5
2025-05-08 05:25	61.435	61.540	61.415	61.490	5
2025-05-08 05:30	61.485	61.590	61.435	61.570	5
2025-05-08 05:35	61.560	61.595	61.515	61.550	5
2025-05-08 05:40	61.545	61.640	61.530	61.570	5
2025-05-08 05:45	61.560	61.595	61.540	61.550	5
2025-05-08 05:50	61.555	61.585	61.545	61.565	5
2025-05-08 05:55	61.575	61.620	61.565	61.610	5
2025-05-08 06:00	61.605	61.620	61.525	61.585	5
2025-05-08 06:05	61.595	61.615	61.555	61.615	5
2025-05-08 06:10	61.605	61.620	61.535	61.535	5
2025-05-08 06:15	61.530	61.535	61.240	61.285	5
2025-05-08 06:20	61.290	61.310	61.145	61.175	5
2025-05-08 06:25	61.165	61.255	61.155	61.205	5
2025-05-08 06:30	61.210	61.245	61.150	61.155	5
2025-05-08 06:35	61.145	61.215	61.125	61.190	5
2025-05-08 06:40	61.195	61.335	61.170	61.315	5
2025-05-08 06:45	61.305	61.305	61.217	61.245	5
2025-05-08 06:50	61.255	61.355	61.235	61.330	5
2025-05-08 06:55	61.325	61.335	61.275	61.295	5
2025-05-08 07:00	61.315	61.350	61.215	61.245	5
2025-05-08 07:05	61.235	61.345	61.205	61.275	5
2025-05-08 07:10	61.285	61.365	61.280	61.295	5
2025-05-08 07:15	61.290	61.290	61.195	61.230	5
2025-05-08 07:20	61.225	61.310	61.215	61.225	5
2025-05-08 07:25	61.235	61.345	61.235	61.340	5
2025-05-08 07:30	61.335	61.405	61.315	61.350	5
2025-05-08 07:35	61.345	61.380	61.305	61.375	5
2025-05-08 07:40	61.360	61.455	61.350	61.445	5
2025-05-08 07:45	61.435	61.475	61.415	61.460	5
2025-05-08 07:50	61.455	61.455	61.325	61.350	5
2025-05-08 07:55	61.345	61.395	61.345	61.375	5
2025-05-08 08:00	61.404	61.555	61.404	61.545	5
2025-05-08 08:05	61.540	61.625	61.535	61.560	5
2025-05-08 08:10	61.555	61.605	61.410	61.440	5
2025-05-08 08:15	61.435	61.445	61.310	61.335	5
2025-05-08 08:20	61.345	61.465	61.305	61.465	5
2025-05-08 08:25	61.475	61.495	61.405	61.430	5
2025-05-08 08:30	61.405	61.465	61.345	61.370	5
2025-05-08 08:35	61.375	61.455	61.305	61.455	5
2025-05-08 08:40	61.465	61.585	61.445	61.565	5
2025-05-08 08:45	61.570	61.655	61.505	61.600	5
2025-05-08 08:50	61.605	61.655	61.555	61.625	5
2025-05-08 08:55	61.635	61.725	61.625	61.715	5
2025-05-08 09:00	61.725	61.825	61.690	61.815	5
2025-05-08 09:05	61.820	61.850	61.765	61.845	5
2025-05-08 09:10	61.835	61.845	61.774	61.795	5
2025-05-08 09:15	61.785	61.815	61.715	61.755	5
2025-05-08 09:20	61.750	61.760	61.595	61.620	5
2025-05-08 09:25	61.615	61.685	61.600	61.640	5
2025-05-08 09:30	61.645	61.685	61.575	61.685	5
2025-05-08 09:35	61.675	61.725	61.655	61.665	5
2025-05-08 09:40	61.660	61.715	61.660	61.705	5
2025-05-08 09:45	61.715	61.750	61.695	61.715	5
2025-05-08 09:50	61.725	61.810	61.725	61.805	5
2025-05-08 09:55	61.810	61.815	61.715	61.755	5
2025-05-08 10:00	61.765	61.775	61.655	61.715	5
2025-05-08 10:05	61.720	61.770	61.685	61.765	5
2025-05-08 10:10	61.760	61.885	61.750	61.865	5
2025-05-08 10:15	61.870	61.960	61.860	61.960	5
2025-05-08 10:20	61.960	61.960	61.915	61.960	5
2025-05-08 10:25	61.965	61.975	61.945	61.950	5
2025-05-08 10:30	61.955	62.015	61.935	61.995	5
2025-05-08 10:35	62.000	62.005	61.905	61.965	5
2025-05-08 10:40	61.995	62.115	61.995	62.115	5
2025-05-08 10:45	62.110	62.120	62.005	62.015	5
2025-05-08 10:50	62.025	62.045	61.995	62.020	5
2025-05-08 10:55	62.030	62.055	61.980	62.025	5
2025-05-08 11:00	62.010	62.090	61.965	62.085	5
2025-05-08 11:05	62.090	62.105	62.055	62.065	5
2025-05-08 11:10	62.075	62.145	61.995	61.995	5
2025-05-08 11:15	61.990	61.995	61.940	61.980	5
2025-05-08 11:20	61.985	61.985	61.905	61.945	5
2025-05-08 11:25	61.965	62.035	61.945	62.025	5
2025-05-08 11:30	62.035	62.070	61.955	62.060	5
2025-05-08 11:35	62.050	62.060	61.975	61.985	5
2025-05-08 11:40	61.995	62.115	61.985	62.095	5
2025-05-08 11:45	62.090	62.105	62.045	62.075	5
2025-05-08 11:50	62.070	62.075	62.025	62.065	5
2025-05-08 11:55	62.070	62.075	62.035	62.065	5
2025-05-08 12:00	62.060	62.065	61.995	62.035	5
2025-05-08 12:05	62.040	62.090	62.035	62.075	5
2025-05-08 12:10	62.080	62.165	62.060	62.065	5
2025-05-08 12:15	62.070	62.125	62.035	62.115	5
2025-05-08 12:20	62.110	62.135	62.085	62.095	5
2025-05-08 12:25	62.090	62.165	62.085	62.120	5
2025-05-08 12:30	62.125	62.165	62.095	62.125	5
2025-05-08 12:35	62.130	62.155	61.905	61.965	5
2025-05-08 12:40	61.970	61.995	61.915	61.945	5
2025-05-08 12:45	61.955	61.970	61.705	61.725	5
2025-05-08 12:50	61.735	61.925	61.735	61.915	5
2025-05-08 12:55	61.920	61.920	61.775	61.805	5
2025-05-08 13:00	61.795	61.855	61.715	61.785	5
2025-05-08 13:05	61.780	61.995	61.780	61.965	5
2025-05-08 13:10	61.970	62.075	61.965	62.025	5
2025-05-08 13:15	62.015	62.075	61.975	62.070	5
2025-05-08 13:20	62.065	62.095	61.885	61.905	5
2025-05-08 13:25	61.915	61.925	61.790	61.815	5
2025-05-08 13:30	61.814	62.035	61.800	62.035	5
2025-05-08 13:35	62.025	62.145	62.025	62.105	5
2025-05-08 13:40	62.120	62.340	62.060	62.315	5
2025-05-08 13:45	62.305	62.335	62.185	62.265	5
2025-05-08 13:50	62.275	62.355	62.230	62.335	5
2025-05-08 13:55	62.330	62.430	62.305	62.375	5
2025-05-08 14:00	62.385	62.400	62.300	62.395	5
2025-05-08 14:05	62.400	62.635	62.365	62.495	5
2025-05-08 14:10	62.485	62.625	62.455	62.625	5
2025-05-08 14:15	62.635	62.715	62.495	62.500	5
2025-05-08 14:20	62.505	62.575	62.380	62.425	5
2025-05-08 14:25	62.440	62.565	62.415	62.565	5
2025-05-08 14:30	62.545	62.605	62.445	62.525	5
2025-05-08 14:35	62.515	62.555	62.470	62.515	5
2025-05-08 14:40	62.520	62.590	62.490	62.565	5
2025-05-08 14:45	62.575	62.600	62.515	62.535	5
2025-05-08 14:50	62.540	62.540	62.294	62.405	5
2025-05-08 14:55	62.410	62.540	62.355	62.465	5
2025-05-08 15:00	62.460	62.580	62.370	62.515	5
2025-05-08 15:05	62.525	62.605	62.480	62.535	5
2025-05-08 15:10	62.540	62.575	62.470	62.550	5
2025-05-08 15:15	62.555	62.690	62.550	62.580	5
2025-05-08 15:20	62.575	62.720	62.490	62.630	5
2025-05-08 15:25	62.635	62.710	62.520	62.545	5
2025-05-08 15:30	62.540	62.870	62.540	62.785	5
2025-05-08 15:35	62.780	62.780	62.620	62.640	5
2025-05-08 15:40	62.645	62.835	62.640	62.805	5
2025-05-08 15:45	62.815	62.905	62.745	62.905	5
2025-05-08 15:50	62.910	62.930	62.825	62.885	5
2025-05-08 15:55	62.890	62.910	62.815	62.855	5
2025-05-08 16:00	62.860	62.895	62.825	62.885	5
2025-05-08 16:05	62.890	62.890	62.760	62.860	5
2025-05-08 16:10	62.865	62.875	62.720	62.725	5
2025-05-08 16:15	62.720	62.780	62.685	62.735	5
2025-05-08 16:20	62.740	62.765	62.516	62.595	5
2025-05-08 16:25	62.590	62.625	62.540	62.615	5
2025-05-08 16:30	62.610	62.695	62.550	62.685	5
2025-05-08 16:35	62.675	62.745	62.660	62.735	5
2025-05-08 16:40	62.745	62.785	62.716	62.785	5
2025-05-08 16:45	62.775	62.825	62.765	62.825	5
2025-05-08 16:50	62.815	62.925	62.780	62.860	5
2025-05-08 16:55	62.855	62.905	62.830	62.885	5
2025-05-08 17:00	62.880	62.880	62.815	62.855	5
2025-05-08 17:05	62.860	62.870	62.795	62.825	5
2025-05-08 17:10	62.830	62.835	62.785	62.805	5
2025-05-08 17:15	62.810	62.855	62.810	62.850	5
2025-05-08 17:20	62.855	62.855	62.790	62.805	5
2025-05-08 17:25	62.815	62.815	62.745	62.790	5
2025-05-08 17:30	62.795	62.805	62.745	62.745	5
2025-05-08 17:35	62.735	62.790	62.735	62.780	5
2025-05-08 17:40	62.775	62.825	62.775	62.805	5
2025-05-08 17:45	62.795	62.825	62.775	62.820	5
2025-05-08 17:50	62.815	62.870	62.815	62.855	5
2025-05-08 17:55	62.845	62.865	62.815	62.855	5
2025-05-08 18:00	62.840	62.875	62.815	62.835	5
2025-05-08 18:05	62.840	62.970	62.840	62.935	5
2025-05-08 18:10	62.925	62.945	62.845	62.845	5
2025-05-08 18:15	62.855	62.855	62.765	62.800	5
2025-05-08 18:20	62.805	62.865	62.780	62.865	5
2025-05-08 18:25	62.855	62.895	62.795	62.805	5
2025-05-08 18:30	62.800	62.915	62.795	62.895	5
2025-05-08 18:35	62.890	62.910	62.840	62.900	5
2025-05-08 18:40	62.895	62.905	62.885	62.895	5
2025-05-08 18:45	62.900	62.905	62.875	62.885	5
2025-05-08 18:50	62.895	62.895	62.865	62.885	5
2025-05-08 18:55	62.880	62.895	62.850	62.855	5
2025-05-08 19:00	62.860	62.860	62.805	62.825	5
2025-05-08 19:05	62.830	62.845	62.815	62.830	4
2025-05-08 19:10	62.835	62.860	62.825	62.855	4
2025-05-08 19:15	62.850	62.875	62.840	62.875	5
2025-05-08 19:20	62.895	62.950	62.855	62.925	5
2025-05-08 19:25	62.930	62.955	62.925	62.935	5
2025-05-08 19:30	62.915	62.930	62.880	62.925	5
2025-05-08 19:35	62.915	62.930	62.835	62.835	5
2025-05-08 19:40	62.840	62.875	62.840	62.875	5
2025-05-08 19:45	62.870	62.925	62.855	62.920	5
2025-05-08 19:50	62.925	62.935	62.875	62.930	5
2025-05-08 19:55	62.925	62.935	62.905	62.920	5
2025-05-08 20:00	62.915	62.952	62.892	62.937	5
2025-05-08 20:05	62.937	63.012	62.932	63.012	5
2025-05-08 20:10	63.007	63.022	62.982	63.022	5
2025-05-08 20:15	63.022	63.032	62.977	63.017	5
2025-05-08 20:20	63.012	63.042	63.012	63.032	5
2025-05-08 20:25	63.037	63.062	63.013	63.052	5
2025-05-08 20:30	63.047	63.102	63.047	63.102	5
2025-05-08 20:35	63.092	63.112	63.092	63.112	5
2025-05-08 20:40	63.112	63.112	63.097	63.112	4
2025-05-08 20:45	63.112	63.122	63.088	63.122	5
2025-05-08 20:50	63.122	63.147	63.112	63.142	5
2025-05-08 20:55	63.137	63.152	63.132	63.152	5
2025-05-09 00:00	63.047	63.100	62.975	63.000	5
2025-05-09 00:05	62.995	63.030	62.885	62.910	5
2025-05-09 00:10	62.905	62.915	62.870	62.885	5
2025-05-09 00:15	62.890	62.955	62.885	62.940	5
2025-05-09 00:20	62.950	62.960	62.910	62.925	5
2025-05-09 00:25	62.920	62.925	62.890	62.925	5
2025-05-09 00:30	62.904	62.990	62.904	62.960	5
2025-05-09 00:35	62.955	62.965	62.930	62.960	5
2025-05-09 00:40	62.955	62.965	62.910	62.910	5
2025-05-09 00:45	62.915	62.935	62.915	62.920	5
2025-05-09 00:50	62.935	62.935	62.895	62.895	5
2025-05-09 00:55	62.900	62.945	62.890	62.890	5
2025-05-09 01:00	62.885	62.950	62.865	62.875	5
2025-05-09 01:05	62.880	62.935	62.875	62.925	5
2025-05-09 01:10	62.915	62.930	62.865	62.895	5
2025-05-09 01:15	62.900	62.905	62.865	62.880	5
2025-05-09 01:20	62.885	62.915	62.865	62.905	5
2025-05-09 01:25	62.900	62.915	62.870	62.905	5
2025-05-09 01:30	62.900	62.965	62.900	62.945	5
2025-05-09 01:35	62.955	62.985	62.930	62.980	5
2025-05-09 01:40	62.970	63.085	62.955	63.050	5
2025-05-09 01:45	63.045	63.065	63.030	63.065	5
2025-05-09 01:50	63.060	63.075	63.020	63.030	5
2025-05-09 01:55	63.025	63.025	62.895	62.900	5
2025-05-09 02:00	62.895	62.895	62.825	62.850	5
2025-05-09 02:05	62.855	62.930	62.835	62.925	5
2025-05-09 02:10	62.930	63.000	62.925	62.995	5
2025-05-09 02:15	63.000	63.120	63.000	63.075	5
2025-05-09 02:20	63.065	63.065	63.025	63.025	5
2025-05-09 02:25	63.040	63.070	63.015	63.025	5
2025-05-09 02:30	63.035	63.120	63.030	63.120	5
2025-05-09 02:35	63.115	63.125	63.090	63.110	5
2025-05-09 02:40	63.115	63.145	63.090	63.095	5
2025-05-09 02:45	63.090	63.110	63.085	63.100	5
2025-05-09 02:50	63.095	63.105	63.030	63.050	5
2025-05-09 02:55	63.055	63.060	63.040	63.045	5
2025-05-09 03:00	63.040	63.070	63.020	63.035	5
2025-05-09 03:05	63.045	63.090	63.035	63.075	5
2025-05-09 03:10	63.070	63.095	63.065	63.095	5
2025-05-09 03:15	63.090	63.105	63.055	63.075	5
2025-05-09 03:20	63.070	63.080	63.045	63.060	5
2025-05-09 03:25	63.065	63.065	62.965	62.980	5
2025-05-09 03:30	62.985	63.065	62.960	63.065	5
2025-05-09 03:35	63.055	63.070	63.050	63.060	5
2025-05-09 03:40	63.055	63.100	63.050	63.055	5
2025-05-09 03:45	63.050	63.070	63.015	63.015	5
2025-05-09 03:50	63.010	63.035	62.995	62.995	5
2025-05-09 03:55	62.990	63.025	62.958	63.020	5
2025-05-09 04:00	63.015	63.035	62.978	63.025	5
2025-05-09 04:05	63.030	63.045	63.010	63.040	5
2025-05-09 04:10	63.030	63.115	63.030	63.100	5
2025-05-09 04:15	63.110	63.125	63.040	63.120	5
2025-05-09 04:20	63.125	63.195	63.090	63.100	5
2025-05-09 04:25	63.105	63.125	62.995	63.095	5
2025-05-09 04:30	63.105	63.155	63.055	63.085	5
2025-05-09 04:35	63.075	63.085	63.065	63.075	5
2025-05-09 04:40	63.085	63.085	63.033	63.075	4
2025-05-09 04:45	63.080	63.105	63.075	63.075	5
2025-05-09 04:50	63.085	63.120	63.038	63.115	4
2025-05-09 04:55	63.100	63.155	63.095	63.150	5
2025-05-09 05:00	63.140	63.225	63.135	63.220	5
2025-05-09 05:05	63.215	63.225	63.185	63.220	5
2025-05-09 05:10	63.225	63.225	63.195	63.200	5
2025-05-09 05:15	63.195	63.205	63.158	63.180	5
2025-05-09 05:20	63.175	63.185	63.165	63.175	4
2025-05-09 05:25	63.185	63.195	63.165	63.185	5
2025-05-09 05:30	63.180	63.190	63.145	63.150	5
2025-05-09 05:35	63.145	63.165	63.120	63.155	5
2025-05-09 05:40	63.150	63.215	63.140	63.200	5
2025-05-09 05:45	63.195	63.200	63.145	63.160	5
2025-05-09 05:50	63.165	63.165	63.110	63.115	5
2025-05-09 05:55	63.125	63.155	63.115	63.135	5
2025-05-09 06:00	63.140	63.295	63.125	63.270	5
2025-05-09 06:05	63.265	63.355	63.265	63.295	5
2025-05-09 06:10	63.305	63.305	63.220	63.220	5
2025-05-09 06:15	63.215	63.225	63.195	63.205	5
2025-05-09 06:20	63.200	63.220	63.165	63.180	5
2025-05-09 06:25	63.175	63.220	63.135	63.215	5
2025-05-09 06:30	63.225	63.270	63.190	63.195	5
2025-05-09 06:35	63.185	63.235	63.155	63.170	5
2025-05-09 06:40	63.165	63.185	63.155	63.165	5
2025-05-09 06:45	63.170	63.225	63.155	63.200	5
2025-05-09 06:50	63.195	63.265	63.195	63.265	5
2025-05-09 06:55	63.255	63.285	63.225	63.225	5
2025-05-09 07:00	63.215	63.325	63.120	63.285	5
2025-05-09 07:05	63.275	63.345	63.260	63.295	5
2025-05-09 07:10	63.300	63.345	63.255	63.270	5
2025-05-09 07:15	63.275	63.335	63.245	63.335	5
2025-05-09 07:20	63.345	63.405	63.335	63.385	5
2025-05-09 07:25	63.395	63.435	63.335	63.355	5
2025-05-09 07:30	63.365	63.555	63.365	63.445	5
2025-05-09 07:35	63.440	63.625	63.435	63.575	5
2025-05-09 07:40	63.585	63.615	63.515	63.605	5
2025-05-09 07:45	63.600	63.600	63.550	63.570	5
2025-05-09 07:50	63.565	63.575	63.515	63.565	5
2025-05-09 07:55	63.575	63.590	63.495	63.515	5
2025-05-09 08:00	63.504	63.615	63.504	63.580	5
2025-05-09 08:05	63.585	63.645	63.575	63.610	5
2025-05-09 08:10	63.605	63.655	63.595	63.630	5
2025-05-09 08:15	63.635	63.655	63.605	63.630	5
2025-05-09 08:20	63.625	63.645	63.615	63.645	5
2025-05-09 08:25	63.655	63.655	63.515	63.525	5
2025-05-09 08:30	63.535	63.615	63.475	63.615	5
2025-05-09 08:35	63.595	63.625	63.540	63.595	5
2025-05-09 08:40	63.605	63.675	63.580	63.645	5
2025-05-09 08:45	63.635	63.665	63.595	63.655	5
2025-05-09 08:50	63.645	63.705	63.635	63.670	5
2025-05-09 08:55	63.675	63.725	63.665	63.715	5
2025-05-09 09:00	63.725	63.745	63.625	63.655	5
2025-05-09 09:05	63.650	63.685	63.615	63.625	5
2025-05-09 09:10	63.635	63.735	63.615	63.715	5
2025-05-09 09:15	63.705	63.755	63.705	63.735	5
2025-05-09 09:20	63.730	63.755	63.725	63.755	5
2025-05-09 09:25	63.750	63.775	63.735	63.775	5
2025-05-09 09:30	63.770	63.815	63.750	63.805	5
2025-05-09 09:35	63.815	63.845	63.785	63.815	5
2025-05-09 09:40	63.820	63.845	63.775	63.790	5
2025-05-09 09:45	63.795	63.835	63.775	63.825	5
2025-05-09 09:50	63.835	63.865	63.820	63.855	5
2025-05-09 09:55	63.845	63.945	63.845	63.925	5
2025-05-09 10:00	63.935	63.945	63.885	63.905	5
2025-05-09 10:05	63.910	64.005	63.895	64.005	5
2025-05-09 10:10	64.015	64.015	63.925	63.970	5
2025-05-09 10:15	63.965	63.980	63.925	63.925	5
2025-05-09 10:20	63.930	64.055	63.930	63.990	5
2025-05-09 10:25	63.985	63.985	63.935	63.965	5
2025-05-09 10:30	63.970	64.025	63.915	63.955	5
2025-05-09 10:35	63.945	63.995	63.925	63.960	5
2025-05-09 10:40	63.955	64.030	63.940	64.025	5
2025-05-09 10:45	64.035	64.050	63.995	64.015	5
2025-05-09 10:50	64.020	64.045	64.005	64.010	5
2025-05-09 10:55	64.005	64.030	63.995	64.000	5
2025-05-09 11:00	63.995	64.045	63.965	64.040	5
2025-05-09 11:05	64.035	64.065	63.965	64.035	5
2025-05-09 11:10	64.045	64.065	64.005	64.035	5
2025-05-09 11:15	64.025	64.085	64.015	64.085	5
2025-05-09 11:20	64.075	64.105	64.005	64.055	5
2025-05-09 11:25	64.060	64.235	63.805	63.935	5
2025-05-09 11:30	63.950	63.970	63.810	63.875	5
2025-05-09 11:35	63.880	63.925	63.820	63.865	5
2025-05-09 11:40	63.875	63.930	63.845	63.865	5
2025-05-09 11:45	63.875	64.045	63.875	64.035	5
2025-05-09 11:50	64.045	64.090	64.015	64.090	5
2025-05-09 11:55	64.085	64.125	64.055	64.090	5
2025-05-09 12:00	64.095	64.110	63.975	64.000	5
2025-05-09 12:05	63.995	64.035	63.965	63.970	5
2025-05-09 12:10	63.975	64.025	63.965	64.020	5
2025-05-09 12:15	64.030	64.045	63.925	63.955	5
2025-05-09 12:20	63.945	63.985	63.935	63.985	5
2025-05-09 12:25	63.990	64.115	63.986	64.095	5
2025-05-09 12:30	64.100	64.135	64.055	64.075	5
2025-05-09 12:35	64.065	64.070	64.010	64.020	5
2025-05-09 12:40	64.015	64.050	63.980	64.015	5
2025-05-09 12:45	64.020	64.055	63.955	63.980	5
2025-05-09 12:50	63.985	64.025	63.870	63.915	5
2025-05-09 12:55	63.920	63.935	63.755	63.760	5
2025-05-09 13:00	63.755	63.785	63.605	63.690	5
2025-05-09 13:05	63.695	63.705	63.405	63.490	5
2025-05-09 13:10	63.495	63.565	63.400	63.405	5
2025-05-09 13:15	63.385	63.475	63.375	63.415	5
2025-05-09 13:20	63.425	63.455	63.345	63.380	5
2025-05-09 13:25	63.390	63.465	63.185	63.185	5
2025-05-09 13:30	63.205	63.405	63.200	63.345	5
2025-05-09 13:35	63.350	63.385	63.265	63.295	5
2025-05-09 13:40	63.290	63.425	63.290	63.360	5
2025-05-09 13:45	63.355	63.380	63.235	63.295	5
2025-05-09 13:50	63.285	63.400	63.265	63.400	5
2025-05-09 13:55	63.395	63.410	63.295	63.355	5
2025-05-09 14:00	63.360	63.475	63.315	63.470	5
2025-05-09 14:05	63.465	63.475	63.355	63.375	5
2025-05-09 14:10	63.380	63.435	63.160	63.165	5
2025-05-09 14:15	63.155	63.255	63.135	63.185	5
2025-05-09 14:20	63.180	63.275	63.170	63.255	5
2025-05-09 14:25	63.260	63.305	63.215	63.235	5
2025-05-09 14:30	63.225	63.295	63.185	63.250	5
2025-05-09 14:35	63.255	63.345	63.225	63.335	5
2025-05-09 14:40	63.340	63.425	63.275	63.415	5
2025-05-09 14:45	63.425	63.525	63.385	63.495	5
2025-05-09 14:50	63.500	63.630	63.495	63.535	5
2025-05-09 14:55	63.540	63.545	63.495	63.530	5
2025-05-09 15:00	63.525	63.575	63.460	63.565	5
2025-05-09 15:05	63.575	63.645	63.565	63.625	5
2025-05-09 15:10	63.615	63.615	63.435	63.455	5
2025-05-09 15:15	63.440	63.595	63.430	63.575	5
2025-05-09 15:20	63.585	63.585	63.465	63.495	5
2025-05-09 15:25	63.500	63.615	63.495	63.565	5
2025-05-09 15:30	63.575	63.705	63.555	63.705	5
2025-05-09 15:35	63.715	63.740	63.655	63.675	5
2025-05-09 15:40	63.685	63.690	63.590	63.590	5
2025-05-09 15:45	63.585	63.620	63.565	63.585	5
2025-05-09 15:50	63.590	63.675	63.565	63.655	5
2025-05-09 15:55	63.645	63.675	63.575	63.600	5
2025-05-09 16:00	63.605	63.630	63.565	63.570	5
2025-05-09 16:05	63.565	63.625	63.525	63.585	5
2025-05-09 16:10	63.595	63.615	63.575	63.595	5
2025-05-09 16:15	63.600	63.615	63.505	63.540	5
2025-05-09 16:20	63.545	63.590	63.520	63.555	5
2025-05-09 16:25	63.560	63.585	63.430	63.515	5
2025-05-09 16:30	63.520	63.610	63.520	63.585	5
2025-05-09 16:35	63.595	63.650	63.575	63.645	5
2025-05-09 16:40	63.650	63.705	63.640	63.685	5
2025-05-09 16:45	63.675	63.770	63.650	63.755	5
2025-05-09 16:50	63.765	63.805	63.715	63.735	5
2025-05-09 16:55	63.740	63.765	63.705	63.765	5
2025-05-09 17:00	63.755	63.855	63.745	63.845	5
2025-05-09 17:05	63.850	63.855	63.815	63.835	5
2025-05-09 17:10	63.845	63.860	63.815	63.825	5
2025-05-09 17:15	63.835	63.845	63.745	63.775	5
2025-05-09 17:20	63.785	63.830	63.710	63.815	5
2025-05-09 17:25	63.820	63.940	63.805	63.935	5
2025-05-09 17:30	63.925	63.925	63.835	63.860	5
2025-05-09 17:35	63.855	63.890	63.840	63.870	5
2025-05-09 17:40	63.865	63.905	63.865	63.875	5
2025-05-09 17:45	63.880	63.880	63.815	63.845	5
2025-05-09 17:50	63.825	63.845	63.795	63.820	5
2025-05-09 17:55	63.815	63.825	63.785	63.795	5
2025-05-09 18:00	63.790	63.815	63.775	63.805	5
2025-05-09 18:05	63.800	63.860	63.795	63.815	5
2025-05-09 18:10	63.825	63.845	63.800	63.815	5
2025-05-09 18:15	63.820	63.855	63.775	63.815	5
2025-05-09 18:20	63.805	63.940	63.805	63.915	5
2025-05-09 18:25	63.920	63.955	63.865	63.905	5
2025-05-09 18:30	63.900	63.985	63.875	63.875	5
2025-05-09 18:35	63.865	63.885	63.830	63.845	5
2025-05-09 18:40	63.855	63.865	63.815	63.860	5
2025-05-09 18:45	63.865	63.880	63.845	63.865	5
2025-05-09 18:50	63.870	63.895	63.855	63.870	5
2025-05-09 18:55	63.875	63.895	63.875	63.895	3
2025-05-09 19:00	63.905	63.935	63.895	63.935	5
2025-05-09 19:05	63.925	63.945	63.905	63.945	5
2025-05-09 19:10	63.940	63.970	63.940	63.955	5
2025-05-09 19:15	63.950	63.955	63.903	63.945	3
2025-05-09 19:20	63.915	63.925	63.895	63.895	5
2025-05-09 19:25	63.900	63.915	63.900	63.905	4
2025-05-09 19:30	63.900	63.920	63.895	63.900	5
2025-05-09 19:35	63.905	63.905	63.875	63.885	5
2025-05-09 19:40	63.850	63.875	63.825	63.830	5
2025-05-09 19:45	63.825	63.830	63.780	63.805	5
2025-05-09 19:50	63.810	63.865	63.805	63.845	5
2025-05-09 19:55	63.835	63.840	63.780	63.820	5
2025-05-09 20:00	63.815	63.815	63.772	63.787	5
2025-05-09 20:05	63.782	63.822	63.782	63.822	5
2025-05-09 20:10	63.817	63.827	63.807	63.807	5
2025-05-09 20:15	63.802	63.822	63.783	63.803	5
2025-05-09 20:20	63.808	63.837	63.803	63.827	4
2025-05-09 20:25	63.832	63.832	63.803	63.832	5
2025-05-09 20:30	63.842	63.912	63.832	63.907	5
2025-05-09 20:35	63.902	63.904	63.878	63.897	5
2025-05-09 20:40	63.902	63.922	63.897	63.897	5
2025-05-09 20:45	63.902	63.942	63.878	63.927	5
2025-05-09 20:50	63.922	63.927	63.912	63.922	5
2025-05-09 20:55	63.927	63.927	63.857	63.872	5
2025-05-12 00:00	64.190	64.190	64.025	64.120	5
2025-05-12 00:05	64.125	64.170	64.115	64.140	5
2025-05-12 00:10	64.135	64.155	64.110	64.130	5
2025-05-12 00:15	64.135	64.135	63.960	63.975	5
2025-05-12 00:20	63.970	64.015	63.950	64.010	5
2025-05-12 00:25	64.005	64.020	63.965	63.990	5
2025-05-12 00:30	64.010	64.025	63.975	63.990	5
2025-05-12 00:35	63.975	64.000	63.965	63.980	5
2025-05-12 00:40	63.975	63.990	63.945	63.960	5
2025-05-12 00:45	63.950	63.960	63.890	63.940	5
2025-05-12 00:50	63.935	64.025	63.910	64.025	5
2025-05-12 00:55	64.015	64.015	63.960	63.965	5
2025-05-12 01:00	63.975	64.045	63.865	64.010	5
2025-05-12 01:05	64.015	64.105	63.960	64.090	5
2025-05-12 01:10	64.095	64.110	64.030	64.065	5
2025-05-12 01:15	64.055	64.085	64.025	64.035	5
2025-05-12 01:20	64.045	64.125	64.005	64.115	5
2025-05-12 01:25	64.110	64.135	64.090	64.100	5
2025-05-12 01:30	64.095	64.100	63.970	64.005	5
2025-05-12 01:35	64.010	64.010	63.930	63.945	5
2025-05-12 01:40	63.950	63.980	63.935	63.960	5
2025-05-12 01:45	63.965	63.980	63.865	63.915	5
2025-05-12 01:50	63.920	63.950	63.905	63.915	5
2025-05-12 01:55	63.925	63.950	63.910	63.925	5
2025-05-12 02:00	63.935	64.050	63.930	64.030	5
2025-05-12 02:05	64.035	64.085	63.995	64.075	5
2025-05-12 02:10	64.085	64.120	64.035	64.115	5
2025-05-12 02:15	64.105	64.150	64.080	64.125	5
2025-05-12 02:20	64.130	64.135	64.095	64.120	5
2025-05-12 02:25	64.125	64.125	64.090	64.115	5
2025-05-12 02:30	64.120	64.130	64.055	64.075	5
2025-05-12 02:35	64.065	64.115	64.055	64.095	5
2025-05-12 02:40	64.090	64.120	64.080	64.105	5
2025-05-12 02:45	64.115	64.155	64.105	64.150	5
2025-05-12 02:50	64.155	64.215	64.155	64.190	5
2025-05-12 02:55	64.185	64.195	64.170	64.185	5
2025-05-12 03:00	64.190	64.210	64.185	64.205	5
2025-05-12 03:05	64.200	64.275	64.200	64.240	5
2025-05-12 03:10	64.245	64.245	64.190	64.195	5
2025-05-12 03:15	64.190	64.195	64.145	64.160	5
2025-05-12 03:20	64.150	64.215	64.150	64.190	5
2025-05-12 03:25	64.195	64.215	64.190	64.195	5
2025-05-12 03:30	64.190	64.195	64.140	64.165	5
2025-05-12 03:35	64.175	64.245	64.168	64.220	5
2025-05-12 03:40	64.225	64.225	64.200	64.225	4
2025-05-12 03:45	64.220	64.255	64.198	64.198	5
2025-05-12 03:50	64.240	64.245	64.178	64.225	5
2025-05-12 03:55	64.230	64.245	64.225	64.230	5
2025-05-12 04:00	64.225	64.235	64.215	64.235	5
2025-05-12 04:05	64.188	64.235	64.178	64.215	5
2025-05-12 04:10	64.210	64.220	64.190	64.200	5
2025-05-12 04:15	64.195	64.205	64.148	64.148	5
2025-05-12 04:20	64.185	64.210	64.170	64.210	5
2025-05-12 04:25	64.205	64.215	64.158	64.158	5
2025-05-12 04:30	64.210	64.225	64.205	64.210	5
2025-05-12 04:35	64.215	64.235	64.210	64.230	5
2025-05-12 04:40	64.225	64.265	64.188	64.265	4
2025-05-12 04:45	64.270	64.275	64.218	64.270	5
2025-05-12 04:50	64.265	64.270	64.203	64.260	5
2025-05-12 04:55	64.255	64.315	64.250	64.300	5
2025-05-12 05:00	64.305	64.330	64.295	64.315	5
2025-05-12 05:05	64.305	64.305	64.275	64.290	5
2025-05-12 05:10	64.295	64.310	64.285	64.310	5
2025-05-12 05:15	64.305	64.315	64.275	64.280	5
2025-05-12 05:20	64.285	64.285	64.265	64.285	4
2025-05-12 05:25	64.280	64.330	64.275	64.320	5
2025-05-12 05:30	64.325	64.325	64.255	64.265	5
2025-05-12 05:35	64.275	64.335	64.265	64.335	5
2025-05-12 05:40	64.345	64.455	64.345	64.435	5
2025-05-12 05:45	64.445	64.560	64.445	64.540	5
2025-05-12 05:50	64.535	64.705	64.535	64.705	5
2025-05-12 05:55	64.700	64.715	64.660	64.705	5
2025-05-12 06:00	64.695	64.780	64.650	64.765	5
2025-05-12 06:05	64.755	64.765	64.680	64.710	5
2025-05-12 06:10	64.705	64.730	64.695	64.705	5
2025-05-12 06:15	64.690	64.690	64.625	64.665	5
2025-05-12 06:20	64.660	64.865	64.645	64.855	5
2025-05-12 06:25	64.850	64.915	64.815	64.885	5
2025-05-12 06:30	64.880	64.885	64.775	64.785	5
2025-05-12 06:35	64.780	64.825	64.755	64.765	5
2025-05-12 06:40	64.760	64.775	64.681	64.765	5
2025-05-12 06:45	64.770	64.870	64.770	64.865	5
2025-05-12 06:50	64.885	64.895	64.810	64.815	5
2025-05-12 06:55	64.810	64.855	64.795	64.805	5
2025-05-12 07:00	64.795	65.595	64.795	65.590	5
2025-05-12 07:05	65.595	66.020	65.535	65.865	5
2025-05-12 07:10	65.855	66.275	65.790	65.970	5
2025-05-12 07:15	65.965	65.965	65.390	65.600	5
2025-05-12 07:20	65.585	65.645	65.485	65.610	5
2025-05-12 07:25	65.605	65.825	65.560	65.745	5
2025-05-12 07:30	65.750	65.785	65.655	65.725	5
2025-05-12 07:35	65.715	65.775	65.510	65.545	5
2025-05-12 07:40	65.550	65.580	65.435	65.545	5
2025-05-12 07:45	65.550	65.560	65.395	65.465	5
2025-05-12 07:50	65.456	65.530	65.415	65.445	5
2025-05-12 07:55	65.455	65.580	65.415	65.575	5
2025-05-12 08:00	65.610	65.675	65.490	65.610	5
2025-05-12 08:05	65.600	65.630	65.515	65.555	5
2025-05-12 08:10	65.535	65.545	65.305	65.325	5
2025-05-12 08:15	65.345	65.405	65.245	65.245	5
2025-05-12 08:20	65.235	65.265	65.160	65.165	5
2025-05-12 08:25	65.175	65.215	65.115	65.140	5
2025-05-12 08:30	65.135	65.255	65.095	65.245	5
2025-05-12 08:35	65.250	65.375	65.235	65.355	5
2025-05-12 08:40	65.360	65.515	65.360	65.505	5
2025-05-12 08:45	65.495	65.645	65.485	65.630	5
2025-05-12 08:50	65.625	65.675	65.525	65.555	5
2025-05-12 08:55	65.575	65.670	65.485	65.515	5
2025-05-12 09:00	65.505	65.660	65.505	65.635	5
2025-05-12 09:05	65.630	65.675	65.595	65.650	5
2025-05-12 09:10	65.645	65.675	65.580	65.665	5
2025-05-12 09:15	65.660	65.675	65.595	65.665	5
2025-05-12 09:20	65.655	65.850	65.645	65.840	5
2025-05-12 09:25	65.835	65.875	65.815	65.865	5
2025-05-12 09:30	65.870	65.905	65.795	65.900	5
2025-05-12 09:35	65.905	65.910	65.775	65.865	5
2025-05-12 09:40	65.870	65.945	65.865	65.880	5
2025-05-12 09:45	65.875	65.905	65.775	65.785	5
2025-05-12 09:50	65.790	65.790	65.665	65.685	5
2025-05-12 09:55	65.690	65.745	65.655	65.735	5
2025-05-12 10:00	65.725	65.760	65.705	65.740	5
2025-05-12 10:05	65.745	65.760	65.655	65.695	5
2025-05-12 10:10	65.700	65.715	65.595	65.605	5
2025-05-12 10:15	65.615	65.730	65.565	65.715	5
2025-05-12 10:20	65.705	65.725	65.645	65.705	5
2025-05-12 10:25	65.710	65.735	65.695	65.725	5
2025-05-12 10:30	65.735	65.785	65.705	65.785	5
2025-05-12 10:35	65.775	65.825	65.745	65.775	5
2025-05-12 10:40	65.770	65.795	65.745	65.775	5
2025-05-12 10:45	65.765	65.805	65.745	65.805	5
2025-05-12 10:50	65.825	65.945	65.815	65.940	5
2025-05-12 10:55	65.945	66.075	65.934	66.065	5
2025-05-12 11:00	66.055	66.205	66.025	66.205	5
2025-05-12 11:05	66.195	66.200	66.055	66.090	5
2025-05-12 11:10	66.095	66.105	66.025	66.065	5
2025-05-12 11:15	66.075	66.105	66.045	66.085	5
2025-05-12 11:20	66.075	66.195	66.055	66.175	5
2025-05-12 11:25	66.185	66.305	66.150	66.295	5
2025-05-12 11:30	66.305	66.365	66.250	66.335	5
2025-05-12 11:35	66.330	66.355	66.285	66.305	5
2025-05-12 11:40	66.315	66.335	66.265	66.315	5
2025-05-12 11:45	66.325	66.355	66.315	66.330	5
2025-05-12 11:50	66.335	66.335	66.275	66.300	5
2025-05-12 11:55	66.295	66.355	66.235	66.235	5
2025-05-12 12:00	66.225	66.295	66.210	66.220	5
2025-05-12 12:05	66.205	66.235	66.175	66.190	5
2025-05-12 12:10	66.185	66.300	66.185	66.275	5
2025-05-12 12:15	66.270	66.345	66.255	66.285	5
2025-05-12 12:20	66.295	66.295	66.215	66.225	5
2025-05-12 12:25	66.235	66.235	66.175	66.185	5
2025-05-12 12:30	66.195	66.255	66.185	66.255	5
2025-05-12 12:35	66.250	66.265	66.185	66.195	5
2025-05-12 12:40	66.190	66.215	66.165	66.205	5
2025-05-12 12:45	66.210	66.235	66.145	66.145	5
2025-05-12 12:50	66.150	66.155	66.065	66.120	5
2025-05-12 12:55	66.125	66.195	66.105	66.185	5
2025-05-12 13:00	66.195	66.215	66.005	66.095	5
2025-05-12 13:05	66.100	66.135	65.975	65.975	5
2025-05-12 13:10	65.980	65.985	65.875	65.935	5
2025-05-12 13:15	65.945	66.025	65.905	66.005	5
2025-05-12 13:20	66.015	66.015	65.945	65.975	5
2025-05-12 13:25	65.970	66.025	65.965	66.015	5
2025-05-12 13:30	66.010	66.065	65.945	66.055	5
2025-05-12 13:35	66.065	66.165	65.915	65.915	5
2025-05-12 13:40	65.905	65.945	65.783	65.825	5
2025-05-12 13:45	65.835	65.895	65.785	65.875	5
2025-05-12 13:50	65.885	65.895	65.783	65.795	5
2025-05-12 13:55	65.800	65.800	65.645	65.690	5
2025-05-12 14:00	65.695	65.815	65.600	65.815	5
2025-05-12 14:05	65.810	65.975	65.805	65.935	5
2025-05-12 14:10	65.940	65.945	65.830	65.860	5
2025-05-12 14:15	65.855	65.915	65.835	65.865	5
2025-05-12 14:20	65.875	65.875	65.765	65.785	5
2025-05-12 14:25	65.795	66.000	65.755	66.000	5
2025-05-12 14:30	65.995	65.995	65.725	65.755	5
2025-05-12 14:35	65.745	65.795	65.555	65.570	5
2025-05-12 14:40	65.575	65.575	65.385	65.385	5
2025-05-12 14:45	65.365	65.395	65.285	65.385	5
2025-05-12 14:50	65.395	65.425	65.305	65.395	5
2025-05-12 14:55	65.405	65.405	65.285	65.285	5
2025-05-12 15:00	65.305	65.465	65.255	65.415	5
2025-05-12 15:05	65.420	65.495	65.285	65.315	5
2025-05-12 15:10	65.325	65.335	65.220	65.305	5
2025-05-12 15:15	65.315	65.365	65.285	65.285	5
2025-05-12 15:20	65.290	65.385	65.235	65.250	5
2025-05-12 15:25	65.255	65.270	65.075	65.085	5
2025-05-12 15:30	65.105	65.266	65.100	65.205	5
2025-05-12 15:35	65.195	65.335	65.195	65.245	5
2025-05-12 15:40	65.250	65.255	65.115	65.175	5
2025-05-12 15:45	65.155	65.215	65.135	65.175	5
2025-05-12 15:50	65.185	65.245	65.135	65.215	5
2025-05-12 15:55	65.205	65.225	65.105	65.125	5
2025-05-12 16:00	65.120	65.195	65.085	65.155	5
2025-05-12 16:05	65.150	65.185	65.115	65.125	5
2025-05-12 16:10	65.115	65.115	65.075	65.096	5
2025-05-12 16:15	65.095	65.095	65.005	65.045	5
2025-05-12 16:20	65.035	65.070	64.985	65.065	5
2025-05-12 16:25	65.075	65.105	65.025	65.045	5
2025-05-12 16:30	65.055	65.155	65.035	65.155	5
2025-05-12 16:35	65.145	65.215	65.145	65.200	5
2025-05-12 16:40	65.205	65.270	65.165	65.270	5
2025-05-12 16:45	65.265	65.265	65.115	65.125	5
2025-05-12 16:50	65.130	65.220	65.125	65.185	5
2025-05-12 16:55	65.190	65.210	65.175	65.195	5
2025-05-12 17:00	65.185	65.195	65.115	65.145	5
2025-05-12 17:05	65.135	65.150	65.076	65.105	5
2025-05-12 17:10	65.100	65.115	65.065	65.105	5
2025-05-12 17:15	65.095	65.135	65.095	65.115	5
2025-05-12 17:20	65.100	65.135	65.085	65.125	5
2025-05-12 17:25	65.115	65.125	65.070	65.105	5
2025-05-12 17:30	65.110	65.160	65.105	65.125	5
2025-05-12 17:35	65.130	65.165	65.110	65.135	5
2025-05-12 17:40	65.140	65.195	65.115	65.165	5
2025-05-12 17:45	65.175	65.175	65.125	65.140	5
2025-05-12 17:50	65.145	65.145	65.085	65.105	5
2025-05-12 17:55	65.110	65.140	65.065	65.085	5
2025-05-12 18:00	65.090	65.095	65.015	65.025	5
2025-05-12 18:05	65.020	65.025	64.895	64.915	5
2025-05-12 18:10	64.930	64.940	64.750	64.815	5
2025-05-12 18:15	64.810	64.875	64.785	64.855	5
2025-05-12 18:20	64.860	64.885	64.825	64.850	5
2025-05-12 18:25	64.845	64.975	64.815	64.965	5
2025-05-12 18:30	64.970	64.985	64.805	64.805	5
2025-05-12 18:35	64.800	64.860	64.790	64.845	5
2025-05-12 18:40	64.840	64.875	64.815	64.825	5
2025-05-12 18:45	64.820	64.865	64.815	64.835	5
2025-05-12 18:50	64.845	64.915	64.835	64.905	5
2025-05-12 18:55	64.910	64.935	64.895	64.935	5
2025-05-12 19:00	64.930	64.930	64.875	64.875	5
2025-05-12 19:05	64.880	64.905	64.845	64.845	5
2025-05-12 19:10	64.840	64.865	64.800	64.805	5
2025-05-12 19:15	64.815	64.815	64.745	64.775	5
2025-05-12 19:20	64.780	64.790	64.755	64.760	5
2025-05-12 19:25	64.765	64.770	64.755	64.770	5
2025-05-12 19:30	64.765	64.800	64.760	64.795	5
2025-05-12 19:35	64.790	64.790	64.715	64.735	4
2025-05-12 19:40	64.730	64.745	64.685	64.685	5
2025-05-12 19:45	64.690	64.720	64.655	64.695	5
2025-05-12 19:50	64.710	64.800	64.700	64.795	5
2025-05-12 19:55	64.790	64.790	64.765	64.780	5
2025-05-12 20:00	64.785	64.837	64.754	64.837	5
2025-05-12 20:05	64.842	64.947	64.842	64.944	5
2025-05-12 20:10	64.947	64.974	64.944	64.954	5
2025-05-12 20:15	64.964	65.037	64.954	65.027	5
2025-05-12 20:20	65.024	65.024	64.972	64.984	5
2025-05-12 20:25	64.982	64.984	64.953	64.953	5
2025-05-12 20:30	64.948	65.004	64.948	64.987	5
2025-05-12 20:35	64.992	65.014	64.984	65.014	5
2025-05-12 20:40	65.014	65.032	64.992	65.004	5
2025-05-12 20:45	65.007	65.014	64.954	64.954	5
2025-05-12 20:50	64.962	64.964	64.897	64.927	5
2025-05-12 20:55	64.922	64.932	64.887	64.897	5
2025-05-13 00:00	64.902	64.920	64.815	64.825	5
2025-05-13 00:05	64.820	64.870	64.795	64.795	5
2025-05-13 00:10	64.800	64.830	64.795	64.810	5
2025-05-13 00:15	64.805	64.810	64.715	64.735	5
2025-05-13 00:20	64.740	64.775	64.735	64.740	5
2025-05-13 00:25	64.745	64.755	64.710	64.725	5
2025-05-13 00:30	64.720	64.735	64.670	64.720	5
2025-05-13 00:35	64.725	64.735	64.700	64.715	5
2025-05-13 00:40	64.720	64.755	64.720	64.740	5
2025-05-13 00:45	64.735	64.740	64.685	64.690	5
2025-05-13 00:50	64.685	64.695	64.655	64.685	5
2025-05-13 00:55	64.675	64.695	64.670	64.685	5
2025-05-13 01:00	64.690	64.815	64.670	64.785	5
2025-05-13 01:05	64.800	64.845	64.780	64.835	5
2025-05-13 01:10	64.840	64.875	64.815	64.815	5
2025-05-13 01:15	64.805	64.875	64.805	64.875	5
2025-05-13 01:20	64.880	64.915	64.835	64.915	5
2025-05-13 01:25	64.900	64.905	64.835	64.835	5
2025-05-13 01:30	64.825	64.825	64.745	64.770	5
2025-05-13 01:35	64.765	64.790	64.755	64.765	5
2025-05-13 01:40	64.770	64.795	64.760	64.775	5
2025-05-13 01:45	64.770	64.795	64.735	64.785	5
2025-05-13 01:50	64.795	64.815	64.740	64.750	5
2025-05-13 01:55	64.755	64.755	64.645	64.665	5
2025-05-13 02:00	64.670	64.735	64.665	64.710	5
2025-05-13 02:05	64.715	64.725	64.660	64.660	5
2025-05-13 02:10	64.665	64.715	64.665	64.710	5
2025-05-13 02:15	64.715	64.720	64.690	64.715	5
2025-05-13 02:20	64.710	64.715	64.675	64.685	5
2025-05-13 02:25	64.690	64.715	64.685	64.685	5
2025-05-13 02:30	64.675	64.720	64.675	64.700	5
2025-05-13 02:35	64.705	64.715	64.695	64.700	5
2025-05-13 02:40	64.705	64.735	64.700	64.705	5
2025-05-13 02:45	64.710	64.725	64.705	64.715	5
2025-05-13 02:50	64.720	64.725	64.680	64.725	5
2025-05-13 02:55	64.720	64.725	64.700	64.700	5
2025-05-13 03:00	64.695	64.720	64.650	64.655	5
2025-05-13 03:05	64.650	64.655	64.610	64.635	5
2025-05-13 03:10	64.645	64.645	64.588	64.635	5
2025-05-13 03:15	64.645	64.705	64.640	64.695	5
2025-05-13 03:20	64.700	64.765	64.700	64.735	5
2025-05-13 03:25	64.730	64.755	64.730	64.730	5
2025-05-13 03:30	64.720	64.825	64.715	64.790	5
2025-05-13 03:35	64.795	64.805	64.745	64.760	5
2025-05-13 03:40	64.765	64.800	64.755	64.800	5
2025-05-13 03:45	64.795	64.795	64.765	64.780	5
2025-05-13 03:50	64.775	64.785	64.755	64.755	5
2025-05-13 03:55	64.760	64.765	64.735	64.735	5
2025-05-13 04:00	64.725	64.735	64.690	64.690	5
2025-05-13 04:05	64.695	64.760	64.673	64.755	5
2025-05-13 04:10	64.708	64.785	64.708	64.745	5
2025-05-13 04:15	64.740	64.775	64.735	64.770	5
2025-05-13 04:20	64.780	64.785	64.765	64.770	4
2025-05-13 04:25	64.775	64.795	64.770	64.790	4
2025-05-13 04:30	64.795	64.845	64.790	64.840	5
2025-05-13 04:35	64.793	64.845	64.793	64.815	5
2025-05-13 04:40	64.810	64.815	64.785	64.805	5
2025-05-13 04:45	64.810	64.815	64.795	64.795	5
2025-05-13 04:50	64.800	64.835	64.795	64.820	5
2025-05-13 04:55	64.825	64.830	64.785	64.795	5
2025-05-13 05:00	64.800	64.815	64.775	64.800	5
2025-05-13 05:05	64.805	64.835	64.800	64.835	5
2025-05-13 05:10	64.845	64.875	64.815	64.840	5
2025-05-13 05:15	64.845	64.855	64.788	64.835	5
2025-05-13 05:20	64.845	64.855	64.798	64.850	4
2025-05-13 05:25	64.855	64.890	64.845	64.875	5
2025-05-13 05:30	64.880	64.895	64.805	64.820	5
2025-05-13 05:35	64.825	64.850	64.825	64.840	5
2025-05-13 05:40	64.845	64.900	64.845	64.860	5
2025-05-13 05:45	64.865	64.875	64.825	64.830	5
2025-05-13 05:50	64.835	64.865	64.820	64.850	5
2025-05-13 05:55	64.845	64.910	64.835	64.870	5
2025-05-13 06:00	64.875	64.925	64.840	64.915	5
2025-05-13 06:05	64.920	64.945	64.705	64.715	5
2025-05-13 06:10	64.710	64.765	64.675	64.725	5
2025-05-13 06:15	64.705	64.755	64.695	64.750	5
2025-05-13 06:20	64.745	64.775	64.725	64.770	5
2025-05-13 06:25	64.765	64.770	64.705	64.765	5
2025-05-13 06:30	64.770	64.865	64.765	64.855	5
2025-05-13 06:35	64.865	64.955	64.865	64.885	5
2025-05-13 06:40	64.880	64.950	64.870	64.905	5
2025-05-13 06:45	64.915	65.045	64.910	65.005	5
2025-05-13 06:50	65.000	65.065	64.990	65.015	5
2025-05-13 06:55	65.010	65.025	64.915	64.920	5
2025-05-13 07:00	64.915	64.975	64.875	64.925	5
2025-05-13 07:05	64.920	65.005	64.900	64.995	5
2025-05-13 07:10	65.000	65.075	64.995	65.065	5
2025-05-13 07:15	65.045	65.095	65.025	65.075	5
2025-05-13 07:20	65.070	65.095	65.025	65.035	5
2025-05-13 07:25	65.030	65.065	64.965	64.965	5
2025-05-13 07:30	64.975	65.085	64.965	65.030	5
2025-05-13 07:35	65.025	65.065	65.005	65.025	5
2025-05-13 07:40	65.016	65.025	64.985	64.985	5
2025-05-13 07:45	64.995	65.050	64.985	65.015	5
2025-05-13 07:50	65.020	65.035	64.955	64.960	5
2025-05-13 07:55	64.955	65.015	64.910	64.915	5
2025-05-13 08:00	64.965	65.070	64.955	64.995	5
2025-05-13 08:05	65.005	65.065	64.955	64.975	5
2025-05-13 08:10	64.970	64.970	64.905	64.935	5
2025-05-13 08:15	64.945	65.025	64.945	65.010	5
2025-05-13 08:20	65.005	65.010	64.825	64.845	5
2025-05-13 08:25	64.850	64.850	64.715	64.785	5
2025-05-13 08:30	64.790	64.855	64.725	64.835	5
2025-05-13 08:35	64.840	64.975	64.815	64.940	5
2025-05-13 08:40	64.945	65.105	64.925	65.065	5
2025-05-13 08:45	65.060	65.175	65.035	65.155	5
2025-05-13 08:50	65.165	65.310	65.155	65.245	5
2025-05-13 08:55	65.240	65.255	65.195	65.215	5
2025-05-13 09:00	65.205	65.235	65.085	65.115	5
2025-05-13 09:05	65.135	65.210	65.100	65.200	5
2025-05-13 09:10	65.205	65.235	65.175	65.190	5
2025-05-13 09:15	65.185	65.190	65.125	65.155	5
2025-05-13 09:20	65.165	65.195	65.130	65.155	5
2025-05-13 09:25	65.175	65.175	65.115	65.140	5
2025-05-13 09:30	65.145	65.145	65.035	65.095	5
2025-05-13 09:35	65.110	65.185	65.110	65.155	5
2025-05-13 09:40	65.150	65.305	65.145	65.305	5
2025-05-13 09:45	65.310	65.310	65.250	65.285	5
2025-05-13 09:50	65.275	65.275	65.205	65.230	5
2025-05-13 09:55	65.235	65.285	65.195	65.285	5
2025-05-13 10:00	65.290	65.365	65.255	65.360	5
2025-05-13 10:05	65.355	65.365	65.275	65.305	5
2025-05-13 10:10	65.310	65.375	65.305	65.325	5
2025-05-13 10:15	65.330	65.345	65.285	65.340	5
2025-05-13 10:20	65.345	65.405	65.335	65.365	5
2025-05-13 10:25	65.355	65.455	65.355	65.445	5
2025-05-13 10:30	65.455	65.455	65.405	65.415	5
2025-05-13 10:35	65.420	65.425	65.345	65.375	5
2025-05-13 10:40	65.380	65.445	65.365	65.435	5
2025-05-13 10:45	65.430	65.495	65.430	65.456	5
2025-05-13 10:50	65.455	65.475	65.414	65.435	5
2025-05-13 10:55	65.445	65.470	65.425	65.435	5
2025-05-13 11:00	65.430	65.475	65.415	65.430	5
2025-05-13 11:05	65.435	65.445	65.405	65.425	5
2025-05-13 11:10	65.430	65.445	65.360	65.370	5
2025-05-13 11:15	65.375	65.415	65.305	65.325	5
2025-05-13 11:20	65.335	65.395	65.315	65.395	5
2025-05-13 11:25	65.400	65.455	65.400	65.420	5
2025-05-13 11:30	65.430	65.485	65.370	65.485	5
2025-05-13 11:35	65.495	65.535	65.485	65.525	5
2025-05-13 11:40	65.515	65.545	65.500	65.505	5
2025-05-13 11:45	65.515	65.575	65.515	65.565	5
2025-05-13 11:50	65.555	65.570	65.515	65.555	5
2025-05-13 11:55	65.565	65.655	65.565	65.615	5
2025-05-13 12:00	65.605	65.665	65.555	65.625	5
2025-05-13 12:05	65.620	65.630	65.520	65.595	5
2025-05-13 12:10	65.585	65.665	65.585	65.640	5
2025-05-13 12:15	65.645	65.685	65.630	65.665	5
2025-05-13 12:20	65.670	65.675	65.605	65.625	5
2025-05-13 12:25	65.635	65.685	65.620	65.630	5
2025-05-13 12:30	65.680	65.715	65.565	65.655	5
2025-05-13 12:35	65.645	65.695	65.635	65.685	5
2025-05-13 12:40	65.675	65.735	65.675	65.710	5
2025-05-13 12:45	65.705	65.745	65.655	65.690	5
2025-05-13 12:50	65.695	65.775	65.635	65.765	5
2025-05-13 12:55	65.755	65.785	65.715	65.775	5
2025-05-13 13:00	65.765	65.765	65.590	65.710	5
2025-05-13 13:05	65.705	65.775	65.670	65.675	5
2025-05-13 13:10	65.670	65.700	65.590	65.645	5
2025-05-13 13:15	65.635	65.685	65.530	65.545	5
2025-05-13 13:20	65.555	65.555	65.445	65.445	5
2025-05-13 13:25	65.450	65.505	65.435	65.485	5
2025-05-13 13:30	65.490	65.565	65.425	65.515	5
2025-05-13 13:35	65.525	65.580	65.465	65.485	5
2025-05-13 13:40	65.490	65.635	65.485	65.635	5
2025-05-13 13:45	65.615	65.675	65.585	65.605	5
2025-05-13 13:50	65.615	65.635	65.565	65.565	5
2025-05-13 13:55	65.575	65.635	65.515	65.625	5
2025-05-13 14:00	65.635	65.695	65.555	65.695	5
2025-05-13 14:05	65.700	65.895	65.700	65.865	5
2025-05-13 14:10	65.870	65.910	65.855	65.875	5
2025-05-13 14:15	65.880	66.065	65.875	66.015	5
2025-05-13 14:20	66.010	66.025	65.925	66.005	5
2025-05-13 14:25	66.015	66.065	65.995	65.995	5
2025-05-13 14:30	66.005	66.305	65.895	66.010	5
2025-05-13 14:35	66.015	66.075	65.885	65.920	5
2025-05-13 14:40	65.925	65.940	65.775	65.795	5
2025-05-13 14:45	65.790	65.855	65.710	65.745	5
2025-05-13 14:50	65.755	65.875	65.735	65.855	5
2025-05-13 14:55	65.850	65.895	65.825	65.875	5
2025-05-13 15:00	65.865	65.920	65.815	65.915	5
2025-05-13 15:05	65.925	66.005	65.900	65.975	5
2025-05-13 15:10	65.985	65.990	65.935	65.980	5
2025-05-13 15:15	65.985	66.045	65.925	66.035	5
2025-05-13 15:20	66.040	66.105	65.965	66.095	5
2025-05-13 15:25	66.105	66.225	66.065	66.155	5
2025-05-13 15:30	66.165	66.275	66.145	66.200	5
2025-05-13 15:35	66.195	66.235	66.135	66.235	5
2025-05-13 15:40	66.245	66.260	66.205	66.255	5
2025-05-13 15:45	66.260	66.335	66.260	66.295	5
2025-05-13 15:50	66.305	66.435	66.305	66.425	5
2025-05-13 15:55	66.430	66.545	66.385	66.545	5
2025-05-13 16:00	66.530	66.745	66.505	66.635	5
2025-05-13 16:05	66.640	66.675	66.590	66.595	5
2025-05-13 16:10	66.585	66.665	66.485	66.645	5
2025-05-13 16:15	66.650	66.650	66.605	66.635	5
2025-05-13 16:20	66.625	66.645	66.555	66.565	5
2025-05-13 16:25	66.560	66.715	66.560	66.710	5
2025-05-13 16:30	66.705	66.725	66.635	66.705	5
2025-05-13 16:35	66.710	66.765	66.705	66.765	5
2025-05-13 16:40	66.770	66.785	66.745	66.775	5
2025-05-13 16:45	66.780	66.785	66.735	66.745	5
2025-05-13 16:50	66.735	66.745	66.655	66.715	5
2025-05-13 16:55	66.705	66.765	66.705	66.755	5
2025-05-13 17:00	66.755	66.755	66.635	66.645	5
2025-05-13 17:05	66.650	66.695	66.640	66.670	5
2025-05-13 17:10	66.675	66.735	66.675	66.715	5
2025-05-13 17:15	66.705	66.715	66.675	66.705	5
2025-05-13 17:20	66.695	66.705	66.645	66.655	5
2025-05-13 17:25	66.650	66.715	66.645	66.715	5
2025-05-13 17:30	66.720	66.785	66.715	66.740	5
2025-05-13 17:35	66.745	66.755	66.660	66.685	5
2025-05-13 17:40	66.690	66.705	66.635	66.655	5
2025-05-13 17:45	66.660	66.670	66.605	66.630	5
2025-05-13 17:50	66.635	66.740	66.630	66.725	5
2025-05-13 17:55	66.715	66.725	66.650	66.665	5
2025-05-13 18:00	66.655	66.665	66.585	66.615	5
2025-05-13 18:05	66.620	66.635	66.555	66.565	5
2025-05-13 18:10	66.570	66.620	66.555	66.610	5
2025-05-13 18:15	66.605	66.695	66.595	66.635	5
2025-05-13 18:20	66.630	66.645	66.585	66.630	5
2025-05-13 18:25	66.635	66.645	66.555	66.625	5
2025-05-13 18:30	66.620	66.665	66.595	66.605	5
2025-05-13 18:35	66.600	66.635	66.585	66.625	5
2025-05-13 18:40	66.620	66.625	66.595	66.595	5
2025-05-13 18:45	66.600	66.620	66.565	66.615	5
2025-05-13 18:50	66.620	66.625	66.535	66.565	5
2025-05-13 18:55	66.550	66.605	66.515	66.605	5
2025-05-13 19:00	66.600	66.635	66.575	66.625	5
2025-05-13 19:05	66.615	66.630	66.605	66.630	5
2025-05-13 19:10	66.625	66.645	66.590	66.600	5
2025-05-13 19:15	66.595	66.610	66.575	66.595	4
2025-05-13 19:20	66.585	66.600	66.585	66.600	5
2025-05-13 19:25	66.605	66.615	66.580	66.610	3
2025-05-13 19:30	66.605	66.620	66.585	66.605	5
2025-05-13 19:35	66.595	66.620	66.595	66.605	5
2025-05-13 19:40	66.600	66.605	66.555	66.555	5
2025-05-13 19:45	66.560	66.565	66.525	66.555	5
2025-05-13 19:50	66.565	66.575	66.505	66.525	5
2025-05-13 19:55	66.515	66.535	66.505	66.515	5
2025-05-13 20:00	66.510	66.544	66.487	66.544	5
2025-05-13 20:05	66.552	66.592	66.547	66.592	5
2025-05-13 20:10	66.587	66.604	66.582	66.604	3
2025-05-13 20:15	66.602	66.604	66.514	66.514	5
2025-05-13 20:20	66.514	66.534	66.502	66.504	5
2025-05-13 20:25	66.504	66.517	66.484	66.517	5
2025-05-13 20:30	66.514	66.537	66.436	66.504	5
2025-05-13 20:35	66.507	66.524	66.464	66.504	5
2025-05-13 20:40	66.502	66.507	66.467	66.487	5
2025-05-13 20:45	66.494	66.514	66.477	66.514	5
2025-05-13 20:50	66.504	66.573	66.484	66.504	5
2025-05-13 20:55	66.507	66.524	66.474	66.504	5
2025-05-14 00:00	66.537	66.570	66.495	66.500	5
2025-05-14 00:05	66.505	66.540	66.480	66.535	5
2025-05-14 00:10	66.525	66.525	66.480	66.485	5
2025-05-14 00:15	66.438	66.495	66.436	66.436	5
2025-05-14 00:20	66.436	66.436	66.368	66.430	4
2025-05-14 00:25	66.425	66.425	66.385	66.410	5
2025-05-14 00:30	66.415	66.440	66.400	66.415	5
2025-05-14 00:35	66.420	66.425	66.380	66.380	4
2025-05-14 00:40	66.385	66.400	66.380	66.400	4
2025-05-14 00:45	66.405	66.410	66.385	66.385	5
2025-05-14 00:50	66.380	66.415	66.380	66.400	5
2025-05-14 00:55	66.405	66.415	66.360	66.370	5
2025-05-14 01:00	66.375	66.420	66.335	66.345	5
2025-05-14 01:05	66.355	66.375	66.295	66.330	5
2025-05-14 01:10	66.335	66.335	66.285	66.300	5
2025-05-14 01:15	66.290	66.345	66.285	66.330	5
2025-05-14 01:20	66.325	66.355	66.305	66.350	5
2025-05-14 01:25	66.345	66.350	66.305	66.315	5
2025-05-14 01:30	66.320	66.335	66.300	66.305	5
2025-05-14 01:35	66.310	66.325	66.245	66.290	5
2025-05-14 01:40	66.285	66.335	66.285	66.330	5
2025-05-14 01:45	66.335	66.390	66.320	66.385	5
2025-05-14 01:50	66.390	66.395	66.345	66.345	5
2025-05-14 01:55	66.350	66.375	66.315	66.315	5
2025-05-14 02:00	66.320	66.350	66.310	66.335	5
2025-05-14 02:05	66.345	66.360	66.285	66.285	5
2025-05-14 02:10	66.305	66.315	66.255	66.280	5
2025-05-14 02:15	66.275	66.275	66.220	66.230	5
2025-05-14 02:20	66.235	66.245	66.185	66.195	5
2025-05-14 02:25	66.185	66.185	66.125	66.165	5
2025-05-14 02:30	66.175	66.175	66.115	66.135	5
2025-05-14 02:35	66.125	66.150	66.115	66.145	5
2025-05-14 02:40	66.140	66.180	66.140	66.175	5
2025-05-14 02:45	66.170	66.215	66.145	66.180	5
2025-05-14 02:50	66.185	66.215	66.168	66.205	4
2025-05-14 02:55	66.215	66.255	66.205	66.240	4
2025-05-14 03:00	66.245	66.245	66.185	66.195	5
2025-05-14 03:05	66.190	66.265	66.185	66.215	5
2025-05-14 03:10	66.205	66.205	66.120	66.135	5
2025-05-14 03:15	66.140	66.180	66.135	66.175	5
2025-05-14 03:20	66.170	66.170	66.155	66.160	5
2025-05-14 03:25	66.155	66.190	66.150	66.190	5
2025-05-14 03:30	66.185	66.260	66.185	66.260	5
2025-05-14 03:35	66.265	66.275	66.255	66.270	5
2025-05-14 03:40	66.265	66.275	66.228	66.265	5
2025-05-14 03:45	66.270	66.275	66.208	66.260	5
2025-05-14 03:50	66.255	66.270	66.198	66.198	5
2025-05-14 03:55	66.255	66.255	66.225	66.230	4
2025-05-14 04:00	66.235	66.280	66.235	66.235	5
2025-05-14 04:05	66.230	66.240	66.205	66.220	5
2025-05-14 04:10	66.173	66.260	66.173	66.255	5
2025-05-14 04:15	66.260	66.290	66.255	66.290	5
2025-05-14 04:20	66.285	66.315	66.270	66.310	5
2025-05-14 04:25	66.305	66.305	66.228	66.275	4
2025-05-14 04:30	66.285	66.295	66.275	66.290	5
2025-05-14 04:35	66.285	66.295	66.218	66.243	5
2025-05-14 04:40	66.295	66.295	66.238	66.270	5
2025-05-14 04:45	66.285	66.295	66.250	66.260	5
2025-05-14 04:50	66.265	66.270	66.225	66.240	5
2025-05-14 04:55	66.235	66.240	66.205	66.215	5
2025-05-14 05:00	66.210	66.210	66.155	66.160	5
2025-05-14 05:05	66.165	66.200	66.155	66.185	5
2025-05-14 05:10	66.195	66.230	66.185	66.225	5
2025-05-14 05:15	66.215	66.215	66.170	66.185	5
2025-05-14 05:20	66.190	66.210	66.185	66.200	5
2025-05-14 05:25	66.205	66.220	66.185	66.205	5
2025-05-14 05:30	66.215	66.295	66.205	66.265	5
2025-05-14 05:35	66.275	66.315	66.265	66.310	5
2025-05-14 05:40	66.315	66.415	66.310	66.410	5
2025-05-14 05:45	66.405	66.405	66.330	66.335	5
2025-05-14 05:50	66.330	66.330	66.265	66.285	5
2025-05-14 05:55	66.275	66.310	66.275	66.275	5
2025-05-14 06:00	66.280	66.305	66.250	66.265	5
2025-05-14 06:05	66.260	66.300	66.225	66.265	5
2025-05-14 06:10	66.270	66.275	66.225	66.240	5
2025-05-14 06:15	66.245	66.320	66.240	66.310	5
2025-05-14 06:20	66.315	66.325	66.300	66.305	5
2025-05-14 06:25	66.295	66.295	66.205	66.265	5
2025-05-14 06:30	66.275	66.305	66.255	66.295	5
2025-05-14 06:35	66.300	66.305	66.275	66.275	5
2025-05-14 06:40	66.270	66.415	66.270	66.395	5
2025-05-14 06:45	66.385	66.385	66.255	66.285	5
2025-05-14 06:50	66.290	66.325	66.265	66.295	5
2025-05-14 06:55	66.285	66.305	66.260	66.305	5
2025-05-14 07:00	66.310	66.395	66.285	66.395	5
2025-05-14 07:05	66.385	66.415	66.315	66.325	5
2025-05-14 07:10	66.330	66.350	66.305	66.315	5
2025-05-14 07:15	66.320	66.320	66.265	66.295	5
2025-05-14 07:20	66.285	66.325	66.255	66.265	5
2025-05-14 07:25	66.275	66.445	66.265	66.435	5
2025-05-14 07:30	66.445	66.515	66.445	66.465	5
2025-05-14 07:35	66.470	66.535	66.465	66.505	5
2025-05-14 07:40	66.520	66.575	66.516	66.535	5
2025-05-14 07:45	66.540	66.555	66.425	66.440	5
2025-05-14 07:50	66.445	66.465	66.415	66.455	5
2025-05-14 07:55	66.450	66.465	66.435	66.440	5
2025-05-14 08:00	66.465	66.485	66.245	66.285	5
2025-05-14 08:05	66.295	66.330	66.265	66.275	5
2025-05-14 08:10	66.270	66.280	66.235	66.275	5
2025-05-14 08:15	66.285	66.285	66.185	66.195	5
2025-05-14 08:20	66.185	66.225	66.175	66.215	5
2025-05-14 08:25	66.220	66.235	66.145	66.235	5
2025-05-14 08:30	66.245	66.245	66.145	66.205	5
2025-05-14 08:35	66.195	66.310	66.195	66.255	5
2025-05-14 08:40	66.265	66.270	66.215	66.235	5
2025-05-14 08:45	66.245	66.295	66.235	66.275	5
2025-05-14 08:50	66.265	66.315	66.265	66.305	5
2025-05-14 08:55	66.295	66.385	66.295	66.315	5
2025-05-14 09:00	66.310	66.430	66.255	66.415	5
2025-05-14 09:05	66.410	66.425	66.320	66.325	5
2025-05-14 09:10	66.335	66.355	66.255	66.260	5
2025-05-14 09:15	66.265	66.305	66.225	66.295	5
2025-05-14 09:20	66.285	66.295	66.165	66.165	5
2025-05-14 09:25	66.175	66.175	66.044	66.090	5
2025-05-14 09:30	66.085	66.110	65.935	65.955	5
2025-05-14 09:35	65.945	65.945	65.825	65.855	5
2025-05-14 09:40	65.860	65.875	65.795	65.810	5
2025-05-14 09:45	65.805	65.825	65.755	65.780	5
2025-05-14 09:50	65.785	65.875	65.770	65.845	5
2025-05-14 09:55	65.855	65.900	65.855	65.860	5
2025-05-14 10:00	65.855	65.855	65.745	65.755	5
2025-05-14 10:05	65.765	65.805	65.705	65.715	5
2025-05-14 10:10	65.720	65.765	65.705	65.725	5
2025-05-14 10:15	65.715	65.810	65.715	65.755	5
2025-05-14 10:20	65.765	65.920	65.760	65.865	5
2025-05-14 10:25	65.855	65.875	65.815	65.870	5
2025-05-14 10:30	65.875	65.925	65.865	65.885	5
2025-05-14 10:35	65.895	65.945	65.895	65.915	5
2025-05-14 10:40	65.925	65.945	65.875	65.925	5
2025-05-14 10:45	65.930	65.945	65.895	65.915	5
2025-05-14 10:50	65.910	65.915	65.845	65.875	5
2025-05-14 10:55	65.885	65.905	65.855	65.855	5
2025-05-14 11:00	65.860	65.915	65.855	65.905	5
2025-05-14 11:05	65.895	65.895	65.865	65.885	4
2025-05-14 11:10	65.895	65.895	65.855	65.865	5
2025-05-14 11:15	65.875	65.920	65.805	65.805	5
2025-05-14 11:20	65.800	65.855	65.760	65.850	5
2025-05-14 11:25	65.855	65.905	65.845	65.905	5
2025-05-14 11:30	65.915	66.005	65.905	65.975	5
2025-05-14 11:35	65.980	65.980	65.925	65.970	5
2025-05-14 11:40	65.975	66.005	65.965	65.985	5
2025-05-14 11:45	65.975	65.975	65.835	65.845	5
2025-05-14 11:50	65.835	65.895	65.826	65.875	5
2025-05-14 11:55	65.885	65.975	65.885	65.950	5
2025-05-14 12:00	65.955	65.975	65.825	65.850	5
2025-05-14 12:05	65.845	65.865	65.815	65.855	5
2025-05-14 12:10	65.865	65.905	65.835	65.855	5
2025-05-14 12:15	65.865	65.880	65.785	65.835	5
2025-05-14 12:20	65.845	65.905	65.845	65.860	5
2025-05-14 12:25	65.865	65.905	65.855	65.895	5
2025-05-14 12:30	65.900	65.985	65.900	65.955	5
2025-05-14 12:35	65.960	65.965	65.905	65.935	5
2025-05-14 12:40	65.925	65.955	65.915	65.945	5
2025-05-14 12:45	65.935	66.005	65.925	65.975	5
2025-05-14 12:50	65.965	66.035	65.955	66.035	5
2025-05-14 12:55	66.025	66.035	65.945	65.985	5
2025-05-14 13:00	66.005	66.105	66.005	66.055	5
2025-05-14 13:05	66.045	66.135	66.015	66.120	5
2025-05-14 13:10	66.115	66.165	66.075	66.160	5
2025-05-14 13:15	66.155	66.215	66.095	66.195	5
2025-05-14 13:20	66.205	66.235	66.155	66.235	5
2025-05-14 13:25	66.230	66.325	66.200	66.295	5
2025-05-14 13:30	66.300	66.345	66.225	66.265	5
2025-05-14 13:35	66.255	66.290	66.225	66.235	5
2025-05-14 13:40	66.225	66.270	66.175	66.235	5
2025-05-14 13:45	66.245	66.295	66.225	66.225	5
2025-05-14 13:50	66.220	66.465	66.185	66.445	5
2025-05-14 13:55	66.440	66.445	66.335	66.375	5
2025-05-14 14:00	66.370	66.375	66.280	66.365	5
2025-05-14 14:05	66.375	66.435	66.285	66.405	5
2025-05-14 14:10	66.400	66.475	66.370	66.385	5
2025-05-14 14:15	66.380	66.395	66.335	66.355	5
2025-05-14 14:20	66.360	66.395	66.325	66.345	5
2025-05-14 14:25	66.335	66.405	66.275	66.280	5
2025-05-14 14:30	66.275	66.465	66.266	66.455	5
2025-05-14 14:35	66.445	66.485	65.950	66.015	5
2025-05-14 14:40	66.020	66.110	65.950	66.095	5
2025-05-14 14:45	66.100	66.275	66.076	66.245	5
2025-05-14 14:50	66.250	66.285	66.175	66.245	5
2025-05-14 14:55	66.255	66.365	66.245	66.335	5
2025-05-14 15:00	66.345	66.345	66.185	66.195	5
2025-05-14 15:05	66.200	66.215	66.125	66.205	5
2025-05-14 15:10	66.195	66.215	66.165	66.205	5
2025-05-14 15:15	66.210	66.250	66.005	66.016	5
2025-05-14 15:20	66.025	66.065	65.965	66.045	5
2025-05-14 15:25	66.050	66.070	65.975	66.005	5
2025-05-14 15:30	66.000	66.025	65.900	65.925	5
2025-05-14 15:35	65.915	65.965	65.905	65.925	5
2025-05-14 15:40	65.930	66.075	65.915	66.075	5
2025-05-14 15:45	66.080	66.145	66.045	66.125	5
2025-05-14 15:50	66.120	66.165	66.040	66.075	5
2025-05-14 15:55	66.085	66.095	66.025	66.075	5
2025-05-14 16:00	66.080	66.235	66.055	66.225	5
2025-05-14 16:05	66.230	66.305	66.200	66.205	5
2025-05-14 16:10	66.210	66.235	66.145	66.195	5
2025-05-14 16:15	66.190	66.295	66.175	66.275	5
2025-05-14 16:20	66.265	66.375	66.265	66.340	5
2025-05-14 16:25	66.335	66.340	66.275	66.325	5
2025-05-14 16:30	66.335	66.400	66.335	66.355	5
2025-05-14 16:35	66.360	66.375	66.275	66.290	5
2025-05-14 16:40	66.295	66.305	66.215	66.255	5
2025-05-14 16:45	66.260	66.295	66.245	66.285	5
2025-05-14 16:50	66.295	66.325	66.275	66.325	5
2025-05-14 16:55	66.315	66.345	66.275	66.305	5
2025-05-14 17:00	66.285	66.395	66.285	66.326	5
2025-05-14 17:05	66.335	66.355	66.305	66.345	5
2025-05-14 17:10	66.335	66.385	66.320	66.380	5
2025-05-14 17:15	66.385	66.395	66.265	66.265	5
2025-05-14 17:20	66.260	66.290	66.185	66.290	5
2025-05-14 17:25	66.285	66.315	66.260	66.275	5
2025-05-14 17:30	66.265	66.355	66.260	66.315	5
2025-05-14 17:35	66.310	66.335	66.285	66.305	5
2025-05-14 17:40	66.315	66.315	66.275	66.295	5
2025-05-14 17:45	66.305	66.345	66.295	66.335	5
2025-05-14 17:50	66.345	66.355	66.325	66.335	5
2025-05-14 17:55	66.330	66.335	66.285	66.285	5
2025-05-14 18:00	66.275	66.285	66.215	66.215	5
2025-05-14 18:05	66.225	66.265	66.185	66.215	5
2025-05-14 18:10	66.225	66.250	66.145	66.165	5
2025-05-14 18:15	66.175	66.250	66.145	66.195	5
2025-05-14 18:20	66.185	66.190	66.095	66.115	5
2025-05-14 18:25	66.110	66.125	65.985	66.055	5
2025-05-14 18:30	66.045	66.070	65.975	65.985	5
2025-05-14 18:35	65.990	65.995	65.875	65.885	5
2025-05-14 18:40	65.880	65.885	65.855	65.875	5
2025-05-14 18:45	65.880	65.885	65.835	65.845	4
2025-05-14 18:50	65.840	65.865	65.840	65.855	3
2025-05-14 18:55	65.850	65.865	65.845	65.850	4
2025-05-14 19:00	65.845	65.875	65.835	65.865	5
2025-05-14 19:05	65.855	65.895	65.855	65.865	5
2025-05-14 19:10	65.875	65.875	65.855	65.855	4
2025-05-14 19:15	65.865	65.890	65.855	65.865	5
2025-05-14 19:20	65.855	65.875	65.855	65.865	5
2025-05-14 19:25	65.855	65.855	65.805	65.805	5
2025-05-14 19:30	65.810	65.815	65.765	65.775	5
2025-05-14 19:35	65.785	65.785	65.765	65.775	5
2025-05-14 19:40	65.785	65.785	65.735	65.745	4
2025-05-14 19:45	65.750	65.755	65.745	65.745	3
2025-05-14 19:50	65.750	65.775	65.750	65.765	5
2025-05-14 19:55	65.760	65.760	65.715	65.725	5
2025-05-14 20:00	65.704	65.714	65.692	65.712	5
2025-05-14 20:05	65.717	65.744	65.714	65.722	5
2025-05-14 20:10	65.727	65.734	65.644	65.657	5
2025-05-14 20:15	65.664	65.704	65.642	65.704	5
2025-05-14 20:20	65.707	65.754	65.707	65.754	5
2025-05-14 20:25	65.757	65.832	65.757	65.793	5
2025-05-14 20:30	65.788	65.812	65.768	65.787	5
2025-05-14 20:35	65.792	65.804	65.777	65.794	5
2025-05-14 20:40	65.787	65.812	65.774	65.807	5
2025-05-14 20:45	65.804	65.822	65.754	65.764	5
2025-05-14 20:50	65.762	65.764	65.734	65.757	5
2025-05-14 20:55	65.764	65.772	65.747	65.772	5
2025-05-15 00:00	65.280	65.327	65.160	65.170	5
2025-05-15 00:05	65.185	65.270	65.145	65.240	5
2025-05-15 00:10	65.235	65.290	65.225	65.280	5
2025-05-15 00:15	65.285	65.295	65.190	65.290	5
2025-05-15 00:20	65.305	65.310	65.165	65.225	5
2025-05-15 00:25	65.215	65.255	65.200	65.240	5
2025-05-15 00:30	65.245	65.245	65.165	65.210	5
2025-05-15 00:35	65.205	65.205	65.105	65.125	5
2025-05-15 00:40	65.110	65.205	65.085	65.200	5
2025-05-15 00:45	65.190	65.205	65.130	65.150	5
2025-05-15 00:50	65.155	65.200	65.155	65.185	4
2025-05-15 00:55	65.180	65.180	65.045	65.085	5
2025-05-15 01:00	65.090	65.290	64.960	64.995	5
2025-05-15 01:05	64.990	65.070	64.975	65.045	5
2025-05-15 01:10	65.040	65.120	65.020	65.020	5
2025-05-15 01:15	65.020	65.155	65.020	65.060	5
2025-05-15 01:20	65.055	65.130	65.055	65.105	5
2025-05-15 01:25	65.095	65.115	64.965	64.975	5
2025-05-15 01:30	64.970	65.025	64.890	64.890	5
2025-05-15 01:35	64.895	64.915	64.785	64.830	5
2025-05-15 01:40	64.835	64.885	64.759	64.790	5
2025-05-15 01:45	64.785	64.795	64.759	64.759	5
2025-05-15 01:50	64.759	64.790	64.720	64.780	5
2025-05-15 01:55	64.775	64.865	64.775	64.835	5
2025-05-15 02:00	64.830	64.860	64.785	64.835	5
2025-05-15 02:05	64.830	64.875	64.765	64.775	5
2025-05-15 02:10	64.780	64.835	64.775	64.810	5
2025-05-15 02:15	64.795	64.865	64.795	64.855	5
2025-05-15 02:20	64.850	64.881	64.830	64.850	5
2025-05-15 02:25	64.855	64.870	64.790	64.820	5
2025-05-15 02:30	64.815	64.815	64.755	64.759	5
2025-05-15 02:35	64.759	64.759	64.690	64.750	5
2025-05-15 02:40	64.755	64.765	64.660	64.670	5
2025-05-15 02:45	64.665	64.690	64.605	64.620	5
2025-05-15 02:50	64.615	64.655	64.600	64.615	5
2025-05-15 02:55	64.620	64.625	64.515	64.540	5
2025-05-15 03:00	64.535	64.560	64.505	64.545	5
2025-05-15 03:05	64.540	64.545	64.390	64.390	5
2025-05-15 03:10	64.395	64.415	64.305	64.405	5
2025-05-15 03:15	64.410	64.495	64.400	64.470	5
2025-05-15 03:20	64.475	64.555	64.470	64.535	5
2025-05-15 03:25	64.530	64.565	64.505	64.540	5
2025-05-15 03:30	64.545	64.805	64.540	64.760	5
2025-05-15 03:35	64.755	64.830	64.715	64.810	5
2025-05-15 03:40	64.815	64.890	64.790	64.800	5
2025-05-15 03:45	64.805	64.835	64.755	64.770	5
2025-05-15 03:50	64.775	64.775	64.710	64.730	5
2025-05-15 03:55	64.720	64.725	64.595	64.655	5
2025-05-15 04:00	64.660	64.675	64.600	64.610	5
2025-05-15 04:05	64.605	64.605	64.525	64.560	5
2025-05-15 04:10	64.565	64.625	64.560	64.615	5
2025-05-15 04:15	64.625	64.670	64.610	64.665	5
2025-05-15 04:20	64.655	64.675	64.628	64.628	4
2025-05-15 04:25	64.670	64.690	64.650	64.655	5
2025-05-15 04:30	64.650	64.685	64.613	64.675	5
2025-05-15 04:35	64.650	64.685	64.620	64.640	5
2025-05-15 04:40	64.635	64.675	64.630	64.665	5
2025-05-15 04:45	64.618	64.665	64.615	64.645	4
2025-05-15 04:50	64.640	64.645	64.600	64.605	5
2025-05-15 04:55	64.600	64.605	64.565	64.600	4
2025-05-15 05:00	64.595	64.595	64.540	64.560	5
2025-05-15 05:05	64.550	64.560	64.540	64.545	3
2025-05-15 05:10	64.535	64.555	64.510	64.535	5
2025-05-15 05:15	64.530	64.550	64.510	64.510	5
2025-05-15 05:20	64.515	64.545	64.510	64.525	5
2025-05-15 05:25	64.530	64.530	64.465	64.465	5
2025-05-15 05:30	64.460	64.505	64.405	64.445	5
2025-05-15 05:35	64.440	64.465	64.335	64.375	5
2025-05-15 05:40	64.370	64.475	64.365	64.450	4
2025-05-15 05:45	64.430	64.495	64.425	64.435	5
2025-05-15 05:50	64.430	64.460	64.405	64.415	5
2025-05-15 05:55	64.410	64.460	64.270	64.275	5
2025-05-15 06:00	64.285	64.570	64.285	64.570	5
2025-05-15 06:05	64.575	64.665	64.560	64.615	5
2025-05-15 06:10	64.610	64.615	64.435	64.440	5
2025-05-15 06:15	64.435	64.515	64.435	64.505	5
2025-05-15 06:20	64.510	64.595	64.500	64.505	5
2025-05-15 06:25	64.525	64.645	64.495	64.595	5
2025-05-15 06:30	64.590	64.605	64.485	64.505	5
2025-05-15 06:35	64.515	64.655	64.485	64.630	5
2025-05-15 06:40	64.635	64.635	64.545	64.615	5
2025-05-15 06:45	64.600	64.625	64.575	64.615	5
2025-05-15 06:50	64.620	64.665	64.105	64.115	5
2025-05-15 06:55	64.110	64.235	63.850	63.955	5
2025-05-15 07:00	63.945	64.120	63.935	64.070	5
2025-05-15 07:05	64.065	64.175	63.855	63.865	5
2025-05-15 07:10	63.875	63.915	63.750	63.805	5
2025-05-15 07:15	63.800	63.820	63.680	63.695	5
2025-05-15 07:20	63.685	63.925	63.665	63.900	5
2025-05-15 07:25	63.905	64.065	63.895	64.055	5
2025-05-15 07:30	64.035	64.045	63.975	64.005	5
2025-05-15 07:35	64.010	64.085	63.935	64.085	5
2025-05-15 07:40	64.075	64.095	63.995	64.035	5
2025-05-15 07:45	64.045	64.095	64.020	64.065	5
2025-05-15 07:50	64.070	64.205	64.065	64.175	5
2025-05-15 07:55	64.170	64.205	64.150	64.170	5
2025-05-15 08:00	64.175	64.200	64.105	64.165	5
2025-05-15 08:05	64.155	64.160	64.035	64.055	5
2025-05-15 08:10	64.065	64.205	64.065	64.195	5
2025-05-15 08:15	64.190	64.325	64.185	64.285	5
2025-05-15 08:20	64.280	64.335	64.180	64.255	5
2025-05-15 08:25	64.260	64.280	64.045	64.050	5
2025-05-15 08:30	64.035	64.105	63.825	63.925	5
2025-05-15 08:35	63.935	63.965	63.900	63.945	5
2025-05-15 08:40	63.955	64.005	63.625	63.655	5
2025-05-15 08:45	63.660	63.695	63.505	63.560	5
2025-05-15 08:50	63.555	63.725	63.555	63.665	5
2025-05-15 08:55	63.670	63.675	63.575	63.605	5
2025-05-15 09:00	63.615	63.675	63.575	63.605	5
2025-05-15 09:05	63.615	63.655	63.555	63.615	5
2025-05-15 09:10	63.625	63.650	63.515	63.515	5
2025-05-15 09:15	63.515	63.610	63.420	63.475	5
2025-05-15 09:20	63.485	63.570	63.480	63.520	5
2025-05-15 09:25	63.525	63.625	63.495	63.605	5
2025-05-15 09:30	63.610	63.790	63.605	63.735	5
2025-05-15 09:35	63.730	63.730	63.620	63.625	5
2025-05-15 09:40	63.635	63.705	63.595	63.675	5
2025-05-15 09:45	63.670	63.695	63.595	63.610	5
2025-05-15 09:50	63.605	63.695	63.555	63.555	5
2025-05-15 09:55	63.545	63.555	63.485	63.485	5
2025-05-15 10:00	63.495	63.650	63.485	63.610	5
2025-05-15 10:05	63.605	63.795	63.595	63.760	5
2025-05-15 10:10	63.755	63.855	63.745	63.855	5
2025-05-15 10:15	63.850	63.875	63.805	63.815	5
2025-05-15 10:20	63.820	63.875	63.810	63.825	5
2025-05-15 10:25	63.835	63.855	63.805	63.825	5
2025-05-15 10:30	63.835	63.875	63.835	63.850	5
2025-05-15 10:35	63.845	63.865	63.705	63.785	5
2025-05-15 10:40	63.775	63.850	63.765	63.805	5
2025-05-15 10:45	63.810	63.975	63.795	63.955	5
2025-05-15 10:50	63.950	63.965	63.915	63.945	5
2025-05-15 10:55	63.955	63.995	63.945	63.970	5
2025-05-15 11:00	63.955	63.995	63.865	63.880	5
2025-05-15 11:05	63.875	63.905	63.855	63.860	5
2025-05-15 11:10	63.855	63.875	63.815	63.850	5
2025-05-15 11:15	63.845	63.885	63.785	63.795	5
2025-05-15 11:20	63.800	63.900	63.785	63.865	5
2025-05-15 11:25	63.870	63.915	63.855	63.915	5
2025-05-15 11:30	63.920	63.980	63.885	63.955	5
2025-05-15 11:35	63.960	64.035	63.955	64.025	5
2025-05-15 11:40	64.030	64.055	63.995	64.035	5
2025-05-15 11:45	64.040	64.095	64.025	64.055	5
2025-05-15 11:50	64.045	64.085	64.015	64.045	5
2025-05-15 11:55	64.050	64.135	64.035	64.115	5
2025-05-15 12:00	64.095	64.115	63.975	63.995	5
2025-05-15 12:05	63.985	64.010	63.945	63.975	5
2025-05-15 12:10	63.980	64.060	63.945	64.060	5
2025-05-15 12:15	64.055	64.125	64.015	64.055	5
2025-05-15 12:20	64.060	64.090	64.045	64.085	5
2025-05-15 12:25	64.080	64.135	64.055	64.065	5
2025-05-15 12:30	64.060	64.215	64.030	64.195	5
2025-05-15 12:35	64.205	64.255	64.165	64.215	5
2025-05-15 12:40	64.210	64.215	64.145	64.175	5
2025-05-15 12:45	64.185	64.255	64.145	64.235	5
2025-05-15 12:50	64.230	64.325	64.190	64.310	5
2025-05-15 12:55	64.315	64.325	64.255	64.295	5
2025-05-15 13:00	64.300	64.855	64.250	64.580	5
2025-05-15 13:05	64.585	64.860	64.560	64.745	5
2025-05-15 13:10	64.720	64.775	64.460	64.530	5
2025-05-15 13:15	64.535	64.565	64.335	64.390	5
2025-05-15 13:20	64.395	64.485	64.340	64.355	5
2025-05-15 13:25	64.335	64.545	64.335	64.525	5
2025-05-15 13:30	64.535	64.580	64.405	64.465	5
2025-05-15 13:35	64.470	64.605	64.425	64.605	5
2025-05-15 13:40	64.615	64.615	64.196	64.365	5
2025-05-15 13:45	64.385	64.425	64.025	64.425	5
2025-05-15 13:50	64.420	64.635	64.405	64.620	5
2025-05-15 13:55	64.615	64.860	64.576	64.660	5
2025-05-15 14:00	64.655	64.770	64.585	64.645	5
2025-05-15 14:05	64.635	64.660	64.460	64.525	5
2025-05-15 14:10	64.515	64.515	64.395	64.455	5
2025-05-15 14:15	64.465	64.465	64.350	64.445	5
2025-05-15 14:20	64.450	64.485	64.365	64.400	5
2025-05-15 14:25	64.395	64.485	64.110	64.135	5
2025-05-15 14:30	64.155	64.455	64.135	64.385	5
2025-05-15 14:35	64.375	64.475	64.335	64.415	5
2025-05-15 14:40	64.420	64.485	64.395	64.420	5
2025-05-15 14:45	64.415	64.455	64.295	64.375	5
2025-05-15 14:50	64.365	64.425	64.230	64.235	5
2025-05-15 14:55	64.225	64.255	64.155	64.220	5
2025-05-15 15:00	64.195	64.270	64.146	64.195	5
2025-05-15 15:05	64.185	64.305	64.155	64.175	5
2025-05-15 15:10	64.180	64.245	64.050	64.095	5
2025-05-15 15:15	64.085	64.165	64.045	64.105	5
2025-05-15 15:20	64.110	64.275	64.065	64.235	5
2025-05-15 15:25	64.240	64.385	64.200	64.235	5
2025-05-15 15:30	64.225	64.335	64.205	64.305	5
2025-05-15 15:35	64.310	64.310	64.145	64.145	5
2025-05-15 15:40	64.140	64.325	64.135	64.265	5
2025-05-15 15:45	64.275	64.600	64.265	64.495	5
2025-05-15 15:50	64.485	64.505	64.375	64.395	5
2025-05-15 15:55	64.405	64.515	64.355	64.495	5
2025-05-15 16:00	64.475	64.525	64.445	64.485	5
2025-05-15 16:05	64.475	64.545	64.465	64.525	5
2025-05-15 16:10	64.530	64.540	64.485	64.535	5
2025-05-15 16:15	64.545	64.615	64.515	64.585	5
2025-05-15 16:20	64.565	64.635	64.555	64.610	5
2025-05-15 16:25	64.605	64.635	64.595	64.625	5
2025-05-15 16:30	64.635	64.665	64.535	64.595	5
2025-05-15 16:35	64.600	64.675	64.595	64.670	5
2025-05-15 16:40	64.675	64.695	64.655	64.665	4
2025-05-15 16:45	64.670	64.705	64.635	64.665	5
2025-05-15 16:50	64.670	64.675	64.555	64.575	5
2025-05-15 16:55	64.555	64.575	64.515	64.525	5
2025-05-15 17:00	64.535	64.535	64.415	64.420	5
2025-05-15 17:05	64.415	64.515	64.415	64.495	5
2025-05-15 17:10	64.485	64.495	64.425	64.445	5
2025-05-15 17:15	64.455	64.525	64.445	64.525	5
2025-05-15 17:20	64.530	64.535	64.465	64.505	5
2025-05-15 17:25	64.510	64.575	64.495	64.555	5
2025-05-15 17:30	64.550	64.550	64.425	64.475	5
2025-05-15 17:35	64.480	64.535	64.440	64.460	5
2025-05-15 17:40	64.465	64.510	64.455	64.500	5
2025-05-15 17:45	64.505	64.545	64.475	64.535	5
2025-05-15 17:50	64.540	64.635	64.535	64.620	5
2025-05-15 17:55	64.615	64.635	64.575	64.575	5
2025-05-15 18:00	64.565	64.565	64.465	64.475	5
2025-05-15 18:05	64.470	64.575	64.470	64.575	5
2025-05-15 18:10	64.585	64.625	64.495	64.495	5
2025-05-15 18:15	64.505	64.555	64.475	64.475	5
2025-05-15 18:20	64.480	64.535	64.397	64.440	5
2025-05-15 18:25	64.450	64.555	64.425	64.555	5
2025-05-15 18:30	64.545	64.555	64.505	64.515	5
2025-05-15 18:35	64.510	64.555	64.505	64.555	5
2025-05-15 18:40	64.550	64.565	64.510	64.560	5
2025-05-15 18:45	64.555	64.635	64.555	64.625	5
2025-05-15 18:50	64.630	64.655	64.615	64.650	5
2025-05-15 18:55	64.645	64.650	64.474	64.570	5
2025-05-15 19:00	64.580	64.615	64.575	64.600	5
2025-05-15 19:05	64.595	64.655	64.595	64.615	5
2025-05-15 19:10	64.605	64.645	64.600	64.625	5
2025-05-15 19:15	64.630	64.635	64.575	64.620	5
2025-05-15 19:20	64.615	64.680	64.610	64.675	5
2025-05-15 19:25	64.665	64.675	64.623	64.660	5
2025-05-15 19:30	64.665	64.725	64.665	64.680	5
2025-05-15 19:35	64.675	64.705	64.625	64.625	5
2025-05-15 19:40	64.630	64.645	64.575	64.585	5
2025-05-15 19:45	64.580	64.625	64.580	64.610	4
2025-05-15 19:50	64.615	64.685	64.615	64.660	5
2025-05-15 19:55	64.655	64.690	64.650	64.680	5
2025-05-15 20:00	64.685	64.690	64.637	64.647	5
2025-05-15 20:05	64.644	64.652	64.592	64.597	5
2025-05-15 20:10	64.604	64.637	64.592	64.622	5
2025-05-15 20:15	64.617	64.627	64.584	64.622	5
2025-05-15 20:20	64.617	64.637	64.617	64.627	4
2025-05-15 20:25	64.617	64.634	64.617	64.627	5
2025-05-15 20:30	64.634	64.637	64.617	64.617	4
2025-05-15 20:35	64.614	64.627	64.584	64.584	5
2025-05-15 20:40	64.587	64.607	64.577	64.587	5
2025-05-15 20:45	64.584	64.587	64.504	64.507	5
2025-05-15 20:50	64.514	64.527	64.504	64.524	4
2025-05-15 20:55	64.498	64.567	64.493	64.547	5
2025-05-16 00:00	64.692	64.725	64.640	64.645	5
2025-05-16 00:05	64.650	64.700	64.650	64.655	5
2025-05-16 00:10	64.650	64.650	64.540	64.550	5
2025-05-16 00:15	64.560	64.650	64.560	64.650	4
2025-05-16 00:20	64.655	64.675	64.610	64.610	5
2025-05-16 00:25	64.620	64.660	64.620	64.630	5
2025-05-16 00:30	64.645	64.710	64.645	64.690	5
2025-05-16 00:35	64.695	64.695	64.675	64.680	4
2025-05-16 00:40	64.685	64.705	64.633	64.670	4
2025-05-16 00:45	64.660	64.670	64.540	64.540	5
2025-05-16 00:50	64.530	64.580	64.520	64.540	5
2025-05-16 00:55	64.530	64.550	64.470	64.470	5
2025-05-16 01:00	64.480	64.575	64.440	64.460	5
2025-05-16 01:05	64.455	64.465	64.425	64.440	5
2025-05-16 01:10	64.435	64.585	64.435	64.545	5
2025-05-16 01:15	64.550	64.635	64.550	64.615	5
2025-05-16 01:20	64.610	64.630	64.495	64.500	5
2025-05-16 01:25	64.495	64.550	64.480	64.545	5
2025-05-16 01:30	64.550	64.610	64.530	64.590	5
2025-05-16 01:35	64.585	64.595	64.505	64.525	5
2025-05-16 01:40	64.540	64.600	64.540	64.580	5
2025-05-16 01:45	64.575	64.590	64.500	64.510	5
2025-05-16 01:50	64.505	64.570	64.505	64.570	5
2025-05-16 01:55	64.575	64.595	64.548	64.580	5
2025-05-16 02:00	64.575	64.575	64.510	64.515	5
2025-05-16 02:05	64.510	64.550	64.510	64.540	5
2025-05-16 02:10	64.535	64.535	64.505	64.525	5
2025-05-16 02:15	64.515	64.625	64.515	64.585	5
2025-05-16 02:20	64.570	64.615	64.555	64.580	5
2025-05-16 02:25	64.590	64.595	64.570	64.570	5
2025-05-16 02:30	64.565	64.640	64.550	64.580	5
2025-05-16 02:35	64.575	64.660	64.565	64.645	5
2025-05-16 02:40	64.655	64.695	64.645	64.670	5
2025-05-16 02:45	64.665	64.665	64.560	64.570	5
2025-05-16 02:50	64.565	64.595	64.560	64.585	5
2025-05-16 02:55	64.580	64.590	64.560	64.570	5
2025-05-16 03:00	64.565	64.575	64.505	64.515	5
2025-05-16 03:05	64.525	64.555	64.435	64.460	5
2025-05-16 03:10	64.465	64.555	64.465	64.525	5
2025-05-16 03:15	64.520	64.525	64.505	64.510	5
2025-05-16 03:20	64.515	64.520	64.485	64.485	5
2025-05-16 03:25	64.490	64.525	64.485	64.520	5
2025-05-16 03:30	64.510	64.525	64.485	64.520	5
2025-05-16 03:35	64.525	64.605	64.525	64.600	5
2025-05-16 03:40	64.595	64.645	64.580	64.640	5
2025-05-16 03:45	64.645	64.671	64.605	64.635	5
2025-05-16 03:50	64.645	64.655	64.580	64.580	5
2025-05-16 03:55	64.585	64.615	64.585	64.610	5
2025-05-16 04:00	64.605	64.660	64.600	64.655	5
2025-05-16 04:05	64.650	64.655	64.568	64.620	5
2025-05-16 04:10	64.615	64.665	64.590	64.660	5
2025-05-16 04:15	64.655	64.655	64.630	64.630	5
2025-05-16 04:20	64.625	64.670	64.598	64.645	5
2025-05-16 04:25	64.598	64.660	64.598	64.635	4
2025-05-16 04:30	64.640	64.665	64.640	64.650	4
2025-05-16 04:35	64.645	64.660	64.613	64.660	5
2025-05-16 04:40	64.670	64.680	64.665	64.675	3
2025-05-16 04:45	64.680	65.205	64.680	64.970	5
2025-05-16 04:50	64.975	65.000	64.880	64.900	5
2025-05-16 04:55	64.890	64.915	64.830	64.840	5
2025-05-16 05:00	64.835	64.845	64.740	64.785	5
2025-05-16 05:05	64.775	64.805	64.740	64.760	5
2025-05-16 05:10	64.770	64.780	64.720	64.735	5
2025-05-16 05:15	64.730	64.730	64.675	64.700	5
2025-05-16 05:20	64.705	64.745	64.660	64.680	5
2025-05-16 05:25	64.670	64.690	64.665	64.680	5
2025-05-16 05:30	64.670	64.675	64.545	64.585	5
2025-05-16 05:35	64.580	64.605	64.520	64.525	5
2025-05-16 05:40	64.535	64.595	64.530	64.565	5
2025-05-16 05:45	64.570	64.575	64.500	64.540	5
2025-05-16 05:50	64.535	64.555	64.510	64.520	5
2025-05-16 05:55	64.515	64.535	64.485	64.520	5
2025-05-16 06:00	64.530	64.535	64.395	64.395	5
2025-05-16 06:05	64.400	64.450	64.395	64.435	4
2025-05-16 06:10	64.440	64.445	64.390	64.415	5
2025-05-16 06:15	64.410	64.475	64.410	64.445	5
2025-05-16 06:20	64.435	64.450	64.290	64.295	5
2025-05-16 06:25	64.300	64.335	64.285	64.285	5
2025-05-16 06:30	64.265	64.365	64.263	64.325	5
2025-05-16 06:35	64.315	64.315	64.255	64.263	5
2025-05-16 06:40	64.255	64.263	64.195	64.205	5
2025-05-16 06:45	64.210	64.240	64.160	64.205	5
2025-05-16 06:50	64.210	64.295	64.175	64.255	5
2025-05-16 06:55	64.260	64.335	64.245	64.295	5
2025-05-16 07:00	64.290	64.395	64.290	64.340	5
2025-05-16 07:05	64.345	64.420	64.335	64.410	5
2025-05-16 07:10	64.405	64.525	64.405	64.500	5
2025-05-16 07:15	64.495	64.585	64.485	64.530	5
2025-05-16 07:20	64.525	64.575	64.515	64.545	5
2025-05-16 07:25	64.535	64.555	64.480	64.535	5
2025-05-16 07:30	64.530	64.590	64.455	64.575	5
2025-05-16 07:35	64.535	64.575	64.485	64.515	5
2025-05-16 07:40	64.510	64.525	64.375	64.410	5
2025-05-16 07:45	64.405	64.485	64.380	64.415	5
2025-05-16 07:50	64.425	64.525	64.415	64.495	5
2025-05-16 07:55	64.505	64.605	64.475	64.590	5
2025-05-16 08:00	64.625	64.655	64.475	64.485	5
2025-05-16 08:05	64.480	64.495	64.236	64.275	5
2025-05-16 08:10	64.265	64.325	64.185	64.185	5
2025-05-16 08:15	64.190	64.305	64.185	64.275	5
2025-05-16 08:20	64.280	64.280	64.195	64.210	5
2025-05-16 08:25	64.205	64.305	64.195	64.275	5
2025-05-16 08:30	64.295	64.465	64.295	64.390	5
2025-05-16 08:35	64.385	64.555	64.385	64.480	5
2025-05-16 08:40	64.475	64.505	64.390	64.410	5
2025-05-16 08:45	64.425	64.520	64.415	64.515	5
2025-05-16 08:50	64.505	64.565	64.360	64.375	5
2025-05-16 08:55	64.380	64.385	64.255	64.280	5
2025-05-16 09:00	64.275	64.350	64.205	64.345	5
2025-05-16 09:05	64.355	64.650	64.335	64.630	5
2025-05-16 09:10	64.625	64.650	64.505	64.535	5
2025-05-16 09:15	64.525	64.570	64.470	64.475	5
2025-05-16 09:20	64.465	64.505	64.320	64.345	5
2025-05-16 09:25	64.355	64.400	64.304	64.380	5
2025-05-16 09:30	64.375	64.440	64.375	64.405	5
2025-05-16 09:35	64.390	64.505	64.390	64.505	5
2025-05-16 09:40	64.495	64.495	64.375	64.455	5
2025-05-16 09:45	64.450	64.580	64.445	64.565	5
2025-05-16 09:50	64.575	64.625	64.505	64.515	5
2025-05-16 09:55	64.505	64.560	64.485	64.495	5
2025-05-16 10:00	64.515	64.625	64.515	64.605	5
2025-05-16 10:05	64.595	64.620	64.545	64.546	5
2025-05-16 10:10	64.555	64.570	64.395	64.505	5
2025-05-16 10:15	64.500	64.570	64.475	64.495	5
2025-05-16 10:20	64.505	64.610	64.505	64.540	5
2025-05-16 10:25	64.545	64.560	64.515	64.545	5
2025-05-16 10:30	64.535	64.645	64.525	64.620	5
2025-05-16 10:35	64.605	64.650	64.595	64.640	5
2025-05-16 10:40	64.655	64.765	64.650	64.765	5
2025-05-16 10:45	64.760	64.810	64.735	64.790	5
2025-05-16 10:50	64.785	64.845	64.775	64.805	5
2025-05-16 10:55	64.815	64.890	64.815	64.875	5
2025-05-16 11:00	64.865	64.905	64.835	64.855	5
2025-05-16 11:05	64.850	64.875	64.815	64.835	5
2025-05-16 11:10	64.840	64.840	64.690	64.715	5
2025-05-16 11:15	64.725	64.745	64.694	64.725	5
2025-05-16 11:20	64.730	64.795	64.715	64.735	5
2025-05-16 11:25	64.725	64.735	64.630	64.665	5
2025-05-16 11:30	64.670	64.725	64.665	64.725	5
2025-05-16 11:35	64.710	64.775	64.680	64.695	4
2025-05-16 11:40	64.705	64.775	64.665	64.765	5
2025-05-16 11:45	64.755	64.785	64.706	64.725	5
2025-05-16 11:50	64.715	64.730	64.635	64.690	5
2025-05-16 11:55	64.685	64.765	64.675	64.695	5
2025-05-16 12:00	64.705	64.705	64.576	64.610	5
2025-05-16 12:05	64.605	64.685	64.575	64.645	5
2025-05-16 12:10	64.650	64.665	64.525	64.565	5
2025-05-16 12:15	64.560	64.600	64.555	64.570	5
2025-05-16 12:20	64.565	64.675	64.555	64.660	5
2025-05-16 12:25	64.665	64.730	64.660	64.685	5
2025-05-16 12:30	64.690	64.846	64.690	64.835	5
2025-05-16 12:35	64.830	64.840	64.775	64.825	5
2025-05-16 12:40	64.820	64.935	64.800	64.935	5
2025-05-16 12:45	64.925	64.945	64.865	64.905	5
2025-05-16 12:50	64.910	64.935	64.855	64.890	5
2025-05-16 12:55	64.885	64.955	64.865	64.905	5
2025-05-16 13:00	64.890	64.925	64.825	64.925	5
2025-05-16 13:05	64.905	64.925	64.815	64.885	5
2025-05-16 13:10	64.890	64.955	64.845	64.955	5
2025-05-16 13:15	64.950	65.015	64.925	64.995	5
2025-05-16 13:20	64.990	64.995	64.885	64.885	5
2025-05-16 13:25	64.875	64.975	64.865	64.955	5
2025-05-16 13:30	64.950	64.950	64.750	64.750	5
2025-05-16 13:35	64.755	64.875	64.740	64.820	5
2025-05-16 13:40	64.815	64.850	64.730	64.750	5
2025-05-16 13:45	64.755	64.770	64.695	64.706	5
2025-05-16 13:50	64.725	64.805	64.705	64.770	5
2025-05-16 13:55	64.775	64.825	64.765	64.780	5
2025-05-16 14:00	64.745	64.785	64.655	64.715	5
2025-05-16 14:05	64.710	64.740	64.635	64.725	5
2025-05-16 14:10	64.715	64.785	64.715	64.745	5
2025-05-16 14:15	64.736	64.736	64.645	64.665	5
2025-05-16 14:20	64.675	64.705	64.635	64.665	5
2025-05-16 14:25	64.660	64.775	64.645	64.705	5
2025-05-16 14:30	64.700	64.720	64.555	64.625	5
2025-05-16 14:35	64.620	64.655	64.560	64.585	5
2025-05-16 14:40	64.575	64.805	64.575	64.790	5
2025-05-16 14:45	64.785	64.830	64.735	64.755	5
2025-05-16 14:50	64.760	64.965	64.760	64.905	5
2025-05-16 14:55	64.895	64.985	64.890	64.940	5
2025-05-16 15:00	64.945	65.080	64.945	64.986	5
2025-05-16 15:05	64.995	65.075	64.975	65.055	5
2025-05-16 15:10	65.060	65.110	65.045	65.105	5
2025-05-16 15:15	65.110	65.130	64.935	65.025	5
2025-05-16 15:20	65.030	65.095	64.975	65.085	5
2025-05-16 15:25	65.080	65.115	65.015	65.035	5
2025-05-16 15:30	65.055	65.170	65.035	65.125	5
2025-05-16 15:35	65.130	65.205	65.130	65.165	5
2025-05-16 15:40	65.175	65.305	65.125	65.285	5
2025-05-16 15:45	65.275	65.390	65.235	65.355	5
2025-05-16 15:50	65.350	65.400	65.325	65.375	5
2025-05-16 15:55	65.370	65.425	65.320	65.395	5
2025-05-16 16:00	65.385	65.385	65.280	65.325	5
2025-05-16 16:05	65.330	65.525	65.304	65.385	5
2025-05-16 16:10	65.390	65.400	65.320	65.375	5
2025-05-16 16:15	65.380	65.430	65.360	65.395	5
2025-05-16 16:20	65.400	65.445	65.355	65.365	5
2025-05-16 16:25	65.355	65.425	65.355	65.400	5
2025-05-16 16:30	65.405	65.465	65.395	65.425	5
2025-05-16 16:35	65.410	65.465	65.390	65.465	5
2025-05-16 16:40	65.475	65.475	65.395	65.425	5
2025-05-16 16:45	65.435	65.460	65.295	65.325	5
2025-05-16 16:50	65.335	65.370	65.280	65.370	5
2025-05-16 16:55	65.360	65.385	65.355	65.360	5
2025-05-16 17:00	65.355	65.355	65.225	65.225	5
2025-05-16 17:05	65.230	65.290	65.230	65.250	5
2025-05-16 17:10	65.245	65.310	65.235	65.310	5
2025-05-16 17:15	65.305	65.355	65.295	65.325	5
2025-05-16 17:20	65.320	65.355	65.305	65.340	5
2025-05-16 17:25	65.345	65.390	65.295	65.360	5
2025-05-16 17:30	65.355	65.375	65.295	65.315	5
2025-05-16 17:35	65.305	65.360	65.285	65.355	5
2025-05-16 17:40	65.360	65.435	65.355	65.425	5
2025-05-16 17:45	65.430	65.485	65.430	65.475	5
2025-05-16 17:50	65.465	65.485	65.445	65.485	5
2025-05-16 17:55	65.495	65.515	65.440	65.475	5
2025-05-16 18:00	65.465	65.525	65.465	65.475	5
2025-05-16 18:05	65.480	65.495	65.375	65.405	5
2025-05-16 18:10	65.395	65.455	65.385	65.405	5
2025-05-16 18:15	65.415	65.420	65.365	65.395	5
2025-05-16 18:20	65.405	65.405	65.315	65.365	5
2025-05-16 18:25	65.355	65.410	65.335	65.395	5
2025-05-16 18:30	65.385	65.450	65.370	65.450	5
2025-05-16 18:35	65.455	65.475	65.415	65.465	5
2025-05-16 18:40	65.475	65.480	65.450	65.465	5
2025-05-16 18:45	65.470	65.490	65.445	65.485	5
2025-05-16 18:50	65.475	65.475	65.385	65.410	4
2025-05-16 18:55	65.415	65.435	65.415	65.435	5
2025-05-16 19:00	65.425	65.435	65.385	65.385	5
2025-05-16 19:05	65.395	65.400	65.365	65.370	5
2025-05-16 19:10	65.365	65.375	65.335	65.350	4
2025-05-16 19:15	65.355	65.355	65.310	65.315	5
2025-05-16 19:20	65.310	65.330	65.305	65.325	5
2025-05-16 19:25	65.315	65.320	65.290	65.290	5
2025-05-16 19:30	65.295	65.305	65.275	65.305	5
2025-05-16 19:35	65.315	65.320	65.275	65.295	5
2025-05-16 19:40	65.290	65.315	65.285	65.305	5
2025-05-16 19:45	65.300	65.305	65.255	65.265	4
2025-05-16 19:50	65.255	65.265	65.225	65.240	5
2025-05-16 19:55	65.235	65.245	65.170	65.240	5
2025-05-16 20:00	65.220	65.220	65.177	65.204	5
2025-05-16 20:05	65.204	65.237	65.194	65.204	5
2025-05-16 20:10	65.204	65.264	65.194	65.257	5
2025-05-16 20:15	65.264	65.312	65.264	65.287	5
2025-05-16 20:20	65.284	65.284	65.243	65.267	4
2025-05-16 20:25	65.262	65.284	65.257	65.264	5
2025-05-16 20:30	65.267	65.267	65.222	65.244	5
2025-05-16 20:35	65.234	65.244	65.217	65.237	5
2025-05-16 20:40	65.232	65.257	65.227	65.257	5
2025-05-16 20:45	65.257	65.284	65.227	65.247	5
2025-05-16 20:50	65.244	65.367	65.244	65.324	5
2025-05-16 20:55	65.334	65.367	65.304	65.357	5
2025-05-19 00:00	65.487	65.510	65.365	65.390	5
2025-05-19 00:05	65.395	65.435	65.345	65.380	5
2025-05-19 00:10	65.370	65.410	65.335	65.390	5
2025-05-19 00:15	65.385	65.400	65.355	65.390	5
2025-05-19 00:20	65.385	65.385	65.325	65.330	5
2025-05-19 00:25	65.350	65.400	65.350	65.380	5
2025-05-19 00:30	65.385	65.405	65.350	65.400	5
2025-05-19 00:35	65.405	65.415	65.345	65.405	5
2025-05-19 00:40	65.400	65.415	65.380	65.390	5
2025-05-19 00:45	65.385	65.445	65.375	65.445	5
2025-05-19 00:50	65.450	65.450	65.345	65.350	5
2025-05-19 00:55	65.355	65.375	65.335	65.375	5
2025-05-19 01:00	65.380	65.450	65.310	65.390	5
2025-05-19 01:05	65.400	65.425	65.275	65.305	5
2025-05-19 01:10	65.315	65.360	65.295	65.345	5
2025-05-19 01:15	65.340	65.365	65.275	65.275	5
2025-05-19 01:20	65.280	65.285	65.230	65.240	5
2025-05-19 01:25	65.245	65.280	65.195	65.265	5
2025-05-19 01:30	65.260	65.270	65.225	65.265	5
2025-05-19 01:35	65.270	65.270	65.205	65.225	5
2025-05-19 01:40	65.230	65.235	65.150	65.150	5
2025-05-19 01:45	65.155	65.190	65.150	65.165	5
2025-05-19 01:50	65.155	65.205	65.145	65.190	5
2025-05-19 01:55	65.185	65.205	65.145	65.175	5
2025-05-19 02:00	65.180	65.245	65.135	65.235	5
2025-05-19 02:05	65.240	65.240	65.165	65.205	5
2025-05-19 02:10	65.210	65.265	65.205	65.240	5
2025-05-19 02:15	65.245	65.255	65.225	65.235	5
2025-05-19 02:20	65.240	65.255	65.230	65.240	5
2025-05-19 02:25	65.245	65.260	65.235	65.260	5
2025-05-19 02:30	65.265	65.275	65.155	65.195	5
2025-05-19 02:35	65.185	65.195	65.160	65.180	5
2025-05-19 02:40	65.190	65.250	65.190	65.245	5
2025-05-19 02:45	65.250	65.335	65.235	65.305	5
2025-05-19 02:50	65.310	65.315	65.210	65.215	5
2025-05-19 02:55	65.210	65.255	65.190	65.215	5
2025-05-19 03:00	65.220	65.240	65.200	65.220	5
2025-05-19 03:05	65.225	65.225	65.150	65.175	5
2025-05-19 03:10	65.170	65.190	65.155	65.175	5
2025-05-19 03:15	65.180	65.235	65.170	65.220	5
2025-05-19 03:20	65.225	65.245	65.180	65.190	5
2025-05-19 03:25	65.185	65.210	65.180	65.190	5
2025-05-19 03:30	65.185	65.185	65.120	65.145	5
2025-05-19 03:35	65.150	65.165	65.110	65.110	5
2025-05-19 03:40	65.115	65.175	65.106	65.170	5
2025-05-19 03:45	65.150	65.195	65.145	65.190	5
2025-05-19 03:50	65.195	65.195	65.140	65.150	5
2025-05-19 03:55	65.155	65.155	65.106	65.115	5
2025-05-19 04:00	65.120	65.145	65.106	65.125	5
2025-05-19 04:05	65.115	65.160	65.106	65.140	5
2025-05-19 04:10	65.145	65.145	65.106	65.135	5
2025-05-19 04:15	65.106	65.125	65.106	65.106	5
2025-05-19 04:20	65.106	65.205	65.106	65.160	5
2025-05-19 04:25	65.155	65.170	65.106	65.115	5
2025-05-19 04:30	65.125	65.125	65.106	65.106	5
2025-05-19 04:35	65.106	65.106	65.045	65.045	5
2025-05-19 04:40	65.050	65.050	65.020	65.020	5
2025-05-19 04:45	65.025	65.065	65.015	65.045	5
2025-05-19 04:50	65.055	65.055	65.015	65.030	5
2025-05-19 04:55	65.025	65.045	65.015	65.045	4
2025-05-19 05:00	65.055	65.105	65.050	65.090	4
2025-05-19 05:05	65.085	65.090	65.065	65.065	5
2025-05-19 05:10	65.070	65.075	65.005	65.015	5
2025-05-19 05:15	65.025	65.025	65.005	65.015	4
2025-05-19 05:20	65.010	65.050	65.005	65.050	4
2025-05-19 05:25	65.055	65.060	65.040	65.055	5
2025-05-19 05:30	65.060	65.065	65.020	65.060	5
2025-05-19 05:35	65.065	65.075	65.035	65.040	5
2025-05-19 05:40	65.035	65.085	65.035	65.085	5
2025-05-19 05:45	65.075	65.075	65.005	65.005	5
2025-05-19 05:50	65.010	65.060	65.005	65.030	5
2025-05-19 05:55	65.025	65.055	65.025	65.035	5
2025-05-19 06:00	65.040	65.045	64.940	64.975	5
2025-05-19 06:05	64.970	65.025	64.950	65.005	5
2025-05-19 06:10	65.015	65.020	64.970	64.980	5
2025-05-19 06:15	64.975	65.005	64.965	64.985	5
2025-05-19 06:20	64.980	64.985	64.945	64.955	5
2025-05-19 06:25	64.960	64.970	64.885	64.895	5
2025-05-19 06:30	64.890	64.895	64.795	64.805	5
2025-05-19 06:35	64.810	64.875	64.800	64.845	5
2025-05-19 06:40	64.855	64.865	64.815	64.825	5
2025-05-19 06:45	64.835	64.855	64.810	64.845	5
2025-05-19 06:50	64.850	64.910	64.840	64.880	5
2025-05-19 06:55	64.885	64.885	64.855	64.855	5
2025-05-19 07:00	64.845	64.850	64.775	64.795	5
2025-05-19 07:05	64.805	64.905	64.795	64.895	5
2025-05-19 07:10	64.900	64.965	64.865	64.960	5
2025-05-19 07:15	64.965	65.115	64.935	65.105	5
2025-05-19 07:20	65.085	65.095	65.005	65.015	5
2025-05-19 07:25	65.005	65.055	64.985	65.035	5
2025-05-19 07:30	65.040	65.120	65.040	65.065	5
2025-05-19 07:35	65.060	65.095	65.005	65.025	5
2025-05-19 07:40	65.040	65.070	64.975	65.045	5
2025-05-19 07:45	65.040	65.050	64.915	64.915	5
2025-05-19 07:50	64.925	65.045	64.904	65.035	5
2025-05-19 07:55	65.025	65.055	64.995	65.050	5
2025-05-19 08:00	65.035	65.115	64.945	64.980	5
2025-05-19 08:05	64.985	65.115	64.980	65.100	5
2025-05-19 08:10	65.105	65.115	65.025	65.075	5
2025-05-19 08:15	65.085	65.085	64.915	64.935	5
2025-05-19 08:20	64.955	64.965	64.905	64.935	5
2025-05-19 08:25	64.925	64.955	64.865	64.875	5
2025-05-19 08:30	64.870	64.925	64.850	64.925	5
2025-05-19 08:35	64.915	64.965	64.855	64.905	5
2025-05-19 08:40	64.895	64.925	64.835	64.895	5
2025-05-19 08:45	64.905	64.965	64.895	64.955	5
2025-05-19 08:50	64.960	64.965	64.885	64.910	4
2025-05-19 08:55	64.915	64.975	64.905	64.970	5
2025-05-19 09:00	64.975	65.055	64.935	65.045	5
2025-05-19 09:05	65.055	65.125	65.045	65.115	5
2025-05-19 09:10	65.135	65.155	65.075	65.085	5
2025-05-19 09:15	65.095	65.100	65.005	65.035	5
2025-05-19 09:20	65.045	65.095	65.025	65.035	5
2025-05-19 09:25	65.030	65.035	64.995	65.030	5
2025-05-19 09:30	65.035	65.165	65.035	65.055	5
2025-05-19 09:35	65.050	65.050	64.940	64.965	5
2025-05-19 09:40	64.956	64.970	64.925	64.956	5
2025-05-19 09:45	64.955	64.965	64.895	64.930	5
2025-05-19 09:50	64.935	64.945	64.875	64.900	5
2025-05-19 09:55	64.905	64.905	64.795	64.815	5
2025-05-19 10:00	64.810	64.830	64.685	64.685	5
2025-05-19 10:05	64.680	64.755	64.675	64.705	5
2025-05-19 10:10	64.700	64.700	64.605	64.635	5
2025-05-19 10:15	64.625	64.640	64.505	64.530	5
2025-05-19 10:20	64.525	64.595	64.515	64.525	5
2025-05-19 10:25	64.515	64.535	64.465	64.485	5
2025-05-19 10:30	64.475	64.565	64.410	64.555	5
2025-05-19 10:35	64.565	64.605	64.540	64.595	5
2025-05-19 10:40	64.605	64.655	64.595	64.625	5
2025-05-19 10:45	64.630	64.635	64.585	64.635	5
2025-05-19 10:50	64.645	64.645	64.575	64.595	5
2025-05-19 10:55	64.605	64.610	64.485	64.520	5
2025-05-19 11:00	64.525	64.575	64.525	64.525	5
2025-05-19 11:05	64.535	64.555	64.505	64.555	5
2025-05-19 11:10	64.575	64.595	64.555	64.585	5
2025-05-19 11:15	64.590	64.625	64.565	64.565	5
2025-05-19 11:20	64.575	64.665	64.575	64.665	5
2025-05-19 11:25	64.675	64.725	64.675	64.685	5
2025-05-19 11:30	64.680	64.785	64.675	64.775	5
2025-05-19 11:35	64.785	64.815	64.740	64.745	5
2025-05-19 11:40	64.755	64.815	64.725	64.805	5
2025-05-19 11:45	64.810	64.865	64.795	64.835	5
2025-05-19 11:50	64.845	64.855	64.785	64.785	5
2025-05-19 11:55	64.780	64.815	64.760	64.810	5
2025-05-19 12:00	64.815	64.915	64.790	64.895	5
2025-05-19 12:05	64.900	64.925	64.855	64.925	5
2025-05-19 12:10	64.920	64.925	64.845	64.915	5
2025-05-19 12:15	64.905	64.975	64.895	64.965	5
2025-05-19 12:20	64.955	65.010	64.945	64.995	5
2025-05-19 12:25	65.005	65.075	64.985	65.075	5
2025-05-19 12:30	65.065	65.085	65.035	65.060	5
2025-05-19 12:35	65.055	65.075	65.035	65.070	5
2025-05-19 12:40	65.065	65.225	65.065	65.150	5
2025-05-19 12:45	65.155	65.255	65.155	65.235	5
2025-05-19 12:50	65.225	65.290	65.225	65.255	5
2025-05-19 12:55	65.265	65.285	65.235	65.255	5
2025-05-19 13:00	65.260	65.365	65.095	65.095	5
2025-05-19 13:05	65.100	65.100	64.905	65.000	5
2025-05-19 13:10	64.995	65.110	64.986	65.045	5
2025-05-19 13:15	65.035	65.195	64.975	65.190	5
2025-05-19 13:20	65.185	65.235	65.155	65.235	5
2025-05-19 13:25	65.230	65.235	65.170	65.185	5
2025-05-19 13:30	65.195	65.215	65.125	65.135	5
2025-05-19 13:35	65.140	65.190	65.055	65.085	5
2025-05-19 13:40	65.070	65.100	64.995	65.065	5
2025-05-19 13:45	65.075	65.180	65.065	65.145	5
2025-05-19 13:50	65.150	65.195	65.075	65.155	5
2025-05-19 13:55	65.160	65.185	65.060	65.105	5
2025-05-19 14:00	65.080	65.150	65.040	65.145	5
2025-05-19 14:05	65.135	65.305	65.135	65.175	5
2025-05-19 14:10	65.170	65.335	65.165	65.325	5
2025-05-19 14:15	65.315	65.455	65.275	65.425	5
2025-05-19 14:20	65.415	65.425	65.355	65.415	5
2025-05-19 14:25	65.405	65.415	65.325	65.335	5
2025-05-19 14:30	65.345	65.440	65.345	65.385	5
2025-05-19 14:35	65.380	65.395	65.265	65.300	5
2025-05-19 14:40	65.305	65.315	65.235	65.255	5
2025-05-19 14:45	65.260	65.275	65.215	65.245	5
2025-05-19 14:50	65.235	65.335	65.190	65.260	5
2025-05-19 14:55	65.265	65.280	65.095	65.155	5
2025-05-19 15:00	65.160	65.305	65.135	65.295	5
2025-05-19 15:05	65.305	65.315	65.235	65.285	5
2025-05-19 15:10	65.290	65.445	65.284	65.385	5
2025-05-19 15:15	65.375	65.465	65.345	65.445	5
2025-05-19 15:20	65.450	65.455	65.365	65.405	5
2025-05-19 15:25	65.395	65.465	65.325	65.435	5
2025-05-19 15:30	65.430	65.450	65.345	65.395	5
2025-05-19 15:35	65.385	65.565	65.360	65.560	5
2025-05-19 15:40	65.565	65.625	65.535	65.615	5
2025-05-19 15:45	65.625	65.725	65.605	65.675	5
2025-05-19 15:50	65.680	65.770	65.645	65.765	5
2025-05-19 15:55	65.745	65.845	65.725	65.835	5
2025-05-19 16:00	65.845	65.905	65.775	65.865	5
2025-05-19 16:05	65.875	65.985	65.820	65.975	5
2025-05-19 16:10	65.965	65.985	65.955	65.956	5
2025-05-19 16:15	65.955	65.985	65.935	65.955	5
2025-05-19 16:20	65.945	65.965	65.905	65.925	5
2025-05-19 16:25	65.930	65.945	65.885	65.895	5
2025-05-19 16:30	65.900	65.955	65.895	65.925	5
2025-05-19 16:35	65.920	65.960	65.895	65.925	5
2025-05-19 16:40	65.915	65.945	65.376	65.635	5
2025-05-19 16:45	65.620	65.910	65.430	65.805	5
2025-05-19 16:50	65.795	65.875	65.705	65.740	5
2025-05-19 16:55	65.745	65.745	65.495	65.525	5
2025-05-19 17:00	65.515	65.535	65.375	65.425	5
2025-05-19 17:05	65.415	65.445	65.395	65.425	5
2025-05-19 17:10	65.415	65.455	65.350	65.435	5
2025-05-19 17:15	65.425	65.555	65.425	65.465	5
2025-05-19 17:20	65.475	65.510	65.435	65.475	5
2025-05-19 17:25	65.470	65.505	65.430	65.445	5
2025-05-19 17:30	65.440	65.445	65.095	65.310	5
2025-05-19 17:35	65.305	65.325	65.085	65.115	5
2025-05-19 17:40	65.125	65.155	64.925	64.985	5
2025-05-19 17:45	64.975	65.085	64.975	65.075	5
2025-05-19 17:50	65.065	65.115	64.975	64.975	5
2025-05-19 17:55	64.965	65.075	64.955	65.065	5
2025-05-19 18:00	65.070	65.195	65.035	65.135	5
2025-05-19 18:05	65.130	65.325	65.105	65.315	5
2025-05-19 18:10	65.310	65.485	65.295	65.475	5
2025-05-19 18:15	65.470	65.590	65.465	65.515	5
2025-05-19 18:20	65.525	65.575	65.515	65.545	5
2025-05-19 18:25	65.535	65.615	65.475	65.505	5
2025-05-19 18:30	65.485	65.520	65.370	65.375	5
2025-05-19 18:35	65.380	65.415	65.375	65.395	5
2025-05-19 18:40	65.405	65.405	65.345	65.350	5
2025-05-19 18:45	65.345	65.355	65.225	65.235	5
2025-05-19 18:50	65.225	65.250	65.215	65.235	5
2025-05-19 18:55	65.240	65.265	65.235	65.245	5
2025-05-19 19:00	65.235	65.275	65.185	65.205	5
2025-05-19 19:05	65.210	65.260	65.210	65.255	5
2025-05-19 19:10	65.245	65.265	65.235	65.245	5
2025-05-19 19:15	65.235	65.255	65.220	65.240	5
2025-05-19 19:20	65.245	65.360	65.240	65.345	5
2025-05-19 19:25	65.340	65.345	65.325	65.345	5
2025-05-19 19:30	65.340	65.345	65.325	65.335	5
2025-05-19 19:35	65.345	65.355	65.340	65.350	5
2025-05-19 19:40	65.345	65.365	65.340	65.350	5
2025-05-19 19:45	65.345	65.405	65.345	65.375	4
2025-05-19 19:50	65.380	65.435	65.375	65.435	5
2025-05-19 19:55	65.430	65.510	65.430	65.500	5
2025-05-19 20:00	65.477	65.504	65.473	65.502	4
2025-05-19 20:05	65.492	65.494	65.444	65.444	5
2025-05-19 20:10	65.442	65.467	65.442	65.454	5
2025-05-19 20:15	65.454	65.454	65.432	65.442	5
2025-05-19 20:20	65.423	65.454	65.423	65.444	5
2025-05-19 20:25	65.447	65.457	65.447	65.452	5
2025-05-19 20:30	65.452	65.462	65.444	65.454	4
2025-05-19 20:35	65.444	65.464	65.432	65.444	5
2025-05-19 20:40	65.442	65.464	65.438	65.457	5
2025-05-19 20:45	65.454	65.502	65.448	65.494	5
2025-05-19 20:50	65.502	65.527	65.457	65.494	5
2025-05-19 20:55	65.502	65.517	65.487	65.487	5
2025-05-20 00:00	65.572	65.625	65.530	65.615	5
2025-05-20 00:05	65.610	65.695	65.600	65.685	5
2025-05-20 00:10	65.690	65.690	65.650	65.650	5
2025-05-20 00:15	65.655	65.665	65.635	65.635	5
2025-05-20 00:20	65.645	65.665	65.640	65.655	4
2025-05-20 00:25	65.608	65.685	65.608	65.660	5
2025-05-20 00:30	65.650	65.650	65.545	65.585	5
2025-05-20 00:35	65.590	65.620	65.590	65.600	5
2025-05-20 00:40	65.595	65.615	65.575	65.580	5
2025-05-20 00:45	65.575	65.595	65.560	65.560	5
2025-05-20 00:50	65.565	65.585	65.560	65.560	5
2025-05-20 00:55	65.555	65.575	65.530	65.535	5
2025-05-20 01:00	65.530	65.540	65.400	65.450	5
2025-05-20 01:05	65.445	65.445	65.415	65.440	5
2025-05-20 01:10	65.445	65.475	65.430	65.465	5
2025-05-20 01:15	65.470	65.490	65.455	65.475	5
2025-05-20 01:20	65.480	65.485	65.380	65.385	5
2025-05-20 01:25	65.395	65.445	65.390	65.435	5
2025-05-20 01:30	65.440	65.525	65.435	65.520	5
2025-05-20 01:35	65.525	65.575	65.515	65.555	5
2025-05-20 01:40	65.545	65.550	65.420	65.455	5
2025-05-20 01:45	65.450	65.545	65.435	65.535	5
2025-05-20 01:50	65.530	65.540	65.520	65.535	5
2025-05-20 01:55	65.530	65.555	65.485	65.535	5
2025-05-20 02:00	65.545	65.600	65.540	65.590	5
2025-05-20 02:05	65.595	65.605	65.515	65.520	5
2025-05-20 02:10	65.525	65.535	65.475	65.485	5
2025-05-20 02:15	65.480	65.485	65.405	65.450	5
2025-05-20 02:20	65.445	65.455	65.410	65.445	5
2025-05-20 02:25	65.450	65.470	65.420	65.420	5
2025-05-20 02:30	65.425	65.425	65.375	65.395	4
2025-05-20 02:35	65.390	65.455	65.390	65.435	4
2025-05-20 02:40	65.425	65.440	65.405	65.420	5
2025-05-20 02:45	65.415	65.445	65.405	65.425	5
2025-05-20 02:50	65.430	65.435	65.375	65.385	4
2025-05-20 02:55	65.380	65.475	65.380	65.460	5
2025-05-20 03:00	65.455	65.465	65.415	65.455	5
2025-05-20 03:05	65.460	65.465	65.435	65.465	5
2025-05-20 03:10	65.455	65.495	65.445	65.470	5
2025-05-20 03:15	65.475	65.495	65.445	65.470	5
2025-05-20 03:20	65.475	65.500	65.460	65.480	5
2025-05-20 03:25	65.485	65.490	65.465	65.485	5
2025-05-20 03:30	65.490	65.495	65.440	65.475	5
2025-05-20 03:35	65.465	65.530	65.465	65.525	5
2025-05-20 03:40	65.530	65.550	65.525	65.540	5
2025-05-20 03:45	65.535	65.535	65.510	65.520	5
2025-05-20 03:50	65.515	65.525	65.500	65.520	5
2025-05-20 03:55	65.510	65.515	65.495	65.505	5
2025-05-20 04:00	65.500	65.505	65.475	65.475	5
2025-05-20 04:05	65.480	65.495	65.443	65.475	4
2025-05-20 04:10	65.465	65.475	65.445	65.450	4
2025-05-20 04:15	65.445	65.465	65.445	65.465	4
2025-05-20 04:20	65.455	65.460	65.415	65.435	5
2025-05-20 04:25	65.440	65.460	65.435	65.440	5
2025-05-20 04:30	65.445	65.445	65.360	65.390	5
2025-05-20 04:35	65.385	65.395	65.338	65.375	5
2025-05-20 04:40	65.365	65.390	65.365	65.375	5
2025-05-20 04:45	65.380	65.385	65.295	65.300	5
2025-05-20 04:50	65.295	65.310	65.285	65.300	5
2025-05-20 04:55	65.295	65.310	65.275	65.280	5
2025-05-20 05:00	65.285	65.320	65.285	65.305	5
2025-05-20 05:05	65.310	65.330	65.305	65.325	5
2025-05-20 05:10	65.330	65.330	65.315	65.315	5
2025-05-20 05:15	65.320	65.385	65.315	65.345	5
2025-05-20 05:20	65.350	65.350	65.315	65.325	5
2025-05-20 05:25	65.335	65.380	65.335	65.370	5
2025-05-20 05:30	65.375	65.385	65.340	65.345	5
2025-05-20 05:35	65.335	65.335	65.290	65.305	5
2025-05-20 05:40	65.300	65.305	65.245	65.245	5
2025-05-20 05:45	65.255	65.265	65.240	65.265	5
2025-05-20 05:50	65.255	65.270	65.255	65.265	5
2025-05-20 05:55	65.255	65.305	65.255	65.285	5
2025-05-20 06:00	65.280	65.315	65.235	65.310	5
2025-05-20 06:05	65.315	65.330	65.250	65.255	5
2025-05-20 06:10	65.260	65.310	65.240	65.290	5
2025-05-20 06:15	65.295	65.335	65.255	65.300	5
2025-05-20 06:20	65.305	65.305	65.205	65.215	5
2025-05-20 06:25	65.195	65.250	65.195	65.240	5
2025-05-20 06:30	65.235	65.295	65.225	65.260	5
2025-05-20 06:35	65.265	65.370	65.250	65.350	5
2025-05-20 06:40	65.345	65.345	65.300	65.325	5
2025-05-20 06:45	65.320	65.405	65.315	65.400	5
2025-05-20 06:50	65.405	65.475	65.395	65.475	5
2025-05-20 06:55	65.485	65.565	65.480	65.555	5
2025-05-20 07:00	65.535	65.555	65.485	65.525	5
2025-05-20 07:05	65.515	65.565	65.505	65.515	5
2025-05-20 07:10	65.505	65.525	65.435	65.450	5
2025-05-20 07:15	65.455	65.455	65.365	65.375	5
2025-05-20 07:20	65.365	65.375	65.265	65.270	5
2025-05-20 07:25	65.265	65.285	65.100	65.115	5
2025-05-20 07:30	65.125	65.180	65.105	65.125	5
2025-05-20 07:35	65.115	65.120	65.055	65.060	5
2025-05-20 07:40	65.065	65.065	64.985	65.005	5
2025-05-20 07:45	65.015	65.085	64.995	65.070	5
2025-05-20 07:50	65.065	65.125	65.055	65.095	5
2025-05-20 07:55	65.105	65.105	65.015	65.015	5
2025-05-20 08:00	65.030	65.095	65.016	65.055	5
2025-05-20 08:05	65.065	65.975	65.045	65.650	5
2025-05-20 08:10	65.655	65.735	65.455	65.510	5
2025-05-20 08:15	65.515	65.545	65.235	65.345	5
2025-05-20 08:20	65.360	65.405	65.275	65.405	5
2025-05-20 08:25	65.395	65.550	65.375	65.475	5
2025-05-20 08:30	65.465	65.600	65.390	65.410	5
2025-05-20 08:35	65.405	65.415	65.375	65.390	5
2025-05-20 08:40	65.385	65.525	65.370	65.505	5
2025-05-20 08:45	65.495	65.505	65.365	65.465	5
2025-05-20 08:50	65.480	65.545	65.465	65.525	5
2025-05-20 08:55	65.535	65.535	65.395	65.420	5
2025-05-20 09:00	65.425	65.465	65.205	65.225	5
2025-05-20 09:05	65.220	65.415	65.220	65.410	5
2025-05-20 09:10	65.405	65.415	65.310	65.335	5
2025-05-20 09:15	65.325	65.425	65.295	65.385	5
2025-05-20 09:20	65.380	65.385	65.290	65.325	5
2025-05-20 09:25	65.320	65.345	65.266	65.285	5
2025-05-20 09:30	65.275	65.455	65.270	65.455	5
2025-05-20 09:35	65.450	65.455	65.375	65.410	5
2025-05-20 09:40	65.405	65.455	65.365	65.405	5
2025-05-20 09:45	65.410	65.500	65.405	65.495	5
2025-05-20 09:50	65.475	65.565	65.465	65.565	5
2025-05-20 09:55	65.545	65.555	65.345	65.365	5
2025-05-20 10:00	65.370	65.415	65.340	65.355	5
2025-05-20 10:05	65.365	65.375	65.305	65.345	5
2025-05-20 10:10	65.355	65.365	65.285	65.315	5
2025-05-20 10:15	65.325	65.375	65.310	65.315	5
2025-05-20 10:20	65.325	65.415	65.315	65.385	5
2025-05-20 10:25	65.390	65.425	65.365	65.405	5
2025-05-20 10:30	65.415	65.415	65.310	65.335	5
2025-05-20 10:35	65.325	65.395	65.325	65.395	5
2025-05-20 10:40	65.390	65.475	65.365	65.455	5
2025-05-20 10:45	65.445	65.475	65.425	65.465	5
2025-05-20 10:50	65.455	65.475	65.365	65.375	5
2025-05-20 10:55	65.385	65.415	65.365	65.365	5
2025-05-20 11:00	65.355	65.475	65.335	65.455	5
2025-05-20 11:05	65.445	65.450	65.305	65.305	5
2025-05-20 11:10	65.285	65.295	65.205	65.235	5
2025-05-20 11:15	65.250	65.260	65.115	65.165	5
2025-05-20 11:20	65.155	65.200	65.145	65.165	5
2025-05-20 11:25	65.160	65.175	65.145	65.145	5
2025-05-20 11:30	65.135	65.205	65.115	65.195	5
2025-05-20 11:35	65.175	65.225	65.165	65.210	5
2025-05-20 11:40	65.215	65.245	65.165	65.175	5
2025-05-20 11:45	65.180	65.195	65.140	65.175	4
2025-05-20 11:50	65.165	65.245	65.135	65.185	5
2025-05-20 11:55	65.180	65.230	65.160	65.165	5
2025-05-20 12:00	65.175	65.285	65.170	65.275	5
2025-05-20 12:05	65.265	65.315	65.255	65.305	4
2025-05-20 12:10	65.295	65.345	65.285	65.335	5
2025-05-20 12:15	65.325	65.335	65.215	65.240	5
2025-05-20 12:20	65.245	65.295	65.245	65.265	5
2025-05-20 12:25	65.275	65.345	65.260	65.305	5
2025-05-20 12:30	65.315	65.320	65.255	65.295	5
2025-05-20 12:35	65.285	65.305	65.255	65.255	5
2025-05-20 12:40	65.250	65.270	65.215	65.255	5
2025-05-20 12:45	65.250	65.265	65.185	65.245	5
2025-05-20 12:50	65.240	65.325	65.240	65.325	5
2025-05-20 12:55	65.330	65.365	65.310	65.345	5
2025-05-20 13:00	65.340	65.545	65.340	65.495	5
2025-05-20 13:05	65.485	65.535	65.445	65.515	5
2025-05-20 13:10	65.525	65.590	65.485	65.585	5
2025-05-20 13:15	65.580	65.625	65.540	65.615	5
2025-05-20 13:20	65.610	65.630	65.495	65.555	5
2025-05-20 13:25	65.550	65.560	65.405	65.405	5
2025-05-20 13:30	65.410	65.410	65.145	65.155	5
2025-05-20 13:35	65.150	65.150	65.027	65.027	5
2025-05-20 13:40	65.027	65.095	64.945	65.046	5
2025-05-20 13:45	65.055	65.125	64.995	64.995	5
2025-05-20 13:50	65.005	65.065	64.910	65.040	5
2025-05-20 13:55	65.035	65.085	65.015	65.050	5
2025-05-20 14:00	65.070	65.265	65.070	65.155	5
2025-05-20 14:05	65.145	65.185	64.960	64.985	5
2025-05-20 14:10	64.980	65.055	64.970	65.030	5
2025-05-20 14:15	65.025	65.105	64.970	65.100	5
2025-05-20 14:20	65.095	65.145	65.075	65.120	5
2025-05-20 14:25	65.115	65.140	65.105	65.115	5
2025-05-20 14:30	65.110	65.215	65.105	65.135	5
2025-05-20 14:35	65.145	65.235	65.130	65.235	5
2025-05-20 14:40	65.225	65.235	65.135	65.135	5
2025-05-20 14:45	65.145	65.225	65.125	65.145	5
2025-05-20 14:50	65.155	65.225	65.100	65.155	5
2025-05-20 14:55	65.150	65.165	65.065	65.105	5
2025-05-20 15:00	65.100	65.185	65.065	65.165	5
2025-05-20 15:05	65.175	65.200	65.140	65.165	5
2025-05-20 15:10	65.160	65.205	65.075	65.205	5
2025-05-20 15:15	65.215	65.215	65.045	65.070	5
2025-05-20 15:20	65.065	65.115	65.045	65.050	5
2025-05-20 15:25	65.045	65.130	65.025	65.085	5
2025-05-20 15:30	65.075	65.080	64.845	65.005	5
2025-05-20 15:35	64.995	65.085	64.975	65.025	5
2025-05-20 15:40	65.020	65.085	65.010	65.035	5
2025-05-20 15:45	65.040	65.075	64.980	65.005	5
2025-05-20 15:50	65.015	65.045	64.955	64.995	5
2025-05-20 15:55	64.985	65.045	64.975	65.035	5
2025-05-20 16:00	65.025	65.055	64.945	64.955	5
2025-05-20 16:05	64.965	65.105	64.965	65.095	5
2025-05-20 16:10	65.105	65.195	65.095	65.175	5
2025-05-20 16:15	65.185	65.315	65.165	65.315	5
2025-05-20 16:20	65.320	65.355	65.295	65.345	5
2025-05-20 16:25	65.340	65.435	65.315	65.435	5
2025-05-20 16:30	65.440	65.560	65.440	65.465	5
2025-05-20 16:35	65.460	65.500	65.460	65.485	5
2025-05-20 16:40	65.495	65.675	65.490	65.635	5
2025-05-20 16:45	65.645	65.655	65.575	65.585	5
2025-05-20 16:50	65.590	65.615	65.485	65.505	5
2025-05-20 16:55	65.495	65.635	65.495	65.605	5
2025-05-20 17:00	65.610	65.715	65.576	65.675	5
2025-05-20 17:05	65.665	65.710	65.665	65.695	5
2025-05-20 17:10	65.700	65.705	65.660	65.685	5
2025-05-20 17:15	65.690	65.695	65.635	65.655	5
2025-05-20 17:20	65.660	65.660	65.605	65.625	5
2025-05-20 17:25	65.630	65.675	65.625	65.645	5
2025-05-20 17:30	65.655	65.665	65.560	65.590	5
2025-05-20 17:35	65.585	65.615	65.555	65.555	5
2025-05-20 17:40	65.560	65.585	65.545	65.565	5
2025-05-20 17:45	65.555	65.555	65.455	65.475	5
2025-05-20 17:50	65.465	65.470	65.340	65.375	5
2025-05-20 17:55	65.380	65.415	65.375	65.395	5
2025-05-20 18:00	65.390	65.390	65.295	65.355	5
2025-05-20 18:05	65.360	65.365	65.325	65.335	5
2025-05-20 18:10	65.330	65.395	65.265	65.365	5
2025-05-20 18:15	65.375	65.420	65.330	65.420	5
2025-05-20 18:20	65.425	65.445	65.365	65.375	5
2025-05-20 18:25	65.380	65.400	65.335	65.365	5
2025-05-20 18:30	65.355	65.390	65.335	65.340	5
2025-05-20 18:35	65.345	65.395	65.325	65.375	5
2025-05-20 18:40	65.380	65.495	65.375	65.475	5
2025-05-20 18:45	65.480	65.505	65.455	65.475	5
2025-05-20 18:50	65.485	65.555	65.475	65.515	5
2025-05-20 18:55	65.525	65.555	65.515	65.550	4
2025-05-20 19:00	65.545	65.580	65.530	65.555	5
2025-05-20 19:05	65.550	65.565	65.535	65.565	5
2025-05-20 19:10	65.570	65.615	65.555	65.590	5
2025-05-20 19:15	65.585	65.615	65.585	65.615	5
2025-05-20 19:20	65.620	65.635	65.615	65.625	5
2025-05-20 19:25	65.630	65.635	65.585	65.605	5
2025-05-20 19:30	65.610	65.625	65.600	65.615	4
2025-05-20 19:35	65.610	65.625	65.610	65.610	5
2025-05-20 19:40	65.615	65.620	65.585	65.590	5
2025-05-20 19:45	65.595	65.615	65.585	65.615	5
2025-05-20 19:50	65.610	65.625	65.605	65.615	5
2025-05-20 19:55	65.610	65.665	65.605	65.635	5
2025-05-20 20:00	65.614	65.622	65.604	65.607	5
2025-05-20 20:05	65.602	65.614	65.583	65.614	4
2025-05-20 20:10	65.612	65.617	65.604	65.617	4
2025-05-20 20:15	65.598	65.644	65.598	65.637	5
2025-05-20 20:20	65.644	65.657	65.632	65.637	5
2025-05-20 20:25	65.618	65.657	65.618	65.657	5
2025-05-20 20:30	65.654	65.667	65.487	65.494	5
2025-05-20 20:35	65.492	65.554	65.474	65.554	5
2025-05-20 20:40	65.557	65.597	65.557	65.587	5
2025-05-20 20:45	65.582	65.617	65.567	65.577	5
2025-05-20 20:50	65.587	65.597	65.567	65.587	4
2025-05-20 20:55	65.592	65.592	65.567	65.577	5
2025-05-21 00:00	66.237	66.350	66.125	66.215	5
2025-05-21 00:05	66.210	66.395	66.190	66.295	5
2025-05-21 00:10	66.310	66.390	66.295	66.390	5
2025-05-21 00:15	66.395	66.400	66.235	66.275	5
2025-05-21 00:20	66.280	66.355	66.230	66.330	5
2025-05-21 00:25	66.335	66.400	66.285	66.285	5
2025-05-21 00:30	66.295	66.385	66.285	66.360	5
2025-05-21 00:35	66.355	66.375	66.310	66.325	5
2025-05-21 00:40	66.330	66.420	66.270	66.305	5
2025-05-21 00:45	66.300	66.330	66.230	66.285	5
2025-05-21 00:50	66.290	66.310	66.250	66.310	5
2025-05-21 00:55	66.305	66.345	66.255	66.255	5
2025-05-21 01:00	66.230	66.250	66.085	66.135	5
2025-05-21 01:05	66.125	66.220	66.075	66.205	5
2025-05-21 01:10	66.210	66.325	66.175	66.205	5
2025-05-21 01:15	66.200	66.240	66.180	66.225	5
2025-05-21 01:20	66.230	66.255	66.175	66.205	5
2025-05-21 01:25	66.200	66.295	66.200	66.290	5
2025-05-21 01:30	66.295	66.335	66.285	66.325	5
2025-05-21 01:35	66.320	66.395	66.310	66.370	5
2025-05-21 01:40	66.365	66.415	66.320	66.410	5
2025-05-21 01:45	66.415	66.515	66.380	66.510	5
2025-05-21 01:50	66.515	66.575	66.495	66.535	5
2025-05-21 01:55	66.540	66.545	66.395	66.410	5
2025-05-21 02:00	66.405	66.450	66.370	66.420	5
2025-05-21 02:05	66.430	66.475	66.390	66.445	5
2025-05-21 02:10	66.440	66.495	66.440	66.485	5
2025-05-21 02:15	66.480	66.540	66.465	66.540	5
2025-05-21 02:20	66.545	66.550	66.525	66.535	5
2025-05-21 02:25	66.525	66.525	66.460	66.485	5
2025-05-21 02:30	66.475	66.475	66.415	66.445	5
2025-05-21 02:35	66.435	66.450	66.400	66.400	5
2025-05-21 02:40	66.395	66.410	66.375	66.395	5
2025-05-21 02:45	66.400	66.415	66.325	66.325	5
2025-05-21 02:50	66.320	66.325	66.245	66.270	5
2025-05-21 02:55	66.275	66.385	66.275	66.360	5
2025-05-21 03:00	66.355	66.390	66.340	66.365	5
2025-05-21 03:05	66.370	66.375	66.320	66.335	5
2025-05-21 03:10	66.330	66.410	66.325	66.355	5
2025-05-21 03:15	66.365	66.380	66.340	66.345	5
2025-05-21 03:20	66.340	66.375	66.340	66.355	5
2025-05-21 03:25	66.350	66.375	66.335	66.350	5
2025-05-21 03:30	66.345	66.360	66.295	66.355	5
2025-05-21 03:35	66.340	66.345	66.315	66.315	5
2025-05-21 03:40	66.320	66.335	66.305	66.315	5
2025-05-21 03:45	66.325	66.335	66.285	66.295	5
2025-05-21 03:50	66.290	66.315	66.275	66.305	5
2025-05-21 03:55	66.315	66.355	66.315	66.340	5
2025-05-21 04:00	66.335	66.345	66.320	66.335	5
2025-05-21 04:05	66.340	66.400	66.335	66.400	5
2025-05-21 04:10	66.395	66.435	66.395	66.415	5
2025-05-21 04:15	66.420	66.490	66.415	66.485	5
2025-05-21 04:20	66.495	66.565	66.485	66.565	5
2025-05-21 04:25	66.570	66.610	66.540	66.600	5
2025-05-21 04:30	66.605	66.615	66.545	66.545	5
2025-05-21 04:35	66.540	66.565	66.525	66.540	5
2025-05-21 04:40	66.545	66.545	66.515	66.520	5
2025-05-21 04:45	66.525	66.545	66.470	66.480	5
2025-05-21 04:50	66.485	66.485	66.400	66.450	5
2025-05-21 04:55	66.455	66.465	66.380	66.425	5
2025-05-21 05:00	66.435	66.465	66.435	66.445	4
2025-05-21 05:05	66.455	66.455	66.390	66.400	5
2025-05-21 05:10	66.405	66.420	66.395	66.420	5
2025-05-21 05:15	66.405	66.440	66.380	66.435	5
2025-05-21 05:20	66.440	66.475	66.425	66.445	5
2025-05-21 05:25	66.450	66.485	66.440	66.475	5
2025-05-21 05:30	66.470	66.475	66.275	66.290	5
2025-05-21 05:35	66.295	66.365	66.275	66.365	5
2025-05-21 05:40	66.370	66.415	66.335	66.335	5
2025-05-21 05:45	66.345	66.365	66.315	66.330	5
2025-05-21 05:50	66.325	66.375	66.305	66.330	5
2025-05-21 05:55	66.335	66.400	66.298	66.310	5
2025-05-21 06:00	66.315	66.320	66.165	66.185	5
2025-05-21 06:05	66.175	66.210	66.140	66.140	5
2025-05-21 06:10	66.155	66.165	66.040	66.095	5
2025-05-21 06:15	66.105	66.115	66.005	66.045	5
2025-05-21 06:20	66.030	66.045	65.975	66.025	5
2025-05-21 06:25	66.035	66.065	66.020	66.045	5
2025-05-21 06:30	66.035	66.060	66.015	66.020	5
2025-05-21 06:35	66.015	66.070	66.010	66.040	5
2025-05-21 06:40	66.045	66.065	66.035	66.065	5
2025-05-21 06:45	66.070	66.165	66.065	66.125	5
2025-05-21 06:50	66.120	66.195	66.120	66.135	5
2025-05-21 06:55	66.145	66.145	66.095	66.125	5
2025-05-21 07:00	66.110	66.160	66.015	66.055	5
2025-05-21 07:05	66.045	66.065	65.935	66.005	5
2025-05-21 07:10	65.995	66.075	65.995	66.045	5
2025-05-21 07:15	66.050	66.095	66.035	66.055	5
2025-05-21 07:20	66.065	66.135	66.045	66.130	5
2025-05-21 07:25	66.125	66.125	66.040	66.070	5
2025-05-21 07:30	66.075	66.085	66.020	66.075	5
2025-05-21 07:35	66.070	66.110	66.010	66.010	5
2025-05-21 07:40	66.015	66.050	65.985	66.025	5
2025-05-21 07:45	66.040	66.105	66.016	66.095	5
2025-05-21 07:50	66.105	66.235	66.095	66.215	5
2025-05-21 07:55	66.225	66.275	66.175	66.215	5
2025-05-21 08:00	66.240	66.250	66.110	66.215	5
2025-05-21 08:05	66.210	66.265	66.105	66.115	5
2025-05-21 08:10	66.125	66.215	66.115	66.145	5
2025-05-21 08:15	66.150	66.220	66.135	66.175	5
2025-05-21 08:20	66.185	66.205	66.135	66.145	5
2025-05-21 08:25	66.155	66.290	66.155	66.190	5
2025-05-21 08:30	66.190	66.295	66.175	66.205	5
2025-05-21 08:35	66.195	66.265	66.175	66.235	5
2025-05-21 08:40	66.245	66.265	66.135	66.165	5
2025-05-21 08:45	66.170	66.195	66.135	66.165	5
2025-05-21 08:50	66.160	66.245	66.145	66.240	5
2025-05-21 08:55	66.235	66.335	66.125	66.135	5
2025-05-21 09:00	66.125	66.325	66.075	66.305	5
2025-05-21 09:05	66.315	66.335	66.185	66.315	5
2025-05-21 09:10	66.305	66.350	66.255	66.330	5
2025-05-21 09:15	66.335	66.410	66.325	66.410	5
2025-05-21 09:20	66.415	66.435	66.385	66.415	5
2025-05-21 09:25	66.405	66.415	66.365	66.385	5
2025-05-21 09:30	66.375	66.405	66.345	66.395	5
2025-05-21 09:35	66.390	66.395	66.315	66.340	5
2025-05-21 09:40	66.335	66.335	66.120	66.135	5
2025-05-21 09:45	66.130	66.150	66.085	66.125	5
2025-05-21 09:50	66.115	66.120	66.035	66.055	5
2025-05-21 09:55	66.060	66.150	66.060	66.145	5
2025-05-21 10:00	66.135	66.215	66.125	66.154	5
2025-05-21 10:05	66.144	66.185	66.104	66.165	5
2025-05-21 10:10	66.175	66.175	66.135	66.145	5
2025-05-21 10:15	66.140	66.175	66.135	66.145	5
2025-05-21 10:20	66.165	66.165	66.075	66.105	5
2025-05-21 10:25	66.110	66.115	66.015	66.025	5
2025-05-21 10:30	66.010	66.010	65.895	65.935	5
2025-05-21 10:35	65.950	65.965	65.925	65.935	5
2025-05-21 10:40	65.930	65.955	65.875	65.885	5
2025-05-21 10:45	65.875	65.910	65.825	65.865	5
2025-05-21 10:50	65.855	65.905	65.855	65.895	5
2025-05-21 10:55	65.885	65.925	65.855	65.860	5
2025-05-21 11:00	65.865	65.935	65.850	65.865	5
2025-05-21 11:05	65.860	65.895	65.835	65.885	5
2025-05-21 11:10	65.880	65.915	65.830	65.840	5
2025-05-21 11:15	65.835	65.865	65.795	65.825	5
2025-05-21 11:20	65.820	65.885	65.805	65.875	5
2025-05-21 11:25	65.855	65.945	65.855	65.915	5
2025-05-21 11:30	65.910	65.945	65.795	65.805	5
2025-05-21 11:35	65.795	65.820	65.785	65.810	5
2025-05-21 11:40	65.805	65.875	65.785	65.865	5
2025-05-21 11:45	65.860	65.895	65.790	65.795	5
2025-05-21 11:50	65.790	65.815	65.755	65.796	5
2025-05-21 11:55	65.805	65.905	65.796	65.895	5
2025-05-21 12:00	65.890	66.025	65.864	66.005	5
2025-05-21 12:05	66.015	66.160	66.015	66.145	5
2025-05-21 12:10	66.150	66.275	66.135	66.235	5
2025-05-21 12:15	66.240	66.275	66.230	66.255	5
2025-05-21 12:20	66.245	66.265	66.215	66.255	5
2025-05-21 12:25	66.250	66.275	66.200	66.215	5
2025-05-21 12:30	66.206	66.225	66.125	66.140	5
2025-05-21 12:35	66.145	66.165	66.115	66.155	5
2025-05-21 12:40	66.160	66.185	66.135	66.175	5
2025-05-21 12:45	66.185	66.185	66.095	66.135	5
2025-05-21 12:50	66.140	66.175	66.095	66.145	5
2025-05-21 12:55	66.150	66.155	66.060	66.115	5
2025-05-21 13:00	66.120	66.155	65.915	65.920	5
2025-05-21 13:05	65.925	66.035	65.915	65.975	5
2025-05-21 13:10	65.965	66.035	65.965	66.035	5
2025-05-21 13:15	66.045	66.135	65.995	66.015	5
2025-05-21 13:20	66.005	66.025	65.915	65.975	5
2025-05-21 13:25	65.970	66.025	65.925	65.995	5
2025-05-21 13:30	65.986	65.995	65.785	65.805	5
2025-05-21 13:35	65.815	65.845	65.695	65.710	5
2025-05-21 13:40	65.715	65.795	65.706	65.725	5
2025-05-21 13:45	65.735	65.835	65.700	65.805	5
2025-05-21 13:50	65.800	65.855	65.800	65.825	5
2025-05-21 13:55	65.830	65.895	65.775	65.785	5
2025-05-21 14:00	65.794	65.825	65.585	65.625	5
2025-05-21 14:05	65.635	65.655	65.585	65.605	5
2025-05-21 14:10	65.600	65.635	65.415	65.575	5
2025-05-21 14:15	65.585	65.665	65.565	65.645	5
2025-05-21 14:20	65.635	65.750	65.615	65.675	5
2025-05-21 14:25	65.685	65.880	65.670	65.855	5
2025-05-21 14:30	65.727	65.775	65.295	65.350	5
2025-05-21 14:35	65.345	65.365	65.235	65.305	5
2025-05-21 14:40	65.315	65.425	65.265	65.315	5
2025-05-21 14:45	65.330	65.435	65.325	65.335	5
2025-05-21 14:50	65.345	65.390	65.265	65.385	5
2025-05-21 14:55	65.375	65.425	65.235	65.250	5
2025-05-21 15:00	65.245	65.415	65.180	65.230	5
2025-05-21 15:05	65.235	65.245	65.070	65.145	5
2025-05-21 15:10	65.140	65.165	65.075	65.100	5
2025-05-21 15:15	65.105	65.125	65.035	65.060	5
2025-05-21 15:20	65.055	65.140	65.025	65.090	5
2025-05-21 15:25	65.095	65.125	65.035	65.100	5
2025-05-21 15:30	65.095	65.205	65.040	65.095	5
2025-05-21 15:35	65.100	65.165	65.055	65.155	5
2025-05-21 15:40	65.165	65.175	64.945	64.945	5
2025-05-21 15:45	64.955	65.045	64.955	65.015	5
2025-05-21 15:50	65.005	65.185	65.005	65.165	5
2025-05-21 15:55	65.175	65.275	65.075	65.075	5
2025-05-21 16:00	65.065	65.170	65.065	65.165	5
2025-05-21 16:05	65.175	65.175	64.635	64.860	5
2025-05-21 16:10	64.855	64.975	64.775	64.810	5
2025-05-21 16:15	64.815	64.865	64.780	64.835	5
2025-05-21 16:20	64.845	64.926	64.815	64.915	5
2025-05-21 16:25	64.925	64.985	64.865	64.865	5
2025-05-21 16:30	64.855	65.055	64.855	65.055	5
2025-05-21 16:35	65.050	65.055	64.960	65.015	5
2025-05-21 16:40	65.025	65.100	65.025	65.076	5
2025-05-21 16:45	65.085	65.170	65.055	65.135	5
2025-05-21 16:50	65.145	65.175	65.105	65.135	5
2025-05-21 16:55	65.145	65.275	65.100	65.245	5
2025-05-21 17:00	65.235	65.305	65.225	65.275	5
2025-05-21 17:05	65.280	65.280	65.210	65.235	5
2025-05-21 17:10	65.240	65.410	65.205	65.315	5
2025-05-21 17:15	65.305	65.390	65.035	65.120	5
2025-05-21 17:20	65.115	65.145	64.970	64.975	5
2025-05-21 17:25	64.980	64.990	64.766	64.795	5
2025-05-21 17:30	64.785	65.015	64.735	64.975	5
2025-05-21 17:35	64.980	65.030	64.935	65.020	5
2025-05-21 17:40	65.025	65.035	64.910	64.940	5
2025-05-21 17:45	64.935	65.015	64.920	64.925	5
2025-05-21 17:50	64.915	64.995	64.895	64.995	5
2025-05-21 17:55	64.986	65.000	64.925	64.945	5
2025-05-21 18:00	64.940	64.950	64.855	64.885	5
2025-05-21 18:05	64.880	64.955	64.835	64.875	5
2025-05-21 18:10	64.865	64.905	64.826	64.835	5
2025-05-21 18:15	64.830	64.845	64.745	64.770	5
2025-05-21 18:20	64.775	64.855	64.755	64.830	5
2025-05-21 18:25	64.825	64.925	64.785	64.895	5
2025-05-21 18:30	64.905	64.905	64.835	64.835	5
2025-05-21 18:35	64.845	64.905	64.825	64.825	5
2025-05-21 18:40	64.835	64.905	64.815	64.890	5
2025-05-21 18:45	64.885	64.900	64.830	64.845	5
2025-05-21 18:50	64.840	64.855	64.815	64.830	5
2025-05-21 18:55	64.825	64.860	64.825	64.855	5
2025-05-21 19:00	64.850	64.865	64.815	64.815	5
2025-05-21 19:05	64.810	64.835	64.755	64.770	5
2025-05-21 19:10	64.765	64.780	64.685	64.780	5
2025-05-21 19:15	64.785	64.790	64.740	64.755	5
2025-05-21 19:20	64.760	64.760	64.715	64.720	5
2025-05-21 19:25	64.715	64.735	64.680	64.715	5
2025-05-21 19:30	64.725	64.795	64.715	64.785	5
2025-05-21 19:35	64.795	64.815	64.775	64.815	5
2025-05-21 19:40	64.825	64.875	64.825	64.865	5
2025-05-21 19:45	64.860	64.870	64.790	64.790	5
2025-05-21 19:50	64.795	64.805	64.610	64.615	5
2025-05-21 19:55	64.620	64.640	64.605	64.620	5
2025-05-21 20:00	64.625	64.640	64.582	64.592	5
2025-05-21 20:05	64.594	64.607	64.582	64.607	5
2025-05-21 20:10	64.602	64.604	64.592	64.592	5
2025-05-21 20:15	64.594	64.652	64.592	64.637	5
2025-05-21 20:20	64.634	64.637	64.622	64.632	4
2025-05-21 20:25	64.622	64.632	64.608	64.622	5
2025-05-21 20:30	64.622	64.634	64.584	64.607	5
2025-05-21 20:35	64.614	64.614	64.602	64.602	4
2025-05-21 20:40	64.607	64.627	64.602	64.622	4
2025-05-21 20:45	64.617	64.634	64.602	64.627	5
2025-05-21 20:50	64.624	64.627	64.604	64.607	5
2025-05-21 20:55	64.604	64.617	64.588	64.604	5
2025-05-22 00:00	64.624	64.700	64.545	64.550	5
2025-05-22 00:05	64.540	64.615	64.520	64.590	5
2025-05-22 00:10	64.595	64.625	64.560	64.565	5
2025-05-22 00:15	64.555	64.585	64.530	64.580	5
2025-05-22 00:20	64.575	64.630	64.570	64.590	5
2025-05-22 00:25	64.585	64.590	64.525	64.530	5
2025-05-22 00:30	64.535	64.565	64.525	64.540	5
2025-05-22 00:35	64.545	64.575	64.530	64.545	5
2025-05-22 00:40	64.540	64.565	64.540	64.565	3
2025-05-22 00:45	64.555	64.565	64.525	64.525	5
2025-05-22 00:50	64.530	64.545	64.495	64.495	5
2025-05-22 00:55	64.500	64.570	64.495	64.565	5
2025-05-22 01:00	64.560	64.675	64.450	64.570	5
2025-05-22 01:05	64.560	64.620	64.540	64.555	5
2025-05-22 01:10	64.550	64.565	64.495	64.540	5
2025-05-22 01:15	64.535	64.575	64.495	64.510	5
2025-05-22 01:20	64.515	64.520	64.465	64.510	5
2025-05-22 01:25	64.515	64.520	64.495	64.510	5
2025-05-22 01:30	64.505	64.580	64.495	64.580	5
2025-05-22 01:35	64.575	64.610	64.535	64.545	5
2025-05-22 01:40	64.555	64.620	64.555	64.600	5
2025-05-22 01:45	64.605	64.630	64.580	64.580	5
2025-05-22 01:50	64.575	64.645	64.545	64.640	5
2025-05-22 01:55	64.635	64.695	64.635	64.685	5
2025-05-22 02:00	64.690	64.750	64.680	64.735	5
2025-05-22 02:05	64.740	64.795	64.715	64.765	5
2025-05-22 02:10	64.770	64.785	64.715	64.725	5
2025-05-22 02:15	64.730	64.755	64.725	64.725	5
2025-05-22 02:20	64.735	64.745	64.715	64.740	5
2025-05-22 02:25	64.745	64.775	64.745	64.765	5
2025-05-22 02:30	64.755	64.775	64.745	64.765	5
2025-05-22 02:35	64.770	64.770	64.745	64.750	5
2025-05-22 02:40	64.755	64.795	64.740	64.780	5
2025-05-22 02:45	64.785	64.855	64.785	64.800	5
2025-05-22 02:50	64.795	64.815	64.790	64.800	5
2025-05-22 02:55	64.795	64.825	64.785	64.825	5
2025-05-22 03:00	64.845	64.865	64.835	64.835	5
2025-05-22 03:05	64.825	64.835	64.800	64.800	4
2025-05-22 03:10	64.805	64.880	64.800	64.855	5
2025-05-22 03:15	64.865	64.925	64.865	64.905	5
2025-05-22 03:20	64.895	64.895	64.870	64.885	5
2025-05-22 03:25	64.895	64.905	64.840	64.860	5
2025-05-22 03:30	64.855	64.875	64.845	64.860	5
2025-05-22 03:35	64.855	64.860	64.780	64.805	4
2025-05-22 03:40	64.795	64.850	64.795	64.845	5
2025-05-22 03:45	64.840	64.845	64.795	64.800	5
2025-05-22 03:50	64.795	64.845	64.795	64.800	5
2025-05-22 03:55	64.805	64.825	64.795	64.820	5
2025-05-22 04:00	64.825	64.850	64.815	64.850	5
2025-05-22 04:05	64.855	64.865	64.808	64.865	5
2025-05-22 04:10	64.860	64.885	64.855	64.885	3
2025-05-22 04:15	64.890	64.925	64.858	64.925	5
2025-05-22 04:20	64.920	64.925	64.858	64.895	4
2025-05-22 04:25	64.890	64.925	64.890	64.895	4
2025-05-22 04:30	64.848	64.920	64.848	64.920	5
2025-05-22 04:35	64.925	64.925	64.875	64.910	5
2025-05-22 04:40	64.915	64.935	64.915	64.935	5
2025-05-22 04:45	64.888	64.945	64.888	64.945	4
2025-05-22 04:50	64.940	64.940	64.878	64.935	4
2025-05-22 04:55	64.888	64.940	64.888	64.915	5
2025-05-22 05:00	64.920	64.940	64.915	64.925	5
2025-05-22 05:05	64.930	64.960	64.925	64.945	5
2025-05-22 05:10	64.935	64.955	64.935	64.945	5
2025-05-22 05:15	64.940	64.960	64.935	64.945	4
2025-05-22 05:20	64.955	64.955	64.950	64.955	2
2025-05-22 05:25	64.950	64.975	64.945	64.965	5
2025-05-22 05:30	64.955	64.975	64.945	64.950	5
2025-05-22 05:35	64.955	64.975	64.920	64.950	5
2025-05-22 05:40	64.945	64.960	64.905	64.960	5
2025-05-22 05:45	64.955	64.975	64.925	64.950	5
2025-05-22 05:50	64.955	64.985	64.955	64.975	5
2025-05-22 05:55	64.970	65.005	64.945	65.005	5
2025-05-22 06:00	64.995	65.015	64.980	64.995	5
2025-05-22 06:05	64.990	64.995	64.915	64.915	5
2025-05-22 06:10	64.910	64.920	64.865	64.885	5
2025-05-22 06:15	64.895	64.915	64.830	64.835	5
2025-05-22 06:20	64.830	64.850	64.775	64.820	5
2025-05-22 06:25	64.825	64.825	64.695	64.695	5
2025-05-22 06:30	64.705	64.735	64.495	64.535	5
2025-05-22 06:35	64.530	64.575	64.135	64.150	5
2025-05-22 06:40	64.155	64.310	64.025	64.030	5
2025-05-22 06:45	64.025	64.045	63.840	63.900	5
2025-05-22 06:50	63.905	63.975	63.785	63.795	5
2025-05-22 06:55	63.785	63.898	63.740	63.850	5
2025-05-22 07:00	63.855	63.965	63.765	63.865	5
2025-05-22 07:05	63.855	63.940	63.730	63.825	5
2025-05-22 07:10	63.835	63.845	63.665	63.680	5
2025-05-22 07:15	63.660	63.905	63.655	63.875	5
2025-05-22 07:20	63.865	63.920	63.855	63.895	5
2025-05-22 07:25	63.900	63.955	63.845	63.900	5
2025-05-22 07:30	63.900	63.940	63.840	63.855	5
2025-05-22 07:35	63.840	63.900	63.805	63.845	5
2025-05-22 07:40	63.840	64.035	63.840	63.980	5
2025-05-22 07:45	63.975	64.100	63.935	64.040	5
2025-05-22 07:50	64.035	64.215	64.016	64.205	5
2025-05-22 07:55	64.210	64.275	64.190	64.245	5
2025-05-22 08:00	64.250	64.285	64.225	64.270	5
2025-05-22 08:05	64.280	64.305	64.245	64.275	5
2025-05-22 08:10	64.285	64.305	64.255	64.285	5
2025-05-22 08:15	64.295	64.340	64.275	64.330	5
2025-05-22 08:20	64.325	64.355	64.275	64.345	5
2025-05-22 08:25	64.340	64.375	64.195	64.345	5
2025-05-22 08:30	64.355	64.430	64.205	64.235	5
2025-05-22 08:35	64.260	64.345	64.125	64.145	5
2025-05-22 08:40	64.150	64.225	64.135	64.155	5
2025-05-22 08:45	64.150	64.185	64.105	64.185	5
2025-05-22 08:50	64.175	64.280	64.165	64.195	5
2025-05-22 08:55	64.185	64.185	64.095	64.100	5
2025-05-22 09:00	64.105	64.215	64.045	64.195	5
2025-05-22 09:05	64.190	64.205	63.955	63.965	5
2025-05-22 09:10	63.975	63.985	63.930	63.945	5
2025-05-22 09:15	63.935	64.055	63.925	63.925	5
2025-05-22 09:20	63.920	63.975	63.875	63.945	5
2025-05-22 09:25	63.940	64.045	63.915	64.045	5
2025-05-22 09:30	64.035	64.115	64.015	64.055	5
2025-05-22 09:35	64.065	64.070	63.905	63.960	5
2025-05-22 09:40	63.975	64.020	63.955	64.005	5
2025-05-22 09:45	64.000	64.120	63.995	64.055	5
2025-05-22 09:50	64.045	64.045	63.935	63.945	5
2025-05-22 09:55	63.950	64.025	63.935	63.945	5
2025-05-22 10:00	63.955	64.005	63.895	63.960	5
2025-05-22 10:05	63.965	63.995	63.935	63.975	5
2025-05-22 10:10	63.965	63.975	63.825	63.955	5
2025-05-22 10:15	63.945	63.945	63.845	63.860	5
2025-05-22 10:20	63.865	63.885	63.835	63.845	5
2025-05-22 10:25	63.855	63.860	63.800	63.800	5
2025-05-22 10:30	63.795	63.844	63.725	63.810	5
2025-05-22 10:35	63.815	63.875	63.725	63.725	5
2025-05-22 10:40	63.715	63.725	63.655	63.690	5
2025-05-22 10:45	63.685	63.790	63.670	63.775	5
2025-05-22 10:50	63.765	63.785	63.660	63.660	5
2025-05-22 10:55	63.660	63.665	63.565	63.565	5
2025-05-22 11:00	63.570	63.685	63.510	63.655	5
2025-05-22 11:05	63.645	63.705	63.625	63.630	5
2025-05-22 11:10	63.625	63.625	63.575	63.620	5
2025-05-22 11:15	63.625	63.630	63.555	63.560	5
2025-05-22 11:20	63.555	63.655	63.525	63.635	5
2025-05-22 11:25	63.640	63.665	63.605	63.615	5
2025-05-22 11:30	63.610	63.855	63.605	63.815	5
2025-05-22 11:35	63.810	63.925	63.765	63.885	5
2025-05-22 11:40	63.880	63.905	63.835	63.895	5
2025-05-22 11:45	63.915	63.945	63.785	63.785	5
2025-05-22 11:50	63.790	63.805	63.735	63.735	5
2025-05-22 11:55	63.745	63.775	63.715	63.730	5
2025-05-22 12:00	63.735	63.905	63.735	63.800	5
2025-05-22 12:05	63.795	63.965	63.774	63.925	5
2025-05-22 12:10	63.915	63.960	63.865	63.945	5
2025-05-22 12:15	63.950	63.975	63.905	63.955	5
2025-05-22 12:20	63.960	64.005	63.905	63.935	5
2025-05-22 12:25	63.940	63.975	63.900	63.905	5
2025-05-22 12:30	63.915	63.940	63.885	63.925	5
2025-05-22 12:35	63.935	64.025	63.930	64.010	5
2025-05-22 12:40	64.005	64.015	63.900	63.905	5
2025-05-22 12:45	63.910	63.970	63.795	63.935	5
2025-05-22 12:50	63.930	63.970	63.905	63.915	5
2025-05-22 12:55	63.910	63.935	63.745	63.795	5
2025-05-22 13:00	63.800	63.900	63.775	63.820	5
2025-05-22 13:05	63.815	63.975	63.805	63.955	5
2025-05-22 13:10	63.960	64.150	63.955	64.075	5
2025-05-22 13:15	64.080	64.085	63.965	64.015	5
2025-05-22 13:20	64.020	64.050	63.905	63.965	5
2025-05-22 13:25	63.955	64.025	63.950	63.990	5
2025-05-22 13:30	63.985	64.205	63.870	63.890	5
2025-05-22 13:35	63.885	64.035	63.840	63.915	5
2025-05-22 13:40	63.910	64.095	63.905	64.025	5
2025-05-22 13:45	64.020	64.030	63.845	63.875	5
2025-05-22 13:50	63.870	64.085	63.835	63.970	5
2025-05-22 13:55	63.965	64.005	63.855	63.855	5
2025-05-22 14:00	63.865	63.885	63.785	63.805	5
2025-05-22 14:05	63.795	64.000	63.714	63.945	5
2025-05-22 14:10	63.935	63.945	63.835	63.915	5
2025-05-22 14:15	63.925	64.215	63.915	64.165	5
2025-05-22 14:20	64.155	64.345	64.145	64.320	5
2025-05-22 14:25	64.325	64.370	64.296	64.310	5
2025-05-22 14:30	64.305	64.395	64.240	64.265	5
2025-05-22 14:35	64.260	64.295	64.225	64.290	5
2025-05-22 14:40	64.285	64.385	64.255	64.255	5
2025-05-22 14:45	64.235	64.345	64.145	64.295	5
2025-05-22 14:50	64.290	64.305	64.225	64.270	5
2025-05-22 14:55	64.265	64.270	64.085	64.135	5
2025-05-22 15:00	64.140	64.175	64.055	64.105	5
2025-05-22 15:05	64.100	64.185	64.055	64.165	5
2025-05-22 15:10	64.170	64.355	64.125	64.345	5
2025-05-22 15:15	64.355	64.385	64.265	64.275	5
2025-05-22 15:20	64.285	64.325	64.225	64.255	5
2025-05-22 15:25	64.260	64.395	64.075	64.125	5
2025-05-22 15:30	64.130	64.225	64.085	64.175	5
2025-05-22 15:35	64.180	64.185	64.030	64.065	5
2025-05-22 15:40	64.055	64.055	63.915	63.915	5
2025-05-22 15:45	63.905	63.975	63.880	63.925	5
2025-05-22 15:50	63.915	63.935	63.875	63.895	5
2025-05-22 15:55	63.890	63.925	63.855	63.885	5
2025-05-22 16:00	63.905	64.005	63.890	63.965	5
2025-05-22 16:05	63.960	64.035	63.960	64.010	5
2025-05-22 16:10	63.995	64.075	63.985	64.055	5
2025-05-22 16:15	64.045	64.095	64.030	64.075	5
2025-05-22 16:20	64.090	64.175	64.065	64.175	5
2025-05-22 16:25	64.180	64.255	64.160	64.255	5
2025-05-22 16:30	64.265	64.265	64.175	64.200	5
2025-05-22 16:35	64.195	64.215	64.185	64.215	5
2025-05-22 16:40	64.210	64.265	64.200	64.265	5
2025-05-22 16:45	64.260	64.360	64.245	64.315	5
2025-05-22 16:50	64.325	64.425	64.320	64.365	5
2025-05-22 16:55	64.355	64.415	64.325	64.385	5
2025-05-22 17:00	64.395	64.435	64.345	64.415	5
2025-05-22 17:05	64.410	64.445	64.355	64.370	5
2025-05-22 17:10	64.375	64.415	64.345	64.350	5
2025-05-22 17:15	64.355	64.385	64.325	64.345	5
2025-05-22 17:20	64.355	64.385	64.285	64.315	5
2025-05-22 17:25	64.325	64.335	64.236	64.255	5
2025-05-22 17:30	64.270	64.285	64.125	64.145	5
2025-05-22 17:35	64.140	64.195	64.135	64.185	5
2025-05-22 17:40	64.175	64.235	64.175	64.235	5
2025-05-22 17:45	64.225	64.245	64.195	64.205	5
2025-05-22 17:50	64.200	64.300	64.175	64.285	5
2025-05-22 17:55	64.295	64.395	64.295	64.365	5
2025-05-22 18:00	64.370	64.385	64.275	64.295	5
2025-05-22 18:05	64.305	64.355	64.255	64.330	5
2025-05-22 18:10	64.335	64.355	64.315	64.325	5
2025-05-22 18:15	64.335	64.335	64.285	64.285	5
2025-05-22 18:20	64.295	64.425	64.295	64.410	5
2025-05-22 18:25	64.415	64.445	64.385	64.425	5
2025-05-22 18:30	64.435	64.485	64.420	64.475	5
2025-05-22 18:35	64.470	64.495	64.435	64.445	5
2025-05-22 18:40	64.455	64.475	64.425	64.435	5
2025-05-22 18:45	64.440	64.465	64.415	64.465	5
2025-05-22 18:50	64.470	64.485	64.455	64.460	5
2025-05-22 18:55	64.455	64.465	64.415	64.435	5
2025-05-22 19:00	64.440	64.525	64.440	64.515	5
2025-05-22 19:05	64.520	64.525	64.415	64.415	5
2025-05-22 19:10	64.420	64.445	64.410	64.445	5
2025-05-22 19:15	64.450	64.455	64.415	64.445	5
2025-05-22 19:20	64.450	64.475	64.445	64.455	5
2025-05-22 19:25	64.460	64.460	64.435	64.455	5
2025-05-22 19:30	64.450	64.455	64.405	64.405	5
2025-05-22 19:35	64.385	64.395	64.330	64.345	5
2025-05-22 19:40	64.325	64.325	64.260	64.260	3
2025-05-22 19:45	64.265	64.270	64.215	64.215	5
2025-05-22 19:50	64.240	64.240	64.185	64.185	5
2025-05-22 19:55	64.185	64.185	64.125	64.145	5
2025-05-22 20:00	64.155	64.155	64.077	64.077	5
2025-05-22 20:05	64.084	64.084	64.014	64.014	5
2025-05-22 20:10	64.017	64.027	63.974	63.987	5
2025-05-22 20:15	63.994	64.027	63.974	64.027	5
2025-05-22 20:20	64.017	64.024	63.992	63.994	5
2025-05-22 20:25	63.992	63.992	63.964	63.974	5
2025-05-22 20:30	63.972	63.994	63.958	63.994	4
2025-05-22 20:35	63.992	64.034	63.984	64.017	5
2025-05-22 20:40	64.014	64.047	64.004	64.044	5
2025-05-22 20:45	64.037	64.047	64.024	64.032	5
2025-05-22 20:50	64.027	64.054	64.017	64.047	5
2025-05-22 20:55	64.044	64.047	64.014	64.024	5
2025-05-23 00:00	63.984	64.100	63.984	64.080	5
2025-05-23 00:05	64.075	64.130	64.060	64.075	5
2025-05-23 00:10	64.080	64.120	64.070	64.080	5
2025-05-23 00:15	64.070	64.070	63.968	64.025	5
2025-05-23 00:20	64.015	64.080	63.980	63.990	5
2025-05-23 00:25	63.995	64.050	63.978	64.035	5
2025-05-23 00:30	64.030	64.035	64.010	64.015	4
2025-05-23 00:35	63.968	64.035	63.968	64.000	4
2025-05-23 00:40	64.005	64.020	63.958	64.015	4
2025-05-23 00:45	64.010	64.120	63.963	64.105	5
2025-05-23 00:50	64.100	64.135	64.100	64.135	5
2025-05-23 00:55	64.130	64.155	64.088	64.088	5
2025-05-23 01:00	64.130	64.165	64.105	64.125	5
2025-05-23 01:05	64.120	64.130	64.090	64.120	5
2025-05-23 01:10	64.115	64.205	64.115	64.195	5
2025-05-23 01:15	64.200	64.200	64.165	64.175	5
2025-05-23 01:20	64.180	64.180	64.135	64.165	5
2025-05-23 01:25	64.160	64.185	64.145	64.180	5
2025-05-23 01:30	64.185	64.190	64.115	64.145	5
2025-05-23 01:35	64.140	64.155	64.120	64.135	5
2025-05-23 01:40	64.130	64.140	64.100	64.140	5
2025-05-23 01:45	64.130	64.155	64.120	64.130	5
2025-05-23 01:50	64.125	64.130	64.090	64.100	5
2025-05-23 01:55	64.105	64.105	64.015	64.050	5
2025-05-23 02:00	64.055	64.095	64.030	64.040	5
2025-05-23 02:05	64.035	64.065	64.030	64.040	5
2025-05-23 02:10	64.035	64.040	63.985	63.990	5
2025-05-23 02:15	63.995	63.995	63.955	63.960	4
2025-05-23 02:20	63.955	63.965	63.895	63.910	5
2025-05-23 02:25	63.915	63.955	63.905	63.955	5
2025-05-23 02:30	63.950	63.950	63.910	63.925	5
2025-05-23 02:35	63.920	63.955	63.910	63.910	5
2025-05-23 02:40	63.915	63.935	63.895	63.905	5
2025-05-23 02:45	63.900	63.935	63.900	63.915	5
2025-05-23 02:50	63.920	63.965	63.920	63.945	4
2025-05-23 02:55	63.940	63.945	63.925	63.945	5
2025-05-23 03:00	63.960	64.075	63.960	64.075	5
2025-05-23 03:05	64.070	64.070	64.025	64.040	5
2025-05-23 03:10	64.045	64.105	64.045	64.060	5
2025-05-23 03:15	64.055	64.080	64.045	64.050	5
2025-05-23 03:20	64.055	64.080	64.050	64.055	5
2025-05-23 03:25	64.050	64.090	64.050	64.060	5
2025-05-23 03:30	64.065	64.065	63.998	64.045	4
2025-05-23 03:35	64.040	64.045	64.005	64.005	5
2025-05-23 03:40	64.015	64.035	64.000	64.005	3
2025-05-23 03:45	64.015	64.025	64.005	64.005	5
2025-05-23 03:50	64.020	64.025	64.000	64.005	2
2025-05-23 03:55	64.015	64.030	64.000	64.015	5
2025-05-23 04:00	63.968	64.015	63.968	64.000	5
2025-05-23 04:05	63.995	64.100	63.995	64.070	5
2025-05-23 04:10	64.075	64.135	64.058	64.100	5
2025-05-23 04:15	64.095	64.105	64.048	64.105	5
2025-05-23 04:20	64.095	64.130	64.080	64.125	4
2025-05-23 04:25	64.120	64.140	64.115	64.120	5
2025-05-23 04:30	64.115	64.115	64.060	64.060	5
2025-05-23 04:35	64.055	64.085	63.980	64.000	5
2025-05-23 04:40	64.005	64.015	63.990	64.000	5
2025-05-23 04:45	64.005	64.005	63.975	63.980	5
2025-05-23 04:50	63.985	64.015	63.980	64.005	5
2025-05-23 04:55	63.995	64.005	63.985	63.995	5
2025-05-23 05:00	64.000	64.025	63.985	63.995	5
2025-05-23 05:05	63.990	63.990	63.955	63.975	5
2025-05-23 05:10	63.970	64.015	63.965	64.015	4
2025-05-23 05:15	64.010	64.085	64.005	64.075	5
2025-05-23 05:20	64.070	64.115	64.055	64.105	5
2025-05-23 05:25	64.100	64.115	64.095	64.110	5
2025-05-23 05:30	64.115	64.185	64.110	64.135	5
2025-05-23 05:35	64.140	64.140	64.085	64.085	5
2025-05-23 05:40	64.080	64.080	64.045	64.070	5
2025-05-23 05:45	64.075	64.075	64.035	64.045	5
2025-05-23 05:50	64.060	64.075	64.035	64.035	5
2025-05-23 05:55	64.045	64.075	64.035	64.065	5
2025-05-23 06:00	64.060	64.110	64.040	64.090	5
2025-05-23 06:05	64.095	64.095	63.975	63.980	5
2025-05-23 06:10	63.975	64.075	63.970	64.040	5
2025-05-23 06:15	64.045	64.045	64.005	64.015	5
2025-05-23 06:20	64.000	64.005	63.930	63.940	5
2025-05-23 06:25	63.930	64.000	63.885	64.000	5
2025-05-23 06:30	63.985	64.050	63.925	63.960	5
2025-05-23 06:35	63.955	64.020	63.925	64.010	5
2025-05-23 06:40	64.005	64.050	63.975	64.030	5
2025-05-23 06:45	64.025	64.035	63.945	63.955	5
2025-05-23 06:50	63.950	63.960	63.895	63.900	5
2025-05-23 06:55	63.895	63.920	63.865	63.885	5
2025-05-23 07:00	63.895	63.940	63.875	63.930	5
2025-05-23 07:05	63.940	64.080	63.920	64.046	5
2025-05-23 07:10	64.055	64.085	64.025	64.030	5
2025-05-23 07:15	64.030	64.055	63.960	63.965	5
2025-05-23 07:20	63.960	64.020	63.895	63.920	5
2025-05-23 07:25	63.925	63.955	63.875	63.900	5
2025-05-23 07:30	63.905	63.950	63.875	63.895	5
2025-05-23 07:35	63.885	63.890	63.860	63.870	5
2025-05-23 07:40	63.875	63.900	63.855	63.895	5
2025-05-23 07:45	63.900	63.950	63.880	63.910	5
2025-05-23 07:50	63.905	63.965	63.905	63.935	5
2025-05-23 07:55	63.945	64.035	63.935	64.010	5
2025-05-23 08:00	64.005	64.100	63.965	64.050	5
2025-05-23 08:05	64.045	64.070	63.915	63.945	5
2025-05-23 08:10	63.955	63.965	63.880	63.930	5
2025-05-23 08:15	63.935	63.960	63.895	63.925	5
2025-05-23 08:20	63.930	64.015	63.895	63.985	5
2025-05-23 08:25	63.995	64.070	63.915	63.920	5
2025-05-23 08:30	63.915	64.085	63.895	64.045	5
2025-05-23 08:35	64.035	64.035	63.945	63.975	5
2025-05-23 08:40	63.965	64.055	63.910	64.030	5
2025-05-23 08:45	64.005	64.065	63.915	63.925	5
2025-05-23 08:50	63.935	63.985	63.885	63.920	5
2025-05-23 08:55	63.915	63.970	63.905	63.960	5
2025-05-23 09:00	63.955	64.280	63.930	64.235	5
2025-05-23 09:05	64.225	64.235	64.120	64.120	5
2025-05-23 09:10	64.125	64.225	64.110	64.165	5
2025-05-23 09:15	64.190	64.225	64.165	64.205	5
2025-05-23 09:20	64.200	64.200	64.100	64.105	5
2025-05-23 09:25	64.100	64.135	64.090	64.110	5
2025-05-23 09:30	64.115	64.275	64.070	64.265	5
2025-05-23 09:35	64.270	64.285	64.195	64.265	4
2025-05-23 09:40	64.260	64.300	64.234	64.265	5
2025-05-23 09:45	64.260	64.285	64.245	64.285	5
2025-05-23 09:50	64.275	64.415	64.275	64.370	5
2025-05-23 09:55	64.375	64.410	64.355	64.395	5
2025-05-23 10:00	64.400	64.400	64.320	64.370	5
2025-05-23 10:05	64.375	64.425	64.370	64.370	5
2025-05-23 10:10	64.365	64.380	64.320	64.355	5
2025-05-23 10:15	64.360	64.370	64.325	64.345	5
2025-05-23 10:20	64.355	64.400	64.355	64.370	5
2025-05-23 10:25	64.375	64.440	64.375	64.410	5
2025-05-23 10:30	64.415	64.495	64.395	64.495	5
2025-05-23 10:35	64.505	64.525	64.455	64.495	5
2025-05-23 10:40	64.505	64.545	64.505	64.525	5
2025-05-23 10:45	64.515	64.515	64.465	64.470	5
2025-05-23 10:50	64.475	64.515	64.455	64.505	5
2025-05-23 10:55	64.520	64.555	64.480	64.545	5
2025-05-23 11:00	64.535	64.635	64.535	64.635	5
2025-05-23 11:05	64.625	64.630	64.535	64.535	5
2025-05-23 11:10	64.525	64.610	64.525	64.585	5
2025-05-23 11:15	64.570	64.595	64.374	64.435	5
2025-05-23 11:20	64.415	64.515	64.386	64.450	5
2025-05-23 11:25	64.445	64.510	64.395	64.500	5
2025-05-23 11:30	64.510	64.545	64.455	64.535	5
2025-05-23 11:35	64.550	64.560	64.510	64.555	5
2025-05-23 11:40	64.560	64.575	63.974	64.104	5
2025-05-23 11:45	64.124	64.134	63.485	63.620	5
2025-05-23 11:50	63.615	64.020	63.575	63.845	5
2025-05-23 11:55	63.840	63.885	63.555	63.695	5
2025-05-23 12:00	63.724	63.790	63.465	63.471	5
2025-05-23 12:05	63.471	63.520	63.300	63.470	5
2025-05-23 12:10	63.485	63.665	63.360	63.645	5
2025-05-23 12:15	63.650	63.960	63.575	63.820	5
2025-05-23 12:20	63.825	63.840	63.690	63.710	5
2025-05-23 12:25	63.720	63.885	63.660	63.810	5
2025-05-23 12:30	63.800	63.835	63.670	63.805	5
2025-05-23 12:35	63.795	63.920	63.765	63.790	5
2025-05-23 12:40	63.795	63.825	63.680	63.695	5
2025-05-23 12:45	63.700	63.730	63.640	63.695	5
2025-05-23 12:50	63.680	63.720	63.585	63.635	5
2025-05-23 12:55	63.625	63.735	63.610	63.650	5
2025-05-23 13:00	63.645	63.965	63.645	63.690	5
2025-05-23 13:05	63.685	63.765	63.530	63.545	5
2025-05-23 13:10	63.535	63.630	63.475	63.535	5
2025-05-23 13:15	63.530	63.800	63.490	63.740	5
2025-05-23 13:20	63.745	63.865	63.710	63.825	5
2025-05-23 13:25	63.830	64.025	63.765	63.940	5
2025-05-23 13:30	63.945	64.180	63.914	64.140	5
2025-05-23 13:35	64.135	64.225	64.085	64.155	5
2025-05-23 13:40	64.150	64.280	64.095	64.225	5
2025-05-23 13:45	64.230	64.235	64.055	64.125	5
2025-05-23 13:50	64.135	64.405	64.125	64.290	5
2025-05-23 13:55	64.285	64.350	64.255	64.325	5
2025-05-23 14:00	64.350	64.620	64.350	64.545	5
2025-05-23 14:05	64.550	64.605	64.490	64.595	5
2025-05-23 14:10	64.585	64.855	64.535	64.780	5
2025-05-23 14:15	64.775	64.835	64.705	64.795	5
2025-05-23 14:20	64.785	64.995	64.705	64.990	5
2025-05-23 14:25	64.985	65.015	64.835	64.835	5
2025-05-23 14:30	64.840	64.930	64.715	64.790	5
2025-05-23 14:35	64.800	64.815	64.705	64.775	5
2025-05-23 14:40	64.765	64.840	64.695	64.830	5
2025-05-23 14:45	64.825	64.885	64.805	64.810	5
2025-05-23 14:50	64.815	64.825	64.576	64.660	5
2025-05-23 14:55	64.655	64.680	64.570	64.625	5
2025-05-23 15:00	64.615	64.750	64.595	64.725	5
2025-05-23 15:05	64.735	64.755	64.505	64.645	5
2025-05-23 15:10	64.650	64.775	64.645	64.755	5
2025-05-23 15:15	64.750	64.900	64.685	64.705	5
2025-05-23 15:20	64.715	64.870	64.705	64.860	5
2025-05-23 15:25	64.865	64.955	64.815	64.950	5
2025-05-23 15:30	64.945	64.965	64.840	64.855	5
2025-05-23 15:35	64.850	64.855	64.720	64.785	5
2025-05-23 15:40	64.800	64.900	64.796	64.875	5
2025-05-23 15:45	64.880	64.975	64.875	64.940	5
2025-05-23 15:50	64.935	64.960	64.805	64.825	5
2025-05-23 15:55	64.830	64.865	64.766	64.805	5
2025-05-23 16:00	64.815	64.900	64.775	64.820	5
2025-05-23 16:05	64.815	64.820	64.694	64.725	5
2025-05-23 16:10	64.710	64.745	64.665	64.705	5
2025-05-23 16:15	64.690	64.710	64.580	64.625	5
2025-05-23 16:20	64.620	64.625	64.535	64.600	5
2025-05-23 16:25	64.595	64.670	64.495	64.615	5
2025-05-23 16:30	64.620	64.680	64.565	64.680	5
2025-05-23 16:35	64.675	64.740	64.670	64.700	5
2025-05-23 16:40	64.705	64.750	64.650	64.680	5
2025-05-23 16:45	64.690	64.805	64.685	64.720	5
2025-05-23 16:50	64.715	64.775	64.700	64.765	5
2025-05-23 16:55	64.755	64.810	64.605	64.620	5
2025-05-23 17:00	64.615	64.655	64.570	64.600	5
2025-05-23 17:05	64.595	64.685	64.575	64.685	5
2025-05-23 17:10	64.695	64.825	64.695	64.750	5
2025-05-23 17:15	64.745	64.840	64.740	64.815	5
2025-05-23 17:20	64.825	64.875	64.800	64.855	5
2025-05-23 17:25	64.850	64.935	64.840	64.910	5
2025-05-23 17:30	64.905	64.905	64.825	64.845	5
2025-05-23 17:35	64.840	64.875	64.830	64.845	5
2025-05-23 17:40	64.840	64.885	64.805	64.815	5
2025-05-23 17:45	64.805	64.825	64.760	64.765	5
2025-05-23 17:50	64.775	64.870	64.755	64.796	5
2025-05-23 17:55	64.795	64.805	64.750	64.765	5
2025-05-23 18:00	64.755	64.775	64.700	64.715	5
2025-05-23 18:05	64.725	64.805	64.695	64.765	5
2025-05-23 18:10	64.760	64.780	64.730	64.775	5
2025-05-23 18:15	64.780	64.790	64.690	64.690	5
2025-05-23 18:20	64.685	64.810	64.645	64.790	5
2025-05-23 18:25	64.795	64.805	64.655	64.766	5
2025-05-23 18:30	64.775	64.890	64.775	64.890	5
2025-05-23 18:35	64.895	64.920	64.865	64.885	5
2025-05-23 18:40	64.880	64.890	64.860	64.880	5
2025-05-23 18:45	64.885	64.920	64.875	64.920	5
2025-05-23 18:50	64.915	64.945	64.910	64.930	5
2025-05-23 18:55	64.925	64.935	64.905	64.925	5
2025-05-23 19:00	64.915	64.950	64.910	64.930	5
2025-05-23 19:05	64.935	64.975	64.925	64.965	5
2025-05-23 19:10	64.960	65.000	64.960	64.990	5
2025-05-23 19:15	64.985	64.995	64.960	64.960	5
2025-05-23 19:20	64.965	64.970	64.950	64.970	5
2025-05-23 19:25	64.965	64.975	64.950	64.955	5
2025-05-23 19:30	64.950	64.965	64.925	64.925	5
2025-05-23 19:35	64.935	64.940	64.885	64.920	5
2025-05-23 19:40	64.915	64.915	64.895	64.895	5
2025-05-23 19:45	64.885	64.900	64.875	64.890	5
2025-05-23 19:50	64.885	64.895	64.825	64.845	5
2025-05-23 19:55	64.840	64.905	64.805	64.870	5
2025-05-23 20:00	64.865	64.870	64.787	64.842	5
2025-05-23 20:05	64.852	64.882	64.852	64.872	4
2025-05-23 20:10	64.882	64.917	64.877	64.902	5
2025-05-23 20:15	64.897	64.922	64.882	64.922	5
2025-05-23 20:20	64.927	64.932	64.897	64.902	5
2025-05-23 20:25	64.912	64.927	64.883	64.922	5
2025-05-23 20:30	64.927	64.937	64.912	64.927	5
2025-05-23 20:35	64.932	64.942	64.917	64.937	5
2025-05-23 20:40	64.942	64.947	64.922	64.922	5
2025-05-23 20:45	64.927	64.947	64.917	64.942	5
2025-05-23 20:50	64.937	64.947	64.922	64.947	5
2025-05-23 20:55	64.942	64.967	64.927	64.962	5
2025-05-26 00:00	65.112	65.200	65.080	65.180	5
2025-05-26 00:05	65.170	65.270	65.170	65.260	5
2025-05-26 00:10	65.255	65.255	65.150	65.150	5
2025-05-26 00:15	65.170	65.225	65.070	65.080	5
2025-05-26 00:20	65.085	65.090	65.030	65.045	5
2025-05-26 00:25	65.040	65.050	64.985	64.985	5
2025-05-26 00:30	65.005	65.070	65.000	65.050	5
2025-05-26 00:35	65.055	65.090	65.030	65.080	5
2025-05-26 00:40	65.085	65.085	65.045	65.060	5
2025-05-26 00:45	65.055	65.070	65.015	65.015	5
2025-05-26 00:50	65.020	65.060	65.005	65.020	5
2025-05-26 00:55	65.025	65.025	64.985	64.990	5
2025-05-26 01:00	64.980	64.995	64.830	64.850	5
2025-05-26 01:05	64.870	64.890	64.840	64.875	5
2025-05-26 01:10	64.880	64.890	64.850	64.880	5
2025-05-26 01:15	64.885	64.920	64.865	64.870	5
2025-05-26 01:20	64.875	64.890	64.860	64.860	5
2025-05-26 01:25	64.865	64.920	64.850	64.905	5
2025-05-26 01:30	64.915	64.915	64.805	64.830	5
2025-05-26 01:35	64.825	65.030	64.820	65.005	5
2025-05-26 01:40	65.015	65.090	65.005	65.070	5
2025-05-26 01:45	65.065	65.065	65.025	65.025	5
2025-05-26 01:50	65.020	65.020	64.925	64.935	4
2025-05-26 01:55	64.930	64.970	64.930	64.950	5
2025-05-26 02:00	64.945	64.950	64.875	64.940	5
2025-05-26 02:05	64.945	64.980	64.920	64.960	5
2025-05-26 02:10	64.955	64.960	64.905	64.905	5
2025-05-26 02:15	64.895	64.920	64.870	64.915	5
2025-05-26 02:20	64.910	64.980	64.905	64.945	5
2025-05-26 02:25	64.950	64.975	64.865	64.870	5
2025-05-26 02:30	64.865	64.880	64.815	64.830	5
2025-05-26 02:35	64.840	64.870	64.830	64.845	5
2025-05-26 02:40	64.840	64.865	64.820	64.850	5
2025-05-26 02:45	64.845	64.850	64.830	64.835	5
2025-05-26 02:50	64.845	64.850	64.760	64.780	5
2025-05-26 02:55	64.775	64.800	64.750	64.780	5
2025-05-26 03:00	64.775	64.820	64.765	64.815	5
2025-05-26 03:05	64.810	64.845	64.805	64.830	5
2025-05-26 03:10	64.840	64.915	64.825	64.910	5
2025-05-26 03:15	64.915	64.920	64.865	64.885	5
2025-05-26 03:20	64.880	64.905	64.850	64.860	5
2025-05-26 03:25	64.865	64.945	64.865	64.925	5
2025-05-26 03:30	64.930	64.975	64.925	64.975	5
2025-05-26 03:35	64.970	64.970	64.955	64.960	4
2025-05-26 03:40	64.965	64.990	64.965	64.990	4
2025-05-26 03:45	64.995	65.005	64.970	64.970	5
2025-05-26 03:50	64.975	64.975	64.955	64.955	5
2025-05-26 03:55	64.945	64.950	64.888	64.935	5
2025-05-26 04:00	64.888	64.950	64.888	64.935	5
2025-05-26 04:05	64.888	64.955	64.888	64.950	4
2025-05-26 04:10	64.903	64.950	64.903	64.950	4
2025-05-26 04:15	64.945	65.005	64.908	64.995	5
2025-05-26 04:20	65.000	65.025	64.995	65.025	5
2025-05-26 04:25	65.015	65.025	65.015	65.025	1
2025-05-26 04:30	65.035	65.045	65.015	65.035	4
2025-05-26 04:35	65.030	65.040	65.015	65.020	4
2025-05-26 04:40	65.025	65.025	64.995	64.995	5
2025-05-26 04:45	64.985	65.005	64.985	64.990	3
2025-05-26 04:50	64.985	65.015	64.985	65.000	5
2025-05-26 04:55	65.005	65.015	64.963	65.010	4
2025-05-26 05:00	65.015	65.040	65.005	65.040	5
2025-05-26 05:05	65.035	65.045	65.035	65.035	4
2025-05-26 05:10	65.040	65.045	65.005	65.010	4
2025-05-26 05:15	65.015	65.020	65.005	65.015	5
2025-05-26 05:20	65.010	65.025	64.985	65.000	5
2025-05-26 05:25	64.995	65.005	64.945	64.950	5
2025-05-26 05:30	64.955	65.045	64.940	64.970	5
2025-05-26 05:35	64.975	65.065	64.975	65.060	5
2025-05-26 05:40	65.050	65.055	65.000	65.000	5
2025-05-26 05:45	64.985	65.025	64.965	65.000	5
2025-05-26 05:50	64.990	65.045	64.965	65.020	5
2025-05-26 05:55	65.015	65.035	64.995	64.995	5
2025-05-26 06:00	64.990	65.000	64.915	64.940	5
2025-05-26 06:05	64.935	64.990	64.935	64.955	5
2025-05-26 06:10	64.960	64.980	64.935	64.940	5
2025-05-26 06:15	64.935	64.940	64.875	64.900	5
2025-05-26 06:20	64.890	64.990	64.880	64.955	5
2025-05-26 06:25	64.965	64.975	64.910	64.930	5
2025-05-26 06:30	64.925	64.950	64.925	64.930	5
2025-05-26 06:35	64.925	64.940	64.880	64.935	5
2025-05-26 06:40	64.950	64.955	64.905	64.955	5
2025-05-26 06:45	64.950	64.985	64.925	64.945	5
2025-05-26 06:50	64.950	64.955	64.925	64.950	5
2025-05-26 06:55	64.945	65.005	64.935	64.975	5
2025-05-26 07:00	64.970	64.990	64.905	64.985	5
2025-05-26 07:05	64.990	65.000	64.950	64.985	5
2025-05-26 07:10	65.005	65.005	64.955	64.970	5
2025-05-26 07:15	64.960	64.985	64.905	64.965	5
2025-05-26 07:20	64.960	64.965	64.900	64.910	5
2025-05-26 07:25	64.915	64.915	64.805	64.830	5
2025-05-26 07:30	64.825	64.960	64.820	64.940	5
2025-05-26 07:35	64.935	65.000	64.935	64.975	5
2025-05-26 07:40	64.970	65.035	64.970	64.970	5
2025-05-26 07:45	64.975	65.115	64.965	65.055	5
2025-05-26 07:50	65.060	65.080	65.005	65.025	5
2025-05-26 07:55	65.020	65.090	65.010	65.075	5
2025-05-26 08:00	65.090	65.120	65.035	65.120	5
2025-05-26 08:05	65.115	65.165	65.105	65.135	5
2025-05-26 08:10	65.140	65.185	65.135	65.165	5
2025-05-26 08:15	65.160	65.175	65.105	65.135	5
2025-05-26 08:20	65.145	65.170	65.040	65.065	5
2025-05-26 08:25	65.070	65.105	65.000	65.070	5
2025-05-26 08:30	65.065	65.185	65.040	65.170	5
2025-05-26 08:35	65.175	65.275	65.170	65.265	5
2025-05-26 08:40	65.270	65.295	65.255	65.260	5
2025-05-26 08:45	65.255	65.265	65.215	65.240	5
2025-05-26 08:50	65.235	65.235	65.150	65.150	5
2025-05-26 08:55	65.145	65.155	65.085	65.100	5
2025-05-26 09:00	65.110	65.160	65.095	65.125	5
2025-05-26 09:05	65.130	65.175	65.110	65.175	5
2025-05-26 09:10	65.165	65.210	65.155	65.170	5
2025-05-26 09:15	65.175	65.185	65.135	65.140	5
2025-05-26 09:20	65.145	65.150	65.095	65.125	5
2025-05-26 09:25	65.130	65.140	65.065	65.065	5
2025-05-26 09:30	65.075	65.075	64.875	64.885	5
2025-05-26 09:35	64.880	64.880	64.825	64.875	5
2025-05-26 09:40	64.880	64.890	64.850	64.865	5
2025-05-26 09:45	64.860	64.870	64.825	64.825	5
2025-05-26 09:50	64.835	64.875	64.800	64.835	5
2025-05-26 09:55	64.825	64.865	64.820	64.850	5
2025-05-26 10:00	64.840	64.865	64.755	64.760	5
2025-05-26 10:05	64.755	64.755	64.725	64.740	5
2025-05-26 10:10	64.735	64.755	64.700	64.735	5
2025-05-26 10:15	64.730	64.760	64.725	64.730	5
2025-05-26 10:20	64.725	64.725	64.699	64.699	5
2025-05-26 10:25	64.705	64.715	64.695	64.695	5
2025-05-26 10:30	64.699	64.700	64.635	64.635	5
2025-05-26 10:35	64.630	64.655	64.600	64.615	5
2025-05-26 10:40	64.610	64.635	64.595	64.625	5
2025-05-26 10:45	64.635	64.645	64.600	64.600	5
2025-05-26 10:50	64.605	64.605	64.565	64.570	5
2025-05-26 10:55	64.565	64.575	64.555	64.560	5
2025-05-26 11:00	64.565	64.605	64.565	64.590	5
2025-05-26 11:05	64.585	64.645	64.585	64.620	5
2025-05-26 11:10	64.615	64.680	64.615	64.670	5
2025-05-26 11:15	64.675	64.680	64.635	64.665	5
2025-05-26 11:20	64.675	64.715	64.675	64.695	5
2025-05-26 11:25	64.690	64.700	64.670	64.685	5
2025-05-26 11:30	64.680	64.705	64.635	64.655	5
2025-05-26 11:35	64.640	64.685	64.640	64.675	5
2025-05-26 11:40	64.628	64.695	64.625	64.625	4
2025-05-26 11:45	64.635	64.640	64.595	64.615	5
2025-05-26 11:50	64.605	64.700	64.595	64.685	5
2025-05-26 11:55	64.675	64.705	64.665	64.690	5
2025-05-26 12:00	64.685	64.820	64.655	64.765	5
2025-05-26 12:05	64.755	64.815	64.735	64.795	5
2025-05-26 12:10	64.785	64.815	64.765	64.815	5
2025-05-26 12:15	64.825	64.855	64.810	64.845	5
2025-05-26 12:20	64.840	64.850	64.770	64.790	5
2025-05-26 12:25	64.795	64.795	64.745	64.755	5
2025-05-26 12:30	64.760	64.780	64.745	64.745	5
2025-05-26 12:35	64.755	64.835	64.755	64.795	5
2025-05-26 12:40	64.800	64.810	64.765	64.770	5
2025-05-26 12:45	64.785	64.845	64.785	64.840	5
2025-05-26 12:50	64.835	64.840	64.780	64.795	5
2025-05-26 12:55	64.790	64.795	64.735	64.740	5
2025-05-26 13:00	64.745	64.795	64.675	64.710	5
2025-05-26 13:05	64.700	64.730	64.680	64.700	5
2025-05-26 13:10	64.695	64.720	64.630	64.640	5
2025-05-26 13:15	64.635	64.660	64.590	64.610	5
2025-05-26 13:20	64.605	64.615	64.585	64.600	5
2025-05-26 13:25	64.605	64.655	64.565	64.645	5
2025-05-26 13:30	64.640	64.775	64.640	64.765	5
2025-05-26 13:35	64.755	64.755	64.670	64.705	5
2025-05-26 13:40	64.715	64.715	64.575	64.580	5
2025-05-26 13:45	64.585	64.635	64.585	64.625	5
2025-05-26 13:50	64.620	64.715	64.515	64.525	5
2025-05-26 13:55	64.520	64.565	64.520	64.525	5
2025-05-26 14:00	64.535	64.620	64.535	64.590	5
2025-05-26 14:05	64.580	64.610	64.570	64.595	5
2025-05-26 14:10	64.600	64.630	64.555	64.570	5
2025-05-26 14:15	64.565	64.605	64.560	64.575	5
2025-05-26 14:20	64.585	64.615	64.565	64.570	5
2025-05-26 14:25	64.565	64.595	64.565	64.580	5
2025-05-26 14:30	64.575	64.625	64.565	64.625	5
2025-05-26 14:35	64.620	64.620	64.538	64.545	5
2025-05-26 14:40	64.565	64.620	64.555	64.605	5
2025-05-26 14:45	64.615	64.650	64.530	64.540	5
2025-05-26 14:50	64.535	64.585	64.495	64.585	5
2025-05-26 14:55	64.595	64.595	64.535	64.570	5
2025-05-26 15:00	64.575	64.660	64.575	64.610	5
2025-05-26 15:05	64.615	64.745	64.610	64.740	5
2025-05-26 15:10	64.745	64.835	64.725	64.815	5
2025-05-26 15:15	64.830	64.895	64.830	64.865	5
2025-05-26 15:20	64.870	64.880	64.835	64.855	5
2025-05-26 15:25	64.845	64.855	64.740	64.760	5
2025-05-26 15:30	64.780	64.835	64.735	64.805	5
2025-05-26 15:35	64.815	64.835	64.795	64.815	5
2025-05-26 15:40	64.820	64.850	64.770	64.845	5
2025-05-26 15:45	64.850	64.850	64.795	64.815	5
2025-05-26 15:50	64.820	64.875	64.795	64.855	5
2025-05-26 15:55	64.860	64.870	64.805	64.865	5
2025-05-26 16:00	64.870	64.875	64.835	64.840	5
2025-05-26 16:05	64.835	64.865	64.825	64.845	5
2025-05-26 16:10	64.850	64.875	64.815	64.825	5
2025-05-26 16:15	64.815	64.825	64.795	64.820	4
2025-05-26 16:20	64.825	64.825	64.780	64.785	5
2025-05-26 16:25	64.765	64.770	64.715	64.720	5
2025-05-26 16:30	64.715	64.735	64.710	64.730	5
2025-05-26 16:35	64.740	64.760	64.725	64.735	5
2025-05-26 16:40	64.730	64.810	64.730	64.790	5
2025-05-26 16:45	64.795	64.820	64.790	64.795	5
2025-05-26 16:50	64.785	64.790	64.755	64.770	5
2025-05-26 16:55	64.765	64.790	64.680	64.720	5
2025-05-26 17:00	64.725	64.730	64.675	64.710	5
2025-05-26 17:05	64.705	64.710	64.700	64.705	5
2025-05-26 17:10	64.700	64.745	64.700	64.740	4
2025-05-26 17:15	64.735	64.785	64.735	64.785	4
2025-05-26 17:20	64.775	64.785	64.728	64.728	5
2025-05-26 17:25	64.780	64.785	64.738	64.780	4
2025-05-27 00:00	64.697	64.727	64.685	64.690	5
2025-05-27 00:05	64.700	64.715	64.590	64.590	5
2025-05-27 00:10	64.600	64.635	64.585	64.625	5
2025-05-27 00:15	64.630	64.645	64.610	64.645	5
2025-05-27 00:20	64.640	64.645	64.558	64.615	5
2025-05-27 00:25	64.620	64.635	64.615	64.635	4
2025-05-27 00:30	64.630	64.640	64.605	64.635	5
2025-05-27 00:35	64.588	64.680	64.588	64.680	5
2025-05-27 00:40	64.685	64.710	64.670	64.690	5
2025-05-27 00:45	64.695	64.760	64.690	64.760	5
2025-05-27 00:50	64.770	64.890	64.765	64.870	5
2025-05-27 00:55	64.880	64.935	64.875	64.920	5
2025-05-27 01:00	64.915	64.965	64.735	64.740	5
2025-05-27 01:05	64.745	64.780	64.720	64.735	5
2025-05-27 01:10	64.730	64.750	64.720	64.730	5
2025-05-27 01:15	64.735	64.745	64.630	64.640	5
2025-05-27 01:20	64.630	64.635	64.575	64.580	5
2025-05-27 01:25	64.575	64.590	64.540	64.560	5
2025-05-27 01:30	64.565	64.670	64.550	64.660	5
2025-05-27 01:35	64.665	64.665	64.610	64.620	5
2025-05-27 01:40	64.610	64.615	64.560	64.570	5
2025-05-27 01:45	64.560	64.575	64.520	64.570	5
2025-05-27 01:50	64.575	64.610	64.565	64.600	5
2025-05-27 01:55	64.595	64.610	64.575	64.590	5
2025-05-27 02:00	64.580	64.585	64.510	64.520	5
2025-05-27 02:05	64.515	64.525	64.495	64.500	5
2025-05-27 02:10	64.495	64.525	64.485	64.520	5
2025-05-27 02:15	64.525	64.525	64.490	64.500	5
2025-05-27 02:20	64.495	64.515	64.485	64.515	4
2025-05-27 02:25	64.525	64.545	64.515	64.515	5
2025-05-27 02:30	64.510	64.550	64.450	64.545	5
2025-05-27 02:35	64.550	64.600	64.530	64.580	5
2025-05-27 02:40	64.575	64.590	64.520	64.530	5
2025-05-27 02:45	64.535	64.565	64.525	64.560	5
2025-05-27 02:50	64.565	64.610	64.560	64.600	5
2025-05-27 02:55	64.605	64.625	64.550	64.590	5
2025-05-27 03:00	64.600	64.610	64.580	64.590	5
2025-05-27 03:05	64.585	64.600	64.560	64.570	5
2025-05-27 03:10	64.565	64.565	64.515	64.520	5
2025-05-27 03:15	64.515	64.550	64.505	64.545	5
2025-05-27 03:20	64.550	64.550	64.500	64.505	5
2025-05-27 03:25	64.500	64.580	64.500	64.570	5
2025-05-27 03:30	64.565	64.580	64.530	64.530	5
2025-05-27 03:35	64.535	64.550	64.510	64.510	5
2025-05-27 03:40	64.515	64.550	64.510	64.535	5
2025-05-27 03:45	64.530	64.570	64.525	64.555	5
2025-05-27 03:50	64.560	64.570	64.508	64.508	4
2025-05-27 03:55	64.550	64.580	64.530	64.580	5
2025-05-27 04:00	64.575	64.575	64.550	64.560	5
2025-05-27 04:05	64.565	64.585	64.518	64.585	5
2025-05-27 04:10	64.580	64.585	64.575	64.575	5
2025-05-27 04:15	64.528	64.600	64.528	64.600	4
2025-05-27 04:20	64.590	64.605	64.570	64.570	5
2025-05-27 04:25	64.575	64.600	64.570	64.580	5
2025-05-27 04:30	64.590	64.600	64.555	64.565	5
2025-05-27 04:35	64.560	64.590	64.560	64.580	4
2025-05-27 04:40	64.585	64.590	64.575	64.580	5
2025-05-27 04:45	64.585	64.585	64.565	64.565	5
2025-05-27 04:50	64.555	64.555	64.525	64.525	3
2025-05-27 04:55	64.520	64.520	64.495	64.495	5
2025-05-27 05:00	64.485	64.520	64.445	64.490	5
2025-05-27 05:05	64.495	64.535	64.465	64.470	5
2025-05-27 05:10	64.475	64.480	64.410	64.425	5
2025-05-27 05:15	64.420	64.425	64.385	64.395	5
2025-05-27 05:20	64.390	64.495	64.390	64.465	5
2025-05-27 05:25	64.470	64.510	64.465	64.510	5
2025-05-27 05:30	64.505	64.505	64.335	64.390	5
2025-05-27 05:35	64.385	64.400	64.335	64.370	5
2025-05-27 05:40	64.375	64.465	64.375	64.435	5
2025-05-27 05:45	64.445	64.465	64.375	64.385	5
2025-05-27 05:50	64.400	64.560	64.390	64.540	5
2025-05-27 05:55	64.535	64.630	64.535	64.565	5
2025-05-27 06:00	64.570	64.630	64.560	64.620	5
2025-05-27 06:05	64.615	64.630	64.590	64.600	5
2025-05-27 06:10	64.610	64.720	64.610	64.720	5
2025-05-27 06:15	64.715	64.810	64.715	64.790	5
2025-05-27 06:20	64.785	64.840	64.785	64.835	5
2025-05-27 06:25	64.840	64.900	64.830	64.885	5
2025-05-27 06:30	64.875	64.955	64.870	64.945	5
2025-05-27 06:35	64.935	64.935	64.830	64.830	5
2025-05-27 06:40	64.820	64.865	64.820	64.845	5
2025-05-27 06:45	64.830	64.860	64.755	64.785	5
2025-05-27 06:50	64.780	64.800	64.750	64.780	5
2025-05-27 06:55	64.775	64.850	64.765	64.795	5
2025-05-27 07:00	64.800	64.800	64.660	64.715	5
2025-05-27 07:05	64.720	64.765	64.690	64.720	5
2025-05-27 07:10	64.725	64.750	64.670	64.685	5
2025-05-27 07:15	64.680	64.710	64.635	64.640	5
2025-05-27 07:20	64.645	64.645	64.590	64.610	5
2025-05-27 07:25	64.615	64.635	64.530	64.535	5
2025-05-27 07:30	64.530	64.550	64.495	64.505	5
2025-05-27 07:35	64.500	64.500	64.440	64.465	5
2025-05-27 07:40	64.470	64.515	64.440	64.440	5
2025-05-27 07:45	64.445	64.620	64.445	64.580	5
2025-05-27 07:50	64.565	64.565	64.475	64.495	5
2025-05-27 07:55	64.490	64.525	64.455	64.480	5
2025-05-27 08:00	64.490	64.705	64.490	64.635	5
2025-05-27 08:05	64.625	64.745	64.570	64.645	5
2025-05-27 08:10	64.640	64.680	64.600	64.675	5
2025-05-27 08:15	64.665	64.725	64.665	64.705	5
2025-05-27 08:20	64.710	64.785	64.710	64.775	5
2025-05-27 08:25	64.780	64.835	64.775	64.785	5
2025-05-27 08:30	64.790	64.845	64.755	64.825	5
2025-05-27 08:35	64.810	64.840	64.730	64.815	5
2025-05-27 08:40	64.820	64.840	64.750	64.790	5
2025-05-27 08:45	64.795	64.795	64.725	64.745	5
2025-05-27 08:50	64.750	64.795	64.745	64.795	5
2025-05-27 08:55	64.790	64.825	64.725	64.815	5
2025-05-27 09:00	64.810	64.985	64.800	64.980	5
2025-05-27 09:05	64.985	64.995	64.915	64.960	5
2025-05-27 09:10	64.965	65.000	64.940	64.975	5
2025-05-27 09:15	64.965	64.990	64.945	64.985	5
2025-05-27 09:20	64.975	64.990	64.945	64.965	5
2025-05-27 09:25	64.980	65.005	64.925	64.935	5
2025-05-27 09:30	64.955	65.115	64.945	65.095	5
2025-05-27 09:35	65.105	65.115	65.005	65.080	5
2025-05-27 09:40	65.090	65.110	65.000	65.015	5
2025-05-27 09:45	64.995	64.995	64.945	64.960	5
2025-05-27 09:50	64.955	65.050	64.945	65.015	5
2025-05-27 09:55	65.020	65.020	64.840	64.870	5
2025-05-27 10:00	64.875	64.940	64.865	64.875	5
2025-05-27 10:05	64.890	64.915	64.865	64.865	5
2025-05-27 10:10	64.870	64.875	64.835	64.845	5
2025-05-27 10:15	64.855	64.860	64.795	64.835	5
2025-05-27 10:20	64.830	64.865	64.820	64.865	5
2025-05-27 10:25	64.850	64.950	64.840	64.940	5
2025-05-27 10:30	64.945	64.945	64.895	64.910	5
2025-05-27 10:35	64.915	64.930	64.855	64.910	5
2025-05-27 10:40	64.925	64.935	64.870	64.905	5
2025-05-27 10:45	64.910	64.925	64.875	64.885	4
2025-05-27 10:50	64.895	64.900	64.815	64.815	5
2025-05-27 10:55	64.810	64.815	64.625	64.625	5
2025-05-27 11:00	64.635	64.705	64.625	64.670	5
2025-05-27 11:05	64.660	64.685	64.625	64.675	5
2025-05-27 11:10	64.685	64.705	64.665	64.680	5
2025-05-27 11:15	64.675	64.700	64.665	64.695	5
2025-05-27 11:20	64.700	64.735	64.685	64.690	5
2025-05-27 11:25	64.695	64.720	64.640	64.670	5
2025-05-27 11:30	64.665	64.675	64.595	64.604	5
2025-05-27 11:35	64.604	64.605	64.545	64.560	5
2025-05-27 11:40	64.550	64.565	64.485	64.485	5
2025-05-27 11:45	64.495	64.515	64.425	64.435	5
2025-05-27 11:50	64.445	64.450	64.405	64.440	5
2025-05-27 11:55	64.445	64.475	64.415	64.435	5
2025-05-27 12:00	64.415	64.485	64.400	64.475	5
2025-05-27 12:05	64.485	64.485	64.425	64.435	5
2025-05-27 12:10	64.425	64.440	64.400	64.415	5
2025-05-27 12:15	64.410	64.455	64.340	64.355	5
2025-05-27 12:20	64.350	64.425	64.235	64.325	5
2025-05-27 12:25	64.335	64.395	64.310	64.315	5
2025-05-27 12:30	64.320	64.320	64.260	64.290	5
2025-05-27 12:35	64.295	64.730	64.255	64.595	5
2025-05-27 12:40	64.610	64.715	64.520	64.525	5
2025-05-27 12:45	64.530	64.815	64.515	64.710	5
2025-05-27 12:50	64.705	64.775	64.570	64.570	5
2025-05-27 12:55	64.580	64.580	64.390	64.515	5
2025-05-27 13:00	64.520	64.600	64.060	64.095	5
2025-05-27 13:05	64.110	64.245	64.040	64.120	5
2025-05-27 13:10	64.115	64.175	64.000	64.030	5
2025-05-27 13:15	64.025	64.240	64.015	64.205	5
2025-05-27 13:20	64.210	64.325	64.200	64.310	5
2025-05-27 13:25	64.305	64.375	64.260	64.360	5
2025-05-27 13:30	64.350	64.370	64.235	64.255	5
2025-05-27 13:35	64.250	64.415	64.235	64.360	5
2025-05-27 13:40	64.355	64.470	64.320	64.420	5
2025-05-27 13:45	64.425	64.465	64.380	64.405	5
2025-05-27 13:50	64.400	64.405	64.240	64.295	5
2025-05-27 13:55	64.290	64.325	64.235	64.295	5
2025-05-27 14:00	64.300	64.345	64.108	64.108	5
2025-05-27 14:05	64.108	64.185	64.055	64.055	5
2025-05-27 14:10	64.060	64.125	64.025	64.090	5
2025-05-27 14:15	64.095	64.220	64.080	64.200	5
2025-05-27 14:20	64.210	64.335	64.180	64.305	5
2025-05-27 14:25	64.290	64.335	64.205	64.225	5
2025-05-27 14:30	64.190	64.230	64.095	64.130	5
2025-05-27 14:35	64.135	64.205	64.090	64.090	5
2025-05-27 14:40	64.085	64.145	64.050	64.095	5
2025-05-27 14:45	64.105	64.105	64.025	64.033	5
2025-05-27 14:50	64.030	64.033	63.688	63.750	5
2025-05-27 14:55	63.755	63.755	63.688	63.755	5
2025-05-27 15:00	63.770	63.820	63.705	63.740	5
2025-05-27 15:05	63.735	63.915	63.735	63.830	5
2025-05-27 15:10	63.825	63.880	63.785	63.800	5
2025-05-27 15:15	63.795	63.845	63.765	63.780	5
2025-05-27 15:20	63.775	63.795	63.688	63.710	5
2025-05-27 15:25	63.705	63.750	63.605	63.665	5
2025-05-27 15:30	63.650	63.705	63.585	63.585	5
2025-05-27 15:35	63.595	63.685	63.515	63.515	5
2025-05-27 15:40	63.520	63.565	63.485	63.535	5
2025-05-27 15:45	63.540	63.745	63.535	63.630	5
2025-05-27 15:50	63.635	63.635	63.560	63.635	5
2025-05-27 15:55	63.630	63.685	63.580	63.635	5
2025-05-27 16:00	63.630	63.840	63.630	63.740	5
2025-05-27 16:05	63.735	63.830	63.735	63.790	5
2025-05-27 16:10	63.795	63.885	63.785	63.835	5
2025-05-27 16:15	63.850	63.920	63.825	63.915	5
2025-05-27 16:20	63.905	63.965	63.900	63.945	5
2025-05-27 16:25	63.950	63.960	63.895	63.915	5
2025-05-27 16:30	63.910	63.955	63.900	63.950	5
2025-05-27 16:35	63.945	64.045	63.930	64.030	5
2025-05-27 16:40	64.035	64.040	63.965	64.000	5
2025-05-27 16:45	64.010	64.025	63.955	63.980	5
2025-05-27 16:50	63.985	64.025	63.975	63.975	5
2025-05-27 16:55	63.980	64.005	63.910	63.930	5
2025-05-27 17:00	63.925	63.960	63.775	63.815	5
2025-05-27 17:05	63.825	63.850	63.790	63.850	5
2025-05-27 17:10	63.845	63.850	63.825	63.825	5
2025-05-27 17:15	63.820	63.850	63.790	63.790	5
2025-05-27 17:20	63.795	63.825	63.785	63.820	5
2025-05-27 17:25	63.815	63.850	63.750	63.750	5
2025-05-27 17:30	63.745	63.815	63.725	63.760	5
2025-05-27 17:35	63.755	63.835	63.745	63.835	5
2025-05-27 17:40	63.840	63.880	63.785	63.790	5
2025-05-27 17:45	63.795	63.875	63.780	63.855	5
2025-05-27 17:50	63.850	63.890	63.840	63.870	5
2025-05-27 17:55	63.875	63.935	63.855	63.905	5
2025-05-27 18:00	63.910	63.975	63.905	63.930	5
2025-05-27 18:05	63.935	63.995	63.930	63.970	5
2025-05-27 18:10	63.965	63.995	63.945	63.980	5
2025-05-27 18:15	63.985	64.020	63.970	63.980	5
2025-05-27 18:20	63.975	64.085	63.960	64.045	5
2025-05-27 18:25	64.040	64.105	64.005	64.080	5
2025-05-27 18:30	64.085	64.105	64.055	64.065	5
2025-05-27 18:35	64.070	64.135	64.060	64.125	5
2025-05-27 18:40	64.135	64.135	64.085	64.115	5
2025-05-27 18:45	64.110	64.150	64.110	64.145	5
2025-05-27 18:50	64.140	64.140	64.100	64.100	5
2025-05-27 18:55	64.095	64.115	64.090	64.095	4
2025-05-27 19:00	64.100	64.155	64.095	64.150	4
2025-05-27 19:05	64.145	64.145	64.115	64.120	4
2025-05-27 19:10	64.115	64.120	64.095	64.120	4
2025-05-27 19:15	64.115	64.120	64.100	64.110	5
2025-05-27 19:20	64.105	64.120	64.090	64.120	4
2025-05-27 19:25	64.115	64.140	64.115	64.120	5
2025-05-27 19:30	64.125	64.150	64.120	64.150	4
2025-05-27 19:35	64.145	64.150	64.135	64.145	4
2025-05-27 19:40	64.150	64.155	64.145	64.145	4
2025-05-27 19:45	64.155	64.155	64.145	64.145	3
2025-05-27 19:50	64.150	64.160	64.145	64.145	5
2025-05-27 19:55	64.150	64.180	64.135	64.180	5
2025-05-27 20:00	64.180	64.182	64.157	64.177	5
2025-05-27 20:05	64.182	64.297	64.182	64.287	5
2025-05-27 20:10	64.292	64.292	64.242	64.257	5
2025-05-27 20:15	64.247	64.267	64.212	64.227	5
2025-05-27 20:20	64.222	64.227	64.207	64.217	4
2025-05-27 20:25	64.222	64.247	64.217	64.237	4
2025-05-27 20:30	64.247	64.317	64.237	64.307	5
2025-05-27 20:35	64.312	64.312	64.272	64.287	4
2025-05-28 00:00	63.855	63.945	63.845	63.940	5
2025-05-28 00:05	63.930	64.015	63.925	63.995	5
2025-05-28 00:10	63.990	64.040	63.975	64.035	5
2025-05-28 00:15	64.030	64.050	64.015	64.050	5
2025-05-28 00:20	64.045	64.050	64.005	64.025	5
2025-05-28 00:25	64.030	64.045	64.010	64.040	4
2025-05-28 00:30	64.045	64.050	64.005	64.005	5
2025-05-28 00:35	64.010	64.020	63.965	63.990	5
2025-05-28 00:40	63.995	64.035	63.995	64.035	4
2025-05-28 00:45	64.030	64.050	64.005	64.005	5
2025-05-28 00:50	64.010	64.035	64.005	64.035	5
2025-05-28 00:55	64.030	64.035	63.975	63.985	4
2025-05-28 01:00	63.975	64.050	63.925	64.025	5
2025-05-28 01:05	64.015	64.045	63.965	64.000	5
2025-05-28 01:10	63.995	64.000	63.960	63.975	5
2025-05-28 01:15	63.980	63.995	63.965	63.980	5
2025-05-28 01:20	63.975	64.040	63.970	64.035	5
2025-05-28 01:25	64.025	64.050	63.995	64.005	5
2025-05-28 01:30	64.000	64.005	63.945	63.945	5
2025-05-28 01:35	63.955	63.965	63.915	63.915	5
2025-05-28 01:40	63.920	63.920	63.805	63.825	5
2025-05-28 01:45	63.805	63.885	63.795	63.875	5
2025-05-28 01:50	63.870	63.900	63.855	63.870	5
2025-05-28 01:55	63.880	63.880	63.835	63.835	5
2025-05-28 02:00	63.815	63.865	63.805	63.845	5
2025-05-28 02:05	63.835	63.840	63.795	63.815	5
2025-05-28 02:10	63.810	63.875	63.810	63.850	5
2025-05-28 02:15	63.835	63.885	63.835	63.875	5
2025-05-28 02:20	63.865	63.875	63.855	63.855	4
2025-05-28 02:25	63.845	63.865	63.840	63.840	5
2025-05-28 02:30	63.845	63.865	63.825	63.855	5
2025-05-28 02:35	63.850	63.890	63.845	63.875	5
2025-05-28 02:40	63.870	63.915	63.870	63.900	4
2025-05-28 02:45	63.905	63.965	63.895	63.965	5
2025-05-28 02:50	63.960	63.965	63.955	63.955	5
2025-05-28 02:55	63.965	63.970	63.945	63.950	5
2025-05-28 03:00	63.940	63.955	63.905	63.915	5
2025-05-28 03:05	63.925	63.970	63.925	63.945	5
2025-05-28 03:10	63.950	63.955	63.925	63.945	5
2025-05-28 03:15	63.950	63.975	63.945	63.945	5
2025-05-28 03:20	63.940	63.955	63.930	63.955	5
2025-05-28 03:25	63.950	63.955	63.900	63.920	5
2025-05-28 03:30	63.915	63.915	63.795	63.805	5
2025-05-28 03:35	63.795	63.825	63.780	63.805	5
2025-05-28 03:40	63.800	63.805	63.795	63.805	4
2025-05-28 03:45	63.800	63.805	63.795	63.795	5
2025-05-28 03:50	63.800	63.805	63.753	63.753	5
2025-05-28 03:55	63.795	63.825	63.795	63.815	5
2025-05-28 04:00	63.820	63.920	63.815	63.860	5
2025-05-28 04:05	63.855	63.870	63.855	63.855	4
2025-05-28 04:10	63.860	63.890	63.818	63.870	5
2025-05-28 04:15	63.865	63.865	63.788	63.835	5
2025-05-28 04:20	63.830	63.845	63.830	63.840	4
2025-05-28 04:25	63.835	63.870	63.835	63.865	5
2025-05-28 04:30	63.860	63.890	63.855	63.870	4
2025-05-28 04:35	63.875	63.895	63.848	63.895	5
2025-05-28 04:40	63.900	63.905	63.850	63.855	4
2025-05-28 04:45	63.850	63.850	63.820	63.825	5
2025-05-28 04:50	63.830	63.855	63.810	63.850	4
2025-05-28 04:55	63.845	63.845	63.835	63.840	5
2025-05-28 05:00	63.845	63.880	63.845	63.860	5
2025-05-28 05:05	63.865	63.885	63.840	63.865	5
2025-05-28 05:10	63.860	63.890	63.860	63.880	5
2025-05-28 05:15	63.875	63.905	63.875	63.895	5
2025-05-28 05:20	63.905	63.925	63.890	63.915	5
2025-05-28 05:25	63.910	63.920	63.875	63.885	4
2025-05-28 05:30	63.895	63.905	63.765	63.785	5
2025-05-28 05:35	63.790	63.825	63.790	63.820	5
2025-05-28 05:40	63.825	63.850	63.815	63.815	5
2025-05-28 05:45	63.820	63.835	63.805	63.825	5
2025-05-28 05:50	63.815	63.835	63.795	63.825	5
2025-05-28 05:55	63.820	63.835	63.765	63.785	5
2025-05-28 06:00	63.795	63.795	63.715	63.735	5
2025-05-28 06:05	63.725	63.765	63.708	63.735	5
2025-05-28 06:10	63.740	63.740	63.715	63.730	5
2025-05-28 06:15	63.725	63.735	63.708	63.708	5
2025-05-28 06:20	63.708	63.745	63.708	63.745	5
2025-05-28 06:25	63.735	63.735	63.685	63.695	5
2025-05-28 06:30	63.705	63.715	63.695	63.695	5
2025-05-28 06:35	63.705	63.710	63.620	63.635	5
2025-05-28 06:40	63.630	63.630	63.555	63.555	5
2025-05-28 06:45	63.565	63.565	63.495	63.525	5
2025-05-28 06:50	63.520	63.625	63.515	63.615	5
2025-05-28 06:55	63.610	63.620	63.575	63.580	5
2025-05-28 07:00	63.585	63.875	63.585	63.865	5
2025-05-28 07:05	63.870	63.875	63.795	63.835	5
2025-05-28 07:10	63.820	63.865	63.820	63.855	5
2025-05-28 07:15	63.865	63.935	63.865	63.895	5
2025-05-28 07:20	63.905	63.905	63.885	63.895	5
2025-05-28 07:25	63.900	63.925	63.870	63.895	4
2025-05-28 07:30	63.900	63.925	63.835	63.835	5
2025-05-28 07:35	63.825	63.880	63.820	63.875	5
2025-05-28 07:40	63.885	63.945	63.855	63.925	5
2025-05-28 07:45	63.935	63.985	63.905	63.985	5
2025-05-28 07:50	63.995	63.995	63.935	63.945	5
2025-05-28 07:55	63.893	64.005	63.883	63.965	5
2025-05-28 08:00	63.923	63.995	63.900	63.925	5
2025-05-28 08:05	63.935	63.975	63.820	63.825	5
2025-05-28 08:10	63.815	63.935	63.815	63.900	5
2025-05-28 08:15	63.905	63.915	63.780	63.790	5
2025-05-28 08:20	63.785	63.790	63.635	63.665	5
2025-05-28 08:25	63.655	63.700	63.575	63.615	5
2025-05-28 08:30	63.605	63.645	63.545	63.595	5
2025-05-28 08:35	63.605	63.640	63.585	63.600	5
2025-05-28 08:40	63.595	63.625	63.575	63.575	5
2025-05-28 08:45	63.585	63.665	63.575	63.635	5
2025-05-28 08:50	63.630	63.645	63.605	63.610	5
2025-05-28 08:55	63.615	63.665	63.555	63.655	5
2025-05-28 09:00	63.625	63.715	63.595	63.710	5
2025-05-28 09:05	63.715	63.755	63.715	63.755	5
2025-05-28 09:10	63.745	63.810	63.725	63.805	5
2025-05-28 09:15	63.795	63.845	63.785	63.825	4
2025-05-28 09:20	63.805	63.905	63.805	63.905	5
2025-05-28 09:25	63.900	63.915	63.855	63.875	5
2025-05-28 09:30	63.865	63.945	63.795	63.945	5
2025-05-28 09:35	63.955	63.975	63.935	63.965	5
2025-05-28 09:40	63.975	64.005	63.955	64.005	5
2025-05-28 09:45	64.015	64.055	63.945	63.955	4
2025-05-28 09:50	63.965	64.005	63.955	63.965	5
2025-05-28 09:55	63.960	64.005	63.945	63.945	5
2025-05-28 10:00	63.935	64.005	63.915	63.995	5
2025-05-28 10:05	63.990	64.025	63.965	63.995	4
2025-05-28 10:10	63.985	64.055	63.935	64.035	5
2025-05-28 10:15	64.025	64.075	64.015	64.060	5
2025-05-28 10:20	64.065	64.085	64.055	64.085	4
2025-05-28 10:25	64.075	64.080	64.025	64.075	5
2025-05-28 10:30	64.070	64.105	64.055	64.095	5
2025-05-28 10:35	64.100	64.155	64.095	64.125	5
2025-05-28 10:40	64.115	64.145	64.075	64.095	5
2025-05-28 10:45	64.105	64.115	64.055	64.075	5
2025-05-28 10:50	64.065	64.155	64.065	64.155	4
2025-05-28 10:55	64.185	64.215	64.115	64.125	5
2025-05-28 11:00	64.120	64.125	64.075	64.115	5
2025-05-28 11:05	64.110	64.115	64.075	64.115	5
2025-05-28 11:10	64.105	64.135	64.085	64.105	5
2025-05-28 11:15	64.100	64.105	64.015	64.015	5
2025-05-28 11:20	64.025	64.025	63.975	64.015	5
2025-05-28 11:25	64.020	64.065	64.005	64.005	5
2025-05-28 11:30	64.015	64.135	63.985	64.135	5
2025-05-28 11:35	64.145	64.145	64.085	64.085	4
2025-05-28 11:40	64.095	64.145	64.085	64.125	5
2025-05-28 11:45	64.115	64.155	64.105	64.145	5
2025-05-28 11:50	64.165	64.175	64.090	64.115	5
2025-05-28 11:55	64.125	64.125	64.045	64.045	5
2025-05-28 12:00	64.055	64.115	64.030	64.105	5
2025-05-28 12:05	64.110	64.195	64.105	64.195	5
2025-05-28 12:10	64.190	64.195	64.165	64.185	5
2025-05-28 12:15	64.195	64.215	64.115	64.175	5
2025-05-28 12:20	64.170	64.275	64.170	64.245	5
2025-05-28 12:25	64.255	64.255	64.225	64.225	5
2025-05-28 12:30	64.235	64.245	64.175	64.180	5
2025-05-28 12:35	64.175	64.265	64.175	64.240	5
2025-05-28 12:40	64.245	64.275	64.205	64.265	5
2025-05-28 12:45	64.275	64.335	64.233	64.300	5
2025-05-28 12:50	64.305	64.335	64.295	64.335	5
2025-05-28 12:55	64.345	64.365	64.325	64.355	5
2025-05-28 13:00	64.360	64.515	64.315	64.455	5
2025-05-28 13:05	64.445	64.465	64.355	64.380	5
2025-05-28 13:10	64.375	64.410	64.295	64.375	5
2025-05-28 13:15	64.365	64.455	64.330	64.435	5
2025-05-28 13:20	64.430	64.475	64.420	64.465	5
2025-05-28 13:25	64.460	64.530	64.425	64.525	5
2025-05-28 13:30	64.483	64.605	64.455	64.555	5
2025-05-28 13:35	64.550	64.605	64.475	64.485	5
2025-05-28 13:40	64.475	64.475	64.405	64.420	5
2025-05-28 13:45	64.425	64.455	64.365	64.395	5
2025-05-28 13:50	64.405	64.405	64.295	64.345	5
2025-05-28 13:55	64.340	64.390	64.278	64.340	5
2025-05-28 14:00	64.345	64.445	64.303	64.435	5
2025-05-28 14:05	64.425	64.465	64.405	64.430	5
2025-05-28 14:10	64.425	64.445	64.360	64.430	5
2025-05-28 14:15	64.435	64.445	64.305	64.445	5
2025-05-28 14:20	64.450	64.465	64.370	64.375	5
2025-05-28 14:25	64.365	64.395	64.255	64.325	5
2025-05-28 14:30	64.315	64.325	64.150	64.245	5
2025-05-28 14:35	64.235	64.265	64.205	64.255	5
2025-05-28 14:40	64.260	64.375	64.225	64.305	5
2025-05-28 14:45	64.310	64.315	64.220	64.255	5
2025-05-28 14:50	64.250	64.250	64.185	64.215	5
2025-05-28 14:55	64.173	64.235	64.173	64.220	5
2025-05-28 15:00	64.225	64.335	64.195	64.315	5
2025-05-28 15:05	64.325	64.410	64.290	64.410	5
2025-05-28 15:10	64.425	64.435	64.300	64.375	5
2025-05-28 15:15	64.380	64.430	64.305	64.415	5
2025-05-28 15:20	64.425	64.465	64.400	64.450	5
2025-05-28 15:25	64.455	64.505	64.435	64.450	5
2025-05-28 15:30	64.455	64.495	64.425	64.495	5
2025-05-28 15:35	64.505	64.965	64.495	64.925	5
2025-05-28 15:40	64.920	65.020	64.885	64.955	5
2025-05-28 15:45	64.960	64.965	64.835	64.885	5
2025-05-28 15:50	64.890	64.905	64.695	64.790	5
2025-05-28 15:55	64.795	64.835	64.740	64.805	5
2025-05-28 16:00	64.815	64.845	64.760	64.805	5
2025-05-28 16:05	64.795	64.795	64.383	64.605	5
2025-05-28 16:10	64.615	64.675	64.555	64.635	5
2025-05-28 16:15	64.625	64.665	64.565	64.585	5
2025-05-28 16:20	64.575	64.605	64.535	64.545	5
2025-05-28 16:25	64.535	64.705	64.535	64.645	5
2025-05-28 16:30	64.655	64.705	64.580	64.675	5
2025-05-28 16:35	64.680	64.705	64.605	64.605	5
2025-05-28 16:40	64.600	64.610	64.445	64.605	5
2025-05-28 16:45	64.610	64.645	64.560	64.605	5
2025-05-28 16:50	64.615	64.615	64.530	64.555	5
2025-05-28 16:55	64.550	64.610	64.535	64.600	5
2025-05-28 17:00	64.605	64.645	64.545	64.545	5
2025-05-28 17:05	64.535	64.545	64.455	64.485	5
2025-05-28 17:10	64.495	64.515	64.470	64.475	5
2025-05-28 17:15	64.470	64.495	64.415	64.435	5
2025-05-28 17:20	64.445	64.485	64.425	64.445	5
2025-05-28 17:25	64.455	64.455	64.415	64.425	5
2025-05-28 17:30	64.435	64.475	64.435	64.445	5
2025-05-28 17:35	64.450	64.455	64.435	64.455	5
2025-05-28 17:40	64.460	64.475	64.345	64.390	5
2025-05-28 17:45	64.395	64.425	64.310	64.330	5
2025-05-28 17:50	64.325	64.355	64.285	64.355	5
2025-05-28 17:55	64.345	64.405	64.345	64.405	5
2025-05-28 18:00	64.415	64.500	64.415	64.485	5
2025-05-28 18:05	64.475	64.495	64.455	64.475	5
2025-05-28 18:10	64.470	64.535	64.470	64.525	5
2025-05-28 18:15	64.530	64.530	64.485	64.495	5
2025-05-28 18:20	64.485	64.485	64.385	64.405	5
2025-05-28 18:25	64.395	64.400	64.245	64.285	5
2025-05-28 18:30	64.290	64.305	64.185	64.185	5
2025-05-28 18:35	64.170	64.225	64.155	64.205	5
2025-05-28 18:40	64.200	64.205	64.175	64.185	5
2025-05-28 18:45	64.190	64.225	64.180	64.225	5
2025-05-28 18:50	64.215	64.225	64.015	64.015	5
2025-05-28 18:55	64.020	64.075	63.985	64.035	5
2025-05-28 19:00	64.030	64.035	63.969	63.995	5
2025-05-28 19:05	63.990	64.040	63.975	64.010	5
2025-05-28 19:10	64.015	64.045	63.969	63.985	5
2025-05-28 19:15	63.980	64.045	63.969	63.975	5
2025-05-28 19:20	63.969	63.995	63.969	63.985	5
2025-05-28 19:25	63.990	63.995	63.975	63.985	5
2025-05-28 19:30	63.980	63.985	63.975	63.975	3
2025-05-28 19:35	63.980	64.000	63.969	63.969	5
2025-05-28 19:40	63.969	63.980	63.969	63.969	5
2025-05-28 19:45	63.970	64.025	63.969	64.025	5
2025-05-28 19:50	64.015	64.025	63.980	63.995	5
2025-05-28 19:55	64.000	64.030	64.000	64.025	5
2025-05-28 20:00	64.002	64.052	63.972	64.052	5
2025-05-28 20:05	64.047	64.047	64.027	64.032	5
2025-05-28 20:10	64.037	64.037	63.997	64.002	4
2025-05-28 20:15	63.997	64.182	63.997	64.107	4
2025-05-28 20:20	64.097	64.222	64.067	64.177	5
2025-05-28 20:25	64.182	64.182	64.127	64.152	5
2025-05-28 20:30	64.147	64.262	64.132	64.217	5
2025-05-28 20:35	64.222	64.262	64.192	64.242	5
2025-05-28 20:40	64.247	64.272	64.222	64.262	5
2025-05-28 20:45	64.267	64.292	64.248	64.272	5
2025-05-28 20:50	64.277	64.317	64.268	64.302	5
2025-05-28 20:55	64.312	64.312	64.272	64.272	5
2025-05-29 00:00	64.645	64.770	64.595	64.660	5
2025-05-29 00:05	64.650	64.735	64.625	64.715	5
2025-05-29 00:10	64.720	64.745	64.675	64.690	5
2025-05-29 00:15	64.695	64.745	64.670	64.735	5
2025-05-29 00:20	64.740	64.810	64.715	64.785	5
2025-05-29 00:25	64.800	64.800	64.725	64.770	5
2025-05-29 00:30	64.765	64.775	64.730	64.765	5
2025-05-29 00:35	64.775	64.775	64.720	64.740	5
2025-05-29 00:40	64.735	64.800	64.735	64.795	5
2025-05-29 00:45	64.800	64.805	64.770	64.805	5
2025-05-29 00:50	64.820	64.875	64.810	64.875	5
2025-05-29 00:55	64.885	64.965	64.865	64.960	5
2025-05-29 01:00	64.955	65.140	64.955	65.060	5
2025-05-29 01:05	65.055	65.075	64.965	64.980	5
2025-05-29 01:10	64.975	65.085	64.975	65.070	5
2025-05-29 01:15	65.065	65.075	64.925	64.940	5
2025-05-29 01:20	64.945	65.005	64.905	64.910	5
2025-05-29 01:25	64.905	64.925	64.840	64.905	5
2025-05-29 01:30	64.910	64.935	64.835	64.850	5
2025-05-29 01:35	64.855	65.005	64.845	64.965	5
2025-05-29 01:40	64.960	65.065	64.955	64.980	5
2025-05-29 01:45	64.985	65.000	64.965	64.990	5
2025-05-29 01:50	64.995	65.075	64.990	65.055	5
2025-05-29 01:55	65.045	65.095	65.045	65.085	5
2025-05-29 02:00	65.075	65.115	65.050	65.055	5
2025-05-29 02:05	65.050	65.110	65.035	65.090	5
2025-05-29 02:10	65.075	65.075	65.025	65.050	5
2025-05-29 02:15	65.060	65.065	65.040	65.065	4
2025-05-29 02:20	65.075	65.105	65.025	65.025	5
2025-05-29 02:25	65.030	65.050	65.020	65.035	5
2025-05-29 02:30	65.045	65.065	64.990	65.045	5
2025-05-29 02:35	65.050	65.095	65.025	65.065	5
2025-05-29 02:40	65.070	65.110	65.050	65.095	5
2025-05-29 02:45	65.100	65.120	65.080	65.105	5
2025-05-29 02:50	65.115	65.115	65.055	65.065	5
2025-05-29 02:55	65.055	65.090	65.055	65.085	5
2025-05-29 03:00	65.090	65.095	65.025	65.025	5
2025-05-29 03:05	65.035	65.035	64.985	64.985	5
2025-05-29 03:10	64.995	65.120	64.985	65.100	5
2025-05-29 03:15	65.105	65.105	65.025	65.080	5
2025-05-29 03:20	65.085	65.095	65.065	65.080	5
2025-05-29 03:25	65.085	65.085	65.065	65.080	5
2025-05-29 03:30	65.075	65.075	65.010	65.050	5
2025-05-29 03:35	65.045	65.070	65.035	65.050	5
2025-05-29 03:40	65.055	65.105	65.055	65.085	5
2025-05-29 03:45	65.090	65.095	65.055	65.065	5
2025-05-29 03:50	65.060	65.075	65.055	65.055	5
2025-05-29 03:55	65.065	65.065	65.035	65.055	4
2025-05-29 04:00	65.060	65.075	65.015	65.015	5
2025-05-29 04:05	65.005	65.015	64.990	65.015	4
2025-05-29 04:10	65.020	65.050	65.020	65.040	5
2025-05-29 04:15	65.035	65.045	65.015	65.045	5
2025-05-29 04:20	65.050	65.065	65.045	65.055	5
2025-05-29 04:25	65.060	65.065	65.008	65.050	4
2025-05-29 04:30	65.045	65.055	65.045	65.045	3
2025-05-29 04:35	64.998	65.075	64.998	65.070	5
2025-05-29 04:40	65.115	65.165	65.112	65.160	5
2025-05-29 04:45	65.155	65.160	65.120	65.125	5
2025-05-29 04:50	65.130	65.155	65.120	65.145	5
2025-05-29 04:55	65.150	65.175	65.135	65.170	5
2025-05-29 05:00	65.175	65.175	65.145	65.175	5
2025-05-29 05:05	65.170	65.195	65.170	65.185	5
2025-05-29 05:10	65.190	65.200	65.175	65.185	5
2025-05-29 05:15	65.175	65.255	65.175	65.255	5
2025-05-29 05:20	65.245	65.255	65.235	65.245	5
2025-05-29 05:25	65.255	65.275	65.235	65.275	5
2025-05-29 05:30	65.280	65.315	65.265	65.310	5
2025-05-29 05:35	65.305	65.315	65.285	65.305	5
2025-05-29 05:40	65.300	65.315	65.285	65.305	4
2025-05-29 05:45	65.310	65.315	65.295	65.310	5
2025-05-29 05:50	65.315	65.345	65.295	65.325	5
2025-05-29 05:55	65.315	65.345	65.315	65.335	5
2025-05-29 06:00	65.330	65.335	65.260	65.265	5
2025-05-29 06:05	65.255	65.275	65.235	65.245	5
2025-05-29 06:10	65.250	65.275	65.235	65.240	5
2025-05-29 06:15	65.245	65.275	65.185	65.185	5
2025-05-29 06:20	65.180	65.205	65.160	65.185	5
2025-05-29 06:25	65.190	65.305	65.175	65.295	5
2025-05-29 06:30	65.290	65.325	65.275	65.320	5
2025-05-29 06:35	65.325	65.410	65.325	65.400	5
2025-05-29 06:40	65.395	65.400	65.355	65.385	5
2025-05-29 06:45	65.365	65.390	65.325	65.345	5
2025-05-29 06:50	65.335	65.375	65.310	65.375	5
2025-05-29 06:55	65.365	65.375	65.340	65.350	5
2025-05-29 07:00	65.345	65.395	65.325	65.355	5
2025-05-29 07:05	65.345	65.425	65.335	65.375	5
2025-05-29 07:10	65.385	65.385	65.235	65.275	5
2025-05-29 07:15	65.265	65.305	65.220	65.265	5
2025-05-29 07:20	65.280	65.280	65.225	65.275	5
2025-05-29 07:25	65.285	65.295	65.245	65.265	5
2025-05-29 07:30	65.275	65.355	65.275	65.335	5
2025-05-29 07:35	65.345	65.415	65.345	65.405	5
2025-05-29 07:40	65.410	65.415	65.305	65.360	5
2025-05-29 07:45	65.365	65.410	65.340	65.405	5
2025-05-29 07:50	65.395	65.470	65.365	65.435	5
2025-05-29 07:55	65.445	65.455	65.370	65.405	5
2025-05-29 08:00	65.425	65.435	65.295	65.325	5
2025-05-29 08:05	65.335	65.365	65.275	65.285	5
2025-05-29 08:10	65.280	65.315	65.225	65.230	5
2025-05-29 08:15	65.235	65.245	65.215	65.235	5
2025-05-29 08:20	65.225	65.235	65.135	65.155	5
2025-05-29 08:25	65.160	65.165	64.955	64.965	5
2025-05-29 08:30	64.955	65.065	64.945	65.005	5
2025-05-29 08:35	65.010	65.025	64.885	64.895	5
2025-05-29 08:40	64.905	64.965	64.885	64.935	5
2025-05-29 08:45	64.945	64.985	64.925	64.965	5
2025-05-29 08:50	64.975	64.985	64.955	64.975	5
2025-05-29 08:55	64.965	64.975	64.935	64.965	5
2025-05-29 09:00	64.975	64.985	64.935	64.965	5
2025-05-29 09:05	64.955	65.010	64.925	65.005	5
2025-05-29 09:10	65.010	65.075	65.005	65.055	5
2025-05-29 09:15	65.045	65.085	64.970	64.985	5
2025-05-29 09:20	64.975	65.065	64.955	65.060	5
2025-05-29 09:25	65.055	65.065	65.015	65.050	5
2025-05-29 09:30	65.055	65.055	64.975	64.995	5
2025-05-29 09:35	65.000	65.115	64.995	65.085	5
2025-05-29 09:40	65.090	65.155	65.065	65.145	5
2025-05-29 09:45	65.140	65.175	65.135	65.165	5
2025-05-29 09:50	65.145	65.165	65.125	65.135	5
2025-05-29 09:55	65.140	65.185	65.135	65.155	5
2025-05-29 10:00	65.145	65.165	65.115	65.150	5
2025-05-29 10:05	65.145	65.155	65.105	65.130	5
2025-05-29 10:10	65.135	65.155	65.055	65.060	5
2025-05-29 10:15	65.065	65.075	65.015	65.015	5
2025-05-29 10:20	65.010	65.015	64.895	64.895	5
2025-05-29 10:25	64.905	64.905	64.865	64.865	5
2025-05-29 10:30	64.870	64.895	64.750	64.755	5
2025-05-29 10:35	64.765	64.765	64.585	64.585	5
2025-05-29 10:40	64.595	64.605	64.450	64.455	5
2025-05-29 10:45	64.465	64.525	64.430	64.435	5
2025-05-29 10:50	64.445	64.445	64.335	64.335	5
2025-05-29 10:55	64.340	64.425	64.315	64.395	5
2025-05-29 11:00	64.405	64.475	64.385	64.455	5
2025-05-29 11:05	64.450	64.510	64.425	64.485	5
2025-05-29 11:10	64.475	64.530	64.435	64.525	5
2025-05-29 11:15	64.520	64.575	64.510	64.555	5
2025-05-29 11:20	64.565	64.600	64.555	64.580	5
2025-05-29 11:25	64.585	64.585	64.515	64.535	5
2025-05-29 11:30	64.555	64.565	64.465	64.495	5
2025-05-29 11:35	64.515	64.580	64.515	64.540	5
2025-05-29 11:40	64.535	64.615	64.535	64.585	5
2025-05-29 11:45	64.565	64.575	64.535	64.575	5
2025-05-29 11:50	64.570	64.590	64.490	64.515	5
2025-05-29 11:55	64.505	64.525	64.425	64.445	5
2025-05-29 12:00	64.440	64.505	64.395	64.445	5
2025-05-29 12:05	64.435	64.505	64.383	64.435	5
2025-05-29 12:10	64.420	64.455	64.390	64.425	5
2025-05-29 12:15	64.430	64.465	64.360	64.360	5
2025-05-29 12:20	64.355	64.380	64.185	64.235	5
2025-05-29 12:25	64.240	64.280	64.225	64.270	5
2025-05-29 12:30	64.275	64.355	64.255	64.315	5
2025-05-29 12:35	64.305	64.340	64.185	64.190	5
2025-05-29 12:40	64.195	64.210	64.000	64.000	5
2025-05-29 12:45	64.000	64.115	64.000	64.105	5
2025-05-29 12:50	64.095	64.110	63.965	63.969	5
2025-05-29 12:55	63.969	64.065	63.969	64.025	5
2025-05-29 13:00	64.015	64.140	63.875	63.900	5
2025-05-29 13:05	63.895	63.990	63.875	63.945	5
2025-05-29 13:10	63.955	64.030	63.835	63.855	5
2025-05-29 13:15	63.865	63.895	63.835	63.865	5
2025-05-29 13:20	63.885	63.885	63.785	63.815	5
2025-05-29 13:25	63.810	63.810	63.645	63.705	5
2025-05-29 13:30	63.695	63.695	63.615	63.615	5
2025-05-29 13:35	63.625	63.660	63.535	63.595	5
2025-05-29 13:40	63.600	63.645	63.545	63.545	5
2025-05-29 13:45	63.550	63.685	63.545	63.675	5
2025-05-29 13:50	63.665	63.710	63.505	63.515	5
2025-05-29 13:55	63.510	63.555	63.475	63.477	5
2025-05-29 14:00	63.477	63.515	63.477	63.477	5
2025-05-29 14:05	63.477	63.477	63.165	63.195	5
2025-05-29 14:10	63.205	63.325	63.195	63.285	5
2025-05-29 14:15	63.275	63.300	63.105	63.155	5
2025-05-29 14:20	63.160	63.275	63.135	63.235	5
2025-05-29 14:25	63.225	63.335	63.205	63.300	5
2025-05-29 14:30	63.295	63.405	63.285	63.345	5
2025-05-29 14:35	63.325	63.395	63.285	63.295	5
2025-05-29 14:40	63.285	63.325	63.255	63.285	5
2025-05-29 14:45	63.290	63.485	63.260	63.455	5
2025-05-29 14:50	63.445	63.575	63.425	63.545	5
2025-05-29 14:55	63.555	63.635	63.530	63.530	5
2025-05-29 15:00	63.525	63.625	63.485	63.530	5
2025-05-29 15:05	63.525	63.565	63.415	63.445	5
2025-05-29 15:10	63.440	63.455	63.315	63.370	5
2025-05-29 15:15	63.375	63.405	63.295	63.315	5
2025-05-29 15:20	63.305	63.455	63.305	63.440	5
2025-05-29 15:25	63.435	63.495	63.405	63.425	5
2025-05-29 15:30	63.415	63.475	63.325	63.355	5
2025-05-29 15:35	63.365	63.445	63.315	63.425	5
2025-05-29 15:40	63.415	63.435	63.285	63.285	5
2025-05-29 15:45	63.295	63.435	63.285	63.410	5
2025-05-29 15:50	63.405	63.525	63.375	63.460	5
2025-05-29 15:55	63.465	63.525	63.420	63.465	5
2025-05-29 16:00	63.423	63.590	63.423	63.575	5
2025-05-29 16:05	63.595	63.620	63.525	63.525	5
2025-05-29 16:10	63.535	63.585	63.445	63.470	5
2025-05-29 16:15	63.465	63.555	63.445	63.550	5
2025-05-29 16:20	63.545	63.605	63.515	63.515	5
2025-05-29 16:25	63.525	63.525	63.440	63.475	5
2025-05-29 16:30	63.470	63.525	63.445	63.450	5
2025-05-29 16:35	63.445	63.525	63.445	63.465	5
2025-05-29 16:40	63.455	63.465	63.330	63.355	5
2025-05-29 16:45	63.365	63.395	63.315	63.325	5
2025-05-29 16:50	63.335	63.395	63.335	63.375	5
2025-05-29 16:55	63.365	63.370	63.325	63.325	5
2025-05-29 17:00	63.335	63.435	63.335	63.375	5
2025-05-29 17:05	63.380	63.385	63.250	63.260	5
2025-05-29 17:10	63.265	63.310	63.255	63.265	5
2025-05-29 17:15	63.275	63.315	63.270	63.315	5
2025-05-29 17:20	63.305	63.315	63.265	63.295	5
2025-05-29 17:25	63.285	63.315	63.255	63.265	5
2025-05-29 17:30	63.275	63.325	63.275	63.305	5
2025-05-29 17:35	63.300	63.335	63.295	63.305	5
2025-05-29 17:40	63.300	63.305	63.255	63.275	5
2025-05-29 17:45	63.280	63.305	63.220	63.225	5
2025-05-29 17:50	63.235	63.305	63.235	63.285	5
2025-05-29 17:55	63.275	63.285	63.225	63.235	5
2025-05-29 18:00	63.245	63.285	63.235	63.235	5
2025-05-29 18:05	63.240	63.265	63.225	63.225	5
2025-05-29 18:10	63.235	63.345	63.225	63.295	5
2025-05-29 18:15	63.290	63.305	63.245	63.265	5
2025-05-29 18:20	63.275	63.355	63.245	63.295	5
2025-05-29 18:25	63.305	63.360	63.295	63.355	5
2025-05-29 18:30	63.360	63.375	63.340	63.345	5
2025-05-29 18:35	63.350	63.385	63.345	63.365	4
2025-05-29 18:40	63.360	63.365	63.345	63.345	5
2025-05-29 18:45	63.350	63.370	63.345	63.370	5
2025-05-29 18:50	63.375	63.375	63.335	63.345	4
2025-05-29 18:55	63.350	63.355	63.305	63.325	5
2025-05-29 19:00	63.335	63.365	63.315	63.325	5
2025-05-29 19:05	63.320	63.365	63.223	63.315	5
2025-05-29 19:10	63.320	63.330	63.300	63.320	5
2025-05-29 19:15	63.325	63.340	63.300	63.335	5
2025-05-29 19:20	63.330	63.365	63.330	63.355	5
2025-05-29 19:25	63.360	63.365	63.335	63.355	2
2025-05-29 19:30	63.360	63.385	63.355	63.365	4
2025-05-29 19:35	63.355	63.380	63.355	63.365	5
2025-05-29 19:40	63.375	63.375	63.350	63.355	4
2025-05-29 19:45	63.365	63.375	63.345	63.345	5
2025-05-29 19:50	63.355	63.375	63.345	63.355	5
2025-05-29 19:55	63.360	63.360	63.305	63.325	5
2025-05-29 20:00	63.283	63.307	63.272	63.297	5
2025-05-29 20:05	63.302	63.312	63.292	63.297	5
2025-05-29 20:10	63.302	63.302	63.282	63.297	5
2025-05-29 20:15	63.292	63.302	63.292	63.302	4
2025-05-29 20:20	63.307	63.312	63.292	63.312	5
2025-05-29 20:25	63.307	63.332	63.302	63.322	4
2025-05-29 20:30	63.317	63.337	63.317	63.332	3
2025-05-29 20:35	63.308	63.352	63.308	63.352	4
2025-05-29 20:40	63.362	63.362	63.332	63.332	4
2025-05-29 20:45	63.342	63.342	63.292	63.317	5
2025-05-29 20:50	63.302	63.302	63.282	63.282	5
2025-05-29 20:55	63.287	63.332	63.287	63.322	4
2025-05-30 00:00	63.227	63.375	63.227	63.350	5
2025-05-30 00:05	63.345	63.345	63.295	63.320	5
2025-05-30 00:10	63.315	63.325	63.245	63.290	5
2025-05-30 00:15	63.285	63.305	63.265	63.295	5
2025-05-30 00:20	63.290	63.315	63.275	63.290	5
2025-05-30 00:25	63.285	63.305	63.255	63.305	5
2025-05-30 00:30	63.295	63.295	63.235	63.245	5
2025-05-30 00:35	63.250	63.250	63.215	63.225	5
2025-05-30 00:40	63.220	63.225	63.178	63.205	5
2025-05-30 00:45	63.200	63.205	63.128	63.165	5
2025-05-30 00:50	63.170	63.175	63.111	63.115	5
2025-05-30 00:55	63.111	63.205	63.111	63.190	5
2025-05-30 01:00	63.195	63.195	62.930	62.935	5
2025-05-30 01:05	62.940	63.020	62.915	63.015	5
2025-05-30 01:10	63.020	63.035	62.945	63.005	5
2025-05-30 01:15	62.995	63.090	62.995	63.045	5
2025-05-30 01:20	63.035	63.105	63.015	63.080	5
2025-05-30 01:25	63.085	63.090	63.045	63.045	5
2025-05-30 01:30	63.050	63.070	63.015	63.025	5
2025-05-30 01:35	63.020	63.065	62.995	63.065	5
2025-05-30 01:40	63.075	63.135	63.065	63.115	5
2025-05-30 01:45	63.125	63.135	63.085	63.125	5
2025-05-30 01:50	63.135	63.185	63.135	63.180	5
2025-05-30 01:55	63.175	63.195	63.140	63.140	5
2025-05-30 02:00	63.135	63.155	63.080	63.085	5
2025-05-30 02:05	63.080	63.110	63.055	63.060	5
2025-05-30 02:10	63.055	63.065	62.995	63.020	5
2025-05-30 02:15	63.025	63.105	63.025	63.095	5
2025-05-30 02:20	63.100	63.105	63.075	63.085	5
2025-05-30 02:25	63.090	63.095	63.028	63.065	4
2025-05-30 02:30	63.075	63.075	62.975	62.980	5
2025-05-30 02:35	62.985	63.020	62.960	63.010	5
2025-05-30 02:40	63.015	63.075	63.015	63.075	5
2025-05-30 02:45	63.065	63.105	63.050	63.055	5
2025-05-30 02:50	63.050	63.060	63.010	63.015	5
2025-05-30 02:55	63.005	63.140	62.995	63.085	5
2025-05-30 03:00	63.090	63.090	63.005	63.015	5
2025-05-30 03:05	63.020	63.070	63.015	63.035	5
2025-05-30 03:10	63.030	63.075	63.030	63.050	5
2025-05-30 03:15	63.055	63.055	63.005	63.025	5
2025-05-30 03:20	63.030	63.030	63.010	63.015	5
2025-05-30 03:25	63.010	63.010	62.980	62.985	5
2025-05-30 03:30	62.990	63.040	62.975	63.030	5
2025-05-30 03:35	63.025	63.035	62.978	63.005	5
2025-05-30 03:40	62.995	63.005	62.980	62.980	5
2025-05-30 03:45	62.933	62.990	62.933	62.975	5
2025-05-30 03:50	62.985	63.025	62.975	63.025	5
2025-05-30 03:55	63.035	63.045	62.988	63.045	5
2025-05-30 04:00	63.035	63.035	63.015	63.030	5
2025-05-30 04:05	63.035	63.045	63.025	63.030	4
2025-05-30 04:10	63.035	63.085	63.035	63.050	5
2025-05-30 04:15	63.045	63.060	63.005	63.010	5
2025-05-30 04:20	63.015	63.030	63.005	63.020	5
2025-05-30 04:25	63.015	63.025	63.015	63.020	4
2025-05-30 04:30	63.025	63.050	62.993	63.040	5
2025-05-30 04:35	62.993	63.045	62.993	63.010	5
2025-05-30 04:40	63.015	63.025	63.010	63.020	5
2025-05-30 04:45	63.015	63.025	63.015	63.015	5
2025-05-30 04:50	63.020	63.020	62.973	63.010	5
2025-05-30 04:55	63.005	63.105	63.005	63.100	5
2025-05-30 05:00	63.105	63.175	63.095	63.165	4
2025-05-30 05:05	63.150	63.165	63.125	63.135	4
2025-05-30 05:10	63.130	63.155	63.125	63.140	5
2025-05-30 05:15	63.145	63.145	63.095	63.115	5
2025-05-30 05:20	63.125	63.150	63.115	63.135	5
2025-05-30 05:25	63.130	63.145	63.098	63.098	5
2025-05-30 05:30	63.145	63.175	63.115	63.155	5
2025-05-30 05:35	63.160	63.175	63.125	63.170	5
2025-05-30 05:40	63.175	63.200	63.155	63.190	5
2025-05-30 05:45	63.195	63.195	63.145	63.165	5
2025-05-30 05:50	63.170	63.185	63.145	63.155	5
2025-05-30 05:55	63.150	63.155	63.125	63.150	5
2025-05-30 06:00	63.155	63.155	62.955	62.985	5
2025-05-30 06:05	62.990	63.040	62.960	62.995	5
2025-05-30 06:10	63.000	63.095	63.000	63.085	5
2025-05-30 06:15	63.090	63.090	63.035	63.045	5
2025-05-30 06:20	63.050	63.135	63.045	63.115	5
2025-05-30 06:25	63.120	63.125	63.075	63.085	5
2025-05-30 06:30	63.075	63.105	63.055	63.085	5
2025-05-30 06:35	63.075	63.150	63.065	63.125	5
2025-05-30 06:40	63.120	63.140	63.095	63.125	5
2025-05-30 06:45	63.115	63.115	63.050	63.055	5
2025-05-30 06:50	63.065	63.090	63.045	63.075	5
2025-05-30 06:55	63.070	63.085	63.055	63.060	5
2025-05-30 07:00	63.055	63.150	63.035	63.085	5
2025-05-30 07:05	63.090	63.095	62.975	62.995	5
2025-05-30 07:10	62.985	63.135	62.985	63.135	5
2025-05-30 07:15	63.140	63.195	63.125	63.155	5
2025-05-30 07:20	63.160	63.275	63.155	63.265	5
2025-05-30 07:25	63.255	63.275	63.225	63.275	5
2025-05-30 07:30	63.285	63.450	63.285	63.428	5
2025-05-30 07:35	63.428	63.485	63.400	63.475	5
2025-05-30 07:40	63.480	63.505	63.395	63.445	5
2025-05-30 07:45	63.455	63.505	63.455	63.495	5
2025-05-30 07:50	63.485	63.510	63.455	63.460	5
2025-05-30 07:55	63.465	63.485	63.395	63.415	5
2025-05-30 08:00	63.440	63.475	63.373	63.445	5
2025-05-30 08:05	63.450	63.475	63.405	63.475	5
2025-05-30 08:10	63.465	63.535	63.445	63.525	5
2025-05-30 08:15	63.515	63.565	63.485	63.535	5
2025-05-30 08:20	63.545	63.565	63.455	63.455	5
2025-05-30 08:25	63.460	63.615	63.445	63.595	5
2025-05-30 08:30	63.585	63.645	63.490	63.645	5
2025-05-30 08:35	63.650	63.665	63.585	63.625	5
2025-05-30 08:40	63.605	63.615	63.465	63.480	5
2025-05-30 08:45	63.475	63.655	63.465	63.635	5
2025-05-30 08:50	63.645	63.665	63.605	63.625	5
2025-05-30 08:55	63.635	63.670	63.615	63.645	5
2025-05-30 09:00	63.635	63.700	63.625	63.695	5
2025-05-30 09:05	63.715	63.775	63.705	63.725	5
2025-05-30 09:10	63.715	63.735	63.695	63.715	5
2025-05-30 09:15	63.720	63.725	63.665	63.725	5
2025-05-30 09:20	63.730	63.765	63.730	63.750	5
2025-05-30 09:25	63.755	63.755	63.695	63.730	5
2025-05-30 09:30	63.705	63.715	63.655	63.700	5
2025-05-30 09:35	63.705	63.725	63.675	63.695	5
2025-05-30 09:40	63.685	63.705	63.665	63.680	5
2025-05-30 09:45	63.675	63.675	63.605	63.635	5
2025-05-30 09:50	63.630	63.685	63.605	63.685	5
2025-05-30 09:55	63.675	63.695	63.635	63.655	5
2025-05-30 10:00	63.660	63.715	63.655	63.715	5
2025-05-30 10:05	63.705	63.725	63.705	63.725	5
2025-05-30 10:10	63.730	63.745	63.695	63.735	5
2025-05-30 10:15	63.740	63.790	63.730	63.785	5
2025-05-30 10:20	63.775	63.785	63.755	63.775	5
2025-05-30 10:25	63.780	63.795	63.745	63.775	5
2025-05-30 10:30	63.765	63.790	63.765	63.775	4
2025-05-30 10:35	63.765	63.785	63.755	63.755	4
2025-05-30 10:40	63.765	63.785	63.755	63.785	5
2025-05-30 10:45	63.780	63.785	63.735	63.775	4
2025-05-30 10:50	63.770	63.875	63.770	63.855	5
2025-05-30 10:55	63.845	63.875	63.805	63.865	5
2025-05-30 11:00	63.860	63.925	63.850	63.925	5
2025-05-30 11:05	63.915	63.955	63.915	63.955	5
2025-05-30 11:10	63.950	63.975	63.950	63.965	5
2025-05-30 11:15	63.970	63.975	63.935	63.965	5
2025-05-30 11:20	63.970	64.035	63.955	64.015	5
2025-05-30 11:25	64.025	64.055	64.015	64.055	5
2025-05-30 11:30	64.050	64.065	63.985	63.985	5
2025-05-30 11:35	63.995	63.995	63.945	63.985	5
2025-05-30 11:40	63.980	63.980	63.915	63.955	5
2025-05-30 11:45	63.970	63.985	63.940	63.975	5
2025-05-30 11:50	63.985	63.985	63.890	63.935	5
2025-05-30 11:55	63.940	63.955	63.115	63.310	5
2025-05-30 12:00	63.300	63.365	63.000	63.090	5
2025-05-30 12:05	63.095	63.135	62.593	62.735	5
2025-05-30 12:10	62.740	62.775	62.513	62.605	5
2025-05-30 12:15	62.595	62.870	62.580	62.775	5
2025-05-30 12:20	62.770	62.945	62.705	62.765	5
2025-05-30 12:25	62.775	62.845	62.725	62.760	5
2025-05-30 12:30	62.765	62.885	62.745	62.785	5
2025-05-30 12:35	62.775	62.795	62.665	62.685	5
2025-05-30 12:40	62.695	62.740	62.425	62.435	5
2025-05-30 12:45	62.450	62.495	62.345	62.480	5
2025-05-30 12:50	62.485	62.615	62.475	62.535	5
2025-05-30 12:55	62.525	62.705	62.515	62.565	5
2025-05-30 13:00	62.530	63.020	62.525	62.940	5
2025-05-30 13:05	62.945	63.175	62.850	62.905	5
2025-05-30 13:10	62.900	63.015	62.850	62.975	5
2025-05-30 13:15	62.955	63.075	62.865	63.025	5
2025-05-30 13:20	63.035	63.075	62.960	63.045	5
2025-05-30 13:25	63.035	63.075	62.965	63.005	5
2025-05-30 13:30	62.995	62.995	62.665	62.725	5
2025-05-30 13:35	62.715	62.745	62.560	62.640	5
2025-05-30 13:40	62.650	62.735	62.620	62.655	5
2025-05-30 13:45	62.665	62.705	62.473	62.495	5
2025-05-30 13:50	62.490	62.525	62.415	62.505	5
2025-05-30 13:55	62.515	62.525	62.405	62.505	5
2025-05-30 14:00	62.530	62.615	62.425	62.545	5
2025-05-30 14:05	62.540	62.735	62.540	62.685	5
2025-05-30 14:10	62.705	62.875	62.470	62.485	5
2025-05-30 14:15	62.475	62.515	62.425	62.485	5
2025-05-30 14:20	62.495	62.685	62.455	62.625	5
2025-05-30 14:25	62.630	62.775	62.625	62.755	5
2025-05-30 14:30	62.765	62.815	62.690	62.695	5
2025-05-30 14:35	62.685	62.890	62.630	62.865	5
2025-05-30 14:40	62.855	62.875	62.780	62.860	5
2025-05-30 14:45	62.855	62.905	62.740	62.765	5
2025-05-30 14:50	62.770	62.800	62.715	62.725	5
2025-05-30 14:55	62.715	62.800	62.665	62.735	5
2025-05-30 15:00	62.740	62.925	62.740	62.790	5
2025-05-30 15:05	62.795	62.950	62.760	62.845	5
2025-05-30 15:10	62.825	62.845	62.640	62.640	5
2025-05-30 15:15	62.645	62.710	62.505	62.545	5
2025-05-30 15:20	62.555	62.590	62.475	62.505	5
2025-05-30 15:25	62.495	62.545	62.435	62.435	5
2025-05-30 15:30	62.450	62.495	62.317	62.355	5
2025-05-30 15:35	62.335	62.465	62.325	62.455	5
2025-05-30 15:40	62.445	62.445	62.335	62.355	5
2025-05-30 15:45	62.345	62.465	62.335	62.445	5
2025-05-30 15:50	62.435	62.495	62.317	62.345	5
2025-05-30 15:55	62.350	62.425	62.335	62.405	5
2025-05-30 16:00	62.415	62.535	62.388	62.505	5
2025-05-30 16:05	62.495	62.505	62.445	62.465	5
2025-05-30 16:10	62.475	62.575	62.475	62.495	5
2025-05-30 16:15	62.490	62.515	62.405	62.435	5
2025-05-30 16:20	62.430	62.460	62.317	62.317	5
2025-05-30 16:25	62.317	62.317	62.053	62.165	5
2025-05-30 16:30	62.180	62.245	62.115	62.205	5
2025-05-30 16:35	62.195	62.465	62.195	62.375	5
2025-05-30 16:40	62.385	62.430	62.300	62.305	5
2025-05-30 16:45	62.295	62.405	62.285	62.390	5
2025-05-30 16:50	62.385	62.415	62.345	62.385	5
2025-05-30 16:55	62.395	62.425	62.370	62.395	5
2025-05-30 17:00	62.385	62.595	62.343	62.565	5
2025-05-30 17:05	62.570	62.645	62.525	62.630	5
2025-05-30 17:10	62.625	62.665	62.575	62.615	5
2025-05-30 17:15	62.605	62.665	62.590	62.655	5
2025-05-30 17:20	62.650	62.725	62.640	62.705	5
2025-05-30 17:25	62.715	62.715	62.615	62.645	5
2025-05-30 17:30	62.655	62.865	62.615	62.755	5
2025-05-30 17:35	62.745	62.845	62.715	62.745	5
2025-05-30 17:40	62.740	62.785	62.685	62.735	5
2025-05-30 17:45	62.725	62.755	62.645	62.650	5
2025-05-30 17:50	62.655	62.680	62.535	62.560	5
2025-05-30 17:55	62.565	62.620	62.545	62.590	5
2025-05-30 18:00	62.585	62.710	62.585	62.675	5
2025-05-30 18:05	62.685	62.725	62.650	62.705	5
2025-05-30 18:10	62.715	62.765	62.695	62.755	5
2025-05-30 18:15	62.750	62.950	62.735	62.885	5
2025-05-30 18:20	62.880	62.940	62.875	62.895	5
2025-05-30 18:25	62.905	62.945	62.715	62.735	5
2025-05-30 18:30	62.725	62.750	62.630	62.640	5
2025-05-30 18:35	62.635	62.645	62.575	62.620	5
2025-05-30 18:40	62.625	62.705	62.615	62.695	5
2025-05-30 18:45	62.705	62.725	62.680	62.715	5
2025-05-30 18:50	62.710	62.730	62.665	62.675	5
2025-05-30 18:55	62.680	62.695	62.655	62.665	5
2025-05-30 19:00	62.660	62.695	62.655	62.695	5
2025-05-30 19:05	62.705	62.720	62.650	62.685	5
2025-05-30 19:10	62.670	62.695	62.655	62.670	5
2025-05-30 19:15	62.665	62.670	62.590	62.595	5
2025-05-30 19:20	62.590	62.605	62.585	62.605	5
2025-05-30 19:25	62.610	62.725	62.610	62.715	5
2025-05-30 19:30	62.720	62.775	62.700	62.775	5
2025-05-30 19:35	62.785	62.865	62.775	62.785	5
2025-05-30 19:40	62.795	62.855	62.770	62.840	5
2025-05-30 19:45	62.830	62.830	62.745	62.745	5
2025-05-30 19:50	62.755	62.765	62.705	62.710	5
2025-05-30 19:55	62.705	62.835	62.705	62.785	5
2025-05-30 20:00	62.780	62.822	62.752	62.797	5
2025-05-30 20:05	62.802	62.822	62.762	62.822	5
2025-05-30 20:10	62.807	62.827	62.767	62.787	5
2025-05-30 20:15	62.792	62.802	62.777	62.782	5
2025-05-30 20:20	62.767	62.782	62.762	62.762	5
2025-05-30 20:25	62.767	62.767	62.712	62.737	5
2025-05-30 20:30	62.732	62.742	62.667	62.672	5
2025-05-30 20:35	62.667	62.702	62.662	62.692	5
2025-05-30 20:40	62.682	62.702	62.668	62.682	5
2025-05-30 20:45	62.687	62.687	62.618	62.662	5
2025-05-30 20:50	62.667	62.692	62.633	62.662	5
2025-05-30 20:55	62.667	62.667	62.612	62.637	5
2025-06-02 00:00	63.887	63.955	63.840	63.920	5
2025-06-02 00:05	63.915	64.015	63.890	63.990	5
2025-06-02 00:10	63.980	64.010	63.920	63.920	5
2025-06-02 00:15	63.915	63.930	63.880	63.910	5
2025-06-02 00:20	63.915	63.950	63.900	63.905	5
2025-06-02 00:25	63.915	63.970	63.830	63.965	5
2025-06-02 00:30	63.975	64.020	63.955	64.005	5
2025-06-02 00:35	64.010	64.075	64.000	64.040	5
2025-06-02 00:40	64.050	64.055	63.935	63.950	5
2025-06-02 00:45	63.960	64.045	63.960	64.045	5
2025-06-02 00:50	64.025	64.080	64.010	64.075	5
2025-06-02 00:55	64.055	64.085	64.050	64.085	5
2025-06-02 01:00	64.065	64.105	64.025	64.075	5
2025-06-02 01:05	64.080	64.095	64.060	64.090	5
2025-06-02 01:10	64.095	64.105	64.085	64.090	5
2025-06-02 01:15	64.095	64.095	64.065	64.070	5
2025-06-02 01:20	64.065	64.085	64.055	64.075	4
2025-06-02 01:25	64.070	64.105	64.050	64.090	5
2025-06-02 01:30	64.085	64.325	64.058	64.255	5
2025-06-02 01:35	64.245	64.255	64.180	64.225	5
2025-06-02 01:40	64.215	64.215	64.150	64.165	5
2025-06-02 01:45	64.170	64.185	64.140	64.155	5
2025-06-02 01:50	64.160	64.205	64.140	64.160	5
2025-06-02 01:55	64.140	64.170	64.115	64.170	5
2025-06-02 02:00	64.185	64.275	64.175	64.265	5
2025-06-02 02:05	64.245	64.310	64.245	64.275	5
2025-06-02 02:10	64.270	64.275	64.195	64.255	5
2025-06-02 02:15	64.265	64.445	64.265	64.285	5
2025-06-02 02:20	64.280	64.410	64.255	64.370	5
2025-06-02 02:25	64.365	64.370	64.310	64.330	5
2025-06-02 02:30	64.335	64.425	64.330	64.410	5
2025-06-02 02:35	64.405	64.425	64.365	64.425	5
2025-06-02 02:40	64.420	64.425	64.405	64.415	5
2025-06-02 02:45	64.410	64.445	64.410	64.430	5
2025-06-02 02:50	64.425	64.430	64.395	64.400	5
2025-06-02 02:55	64.405	64.455	64.400	64.435	5
2025-06-02 03:00	64.430	64.470	64.425	64.465	5
2025-06-02 03:05	64.455	64.470	64.125	64.250	5
2025-06-02 03:10	64.260	64.330	64.250	64.325	5
2025-06-02 03:15	64.320	64.325	64.260	64.265	5
2025-06-02 03:20	64.270	64.290	64.225	64.235	5
2025-06-02 03:25	64.240	64.240	64.200	64.220	5
2025-06-02 03:30	64.225	64.225	64.043	64.145	5
2025-06-02 03:35	64.135	64.160	64.105	64.125	5
2025-06-02 03:40	64.145	64.175	64.140	64.145	5
2025-06-02 03:45	64.150	64.170	64.100	64.165	5
2025-06-02 03:50	64.160	64.185	64.135	64.180	5
2025-06-02 03:55	64.185	64.235	64.140	64.220	5
2025-06-02 04:00	64.225	64.230	64.200	64.225	5
2025-06-02 04:05	64.220	64.255	64.198	64.255	5
2025-06-02 04:10	64.245	64.255	64.245	64.255	2
2025-06-02 04:15	64.245	64.325	64.245	64.315	4
2025-06-02 04:20	64.300	64.310	64.270	64.295	5
2025-06-02 04:25	64.275	64.315	64.275	64.300	5
2025-06-02 04:30	64.305	64.315	64.275	64.305	5
2025-06-02 04:35	64.310	64.380	64.310	64.320	5
2025-06-02 04:40	64.330	64.330	64.300	64.320	5
2025-06-02 04:45	64.315	64.320	64.285	64.285	5
2025-06-02 04:50	64.290	64.290	64.240	64.250	5
2025-06-02 04:55	64.255	64.260	64.195	64.195	5
2025-06-02 05:00	64.205	64.260	64.200	64.255	5
2025-06-02 05:05	64.245	64.260	64.230	64.245	5
2025-06-02 05:10	64.250	64.305	64.245	64.275	5
2025-06-02 05:15	64.265	64.295	64.215	64.250	5
2025-06-02 05:20	64.255	64.260	64.195	64.205	5
2025-06-02 05:25	64.210	64.265	64.205	64.240	4
2025-06-02 05:30	64.235	64.265	64.210	64.220	5
2025-06-02 05:35	64.225	64.250	64.220	64.240	5
2025-06-02 05:40	64.245	64.295	64.240	64.260	5
2025-06-02 05:45	64.265	64.300	64.260	64.275	5
2025-06-02 05:50	64.280	64.295	64.265	64.280	5
2025-06-02 05:55	64.285	64.290	64.245	64.275	5
2025-06-02 06:00	64.265	64.265	64.135	64.165	5
2025-06-02 06:05	64.170	64.175	64.125	64.160	5
2025-06-02 06:10	64.165	64.165	64.075	64.100	5
2025-06-02 06:15	64.110	64.215	64.075	64.215	5
2025-06-02 06:20	64.220	64.235	64.155	64.195	5
2025-06-02 06:25	64.210	64.250	64.190	64.245	5
2025-06-02 06:30	64.250	64.325	64.220	64.325	5
2025-06-02 06:35	64.335	64.360	64.300	64.305	5
2025-06-02 06:40	64.300	64.355	64.280	64.345	5
2025-06-02 06:45	64.355	64.365	64.290	64.325	5
2025-06-02 06:50	64.320	64.325	64.275	64.285	5
2025-06-02 06:55	64.300	64.315	64.245	64.265	5
2025-06-02 07:00	64.255	64.365	64.225	64.335	5
2025-06-02 07:05	64.340	64.355	64.185	64.225	5
2025-06-02 07:10	64.235	64.245	64.095	64.120	5
2025-06-02 07:15	64.125	64.425	64.125	64.385	5
2025-06-02 07:20	64.400	64.405	64.325	64.330	5
2025-06-02 07:25	64.335	64.350	64.145	64.165	5
2025-06-02 07:30	64.175	64.225	64.125	64.130	5
2025-06-02 07:35	64.125	64.175	64.125	64.165	5
2025-06-02 07:40	64.170	64.175	64.060	64.095	5
2025-06-02 07:45	64.090	64.260	64.090	64.255	5
2025-06-02 07:50	64.260	64.315	64.155	64.175	5
2025-06-02 07:55	64.165	64.240	64.140	64.225	5
2025-06-02 08:00	64.220	64.445	64.220	64.405	5
2025-06-02 08:05	64.365	64.535	64.340	64.525	5
2025-06-02 08:10	64.520	64.675	64.515	64.665	5
2025-06-02 08:15	64.660	64.670	64.565	64.575	5
2025-06-02 08:20	64.570	64.605	64.535	64.575	5
2025-06-02 08:25	64.580	64.625	64.485	64.485	5
2025-06-02 08:30	64.495	64.535	64.450	64.455	5
2025-06-02 08:35	64.460	64.590	64.425	64.585	5
2025-06-02 08:40	64.590	64.615	64.515	64.515	5
2025-06-02 08:45	64.535	64.715	64.535	64.700	5
2025-06-02 08:50	64.695	64.695	64.635	64.665	5
2025-06-02 08:55	64.670	64.695	64.645	64.665	5
2025-06-02 09:00	64.675	64.715	64.605	64.675	5
2025-06-02 09:05	64.665	64.695	64.555	64.590	5
2025-06-02 09:10	64.595	64.625	64.485	64.515	5
2025-06-02 09:15	64.520	64.675	64.520	64.660	5
2025-06-02 09:20	64.665	64.745	64.625	64.735	5
2025-06-02 09:25	64.745	64.825	64.665	64.725	5
2025-06-02 09:30	64.735	64.785	64.725	64.775	5
2025-06-02 09:35	64.795	64.855	64.785	64.800	5
2025-06-02 09:40	64.805	64.850	64.750	64.815	5
2025-06-02 09:45	64.805	64.860	64.773	64.825	5
2025-06-02 09:50	64.840	64.910	64.840	64.905	5
2025-06-02 09:55	64.910	64.950	64.865	64.945	5
2025-06-02 10:00	64.935	64.950	64.895	64.935	5
2025-06-02 10:05	64.940	64.975	64.895	64.915	5
2025-06-02 10:10	64.905	64.915	64.805	64.815	5
2025-06-02 10:15	64.805	64.830	64.775	64.785	5
2025-06-02 10:20	64.795	64.825	64.765	64.805	5
2025-06-02 10:25	64.815	64.825	64.805	64.825	5
2025-06-02 10:30	64.815	64.855	64.795	64.835	5
2025-06-02 10:35	64.840	65.075	64.825	65.015	5
2025-06-02 10:40	65.010	65.060	64.925	65.020	5
2025-06-02 10:45	65.025	65.095	65.000	65.085	5
2025-06-02 10:50	65.075	65.185	65.028	65.180	5
2025-06-02 10:55	65.185	65.195	65.115	65.175	5
2025-06-02 11:00	65.165	65.205	65.113	65.185	5
2025-06-02 11:05	65.175	65.175	65.100	65.115	5
2025-06-02 11:10	65.110	65.115	65.060	65.085	5
2025-06-02 11:15	65.090	65.105	65.030	65.055	5
2025-06-02 11:20	65.045	65.075	65.045	65.060	5
2025-06-02 11:25	65.065	65.075	65.055	65.065	5
2025-06-02 11:30	65.070	65.125	65.065	65.105	5
2025-06-02 11:35	65.100	65.125	65.065	65.095	5
2025-06-02 11:40	65.100	65.165	65.095	65.165	5
2025-06-02 11:45	65.170	65.175	65.135	65.140	5
2025-06-02 11:50	65.135	65.145	65.045	65.135	5
2025-06-02 11:55	65.130	65.175	65.095	65.100	5
2025-06-02 12:00	65.058	65.215	65.058	65.165	5
2025-06-02 12:05	65.170	65.170	65.125	65.135	5
2025-06-02 12:10	65.145	65.185	65.115	65.155	5
2025-06-02 12:15	65.145	65.235	65.135	65.225	5
2025-06-02 12:20	65.235	65.355	65.225	65.355	5
2025-06-02 12:25	65.365	65.435	65.355	65.425	5
2025-06-02 12:30	65.435	65.515	65.430	65.455	5
2025-06-02 12:35	65.445	65.475	65.355	65.405	5
2025-06-02 12:40	65.415	65.435	65.335	65.385	5
2025-06-02 12:45	65.395	65.405	65.195	65.255	5
2025-06-02 12:50	65.265	65.355	65.195	65.350	5
2025-06-02 12:55	65.355	65.390	65.335	65.345	5
2025-06-02 13:00	65.355	65.425	65.305	65.425	5
2025-06-02 13:05	65.415	65.465	65.405	65.455	5
2025-06-02 13:10	65.460	65.525	65.365	65.525	5
2025-06-02 13:15	65.535	65.685	65.503	65.625	5
2025-06-02 13:20	65.620	65.645	65.495	65.545	5
2025-06-02 13:25	65.555	65.555	65.305	65.305	5
2025-06-02 13:30	65.310	65.345	64.875	65.055	5
2025-06-02 13:35	65.045	65.055	64.844	64.965	5
2025-06-02 13:40	64.955	64.955	64.780	64.795	5
2025-06-02 13:45	64.785	64.825	64.655	64.715	5
2025-06-02 13:50	64.705	64.795	64.640	64.765	5
2025-06-02 13:55	64.775	64.845	64.625	64.645	5
2025-06-02 14:00	64.593	64.660	64.485	64.525	5
2025-06-02 14:05	64.530	64.635	64.505	64.590	5
2025-06-02 14:10	64.595	64.645	64.535	64.595	5
2025-06-02 14:15	64.605	64.690	64.555	64.595	5
2025-06-02 14:20	64.585	64.735	64.545	64.590	5
2025-06-02 14:25	64.585	64.790	64.565	64.780	5
2025-06-02 14:30	64.765	64.775	64.505	64.595	5
2025-06-02 14:35	64.600	64.680	64.558	64.595	5
2025-06-02 14:40	64.600	64.825	64.510	64.790	5
2025-06-02 14:45	64.795	64.925	64.785	64.825	5
2025-06-02 14:50	64.835	64.910	64.795	64.850	5
2025-06-02 14:55	64.855	64.915	64.785	64.795	5
2025-06-02 15:00	64.800	64.895	64.785	64.825	5
2025-06-02 15:05	64.835	64.860	64.765	64.855	5
2025-06-02 15:10	64.850	64.940	64.805	64.825	5
2025-06-02 15:15	64.820	64.820	64.635	64.735	5
2025-06-02 15:20	64.745	64.745	64.620	64.655	5
2025-06-02 15:25	64.650	64.745	64.555	64.670	5
2025-06-02 15:30	64.675	64.725	64.565	64.580	5
2025-06-02 15:35	64.575	64.615	64.510	64.605	5
2025-06-02 15:40	64.600	64.770	64.595	64.755	5
2025-06-02 15:45	64.765	64.855	64.765	64.850	5
2025-06-02 15:50	64.855	64.935	64.845	64.875	5
2025-06-02 15:55	64.865	64.895	64.855	64.885	5
2025-06-02 16:00	64.875	64.895	64.835	64.885	5
2025-06-02 16:05	64.855	64.865	64.755	64.785	5
2025-06-02 16:10	64.775	64.920	64.765	64.915	5
2025-06-02 16:15	64.905	64.925	64.865	64.875	5
2025-06-02 16:20	64.870	64.885	64.830	64.875	5
2025-06-02 16:25	64.885	65.000	64.885	64.995	5
2025-06-02 16:30	65.005	65.145	65.000	65.135	5
2025-06-02 16:35	65.130	65.185	65.100	65.100	5
2025-06-02 16:40	65.095	65.115	65.045	65.075	5
2025-06-02 16:45	65.070	65.105	65.055	65.095	5
2025-06-02 16:50	65.100	65.140	65.065	65.115	5
2025-06-02 16:55	65.095	65.115	65.055	65.065	5
2025-06-02 17:00	65.070	65.085	65.015	65.055	5
2025-06-02 17:05	65.045	65.060	64.905	64.965	5
2025-06-02 17:10	64.955	64.975	64.905	64.915	5
2025-06-02 17:15	64.905	64.955	64.905	64.925	5
2025-06-02 17:20	64.915	64.935	64.895	64.915	5
2025-06-02 17:25	64.905	64.925	64.875	64.915	5
2025-06-02 17:30	64.905	64.945	64.890	64.915	5
2025-06-02 17:35	64.905	64.955	64.880	64.890	5
2025-06-02 17:40	64.885	64.895	64.830	64.845	5
2025-06-02 17:45	64.855	64.925	64.835	64.925	5
2025-06-02 17:50	64.935	64.955	64.915	64.945	5
2025-06-02 17:55	64.940	65.035	64.935	65.025	5
2025-06-02 18:00	65.035	65.085	64.495	64.665	5
2025-06-02 18:05	64.670	64.740	64.360	64.410	5
2025-06-02 18:10	64.405	64.530	64.343	64.450	5
2025-06-02 18:15	64.455	64.475	64.365	64.405	5
2025-06-02 18:20	64.400	64.550	64.390	64.505	5
2025-06-02 18:25	64.510	64.675	64.460	64.665	5
2025-06-02 18:30	64.650	64.805	64.635	64.805	5
2025-06-02 18:35	64.800	64.855	64.745	64.785	5
2025-06-02 18:40	64.780	64.815	64.760	64.805	5
2025-06-02 18:45	64.800	64.955	64.795	64.895	5
2025-06-02 18:50	64.905	64.925	64.865	64.910	5
2025-06-02 18:55	64.905	64.925	64.905	64.915	4
2025-06-02 19:00	64.920	64.955	64.915	64.940	5
2025-06-02 19:05	64.955	64.985	64.955	64.970	5
2025-06-02 19:10	64.975	64.995	64.960	64.970	5
2025-06-02 19:15	64.975	64.995	64.955	64.980	5
2025-06-02 19:20	64.975	65.005	64.965	64.985	5
2025-06-02 19:25	64.975	64.985	64.935	64.945	5
2025-06-02 19:30	64.950	64.985	64.935	64.985	4
2025-06-02 19:35	64.975	65.005	64.975	64.985	5
2025-06-02 19:40	64.990	65.000	64.975	64.980	5
2025-06-02 19:45	64.985	64.990	64.960	64.975	5
2025-06-02 19:50	64.980	65.045	64.970	65.045	5
2025-06-02 19:55	65.040	65.110	65.030	65.110	5
2025-06-02 20:00	65.100	65.232	65.077	65.167	5
2025-06-02 20:05	65.172	65.192	65.162	65.187	5
2025-06-02 20:10	65.182	65.207	65.162	65.192	5
2025-06-02 20:15	65.197	65.207	65.162	65.162	5
2025-06-02 20:20	65.177	65.177	65.142	65.152	4
2025-06-02 20:25	65.147	65.167	65.147	65.162	4
2025-06-02 20:30	65.157	65.187	65.157	65.177	5
2025-06-02 20:35	65.172	65.172	65.122	65.162	5
2025-06-02 20:40	65.157	65.182	65.133	65.157	5
2025-06-02 20:45	65.152	65.172	65.132	65.132	5
2025-06-02 20:50	65.127	65.132	65.032	65.037	5
2025-06-02 20:55	65.042	65.057	65.012	65.057	5
2025-06-03 00:00	65.137	65.235	65.137	65.170	5
2025-06-03 00:05	65.175	65.195	65.115	65.130	5
2025-06-03 00:10	65.140	65.150	65.090	65.100	5
2025-06-03 00:15	65.105	65.115	65.060	65.060	5
2025-06-03 00:20	65.050	65.055	65.020	65.040	5
2025-06-03 00:25	65.045	65.080	65.010	65.030	5
2025-06-03 00:30	65.035	65.085	65.035	65.075	5
2025-06-03 00:35	65.070	65.075	65.025	65.040	5
2025-06-03 00:40	65.045	65.075	65.040	65.070	5
2025-06-03 00:45	65.065	65.080	65.040	65.040	5
2025-06-03 00:50	65.035	65.045	65.000	65.010	5
2025-06-03 00:55	65.015	65.015	64.985	64.990	5
2025-06-03 01:00	65.010	65.315	64.961	65.175	5
2025-06-03 01:05	65.170	65.245	65.075	65.150	5
2025-06-03 01:10	65.155	65.185	65.100	65.165	5
2025-06-03 01:15	65.170	65.245	65.145	65.180	5
2025-06-03 01:20	65.175	65.215	65.125	65.160	5
2025-06-03 01:25	65.165	65.185	65.145	65.155	5
2025-06-03 01:30	65.165	65.195	65.100	65.100	5
2025-06-03 01:35	65.095	65.160	65.080	65.130	5
2025-06-03 01:40	65.135	65.150	65.030	65.070	5
2025-06-03 01:45	65.065	65.065	65.005	65.005	5
2025-06-03 01:50	65.010	65.120	65.010	65.065	5
2025-06-03 01:55	65.070	65.070	65.005	65.050	5
2025-06-03 02:00	65.055	65.125	64.970	65.020	5
2025-06-03 02:05	65.025	65.025	64.965	64.965	5
2025-06-03 02:10	64.961	65.045	64.961	65.005	5
2025-06-03 02:15	65.010	65.010	64.961	64.970	5
2025-06-03 02:20	64.975	65.005	64.965	64.985	5
2025-06-03 02:25	64.975	64.975	64.961	64.961	5
2025-06-03 02:30	64.961	64.965	64.890	64.935	5
2025-06-03 02:35	64.940	64.975	64.935	64.950	5
2025-06-03 02:40	64.955	65.015	64.935	65.015	5
2025-06-03 02:45	65.010	65.025	64.965	64.990	5
2025-06-03 02:50	64.995	65.045	64.985	65.015	5
2025-06-03 02:55	65.020	65.035	64.975	64.985	5
2025-06-03 03:00	64.990	65.045	64.980	65.040	5
2025-06-03 03:05	65.045	65.055	65.015	65.030	5
2025-06-03 03:10	65.025	65.035	64.980	64.990	5
2025-06-03 03:15	64.995	65.005	64.945	64.955	5
2025-06-03 03:20	64.950	64.960	64.935	64.935	4
2025-06-03 03:25	64.940	64.990	64.935	64.985	5
2025-06-03 03:30	64.980	64.985	64.935	64.945	5
2025-06-03 03:35	64.955	64.995	64.935	64.940	5
2025-06-03 03:40	64.935	64.950	64.935	64.940	5
2025-06-03 03:45	64.945	64.950	64.880	64.885	5
2025-06-03 03:50	64.900	64.915	64.885	64.895	3
2025-06-03 03:55	64.848	64.905	64.848	64.880	5
2025-06-03 04:00	64.885	64.885	64.850	64.875	5
2025-06-03 04:05	64.870	64.920	64.865	64.890	5
2025-06-03 04:10	64.885	64.885	64.825	64.835	5
2025-06-03 04:15	64.830	64.875	64.830	64.850	5
2025-06-03 04:20	64.845	64.845	64.820	64.820	5
2025-06-03 04:25	64.825	64.845	64.815	64.840	5
2025-06-03 04:30	64.835	64.840	64.825	64.835	5
2025-06-03 04:35	64.830	64.830	64.790	64.790	5
2025-06-03 04:40	64.795	64.815	64.785	64.795	5
2025-06-03 04:45	64.800	64.815	64.790	64.810	4
2025-06-03 04:50	64.805	64.845	64.805	64.820	5
2025-06-03 04:55	64.825	64.825	64.815	64.815	4
2025-06-03 05:00	64.825	64.845	64.820	64.840	4
2025-06-03 05:05	64.845	64.845	64.815	64.815	5
2025-06-03 05:10	64.820	64.820	64.790	64.815	5
2025-06-03 05:15	64.820	64.825	64.795	64.800	5
2025-06-03 05:20	64.795	64.825	64.758	64.805	5
2025-06-03 05:25	64.800	64.815	64.785	64.805	5
2025-06-03 05:30	64.795	64.795	64.720	64.745	5
2025-06-03 05:35	64.755	64.810	64.740	64.805	5
2025-06-03 05:40	64.810	64.825	64.780	64.820	5
2025-06-03 05:45	64.825	64.855	64.815	64.850	5
2025-06-03 05:50	64.845	64.850	64.765	64.775	5
2025-06-03 05:55	64.770	64.775	64.730	64.740	5
2025-06-03 06:00	64.698	64.765	64.698	64.750	5
2025-06-03 06:05	64.755	64.755	64.705	64.715	5
2025-06-03 06:10	64.720	64.745	64.700	64.705	5
2025-06-03 06:15	64.710	64.745	64.705	64.715	5
2025-06-03 06:20	64.725	64.745	64.705	64.735	5
2025-06-03 06:25	64.730	64.745	64.695	64.725	5
2025-06-03 06:30	64.715	64.745	64.670	64.695	5
2025-06-03 06:35	64.700	64.745	64.685	64.725	5
2025-06-03 06:40	64.730	64.785	64.715	64.785	5
2025-06-03 06:45	64.790	64.835	64.765	64.795	5
2025-06-03 06:50	64.800	64.880	64.795	64.880	5
2025-06-03 06:55	64.885	64.885	64.780	64.825	5
2025-06-03 07:00	64.783	64.855	64.715	64.780	5
2025-06-03 07:05	64.775	64.835	64.750	64.825	5
2025-06-03 07:10	64.815	64.840	64.770	64.795	5
2025-06-03 07:15	64.800	64.915	64.795	64.915	5
2025-06-03 07:20	64.925	64.965	64.905	64.955	5
2025-06-03 07:25	64.945	64.995	64.895	64.985	5
2025-06-03 07:30	64.990	65.165	64.985	65.145	5
2025-06-03 07:35	65.140	65.205	65.125	65.190	5
2025-06-03 07:40	65.185	65.205	65.135	65.145	5
2025-06-03 07:45	65.150	65.175	65.135	65.140	5
2025-06-03 07:50	65.135	65.135	65.055	65.065	5
2025-06-03 07:55	65.055	65.075	65.005	65.065	5
2025-06-03 08:00	65.095	65.125	64.965	65.015	5
2025-06-03 08:05	65.025	65.045	64.995	65.005	5
2025-06-03 08:10	65.010	65.045	64.945	64.965	5
2025-06-03 08:15	64.960	65.025	64.945	65.015	5
2025-06-03 08:20	65.005	65.140	64.995	65.100	5
2025-06-03 08:25	65.095	65.145	64.865	64.865	5
2025-06-03 08:30	64.855	64.995	64.795	64.825	5
2025-06-03 08:35	64.835	64.905	64.795	64.885	5
2025-06-03 08:40	64.895	64.920	64.780	64.835	5
2025-06-03 08:45	64.840	64.905	64.815	64.895	5
2025-06-03 08:50	64.885	64.945	64.755	64.765	5
2025-06-03 08:55	64.760	64.845	64.755	64.780	5
2025-06-03 09:00	64.785	64.815	64.775	64.795	5
2025-06-03 09:05	64.805	64.825	64.705	64.705	5
2025-06-03 09:10	64.700	64.740	64.675	64.685	5
2025-06-03 09:15	64.675	64.745	64.665	64.745	5
2025-06-03 09:20	64.755	64.865	64.745	64.835	5
2025-06-03 09:25	64.845	64.915	64.835	64.845	5
2025-06-03 09:30	64.835	64.840	64.745	64.815	5
2025-06-03 09:35	64.820	64.855	64.800	64.810	5
2025-06-03 09:40	64.805	64.815	64.785	64.785	5
2025-06-03 09:45	64.790	64.790	64.715	64.735	5
2025-06-03 09:50	64.730	64.755	64.705	64.710	5
2025-06-03 09:55	64.715	64.725	64.608	64.608	5
2025-06-03 10:00	64.608	64.625	64.495	64.495	5
2025-06-03 10:05	64.505	64.555	64.495	64.545	5
2025-06-03 10:10	64.535	64.565	64.525	64.555	5
2025-06-03 10:15	64.550	64.640	64.535	64.600	5
2025-06-03 10:20	64.595	64.615	64.565	64.565	5
2025-06-03 10:25	64.575	64.640	64.575	64.635	5
2025-06-03 10:30	64.625	64.705	64.615	64.670	5
2025-06-03 10:35	64.665	64.705	64.645	64.695	5
2025-06-03 10:40	64.700	64.785	64.690	64.775	5
2025-06-03 10:45	64.765	64.790	64.745	64.785	5
2025-06-03 10:50	64.815	64.865	64.785	64.840	5
2025-06-03 10:55	64.845	64.875	64.840	64.865	5
2025-06-03 11:00	64.875	64.895	64.825	64.885	5
2025-06-03 11:05	64.880	64.935	64.875	64.935	5
2025-06-03 11:10	64.925	64.935	64.865	64.875	5
2025-06-03 11:15	64.865	64.875	64.835	64.835	5
2025-06-03 11:20	64.840	64.875	64.825	64.855	5
2025-06-03 11:25	64.845	64.875	64.840	64.865	5
2025-06-03 11:30	64.875	64.955	64.865	64.945	5
2025-06-03 11:35	64.925	64.930	64.870	64.875	5
2025-06-03 11:40	64.885	64.935	64.865	64.910	5
2025-06-03 11:45	64.915	65.035	64.905	65.015	5
2025-06-03 11:50	65.005	65.075	64.985	65.045	5
2025-06-03 11:55	65.050	65.095	65.040	65.095	5
2025-06-03 12:00	65.105	65.175	65.075	65.155	5
2025-06-03 12:05	65.150	65.340	65.145	65.275	5
2025-06-03 12:10	65.265	65.305	65.228	65.245	5
2025-06-03 12:15	65.235	65.295	65.215	65.245	5
2025-06-03 12:20	65.250	65.315	65.220	65.295	5
2025-06-03 12:25	65.285	65.315	65.260	65.315	5
2025-06-03 12:30	65.325	65.410	65.315	65.375	5
2025-06-03 12:35	65.370	65.435	65.365	65.415	5
2025-06-03 12:40	65.410	65.435	65.385	65.395	5
2025-06-03 12:45	65.405	65.445	65.375	65.375	5
2025-06-03 12:50	65.365	65.385	65.255	65.275	5
2025-06-03 12:55	65.290	65.335	65.175	65.185	5
2025-06-03 13:00	65.195	65.255	65.105	65.250	5
2025-06-03 13:05	65.245	65.265	65.095	65.125	5
2025-06-03 13:10	65.130	65.165	65.075	65.105	5
2025-06-03 13:15	65.115	65.135	65.015	65.050	5
2025-06-03 13:20	65.045	65.065	64.985	65.035	5
2025-06-03 13:25	64.983	65.145	64.983	65.140	5
2025-06-03 13:30	65.135	65.145	65.005	65.090	5
2025-06-03 13:35	65.095	65.095	64.935	65.000	5
2025-06-03 13:40	65.005	65.045	64.978	65.005	5
2025-06-03 13:45	65.010	65.155	65.005	65.105	5
2025-06-03 13:50	65.125	65.205	65.115	65.155	5
2025-06-03 13:55	65.160	65.170	65.045	65.155	5
2025-06-03 14:00	65.170	65.365	65.170	65.260	5
2025-06-03 14:05	65.255	65.475	65.255	65.445	5
2025-06-03 14:10	65.455	65.475	65.413	65.455	5
2025-06-03 14:15	65.450	65.515	65.425	65.455	5
2025-06-03 14:20	65.465	65.565	65.395	65.545	5
2025-06-03 14:25	65.550	65.635	65.545	65.605	5
2025-06-03 14:30	65.600	65.615	65.565	65.580	5
2025-06-03 14:35	65.575	65.635	65.535	65.595	5
2025-06-03 14:40	65.610	65.665	65.595	65.665	5
2025-06-03 14:45	65.670	65.725	65.633	65.700	5
2025-06-03 14:50	65.705	65.735	65.625	65.725	5
2025-06-03 14:55	65.735	65.740	65.670	65.705	5
2025-06-03 15:00	65.715	65.755	65.705	65.745	5
2025-06-03 15:05	65.755	65.805	65.745	65.785	5
2025-06-03 15:10	65.790	65.855	65.745	65.835	5
2025-06-03 15:15	65.830	65.855	65.695	65.725	5
2025-06-03 15:20	65.720	65.765	65.695	65.750	5
2025-06-03 15:25	65.755	65.865	65.705	65.835	5
2025-06-03 15:30	65.840	65.845	65.705	65.760	5
2025-06-03 15:35	65.765	65.795	65.655	65.720	5
2025-06-03 15:40	65.715	65.800	65.695	65.795	5
2025-06-03 15:45	65.800	65.835	65.775	65.775	5
2025-06-03 15:50	65.785	65.805	65.645	65.675	5
2025-06-03 15:55	65.685	65.735	65.665	65.725	5
2025-06-03 16:00	65.705	65.745	65.675	65.745	5
2025-06-03 16:05	65.735	65.735	65.610	65.675	5
2025-06-03 16:10	65.670	65.685	65.625	65.665	5
2025-06-03 16:15	65.675	65.675	65.645	65.665	5
2025-06-03 16:20	65.660	65.735	65.625	65.715	5
2025-06-03 16:25	65.710	65.715	65.685	65.710	5
2025-06-03 16:30	65.715	65.725	65.670	65.685	5
2025-06-03 16:35	65.695	65.705	65.605	65.625	5
2025-06-03 16:40	65.620	65.750	65.615	65.745	5
2025-06-03 16:45	65.740	65.765	65.715	65.755	5
2025-06-03 16:50	65.765	65.795	65.750	65.765	5
2025-06-03 16:55	65.760	65.785	65.760	65.780	5
2025-06-03 17:00	65.785	65.845	65.743	65.785	5
2025-06-03 17:05	65.795	65.805	65.745	65.755	5
2025-06-03 17:10	65.765	65.805	65.755	65.805	5
2025-06-03 17:15	65.815	65.825	65.770	65.815	5
2025-06-03 17:20	65.820	65.865	65.805	65.865	4
2025-06-03 17:25	65.880	65.925	65.880	65.895	5
2025-06-03 17:30	65.905	65.905	65.850	65.870	5
2025-06-03 17:35	65.865	65.905	65.855	65.855	5
2025-06-03 17:40	65.860	65.890	65.835	65.885	5
2025-06-03 17:45	65.890	65.910	65.875	65.905	5
2025-06-03 17:50	65.895	65.915	65.880	65.905	5
2025-06-03 17:55	65.900	65.900	65.470	65.700	5
2025-06-03 18:00	65.695	65.785	65.665	65.705	5
2025-06-03 18:05	65.710	65.740	65.650	65.675	5
2025-06-03 18:10	65.680	65.705	65.605	65.645	5
2025-06-03 18:15	65.625	65.640	65.595	65.595	5
2025-06-03 18:20	65.605	65.635	65.585	65.585	5
2025-06-03 18:25	65.595	65.635	65.595	65.595	5
2025-06-03 18:30	65.585	65.615	65.555	65.585	5
2025-06-03 18:35	65.575	65.625	65.575	65.615	5
2025-06-03 18:40	65.620	65.645	65.605	65.635	5
2025-06-03 18:45	65.640	65.725	65.603	65.665	5
2025-06-03 18:50	65.660	65.685	65.650	65.685	4
2025-06-03 18:55	65.680	65.715	65.675	65.695	5
2025-06-03 19:00	65.700	65.790	65.700	65.725	5
2025-06-03 19:05	65.720	65.735	65.685	65.695	5
2025-06-03 19:10	65.690	65.705	65.665	65.695	5
2025-06-03 19:15	65.705	65.705	65.685	65.685	5
2025-06-03 19:20	65.695	65.715	65.685	65.695	4
2025-06-03 19:25	65.705	65.705	65.685	65.685	3
2025-06-03 19:30	65.695	65.695	65.655	65.655	4
2025-06-03 19:35	65.650	65.655	65.645	65.650	4
2025-06-03 19:40	65.645	65.685	65.645	65.650	5
2025-06-03 19:45	65.655	65.655	65.565	65.595	5
2025-06-03 19:50	65.585	65.585	65.540	65.545	5
2025-06-03 19:55	65.540	65.555	65.535	65.555	5
2025-06-03 20:00	65.532	65.537	65.512	65.527	5
2025-06-03 20:05	65.522	65.532	65.512	65.522	5
2025-06-03 20:10	65.517	65.542	65.512	65.542	5
2025-06-03 20:15	65.532	65.552	65.532	65.552	3
2025-06-03 20:20	65.562	65.562	65.552	65.562	4
2025-06-03 20:25	65.557	65.562	65.537	65.547	4
2025-06-03 20:30	65.542	65.577	65.522	65.537	5
2025-06-03 20:35	65.527	65.552	65.527	65.552	5
2025-06-03 20:40	65.542	65.622	65.537	65.607	5
2025-06-03 20:45	65.617	65.632	65.588	65.612	5
2025-06-03 20:50	65.622	65.622	65.547	65.547	5
2025-06-03 20:55	65.542	65.567	65.532	65.537	5
2025-06-04 00:00	65.512	65.567	65.445	65.460	5
2025-06-04 00:05	65.465	65.540	65.465	65.495	5
2025-06-04 00:10	65.505	65.535	65.460	65.465	5
2025-06-04 00:15	65.460	65.530	65.460	65.520	5
2025-06-04 00:20	65.510	65.520	65.485	65.515	5
2025-06-04 00:25	65.505	65.525	65.468	65.515	5
2025-06-04 00:30	65.510	65.535	65.505	65.535	5
2025-06-04 00:35	65.530	65.565	65.530	65.555	5
2025-06-04 00:40	65.545	65.565	65.505	65.505	4
2025-06-04 00:45	65.500	65.535	65.490	65.515	5
2025-06-04 00:50	65.520	65.525	65.515	65.515	5
2025-06-04 00:55	65.510	65.515	65.475	65.475	5
2025-06-04 01:00	65.480	65.555	65.455	65.500	5
2025-06-04 01:05	65.505	65.515	65.480	65.505	5
2025-06-04 01:10	65.515	65.545	65.495	65.545	5
2025-06-04 01:15	65.550	65.560	65.525	65.535	5
2025-06-04 01:20	65.545	65.550	65.525	65.535	3
2025-06-04 01:25	65.530	65.575	65.515	65.545	5
2025-06-04 01:30	65.525	65.545	65.465	65.535	5
2025-06-04 01:35	65.540	65.575	65.520	65.565	5
2025-06-04 01:40	65.560	65.585	65.535	65.555	5
2025-06-04 01:45	65.565	65.595	65.560	65.580	5
2025-06-04 01:50	65.585	65.585	65.525	65.540	5
2025-06-04 01:55	65.545	65.575	65.535	65.565	5
2025-06-04 02:00	65.570	65.575	65.475	65.475	5
2025-06-04 02:05	65.465	65.510	65.445	65.495	5
2025-06-04 02:10	65.490	65.490	65.445	65.465	5
2025-06-04 02:15	65.460	65.465	65.425	65.465	5
2025-06-04 02:20	65.470	65.470	65.415	65.415	5
2025-06-04 02:25	65.425	65.430	65.415	65.425	5
2025-06-04 02:30	65.420	65.425	65.410	65.415	5
2025-06-04 02:35	65.410	65.440	65.410	65.430	5
2025-06-04 02:40	65.435	65.455	65.425	65.450	5
2025-06-04 02:45	65.455	65.455	65.425	65.440	5
2025-06-04 02:50	65.445	65.445	65.405	65.445	5
2025-06-04 02:55	65.450	65.450	65.415	65.415	5
2025-06-04 03:00	65.405	65.415	65.385	65.390	5
2025-06-04 03:05	65.385	65.410	65.385	65.400	5
2025-06-04 03:10	65.405	65.405	65.360	65.365	5
2025-06-04 03:15	65.370	65.385	65.365	65.375	4
2025-06-04 03:20	65.380	65.405	65.375	65.400	5
2025-06-04 03:25	65.395	65.405	65.375	65.385	5
2025-06-04 03:30	65.390	65.420	65.390	65.410	5
2025-06-04 03:35	65.405	65.415	65.395	65.400	4
2025-06-04 03:40	65.405	65.405	65.395	65.400	5
2025-06-04 03:45	65.405	65.405	65.385	65.395	4
2025-06-04 03:50	65.348	65.395	65.348	65.385	3
2025-06-04 03:55	65.390	65.395	65.348	65.390	4
2025-06-04 04:00	65.395	65.425	65.395	65.415	4
2025-06-04 04:05	65.420	65.425	65.395	65.395	4
2025-06-04 04:10	65.390	65.425	65.390	65.425	5
2025-06-04 04:15	65.420	65.425	65.323	65.375	5
2025-06-04 04:20	65.370	65.405	65.333	65.395	5
2025-06-04 04:25	65.400	65.415	65.395	65.415	4
2025-06-04 04:30	65.420	65.425	65.400	65.400	4
2025-06-04 04:35	65.405	65.415	65.355	65.360	5
2025-06-04 04:40	65.355	65.360	65.335	65.355	4
2025-06-04 04:45	65.345	65.350	65.335	65.335	5
2025-06-04 04:50	65.340	65.350	65.335	65.340	5
2025-06-04 04:55	65.345	65.355	65.293	65.345	5
2025-06-04 05:00	65.350	65.350	65.325	65.330	4
2025-06-04 05:05	65.335	65.355	65.330	65.340	4
2025-06-04 05:10	65.335	65.370	65.335	65.355	5
2025-06-04 05:15	65.365	65.375	65.350	65.355	5
2025-06-04 05:20	65.345	65.355	65.325	65.325	5
2025-06-04 05:25	65.335	65.345	65.325	65.325	5
2025-06-04 05:30	65.315	65.340	65.295	65.335	5
2025-06-04 05:35	65.340	65.355	65.325	65.325	5
2025-06-04 05:40	65.320	65.350	65.320	65.330	5
2025-06-04 05:45	65.335	65.355	65.325	65.355	5
2025-06-04 05:50	65.360	65.375	65.345	65.360	5
2025-06-04 05:55	65.355	65.390	65.355	65.375	5
2025-06-04 06:00	65.385	65.475	65.385	65.470	5
2025-06-04 06:05	65.465	65.545	65.455	65.490	5
2025-06-04 06:10	65.495	65.505	65.445	65.450	5
2025-06-04 06:15	65.445	65.505	65.405	65.435	5
2025-06-04 06:20	65.425	65.440	65.375	65.375	5
2025-06-04 06:25	65.370	65.440	65.370	65.425	5
2025-06-04 06:30	65.420	65.490	65.410	65.490	5
2025-06-04 06:35	65.495	65.495	65.440	65.440	5
2025-06-04 06:40	65.435	65.445	65.405	65.420	5
2025-06-04 06:45	65.415	65.445	65.415	65.415	5
2025-06-04 06:50	65.410	65.425	65.385	65.415	5
2025-06-04 06:55	65.405	65.425	65.375	65.415	5
2025-06-04 07:00	65.420	65.425	65.350	65.385	5
2025-06-04 07:05	65.380	65.435	65.375	65.395	5
2025-06-04 07:10	65.405	65.425	65.375	65.415	5
2025-06-04 07:15	65.395	65.475	65.390	65.470	5
2025-06-04 07:20	65.475	65.575	65.465	65.555	5
2025-06-04 07:25	65.550	65.625	65.550	65.605	5
2025-06-04 07:30	65.615	65.655	65.605	65.625	5
2025-06-04 07:35	65.615	65.635	65.565	65.575	5
2025-06-04 07:40	65.585	65.615	65.545	65.615	5
2025-06-04 07:45	65.620	65.625	65.585	65.595	4
2025-06-04 07:50	65.585	65.595	65.565	65.595	4
2025-06-04 07:55	65.585	65.625	65.575	65.615	5
2025-06-04 08:00	65.625	65.685	65.575	65.675	5
2025-06-04 08:05	65.685	65.730	65.670	65.675	5
2025-06-04 08:10	65.685	65.705	65.665	65.695	5
2025-06-04 08:15	65.715	65.745	65.705	65.735	5
2025-06-04 08:20	65.725	65.735	65.705	65.725	5
2025-06-04 08:25	65.735	65.765	65.665	65.665	5
2025-06-04 08:30	65.655	65.685	65.565	65.650	5
2025-06-04 08:35	65.645	65.655	65.610	65.625	5
2025-06-04 08:40	65.615	65.685	65.615	65.635	5
2025-06-04 08:45	65.655	65.655	65.515	65.520	5
2025-06-04 08:50	65.525	65.535	65.475	65.495	5
2025-06-04 08:55	65.485	65.515	65.455	65.475	5
2025-06-04 09:00	65.470	65.475	65.385	65.425	5
2025-06-04 09:05	65.415	65.415	65.345	65.365	5
2025-06-04 09:10	65.355	65.375	65.295	65.355	5
2025-06-04 09:15	65.345	65.475	65.345	65.440	5
2025-06-04 09:20	65.445	65.485	65.425	65.485	5
2025-06-04 09:25	65.475	65.490	65.460	65.485	5
2025-06-04 09:30	65.480	65.585	65.455	65.555	5
2025-06-04 09:35	65.565	65.735	65.565	65.700	5
2025-06-04 09:40	65.695	65.725	65.680	65.710	5
2025-06-04 09:45	65.705	65.845	65.705	65.840	5
2025-06-04 09:50	65.835	65.875	65.825	65.865	5
2025-06-04 09:55	65.870	65.915	65.860	65.905	5
2025-06-04 10:00	65.895	65.925	65.833	65.905	5
2025-06-04 10:05	65.915	65.925	65.795	65.835	5
2025-06-04 10:10	65.830	65.835	65.795	65.795	5
2025-06-04 10:15	65.785	65.805	65.760	65.765	5
2025-06-04 10:20	65.760	65.780	65.655	65.660	5
2025-06-04 10:25	65.655	65.655	65.605	65.615	5
2025-06-04 10:30	65.625	65.675	65.595	65.655	5
2025-06-04 10:35	65.645	65.665	65.625	65.645	5
2025-06-04 10:40	65.635	65.655	65.625	65.635	4
2025-06-04 10:45	65.625	65.635	65.610	65.635	5
2025-06-04 10:50	65.630	65.685	65.620	65.685	5
2025-06-04 10:55	65.690	65.735	65.665	65.715	5
2025-06-04 11:00	65.690	65.705	65.625	65.685	5
2025-06-04 11:05	65.675	65.685	65.525	65.575	5
2025-06-04 11:10	65.570	65.585	65.545	65.585	5
2025-06-04 11:15	65.580	65.625	65.575	65.615	5
2025-06-04 11:20	65.610	65.625	65.600	65.605	5
2025-06-04 11:25	65.615	65.625	65.605	65.605	4
2025-06-04 11:30	65.595	65.655	65.595	65.625	5
2025-06-04 11:35	65.635	65.665	65.585	65.605	5
2025-06-04 11:40	65.615	65.625	65.560	65.585	5
2025-06-04 11:45	65.575	65.580	65.555	65.575	5
2025-06-04 11:50	65.570	65.655	65.570	65.655	5
2025-06-04 11:55	65.645	65.655	65.625	65.645	5
2025-06-04 12:00	65.635	65.685	65.605	65.615	5
2025-06-04 12:05	65.605	65.635	65.600	65.630	5
2025-06-04 12:10	65.625	65.665	65.605	65.655	5
2025-06-04 12:15	65.645	65.645	65.555	65.590	5
2025-06-04 12:20	65.595	65.605	65.495	65.515	5
2025-06-04 12:25	65.510	65.510	65.395	65.405	5
2025-06-04 12:30	65.410	65.410	65.205	65.265	5
2025-06-04 12:35	65.255	65.305	65.135	65.185	5
2025-06-04 12:40	65.170	65.170	65.105	65.155	5
2025-06-04 12:45	65.145	65.275	65.115	65.275	5
2025-06-04 12:50	65.265	65.330	65.195	65.315	5
2025-06-04 12:55	65.305	65.325	65.225	65.235	5
2025-06-04 13:00	65.250	65.425	65.170	65.415	5
2025-06-04 13:05	65.420	65.640	65.395	65.625	5
2025-06-04 13:10	65.630	65.635	65.495	65.560	5
2025-06-04 13:15	65.555	65.635	65.545	65.630	5
2025-06-04 13:20	65.625	65.625	65.575	65.585	5
2025-06-04 13:25	65.580	65.605	65.525	65.525	5
2025-06-04 13:30	65.483	65.615	65.483	65.545	5
2025-06-04 13:35	65.535	65.655	65.255	65.490	5
2025-06-04 13:40	65.500	65.665	65.460	65.610	5
2025-06-04 13:45	65.605	65.825	65.585	65.730	5
2025-06-04 13:50	65.735	65.785	65.645	65.745	5
2025-06-04 13:55	65.740	65.835	65.695	65.720	5
2025-06-04 14:00	65.705	65.845	65.575	65.810	5
2025-06-04 14:05	65.815	65.825	65.675	65.745	5
2025-06-04 14:10	65.760	65.925	65.730	65.765	5
2025-06-04 14:15	65.770	65.875	65.703	65.805	5
2025-06-04 14:20	65.800	65.905	65.800	65.865	5
2025-06-04 14:25	65.855	65.865	65.720	65.767	5
2025-06-04 14:30	65.728	65.728	65.503	65.575	5
2025-06-04 14:35	65.585	65.605	65.430	65.495	5
2025-06-04 14:40	65.485	65.535	65.305	65.375	5
2025-06-04 14:45	65.380	65.445	65.335	65.335	5
2025-06-04 14:50	65.325	65.430	65.305	65.430	5
2025-06-04 14:55	65.435	65.465	65.245	65.275	5
2025-06-04 15:00	65.270	65.285	65.182	65.265	5
2025-06-04 15:05	65.255	65.365	65.225	65.365	5
2025-06-04 15:10	65.355	65.465	65.285	65.315	5
2025-06-04 15:15	65.310	65.425	64.255	64.705	5
2025-06-04 15:20	64.695	64.735	64.425	64.550	5
2025-06-04 15:25	64.555	64.675	64.485	64.615	5
2025-06-04 15:30	64.620	64.865	64.545	64.665	5
2025-06-04 15:35	64.675	64.965	64.625	64.795	5
2025-06-04 15:40	64.790	64.915	64.780	64.845	5
2025-06-04 15:45	64.840	64.955	64.725	64.775	5
2025-06-04 15:50	64.765	64.825	64.740	64.765	5
2025-06-04 15:55	64.755	64.775	64.650	64.665	5
2025-06-04 16:00	64.655	64.660	64.545	64.640	5
2025-06-04 16:05	64.635	64.760	64.630	64.715	5
2025-06-04 16:10	64.705	64.745	64.585	64.595	5
2025-06-04 16:15	64.605	64.655	64.555	64.645	5
2025-06-04 16:20	64.635	64.725	64.635	64.675	5
2025-06-04 16:25	64.685	64.745	64.585	64.595	5
2025-06-04 16:30	64.605	64.795	64.605	64.770	5
2025-06-04 16:35	64.775	64.785	64.695	64.745	5
2025-06-04 16:40	64.765	64.872	64.745	64.795	5
2025-06-04 16:45	64.785	64.825	64.735	64.770	5
2025-06-04 16:50	64.765	64.770	64.670	64.735	5
2025-06-04 16:55	64.725	64.735	64.675	64.685	5
2025-06-04 17:00	64.675	64.735	64.675	64.725	5
2025-06-04 17:05	64.715	64.735	64.665	64.700	5
2025-06-04 17:10	64.695	64.745	64.690	64.740	5
2025-06-04 17:15	64.735	64.805	64.725	64.805	5
2025-06-04 17:20	64.800	64.815	64.755	64.805	5
2025-06-04 17:25	64.810	64.825	64.775	64.790	5
2025-06-04 17:30	64.785	64.820	64.725	64.735	5
2025-06-04 17:35	64.740	64.760	64.705	64.730	5
2025-06-04 17:40	64.725	64.775	64.715	64.770	5
2025-06-04 17:45	64.775	64.795	64.725	64.725	5
2025-06-04 17:50	64.735	64.785	64.730	64.775	5
2025-06-04 17:55	64.780	64.825	64.745	64.755	5
2025-06-04 18:00	64.745	64.770	64.705	64.765	5
2025-06-04 18:05	64.755	64.805	64.735	64.760	5
2025-06-04 18:10	64.765	64.825	64.760	64.790	5
2025-06-04 18:15	64.795	64.795	64.745	64.760	5
2025-06-04 18:20	64.765	64.865	64.745	64.845	5
2025-06-04 18:25	64.855	64.865	64.795	64.845	5
2025-06-04 18:30	64.835	65.055	64.835	65.030	5
2025-06-04 18:35	65.015	65.030	64.975	64.975	5
2025-06-04 18:40	64.980	64.995	64.945	64.980	5
2025-06-04 18:45	64.975	65.000	64.975	64.995	5
2025-06-04 18:50	64.990	65.005	64.965	64.980	5
2025-06-04 18:55	64.985	65.005	64.935	64.935	5
2025-06-04 19:00	64.940	64.940	64.915	64.935	5
2025-06-04 19:05	64.940	64.955	64.915	64.915	5
2025-06-04 19:10	64.920	64.955	64.905	64.935	5
2025-06-04 19:15	64.925	64.930	64.895	64.900	5
2025-06-04 19:20	64.895	64.930	64.895	64.930	5
2025-06-04 19:25	64.935	64.935	64.895	64.905	5
2025-06-04 19:30	64.910	64.915	64.895	64.895	5
2025-06-04 19:35	64.900	64.900	64.885	64.885	3
2025-06-04 19:40	64.880	64.895	64.833	64.865	5
2025-06-04 19:45	64.855	64.870	64.845	64.860	5
2025-06-04 19:50	64.855	64.865	64.845	64.865	5
2025-06-04 19:55	64.860	64.885	64.855	64.875	5
2025-06-04 20:00	64.852	64.852	64.802	64.827	5
2025-06-04 20:05	64.822	64.827	64.803	64.827	5
2025-06-04 20:10	64.822	64.822	64.782	64.807	4
2025-06-04 20:15	64.802	64.822	64.797	64.822	3
2025-06-04 20:20	64.807	64.807	64.742	64.752	5
2025-06-04 20:25	64.747	64.852	64.742	64.787	5
2025-06-04 20:30	64.782	64.812	64.782	64.797	5
2025-06-04 20:35	64.792	64.812	64.767	64.767	5
2025-06-04 20:40	64.772	64.822	64.772	64.797	5
2025-06-04 20:45	64.792	64.822	64.792	64.803	5
2025-06-04 20:50	64.827	64.832	64.797	64.797	5
2025-06-04 20:55	64.802	64.817	64.777	64.807	5
2025-06-05 00:00	64.710	64.760	64.705	64.755	5
2025-06-05 00:05	64.765	64.790	64.745	64.785	5
2025-06-05 00:10	64.780	64.780	64.730	64.740	5
2025-06-05 00:15	64.745	64.765	64.708	64.745	5
2025-06-05 00:20	64.755	64.765	64.745	64.765	4
2025-06-05 00:25	64.718	64.755	64.698	64.705	5
2025-06-05 00:30	64.695	64.725	64.618	64.655	5
2025-06-05 00:35	64.640	64.675	64.610	64.675	5
2025-06-05 00:40	64.660	64.660	64.635	64.640	5
2025-06-05 00:45	64.635	64.670	64.623	64.635	4
2025-06-05 00:50	64.640	64.665	64.640	64.660	4
2025-06-05 00:55	64.655	64.730	64.655	64.730	4
2025-06-05 01:00	64.725	64.790	64.635	64.765	5
2025-06-05 01:05	64.760	64.830	64.750	64.810	5
2025-06-05 01:10	64.805	64.820	64.795	64.810	5
2025-06-05 01:15	64.815	64.825	64.795	64.815	5
2025-06-05 01:20	64.810	64.855	64.805	64.825	5
2025-06-05 01:25	64.820	64.860	64.810	64.855	5
2025-06-05 01:30	64.850	64.885	64.840	64.855	5
2025-06-05 01:35	64.850	64.880	64.825	64.875	5
2025-06-05 01:40	64.880	64.900	64.855	64.885	5
2025-06-05 01:45	64.890	64.905	64.855	64.860	5
2025-06-05 01:50	64.855	64.870	64.835	64.850	5
2025-06-05 01:55	64.845	64.855	64.798	64.850	5
2025-06-05 02:00	64.855	64.875	64.855	64.875	5
2025-06-05 02:05	64.870	64.875	64.828	64.860	5
2025-06-05 02:10	64.855	64.855	64.835	64.840	5
2025-06-05 02:15	64.835	64.840	64.768	64.815	5
2025-06-05 02:20	64.820	64.835	64.805	64.810	5
2025-06-05 02:25	64.805	64.810	64.758	64.758	5
2025-06-05 02:30	64.800	64.825	64.768	64.815	5
2025-06-05 02:35	64.810	64.815	64.745	64.755	5
2025-06-05 02:40	64.760	64.765	64.720	64.755	5
2025-06-05 02:45	64.745	64.765	64.745	64.760	5
2025-06-05 02:50	64.755	64.765	64.755	64.765	5
2025-06-05 02:55	64.775	64.775	64.755	64.755	4
2025-06-05 03:00	64.708	64.755	64.708	64.715	4
2025-06-05 03:05	64.720	64.735	64.715	64.735	3
2025-06-05 03:10	64.740	64.760	64.720	64.725	5
2025-06-05 03:15	64.678	64.745	64.678	64.745	4
2025-06-05 03:20	64.735	64.745	64.725	64.730	4
2025-06-05 03:25	64.735	64.740	64.715	64.725	5
2025-06-05 03:30	64.735	64.765	64.708	64.760	5
2025-06-05 03:35	64.755	64.765	64.708	64.708	5
2025-06-05 03:40	64.745	64.755	64.745	64.750	4
2025-06-05 03:45	64.755	64.755	64.688	64.688	3
2025-06-05 03:50	64.730	64.735	64.730	64.730	3
2025-06-05 03:55	64.735	64.735	64.685	64.685	5
2025-06-05 04:00	64.638	64.695	64.615	64.625	5
2025-06-05 04:05	64.635	64.675	64.630	64.675	5
2025-06-05 04:10	64.670	64.675	64.670	64.675	2
2025-06-05 04:15	64.670	64.695	64.623	64.695	4
2025-06-05 04:20	64.648	64.705	64.648	64.670	4
2025-06-05 04:25	64.665	64.670	64.655	64.655	4
2025-06-05 04:30	64.645	64.650	64.645	64.645	4
2025-06-05 04:35	64.598	64.650	64.588	64.645	4
2025-06-05 04:40	64.635	64.680	64.628	64.680	5
2025-06-05 04:45	64.675	64.675	64.618	64.660	5
2025-06-05 04:50	64.670	64.670	64.613	64.660	5
2025-06-05 04:55	64.665	64.705	64.643	64.705	4
2025-06-05 05:00	64.700	64.705	64.655	64.665	5
2025-06-05 05:05	64.660	64.675	64.660	64.665	4
2025-06-05 05:10	64.670	64.685	64.638	64.638	5
2025-06-05 05:15	64.675	64.700	64.675	64.695	5
2025-06-05 05:20	64.648	64.725	64.648	64.725	3
2025-06-05 05:25	64.715	64.750	64.715	64.750	5
2025-06-05 05:30	64.745	64.745	64.705	64.710	5
2025-06-05 05:35	64.715	64.740	64.710	64.720	5
2025-06-05 05:40	64.725	64.820	64.715	64.820	5
2025-06-05 05:45	64.830	64.835	64.810	64.815	5
2025-06-05 05:50	64.810	64.815	64.770	64.770	5
2025-06-05 05:55	64.775	64.785	64.750	64.770	5
2025-06-05 06:00	64.775	64.775	64.755	64.760	5
2025-06-05 06:05	64.755	64.790	64.735	64.780	4
2025-06-05 06:10	64.785	64.815	64.735	64.785	5
2025-06-05 06:15	64.795	64.885	64.795	64.820	5
2025-06-05 06:20	64.815	64.865	64.815	64.855	5
2025-06-05 06:25	64.850	64.855	64.830	64.835	5
2025-06-05 06:30	64.840	64.860	64.795	64.805	5
2025-06-05 06:35	64.795	64.845	64.795	64.840	5
2025-06-05 06:40	64.835	64.835	64.785	64.795	5
2025-06-05 06:45	64.790	64.825	64.775	64.825	5
2025-06-05 06:50	64.835	64.935	64.830	64.935	5
2025-06-05 06:55	64.940	64.985	64.935	64.965	5
2025-06-05 07:00	64.945	65.005	64.945	64.975	5
2025-06-05 07:05	64.960	65.135	64.960	65.095	5
2025-06-05 07:10	65.115	65.145	65.085	65.135	5
2025-06-05 07:15	65.125	65.155	65.085	65.110	5
2025-06-05 07:20	65.115	65.135	65.095	65.130	5
2025-06-05 07:25	65.135	65.225	65.135	65.170	5
2025-06-05 07:30	65.165	65.185	65.125	65.145	5
2025-06-05 07:35	65.135	65.145	65.075	65.090	4
2025-06-05 07:40	65.085	65.115	65.075	65.075	5
2025-06-05 07:45	65.080	65.105	65.075	65.080	5
2025-06-05 07:50	65.085	65.115	65.085	65.115	5
2025-06-05 07:55	65.105	65.125	65.085	65.085	5
2025-06-05 08:00	65.080	65.080	64.925	65.055	5
2025-06-05 08:05	65.045	65.055	64.965	64.995	5
2025-06-05 08:10	64.985	64.985	64.920	64.925	4
2025-06-05 08:15	64.930	64.945	64.870	64.925	5
2025-06-05 08:20	64.930	64.975	64.915	64.970	5
2025-06-05 08:25	64.975	64.980	64.915	64.915	5
2025-06-05 08:30	64.910	65.095	64.905	65.070	5
2025-06-05 08:35	65.075	65.120	65.055	65.085	5
2025-06-05 08:40	65.095	65.125	65.075	65.105	5
2025-06-05 08:45	65.095	65.175	65.085	65.120	5
2025-06-05 08:50	65.125	65.125	65.095	65.125	5
2025-06-05 08:55	65.135	65.135	65.085	65.115	5
2025-06-05 09:00	65.110	65.115	64.945	64.985	5
2025-06-05 09:05	64.995	65.025	64.930	64.975	5
2025-06-05 09:10	64.965	64.990	64.900	64.915	5
2025-06-05 09:15	64.910	64.985	64.885	64.985	5
2025-06-05 09:20	64.965	64.995	64.965	64.975	5
2025-06-05 09:25	64.985	64.995	64.955	64.965	5
2025-06-05 09:30	64.975	65.070	64.935	65.070	5
2025-06-05 09:35	65.075	65.125	65.045	65.060	5
2025-06-05 09:40	65.065	65.095	65.045	65.055	5
2025-06-05 09:45	65.050	65.145	65.025	65.125	5
2025-06-05 09:50	65.115	65.115	65.075	65.075	5
2025-06-05 09:55	65.065	65.085	65.033	65.055	5
2025-06-05 10:00	65.060	65.095	65.045	65.045	5
2025-06-05 10:05	65.055	65.175	65.015	65.160	5
2025-06-05 10:10	65.165	65.165	65.125	65.125	5
2025-06-05 10:15	65.135	65.145	65.115	65.135	5
2025-06-05 10:20	65.125	65.155	65.125	65.155	5
2025-06-05 10:25	65.145	65.155	65.105	65.135	5
2025-06-05 10:30	65.140	65.195	65.135	65.145	5
2025-06-05 10:35	65.155	65.195	65.155	65.185	5
2025-06-05 10:40	65.195	65.235	65.145	65.225	5
2025-06-05 10:45	65.230	65.255	65.215	65.245	5
2025-06-05 10:50	65.255	65.265	65.215	65.225	5
2025-06-05 10:55	65.235	65.245	65.205	65.215	5
2025-06-05 11:00	65.205	65.205	65.015	65.040	5
2025-06-05 11:05	65.035	65.055	65.015	65.030	5
2025-06-05 11:10	65.025	65.045	64.955	65.015	5
2025-06-05 11:15	65.020	65.065	65.015	65.035	5
2025-06-05 11:20	65.025	65.055	65.005	65.005	5
2025-06-05 11:25	65.010	65.015	64.965	64.965	3
2025-06-05 11:30	64.985	65.065	64.985	65.055	5
2025-06-05 11:35	65.045	65.075	65.015	65.035	5
2025-06-05 11:40	65.025	65.025	64.985	64.995	4
2025-06-05 11:45	65.000	65.115	64.995	65.115	5
2025-06-05 11:50	65.135	65.135	65.055	65.055	5
2025-06-05 11:55	65.065	65.115	65.050	65.105	5
2025-06-05 12:00	65.095	65.135	65.095	65.135	5
2025-06-05 12:05	65.125	65.225	65.125	65.165	5
2025-06-05 12:10	65.160	65.185	65.135	65.135	5
2025-06-05 12:15	65.130	65.155	65.105	65.135	5
2025-06-05 12:20	65.145	65.175	65.115	65.165	5
2025-06-05 12:25	65.175	65.195	65.155	65.180	5
2025-06-05 12:30	65.140	65.165	65.075	65.125	5
2025-06-05 12:35	65.120	65.145	65.095	65.115	5
2025-06-05 12:40	65.125	65.180	65.115	65.175	5
2025-06-05 12:45	65.170	65.563	65.165	65.373	5
2025-06-05 12:50	65.368	65.525	65.288	65.435	5
2025-06-05 12:55	65.430	65.585	65.410	65.575	5
2025-06-05 13:00	65.543	65.725	65.543	65.665	5
2025-06-05 13:05	65.675	65.725	65.600	65.705	5
2025-06-05 13:10	65.710	65.715	65.575	65.675	5
2025-06-05 13:15	65.685	65.685	65.560	65.625	5
2025-06-05 13:20	65.635	65.715	65.620	65.715	5
2025-06-05 13:25	65.725	65.735	65.685	65.710	5
2025-06-05 13:30	65.715	65.805	65.678	65.775	5
2025-06-05 13:35	65.765	65.825	65.733	65.805	5
2025-06-05 13:40	65.800	65.805	65.660	65.735	5
2025-06-05 13:45	65.725	65.735	65.605	65.635	5
2025-06-05 13:50	65.650	65.725	65.555	65.695	5
2025-06-05 13:55	65.705	65.705	65.625	65.675	5
2025-06-05 14:00	65.695	65.720	65.550	65.605	5
2025-06-05 14:05	65.563	65.715	65.563	65.660	5
2025-06-05 14:10	65.665	65.725	65.605	65.615	5
2025-06-05 14:15	65.605	65.655	65.535	65.585	5
2025-06-05 14:20	65.575	65.585	65.495	65.520	5
2025-06-05 14:25	65.525	65.595	65.520	65.560	5
2025-06-05 14:30	65.550	65.600	65.505	65.580	5
2025-06-05 14:35	65.585	65.715	65.478	65.695	5
2025-06-05 14:40	65.690	65.825	65.608	65.685	5
2025-06-05 14:45	65.675	65.825	65.600	65.605	5
2025-06-05 14:50	65.615	65.635	65.535	65.605	5
2025-06-05 14:55	65.615	65.670	65.595	65.665	5
2025-06-05 15:00	65.675	65.725	65.630	65.725	5
2025-06-05 15:05	65.745	65.755	65.505	65.575	5
2025-06-05 15:10	65.585	65.585	65.505	65.535	5
2025-06-05 15:15	65.530	65.585	65.505	65.555	5
2025-06-05 15:20	65.560	65.560	65.420	65.450	5
2025-06-05 15:25	65.435	65.600	65.395	65.575	5
2025-06-05 15:30	65.570	65.620	65.475	65.490	5
2025-06-05 15:35	65.485	65.540	65.455	65.500	5
2025-06-05 15:40	65.495	65.505	65.460	65.475	5
2025-06-05 15:45	65.480	65.485	65.395	65.425	5
2025-06-05 15:50	65.435	65.445	65.365	65.405	5
2025-06-05 15:55	65.395	65.475	65.348	65.475	5
2025-06-05 16:00	65.485	65.485	65.395	65.445	5
2025-06-05 16:05	65.450	65.450	65.365	65.415	5
2025-06-05 16:10	65.425	65.425	65.355	65.365	5
2025-06-05 16:15	65.370	65.395	65.308	65.375	5
2025-06-05 16:20	65.380	65.445	65.360	65.420	5
2025-06-05 16:25	65.415	65.460	65.385	65.405	5
2025-06-05 16:30	65.425	65.435	65.335	65.335	5
2025-06-05 16:35	65.340	65.405	65.335	65.395	5
2025-06-05 16:40	65.385	65.395	65.335	65.355	5
2025-06-05 16:45	65.360	65.360	65.195	65.270	5
2025-06-05 16:50	65.275	65.285	65.205	65.230	5
2025-06-05 16:55	65.225	65.265	65.205	65.240	5
2025-06-05 17:00	65.235	65.260	65.175	65.205	5
2025-06-05 17:05	65.195	65.275	65.195	65.235	5
2025-06-05 17:10	65.225	65.235	65.185	65.215	5
2025-06-05 17:15	65.210	65.325	65.205	65.295	5
2025-06-05 17:20	65.290	65.305	65.275	65.275	5
2025-06-05 17:25	65.265	65.270	65.245	65.260	5
2025-06-05 17:30	65.265	65.265	65.235	65.235	4
2025-06-05 17:35	65.245	65.285	65.240	65.265	5
2025-06-05 17:40	65.270	65.285	65.255	65.285	5
2025-06-05 17:45	65.280	65.345	65.245	65.330	5
2025-06-05 17:50	65.325	65.365	65.325	65.345	5
2025-06-05 17:55	65.355	65.365	65.345	65.365	5
2025-06-05 18:00	65.355	65.395	65.355	65.385	5
2025-06-05 18:05	65.380	65.385	65.355	65.375	5
2025-06-05 18:10	65.365	65.375	65.300	65.310	5
2025-06-05 18:15	65.305	65.315	65.193	65.300	5
2025-06-05 18:20	65.295	65.340	65.275	65.330	5
2025-06-05 18:25	65.335	65.335	65.290	65.325	5
2025-06-05 18:30	65.315	65.335	65.275	65.325	5
2025-06-05 18:35	65.330	65.345	65.295	65.345	5
2025-06-05 18:40	65.335	65.355	65.325	65.345	5
2025-06-05 18:45	65.350	65.375	65.345	65.375	4
2025-06-05 18:50	65.370	65.375	65.345	65.360	4
2025-06-05 18:55	65.365	65.365	65.355	65.355	4
2025-06-05 19:00	65.345	65.365	65.345	65.345	3
2025-06-05 19:05	65.340	65.375	65.335	65.375	4
2025-06-05 19:10	65.370	65.375	65.335	65.345	4
2025-06-05 19:15	65.350	65.355	65.245	65.285	5
2025-06-05 19:20	65.280	65.285	65.235	65.235	5
2025-06-05 19:25	65.230	65.305	65.230	65.285	5
2025-06-05 19:30	65.290	65.310	65.275	65.305	4
2025-06-05 19:35	65.295	65.335	65.290	65.325	5
2025-06-05 19:40	65.330	65.335	65.275	65.300	5
2025-06-05 19:45	65.295	65.315	65.295	65.305	4
2025-06-05 19:50	65.300	65.305	65.275	65.285	5
2025-06-05 19:55	65.280	65.285	65.255	65.280	5
2025-06-05 20:00	65.257	65.292	65.252	65.272	5
2025-06-05 20:05	65.277	65.312	65.272	65.312	4
2025-06-05 20:10	65.302	65.307	65.258	65.277	5
2025-06-05 20:15	65.272	65.277	65.233	65.262	5
2025-06-05 20:20	65.257	65.262	65.243	65.243	5
2025-06-05 20:25	65.267	65.267	65.162	65.217	5
2025-06-05 20:30	65.212	65.227	65.187	65.187	5
2025-06-05 20:35	65.192	65.202	65.172	65.197	5
2025-06-05 20:40	65.187	65.222	65.187	65.192	5
2025-06-05 20:45	65.202	65.212	65.187	65.212	5
2025-06-05 20:50	65.202	65.202	65.168	65.197	4
2025-06-05 20:55	65.202	65.207	65.192	65.202	5
2025-06-06 00:00	65.182	65.250	65.182	65.230	5
2025-06-06 00:05	65.225	65.265	65.215	65.220	5
2025-06-06 00:10	65.225	65.245	65.210	65.245	4
2025-06-06 00:15	65.255	65.255	65.200	65.200	5
2025-06-06 00:20	65.205	65.205	65.160	65.165	5
2025-06-06 00:25	65.170	65.195	65.160	65.170	5
2025-06-06 00:30	65.175	65.175	65.155	65.160	5
2025-06-06 00:35	65.155	65.195	65.155	65.190	5
2025-06-06 00:40	65.185	65.205	65.148	65.148	5
2025-06-06 00:45	65.195	65.195	65.148	65.165	5
2025-06-06 00:50	65.185	65.185	65.133	65.185	5
2025-06-06 00:55	65.138	65.275	65.138	65.260	5
2025-06-06 01:00	65.255	65.275	65.205	65.245	5
2025-06-06 01:05	65.250	65.260	65.215	65.225	5
2025-06-06 01:10	65.230	65.245	65.215	65.240	5
2025-06-06 01:15	65.245	65.280	65.245	65.255	5
2025-06-06 01:20	65.275	65.275	65.180	65.180	5
2025-06-06 01:25	65.185	65.225	65.180	65.225	5
2025-06-06 01:30	65.215	65.225	65.175	65.220	5
2025-06-06 01:35	65.225	65.240	65.210	65.215	5
2025-06-06 01:40	65.210	65.245	65.210	65.240	5
2025-06-06 01:45	65.245	65.245	65.180	65.190	5
2025-06-06 01:50	65.195	65.205	65.175	65.175	5
2025-06-06 01:55	65.185	65.185	65.165	65.175	5
2025-06-06 02:00	65.185	65.185	65.105	65.105	5
2025-06-06 02:05	65.110	65.150	65.110	65.145	5
2025-06-06 02:10	65.150	65.205	65.145	65.185	5
2025-06-06 02:15	65.190	65.190	65.135	65.155	5
2025-06-06 02:20	65.160	65.180	65.155	65.160	5
2025-06-06 02:25	65.155	65.165	65.145	65.150	5
2025-06-06 02:30	65.145	65.165	65.125	65.150	5
2025-06-06 02:35	65.145	65.155	65.125	65.130	4
2025-06-06 02:40	65.135	65.155	65.130	65.145	5
2025-06-06 02:45	65.155	65.185	65.155	65.170	5
2025-06-06 02:50	65.165	65.175	65.135	65.145	4
2025-06-06 02:55	65.140	65.145	65.105	65.110	4
2025-06-06 03:00	65.115	65.115	65.095	65.095	5
2025-06-06 03:05	65.100	65.105	65.090	65.105	5
2025-06-06 03:10	65.100	65.115	65.095	65.110	4
2025-06-06 03:15	65.115	65.115	65.095	65.105	5
2025-06-06 03:20	65.095	65.135	65.095	65.095	3
2025-06-06 03:25	65.090	65.095	65.085	65.085	5
2025-06-06 03:30	65.090	65.120	65.090	65.115	5
2025-06-06 03:35	65.120	65.135	65.115	65.125	3
2025-06-06 03:40	65.078	65.175	65.078	65.175	4
2025-06-06 03:45	65.180	65.185	65.145	65.170	5
2025-06-06 03:50	65.175	65.175	65.118	65.165	5
2025-06-06 03:55	65.118	65.175	65.118	65.170	4
2025-06-06 04:00	65.165	65.175	65.145	65.145	5
2025-06-06 04:05	65.150	65.155	65.108	65.140	3
2025-06-06 04:10	65.155	65.170	65.150	65.170	5
2025-06-06 04:15	65.165	65.175	65.118	65.175	5
2025-06-06 04:20	65.180	65.185	65.118	65.165	5
2025-06-06 04:25	65.160	65.175	65.150	65.170	4
2025-06-06 04:30	65.165	65.170	65.145	65.155	5
2025-06-06 04:35	65.108	65.155	65.108	65.135	5
2025-06-06 04:40	65.140	65.145	65.120	65.125	5
2025-06-06 04:45	65.120	65.125	65.078	65.078	4
2025-06-06 04:50	65.125	65.145	65.078	65.140	5
2025-06-06 04:55	65.145	65.145	65.140	65.145	3
2025-06-06 05:00	65.135	65.155	65.115	65.155	5
2025-06-06 05:05	65.145	65.150	65.078	65.125	5
2025-06-06 05:10	65.145	65.145	65.115	65.125	5
2025-06-06 05:15	65.130	65.135	65.100	65.105	5
2025-06-06 05:20	65.110	65.125	65.090	65.095	5
2025-06-06 05:25	65.090	65.100	65.080	65.080	5
2025-06-06 05:30	65.075	65.075	65.005	65.010	4
2025-06-06 05:35	65.015	65.040	65.010	65.035	5
2025-06-06 05:40	65.030	65.060	65.025	65.060	5
2025-06-06 05:45	65.055	65.060	65.030	65.030	5
2025-06-06 05:50	65.035	65.055	64.993	65.040	5
2025-06-06 05:55	65.045	65.075	65.035	65.045	5
2025-06-06 06:00	64.983	65.035	64.975	64.980	5
2025-06-06 06:05	64.975	65.015	64.970	65.015	5
2025-06-06 06:10	65.010	65.055	65.005	65.055	4
2025-06-06 06:15	65.050	65.075	65.045	65.065	5
2025-06-06 06:20	65.075	65.105	65.070	65.095	3
2025-06-06 06:25	65.115	65.175	65.115	65.175	4
2025-06-06 06:30	65.185	65.205	65.165	65.205	5
2025-06-06 06:35	65.220	65.270	65.220	65.235	5
2025-06-06 06:40	65.230	65.235	65.205	65.225	5
2025-06-06 06:45	65.220	65.245	65.220	65.235	4
2025-06-06 06:50	65.225	65.275	65.215	65.220	5
2025-06-06 06:55	65.215	65.220	65.160	65.170	5
2025-06-06 07:00	65.160	65.160	64.995	65.025	5
2025-06-06 07:05	65.020	65.020	64.950	65.005	4
2025-06-06 07:10	64.985	65.100	64.985	65.090	5
2025-06-06 07:15	65.095	65.115	65.030	65.030	5
2025-06-06 07:20	65.025	65.025	64.915	64.935	5
2025-06-06 07:25	64.925	64.935	64.845	64.865	5
2025-06-06 07:30	64.870	64.875	64.805	64.840	5
2025-06-06 07:35	64.835	64.865	64.805	64.865	5
2025-06-06 07:40	64.855	64.935	64.855	64.925	5
2025-06-06 07:45	64.915	64.975	64.870	64.975	5
2025-06-06 07:50	64.985	65.060	64.955	65.055	5
2025-06-06 07:55	65.050	65.075	64.940	64.940	5
2025-06-06 08:00	64.965	65.005	64.905	65.000	5
2025-06-06 08:05	64.995	65.055	64.975	65.045	5
2025-06-06 08:10	65.050	65.125	65.045	65.110	5
2025-06-06 08:15	65.105	65.145	65.075	65.135	5
2025-06-06 08:20	65.125	65.135	65.065	65.080	5
2025-06-06 08:25	65.075	65.095	65.025	65.075	5
2025-06-06 08:30	65.065	65.175	65.035	65.045	5
2025-06-06 08:35	65.055	65.095	65.025	65.040	5
2025-06-06 08:40	65.035	65.190	65.035	65.185	5
2025-06-06 08:45	65.175	65.175	65.075	65.095	5
2025-06-06 08:50	65.090	65.125	65.070	65.125	5
2025-06-06 08:55	65.115	65.135	65.110	65.135	5
2025-06-06 09:00	65.125	65.145	65.075	65.115	5
2025-06-06 09:05	65.120	65.130	64.975	64.995	5
2025-06-06 09:10	65.005	65.045	64.995	65.035	5
2025-06-06 09:15	65.045	65.135	65.025	65.075	5
2025-06-06 09:20	65.065	65.090	65.005	65.010	5
2025-06-06 09:25	65.005	65.055	64.985	65.035	5
2025-06-06 09:30	65.025	65.035	64.965	65.025	5
2025-06-06 09:35	65.015	65.035	64.985	65.015	5
2025-06-06 09:40	65.005	65.025	64.985	64.985	5
2025-06-06 09:45	64.995	65.070	64.985	65.055	5
2025-06-06 09:50	65.050	65.140	65.030	65.135	5
2025-06-06 09:55	65.145	65.205	65.145	65.205	5
2025-06-06 10:00	65.215	65.235	65.195	65.205	5
2025-06-06 10:05	65.200	65.215	65.165	65.165	5
2025-06-06 10:10	65.155	65.235	65.155	65.235	5
2025-06-06 10:15	65.245	65.260	65.225	65.235	5
2025-06-06 10:20	65.245	65.265	65.210	65.230	5
2025-06-06 10:25	65.235	65.345	65.235	65.335	5
2025-06-06 10:30	65.345	65.365	65.315	65.355	5
2025-06-06 10:35	65.345	65.450	65.340	65.415	5
2025-06-06 10:40	65.425	65.440	65.375	65.405	5
2025-06-06 10:45	65.400	65.410	65.375	65.385	4
2025-06-06 10:50	65.380	65.385	65.325	65.345	5
2025-06-06 10:55	65.335	65.405	65.330	65.395	5
2025-06-06 11:00	65.390	65.405	65.315	65.360	5
2025-06-06 11:05	65.355	65.375	65.345	65.355	5
2025-06-06 11:10	65.350	65.350	65.285	65.285	5
2025-06-06 11:15	65.295	65.315	65.285	65.315	5
2025-06-06 11:20	65.320	65.345	65.315	65.335	4
2025-06-06 11:25	65.325	65.325	65.250	65.275	5
2025-06-06 11:30	65.285	65.325	65.275	65.285	5
2025-06-06 11:35	65.305	65.320	65.285	65.320	5
2025-06-06 11:40	65.325	65.325	65.295	65.305	5
2025-06-06 11:45	65.295	65.305	65.285	65.285	5
2025-06-06 11:50	65.290	65.320	65.265	65.275	5
2025-06-06 11:55	65.265	65.295	65.265	65.275	5
2025-06-06 12:00	65.265	65.290	65.185	65.225	5
2025-06-06 12:05	65.215	65.255	65.205	65.255	5
2025-06-06 12:10	65.260	65.315	65.245	65.295	5
2025-06-06 12:15	65.300	65.345	65.285	65.315	5
2025-06-06 12:20	65.320	65.325	65.255	65.285	5
2025-06-06 12:25	65.290	65.315	65.265	65.275	5
2025-06-06 12:30	65.280	65.420	65.278	65.405	5
2025-06-06 12:35	65.415	65.515	65.395	65.505	5
2025-06-06 12:40	65.495	65.525	65.455	65.475	5
2025-06-06 12:45	65.485	65.625	65.485	65.585	5
2025-06-06 12:50	65.590	65.595	65.565	65.595	5
2025-06-06 12:55	65.585	65.635	65.585	65.595	5
2025-06-06 13:00	65.605	65.635	65.535	65.555	5
2025-06-06 13:05	65.560	65.560	65.475	65.485	5
2025-06-06 13:10	65.490	65.615	65.490	65.575	5
2025-06-06 13:15	65.585	65.605	65.555	65.605	5
2025-06-06 13:20	65.610	65.635	65.545	65.615	5
2025-06-06 13:25	65.610	65.655	65.610	65.635	5
2025-06-06 13:30	65.645	66.125	65.603	66.110	5
2025-06-06 13:35	66.105	66.450	66.083	66.335	5
2025-06-06 13:40	66.325	66.525	66.295	66.375	5
2025-06-06 13:45	66.385	66.405	66.185	66.265	5
2025-06-06 13:50	66.270	66.410	66.195	66.285	5
2025-06-06 13:55	66.290	66.375	66.285	66.355	5
2025-06-06 14:00	66.345	66.370	66.165	66.205	5
2025-06-06 14:05	66.210	66.255	66.105	66.145	5
2025-06-06 14:10	66.155	66.255	66.135	66.185	5
2025-06-06 14:15	66.150	66.185	65.905	66.025	5
2025-06-06 14:20	66.015	66.055	65.975	66.035	5
2025-06-06 14:25	66.045	66.145	66.025	66.145	5
2025-06-06 14:30	66.150	66.260	66.115	66.245	5
2025-06-06 14:35	66.250	66.455	66.235	66.435	5
2025-06-06 14:40	66.440	66.445	66.305	66.405	5
2025-06-06 14:45	66.395	66.405	66.295	66.315	5
2025-06-06 14:50	66.325	66.325	66.255	66.275	5
2025-06-06 14:55	66.285	66.325	66.255	66.270	5
2025-06-06 15:00	66.265	66.275	66.145	66.145	5
2025-06-06 15:05	66.155	66.230	66.083	66.215	5
2025-06-06 15:10	66.225	66.285	66.185	66.265	5
2025-06-06 15:15	66.275	66.295	66.180	66.190	5
2025-06-06 15:20	66.195	66.195	66.065	66.145	5
2025-06-06 15:25	66.125	66.265	66.115	66.245	5
2025-06-06 15:30	66.235	66.355	66.215	66.315	5
2025-06-06 15:35	66.325	66.470	66.325	66.455	5
2025-06-06 15:40	66.460	66.475	66.415	66.445	5
2025-06-06 15:45	66.435	66.475	66.400	66.475	5
2025-06-06 15:50	66.485	66.525	66.465	66.515	5
2025-06-06 15:55	66.510	66.535	66.485	66.515	5
2025-06-06 16:00	66.505	66.555	66.465	66.505	5
2025-06-06 16:05	66.510	66.525	66.455	66.485	5
2025-06-06 16:10	66.475	66.530	66.475	66.505	5
2025-06-06 16:15	66.515	66.530	66.465	66.470	5
2025-06-06 16:20	66.465	66.495	66.435	66.470	5
2025-06-06 16:25	66.465	66.530	66.455	66.485	5
2025-06-06 16:30	66.490	66.645	66.490	66.625	5
2025-06-06 16:35	66.635	66.645	66.550	66.595	5
2025-06-06 16:40	66.585	66.600	66.565	66.585	5
2025-06-06 16:45	66.580	66.590	66.555	66.575	5
2025-06-06 16:50	66.565	66.590	66.555	66.560	5
2025-06-06 16:55	66.565	66.585	66.435	66.455	5
2025-06-06 17:00	66.460	66.475	66.405	66.415	5
2025-06-06 17:05	66.405	66.415	66.355	66.385	5
2025-06-06 17:10	66.375	66.435	66.365	66.415	5
2025-06-06 17:15	66.425	66.445	66.405	66.435	5
2025-06-06 17:20	66.430	66.430	66.385	66.410	5
2025-06-06 17:25	66.415	66.420	66.380	66.395	5
2025-06-06 17:30	66.400	66.425	66.365	66.400	5
2025-06-06 17:35	66.405	66.415	66.375	66.405	5
2025-06-06 17:40	66.410	66.415	66.395	66.395	5
2025-06-06 17:45	66.400	66.405	66.330	66.335	5
2025-06-06 17:50	66.345	66.355	66.315	66.335	5
2025-06-06 17:55	66.340	66.355	66.310	66.335	5
2025-06-06 18:00	66.330	66.350	66.265	66.265	5
2025-06-06 18:05	66.275	66.285	66.245	66.275	5
2025-06-06 18:10	66.285	66.345	66.275	66.325	5
2025-06-06 18:15	66.335	66.365	66.275	66.295	5
2025-06-06 18:20	66.300	66.355	66.295	66.310	5
2025-06-06 18:25	66.315	66.465	66.305	66.455	5
2025-06-06 18:30	66.460	66.475	66.415	66.475	5
2025-06-06 18:35	66.470	66.575	66.465	66.565	5
2025-06-06 18:40	66.560	66.565	66.525	66.535	5
2025-06-06 18:45	66.545	66.585	66.545	66.585	5
2025-06-06 18:50	66.590	66.595	66.545	66.565	5
2025-06-06 18:55	66.560	66.565	66.525	66.565	3
2025-06-06 19:00	66.560	66.560	66.535	66.550	5
2025-06-06 19:05	66.545	66.580	66.545	66.565	5
2025-06-06 19:10	66.555	66.585	66.555	66.575	4
2025-06-06 19:15	66.570	66.575	66.550	66.555	4
2025-06-06 19:20	66.560	66.565	66.545	66.555	4
2025-06-06 19:25	66.560	66.565	66.503	66.555	4
2025-06-06 19:30	66.550	66.550	66.485	66.495	5
2025-06-06 19:35	66.500	66.515	66.495	66.510	4
2025-06-06 19:40	66.505	66.525	66.475	66.490	5
2025-06-06 19:45	66.495	66.495	66.475	66.480	5
2025-06-06 19:50	66.495	66.495	66.465	66.465	5
2025-06-06 19:55	66.470	66.470	66.445	66.465	5
2025-06-06 20:00	66.460	66.465	66.432	66.447	5
2025-06-06 20:05	66.452	66.462	66.437	66.452	5
2025-06-06 20:10	66.462	66.462	66.452	66.452	4
2025-06-06 20:15	66.457	66.482	66.452	66.472	5
2025-06-06 20:20	66.462	66.492	66.453	66.492	5
2025-06-06 20:25	66.502	66.522	66.483	66.512	3
2025-06-06 20:30	66.517	66.562	66.517	66.552	4
2025-06-06 20:35	66.562	66.562	66.523	66.542	4
2025-06-06 20:40	66.518	66.547	66.518	66.537	5
2025-06-06 20:45	66.542	66.582	66.528	66.577	5
2025-06-06 20:50	66.597	66.602	66.562	66.582	5
2025-06-06 20:55	66.572	66.597	66.557	66.582	5
2025-06-09 00:00	66.447	66.510	66.440	66.455	5
2025-06-09 00:05	66.445	66.495	66.435	66.465	5
2025-06-09 00:10	66.460	66.460	66.405	66.410	5
2025-06-09 00:15	66.405	66.410	66.395	66.395	5
2025-06-09 00:20	66.400	66.415	66.376	66.405	5
2025-06-09 00:25	66.400	66.415	66.395	66.415	5
2025-06-09 00:30	66.410	66.455	66.410	66.450	5
2025-06-09 00:35	66.445	66.445	66.410	66.410	5
2025-06-09 00:40	66.405	66.430	66.376	66.430	5
2025-06-09 00:45	66.415	66.420	66.395	66.415	5
2025-06-09 00:50	66.410	66.415	66.395	66.415	5
2025-06-09 00:55	66.405	66.415	66.376	66.415	5
2025-06-09 01:00	66.410	66.455	66.376	66.380	5
2025-06-09 01:05	66.376	66.410	66.376	66.400	5
2025-06-09 01:10	66.405	66.435	66.385	66.425	5
2025-06-09 01:15	66.415	66.420	66.395	66.415	5
2025-06-09 01:20	66.405	66.475	66.405	66.445	5
2025-06-09 01:25	66.435	66.465	66.415	66.460	5
2025-06-09 01:30	66.455	66.455	66.376	66.400	5
2025-06-09 01:35	66.395	66.445	66.385	66.430	5
2025-06-09 01:40	66.435	66.445	66.385	66.400	5
2025-06-09 01:45	66.395	66.445	66.395	66.430	5
2025-06-09 01:50	66.435	66.455	66.425	66.435	5
2025-06-09 01:55	66.430	66.445	66.378	66.440	5
2025-06-09 02:00	66.445	66.455	66.415	66.435	5
2025-06-09 02:05	66.430	66.435	66.405	66.430	5
2025-06-09 02:10	66.435	66.475	66.435	66.460	5
2025-06-09 02:15	66.455	66.465	66.405	66.405	5
2025-06-09 02:20	66.410	66.435	66.395	66.435	5
2025-06-09 02:25	66.445	66.455	66.425	66.440	5
2025-06-09 02:30	66.445	66.465	66.420	66.465	5
2025-06-09 02:35	66.460	66.465	66.400	66.405	4
2025-06-09 02:40	66.395	66.415	66.385	66.400	5
2025-06-09 02:45	66.395	66.405	66.385	66.400	5
2025-06-09 02:50	66.395	66.465	66.395	66.465	5
2025-06-09 02:55	66.460	66.460	66.395	66.405	5
2025-06-09 03:00	66.400	66.430	66.385	66.395	5
2025-06-09 03:05	66.390	66.405	66.376	66.376	5
2025-06-09 03:10	66.385	66.425	66.376	66.415	5
2025-06-09 03:15	66.410	66.435	66.376	66.376	5
2025-06-09 03:20	66.376	66.376	66.375	66.376	5
2025-06-09 03:25	66.376	66.376	66.376	66.376	4
2025-06-09 03:30	66.376	66.380	66.376	66.380	4
2025-06-09 03:35	66.376	66.395	66.376	66.385	5
2025-06-09 03:40	66.380	66.465	66.380	66.460	5
2025-06-09 03:45	66.455	66.465	66.385	66.410	5
2025-06-09 03:50	66.405	66.410	66.395	66.405	5
2025-06-09 03:55	66.395	66.410	66.376	66.410	5
2025-06-09 04:00	66.415	66.445	66.378	66.440	5
2025-06-09 04:05	66.445	66.445	66.376	66.410	5
2025-06-09 04:10	66.405	66.405	66.385	66.395	5
2025-06-09 04:15	66.400	66.415	66.395	66.400	4
2025-06-09 04:20	66.405	66.415	66.376	66.376	5
2025-06-09 04:25	66.380	66.395	66.376	66.395	5
2025-06-09 04:30	66.400	66.400	66.376	66.376	5
2025-06-09 04:35	66.376	66.380	66.376	66.376	5
2025-06-09 04:40	66.380	66.395	66.376	66.380	4
2025-06-09 04:45	66.376	66.395	66.376	66.390	5
2025-06-09 04:50	66.385	66.415	66.376	66.415	5
2025-06-09 04:55	66.405	66.405	66.376	66.385	5
2025-06-09 05:00	66.395	66.405	66.376	66.376	5
2025-06-09 05:05	66.376	66.395	66.376	66.385	5
2025-06-09 05:10	66.380	66.395	66.380	66.395	5
2025-06-09 05:15	66.390	66.415	66.385	66.405	5
2025-06-09 05:20	66.415	66.415	66.376	66.395	4
2025-06-09 05:25	66.390	66.410	66.376	66.385	3
2025-06-09 05:30	66.380	66.390	66.376	66.385	5
2025-06-09 05:35	66.390	66.390	66.376	66.390	5
2025-06-09 05:40	66.385	66.435	66.385	66.405	5
2025-06-09 05:45	66.415	66.415	66.376	66.376	5
2025-06-09 05:50	66.376	66.376	66.375	66.376	5
2025-06-09 05:55	66.380	66.390	66.376	66.390	5
2025-06-09 06:00	66.395	66.395	66.325	66.345	5
2025-06-09 06:05	66.335	66.335	66.300	66.325	5
2025-06-09 06:10	66.320	66.335	66.300	66.325	5
2025-06-09 06:15	66.315	66.315	66.275	66.285	5
2025-06-09 06:20	66.290	66.325	66.265	66.315	5
2025-06-09 06:25	66.320	66.325	66.285	66.315	5
2025-06-09 06:30	66.310	66.325	66.265	66.275	5
2025-06-09 06:35	66.270	66.285	66.265	66.270	5
2025-06-09 06:40	66.275	66.285	66.265	66.275	4
2025-06-09 06:45	66.285	66.305	66.275	66.290	5
2025-06-09 06:50	66.285	66.325	66.275	66.285	5
2025-06-09 06:55	66.280	66.285	66.235	66.240	5
2025-06-09 07:00	66.255	66.275	66.175	66.225	5
2025-06-09 07:05	66.220	66.265	66.220	66.235	5
2025-06-09 07:10	66.225	66.235	66.150	66.160	5
2025-06-09 07:15	66.155	66.155	66.110	66.115	5
2025-06-09 07:20	66.105	66.155	66.085	66.155	5
2025-06-09 07:25	66.145	66.145	66.105	66.115	5
2025-06-09 07:30	66.125	66.155	66.065	66.065	4
2025-06-09 07:35	66.055	66.105	66.055	66.085	5
2025-06-09 07:40	66.075	66.205	66.075	66.200	4
2025-06-09 07:45	66.205	66.205	66.145	66.175	5
2025-06-09 07:50	66.180	66.285	66.175	66.225	5
2025-06-09 07:55	66.235	66.325	66.225	66.295	5
2025-06-09 08:00	66.320	66.335	66.235	66.315	5
2025-06-09 08:05	66.305	66.345	66.295	66.330	5
2025-06-09 08:10	66.325	66.335	66.305	66.315	5
2025-06-09 08:15	66.310	66.355	66.260	66.315	5
2025-06-09 08:20	66.325	66.330	66.275	66.325	5
2025-06-09 08:25	66.315	66.315	66.195	66.195	5
2025-06-09 08:30	66.200	66.395	66.200	66.395	5
2025-06-09 08:35	66.405	66.525	66.395	66.525	5
2025-06-09 08:40	66.535	66.575	66.525	66.555	5
2025-06-09 08:45	66.570	66.575	66.445	66.465	5
2025-06-09 08:50	66.455	66.480	66.365	66.425	5
2025-06-09 08:55	66.400	66.515	66.395	66.510	5
2025-06-09 09:00	66.505	66.545	66.495	66.495	5
2025-06-09 09:05	66.485	66.565	66.485	66.565	5
2025-06-09 09:10	66.570	66.575	66.515	66.545	5
2025-06-09 09:15	66.555	66.575	66.545	66.565	4
2025-06-09 09:20	66.560	66.575	66.505	66.535	5
2025-06-09 09:25	66.530	66.560	66.495	66.555	5
2025-06-09 09:30	66.565	66.605	66.535	66.535	5
2025-06-09 09:35	66.530	66.565	66.495	66.495	5
2025-06-09 09:40	66.500	66.505	66.475	66.475	4
2025-06-09 09:45	66.505	66.545	66.475	66.515	5
2025-06-09 09:50	66.505	66.655	66.505	66.655	5
2025-06-09 09:55	66.645	66.665	66.600	66.605	5
2025-06-09 10:00	66.595	66.717	66.575	66.715	5
2025-06-09 10:05	66.695	66.705	66.655	66.705	5
2025-06-09 10:10	66.695	66.705	66.655	66.690	5
2025-06-09 10:15	66.685	66.760	66.685	66.755	5
2025-06-09 10:20	66.760	66.775	66.740	66.765	5
2025-06-09 10:25	66.775	66.775	66.755	66.765	5
2025-06-09 10:30	66.755	66.755	66.715	66.725	5
2025-06-09 10:35	66.715	66.725	66.665	66.685	5
2025-06-09 10:40	66.675	66.685	66.645	66.655	4
2025-06-09 10:45	66.645	66.665	66.625	66.655	4
2025-06-09 10:50	66.645	66.665	66.635	66.665	5
2025-06-09 10:55	66.660	66.665	66.645	66.655	5
2025-06-09 11:00	66.650	66.675	66.625	66.645	5
2025-06-09 11:05	66.635	66.695	66.625	66.665	5
2025-06-09 11:10	66.675	66.675	66.615	66.625	5
2025-06-09 11:15	66.635	66.655	66.593	66.645	5
2025-06-09 11:20	66.655	66.765	66.655	66.745	5
2025-06-09 11:25	66.735	66.765	66.725	66.760	5
2025-06-09 11:30	66.755	66.785	66.705	66.765	5
2025-06-09 11:35	66.775	66.775	66.735	66.775	5
2025-06-09 11:40	66.765	66.815	66.755	66.785	4
2025-06-09 11:45	66.780	66.835	66.775	66.825	5
2025-06-09 11:50	66.830	66.905	66.783	66.795	5
2025-06-09 11:55	66.805	66.850	66.795	66.840	5
2025-06-09 12:00	66.835	66.865	66.795	66.835	5
2025-06-09 12:05	66.825	66.885	66.785	66.885	5
2025-06-09 12:10	66.895	66.915	66.865	66.885	5
2025-06-09 12:15	66.875	66.875	66.835	66.865	5
2025-06-09 12:20	66.875	66.925	66.865	66.915	5
2025-06-09 12:25	66.945	66.975	66.925	66.925	5
2025-06-09 12:30	66.930	66.945	66.895	66.915	5
2025-06-09 12:35	66.920	66.935	66.895	66.905	5
2025-06-09 12:40	66.915	66.995	66.910	66.975	5
2025-06-09 12:45	66.970	66.980	66.895	66.915	5
2025-06-09 12:50	66.905	66.910	66.825	66.880	5
2025-06-09 12:55	66.875	66.875	66.835	66.845	5
2025-06-09 13:00	66.855	66.855	66.655	66.670	5
2025-06-09 13:05	66.655	66.665	66.575	66.645	5
2025-06-09 13:10	66.635	66.655	66.525	66.605	5
2025-06-09 13:15	66.590	66.650	66.585	66.625	5
2025-06-09 13:20	66.615	66.615	66.555	66.595	5
2025-06-09 13:25	66.585	66.625	66.545	66.595	5
2025-06-09 13:30	66.590	66.615	66.325	66.325	5
2025-06-09 13:35	66.315	66.375	66.285	66.365	5
2025-06-09 13:40	66.360	66.385	66.325	66.355	5
2025-06-09 13:45	66.345	66.415	66.335	66.355	5
2025-06-09 13:50	66.365	66.425	66.315	66.375	5
2025-06-09 13:55	66.365	66.405	66.335	66.405	5
2025-06-09 14:00	66.415	66.445	66.395	66.415	5
2025-06-09 14:05	66.410	66.505	66.385	66.475	5
2025-06-09 14:10	66.485	66.605	66.485	66.585	5
2025-06-09 14:15	66.575	66.675	66.575	66.595	5
2025-06-09 14:20	66.590	66.720	66.575	66.695	5
2025-06-09 14:25	66.705	66.715	66.655	66.695	5
2025-06-09 14:30	66.700	66.755	66.695	66.735	5
2025-06-09 14:35	66.725	66.795	66.665	66.695	5
2025-06-09 14:40	66.700	66.795	66.695	66.755	5
2025-06-09 14:45	66.765	66.765	66.625	66.725	5
2025-06-09 14:50	66.720	66.785	66.685	66.785	5
2025-06-09 14:55	66.815	66.850	66.775	66.845	5
2025-06-09 15:00	66.855	66.935	66.833	66.925	5
2025-06-09 15:05	66.935	66.965	66.895	66.955	5
2025-06-09 15:10	66.945	66.965	66.885	66.925	5
2025-06-09 15:15	66.915	67.035	66.895	67.035	5
2025-06-09 15:20	67.045	67.050	66.955	66.985	5
2025-06-09 15:25	66.975	66.975	66.805	66.905	5
2025-06-09 15:30	66.895	67.025	66.850	66.925	5
2025-06-09 15:35	66.915	66.925	66.865	66.895	5
2025-06-09 15:40	66.890	66.895	66.815	66.815	5
2025-06-09 15:45	66.825	66.875	66.790	66.875	5
2025-06-09 15:50	66.865	66.895	66.835	66.865	5
2025-06-09 15:55	66.870	66.915	66.860	66.880	5
2025-06-09 16:00	66.885	66.885	66.745	66.765	5
2025-06-09 16:05	66.755	66.755	66.610	66.635	5
2025-06-09 16:10	66.640	66.695	66.625	66.675	5
2025-06-09 16:15	66.680	66.680	66.615	66.645	5
2025-06-09 16:20	66.655	66.675	66.615	66.650	5
2025-06-09 16:25	66.645	66.665	66.575	66.635	5
2025-06-09 16:30	66.650	66.725	66.650	66.700	5
2025-06-09 16:35	66.695	66.695	66.625	66.635	5
2025-06-09 16:40	66.630	66.645	66.595	66.635	5
2025-06-09 16:45	66.630	66.655	66.625	66.655	5
2025-06-09 16:50	66.645	66.705	66.645	66.685	5
2025-06-09 16:55	66.675	66.745	66.670	66.745	5
2025-06-09 17:00	66.735	66.755	66.705	66.715	5
2025-06-09 17:05	66.705	66.705	66.635	66.665	5
2025-06-09 17:10	66.670	66.685	66.645	66.675	5
2025-06-09 17:15	66.665	66.695	66.635	66.665	5
2025-06-09 17:20	66.660	66.665	66.635	66.655	4
2025-06-09 17:25	66.645	66.710	66.645	66.665	5
2025-06-09 17:30	66.675	66.710	66.635	66.695	5
2025-06-09 17:35	66.685	66.770	66.675	66.765	5
2025-06-09 17:40	66.760	66.805	66.755	66.795	5
2025-06-09 17:45	66.805	66.805	66.755	66.755	5
2025-06-09 17:50	66.765	66.785	66.740	66.750	5
2025-06-09 17:55	66.745	66.755	66.715	66.720	5
2025-06-09 18:00	66.715	66.755	66.705	66.745	5
2025-06-09 18:05	66.755	66.790	66.745	66.765	5
2025-06-09 18:10	66.760	66.785	66.755	66.760	5
2025-06-09 18:15	66.765	66.835	66.760	66.805	5
2025-06-09 18:20	66.815	66.970	66.810	66.965	5
2025-06-09 18:25	66.970	67.035	66.945	67.025	5
2025-06-09 18:30	67.020	67.095	67.020	67.065	5
2025-06-09 18:35	67.060	67.095	67.060	67.075	5
2025-06-09 18:40	67.080	67.085	67.065	67.070	5
2025-06-09 18:45	67.075	67.085	67.045	67.055	5
2025-06-09 18:50	67.050	67.055	67.035	67.035	5
2025-06-09 18:55	67.025	67.065	67.025	67.065	5
2025-06-09 19:00	67.070	67.105	67.045	67.095	5
2025-06-09 19:05	67.100	67.105	67.065	67.065	5
2025-06-09 19:10	67.075	67.080	67.055	67.055	5
2025-06-09 19:15	67.050	67.065	67.035	67.045	4
2025-06-09 19:20	67.035	67.035	67.025	67.035	3
2025-06-09 19:25	67.045	67.045	66.995	67.005	4
2025-06-09 19:30	67.010	67.015	66.935	66.980	5
2025-06-09 19:35	66.975	67.015	66.975	66.990	5
2025-06-09 19:40	66.995	67.015	66.985	67.005	5
2025-06-09 19:45	66.995	67.000	66.950	66.965	4
2025-06-09 19:50	66.975	67.045	66.975	67.025	5
2025-06-09 19:55	67.030	67.030	67.000	67.000	5
2025-06-09 20:00	67.005	67.017	66.982	67.017	4
2025-06-09 20:05	67.022	67.057	67.007	67.047	4
2025-06-09 20:10	67.052	67.052	67.027	67.027	5
2025-06-09 20:15	67.032	67.057	67.012	67.017	5
2025-06-09 20:20	67.022	67.052	67.017	67.032	5
2025-06-09 20:25	67.042	67.052	67.042	67.052	4
2025-06-09 20:30	67.057	67.082	67.032	67.072	5
2025-06-09 20:35	67.082	67.082	67.062	67.062	4
2025-06-09 20:40	67.072	67.072	67.043	67.072	5
2025-06-09 20:45	67.062	67.072	67.062	67.072	4
2025-06-09 20:50	67.067	67.072	67.032	67.057	5
2025-06-09 20:55	67.052	67.072	67.052	67.067	5
2025-06-10 00:00	67.090	67.140	67.060	67.115	5
2025-06-10 00:05	67.120	67.120	67.060	67.065	5
2025-06-10 00:10	67.070	67.115	67.070	67.090	5
2025-06-10 00:15	67.095	67.110	67.090	67.110	5
2025-06-10 00:20	67.115	67.145	67.068	67.130	5
2025-06-10 00:25	67.135	67.145	67.068	67.130	5
2025-06-10 00:30	67.135	67.160	67.088	67.145	5
2025-06-10 00:35	67.098	67.150	67.098	67.140	5
2025-06-10 00:40	67.135	67.165	67.135	67.160	4
2025-06-10 00:45	67.155	67.180	67.105	67.110	5
2025-06-10 00:50	67.115	67.135	67.110	67.135	4
2025-06-10 00:55	67.130	67.135	67.088	67.135	3
2025-06-10 01:00	67.145	67.215	67.075	67.195	5
2025-06-10 01:05	67.200	67.225	67.185	67.195	5
2025-06-10 01:10	67.200	67.220	67.175	67.185	5
2025-06-10 01:15	67.180	67.205	67.160	67.190	5
2025-06-10 01:20	67.195	67.215	67.145	67.215	5
2025-06-10 01:25	67.205	67.225	67.195	67.200	5
2025-06-10 01:30	67.205	67.215	67.145	67.155	5
2025-06-10 01:35	67.145	67.165	67.125	67.145	5
2025-06-10 01:40	67.140	67.225	67.140	67.220	5
2025-06-10 01:45	67.215	67.220	67.195	67.220	5
2025-06-10 01:50	67.225	67.255	67.210	67.250	5
2025-06-10 01:55	67.255	67.335	67.245	67.315	5
2025-06-10 02:00	67.305	67.335	67.285	67.325	5
2025-06-10 02:05	67.335	67.365	67.325	67.355	5
2025-06-10 02:10	67.365	67.375	67.345	67.345	5
2025-06-10 02:15	67.355	67.355	67.345	67.355	3
2025-06-10 02:20	67.350	67.350	67.305	67.325	5
2025-06-10 02:25	67.315	67.325	67.295	67.325	5
2025-06-10 02:30	67.315	67.355	67.300	67.355	5
2025-06-10 02:35	67.345	67.345	67.325	67.335	4
2025-06-10 02:40	67.345	67.355	67.335	67.335	5
2025-06-10 02:45	67.340	67.340	67.305	67.325	5
2025-06-10 02:50	67.320	67.335	67.315	67.325	5
2025-06-10 02:55	67.330	67.350	67.325	67.345	5
2025-06-10 03:00	67.350	67.355	67.335	67.355	5
2025-06-10 03:05	67.360	67.365	67.355	67.360	3
2025-06-10 03:10	67.365	67.365	67.350	67.350	5
2025-06-10 03:15	67.345	67.345	67.305	67.325	5
2025-06-10 03:20	67.320	67.325	67.305	67.325	5
2025-06-10 03:25	67.330	67.345	67.320	67.325	5
2025-06-10 03:30	67.315	67.315	67.255	67.265	5
2025-06-10 03:35	67.270	67.275	67.135	67.165	5
2025-06-10 03:40	67.175	67.245	67.175	67.235	5
2025-06-10 03:45	67.240	67.265	67.235	67.255	5
2025-06-10 03:50	67.250	67.260	67.225	67.235	5
2025-06-10 03:55	67.240	67.240	67.185	67.185	4
2025-06-10 04:00	67.190	67.210	67.158	67.205	4
2025-06-10 04:05	67.210	67.220	67.175	67.190	5
2025-06-10 04:10	67.195	67.205	67.195	67.205	4
2025-06-10 04:15	67.195	67.200	67.185	67.195	3
2025-06-10 04:20	67.190	67.190	67.175	67.185	3
2025-06-10 04:25	67.180	67.195	67.180	67.195	2
2025-06-10 04:30	67.148	67.195	67.148	67.195	2
2025-06-10 04:35	67.148	67.195	67.138	67.185	3
2025-06-10 04:40	67.190	67.205	67.148	67.195	4
2025-06-10 04:45	67.148	67.195	67.138	67.185	3
2025-06-10 04:50	67.190	67.215	67.185	67.185	4
2025-06-10 04:55	67.180	67.205	67.138	67.200	4
2025-06-10 05:00	67.205	67.225	67.185	67.215	5
2025-06-10 05:05	67.210	67.260	67.200	67.245	5
2025-06-10 05:10	67.235	67.240	67.215	67.235	4
2025-06-10 05:15	67.230	67.230	67.180	67.195	5
2025-06-10 05:20	67.185	67.185	67.130	67.140	5
2025-06-10 05:25	67.135	67.155	67.085	67.105	4
2025-06-10 05:30	67.115	67.140	67.085	67.135	5
2025-06-10 05:35	67.140	67.210	67.135	67.190	5
2025-06-10 05:40	67.185	67.245	67.175	67.225	5
2025-06-10 05:45	67.230	67.230	67.175	67.175	5
2025-06-10 05:50	67.180	67.185	67.155	67.170	5
2025-06-10 05:55	67.175	67.175	67.145	67.155	5
2025-06-10 06:00	67.145	67.245	67.135	67.235	5
2025-06-10 06:05	67.245	67.265	67.225	67.225	5
2025-06-10 06:10	67.230	67.230	67.165	67.185	5
2025-06-10 06:15	67.195	67.235	67.185	67.230	5
2025-06-10 06:20	67.225	67.280	67.225	67.265	5
2025-06-10 06:25	67.260	67.275	67.210	67.235	5
2025-06-10 06:30	67.193	67.265	67.190	67.195	5
2025-06-10 06:35	67.205	67.205	67.175	67.185	5
2025-06-10 06:40	67.195	67.215	67.185	67.215	5
2025-06-10 06:45	67.210	67.245	67.155	67.195	5
2025-06-10 06:50	67.185	67.205	67.135	67.135	4
2025-06-10 06:55	67.140	67.145	67.085	67.095	4
2025-06-10 07:00	67.105	67.195	67.105	67.165	5
2025-06-10 07:05	67.155	67.255	67.135	67.200	5
2025-06-10 07:10	67.195	67.200	67.130	67.180	5
2025-06-10 07:15	67.185	67.185	67.085	67.105	5
2025-06-10 07:20	67.100	67.105	67.025	67.025	5
2025-06-10 07:25	67.030	67.085	67.025	67.075	5
2025-06-10 07:30	67.080	67.125	67.080	67.095	5
2025-06-10 07:35	67.100	67.100	67.025	67.030	5
2025-06-10 07:40	67.025	67.035	66.985	66.985	5
2025-06-10 07:45	66.965	67.030	66.935	67.025	5
2025-06-10 07:50	67.015	67.105	67.005	67.100	5
2025-06-10 07:55	67.095	67.145	67.030	67.035	5
2025-06-10 08:00	67.055	67.080	66.985	67.025	5
2025-06-10 08:05	67.035	67.090	67.020	67.085	5
2025-06-10 08:10	67.095	67.155	67.065	67.080	5
2025-06-10 08:15	67.085	67.165	67.055	67.135	5
2025-06-10 08:20	67.145	67.215	67.145	67.170	5
2025-06-10 08:25	67.175	67.215	67.150	67.165	5
2025-06-10 08:30	67.160	67.255	67.160	67.215	5
2025-06-10 08:35	67.225	67.245	67.185	67.210	5
2025-06-10 08:40	67.205	67.215	67.125	67.155	5
2025-06-10 08:45	67.165	67.195	67.100	67.175	5
2025-06-10 08:50	67.185	67.215	67.145	67.150	5
2025-06-10 08:55	67.155	67.235	67.145	67.230	5
2025-06-10 09:00	67.225	67.265	67.185	67.215	5
2025-06-10 09:05	67.205	67.215	67.165	67.175	5
2025-06-10 09:10	67.180	67.285	67.170	67.285	5
2025-06-10 09:15	67.290	67.365	67.275	67.345	5
2025-06-10 09:20	67.355	67.385	67.340	67.345	5
2025-06-10 09:25	67.355	67.365	67.290	67.305	5
2025-06-10 09:30	67.325	67.395	67.300	67.355	5
2025-06-10 09:35	67.350	67.360	67.315	67.325	5
2025-06-10 09:40	67.315	67.335	67.265	67.265	5
2025-06-10 09:45	67.275	67.285	67.135	67.135	5
2025-06-10 09:50	67.145	67.165	67.095	67.165	5
2025-06-10 09:55	67.155	67.195	67.145	67.165	5
2025-06-10 10:00	67.160	67.255	67.145	67.245	5
2025-06-10 10:05	67.255	67.270	67.225	67.255	5
2025-06-10 10:10	67.265	67.325	67.260	67.325	5
2025-06-10 10:15	67.330	67.335	67.295	67.315	5
2025-06-10 10:20	67.320	67.320	67.225	67.255	5
2025-06-10 10:25	67.245	67.265	67.235	67.250	5
2025-06-10 10:30	67.255	67.265	67.235	67.265	5
2025-06-10 10:35	67.260	67.305	67.245	67.295	5
2025-06-10 10:40	67.285	67.365	67.285	67.355	5
2025-06-10 10:45	67.365	67.395	67.345	67.385	5
2025-06-10 10:50	67.390	67.405	67.355	67.355	5
2025-06-10 10:55	67.360	67.390	67.355	67.380	5
2025-06-10 11:00	67.385	67.415	67.365	67.375	5
2025-06-10 11:05	67.385	67.395	67.335	67.340	5
2025-06-10 11:10	67.345	67.375	67.295	67.330	5
2025-06-10 11:15	67.325	67.355	67.315	67.325	5
2025-06-10 11:20	67.330	67.405	67.325	67.390	5
2025-06-10 11:25	67.385	67.390	67.245	67.315	5
2025-06-10 11:30	67.320	67.415	67.305	67.415	5
2025-06-10 11:35	67.425	67.425	67.365	67.385	5
2025-06-10 11:40	67.380	67.410	67.365	67.375	5
2025-06-10 11:45	67.365	67.445	67.355	67.445	4
2025-06-10 11:50	67.435	67.450	67.345	67.385	5
2025-06-10 11:55	67.390	67.455	67.385	67.445	5
2025-06-10 12:00	67.455	67.470	67.385	67.465	5
2025-06-10 12:05	67.455	67.475	67.435	67.435	5
2025-06-10 12:10	67.445	67.445	67.395	67.395	5
2025-06-10 12:15	67.400	67.465	67.375	67.465	5
2025-06-10 12:20	67.470	67.485	67.465	67.485	5
2025-06-10 12:25	67.495	67.505	67.475	67.475	5
2025-06-10 12:30	67.485	67.540	67.465	67.495	5
2025-06-10 12:35	67.505	67.515	67.415	67.420	5
2025-06-10 12:40	67.425	67.465	67.395	67.445	5
2025-06-10 12:45	67.450	67.455	67.355	67.375	5
2025-06-10 12:50	67.380	67.380	67.255	67.265	5
2025-06-10 12:55	67.260	67.325	67.235	67.255	5
2025-06-10 13:00	67.275	67.435	67.245	67.415	5
2025-06-10 13:05	67.425	67.425	67.315	67.355	5
2025-06-10 13:10	67.345	67.365	67.275	67.285	5
2025-06-10 13:15	67.295	67.305	67.170	67.225	5
2025-06-10 13:20	67.230	67.245	67.170	67.195	5
2025-06-10 13:25	67.185	67.220	67.165	67.185	5
2025-06-10 13:30	67.195	67.325	67.195	67.285	5
2025-06-10 13:35	67.275	67.320	67.250	67.305	5
2025-06-10 13:40	67.300	67.445	67.295	67.435	5
2025-06-10 13:45	67.425	67.495	67.425	67.485	5
2025-06-10 13:50	67.490	67.535	67.455	67.475	5
2025-06-10 13:55	67.465	67.585	67.455	67.580	5
2025-06-10 14:00	67.585	67.615	67.535	67.575	5
2025-06-10 14:05	67.565	67.625	67.555	67.575	5
2025-06-10 14:10	67.580	67.635	67.580	67.615	5
2025-06-10 14:15	67.605	67.615	67.445	67.490	5
2025-06-10 14:20	67.495	67.625	67.465	67.625	5
2025-06-10 14:25	67.635	67.675	67.625	67.665	5
2025-06-10 14:30	67.675	67.715	67.635	67.705	4
2025-06-10 14:35	67.695	67.745	67.685	67.695	5
2025-06-10 14:40	67.690	67.740	67.685	67.725	5
2025-06-10 14:45	67.730	67.735	67.655	67.680	5
2025-06-10 14:50	67.675	67.705	67.610	67.675	5
2025-06-10 14:55	67.680	67.700	67.645	67.700	5
2025-06-10 15:00	67.663	67.775	67.663	67.765	5
2025-06-10 15:05	67.755	67.785	67.715	67.765	5
2025-06-10 15:10	67.775	67.825	67.730	67.745	5
2025-06-10 15:15	67.755	67.835	67.740	67.815	5
2025-06-10 15:20	67.820	67.835	67.785	67.825	5
2025-06-10 15:25	67.835	67.925	67.815	67.925	5
2025-06-10 15:30	67.915	67.965	67.805	67.915	5
2025-06-10 15:35	67.920	67.945	67.815	67.830	5
2025-06-10 15:40	67.835	67.855	67.745	67.785	5
2025-06-10 15:45	67.780	67.780	67.660	67.685	5
2025-06-10 15:50	67.675	67.715	67.586	67.615	5
2025-06-10 15:55	67.625	67.635	67.449	67.545	5
2025-06-10 16:00	67.535	67.565	67.510	67.535	5
2025-06-10 16:05	67.530	67.535	67.485	67.510	5
2025-06-10 16:10	67.505	67.545	67.505	67.540	5
2025-06-10 16:15	67.535	67.605	67.535	67.560	5
2025-06-10 16:20	67.555	67.575	67.535	67.555	5
2025-06-10 16:25	67.560	67.625	67.555	67.615	5
2025-06-10 16:30	67.620	67.655	67.620	67.645	5
2025-06-10 16:35	67.635	67.670	67.615	67.615	5
2025-06-10 16:40	67.625	67.625	67.495	67.495	5
2025-06-10 16:45	67.485	67.485	67.355	67.405	5
2025-06-10 16:50	67.410	67.410	67.300	67.305	5
2025-06-10 16:55	67.300	67.305	67.235	67.245	5
2025-06-10 17:00	67.240	67.245	67.120	67.185	5
2025-06-10 17:05	67.180	67.255	67.155	67.225	5
2025-06-10 17:10	67.205	67.255	67.195	67.215	5
2025-06-10 17:15	67.205	67.205	67.145	67.165	5
2025-06-10 17:20	67.155	67.185	67.110	67.110	5
2025-06-10 17:25	67.105	67.175	67.085	67.165	5
2025-06-10 17:30	67.155	67.175	67.145	67.150	5
2025-06-10 17:35	67.145	67.155	66.995	67.005	5
2025-06-10 17:40	67.010	67.045	66.985	67.035	5
2025-06-10 17:45	67.025	67.045	66.995	67.045	5
2025-06-10 17:50	67.035	67.055	67.005	67.035	5
2025-06-10 17:55	67.040	67.085	67.035	67.075	5
2025-06-10 18:00	67.070	67.115	67.045	67.080	5
2025-06-10 18:05	67.075	67.115	67.045	67.065	5
2025-06-10 18:10	67.055	67.065	66.985	67.015	5
2025-06-10 18:15	67.020	67.025	66.935	67.025	5
2025-06-10 18:20	67.035	67.035	66.945	66.975	5
2025-06-10 18:25	66.985	67.005	66.815	66.825	5
2025-06-10 18:30	66.835	66.835	66.465	66.485	5
2025-06-10 18:35	66.490	66.575	66.480	66.550	5
2025-06-10 18:40	66.545	66.575	66.535	66.575	5
2025-06-10 18:45	66.551	66.551	66.470	66.545	5
2025-06-10 18:50	66.540	66.570	66.495	66.515	5
2025-06-10 18:55	66.525	66.575	66.490	66.570	5
2025-06-10 19:00	66.565	66.635	66.565	66.625	5
2025-06-10 19:05	66.620	66.625	66.540	66.545	5
2025-06-10 19:10	66.550	66.570	66.535	66.545	5
2025-06-10 19:15	66.550	66.555	66.515	66.520	5
2025-06-10 19:20	66.525	66.555	66.515	66.555	5
2025-06-10 19:25	66.565	66.565	66.535	66.545	5
2025-06-10 19:30	66.555	66.595	66.540	66.590	5
2025-06-10 19:35	66.595	66.605	66.570	66.595	5
2025-06-10 19:40	66.585	66.595	66.565	66.590	4
2025-06-10 19:45	66.585	66.625	66.580	66.615	5
2025-06-10 19:50	66.620	66.695	66.615	66.695	5
2025-06-10 19:55	66.700	66.765	66.685	66.720	5
2025-06-10 20:00	66.697	66.697	66.632	66.642	5
2025-06-10 20:05	66.637	66.672	66.632	66.662	4
2025-06-10 20:10	66.672	66.702	66.662	66.687	5
2025-06-10 20:15	66.672	66.722	66.672	66.712	5
2025-06-10 20:20	66.717	66.722	66.692	66.697	5
2025-06-10 20:25	66.702	66.727	66.697	66.697	5
2025-06-10 20:30	66.702	66.707	66.597	66.602	5
2025-06-10 20:35	66.607	66.647	66.587	66.592	5
2025-06-10 20:40	66.597	66.597	66.547	66.547	5
2025-06-10 20:45	66.552	66.552	66.497	66.537	5
2025-06-10 20:50	66.542	66.557	66.517	66.542	5
2025-06-10 20:55	66.537	66.557	66.517	66.547	5
2025-06-11 00:00	66.620	66.625	66.525	66.535	5
2025-06-11 00:05	66.545	66.565	66.535	66.555	5
2025-06-11 00:10	66.545	66.550	66.485	66.500	5
2025-06-11 00:15	66.495	66.525	66.495	66.505	5
2025-06-11 00:20	66.500	66.510	66.485	66.495	5
2025-06-11 00:25	66.490	66.495	66.428	66.465	5
2025-06-11 00:30	66.475	66.535	66.475	66.535	5
2025-06-11 00:35	66.530	66.545	66.520	66.525	5
2025-06-11 00:40	66.520	66.525	66.505	66.510	5
2025-06-11 00:45	66.515	66.525	66.468	66.520	5
2025-06-11 00:50	66.525	66.535	66.478	66.525	5
2025-06-11 00:55	66.520	66.575	66.520	66.555	5
2025-06-11 01:00	66.565	66.715	66.565	66.610	5
2025-06-11 01:05	66.605	66.690	66.600	66.645	5
2025-06-11 01:10	66.650	66.720	66.635	66.665	5
2025-06-11 01:15	66.660	66.705	66.605	66.615	5
2025-06-11 01:20	66.610	66.625	66.530	66.565	5
2025-06-11 01:25	66.575	66.610	66.550	66.585	5
2025-06-11 01:30	66.580	66.595	66.550	66.585	5
2025-06-11 01:35	66.580	66.655	66.560	66.645	5
2025-06-11 01:40	66.650	66.725	66.650	66.715	5
2025-06-11 01:45	66.705	66.740	66.705	66.715	5
2025-06-11 01:50	66.710	66.745	66.705	66.705	5
2025-06-11 01:55	66.710	66.725	66.705	66.705	3
2025-06-11 02:00	66.715	66.715	66.680	66.695	5
2025-06-11 02:05	66.685	66.715	66.680	66.705	5
2025-06-11 02:10	66.700	66.705	66.665	66.680	5
2025-06-11 02:15	66.675	66.690	66.665	66.665	3
2025-06-11 02:20	66.618	66.685	66.618	66.680	5
2025-06-11 02:25	66.633	66.680	66.610	66.615	5
2025-06-11 02:30	66.625	66.655	66.625	66.655	5
2025-06-11 02:35	66.660	66.685	66.640	66.665	5
2025-06-11 02:40	66.670	66.695	66.670	66.685	5
2025-06-11 02:45	66.680	66.700	66.645	66.675	5
2025-06-11 02:50	66.680	66.685	66.635	66.640	5
2025-06-11 02:55	66.645	66.655	66.635	66.645	5
2025-06-11 03:00	66.635	66.695	66.635	66.685	5
2025-06-11 03:05	66.695	66.735	66.685	66.700	5
2025-06-11 03:10	66.695	66.705	66.655	66.670	5
2025-06-11 03:15	66.675	66.695	66.660	66.685	5
2025-06-11 03:20	66.690	66.735	66.685	66.725	5
2025-06-11 03:25	66.720	66.755	66.705	66.725	5
2025-06-11 03:30	66.735	66.770	66.730	66.765	5
2025-06-11 03:35	66.775	66.775	66.715	66.725	5
2025-06-11 03:40	66.720	66.760	66.715	66.755	5
2025-06-11 03:45	66.750	66.765	66.720	66.735	5
2025-06-11 03:50	66.730	66.735	66.730	66.735	1
2025-06-11 03:55	66.688	66.755	66.688	66.755	3
2025-06-11 04:00	66.745	66.750	66.705	66.725	5
2025-06-11 04:05	66.735	66.745	66.678	66.730	2
2025-06-11 04:10	66.735	66.745	66.725	66.745	5
2025-06-11 04:15	66.698	66.755	66.698	66.755	5
2025-06-11 04:20	66.750	66.750	66.698	66.730	4
2025-06-11 04:25	66.735	66.745	66.725	66.740	5
2025-06-11 04:30	66.745	66.775	66.725	66.730	5
2025-06-11 04:35	66.735	66.745	66.725	66.745	5
2025-06-11 04:40	66.755	66.765	66.708	66.765	4
2025-06-11 04:45	66.718	66.765	66.708	66.760	4
2025-06-11 04:50	66.765	66.775	66.708	66.755	3
2025-06-11 05:00	66.770	66.775	66.755	66.765	5
2025-06-11 05:05	66.760	66.815	66.755	66.800	4
2025-06-11 05:10	66.805	66.815	66.748	66.785	4
2025-06-11 05:15	66.780	66.795	66.775	66.790	5
2025-06-11 05:20	66.795	66.805	66.775	66.805	4
2025-06-11 05:25	66.800	66.815	66.795	66.815	5
2025-06-11 05:30	66.825	66.850	66.815	66.850	5
2025-06-11 05:35	66.845	66.850	66.830	66.845	5
2025-06-11 05:40	66.840	66.865	66.835	66.860	5
2025-06-11 05:45	66.865	66.875	66.830	66.830	5
2025-06-11 05:50	66.835	66.855	66.825	66.845	5
2025-06-11 05:55	66.855	66.875	66.835	66.850	5
2025-06-11 06:00	66.860	66.885	66.825	66.840	5
2025-06-11 06:05	66.835	66.865	66.835	66.860	5
2025-06-11 06:10	66.855	66.870	66.845	66.860	5
2025-06-11 06:15	66.855	66.895	66.855	66.890	5
2025-06-11 06:20	66.895	66.925	66.880	66.910	5
2025-06-11 06:25	66.915	66.915	66.765	66.790	5
2025-06-11 06:30	66.795	66.795	66.750	66.785	5
2025-06-11 06:35	66.780	66.785	66.665	66.710	5
2025-06-11 06:40	66.715	66.740	66.680	66.695	5
2025-06-11 06:45	66.700	66.720	66.675	66.695	5
2025-06-11 06:50	66.705	66.725	66.705	66.725	5
2025-06-11 06:55	66.730	66.730	66.705	66.720	5
2025-06-11 07:00	66.725	66.785	66.705	66.785	5
2025-06-11 07:05	66.775	66.885	66.765	66.880	5
2025-06-11 07:10	66.890	66.985	66.890	66.945	5
2025-06-11 07:15	66.950	66.955	66.855	66.925	5
2025-06-11 07:20	66.905	66.995	66.905	66.990	5
2025-06-11 07:25	66.985	67.005	66.965	67.005	4
2025-06-11 07:30	67.000	67.025	66.935	66.940	5
2025-06-11 07:35	66.935	66.975	66.865	66.955	5
2025-06-11 07:40	66.945	66.945	66.905	66.935	5
2025-06-11 07:45	66.930	67.015	66.905	67.015	5
2025-06-11 07:50	67.005	67.045	67.005	67.040	5
2025-06-11 07:55	67.035	67.035	66.975	66.975	5
2025-06-11 08:00	66.985	66.985	66.915	66.920	5
2025-06-11 08:05	66.915	66.940	66.875	66.905	5
2025-06-11 08:10	66.915	66.965	66.885	66.935	5
2025-06-11 08:15	66.940	66.965	66.915	66.945	5
2025-06-11 08:20	66.950	66.950	66.885	66.910	5
2025-06-11 08:25	66.915	67.055	66.825	67.055	5
2025-06-11 08:30	67.065	67.070	67.005	67.045	5
2025-06-11 08:35	67.035	67.045	66.945	66.960	5
2025-06-11 08:40	66.955	66.965	66.835	66.950	5
2025-06-11 08:45	66.955	67.015	66.950	66.995	5
2025-06-11 08:50	66.990	67.015	66.975	67.015	5
2025-06-11 08:55	67.005	67.015	66.895	66.905	5
2025-06-11 09:00	66.895	66.895	66.513	66.590	5
2025-06-11 09:05	66.595	66.670	66.545	66.550	5
2025-06-11 09:10	66.555	66.595	66.495	66.520	5
2025-06-11 09:15	66.515	66.670	66.485	66.615	5
2025-06-11 09:20	66.620	66.850	66.615	66.835	5
2025-06-11 09:25	66.830	66.830	66.755	66.810	5
2025-06-11 09:30	66.805	66.815	66.725	66.770	5
2025-06-11 09:35	66.775	66.775	66.705	66.750	5
2025-06-11 09:40	66.745	66.810	66.745	66.805	5
2025-06-11 09:45	66.810	67.125	66.805	67.125	5
2025-06-11 09:50	67.135	67.355	67.075	67.315	5
2025-06-11 09:55	67.325	67.475	67.325	67.450	5
2025-06-11 10:00	67.445	67.675	67.385	67.625	5
2025-06-11 10:05	67.630	67.635	67.545	67.575	5
2025-06-11 10:10	67.580	67.705	67.580	67.655	5
2025-06-11 10:15	67.660	67.660	67.495	67.525	5
2025-06-11 10:20	67.535	67.615	67.535	67.595	5
2025-06-11 10:25	67.600	67.680	67.585	67.645	5
2025-06-11 10:30	67.655	67.735	67.635	67.725	5
2025-06-11 10:35	67.715	67.745	67.645	67.675	5
2025-06-11 10:40	67.685	67.705	67.643	67.695	5
2025-06-11 10:45	67.700	67.705	67.640	67.665	5
2025-06-11 10:50	67.685	67.695	67.650	67.675	5
2025-06-11 10:55	67.680	67.715	67.675	67.715	5
2025-06-11 11:00	67.705	67.705	67.595	67.605	5
2025-06-11 11:05	67.610	67.645	67.585	67.615	5
2025-06-11 11:10	67.630	67.685	67.600	67.660	5
2025-06-11 11:15	67.655	67.695	67.605	67.695	5
2025-06-11 11:20	67.675	67.685	67.650	67.675	5
2025-06-11 11:25	67.685	67.695	67.625	67.675	5
2025-06-11 11:30	67.665	67.685	67.645	67.665	5
2025-06-11 11:35	67.655	67.655	67.600	67.640	5
2025-06-11 11:40	67.635	67.645	67.605	67.635	5
2025-06-11 11:45	67.640	67.695	67.640	67.695	5
2025-06-11 11:50	67.685	67.810	67.685	67.795	5
2025-06-11 11:55	67.785	67.855	67.785	67.845	5
2025-06-11 12:00	67.840	67.845	67.558	67.800	5
2025-06-11 12:05	67.795	67.915	67.740	67.810	5
2025-06-11 12:10	67.805	67.830	67.687	67.710	5
2025-06-11 12:15	67.705	67.805	67.645	67.805	5
2025-06-11 12:20	67.815	67.865	67.805	67.835	5
2025-06-11 12:25	67.825	67.860	67.735	67.790	5
2025-06-11 12:30	67.785	67.940	67.743	67.805	5
2025-06-11 12:35	67.825	67.835	67.735	67.795	5
2025-06-11 12:40	67.790	67.875	67.725	67.870	5
2025-06-11 12:45	67.875	68.005	67.845	67.985	5
2025-06-11 12:50	67.975	68.120	67.955	68.095	5
2025-06-11 12:55	68.100	68.145	68.025	68.030	5
2025-06-11 13:00	68.025	68.095	67.873	67.915	5
2025-06-11 13:05	67.905	67.995	67.855	67.965	5
2025-06-11 13:10	67.975	68.015	67.945	68.005	5
2025-06-11 13:15	68.015	68.015	67.925	68.000	5
2025-06-11 13:20	67.995	68.015	67.885	67.895	5
2025-06-11 13:25	67.885	67.955	67.845	67.895	5
2025-06-11 13:30	67.900	67.910	67.785	67.790	5
2025-06-11 13:35	67.795	67.910	67.725	67.900	5
2025-06-11 13:40	67.895	67.995	67.885	67.965	5
2025-06-11 13:45	67.975	68.045	67.955	68.035	5
2025-06-11 13:50	68.025	68.055	67.935	68.015	5
2025-06-11 13:55	68.025	68.125	68.015	68.115	5
2025-06-11 14:00	68.078	68.165	68.078	68.145	5
2025-06-11 14:05	68.150	68.165	68.040	68.135	5
2025-06-11 14:10	68.140	68.175	68.115	68.160	5
2025-06-11 14:15	68.165	68.275	68.155	68.200	5
2025-06-11 14:20	68.195	68.195	68.135	68.175	5
2025-06-11 14:25	68.185	68.205	68.065	68.120	5
2025-06-11 14:30	68.125	68.260	68.078	68.170	5
2025-06-11 14:35	68.165	68.205	68.115	68.160	5
2025-06-11 14:40	68.165	68.195	68.145	68.155	5
2025-06-11 14:45	68.145	68.200	68.015	68.015	5
2025-06-11 14:50	68.005	68.015	67.845	67.890	5
2025-06-11 14:55	67.895	67.975	67.855	67.970	5
2025-06-11 15:00	67.965	68.055	67.898	68.015	5
2025-06-11 15:05	68.025	68.030	67.803	67.885	5
2025-06-11 15:10	67.890	67.900	67.755	67.840	5
2025-06-11 15:15	67.845	67.980	67.765	67.975	5
2025-06-11 15:20	67.965	68.140	67.955	68.115	5
2025-06-11 15:25	68.130	68.255	68.115	68.235	5
2025-06-11 15:30	68.230	68.275	68.085	68.175	5
2025-06-11 15:35	68.170	68.310	68.170	68.275	5
2025-06-11 15:40	68.265	68.395	68.255	68.335	5
2025-06-11 15:45	68.325	68.375	68.315	68.365	5
2025-06-11 15:50	68.360	68.420	68.325	68.385	5
2025-06-11 15:55	68.390	68.425	68.325	68.385	5
2025-06-11 16:00	68.380	68.395	68.345	68.375	5
2025-06-11 16:05	68.385	68.395	68.310	68.335	5
2025-06-11 16:10	68.330	68.365	68.320	68.350	5
2025-06-11 16:15	68.355	68.370	68.325	68.355	5
2025-06-11 16:20	68.350	68.355	68.215	68.305	5
2025-06-11 16:25	68.310	68.325	68.240	68.325	5
2025-06-11 16:30	68.340	68.345	68.245	68.265	5
2025-06-11 16:35	68.260	68.345	68.235	68.265	5
2025-06-11 16:40	68.255	68.345	68.235	68.335	5
2025-06-11 16:45	68.330	68.340	68.295	68.295	5
2025-06-11 16:50	68.300	68.325	68.275	68.325	5
2025-06-11 16:55	68.315	68.345	68.315	68.335	5
2025-06-11 17:00	68.340	68.355	68.285	68.325	5
2025-06-11 17:05	68.315	68.320	68.255	68.315	5
2025-06-11 17:10	68.305	68.310	68.265	68.275	5
2025-06-11 17:15	68.285	68.335	68.270	68.330	5
2025-06-11 17:20	68.325	68.565	68.325	68.535	5
2025-06-11 17:25	68.525	68.565	68.475	68.545	5
2025-06-11 17:30	68.535	68.625	68.520	68.625	5
2025-06-11 17:35	68.615	68.625	68.555	68.555	5
2025-06-11 17:40	68.550	68.675	68.540	68.665	5
2025-06-11 17:45	68.675	68.745	68.625	68.715	5
2025-06-11 17:50	68.710	68.935	68.710	68.910	5
2025-06-11 17:55	68.905	68.982	68.835	68.895	5
2025-06-11 18:00	68.885	68.925	68.830	68.895	5
2025-06-11 18:05	68.890	69.215	68.885	69.165	5
2025-06-11 18:10	69.170	69.270	69.125	69.145	5
2025-06-11 18:15	69.135	69.270	69.065	69.255	5
2025-06-11 18:20	69.250	69.560	69.235	69.525	5
2025-06-11 18:25	69.515	69.945	69.515	69.785	5
2025-06-11 18:30	69.765	69.905	69.353	69.485	5
2025-06-11 18:35	69.480	69.750	69.400	69.610	5
2025-06-11 18:40	69.615	69.685	69.575	69.635	5
2025-06-11 18:45	69.630	69.640	69.495	69.535	5
2025-06-11 18:50	69.555	69.705	69.530	69.640	5
2025-06-11 18:55	69.635	69.735	69.593	69.680	5
2025-06-11 19:00	69.685	69.735	69.590	69.595	5
2025-06-11 19:05	69.605	69.710	69.545	69.705	5
2025-06-11 19:10	69.710	69.730	69.685	69.720	5
2025-06-11 19:15	69.715	69.735	69.575	69.615	5
2025-06-11 19:20	69.625	69.625	69.575	69.605	5
2025-06-11 19:25	69.610	69.725	69.390	69.705	5
2025-06-11 19:30	69.700	69.700	69.405	69.425	5
2025-06-11 19:35	69.430	69.435	69.370	69.380	5
2025-06-11 19:40	69.385	69.445	69.345	69.425	5
2025-06-11 19:45	69.430	69.510	69.415	69.485	5
2025-06-11 19:50	69.480	69.505	69.440	69.485	5
2025-06-11 19:55	69.475	69.505	69.475	69.495	5
2025-06-11 20:00	69.500	69.522	69.472	69.512	5
2025-06-11 20:05	69.502	69.512	69.432	69.512	5
2025-06-11 20:10	69.522	69.522	69.467	69.477	5
2025-06-11 20:15	69.487	69.517	69.467	69.517	5
2025-06-11 20:20	69.512	69.562	69.482	69.517	5
2025-06-11 20:25	69.522	69.542	69.497	69.517	5
2025-06-11 20:30	69.522	69.657	69.522	69.587	5
2025-06-11 20:35	69.597	69.632	69.562	69.622	5
2025-06-11 20:40	69.627	69.647	69.597	69.612	5
2025-06-11 20:45	69.622	69.772	69.617	69.757	5
2025-06-11 20:50	69.752	69.817	69.712	69.817	5
2025-06-11 20:55	69.802	69.887	69.777	69.882	5
2025-06-12 00:00	70.145	70.225	69.845	70.020	5
2025-06-12 00:05	70.010	70.235	69.985	70.160	5
2025-06-12 00:10	70.165	70.225	70.160	70.210	5
2025-06-12 00:15	70.205	70.215	69.885	69.980	5
2025-06-12 00:20	69.970	70.010	69.840	69.940	5
2025-06-12 00:25	69.935	70.005	69.850	69.850	5
2025-06-12 00:30	69.855	69.885	69.795	69.870	5
2025-06-12 00:35	69.865	69.955	69.820	69.920	5
2025-06-12 00:40	69.925	69.925	69.740	69.815	5
2025-06-12 00:45	69.810	69.820	69.690	69.740	5
2025-06-12 00:50	69.745	69.860	69.745	69.785	5
2025-06-12 00:55	69.790	69.835	69.710	69.745	5
2025-06-12 01:00	69.750	69.820	69.625	69.720	5
2025-06-12 01:05	69.725	69.795	69.620	69.775	5
2025-06-12 01:10	69.780	69.865	69.440	69.465	5
2025-06-12 01:15	69.470	69.540	69.390	69.460	5
2025-06-12 01:20	69.455	69.460	69.315	69.370	5
2025-06-12 01:25	69.375	69.475	69.365	69.445	5
2025-06-12 01:30	69.440	69.540	69.420	69.515	5
2025-06-12 01:35	69.520	69.540	69.430	69.480	5
2025-06-12 01:40	69.485	69.495	69.380	69.425	5
2025-06-12 01:45	69.430	69.440	69.295	69.355	5
2025-06-12 01:50	69.360	69.465	69.360	69.465	5
2025-06-12 01:55	69.475	69.535	69.325	69.405	5
2025-06-12 02:00	69.400	69.420	69.370	69.400	5
2025-06-12 02:05	69.390	69.410	69.330	69.360	5
2025-06-12 02:10	69.365	69.480	69.365	69.395	5
2025-06-12 02:15	69.400	69.435	69.385	69.415	5
2025-06-12 02:20	69.420	69.460	69.385	69.450	5
2025-06-12 02:25	69.455	69.505	69.450	69.485	5
2025-06-12 02:30	69.475	69.490	69.358	69.415	5
2025-06-12 02:35	69.425	69.445	69.355	69.415	5
2025-06-12 02:40	69.420	69.425	69.360	69.375	5
2025-06-12 02:45	69.380	69.380	69.325	69.370	5
2025-06-12 02:50	69.365	69.375	69.325	69.345	5
2025-06-12 02:55	69.355	69.420	69.340	69.355	5
2025-06-12 03:00	69.370	69.390	69.235	69.265	5
2025-06-12 03:05	69.275	69.340	69.215	69.245	5
2025-06-12 03:10	69.250	69.285	69.195	69.270	5
2025-06-12 03:15	69.275	69.305	69.275	69.295	5
2025-06-12 03:20	69.305	69.355	69.265	69.355	5
2025-06-12 03:25	69.335	69.415	69.310	69.400	5
2025-06-12 03:30	69.395	69.495	69.350	69.480	5
2025-06-12 03:35	69.475	69.495	69.435	69.475	5
2025-06-12 03:40	69.480	69.490	69.410	69.420	5
2025-06-12 03:45	69.410	69.410	69.355	69.370	5
2025-06-12 03:50	69.375	69.430	69.350	69.425	5
2025-06-12 03:55	69.420	69.485	69.420	69.445	5
2025-06-12 04:00	69.455	69.485	69.425	69.480	5
2025-06-12 04:05	69.485	69.515	69.475	69.485	5
2025-06-12 04:10	69.490	69.495	69.440	69.450	5
2025-06-12 04:15	69.445	69.510	69.430	69.505	5
2025-06-12 04:20	69.458	69.505	69.455	69.460	5
2025-06-12 04:25	69.455	69.485	69.445	69.455	5
2025-06-12 04:30	69.450	69.485	69.445	69.455	5
2025-06-12 04:35	69.460	69.475	69.425	69.470	5
2025-06-12 04:40	69.465	69.475	69.435	69.470	5
2025-06-12 04:45	69.475	69.485	69.455	69.485	5
2025-06-12 04:50	69.475	69.500	69.398	69.420	5
2025-06-12 04:55	69.425	69.475	69.425	69.460	5
2025-06-12 05:00	69.455	69.455	69.398	69.425	5
2025-06-12 05:05	69.430	69.475	69.425	69.470	5
2025-06-12 05:10	69.465	69.485	69.455	69.465	5
2025-06-12 05:15	69.470	69.495	69.455	69.465	5
2025-06-12 05:20	69.480	69.485	69.455	69.465	5
2025-06-12 05:25	69.460	69.475	69.415	69.420	5
2025-06-12 05:30	69.415	69.435	69.325	69.340	5
2025-06-12 05:35	69.350	69.355	69.315	69.335	5
2025-06-12 05:40	69.330	69.355	69.275	69.295	5
2025-06-12 05:45	69.305	69.330	69.260	69.265	5
2025-06-12 05:50	69.270	69.285	69.225	69.270	5
2025-06-12 05:55	69.275	69.285	69.205	69.225	5
2025-06-12 06:00	69.215	69.310	69.185	69.305	5
2025-06-12 06:05	69.325	69.325	69.240	69.245	5
2025-06-12 06:10	69.250	69.315	69.250	69.305	5
2025-06-12 06:15	69.310	69.320	69.180	69.205	5
2025-06-12 06:20	69.230	69.275	69.195	69.275	5
2025-06-12 06:25	69.290	69.295	69.215	69.285	5
2025-06-12 06:30	69.290	69.305	69.210	69.245	5
2025-06-12 06:35	69.235	69.245	69.190	69.205	5
2025-06-12 06:40	69.200	69.255	69.200	69.250	5
2025-06-12 06:45	69.265	69.275	69.220	69.225	5
2025-06-12 06:50	69.215	69.295	69.215	69.260	5
2025-06-12 06:55	69.245	69.315	69.195	69.295	5
2025-06-12 07:00	69.290	69.325	69.145	69.205	5
2025-06-12 07:05	69.210	69.210	69.145	69.150	5
2025-06-12 07:10	69.145	69.175	69.105	69.125	5
2025-06-12 07:15	69.120	69.155	69.110	69.140	5
2025-06-12 07:20	69.145	69.145	69.035	69.105	5
2025-06-12 07:25	69.095	69.105	69.035	69.105	5
2025-06-12 07:30	69.095	69.125	68.970	68.995	5
2025-06-12 07:35	68.975	68.995	68.875	68.895	5
2025-06-12 07:40	68.900	68.925	68.840	68.845	5
2025-06-12 07:45	68.850	68.885	68.815	68.865	5
2025-06-12 07:50	68.855	68.965	68.855	68.940	5
2025-06-12 07:55	68.935	68.985	68.905	68.925	5
2025-06-12 08:00	68.950	69.085	68.913	69.075	5
2025-06-12 08:05	69.070	69.085	68.985	69.045	5
2025-06-12 08:10	69.040	69.075	68.915	69.055	5
2025-06-12 08:15	69.045	69.175	69.040	69.150	5
2025-06-12 08:20	69.145	69.145	69.025	69.075	5
2025-06-12 08:25	69.090	69.155	68.865	68.865	5
2025-06-12 08:30	68.875	69.085	68.875	68.985	5
2025-06-12 08:35	68.980	69.140	68.945	69.115	5
2025-06-12 08:40	69.120	69.170	68.945	68.975	5
2025-06-12 08:45	68.980	69.035	68.875	68.985	5
2025-06-12 08:50	68.995	69.095	68.985	69.095	5
2025-06-12 08:55	69.125	69.155	69.045	69.095	5
2025-06-12 09:00	69.085	69.110	69.005	69.085	5
2025-06-12 09:05	69.075	69.120	68.960	68.960	5
2025-06-12 09:10	68.955	68.995	68.910	68.955	5
2025-06-12 09:15	68.935	69.025	68.935	68.995	5
2025-06-12 09:20	69.005	69.035	68.965	68.975	5
2025-06-12 09:25	68.965	68.965	68.890	68.895	5
2025-06-12 09:30	68.885	68.915	68.675	68.700	5
2025-06-12 09:35	68.695	68.840	68.608	68.765	5
2025-06-12 09:40	68.755	68.775	68.715	68.755	5
2025-06-12 09:45	68.760	68.860	68.745	68.840	5
2025-06-12 09:50	68.845	68.845	68.795	68.825	5
2025-06-12 09:55	68.820	68.885	68.735	68.745	5
2025-06-12 10:00	68.755	68.765	68.645	68.695	5
2025-06-12 10:05	68.700	68.700	68.615	68.670	5
2025-06-12 10:10	68.660	68.815	68.660	68.785	5
2025-06-12 10:15	68.780	68.780	68.645	68.720	5
2025-06-12 10:20	68.725	68.735	68.635	68.660	5
2025-06-12 10:25	68.665	68.685	68.635	68.655	5
2025-06-12 10:30	68.650	68.665	68.595	68.655	5
2025-06-12 10:35	68.640	68.705	68.620	68.680	5
2025-06-12 10:40	68.675	68.760	68.675	68.735	5
2025-06-12 10:45	68.745	68.805	68.745	68.785	5
2025-06-12 10:50	68.775	68.815	68.708	68.765	5
2025-06-12 10:55	68.760	68.780	68.675	68.685	5
2025-06-12 11:00	68.690	68.755	68.585	68.585	5
2025-06-12 11:05	68.595	68.645	68.585	68.605	5
2025-06-12 11:10	68.615	68.630	68.505	68.515	5
2025-06-12 11:15	68.510	68.525	68.425	68.510	5
2025-06-12 11:20	68.505	68.625	68.500	68.615	5
2025-06-12 11:25	68.610	68.625	68.495	68.515	5
2025-06-12 11:30	68.500	68.505	68.405	68.465	5
2025-06-12 11:35	68.475	68.495	68.350	68.400	5
2025-06-12 11:40	68.395	68.540	68.395	68.525	5
2025-06-12 11:45	68.520	68.545	68.495	68.535	5
2025-06-12 11:50	68.525	68.545	68.465	68.535	5
2025-06-12 11:55	68.530	68.535	68.430	68.460	5
2025-06-12 12:00	68.445	68.540	68.405	68.540	5
2025-06-12 12:05	68.535	68.545	68.465	68.525	5
2025-06-12 12:10	68.535	68.655	68.535	68.625	5
2025-06-12 12:15	68.615	68.695	68.565	68.665	5
2025-06-12 12:20	68.675	68.815	68.675	68.785	5
2025-06-12 12:25	68.775	68.785	68.670	68.690	5
2025-06-12 12:30	68.675	68.675	68.555	68.590	5
2025-06-12 12:35	68.585	68.655	68.560	68.655	5
2025-06-12 12:40	68.638	68.755	68.638	68.755	5
2025-06-12 12:45	68.765	68.765	68.700	68.755	5
2025-06-12 12:50	68.750	68.825	68.670	68.785	5
2025-06-12 12:55	68.795	68.805	68.745	68.785	5
2025-06-12 13:00	68.765	68.835	68.725	68.785	5
2025-06-12 13:05	68.795	68.900	68.625	68.885	5
2025-06-12 13:10	68.890	68.890	68.710	68.775	5
2025-06-12 13:15	68.770	68.775	68.645	68.685	5
2025-06-12 13:20	68.675	68.735	68.550	68.725	5
2025-06-12 13:25	68.735	68.840	68.725	68.755	5
2025-06-12 13:30	68.765	68.775	68.625	68.705	5
2025-06-12 13:35	68.725	68.730	68.555	68.725	5
2025-06-12 13:40	68.730	68.935	68.655	68.905	5
2025-06-12 13:45	68.915	69.025	68.895	68.935	5
2025-06-12 13:50	68.925	69.100	68.865	69.075	5
2025-06-12 13:55	69.070	69.105	68.953	69.045	5
2025-06-12 14:00	69.035	69.255	69.035	69.235	5
2025-06-12 14:05	69.230	69.235	69.070	69.115	5
2025-06-12 14:10	69.125	69.145	69.055	69.075	5
2025-06-12 14:15	69.095	69.240	69.073	69.215	5
2025-06-12 14:20	69.210	69.225	69.045	69.050	5
2025-06-12 14:25	69.045	69.185	69.045	69.170	5
2025-06-12 14:30	69.175	69.265	69.125	69.265	5
2025-06-12 14:35	69.260	69.330	69.215	69.305	5
2025-06-12 14:40	69.310	69.355	69.245	69.255	5
2025-06-12 14:45	69.250	69.250	69.095	69.155	5
2025-06-12 14:50	69.145	69.265	69.115	69.175	5
2025-06-12 14:55	69.185	69.190	69.140	69.170	5
2025-06-12 15:00	69.175	69.205	69.035	69.145	5
2025-06-12 15:05	69.155	69.220	69.125	69.170	5
2025-06-12 15:10	69.180	69.215	69.105	69.185	5
2025-06-12 15:15	69.195	69.735	69.140	69.435	5
2025-06-12 15:20	69.425	69.700	69.370	69.655	5
2025-06-12 15:25	69.650	69.755	69.265	69.460	5
2025-06-12 15:30	69.455	69.640	69.355	69.615	5
2025-06-12 15:35	69.605	69.650	69.565	69.590	5
2025-06-12 15:40	69.585	69.755	69.575	69.735	5
2025-06-12 15:45	69.725	69.740	69.625	69.675	5
2025-06-12 15:50	69.680	69.795	69.675	69.785	5
2025-06-12 15:55	69.775	69.815	69.720	69.755	5
2025-06-12 16:00	69.750	69.775	69.645	69.665	5
2025-06-12 16:05	69.670	69.680	69.455	69.565	5
2025-06-12 16:10	69.560	69.570	69.470	69.550	5
2025-06-12 16:15	69.545	69.565	69.450	69.555	5
2025-06-12 16:20	69.565	69.595	69.485	69.505	5
2025-06-12 16:25	69.515	69.555	69.163	69.495	5
2025-06-12 16:30	69.500	69.837	69.375	69.645	5
2025-06-12 16:35	69.655	69.660	69.230	69.305	5
2025-06-12 16:40	69.290	69.557	69.195	69.435	5
2025-06-12 16:45	69.440	69.440	69.265	69.310	5
2025-06-12 16:50	69.315	69.365	69.275	69.365	5
2025-06-12 16:55	69.370	69.595	69.370	69.535	5
2025-06-12 17:00	69.550	69.555	69.470	69.495	5
2025-06-12 17:05	69.500	69.575	69.475	69.555	5
2025-06-12 17:10	69.560	69.565	69.450	69.480	5
2025-06-12 17:15	69.485	69.485	69.435	69.475	5
2025-06-12 17:20	69.480	69.505	69.435	69.500	5
2025-06-12 17:25	69.505	69.675	69.475	69.665	5
2025-06-12 17:30	69.660	69.670	69.590	69.630	5
2025-06-12 17:35	69.635	69.635	69.505	69.505	5
2025-06-12 17:40	69.500	69.570	69.475	69.565	5
2025-06-12 17:45	69.575	69.695	69.560	69.675	5
2025-06-12 17:50	69.680	69.685	69.590	69.635	5
2025-06-12 17:55	69.645	69.645	69.555	69.635	5
2025-06-12 18:00	69.655	69.705	69.595	69.675	5
2025-06-12 18:05	69.665	69.705	69.605	69.705	5
2025-06-12 18:10	69.700	69.725	69.635	69.695	5
2025-06-12 18:15	69.715	69.715	69.655	69.655	5
2025-06-12 18:20	69.645	69.655	69.285	69.315	5
2025-06-12 18:25	69.310	69.375	69.220	69.345	5
2025-06-12 18:30	69.350	69.355	69.225	69.335	5
2025-06-12 18:35	69.345	69.355	69.285	69.305	5
2025-06-12 18:40	69.295	69.380	69.255	69.375	4
2025-06-12 18:45	69.370	69.465	69.370	69.465	5
2025-06-12 18:50	69.460	69.515	69.455	69.510	5
2025-06-12 18:55	69.505	69.505	69.445	69.455	5
2025-06-12 19:00	69.490	69.510	69.470	69.500	5
2025-06-12 19:05	69.485	69.515	69.475	69.510	5
2025-06-12 19:10	69.505	69.520	69.475	69.480	5
2025-06-12 19:15	69.485	69.505	69.450	69.490	5
2025-06-12 19:20	69.495	69.515	69.485	69.500	5
2025-06-12 19:25	69.505	69.525	69.505	69.515	5
2025-06-12 19:30	69.525	69.565	69.515	69.555	5
2025-06-12 19:35	69.550	69.555	69.525	69.535	5
2025-06-12 19:40	69.525	69.530	69.495	69.505	4
2025-06-12 19:45	69.510	69.515	69.468	69.505	4
2025-06-12 19:50	69.468	69.545	69.468	69.515	5
2025-06-12 19:55	69.520	69.600	69.515	69.580	5
2025-06-12 20:00	69.570	69.657	69.522	69.627	5
2025-06-12 20:05	69.617	69.652	69.617	69.632	5
2025-06-12 20:10	69.642	69.722	69.642	69.707	5
2025-06-12 20:15	69.712	69.742	69.682	69.707	5
2025-06-12 20:20	69.697	69.792	69.687	69.782	5
2025-06-12 20:25	69.757	69.877	69.757	69.842	5
2025-06-12 20:30	69.847	69.992	69.847	69.972	5
2025-06-12 20:35	69.982	70.002	69.897	69.922	5
2025-06-12 20:40	69.917	70.097	69.917	70.072	5
2025-06-12 20:45	70.082	70.117	70.077	70.117	5
2025-06-12 20:50	70.112	70.167	70.112	70.167	5
2025-06-12 20:55	70.162	70.222	70.142	70.212	5
2025-06-13 00:00	70.510	71.380	70.460	71.370	5
2025-06-13 00:05	71.380	72.905	71.283	72.840	5
2025-06-13 00:10	72.845	73.310	71.353	72.177	5
2025-06-13 00:15	72.190	72.737	71.745	72.475	5
2025-06-13 00:20	72.455	72.870	72.305	72.785	5
2025-06-13 00:25	72.780	73.480	72.620	73.290	5
2025-06-13 00:30	73.280	73.360	72.815	73.185	5
2025-06-13 00:35	73.170	73.255	72.895	73.040	5
2025-06-13 00:40	73.030	73.245	72.960	73.150	5
2025-06-13 00:45	73.175	73.775	73.170	73.770	5
2025-06-13 00:50	73.775	74.715	73.685	74.635	5
2025-06-13 00:55	74.625	75.285	74.360	74.435	5
2025-06-13 01:00	74.405	74.660	73.837	74.500	5
2025-06-13 01:05	74.510	74.750	74.470	74.710	5
2025-06-13 01:10	74.720	75.220	74.575	75.005	5
2025-06-13 01:15	75.000	75.020	74.625	74.700	5
2025-06-13 01:20	74.705	74.705	74.445	74.535	5
2025-06-13 01:25	74.540	74.650	74.335	74.380	5
2025-06-13 01:30	74.375	74.435	74.140	74.160	5
2025-06-13 01:35	74.165	74.630	74.005	74.485	5
2025-06-13 01:40	74.490	74.760	74.485	74.755	5
2025-06-13 01:45	74.750	74.800	74.495	74.600	5
2025-06-13 01:50	74.605	74.780	74.540	74.595	5
2025-06-13 01:55	74.600	74.725	74.595	74.700	5
2025-06-13 02:00	74.690	74.730	74.575	74.730	5
2025-06-13 02:05	74.735	74.995	74.735	74.990	5
2025-06-13 02:10	74.985	75.100	74.955	75.100	5
2025-06-13 02:15	75.090	75.410	75.085	75.400	5
2025-06-13 02:20	75.415	76.105	75.400	76.095	5
2025-06-13 02:25	76.100	76.620	75.653	76.605	5
2025-06-13 02:30	76.610	77.897	76.443	77.635	5
2025-06-13 02:35	77.645	78.385	77.237	77.943	5
2025-06-13 02:40	78.038	78.475	77.775	78.040	5
2025-06-13 02:45	78.035	78.070	76.743	77.410	5
2025-06-13 02:50	77.415	77.810	77.135	77.580	5
2025-06-13 02:55	77.585	77.685	76.665	76.765	5
2025-06-13 03:00	76.760	76.970	76.345	76.355	5
2025-06-13 03:05	76.365	76.390	75.605	75.705	5
2025-06-13 03:10	75.695	75.825	75.495	75.610	5
2025-06-13 03:15	75.620	75.665	75.100	75.317	5
2025-06-13 03:20	75.335	75.765	75.297	75.755	5
2025-06-13 03:25	75.760	75.845	75.577	75.635	5
2025-06-13 03:30	75.627	75.755	75.305	75.430	5
2025-06-13 03:35	75.425	75.835	75.425	75.667	5
2025-06-13 03:40	75.665	75.880	75.537	75.860	5
2025-06-13 03:45	75.845	76.015	75.685	75.690	5
2025-06-13 03:50	75.685	75.720	75.395	75.407	5
2025-06-13 03:55	75.395	75.615	75.185	75.495	5
2025-06-13 04:00	75.485	75.525	75.240	75.507	5
2025-06-13 04:05	75.515	76.155	75.368	76.155	5
2025-06-13 04:10	76.147	76.177	75.898	76.105	5
2025-06-13 04:15	76.100	76.125	75.665	75.705	5
2025-06-13 04:20	75.710	76.215	75.663	76.170	5
2025-06-13 04:25	76.137	76.260	75.718	75.757	5
2025-06-13 04:30	75.755	75.785	75.547	75.767	5
2025-06-13 04:35	75.777	75.777	75.537	75.595	5
2025-06-13 04:40	75.620	75.665	75.500	75.580	5
2025-06-13 04:45	75.570	75.590	75.015	75.035	5
2025-06-13 04:50	75.025	75.130	74.870	74.945	5
2025-06-13 04:55	74.920	74.930	74.687	74.705	5
2025-06-13 05:00	74.700	75.227	74.648	75.217	5
2025-06-13 05:05	75.210	75.415	74.993	75.270	5
2025-06-13 05:10	75.207	75.207	75.005	75.055	5
2025-06-13 05:15	75.047	75.067	74.905	75.045	5
2025-06-13 05:20	75.060	75.110	74.745	74.810	5
2025-06-13 05:25	74.815	74.900	74.643	74.810	5
2025-06-13 05:30	74.815	74.880	74.675	74.880	5
2025-06-13 05:35	74.865	74.875	74.770	74.820	5
2025-06-13 05:40	74.815	74.905	74.505	74.595	5
2025-06-13 05:45	74.600	74.655	74.360	74.500	5
2025-06-13 05:50	74.495	74.500	74.345	74.390	5
2025-06-13 05:55	74.400	74.445	74.335	74.350	5
2025-06-13 06:00	74.355	74.550	74.335	74.505	5
2025-06-13 06:05	74.480	74.490	73.985	74.130	5
2025-06-13 06:10	74.140	74.310	73.860	74.010	5
2025-06-13 06:15	74.015	74.390	73.948	74.080	5
2025-06-13 06:20	74.085	74.580	74.028	74.560	5
2025-06-13 06:25	74.555	74.725	74.440	74.500	5
2025-06-13 06:30	74.480	74.490	74.290	74.300	5
2025-06-13 06:35	74.290	74.325	74.000	74.090	5
2025-06-13 06:40	74.080	74.100	73.660	73.800	5
2025-06-13 06:45	73.810	73.835	73.280	73.570	5
2025-06-13 06:50	73.560	73.570	73.067	73.067	5
2025-06-13 06:55	73.070	73.370	73.033	73.070	5
2025-06-13 07:00	73.100	73.200	72.457	72.620	5
2025-06-13 07:05	72.625	72.640	72.240	72.240	5
2025-06-13 07:10	72.220	72.960	72.170	72.765	5
2025-06-13 07:15	72.770	72.975	72.650	72.975	5
2025-06-13 07:20	72.970	73.205	72.500	72.675	5
2025-06-13 07:25	72.670	72.955	72.660	72.880	5
2025-06-13 07:30	72.900	73.100	72.840	72.860	5
2025-06-13 07:35	72.865	72.930	72.633	72.860	5
2025-06-13 07:40	72.855	73.160	72.815	73.115	5
2025-06-13 07:45	73.120	73.490	73.015	73.480	5
2025-06-13 07:50	73.485	73.720	73.428	73.630	5
2025-06-13 07:55	73.635	73.665	73.020	73.145	5
2025-06-13 08:00	73.182	73.460	73.108	73.340	5
2025-06-13 08:05	73.320	73.610	73.250	73.540	5
2025-06-13 08:10	73.510	73.535	73.290	73.435	5
2025-06-13 08:15	73.420	73.690	73.370	73.685	5
2025-06-13 08:20	73.705	73.785	73.555	73.680	5
2025-06-13 08:25	73.675	73.735	73.370	73.420	5
2025-06-13 08:30	73.405	74.100	73.395	74.095	5
2025-06-13 08:35	74.105	74.400	74.015	74.305	5
2025-06-13 08:40	74.320	74.520	74.170	74.460	5
2025-06-13 08:45	74.475	74.505	74.060	74.270	5
2025-06-13 08:50	74.275	74.375	74.090	74.240	5
2025-06-13 08:55	74.235	74.350	74.155	74.177	5
2025-06-13 09:00	74.165	74.265	73.950	73.950	5
2025-06-13 09:05	73.945	74.160	73.885	73.945	5
2025-06-13 09:10	73.935	74.330	73.845	74.190	5
2025-06-13 09:15	74.200	74.235	73.950	74.000	5
2025-06-13 09:20	73.985	74.220	73.928	74.070	5
2025-06-13 09:25	74.060	74.060	73.635	73.695	5
2025-06-13 09:30	73.685	74.160	73.685	74.085	5
2025-06-13 09:35	74.090	74.390	74.050	74.310	5
2025-06-13 09:40	74.265	74.400	74.245	74.280	5
2025-06-13 09:45	74.285	74.455	74.143	74.280	5
2025-06-13 09:50	74.285	74.445	74.090	74.425	5
2025-06-13 09:55	74.420	75.000	74.415	75.000	5
2025-06-13 10:00	75.005	75.605	74.940	75.440	5
2025-06-13 10:05	75.455	75.545	75.250	75.415	5
2025-06-13 10:10	75.420	75.450	74.900	75.225	5
2025-06-13 10:15	75.230	75.615	75.220	75.615	5
2025-06-13 10:20	75.620	75.635	75.380	75.535	5
2025-06-13 10:25	75.540	75.540	75.253	75.340	5
2025-06-13 10:30	75.345	75.360	75.080	75.210	5
2025-06-13 10:35	75.240	75.395	75.045	75.180	5
2025-06-13 10:40	75.175	75.220	74.890	75.010	5
2025-06-13 10:45	75.055	75.215	75.008	75.050	5
2025-06-13 10:50	75.055	75.055	74.720	74.920	5
2025-06-13 10:55	74.925	75.080	74.783	74.895	5
2025-06-13 11:00	74.870	74.940	74.740	74.760	5
2025-06-13 11:05	74.750	74.870	74.660	74.780	5
2025-06-13 11:10	74.785	74.880	74.685	74.705	5
2025-06-13 11:15	74.700	74.730	74.570	74.690	5
2025-06-13 11:20	74.675	74.865	74.630	74.815	5
2025-06-13 11:25	74.810	74.810	74.565	74.605	5
2025-06-13 11:30	74.600	74.630	74.195	74.257	5
2025-06-13 11:35	74.265	74.410	74.170	74.340	5
2025-06-13 11:40	74.365	74.425	74.070	74.085	5
2025-06-13 11:45	74.080	74.155	73.880	73.950	5
2025-06-13 11:50	73.940	74.160	73.835	74.130	5
2025-06-13 11:55	74.135	74.265	74.130	74.250	5
2025-06-13 12:00	74.245	74.495	74.220	74.295	5
2025-06-13 12:05	74.305	74.525	74.165	74.205	5
2025-06-13 12:10	74.200	74.340	74.145	74.335	5
2025-06-13 12:15	74.340	74.680	74.335	74.680	5
2025-06-13 12:20	74.655	74.780	74.495	74.620	5
2025-06-13 12:25	74.615	74.635	74.450	74.450	5
2025-06-13 12:30	74.460	74.752	74.455	74.715	5
2025-06-13 12:35	74.720	74.870	74.530	74.820	5
2025-06-13 12:40	74.810	74.850	74.628	74.780	5
2025-06-13 12:45	74.790	74.935	74.765	74.850	5
2025-06-13 12:50	74.855	74.930	74.715	74.880	5
2025-06-13 12:55	74.885	74.985	74.810	74.840	5
2025-06-13 13:00	74.830	74.975	74.733	74.895	5
2025-06-13 13:05	74.890	74.890	74.577	74.695	5
2025-06-13 13:10	74.700	74.750	74.425	74.440	5
2025-06-13 13:15	74.435	74.440	74.295	74.365	5
2025-06-13 13:20	74.360	74.450	74.230	74.295	5
2025-06-13 13:25	74.300	74.465	74.175	74.445	5
2025-06-13 13:30	74.435	74.435	74.065	74.080	5
2025-06-13 13:35	74.085	74.365	74.065	74.330	5
2025-06-13 13:40	74.325	74.570	74.225	74.340	5
2025-06-13 13:45	74.345	74.405	74.025	74.105	5
2025-06-13 13:50	74.125	74.145	73.865	73.915	5
2025-06-13 13:55	73.910	73.975	73.760	73.845	5
2025-06-13 14:00	73.840	73.930	73.765	73.790	5
2025-06-13 14:05	73.795	74.145	73.770	74.140	5
2025-06-13 14:10	74.145	74.185	73.985	74.070	5
2025-06-13 14:15	74.075	74.245	74.025	74.205	5
2025-06-13 14:20	74.200	74.260	74.050	74.230	5
2025-06-13 14:25	74.225	74.425	74.210	74.410	5
2025-06-13 14:30	74.405	74.475	74.190	74.245	5
2025-06-13 14:35	74.240	74.295	74.005	74.085	5
2025-06-13 14:40	74.080	74.137	73.845	74.025	5
2025-06-13 14:45	74.010	74.030	73.855	73.860	5
2025-06-13 14:50	73.865	73.975	73.105	73.425	5
2025-06-13 14:55	73.420	73.475	72.905	73.150	5
2025-06-13 15:00	73.145	73.395	73.055	73.275	5
2025-06-13 15:05	73.280	73.390	73.105	73.305	5
2025-06-13 15:10	73.325	73.515	73.053	73.455	5
2025-06-13 15:15	73.460	73.765	73.435	73.735	5
2025-06-13 15:20	73.730	73.785	73.535	73.610	5
2025-06-13 15:25	73.605	73.690	73.415	73.450	5
2025-06-13 15:30	73.445	73.535	73.310	73.385	5
2025-06-13 15:35	73.390	73.405	73.183	73.315	5
2025-06-13 15:40	73.310	73.440	73.295	73.435	5
2025-06-13 15:45	73.460	73.490	73.365	73.415	5
2025-06-13 15:50	73.425	73.660	73.355	73.595	5
2025-06-13 15:55	73.600	73.655	73.355	73.425	5
2025-06-13 16:00	73.430	73.495	73.130	73.145	5
2025-06-13 16:05	73.155	73.165	73.030	73.070	5
2025-06-13 16:10	73.107	73.235	73.050	73.100	5
2025-06-13 16:15	73.105	73.280	73.005	73.215	5
2025-06-13 16:20	73.210	73.265	73.105	73.235	5
2025-06-13 16:25	73.240	73.285	73.160	73.205	5
2025-06-13 16:30	73.215	73.355	73.205	73.275	5
2025-06-13 16:35	73.280	73.490	73.200	73.490	5
2025-06-13 16:40	73.480	73.535	73.425	73.475	5
2025-06-13 16:45	73.480	73.530	73.325	73.335	5
2025-06-13 16:50	73.340	73.435	73.325	73.365	5
2025-06-13 16:55	73.375	73.475	73.365	73.475	5
2025-06-13 17:00	73.495	73.575	73.433	73.515	5
2025-06-13 17:05	73.525	73.775	73.440	73.775	5
2025-06-13 17:10	73.795	73.965	73.655	73.725	5
2025-06-13 17:15	73.720	73.910	73.627	73.810	5
2025-06-13 17:20	73.815	74.035	73.735	73.885	5
2025-06-13 17:25	73.890	73.935	73.815	73.900	5
2025-06-13 17:30	73.895	74.035	73.880	73.995	5
2025-06-13 17:35	74.005	74.135	73.960	74.080	5
2025-06-13 17:40	74.075	74.455	74.065	74.425	5
2025-06-13 17:45	74.430	74.575	74.170	74.230	5
2025-06-13 17:50	74.235	74.455	74.195	74.425	5
2025-06-13 17:55	74.420	74.555	74.405	74.475	5
2025-06-13 18:00	74.485	74.670	74.190	74.615	5
2025-06-13 18:05	74.605	74.765	74.280	74.610	5
2025-06-13 18:10	74.600	74.605	74.245	74.305	5
2025-06-13 18:15	74.320	74.575	74.260	74.285	5
2025-06-13 18:20	74.290	74.375	74.058	74.180	5
2025-06-13 18:25	74.175	74.430	73.940	74.395	5
2025-06-13 18:30	74.385	74.485	74.295	74.420	5
2025-06-13 18:35	74.425	74.610	74.375	74.565	5
2025-06-13 18:40	74.550	74.670	74.475	74.670	5
2025-06-13 18:45	74.675	74.935	74.535	74.845	5
2025-06-13 18:50	74.855	74.970	74.805	74.835	5
2025-06-13 18:55	74.820	75.095	74.695	75.050	5
2025-06-13 19:00	75.085	75.222	74.865	74.880	5
2025-06-13 19:05	74.885	74.900	74.725	74.870	5
2025-06-13 19:10	74.875	74.900	74.815	74.870	5
2025-06-13 19:15	74.875	75.070	74.875	75.065	5
2025-06-13 19:20	75.055	75.060	74.695	74.860	5
2025-06-13 19:25	74.850	74.940	74.830	74.905	5
2025-06-13 19:30	74.900	75.000	74.808	74.910	5
2025-06-13 19:35	74.905	74.905	74.507	74.555	5
2025-06-13 19:40	74.550	74.600	74.447	74.510	5
2025-06-13 19:45	74.515	74.520	74.172	74.185	5
2025-06-13 19:50	74.200	74.210	74.070	74.200	5
2025-06-13 19:55	74.205	74.300	74.160	74.280	5
2025-06-13 20:00	74.228	74.612	74.228	74.592	5
2025-06-13 20:05	74.597	74.892	74.592	74.797	5
2025-06-13 20:10	74.792	74.792	74.652	74.707	5
2025-06-13 20:15	74.697	74.727	74.537	74.557	5
2025-06-13 20:20	74.547	74.642	74.502	74.637	5
2025-06-13 20:25	74.642	74.842	74.642	74.742	5
2025-06-13 20:30	74.747	74.827	74.637	74.687	5
2025-06-13 20:35	74.667	74.752	74.607	74.752	5
2025-06-13 20:40	74.767	74.782	74.637	74.637	5
2025-06-13 20:45	74.642	74.717	74.617	74.692	5
2025-06-13 20:50	74.682	74.697	74.492	74.497	5
2025-06-13 20:55	74.472	74.552	74.338	74.502	5
2025-06-16 00:00	75.567	75.632	75.235	75.270	5
2025-06-16 00:05	75.300	75.480	75.300	75.410	5
2025-06-16 00:10	75.400	75.400	75.265	75.310	5
2025-06-16 00:15	75.300	75.365	75.175	75.320	5
2025-06-16 00:20	75.340	75.340	75.140	75.220	5
2025-06-16 00:25	75.215	75.255	75.020	75.085	5
2025-06-16 00:30	75.110	75.110	74.815	74.830	5
2025-06-16 00:35	74.845	75.100	74.840	75.040	5
2025-06-16 00:40	75.050	75.100	74.960	75.010	5
2025-06-16 00:45	75.000	75.100	74.990	75.065	5
2025-06-16 00:50	75.070	75.235	75.050	75.210	5
2025-06-16 00:55	75.205	75.275	74.965	74.985	5
2025-06-16 01:00	74.980	74.980	74.190	74.600	5
2025-06-16 01:05	74.595	74.855	74.555	74.685	5
2025-06-16 01:10	74.675	74.795	74.575	74.637	5
2025-06-16 01:15	74.645	74.730	74.360	74.480	5
2025-06-16 01:20	74.495	74.835	74.495	74.815	5
2025-06-16 01:25	74.805	74.940	74.758	74.835	5
2025-06-16 01:30	74.830	74.880	74.713	74.775	5
2025-06-16 01:35	74.780	75.020	74.735	74.990	5
2025-06-16 01:40	74.985	75.040	74.838	75.010	5
2025-06-16 01:45	75.017	75.095	74.875	74.925	5
2025-06-16 01:50	74.930	75.050	74.930	74.970	5
2025-06-16 01:55	74.975	75.135	74.910	75.125	5
2025-06-16 02:00	75.130	75.180	75.015	75.110	5
2025-06-16 02:05	75.105	75.230	75.040	75.120	5
2025-06-16 02:10	75.125	75.200	74.980	75.005	5
2025-06-16 02:15	75.010	75.050	74.697	75.005	5
2025-06-16 02:20	75.010	75.095	74.925	75.005	5
2025-06-16 02:25	75.015	75.055	74.883	74.965	5
2025-06-16 02:30	74.980	75.065	74.870	74.870	5
2025-06-16 02:35	74.880	74.940	74.808	74.900	5
2025-06-16 02:40	74.905	75.000	74.900	74.995	5
2025-06-16 02:45	74.975	75.005	74.920	74.970	5
2025-06-16 02:50	74.980	75.080	74.940	75.060	5
2025-06-16 02:55	75.070	75.070	74.940	74.960	5
2025-06-16 03:00	74.955	74.985	74.900	74.955	5
2025-06-16 03:05	74.950	75.010	74.840	74.900	5
2025-06-16 03:10	74.890	74.910	74.810	74.905	5
2025-06-16 03:15	74.900	74.900	74.800	74.825	5
2025-06-16 03:20	74.820	74.850	74.730	74.810	5
2025-06-16 03:25	74.820	74.820	74.735	74.755	5
2025-06-16 03:30	74.750	74.770	74.595	74.605	5
2025-06-16 03:35	74.615	74.870	74.600	74.790	5
2025-06-16 03:40	74.795	74.815	74.740	74.780	5
2025-06-16 03:45	74.795	74.865	74.780	74.825	5
2025-06-16 03:50	74.830	74.840	74.790	74.790	5
2025-06-16 03:55	74.785	74.870	74.785	74.870	5
2025-06-16 04:00	74.875	74.890	74.793	74.880	5
2025-06-16 04:05	74.870	74.880	74.815	74.830	5
2025-06-16 04:10	74.820	74.930	74.820	74.920	5
2025-06-16 04:15	74.930	75.080	74.910	75.070	5
2025-06-16 04:20	75.065	75.065	74.970	75.010	5
2025-06-16 04:25	75.015	75.065	74.993	75.060	5
2025-06-16 04:30	75.055	75.070	74.900	74.930	5
2025-06-16 04:35	74.925	74.940	74.850	74.920	5
2025-06-16 04:40	74.935	74.950	74.865	74.910	5
2025-06-16 04:45	74.925	75.070	74.925	75.050	5
2025-06-16 04:50	75.060	75.060	74.935	74.960	5
2025-06-16 04:55	74.950	75.005	74.840	74.880	5
2025-06-16 05:00	74.875	74.900	74.840	74.855	5
2025-06-16 05:05	74.860	74.975	74.850	74.960	5
2025-06-16 05:10	74.970	74.975	74.885	74.890	5
2025-06-16 05:15	74.900	74.910	74.785	74.820	5
2025-06-16 05:20	74.825	74.855	74.770	74.820	5
2025-06-16 05:25	74.840	74.895	74.820	74.840	5
2025-06-16 05:30	74.860	74.875	74.605	74.610	5
2025-06-16 05:35	74.600	74.680	74.370	74.540	5
2025-06-16 05:40	74.545	74.640	74.530	74.625	5
2025-06-16 05:45	74.630	74.770	74.563	74.680	5
2025-06-16 05:50	74.650	74.660	74.565	74.620	5
2025-06-16 05:55	74.635	74.635	74.550	74.620	5
2025-06-16 06:00	74.640	74.750	74.620	74.630	5
2025-06-16 06:05	74.635	74.645	74.415	74.500	5
2025-06-16 06:10	74.505	74.590	74.455	74.575	5
2025-06-16 06:15	74.580	74.680	74.550	74.590	5
2025-06-16 06:20	74.585	74.630	74.540	74.600	5
2025-06-16 06:25	74.610	74.735	74.490	74.555	5
2025-06-16 06:30	74.550	74.615	74.510	74.575	5
2025-06-16 06:35	74.570	74.590	74.355	74.355	5
2025-06-16 06:40	74.360	74.465	74.203	74.435	5
2025-06-16 06:45	74.440	74.545	74.350	74.525	5
2025-06-16 06:50	74.560	74.695	74.450	74.690	5
2025-06-16 06:55	74.685	74.970	74.623	74.820	5
2025-06-16 07:00	74.850	75.005	74.810	74.820	5
2025-06-16 07:05	74.825	74.825	74.525	74.685	5
2025-06-16 07:10	74.660	74.900	74.576	74.895	5
2025-06-16 07:15	74.890	74.900	74.700	74.760	5
2025-06-16 07:20	74.765	74.810	74.670	74.785	5
2025-06-16 07:25	74.795	74.795	74.645	74.780	5
2025-06-16 07:30	74.775	74.775	74.510	74.570	5
2025-06-16 07:35	74.580	74.660	74.420	74.430	5
2025-06-16 07:40	74.420	74.440	74.240	74.285	5
2025-06-16 07:45	74.315	74.395	74.210	74.220	5
2025-06-16 07:50	74.225	74.260	73.838	74.020	5
2025-06-16 07:55	74.040	74.175	73.978	73.980	5
2025-06-16 08:00	74.000	74.025	73.570	73.755	5
2025-06-16 08:05	73.760	73.960	73.705	73.940	5
2025-06-16 08:10	73.930	74.150	73.840	74.050	5
2025-06-16 08:15	74.055	74.065	73.765	73.790	5
2025-06-16 08:20	73.795	73.880	73.570	73.770	5
2025-06-16 08:25	73.780	73.945	73.655	73.685	5
2025-06-16 08:30	73.700	73.890	73.685	73.855	5
2025-06-16 08:35	73.895	74.045	73.865	74.030	5
2025-06-16 08:40	74.025	74.090	73.870	74.040	5
2025-06-16 08:45	74.045	74.050	73.755	73.830	5
2025-06-16 08:50	73.825	73.845	73.735	73.765	5
2025-06-16 08:55	73.770	73.775	73.575	73.620	5
2025-06-16 09:00	73.630	73.650	73.505	73.525	5
2025-06-16 09:05	73.530	73.605	73.410	73.550	5
2025-06-16 09:10	73.555	73.595	73.415	73.540	5
2025-06-16 09:15	73.545	73.640	73.500	73.550	5
2025-06-16 09:20	73.540	73.760	73.540	73.720	5
2025-06-16 09:25	73.725	73.765	73.665	73.690	5
2025-06-16 09:30	73.680	73.800	73.575	73.760	5
2025-06-16 09:35	73.750	73.830	73.675	73.740	5
2025-06-16 09:40	73.720	73.780	73.580	73.580	5
2025-06-16 09:45	73.585	73.665	73.580	73.600	5
2025-06-16 09:50	73.605	73.740	73.595	73.740	5
2025-06-16 09:55	73.745	73.755	73.645	73.660	5
2025-06-16 10:00	73.655	73.875	73.605	73.860	5
2025-06-16 10:05	73.875	73.965	73.830	73.855	5
2025-06-16 10:10	73.875	73.975	73.870	73.950	5
2025-06-16 10:15	73.955	74.005	73.830	73.870	5
2025-06-16 10:20	73.875	73.910	73.795	73.800	5
2025-06-16 10:25	73.795	73.815	73.710	73.730	5
2025-06-16 10:30	73.735	73.795	73.720	73.785	5
2025-06-16 10:35	73.810	73.865	73.765	73.835	5
2025-06-16 10:40	73.825	73.880	73.750	73.750	5
2025-06-16 10:45	73.755	73.795	73.515	73.550	5
2025-06-16 10:50	73.545	73.545	73.315	73.340	5
2025-06-16 10:55	73.335	73.385	73.235	73.235	5
2025-06-16 11:00	73.240	73.325	73.235	73.245	5
2025-06-16 11:05	73.255	73.445	73.235	73.425	5
2025-06-16 11:10	73.420	73.610	73.420	73.575	5
2025-06-16 11:15	73.565	73.660	73.545	73.655	5
2025-06-16 11:20	73.650	73.775	73.625	73.670	5
2025-06-16 11:25	73.665	73.745	73.470	73.480	5
2025-06-16 11:30	73.475	73.475	73.245	73.270	5
2025-06-16 11:35	73.275	73.325	73.235	73.245	5
2025-06-16 11:40	73.250	73.505	73.250	73.465	5
2025-06-16 11:45	73.470	73.475	73.317	73.365	5
2025-06-16 11:50	73.375	73.445	73.285	73.350	5
2025-06-16 11:55	73.355	73.415	73.235	73.270	5
2025-06-16 12:00	73.275	73.375	73.235	73.325	5
2025-06-16 12:05	73.320	73.485	73.285	73.475	5
2025-06-16 12:10	73.480	73.545	73.420	73.435	5
2025-06-16 12:15	73.440	73.475	73.290	73.360	5
2025-06-16 12:20	73.350	73.485	73.305	73.475	5
2025-06-16 12:25	73.480	73.495	73.325	73.330	5
2025-06-16 12:30	73.315	73.325	72.610	72.665	5
2025-06-16 12:35	72.680	72.925	72.640	72.795	5
2025-06-16 12:40	72.800	73.025	72.758	72.950	5
2025-06-16 12:45	72.945	72.960	72.735	72.775	5
2025-06-16 12:50	72.770	72.855	72.695	72.825	5
2025-06-16 12:55	72.820	72.960	72.780	72.885	5
2025-06-16 13:00	72.905	73.335	72.905	73.195	5
2025-06-16 13:05	73.190	73.355	73.145	73.195	5
2025-06-16 13:10	73.190	73.395	73.190	73.335	5
2025-06-16 13:15	73.330	73.330	72.965	72.965	5
2025-06-16 13:20	72.955	73.120	72.805	72.880	5
2025-06-16 13:25	72.875	73.220	72.853	73.205	5
2025-06-16 13:30	73.190	73.342	73.145	73.315	5
2025-06-16 13:35	73.320	73.355	73.155	73.225	5
2025-06-16 13:40	73.230	73.545	73.230	73.350	5
2025-06-16 13:45	73.355	73.615	73.350	73.535	5
2025-06-16 13:50	73.540	73.675	72.127	72.670	5
2025-06-16 13:55	72.660	72.745	71.205	71.340	5
2025-06-16 14:00	71.330	71.990	70.858	71.950	5
2025-06-16 14:05	71.935	72.045	71.535	71.535	5
2025-06-16 14:10	71.540	71.810	71.503	71.785	5
2025-06-16 14:15	71.790	71.870	71.490	71.660	5
2025-06-16 14:20	71.665	71.875	71.530	71.815	5
2025-06-16 14:25	71.820	71.855	71.140	71.140	5
2025-06-16 14:30	71.145	71.160	70.615	70.960	5
2025-06-16 14:35	70.970	71.230	70.920	71.055	5
2025-06-16 14:40	71.050	71.470	71.030	71.410	5
2025-06-16 14:45	71.415	71.620	71.275	71.515	5
2025-06-16 14:50	71.505	71.685	71.350	71.355	5
2025-06-16 14:55	71.350	71.475	71.300	71.420	5
2025-06-16 15:00	71.430	71.580	71.425	71.540	5
2025-06-16 15:05	71.545	71.660	71.475	71.610	5
2025-06-16 15:10	71.605	71.765	71.555	71.620	5
2025-06-16 15:15	71.625	71.635	71.435	71.445	5
2025-06-16 15:20	71.455	71.605	71.380	71.600	5
2025-06-16 15:25	71.605	71.895	71.530	71.775	5
2025-06-16 15:30	71.785	71.915	71.610	71.785	5
2025-06-16 15:35	71.755	71.957	71.530	71.620	5
2025-06-16 15:40	71.625	72.245	71.550	72.170	5
2025-06-16 15:45	72.165	72.365	72.093	72.300	5
2025-06-16 15:50	72.295	72.375	72.160	72.300	5
2025-06-16 15:55	72.285	72.585	72.195	72.540	5
2025-06-16 16:00	72.535	72.540	72.220	72.310	5
2025-06-16 16:05	72.330	72.485	72.320	72.440	5
2025-06-16 16:10	72.435	72.480	72.295	72.420	5
2025-06-16 16:15	72.415	72.605	72.385	72.545	5
2025-06-16 16:20	72.540	72.705	72.353	72.670	5
2025-06-16 16:25	72.665	72.855	72.630	72.755	5
2025-06-16 16:30	72.760	72.760	72.625	72.720	5
2025-06-16 16:35	72.715	72.960	72.688	72.795	5
2025-06-16 16:40	72.805	72.945	72.725	72.880	5
2025-06-16 16:45	72.885	72.915	72.835	72.875	5
2025-06-16 16:50	72.880	73.050	72.865	73.010	5
2025-06-16 16:55	73.015	73.145	73.010	73.120	5
2025-06-16 17:00	73.125	73.200	72.995	73.185	5
2025-06-16 17:05	73.200	73.270	73.160	73.270	5
2025-06-16 17:10	73.265	73.265	73.035	73.095	5
2025-06-16 17:15	73.100	73.130	73.045	73.115	5
2025-06-16 17:20	73.120	73.150	72.875	72.905	5
2025-06-16 17:25	72.895	73.000	72.560	72.965	5
2025-06-16 17:30	72.950	73.135	72.925	73.035	5
2025-06-16 17:35	73.045	73.100	72.915	73.065	5
2025-06-16 17:40	73.075	73.115	73.040	73.085	5
2025-06-16 17:45	73.075	73.140	73.060	73.060	5
2025-06-16 17:50	73.065	73.065	72.850	72.880	5
2025-06-16 17:55	72.875	72.925	72.780	72.895	5
2025-06-16 18:00	72.890	73.005	72.860	72.895	5
2025-06-16 18:05	72.890	73.070	72.820	73.055	5
2025-06-16 18:10	73.050	73.205	73.025	73.185	5
2025-06-16 18:15	73.205	73.255	73.135	73.165	5
2025-06-16 18:20	73.155	73.225	73.090	73.220	5
2025-06-16 18:25	73.215	73.305	73.135	73.275	5
2025-06-16 18:30	73.270	73.310	73.025	73.050	5
2025-06-16 18:35	73.065	73.140	73.040	73.075	5
2025-06-16 18:40	73.065	73.120	73.005	73.020	5
2025-06-16 18:45	73.015	73.025	72.880	72.910	5
2025-06-16 18:50	72.905	72.935	72.750	72.775	5
2025-06-16 18:55	72.780	72.810	72.670	72.735	5
2025-06-16 19:00	72.730	72.780	72.705	72.715	5
2025-06-16 19:05	72.710	72.880	72.700	72.875	5
2025-06-16 19:10	72.880	72.885	72.785	72.785	5
2025-06-16 19:15	72.790	72.825	72.730	72.755	5
2025-06-16 19:20	72.750	72.775	72.703	72.735	5
2025-06-16 19:25	72.740	72.800	72.740	72.775	5
2025-06-16 19:30	72.785	72.845	72.775	72.840	5
2025-06-16 19:35	72.845	72.850	72.775	72.810	5
2025-06-16 19:40	72.815	72.915	72.810	72.860	5
2025-06-16 19:45	72.870	72.925	72.825	72.825	5
2025-06-16 19:50	72.820	72.895	72.765	72.810	5
2025-06-16 19:55	72.820	72.905	72.820	72.865	5
2025-06-16 20:00	72.870	72.870	72.712	72.732	5
2025-06-16 20:05	72.737	72.787	72.737	72.737	5
2025-06-16 20:10	72.742	72.797	72.712	72.767	5
2025-06-16 20:15	72.772	72.827	72.772	72.797	5
2025-06-16 20:20	72.802	72.837	72.732	72.837	5
2025-06-16 20:25	72.842	72.912	72.822	72.902	5
2025-06-16 20:30	72.897	72.952	72.897	72.927	5
2025-06-16 20:35	72.932	72.952	72.902	72.907	5
2025-06-16 20:40	72.902	72.947	72.887	72.937	5
2025-06-16 20:45	72.927	72.952	72.897	72.937	5
2025-06-16 20:50	72.942	72.952	72.907	72.912	5
2025-06-16 20:55	72.917	72.952	72.907	72.947	5
2025-06-17 00:00	74.265	74.825	73.937	74.535	5
2025-06-17 00:05	74.530	74.535	74.330	74.410	5
2025-06-17 00:10	74.420	74.465	74.153	74.320	5
2025-06-17 00:15	74.330	74.615	74.305	74.590	5
2025-06-17 00:20	74.585	74.635	74.333	74.430	5
2025-06-17 00:25	74.420	74.685	74.100	74.530	5
2025-06-17 00:30	74.520	74.590	74.470	74.520	5
2025-06-17 00:35	74.530	74.585	74.320	74.430	5
2025-06-17 00:40	74.435	74.550	74.375	74.385	5
2025-06-17 00:45	74.390	74.400	74.110	74.120	5
2025-06-17 00:50	74.110	74.145	73.840	73.880	5
2025-06-17 00:55	73.890	73.970	73.505	73.650	5
2025-06-17 01:00	73.670	73.670	73.120	73.520	5
2025-06-17 01:05	73.515	73.575	73.270	73.360	5
2025-06-17 01:10	73.370	73.460	73.280	73.365	5
2025-06-17 01:15	73.360	73.550	73.345	73.530	5
2025-06-17 01:20	73.520	73.575	73.440	73.500	5
2025-06-17 01:25	73.510	73.540	73.390	73.430	5
2025-06-17 01:30	73.425	73.580	73.395	73.580	5
2025-06-17 01:35	73.555	73.560	73.390	73.460	5
2025-06-17 01:40	73.455	73.620	73.403	73.560	5
2025-06-17 01:45	73.555	73.560	73.300	73.370	5
2025-06-17 01:50	73.380	73.485	73.337	73.450	5
2025-06-17 01:55	73.460	73.890	73.450	73.885	5
2025-06-17 02:00	73.880	74.055	73.615	73.740	5
2025-06-17 02:05	73.730	73.850	73.630	73.670	5
2025-06-17 02:10	73.675	74.250	73.620	74.195	5
2025-06-17 02:15	74.165	74.517	74.070	74.355	5
2025-06-17 02:20	74.320	74.395	74.170	74.360	5
2025-06-17 02:25	74.340	74.710	74.340	74.520	5
2025-06-17 02:30	74.505	74.535	74.185	74.205	5
2025-06-17 02:35	74.200	74.495	74.200	74.420	5
2025-06-17 02:40	74.410	74.595	74.315	74.445	5
2025-06-17 02:45	74.450	74.505	74.310	74.350	5
2025-06-17 02:50	74.355	74.380	73.493	73.820	5
2025-06-17 02:55	73.810	73.950	73.720	73.925	5
2025-06-17 03:00	73.915	73.995	73.770	73.935	5
2025-06-17 03:05	73.947	73.970	73.690	73.735	5
2025-06-17 03:10	73.720	73.745	73.460	73.490	5
2025-06-17 03:15	73.500	73.540	73.390	73.420	5
2025-06-17 03:20	73.430	73.565	73.360	73.460	5
2025-06-17 03:25	73.465	73.625	73.450	73.575	5
2025-06-17 03:30	73.580	73.585	73.440	73.490	5
2025-06-17 03:35	73.505	73.565	73.490	73.545	5
2025-06-17 03:40	73.540	73.565	73.510	73.540	5
2025-06-17 03:45	73.530	73.545	73.420	73.430	5
2025-06-17 03:50	73.445	73.475	73.410	73.410	5
2025-06-17 03:55	73.415	73.510	73.415	73.490	5
2025-06-17 04:00	73.495	73.560	73.495	73.550	5
2025-06-17 04:05	73.560	73.600	73.535	73.570	5
2025-06-17 04:10	73.565	73.580	73.510	73.535	5
2025-06-17 04:15	73.530	73.670	73.530	73.620	5
2025-06-17 04:20	73.625	73.630	73.560	73.560	5
2025-06-17 04:25	73.565	73.615	73.550	73.605	5
2025-06-17 04:30	73.600	73.650	73.570	73.640	5
2025-06-17 04:35	73.645	73.675	73.530	73.540	5
2025-06-17 04:40	73.535	73.670	73.530	73.620	5
2025-06-17 04:45	73.610	73.750	73.560	73.740	5
2025-06-17 04:50	73.735	73.815	73.693	73.800	5
2025-06-17 04:55	73.810	73.835	73.785	73.800	5
2025-06-17 05:00	73.790	73.830	73.710	73.710	5
2025-06-17 05:05	73.720	73.750	73.705	73.730	5
2025-06-17 05:10	73.720	73.815	73.710	73.750	5
2025-06-17 05:15	73.740	73.860	73.730	73.800	5
2025-06-17 05:20	73.820	73.895	73.780	73.830	5
2025-06-17 05:25	73.840	73.900	73.830	73.860	5
2025-06-17 05:30	73.840	73.880	73.760	73.850	5
2025-06-17 05:35	73.840	73.975	73.825	73.960	5
2025-06-17 05:40	73.970	73.970	73.750	73.810	5
2025-06-17 05:45	73.795	73.860	73.755	73.785	5
2025-06-17 05:50	73.790	73.790	73.535	73.550	5
2025-06-17 05:55	73.560	73.660	73.493	73.600	5
2025-06-17 06:00	73.550	73.590	73.355	73.405	5
2025-06-17 06:05	73.430	73.560	73.400	73.545	5
2025-06-17 06:10	73.550	73.610	73.385	73.445	5
2025-06-17 06:15	73.435	73.492	73.355	73.470	5
2025-06-17 06:20	73.465	73.475	73.400	73.445	5
2025-06-17 06:25	73.450	73.480	73.265	73.400	5
2025-06-17 06:30	73.405	73.430	72.907	73.000	5
2025-06-17 06:35	72.995	73.060	72.635	72.920	5
2025-06-17 06:40	72.925	73.030	72.875	72.885	5
2025-06-17 06:45	72.875	73.050	72.875	72.970	5
2025-06-17 06:50	72.985	73.050	72.845	72.860	5
2025-06-17 06:55	72.855	72.885	72.710	72.825	5
2025-06-17 07:00	72.830	73.130	72.830	73.080	5
2025-06-17 07:05	73.050	73.345	73.040	73.265	5
2025-06-17 07:10	73.245	73.360	73.205	73.355	5
2025-06-17 07:15	73.350	73.760	73.310	73.750	5
2025-06-17 07:20	73.760	73.855	73.710	73.740	5
2025-06-17 07:25	73.735	73.755	73.605	73.685	5
2025-06-17 07:30	73.690	74.085	73.680	74.050	5
2025-06-17 07:35	74.045	74.220	74.013	74.200	5
2025-06-17 07:40	74.195	74.415	74.195	74.400	5
2025-06-17 07:45	74.410	74.460	74.190	74.215	5
2025-06-17 07:50	74.220	74.260	73.885	73.935	5
2025-06-17 07:55	73.930	74.160	73.915	74.090	5
2025-06-17 08:00	74.145	74.265	74.065	74.220	5
2025-06-17 08:05	74.225	74.265	74.075	74.200	5
2025-06-17 08:10	74.205	74.355	74.125	74.255	5
2025-06-17 08:15	74.270	74.310	73.960	73.965	5
2025-06-17 08:20	73.970	74.075	73.925	74.060	5
2025-06-17 08:25	74.065	74.130	73.985	74.045	5
2025-06-17 08:30	74.035	74.302	74.025	74.145	5
2025-06-17 08:35	74.150	74.160	73.935	73.985	5
2025-06-17 08:40	73.980	74.195	73.980	74.165	5
2025-06-17 08:45	74.160	74.165	73.945	74.065	5
2025-06-17 08:50	74.070	74.150	73.683	74.010	5
2025-06-17 08:55	74.015	74.300	73.930	74.215	5
2025-06-17 09:00	74.225	74.360	73.895	74.010	5
2025-06-17 09:05	73.995	74.160	73.960	74.145	5
2025-06-17 09:10	74.140	74.310	74.135	74.275	5
2025-06-17 09:15	74.285	74.285	74.100	74.210	5
2025-06-17 09:20	74.195	74.450	74.180	74.300	5
2025-06-17 09:25	74.295	74.310	74.145	74.205	5
2025-06-17 09:30	74.215	74.360	74.110	74.280	5
2025-06-17 09:35	74.275	74.430	74.205	74.405	5
2025-06-17 09:40	74.390	74.525	74.325	74.435	5
2025-06-17 09:45	74.445	74.540	74.390	74.430	5
2025-06-17 09:50	74.420	74.465	74.380	74.455	5
2025-06-17 09:55	74.445	74.500	74.305	74.350	5
2025-06-17 10:00	74.335	74.400	74.205	74.245	5
2025-06-17 10:05	74.255	74.310	74.235	74.255	5
2025-06-17 10:10	74.245	74.455	74.240	74.445	5
2025-06-17 10:15	74.455	74.540	74.425	74.455	5
2025-06-17 10:20	74.450	74.535	74.405	74.465	5
2025-06-17 10:25	74.460	74.515	74.345	74.455	5
2025-06-17 10:30	74.460	74.565	74.435	74.480	5
2025-06-17 10:35	74.475	74.685	74.445	74.650	5
2025-06-17 10:40	74.645	74.710	74.545	74.545	5
2025-06-17 10:45	74.535	74.655	74.440	74.650	5
2025-06-17 10:50	74.660	74.665	74.535	74.625	5
2025-06-17 10:55	74.620	74.675	74.535	74.535	5
2025-06-17 11:00	74.515	74.615	74.356	74.490	5
2025-06-17 11:05	74.495	74.725	74.440	74.680	5
2025-06-17 11:10	74.675	74.690	74.565	74.570	5
2025-06-17 11:15	74.575	74.745	74.565	74.685	5
2025-06-17 11:20	74.680	74.830	74.680	74.720	5
2025-06-17 11:25	74.725	74.940	74.680	74.915	5
2025-06-17 11:30	74.930	74.975	74.615	74.645	5
2025-06-17 11:35	74.650	74.765	74.590	74.710	5
2025-06-17 11:40	74.715	74.725	74.615	74.720	5
2025-06-17 11:45	74.730	74.775	74.635	74.700	5
2025-06-17 11:50	74.695	74.885	74.695	74.815	5
2025-06-17 11:55	74.810	74.835	74.780	74.795	5
2025-06-17 12:00	74.800	74.870	74.715	74.820	5
2025-06-17 12:05	74.825	74.885	74.810	74.880	5
2025-06-17 12:10	74.885	74.975	74.835	74.935	5
2025-06-17 12:15	74.940	74.965	74.895	74.945	5
2025-06-17 12:20	74.940	74.955	74.700	74.750	5
2025-06-17 12:25	74.745	74.840	74.730	74.790	5
2025-06-17 12:30	74.785	74.810	74.515	74.540	5
2025-06-17 12:35	74.545	74.585	74.435	74.555	5
2025-06-17 12:40	74.560	74.580	74.235	74.275	5
2025-06-17 12:45	74.280	74.480	74.235	74.475	5
2025-06-17 12:50	74.460	74.545	74.440	74.495	5
2025-06-17 12:55	74.485	74.565	74.420	74.520	5
2025-06-17 13:00	74.525	74.525	74.050	74.400	5
2025-06-17 13:05	74.405	74.775	74.405	74.720	5
2025-06-17 13:10	74.725	74.775	74.605	74.680	5
2025-06-17 13:15	74.685	74.725	74.530	74.660	5
2025-06-17 13:20	74.665	74.695	74.540	74.580	5
2025-06-17 13:25	74.575	74.670	74.555	74.615	5
2025-06-17 13:30	74.620	74.620	74.280	74.435	5
2025-06-17 13:35	74.430	74.660	74.370	74.625	5
2025-06-17 13:40	74.615	75.040	74.540	74.935	5
2025-06-17 13:45	74.925	75.195	74.915	75.135	5
2025-06-17 13:50	75.140	75.430	75.140	75.415	5
2025-06-17 13:55	75.400	75.425	75.240	75.245	5
2025-06-17 14:00	75.235	75.275	74.885	74.950	5
2025-06-17 14:05	74.940	75.105	74.880	75.100	5
2025-06-17 14:10	75.090	75.105	74.965	75.040	5
2025-06-17 14:15	75.045	75.115	74.970	75.080	5
2025-06-17 14:20	75.085	75.310	74.955	75.245	5
2025-06-17 14:25	75.230	75.375	75.215	75.355	5
2025-06-17 14:30	75.360	75.360	75.205	75.245	5
2025-06-17 14:35	75.250	75.365	75.210	75.360	5
2025-06-17 14:40	75.365	75.585	75.320	75.555	5
2025-06-17 14:45	75.560	75.620	75.435	75.615	5
2025-06-17 14:50	75.620	75.645	75.080	75.235	5
2025-06-17 14:55	75.240	75.300	75.060	75.075	5
2025-06-17 15:00	75.090	75.210	74.865	75.150	5
2025-06-17 15:05	75.155	75.485	75.115	75.435	5
2025-06-17 15:10	75.445	75.470	75.190	75.250	5
2025-06-17 15:15	75.245	75.435	75.225	75.350	5
2025-06-17 15:20	75.345	75.375	75.205	75.270	5
2025-06-17 15:25	75.275	75.520	75.245	75.410	5
2025-06-17 15:30	75.400	75.475	75.295	75.320	5
2025-06-17 15:35	75.325	75.325	74.785	74.820	5
2025-06-17 15:40	74.815	74.830	74.610	74.765	5
2025-06-17 15:45	74.770	74.835	74.725	74.750	5
2025-06-17 15:50	74.755	74.995	74.745	74.955	5
2025-06-17 15:55	74.950	75.230	74.928	75.085	5
2025-06-17 16:00	75.080	75.255	75.065	75.085	5
2025-06-17 16:05	75.095	75.355	74.828	74.970	5
2025-06-17 16:10	74.960	75.075	74.910	75.065	5
2025-06-17 16:15	75.045	75.365	75.035	75.360	5
2025-06-17 16:20	75.350	75.350	75.175	75.300	5
2025-06-17 16:25	75.295	75.315	75.188	75.270	5
2025-06-17 16:30	75.280	75.345	75.115	75.125	5
2025-06-17 16:35	75.120	75.175	75.040	75.130	5
2025-06-17 16:40	75.135	75.792	75.103	75.290	5
2025-06-17 16:45	75.285	75.455	75.000	75.415	5
2025-06-17 16:50	75.405	75.420	75.195	75.300	5
2025-06-17 16:55	75.305	75.645	75.300	75.365	5
2025-06-17 17:00	75.345	75.490	75.345	75.395	5
2025-06-17 17:05	75.405	75.415	75.250	75.390	5
2025-06-17 17:10	75.385	75.615	75.340	75.510	5
2025-06-17 17:15	75.500	75.560	75.440	75.525	5
2025-06-17 17:20	75.520	75.735	75.510	75.660	5
2025-06-17 17:25	75.655	75.685	75.600	75.620	5
2025-06-17 17:30	75.615	75.745	75.585	75.700	5
2025-06-17 17:35	75.710	75.785	75.640	75.785	5
2025-06-17 17:40	75.780	75.935	75.715	75.915	5
2025-06-17 17:45	75.920	76.100	75.908	76.075	5
2025-06-17 17:50	76.070	76.075	75.770	75.845	5
2025-06-17 17:55	75.830	75.980	75.750	75.980	5
2025-06-17 18:00	75.975	76.020	75.878	75.985	5
2025-06-17 18:05	75.990	76.140	75.945	76.070	5
2025-06-17 18:10	76.075	76.190	76.030	76.190	5
2025-06-17 18:15	76.185	76.425	76.160	76.410	5
2025-06-17 18:20	76.395	76.625	76.370	76.590	5
2025-06-17 18:25	76.595	76.660	76.330	76.390	5
2025-06-17 18:30	76.395	76.585	76.360	76.540	5
2025-06-17 18:35	76.530	76.625	76.440	76.615	5
2025-06-17 18:40	76.610	76.630	76.535	76.545	5
2025-06-17 18:45	76.550	76.860	76.535	76.760	5
2025-06-17 18:50	76.755	76.885	76.730	76.845	5
2025-06-17 18:55	76.850	76.860	76.605	76.730	5
2025-06-17 19:00	76.735	76.740	76.570	76.720	5
2025-06-17 19:05	76.725	76.845	76.720	76.845	5
2025-06-17 19:10	76.805	76.860	76.770	76.775	5
2025-06-17 19:15	76.780	76.800	76.580	76.600	5
2025-06-17 19:20	76.605	76.660	76.445	76.450	5
2025-06-17 19:25	76.445	76.460	76.365	76.435	5
2025-06-17 19:30	76.445	76.505	76.335	76.425	5
2025-06-17 19:35	76.440	76.440	76.225	76.260	5
2025-06-17 19:40	76.255	76.335	76.200	76.300	5
2025-06-17 19:45	76.295	76.300	76.250	76.295	5
2025-06-17 19:50	76.280	76.285	76.185	76.210	5
2025-06-17 19:55	76.200	76.885	76.195	76.450	5
2025-06-17 20:00	76.445	76.722	76.372	76.692	5
2025-06-17 20:05	76.687	76.732	76.647	76.677	5
2025-06-17 20:10	76.682	76.682	76.517	76.557	5
2025-06-17 20:15	76.562	76.572	76.402	76.417	5
2025-06-17 20:20	76.427	76.427	76.317	76.347	5
2025-06-17 20:25	76.342	76.392	76.287	76.372	5
2025-06-17 20:30	76.352	76.537	76.322	76.437	5
2025-06-17 20:35	76.427	76.587	76.422	76.562	5
2025-06-17 20:40	76.572	76.652	76.522	76.562	5
2025-06-17 20:45	76.572	76.767	76.567	76.737	5
2025-06-17 20:50	76.687	76.872	76.582	76.857	5
2025-06-17 20:55	76.867	77.072	76.862	76.867	5
2025-06-18 00:00	76.870	76.980	76.520	76.680	5
2025-06-18 00:05	76.695	76.750	76.620	76.640	5
2025-06-18 00:10	76.625	76.650	76.500	76.590	5
2025-06-18 00:15	76.600	76.620	76.415	76.530	5
2025-06-18 00:20	76.525	76.560	76.490	76.535	5
2025-06-18 00:25	76.545	76.650	76.545	76.610	5
2025-06-18 00:30	76.600	76.615	76.490	76.545	5
2025-06-18 00:35	76.550	76.640	76.550	76.610	5
2025-06-18 00:40	76.600	76.690	76.580	76.670	5
2025-06-18 00:45	76.660	76.770	76.650	76.770	5
2025-06-18 00:50	76.760	76.805	76.690	76.690	5
2025-06-18 00:55	76.715	76.770	76.660	76.670	5
2025-06-18 01:00	76.665	76.685	76.235	76.340	5
2025-06-18 01:05	76.360	76.470	76.290	76.360	5
2025-06-18 01:10	76.365	76.410	76.300	76.320	5
2025-06-18 01:15	76.335	76.455	76.335	76.410	5
2025-06-18 01:20	76.405	76.415	76.300	76.390	5
2025-06-18 01:25	76.385	76.390	76.245	76.330	5
2025-06-18 01:30	76.340	76.510	76.335	76.470	5
2025-06-18 01:35	76.480	76.535	76.445	76.470	5
2025-06-18 01:40	76.465	76.480	76.340	76.340	5
2025-06-18 01:45	76.335	76.440	76.335	76.440	5
2025-06-18 01:50	76.430	76.465	76.360	76.370	5
2025-06-18 01:55	76.380	76.410	76.320	76.325	5
2025-06-18 02:00	76.320	76.330	76.230	76.320	5
2025-06-18 02:05	76.310	76.410	76.310	76.405	5
2025-06-18 02:10	76.395	76.430	76.365	76.400	5
2025-06-18 02:15	76.395	76.460	76.340	76.390	5
2025-06-18 02:20	76.400	76.400	76.300	76.300	5
2025-06-18 02:25	76.310	76.345	76.290	76.300	5
2025-06-18 02:30	76.310	76.390	76.295	76.370	5
2025-06-18 02:35	76.355	76.420	76.355	76.380	5
2025-06-18 02:40	76.375	76.405	76.350	76.400	5
2025-06-18 02:45	76.395	76.420	76.335	76.360	5
2025-06-18 02:50	76.370	76.415	76.355	76.415	5
2025-06-18 02:55	76.420	76.790	76.410	76.765	5
2025-06-18 03:00	76.740	76.740	76.515	76.575	5
2025-06-18 03:05	76.600	76.790	76.580	76.790	5
2025-06-18 03:10	76.785	76.815	76.720	76.805	5
2025-06-18 03:15	76.795	76.870	76.760	76.775	5
2025-06-18 03:20	76.765	76.845	76.730	76.760	5
2025-06-18 03:25	76.740	76.780	76.660	76.780	5
2025-06-18 03:30	76.770	76.785	76.740	76.765	5
2025-06-18 03:35	76.755	76.770	76.695	76.710	5
2025-06-18 03:40	76.705	76.785	76.685	76.700	5
2025-06-18 03:45	76.695	76.720	76.610	76.690	5
2025-06-18 03:50	76.670	76.760	76.665	76.760	5
2025-06-18 03:55	76.740	76.780	76.730	76.750	5
2025-06-18 04:00	76.755	76.780	76.750	76.770	5
2025-06-18 04:05	76.780	76.795	76.685	76.710	5
2025-06-18 04:10	76.715	76.730	76.690	76.700	5
2025-06-18 04:15	76.653	76.690	76.625	76.650	5
2025-06-18 04:20	76.660	76.680	76.640	76.655	5
2025-06-18 04:25	76.670	76.725	76.665	76.720	5
2025-06-18 04:30	76.725	76.855	76.725	76.790	5
2025-06-18 04:35	76.785	76.785	76.680	76.710	5
2025-06-18 04:40	76.700	76.710	76.650	76.650	5
2025-06-18 04:45	76.645	76.670	76.595	76.605	5
2025-06-18 04:50	76.610	76.645	76.500	76.530	5
2025-06-18 04:55	76.495	76.530	76.465	76.480	5
2025-06-18 05:00	76.485	76.510	76.325	76.350	5
2025-06-18 05:05	76.360	76.360	76.275	76.335	5
2025-06-18 05:10	76.350	76.350	76.230	76.290	5
2025-06-18 05:15	76.270	76.275	76.029	76.070	5
2025-06-18 05:20	76.065	76.130	75.880	75.980	5
2025-06-18 05:25	75.975	76.100	75.975	76.100	5
2025-06-18 05:30	76.105	76.160	75.995	76.120	5
2025-06-18 05:35	76.115	76.375	76.110	76.290	5
2025-06-18 05:40	76.285	76.420	76.285	76.330	5
2025-06-18 05:45	76.340	76.360	76.285	76.290	5
2025-06-18 05:50	76.285	76.475	76.275	76.310	5
2025-06-18 05:55	76.305	76.415	76.285	76.390	5
2025-06-18 06:00	76.395	76.550	76.080	76.120	5
2025-06-18 06:05	76.115	76.195	76.005	76.060	5
2025-06-18 06:10	76.070	76.145	75.785	75.900	5
2025-06-18 06:15	75.890	76.020	75.875	75.930	5
2025-06-18 06:20	75.935	76.095	75.873	76.020	5
2025-06-18 06:25	76.025	76.070	75.845	75.855	5
2025-06-18 06:30	75.845	75.935	75.810	75.890	5
2025-06-18 06:35	75.885	76.035	75.885	76.035	5
2025-06-18 06:40	76.045	76.235	76.010	76.235	5
2025-06-18 06:45	76.240	76.425	76.210	76.260	5
2025-06-18 06:50	76.250	76.345	76.200	76.240	5
2025-06-18 06:55	76.235	76.380	76.200	76.345	5
2025-06-18 07:00	76.335	76.475	76.320	76.340	5
2025-06-18 07:05	76.335	76.395	76.120	76.200	5
2025-06-18 07:10	76.195	76.240	76.040	76.065	5
2025-06-18 07:15	76.070	76.170	76.030	76.115	5
2025-06-18 07:20	76.130	76.145	76.075	76.130	5
2025-06-18 07:25	76.125	76.125	76.025	76.105	5
2025-06-18 07:30	76.110	76.235	76.055	76.055	5
2025-06-18 07:35	76.050	76.055	75.910	75.925	5
2025-06-18 07:40	75.935	76.035	75.840	75.860	5
2025-06-18 07:45	75.845	76.005	75.815	76.000	5
2025-06-18 07:50	76.005	76.305	75.925	76.185	5
2025-06-18 07:55	76.180	76.250	75.940	76.040	5
2025-06-18 08:00	76.065	76.125	75.885	75.950	5
2025-06-18 08:05	75.955	76.015	75.865	75.950	5
2025-06-18 08:10	75.955	76.070	75.955	76.010	5
2025-06-18 08:15	76.005	76.170	75.943	76.125	5
2025-06-18 08:20	76.120	76.255	76.075	76.190	5
2025-06-18 08:25	76.205	76.360	75.983	76.095	5
2025-06-18 08:30	76.065	76.290	76.065	76.230	5
2025-06-18 08:35	76.235	76.245	76.095	76.120	5
2025-06-18 08:40	76.125	76.135	75.950	75.965	5
2025-06-18 08:45	75.975	76.075	75.935	75.980	5
2025-06-18 08:50	75.975	75.990	75.465	75.475	5
2025-06-18 08:55	75.490	75.635	75.465	75.540	5
2025-06-18 09:00	75.535	75.555	75.305	75.345	5
2025-06-18 09:05	75.335	75.595	75.335	75.540	5
2025-06-18 09:10	75.515	75.570	75.395	75.475	5
2025-06-18 09:15	75.470	75.540	75.295	75.430	5
2025-06-18 09:20	75.450	75.635	75.375	75.505	5
2025-06-18 09:25	75.510	75.520	75.390	75.440	5
2025-06-18 09:30	75.435	75.700	75.410	75.600	5
2025-06-18 09:35	75.615	75.655	75.525	75.590	5
2025-06-18 09:40	75.595	75.680	75.595	75.615	5
2025-06-18 09:45	75.610	75.655	75.565	75.580	5
2025-06-18 09:50	75.570	75.595	75.300	75.545	5
2025-06-18 09:55	75.540	75.795	75.530	75.780	5
2025-06-18 10:00	75.785	76.080	75.745	75.845	5
2025-06-18 10:05	75.835	75.965	75.770	75.965	5
2025-06-18 10:10	75.990	76.390	75.955	76.240	5
2025-06-18 10:15	76.235	76.235	76.060	76.185	5
2025-06-18 10:20	76.195	76.362	76.165	76.190	5
2025-06-18 10:25	76.200	76.215	76.105	76.155	5
2025-06-18 10:30	76.160	76.730	76.085	76.680	5
2025-06-18 10:35	76.665	76.745	76.420	76.465	5
2025-06-18 10:40	76.460	76.495	76.285	76.455	5
2025-06-18 10:45	76.460	76.480	76.090	76.235	5
2025-06-18 10:50	76.225	76.365	76.125	76.345	5
2025-06-18 10:55	76.350	76.645	76.320	76.555	5
2025-06-18 11:00	76.525	76.720	76.430	76.500	5
2025-06-18 11:05	76.505	76.575	76.440	76.555	5
2025-06-18 11:10	76.550	76.595	76.405	76.415	5
2025-06-18 11:15	76.410	76.615	76.365	76.615	5
2025-06-18 11:20	76.610	76.685	76.595	76.680	5
2025-06-18 11:25	76.695	76.735	76.620	76.705	5
2025-06-18 11:30	76.715	76.815	76.673	76.730	5
2025-06-18 11:35	76.705	76.720	76.620	76.720	5
2025-06-18 11:40	76.725	76.770	76.435	76.460	5
2025-06-18 11:45	76.465	76.475	76.355	76.430	5
2025-06-18 11:50	76.435	76.520	76.395	76.475	5
2025-06-18 11:55	76.470	76.535	76.280	76.535	5
2025-06-18 12:00	76.545	76.635	76.445	76.560	5
2025-06-18 12:05	76.570	76.735	76.530	76.620	5
2025-06-18 12:10	76.615	76.745	76.560	76.590	5
2025-06-18 12:15	76.595	76.705	76.535	76.695	5
2025-06-18 12:20	76.690	76.740	76.618	76.665	5
2025-06-18 12:25	76.660	76.700	76.590	76.665	5
2025-06-18 12:30	76.670	76.730	76.515	76.700	5
2025-06-18 12:35	76.695	76.865	76.695	76.815	5
2025-06-18 12:40	76.825	76.915	76.760	76.805	5
2025-06-18 12:45	76.795	76.855	76.730	76.740	5
2025-06-18 12:50	76.745	76.765	76.635	76.655	5
2025-06-18 12:55	76.665	76.730	76.580	76.650	5
2025-06-18 13:00	76.655	76.835	76.625	76.795	5
2025-06-18 13:05	76.800	76.815	76.575	76.645	5
2025-06-18 13:10	76.635	76.835	76.585	76.805	5
2025-06-18 13:15	76.815	76.835	76.620	76.645	5
2025-06-18 13:20	76.650	76.720	76.595	76.670	5
2025-06-18 13:25	76.665	77.135	76.635	77.105	5
2025-06-18 13:30	77.115	77.405	77.080	77.305	5
2025-06-18 13:35	77.310	77.425	76.850	76.885	5
2025-06-18 13:40	76.880	77.110	76.700	77.040	5
2025-06-18 13:45	77.045	77.205	77.035	77.200	5
2025-06-18 13:50	77.205	77.240	77.095	77.215	5
2025-06-18 13:55	77.230	77.375	77.195	77.310	5
2025-06-18 14:00	77.315	77.355	75.795	76.245	5
2025-06-18 14:05	76.250	76.570	75.510	75.900	5
2025-06-18 14:10	75.843	76.030	75.505	75.595	5
2025-06-18 14:15	75.600	75.660	75.043	75.315	5
2025-06-18 14:20	75.325	75.375	74.557	75.120	5
2025-06-18 14:25	75.125	75.370	75.090	75.207	5
2025-06-18 14:30	75.197	75.605	74.835	74.905	5
2025-06-18 14:35	74.910	75.075	74.425	75.010	5
2025-06-18 14:40	75.000	75.170	74.685	75.030	5
2025-06-18 14:45	75.040	75.320	74.840	75.060	5
2025-06-18 14:50	75.065	75.265	74.995	75.215	5
2025-06-18 14:55	75.220	75.405	75.095	75.120	5
2025-06-18 15:00	75.125	75.285	75.085	75.235	5
2025-06-18 15:05	75.210	75.320	75.065	75.300	5
2025-06-18 15:10	75.290	75.350	75.015	75.020	5
2025-06-18 15:15	75.015	75.075	74.800	75.010	5
2025-06-18 15:20	75.000	75.210	74.915	75.120	5
2025-06-18 15:25	75.125	75.200	74.930	75.150	5
2025-06-18 15:30	75.140	75.325	75.045	75.255	5
2025-06-18 15:35	75.245	75.315	75.210	75.265	5
2025-06-18 15:40	75.260	75.500	75.193	75.290	5
2025-06-18 15:45	75.295	75.535	75.285	75.395	5
2025-06-18 15:50	75.385	75.425	75.190	75.260	5
2025-06-18 15:55	75.265	75.755	75.220	75.480	5
2025-06-18 16:00	75.475	75.710	75.385	75.475	5
2025-06-18 16:05	75.470	75.505	75.018	75.210	5
2025-06-18 16:10	75.215	75.550	75.205	75.490	5
2025-06-18 16:15	75.480	75.625	75.435	75.555	5
2025-06-18 16:20	75.530	75.575	75.485	75.495	5
2025-06-18 16:25	75.490	75.755	75.450	75.745	5
2025-06-18 16:30	75.755	75.840	75.650	75.745	5
2025-06-18 16:35	75.720	75.760	75.490	75.755	5
2025-06-18 16:40	75.750	75.770	75.595	75.620	5
2025-06-18 16:45	75.625	75.765	75.615	75.680	5
2025-06-18 16:50	75.685	75.865	75.675	75.845	5
2025-06-18 16:55	75.840	75.975	75.840	75.965	5
2025-06-18 17:00	75.955	76.115	75.915	76.105	5
2025-06-18 17:05	76.110	76.295	76.060	76.235	5
2025-06-18 17:10	76.225	76.295	76.210	76.235	5
2025-06-18 17:15	76.230	76.280	76.115	76.210	5
2025-06-18 17:20	76.240	76.565	76.240	76.470	5
2025-06-18 17:25	76.465	76.510	76.370	76.400	5
2025-06-18 17:30	76.405	76.425	76.230	76.295	5
2025-06-18 17:35	76.300	76.360	76.220	76.275	5
2025-06-18 17:40	76.270	76.295	76.205	76.285	5
2025-06-18 17:45	76.280	76.285	76.115	76.155	5
2025-06-18 17:50	76.160	76.275	76.155	76.215	5
2025-06-18 17:55	76.200	76.335	76.185	76.295	5
2025-06-18 18:00	76.290	76.455	76.170	76.275	5
2025-06-18 18:05	76.260	76.555	76.235	76.435	5
2025-06-18 18:10	76.440	76.525	76.370	76.475	5
2025-06-18 18:15	76.490	76.680	76.465	76.635	5
2025-06-18 18:20	76.640	76.650	76.455	76.510	5
2025-06-18 18:25	76.505	76.755	76.345	76.710	5
2025-06-18 18:30	76.705	76.795	76.620	76.680	5
2025-06-18 18:35	76.685	76.790	76.618	76.775	5
2025-06-18 18:40	76.780	76.875	76.720	76.730	5
2025-06-18 18:45	76.725	76.740	76.635	76.660	5
2025-06-18 18:50	76.665	76.680	76.613	76.680	5
2025-06-18 18:55	76.690	76.785	76.690	76.720	5
2025-06-18 19:00	76.715	76.715	76.638	76.710	5
2025-06-18 19:05	76.700	76.760	76.680	76.700	5
2025-06-18 19:10	76.690	77.055	75.380	75.820	5
2025-06-18 19:15	75.815	76.440	75.790	76.095	5
2025-06-18 19:20	76.090	76.200	75.628	76.145	5
2025-06-18 19:25	76.130	76.290	76.075	76.160	5
2025-06-18 19:30	76.165	76.380	76.138	76.340	5
2025-06-18 19:35	76.345	76.410	75.940	76.360	5
2025-06-18 19:40	76.380	76.440	76.310	76.390	5
2025-06-18 19:45	76.370	76.430	76.320	76.330	5
2025-06-18 19:50	76.320	76.385	76.310	76.355	5
2025-06-18 19:55	76.360	76.380	76.240	76.310	5
2025-06-18 20:00	76.268	76.337	76.192	76.327	5
2025-06-18 20:05	76.322	76.487	76.317	76.477	5
2025-06-18 20:10	76.487	76.517	76.417	76.427	5
2025-06-18 20:15	76.417	76.417	76.347	76.367	5
2025-06-18 20:20	76.377	76.377	76.277	76.347	5
2025-06-18 20:25	76.357	76.442	76.347	76.427	5
2025-06-18 20:30	76.422	76.637	76.392	76.442	5
2025-06-18 20:35	76.447	76.507	76.267	76.267	5
2025-06-18 20:40	76.287	76.307	76.252	76.277	5
2025-06-18 20:45	76.272	76.272	76.057	76.117	5
2025-06-18 20:50	76.122	76.267	76.112	76.257	5
2025-06-18 20:55	76.252	76.257	76.167	76.217	5
2025-06-19 00:00	76.457	76.515	76.310	76.315	5
2025-06-19 00:05	76.310	76.415	76.250	76.295	5
2025-06-19 00:10	76.300	76.325	76.205	76.220	5
2025-06-19 00:15	76.230	76.235	76.095	76.110	5
2025-06-19 00:20	76.115	76.250	76.115	76.250	5
2025-06-19 00:25	76.240	76.240	76.058	76.175	5
2025-06-19 00:30	76.160	76.200	76.130	76.130	5
2025-06-19 00:35	76.125	76.185	76.125	76.160	5
2025-06-19 00:40	76.190	76.190	76.135	76.140	5
2025-06-19 00:45	76.150	76.155	76.070	76.130	5
2025-06-19 00:50	76.083	76.135	76.020	76.030	5
2025-06-19 00:55	76.025	76.030	75.865	75.920	5
2025-06-19 01:00	75.925	76.385	75.650	76.337	5
2025-06-19 01:05	76.347	76.770	76.180	76.255	5
2025-06-19 01:10	76.265	76.380	76.220	76.260	5
2025-06-19 01:15	76.295	76.450	76.100	76.160	5
2025-06-19 01:20	76.170	76.255	76.040	76.200	5
2025-06-19 01:25	76.220	76.340	76.210	76.280	5
2025-06-19 01:30	76.275	76.360	76.270	76.330	5
2025-06-19 01:35	76.335	76.450	76.335	76.350	5
2025-06-19 01:40	76.365	76.440	76.360	76.380	5
2025-06-19 01:45	76.400	76.480	76.385	76.430	5
2025-06-19 01:50	76.440	76.450	76.335	76.370	5
2025-06-19 01:55	76.385	76.400	76.240	76.265	5
2025-06-19 02:00	76.255	76.355	76.175	76.290	5
2025-06-19 02:05	76.270	76.390	76.255	76.340	5
2025-06-19 02:10	76.360	76.395	76.315	76.350	5
2025-06-19 02:15	76.355	76.370	76.213	76.330	5
2025-06-19 02:20	76.320	76.320	76.190	76.225	5
2025-06-19 02:25	76.230	76.305	76.210	76.300	5
2025-06-19 02:30	76.310	76.405	76.275	76.310	5
2025-06-19 02:35	76.300	76.435	76.260	76.410	5
2025-06-19 02:40	76.400	76.605	76.400	76.530	5
2025-06-19 02:45	76.520	76.540	76.430	76.440	5
2025-06-19 02:50	76.445	76.525	76.425	76.480	5
2025-06-19 02:55	76.475	76.510	76.410	76.490	5
2025-06-19 03:00	76.500	76.550	76.455	76.520	5
2025-06-19 03:05	76.510	76.535	76.465	76.500	5
2025-06-19 03:10	76.510	76.535	76.490	76.530	5
2025-06-19 03:15	76.535	76.535	76.505	76.530	5
2025-06-19 03:20	76.535	76.535	76.420	76.430	5
2025-06-19 03:25	76.420	76.460	76.380	76.420	5
2025-06-19 03:30	76.410	76.490	76.410	76.480	5
2025-06-19 03:35	76.475	76.530	76.460	76.480	5
2025-06-19 03:40	76.485	76.530	76.485	76.510	5
2025-06-19 03:45	76.505	76.510	76.453	76.490	5
2025-06-19 03:50	76.470	76.500	76.418	76.480	5
2025-06-19 03:55	76.475	76.500	76.450	76.470	5
2025-06-19 04:00	76.460	76.470	76.410	76.410	5
2025-06-19 04:05	76.400	76.400	76.345	76.390	5
2025-06-19 04:10	76.400	76.445	76.385	76.440	5
2025-06-19 04:15	76.450	76.495	76.440	76.490	5
2025-06-19 04:20	76.485	76.490	76.410	76.410	5
2025-06-19 04:25	76.405	76.405	76.365	76.385	5
2025-06-19 04:30	76.440	76.475	76.338	76.470	5
2025-06-19 04:35	76.475	76.490	76.415	76.430	5
2025-06-19 04:40	76.420	76.510	76.405	76.495	5
2025-06-19 04:45	76.500	76.515	76.470	76.480	5
2025-06-19 04:50	76.475	76.525	76.470	76.510	5
2025-06-19 04:55	76.515	76.575	76.515	76.550	5
2025-06-19 05:00	76.525	76.585	76.488	76.510	5
2025-06-19 05:05	76.520	76.540	76.515	76.530	5
2025-06-19 05:10	76.540	76.610	76.540	76.600	5
2025-06-19 05:15	76.605	76.625	76.590	76.605	5
2025-06-19 05:20	76.595	76.710	76.548	76.660	5
2025-06-19 05:25	76.670	76.930	76.670	76.815	5
2025-06-19 05:30	76.810	77.140	76.780	76.950	5
2025-06-19 05:35	76.945	76.950	76.760	76.895	5
2025-06-19 05:40	76.890	76.960	76.780	76.830	5
2025-06-19 05:45	76.825	76.830	76.685	76.780	5
2025-06-19 05:50	76.770	76.810	76.710	76.795	5
2025-06-19 05:55	76.800	76.810	76.770	76.780	5
2025-06-19 06:00	76.785	76.810	76.700	76.795	5
2025-06-19 06:05	76.790	76.820	76.710	76.790	5
2025-06-19 06:10	76.795	76.860	76.770	76.860	5
2025-06-19 06:15	76.870	76.895	76.820	76.840	5
2025-06-19 06:20	76.845	76.895	76.685	76.895	5
2025-06-19 06:25	76.885	77.010	76.810	77.000	5
2025-06-19 06:30	77.010	77.015	76.860	76.970	5
2025-06-19 06:35	76.960	76.975	76.860	76.890	5
2025-06-19 06:40	76.885	76.890	76.825	76.885	5
2025-06-19 06:45	76.895	77.190	76.875	77.180	5
2025-06-19 06:50	77.170	77.245	77.120	77.200	5
2025-06-19 06:55	77.215	77.485	77.200	77.485	5
2025-06-19 07:00	77.480	77.480	77.260	77.420	5
2025-06-19 07:05	77.430	77.635	77.410	77.550	5
2025-06-19 07:10	77.540	77.570	77.365	77.425	5
2025-06-19 07:15	77.430	77.480	77.310	77.340	5
2025-06-19 07:20	77.365	77.365	77.200	77.260	5
2025-06-19 07:25	77.255	77.325	77.210	77.320	5
2025-06-19 07:30	77.315	77.475	77.278	77.445	5
2025-06-19 07:35	77.450	77.465	77.325	77.405	5
2025-06-19 07:40	77.400	77.435	77.220	77.265	5
2025-06-19 07:45	77.270	77.370	77.250	77.270	5
2025-06-19 07:50	77.265	77.270	76.825	77.055	5
2025-06-19 07:55	77.030	77.090	76.965	77.060	5
2025-06-19 08:00	77.090	77.115	76.950	77.060	5
2025-06-19 08:05	77.065	77.115	76.960	77.105	5
2025-06-19 08:10	77.100	77.205	77.015	77.190	5
2025-06-19 08:15	77.195	77.240	77.070	77.085	5
2025-06-19 08:20	77.080	77.160	76.985	77.135	5
2025-06-19 08:25	77.120	77.130	76.905	77.095	5
2025-06-19 08:30	77.085	77.185	77.020	77.130	5
2025-06-19 08:35	77.135	77.225	77.010	77.045	5
2025-06-19 08:40	77.035	77.130	77.010	77.040	5
2025-06-19 08:45	77.035	77.035	76.805	76.825	5
2025-06-19 08:50	76.820	76.895	76.795	76.840	5
2025-06-19 08:55	76.835	76.985	76.830	76.925	5
2025-06-19 09:00	76.930	77.020	76.885	76.990	5
2025-06-19 09:05	76.985	77.010	76.930	76.970	5
2025-06-19 09:10	76.965	77.075	76.915	77.020	5
2025-06-19 09:15	77.000	77.155	76.985	77.080	5
2025-06-19 09:20	77.085	77.215	77.065	77.190	5
2025-06-19 09:25	77.180	77.220	77.115	77.125	5
2025-06-19 09:30	77.120	77.155	76.850	76.985	5
2025-06-19 09:35	76.990	76.990	76.721	76.935	5
2025-06-19 09:40	76.930	76.935	76.570	76.685	5
2025-06-19 09:45	76.680	76.940	76.640	76.905	5
2025-06-19 09:50	76.890	76.930	76.810	76.910	5
2025-06-19 09:55	76.905	76.930	76.800	76.815	5
2025-06-19 10:00	76.810	76.870	76.680	76.865	5
2025-06-19 10:05	76.860	76.965	76.825	76.950	5
2025-06-19 10:10	76.955	77.005	76.915	76.970	5
2025-06-19 10:15	76.965	77.025	76.875	76.965	5
2025-06-19 10:20	76.935	76.935	76.800	76.825	5
2025-06-19 10:25	76.830	77.135	76.800	77.020	5
2025-06-19 10:30	77.040	77.215	77.020	77.190	5
2025-06-19 10:35	77.195	77.215	77.140	77.190	5
2025-06-19 10:40	77.195	77.380	77.150	77.365	5
2025-06-19 10:45	77.380	77.390	77.315	77.365	5
2025-06-19 10:50	77.370	77.395	77.295	77.315	5
2025-06-19 10:55	77.325	77.385	77.305	77.345	5
2025-06-19 11:00	77.350	77.380	77.275	77.325	5
2025-06-19 11:05	77.330	77.460	77.290	77.450	5
2025-06-19 11:10	77.445	77.610	77.440	77.545	5
2025-06-19 11:15	77.555	77.615	77.530	77.530	5
2025-06-19 11:20	77.525	77.545	77.445	77.475	5
2025-06-19 11:25	77.460	77.535	77.385	77.530	5
2025-06-19 11:30	77.540	77.660	77.530	77.645	5
2025-06-19 11:35	77.655	77.700	77.540	77.595	5
2025-06-19 11:40	77.585	77.635	77.570	77.595	5
2025-06-19 11:45	77.600	77.675	77.565	77.660	5
2025-06-19 11:50	77.655	77.765	77.655	77.720	5
2025-06-19 11:55	77.725	77.765	77.710	77.735	5
2025-06-19 12:00	77.745	77.795	77.725	77.765	5
2025-06-19 12:05	77.760	77.785	77.570	77.595	5
2025-06-19 12:10	77.585	77.670	77.560	77.570	5
2025-06-19 12:15	77.565	77.700	77.530	77.670	5
2025-06-19 12:20	77.665	77.697	77.625	77.675	5
2025-06-19 12:25	77.670	77.757	77.625	77.630	5
2025-06-19 12:30	77.635	77.670	77.540	77.600	5
2025-06-19 12:35	77.605	77.740	77.575	77.690	5
2025-06-19 12:40	77.700	77.755	77.670	77.745	5
2025-06-19 12:45	77.750	77.755	77.560	77.600	5
2025-06-19 12:50	77.605	77.660	77.515	77.560	5
2025-06-19 12:55	77.550	77.595	77.515	77.570	5
2025-06-19 13:00	77.575	77.690	77.510	77.630	5
2025-06-19 13:05	77.640	77.695	77.455	77.645	5
2025-06-19 13:10	77.640	77.730	77.590	77.715	5
2025-06-19 13:15	77.710	77.735	77.600	77.630	5
2025-06-19 13:20	77.640	77.650	77.510	77.535	5
2025-06-19 13:25	77.530	77.555	77.480	77.535	5
2025-06-19 13:30	77.540	77.670	77.530	77.660	5
2025-06-19 13:35	77.665	78.045	77.630	78.035	5
2025-06-19 13:40	78.025	78.170	77.905	77.905	5
2025-06-19 13:45	77.895	78.275	77.895	78.175	5
2025-06-19 13:50	78.170	78.180	78.010	78.090	5
2025-06-19 13:55	78.085	78.115	77.920	77.930	5
2025-06-19 14:00	77.915	77.950	77.745	77.850	5
2025-06-19 14:05	77.845	77.895	77.800	77.855	5
2025-06-19 14:10	77.865	78.005	77.860	77.980	5
2025-06-19 14:15	77.975	78.160	77.975	78.115	5
2025-06-19 14:20	78.120	78.140	77.945	77.985	5
2025-06-19 14:25	78.010	78.280	78.010	78.260	5
2025-06-19 14:30	78.270	78.385	78.210	78.330	5
2025-06-19 14:35	78.320	78.445	78.248	78.330	5
2025-06-19 14:40	78.325	78.565	78.285	78.460	5
2025-06-19 14:45	78.455	78.575	78.425	78.490	5
2025-06-19 14:50	78.485	78.505	78.257	78.340	5
2025-06-19 14:55	78.330	78.460	78.300	78.450	5
2025-06-19 15:00	78.440	78.505	78.315	78.495	5
2025-06-19 15:05	78.500	78.975	78.375	78.800	5
2025-06-19 15:10	78.805	78.860	78.368	78.730	5
2025-06-19 15:15	78.725	78.860	78.600	78.680	5
2025-06-19 15:20	78.685	78.775	78.600	78.650	5
2025-06-19 15:25	78.655	79.010	78.650	78.770	5
2025-06-19 15:30	78.775	78.935	78.650	78.655	5
2025-06-19 15:35	78.645	78.745	78.410	78.410	5
2025-06-19 15:40	78.415	78.415	78.180	78.250	5
2025-06-19 15:45	78.245	78.295	77.805	78.235	5
2025-06-19 15:50	78.240	78.575	78.185	78.295	5
2025-06-19 15:55	78.300	78.710	78.283	78.330	5
2025-06-19 16:00	78.340	78.485	78.155	78.185	5
2025-06-19 16:05	78.190	78.340	78.145	78.310	5
2025-06-19 16:10	78.330	78.470	78.290	78.395	5
2025-06-19 16:15	78.400	78.440	78.170	78.175	5
2025-06-19 16:20	78.170	78.240	78.130	78.160	5
2025-06-19 16:25	78.145	78.170	78.090	78.165	5
2025-06-19 16:30	78.170	78.230	78.090	78.150	5
2025-06-19 16:35	78.160	78.400	78.138	78.320	5
2025-06-19 16:40	78.325	78.515	78.305	78.470	5
2025-06-19 16:45	78.465	78.620	78.455	78.600	5
2025-06-19 16:50	78.605	78.615	78.475	78.485	5
2025-06-19 16:55	78.480	78.875	78.480	78.830	5
2025-06-19 17:00	78.845	78.845	78.640	78.705	5
2025-06-19 17:05	78.710	78.740	78.313	78.485	5
2025-06-19 17:10	78.490	78.555	78.385	78.455	5
2025-06-19 17:15	78.460	78.545	78.455	78.515	5
2025-06-19 17:20	78.510	78.745	78.510	78.645	5
2025-06-19 17:25	78.650	78.720	78.585	78.695	4
2025-06-20 00:00	77.382	77.635	77.115	77.140	5
2025-06-20 00:05	77.145	77.340	76.930	77.245	5
2025-06-20 00:10	77.230	77.380	77.215	77.250	5
2025-06-20 00:15	77.235	77.235	77.070	77.110	5
2025-06-20 00:20	77.120	77.125	77.040	77.125	5
2025-06-20 00:25	77.120	77.245	77.068	77.165	5
2025-06-20 00:30	77.180	77.325	77.180	77.205	5
2025-06-20 00:35	77.210	77.250	77.165	77.235	5
2025-06-20 00:40	77.250	77.250	77.110	77.130	5
2025-06-20 00:45	77.135	77.170	77.105	77.150	5
2025-06-20 00:50	77.145	77.250	77.090	77.200	5
2025-06-20 00:55	77.195	77.360	77.160	77.360	5
2025-06-20 01:00	77.350	77.475	77.350	77.470	5
2025-06-20 01:05	77.465	77.485	77.330	77.340	5
2025-06-20 01:10	77.330	77.405	77.295	77.360	5
2025-06-20 01:15	77.355	77.440	77.300	77.320	5
2025-06-20 01:20	77.330	77.390	77.300	77.335	5
2025-06-20 01:25	77.330	77.380	77.260	77.300	5
2025-06-20 01:30	77.310	77.340	77.220	77.220	5
2025-06-20 01:35	77.225	77.310	77.175	77.250	5
2025-06-20 01:40	77.245	77.315	77.210	77.230	5
2025-06-20 01:45	77.240	77.245	77.075	77.080	5
2025-06-20 01:50	77.075	77.175	77.020	77.030	5
2025-06-20 01:55	77.035	77.130	76.710	76.800	5
2025-06-20 02:00	76.790	76.960	76.710	76.960	5
2025-06-20 02:05	76.950	77.035	76.930	77.010	5
2025-06-20 02:10	77.015	77.030	76.895	76.900	5
2025-06-20 02:15	76.910	77.000	76.910	76.990	5
2025-06-20 02:20	76.985	77.030	76.930	76.960	5
2025-06-20 02:25	76.970	76.975	76.925	76.955	5
2025-06-20 02:30	76.950	76.975	76.800	76.900	5
2025-06-20 02:35	76.905	76.975	76.835	76.950	5
2025-06-20 02:40	76.960	77.025	76.950	77.010	5
2025-06-20 02:45	77.030	77.080	77.010	77.020	5
2025-06-20 02:50	77.025	77.030	76.890	76.930	5
2025-06-20 02:55	76.935	77.005	76.910	76.950	5
2025-06-20 03:00	76.955	76.955	76.900	76.920	5
2025-06-20 03:05	76.925	76.960	76.865	76.870	5
2025-06-20 03:10	76.865	77.020	76.860	76.980	5
2025-06-20 03:15	76.975	76.980	76.935	76.950	5
2025-06-20 03:20	76.945	76.965	76.910	76.910	5
2025-06-20 03:25	76.915	76.990	76.885	76.950	5
2025-06-20 03:30	76.940	76.940	76.875	76.900	5
2025-06-20 03:35	76.895	76.910	76.865	76.870	5
2025-06-20 03:40	76.865	76.895	76.850	76.875	5
2025-06-20 03:45	76.880	76.920	76.875	76.890	5
2025-06-20 03:50	76.885	76.895	76.835	76.860	5
2025-06-20 03:55	76.813	76.950	76.813	76.920	5
2025-06-20 04:00	76.930	76.965	76.920	76.930	5
2025-06-20 04:05	76.920	77.055	76.920	77.020	5
2025-06-20 04:10	77.030	77.070	76.975	77.065	5
2025-06-20 04:15	77.055	77.260	77.028	77.220	5
2025-06-20 04:20	77.230	77.260	77.185	77.210	5
2025-06-20 04:25	77.195	77.255	77.170	77.200	5
2025-06-20 04:30	77.195	77.215	77.140	77.165	5
2025-06-20 04:35	77.170	77.170	77.090	77.100	5
2025-06-20 04:40	77.105	77.135	77.100	77.110	5
2025-06-20 04:45	77.115	77.185	77.075	77.130	5
2025-06-20 04:50	77.155	77.190	77.100	77.190	5
2025-06-20 04:55	77.195	77.200	77.115	77.170	5
2025-06-20 05:00	77.160	77.230	77.140	77.200	5
2025-06-20 05:05	77.205	77.220	77.195	77.200	5
2025-06-20 05:10	77.205	77.220	77.135	77.205	5
2025-06-20 05:15	77.200	77.255	77.195	77.225	5
2025-06-20 05:20	77.250	77.300	77.200	77.220	5
2025-06-20 05:25	77.225	77.240	77.175	77.175	5
2025-06-20 05:30	77.180	77.370	77.180	77.280	5
2025-06-20 05:35	77.290	77.320	77.230	77.270	5
2025-06-20 05:40	77.265	77.265	76.825	76.840	5
2025-06-20 05:45	76.835	76.880	76.685	76.720	5
2025-06-20 05:50	76.715	76.775	76.213	76.490	5
2025-06-20 05:55	76.500	76.540	76.295	76.390	5
2025-06-20 06:00	76.380	76.600	76.380	76.490	5
2025-06-20 06:05	76.495	76.770	76.490	76.735	5
2025-06-20 06:10	76.730	76.760	76.600	76.690	5
2025-06-20 06:15	76.700	76.735	76.655	76.720	5
2025-06-20 06:20	76.715	76.735	76.540	76.585	5
2025-06-20 06:25	76.590	76.665	76.545	76.585	5
2025-06-20 06:30	76.590	76.635	76.555	76.585	5
2025-06-20 06:35	76.575	76.660	76.550	76.660	5
2025-06-20 06:40	76.670	76.770	76.610	76.670	5
2025-06-20 06:45	76.675	76.875	76.548	76.840	5
2025-06-20 06:50	76.830	76.885	76.720	76.795	5
2025-06-20 06:55	76.790	76.975	76.745	76.865	5
2025-06-20 07:00	76.855	76.885	76.505	76.580	5
2025-06-20 07:05	76.575	76.760	76.570	76.735	5
2025-06-20 07:10	76.730	76.835	76.720	76.815	5
2025-06-20 07:15	76.820	76.835	76.645	76.655	5
2025-06-20 07:20	76.660	76.785	76.635	76.710	5
2025-06-20 07:25	76.705	76.845	76.675	76.810	5
2025-06-20 07:30	76.805	76.980	76.795	76.920	5
2025-06-20 07:35	76.915	77.065	76.890	77.005	5
2025-06-20 07:40	77.010	77.035	76.905	77.035	5
2025-06-20 07:45	77.040	77.115	76.830	76.835	5
2025-06-20 07:50	76.840	77.145	76.815	77.130	5
2025-06-20 07:55	77.125	77.130	76.950	77.080	5
2025-06-20 08:00	77.110	77.205	77.065	77.155	5
2025-06-20 08:05	77.175	77.230	77.145	77.155	5
2025-06-20 08:10	77.160	77.275	77.130	77.210	5
2025-06-20 08:15	77.245	77.355	77.200	77.330	5
2025-06-20 08:20	77.335	77.335	77.180	77.200	5
2025-06-20 08:25	77.220	77.390	77.175	77.225	5
2025-06-20 08:30	77.230	77.475	77.225	77.355	5
2025-06-20 08:35	77.360	77.385	77.165	77.235	5
2025-06-20 08:40	77.240	77.300	77.125	77.290	5
2025-06-20 08:45	77.280	77.475	77.265	77.415	5
2025-06-20 08:50	77.410	77.410	77.180	77.225	5
2025-06-20 08:55	77.235	77.265	77.115	77.115	5
2025-06-20 09:00	77.120	77.235	76.960	77.230	5
2025-06-20 09:05	77.215	77.230	77.115	77.210	5
2025-06-20 09:10	77.215	77.220	77.005	77.040	5
2025-06-20 09:15	77.045	77.155	76.995	77.055	5
2025-06-20 09:20	77.050	77.155	77.040	77.150	5
2025-06-20 09:25	77.155	77.210	77.085	77.200	5
2025-06-20 09:30	77.205	77.325	77.105	77.200	5
2025-06-20 09:35	77.195	77.415	77.145	77.385	5
2025-06-20 09:40	77.395	77.422	77.295	77.320	5
2025-06-20 09:45	77.350	77.445	77.280	77.300	5
2025-06-20 09:50	77.295	77.365	77.205	77.210	5
2025-06-20 09:55	77.175	77.225	77.015	77.020	5
2025-06-20 10:00	77.000	77.010	76.860	76.940	5
2025-06-20 10:05	76.930	76.970	76.865	76.880	5
2025-06-20 10:10	76.885	76.975	76.860	76.875	5
2025-06-20 10:15	76.870	77.095	76.870	77.085	5
2025-06-20 10:20	77.065	77.070	77.005	77.035	5
2025-06-20 10:25	77.040	77.150	76.965	76.975	5
2025-06-20 10:30	76.990	77.050	76.935	77.050	5
2025-06-20 10:35	77.025	77.175	76.980	77.045	5
2025-06-20 10:40	77.035	77.135	77.035	77.035	5
2025-06-20 10:45	77.005	77.015	76.680	76.870	5
2025-06-20 10:50	76.860	77.055	76.845	77.015	5
2025-06-20 10:55	77.005	77.105	76.995	77.100	5
2025-06-20 11:00	77.085	77.235	77.085	77.130	5
2025-06-20 11:05	77.125	77.265	77.110	77.230	5
2025-06-20 11:10	77.235	77.260	77.155	77.205	5
2025-06-20 11:15	77.200	77.235	77.150	77.165	5
2025-06-20 11:20	77.160	77.190	77.085	77.110	5
2025-06-20 11:25	77.115	77.125	76.980	77.010	5
2025-06-20 11:30	77.015	77.055	76.860	76.960	5
2025-06-20 11:35	76.930	76.960	76.870	76.895	5
2025-06-20 11:40	76.900	76.945	76.520	76.525	5
2025-06-20 11:45	76.515	76.515	75.507	75.965	5
2025-06-20 11:50	75.930	76.310	75.697	76.195	5
2025-06-20 11:55	76.190	76.340	76.110	76.315	5
2025-06-20 12:00	76.295	76.465	76.225	76.295	5
2025-06-20 12:05	76.285	76.470	76.280	76.410	5
2025-06-20 12:10	76.430	76.460	76.215	76.260	5
2025-06-20 12:15	76.280	76.410	76.240	76.270	5
2025-06-20 12:20	76.260	76.620	76.235	76.520	5
2025-06-20 12:25	76.530	76.560	76.420	76.465	5
2025-06-20 12:30	76.445	76.560	76.285	76.400	5
2025-06-20 12:35	76.390	76.440	76.225	76.350	5
2025-06-20 12:40	76.355	76.450	76.280	76.370	5
2025-06-20 12:45	76.360	76.445	76.300	76.410	5
2025-06-20 12:50	76.415	76.500	76.335	76.390	5
2025-06-20 12:55	76.400	76.545	75.985	76.390	5
2025-06-20 13:00	76.410	76.585	76.180	76.390	5
2025-06-20 13:05	76.385	76.560	76.270	76.520	5
2025-06-20 13:10	76.525	76.655	76.480	76.615	5
2025-06-20 13:15	76.620	76.675	76.480	76.505	5
2025-06-20 13:20	76.510	76.520	76.370	76.385	5
2025-06-20 13:25	76.400	76.480	76.150	76.245	5
2025-06-20 13:30	76.230	76.330	76.170	76.210	5
2025-06-20 13:35	76.205	76.255	75.975	76.000	5
2025-06-20 13:40	76.005	76.180	75.985	76.115	5
2025-06-20 13:45	76.125	76.345	76.115	76.310	5
2025-06-20 13:50	76.315	76.415	76.145	76.170	5
2025-06-20 13:55	76.165	76.285	76.120	76.255	5
2025-06-20 14:00	76.260	76.510	76.235	76.470	5
2025-06-20 14:05	76.475	76.535	76.465	76.525	5
2025-06-20 14:10	76.535	76.845	76.515	76.715	5
2025-06-20 14:15	76.720	76.785	76.448	76.610	5
2025-06-20 14:20	76.605	76.620	76.495	76.550	5
2025-06-20 14:25	76.545	76.550	76.410	76.435	5
2025-06-20 14:30	76.440	76.555	76.380	76.490	5
2025-06-20 14:35	76.485	76.640	76.465	76.520	5
2025-06-20 14:40	76.510	76.710	76.440	76.695	5
2025-06-20 14:45	76.700	76.830	76.680	76.805	5
2025-06-20 14:50	76.790	76.905	76.755	76.855	5
2025-06-20 14:55	76.860	76.895	76.740	76.790	5
2025-06-20 15:00	76.785	76.855	76.685	76.765	5
2025-06-20 15:05	76.760	76.775	76.405	76.605	5
2025-06-20 15:10	76.580	76.670	76.510	76.645	5
2025-06-20 15:15	76.650	76.720	76.510	76.540	5
2025-06-20 15:20	76.515	76.625	76.450	76.465	5
2025-06-20 15:25	76.460	76.545	76.340	76.490	5
2025-06-20 15:30	76.500	76.585	76.305	76.415	5
2025-06-20 15:35	76.425	76.550	76.328	76.440	5
2025-06-20 15:40	76.430	76.490	76.355	76.420	5
2025-06-20 15:45	76.415	76.605	76.390	76.555	5
2025-06-20 15:50	76.545	76.700	76.545	76.645	5
2025-06-20 15:55	76.640	76.820	76.600	76.765	5
2025-06-20 16:00	76.785	76.855	76.670	76.695	5
2025-06-20 16:05	76.690	76.735	76.575	76.575	5
2025-06-20 16:10	76.570	76.680	76.535	76.670	5
2025-06-20 16:15	76.685	76.740	76.620	76.640	5
2025-06-20 16:20	76.645	76.715	76.610	76.660	5
2025-06-20 16:25	76.670	76.715	76.605	76.675	5
2025-06-20 16:30	76.680	76.685	76.515	76.535	5
2025-06-20 16:35	76.525	76.560	76.430	76.470	5
2025-06-20 16:40	76.465	76.585	76.453	76.505	5
2025-06-20 16:45	76.510	76.570	76.290	76.325	5
2025-06-20 16:50	76.310	76.360	76.250	76.320	5
2025-06-20 16:55	76.335	76.877	76.325	76.660	5
2025-06-20 17:00	76.680	77.000	76.570	76.630	5
2025-06-20 17:05	76.640	76.660	76.370	76.470	5
2025-06-20 17:10	76.460	76.605	76.420	76.600	5
2025-06-20 17:15	76.595	76.605	76.310	76.440	5
2025-06-20 17:20	76.450	76.535	76.370	76.510	5
2025-06-20 17:25	76.505	76.720	76.490	76.650	5
2025-06-20 17:30	76.645	76.750	76.568	76.670	5
2025-06-20 17:35	76.675	76.710	76.605	76.615	5
2025-06-20 17:40	76.610	76.910	76.595	76.905	5
2025-06-20 17:45	76.910	77.130	76.895	77.095	5
2025-06-20 17:50	77.100	77.170	76.980	77.055	5
2025-06-20 17:55	77.065	77.165	77.040	77.150	5
2025-06-20 18:00	77.135	77.135	76.820	76.860	5
2025-06-20 18:05	76.865	76.940	76.710	76.780	5
2025-06-20 18:10	76.785	76.835	76.570	76.660	5
2025-06-20 18:15	76.680	76.785	76.655	76.750	5
2025-06-20 18:20	76.755	76.930	76.750	76.895	5
2025-06-20 18:25	76.900	77.055	76.890	76.975	5
2025-06-20 18:30	76.970	77.065	76.960	77.000	5
2025-06-20 18:35	76.995	77.010	76.790	76.830	5
2025-06-20 18:40	76.825	76.910	76.805	76.900	5
2025-06-20 18:45	76.905	77.040	76.905	76.980	5
2025-06-20 18:50	76.975	76.980	76.925	76.940	5
2025-06-20 18:55	76.935	77.065	76.913	77.040	5
2025-06-20 19:00	77.035	77.055	77.020	77.055	5
2025-06-20 19:05	77.050	77.125	77.050	77.085	5
2025-06-20 19:10	77.090	77.145	77.075	77.120	5
2025-06-20 19:15	77.110	77.140	77.095	77.135	4
2025-06-20 19:20	77.140	77.140	77.010	77.010	4
2025-06-20 19:25	77.015	77.080	77.005	77.080	5
2025-06-20 19:30	77.070	77.170	77.055	77.115	5
2025-06-20 19:35	77.120	77.275	77.115	77.265	5
2025-06-20 19:40	77.270	77.305	77.255	77.290	5
2025-06-20 19:45	77.295	77.310	77.240	77.255	5
2025-06-20 19:50	77.260	77.290	77.205	77.205	5
2025-06-20 19:55	77.210	77.235	77.140	77.165	5
2025-06-20 20:00	77.170	77.192	77.112	77.157	5
2025-06-20 20:05	77.162	77.202	77.142	77.202	5
2025-06-20 20:10	77.192	77.202	77.147	77.197	5
2025-06-20 20:15	77.192	77.207	77.177	77.177	5
2025-06-20 20:20	77.172	77.222	77.142	77.192	5
2025-06-20 20:25	77.197	77.237	77.167	77.217	5
2025-06-20 20:30	77.212	77.237	77.197	77.217	5
2025-06-20 20:35	77.222	77.232	77.177	77.207	5
2025-06-20 20:40	77.197	77.227	77.182	77.197	5
2025-06-20 20:45	77.202	77.207	77.167	77.172	5
2025-06-20 20:50	77.177	77.197	77.167	77.187	5
2025-06-20 20:55	77.182	77.217	77.132	77.207	5
2025-06-23 00:00	78.950	79.035	78.777	78.995	5
2025-06-23 00:05	78.990	79.185	78.940	79.175	5
2025-06-23 00:10	79.185	79.335	78.905	79.020	5
2025-06-23 00:15	79.025	79.145	78.980	79.120	5
2025-06-23 00:20	79.110	79.210	79.073	79.175	5
2025-06-23 00:25	79.170	79.195	79.115	79.130	5
2025-06-23 00:30	79.135	79.250	79.100	79.230	5
2025-06-23 00:35	79.200	79.220	79.020	79.070	5
2025-06-23 00:40	79.080	79.150	79.030	79.070	5
2025-06-23 00:45	79.060	79.160	79.025	79.040	5
2025-06-23 00:50	79.045	79.090	79.025	79.045	5
2025-06-23 00:55	79.015	79.110	78.940	79.090	5
2025-06-23 01:00	79.080	79.240	78.730	78.845	5
2025-06-23 01:05	78.855	79.160	78.850	79.160	5
2025-06-23 01:10	79.140	79.195	78.840	78.930	5
2025-06-23 01:15	78.910	79.115	78.880	79.090	5
2025-06-23 01:20	79.095	79.150	78.910	79.070	5
2025-06-23 01:25	79.065	79.085	78.920	78.945	5
2025-06-23 01:30	78.950	78.970	78.700	78.790	5
2025-06-23 01:35	78.800	78.820	78.600	78.615	5
2025-06-23 01:40	78.600	78.690	78.555	78.650	5
2025-06-23 01:45	78.645	78.670	78.585	78.610	5
2025-06-23 01:50	78.600	78.610	78.195	78.255	5
2025-06-23 01:55	78.260	78.460	78.155	78.460	5
2025-06-23 02:00	78.450	78.640	78.380	78.540	5
2025-06-23 02:05	78.535	78.625	78.525	78.595	5
2025-06-23 02:10	78.590	78.620	78.525	78.580	5
2025-06-23 02:15	78.590	78.635	78.535	78.540	5
2025-06-23 02:20	78.545	78.690	78.540	78.625	5
2025-06-23 02:25	78.620	78.620	78.460	78.460	5
2025-06-23 02:30	78.450	78.470	78.295	78.360	5
2025-06-23 02:35	78.355	78.395	78.270	78.390	5
2025-06-23 02:40	78.380	78.450	78.300	78.345	5
2025-06-23 02:45	78.340	78.410	78.260	78.265	5
2025-06-23 02:50	78.270	78.360	78.244	78.350	5
2025-06-23 02:55	78.335	78.440	78.330	78.410	5
2025-06-23 03:00	78.400	78.450	78.350	78.380	5
2025-06-23 03:05	78.370	78.440	78.120	78.120	5
2025-06-23 03:10	78.130	78.230	78.110	78.195	5
2025-06-23 03:15	78.190	78.280	78.095	78.270	5
2025-06-23 03:20	78.265	78.300	78.125	78.160	5
2025-06-23 03:25	78.150	78.210	78.075	78.115	5
2025-06-23 03:30	78.120	78.370	78.120	78.350	5
2025-06-23 03:35	78.360	78.420	78.360	78.390	5
2025-06-23 03:40	78.400	78.410	78.355	78.360	5
2025-06-23 03:45	78.390	78.450	78.360	78.450	5
2025-06-23 03:50	78.455	78.470	78.410	78.430	5
2025-06-23 03:55	78.455	78.530	78.430	78.440	5
2025-06-23 04:00	78.450	78.520	78.445	78.490	5
2025-06-23 04:05	78.485	78.515	78.480	78.510	5
2025-06-23 04:10	78.520	78.545	78.510	78.540	5
2025-06-23 04:15	78.493	78.540	78.450	78.470	5
2025-06-23 04:20	78.480	78.515	78.425	78.430	5
2025-06-23 04:25	78.420	78.455	78.380	78.400	5
2025-06-23 04:30	78.395	78.440	78.365	78.370	5
2025-06-23 04:35	78.365	78.390	78.345	78.345	5
2025-06-23 04:40	78.350	78.350	78.200	78.290	5
2025-06-23 04:45	78.295	78.320	78.205	78.220	5
2025-06-23 04:50	78.200	78.250	78.190	78.200	5
2025-06-23 04:55	78.140	78.145	78.045	78.060	5
2025-06-23 05:00	78.050	78.175	78.035	78.040	5
2025-06-23 05:05	78.035	78.100	77.915	77.925	5
2025-06-23 05:10	77.920	77.920	77.815	77.915	5
2025-06-23 05:15	77.910	77.925	77.845	77.870	5
2025-06-23 05:20	77.865	77.870	77.800	77.850	5
2025-06-23 05:25	77.830	77.915	77.830	77.860	5
2025-06-23 05:30	77.855	77.855	77.695	77.725	5
2025-06-23 05:35	77.720	77.990	77.720	77.970	5
2025-06-23 05:40	77.965	78.155	77.940	78.060	5
2025-06-23 05:45	78.050	78.190	78.050	78.190	5
2025-06-23 05:50	78.175	78.240	78.037	78.205	5
2025-06-23 05:55	78.200	78.335	78.200	78.280	5
2025-06-23 06:00	78.270	78.355	78.230	78.280	5
2025-06-23 06:05	78.270	78.320	78.170	78.200	5
2025-06-23 06:10	78.205	78.280	78.125	78.275	5
2025-06-23 06:15	78.270	78.290	78.135	78.270	5
2025-06-23 06:20	78.275	78.305	78.210	78.260	5
2025-06-23 06:25	78.270	78.290	78.155	78.200	5
2025-06-23 06:30	78.210	78.290	78.085	78.185	5
2025-06-23 06:35	78.190	78.230	77.930	78.040	5
2025-06-23 06:40	78.050	78.110	78.000	78.035	5
2025-06-23 06:45	78.045	78.160	78.035	78.060	5
2025-06-23 06:50	78.055	78.140	78.030	78.105	5
2025-06-23 06:55	78.100	78.150	78.050	78.095	5
2025-06-23 07:00	78.090	78.180	77.760	77.780	5
2025-06-23 07:05	77.785	77.795	77.600	77.710	5
2025-06-23 07:10	77.685	77.720	77.420	77.440	5
2025-06-23 07:15	77.445	77.500	77.110	77.410	5
2025-06-23 07:20	77.430	77.650	77.430	77.520	5
2025-06-23 07:25	77.510	77.580	77.445	77.560	5
2025-06-23 07:30	77.570	77.680	77.570	77.650	5
2025-06-23 07:35	77.660	77.720	77.540	77.560	5
2025-06-23 07:40	77.565	77.710	77.460	77.620	5
2025-06-23 07:45	77.565	77.590	77.245	77.270	5
2025-06-23 07:50	77.275	77.400	77.220	77.300	5
2025-06-23 07:55	77.295	77.475	77.280	77.310	5
2025-06-23 08:00	77.315	77.375	76.750	76.905	5
2025-06-23 08:05	76.900	76.990	76.820	76.830	5
2025-06-23 08:10	76.835	76.840	76.430	76.645	5
2025-06-23 08:15	76.650	76.650	76.335	76.570	5
2025-06-23 08:20	76.580	76.775	76.470	76.750	5
2025-06-23 08:25	76.740	76.800	76.615	76.615	5
2025-06-23 08:30	76.635	76.800	76.620	76.750	5
2025-06-23 08:35	76.735	76.865	76.525	76.580	5
2025-06-23 08:40	76.570	76.617	76.450	76.590	5
2025-06-23 08:45	76.580	76.855	76.575	76.840	5
2025-06-23 08:50	76.830	76.895	76.790	76.890	5
2025-06-23 08:55	76.885	76.955	76.840	76.930	5
2025-06-23 09:00	76.925	77.170	76.925	77.000	5
2025-06-23 09:05	76.995	77.215	76.990	77.050	5
2025-06-23 09:10	77.092	77.205	77.030	77.080	5
2025-06-23 09:15	77.075	77.210	77.065	77.205	5
2025-06-23 09:20	77.200	77.420	77.195	77.325	5
2025-06-23 09:25	77.320	77.335	77.235	77.320	5
2025-06-23 09:30	77.330	77.410	77.135	77.135	5
2025-06-23 09:35	77.140	77.180	77.020	77.055	5
2025-06-23 09:40	77.050	77.125	77.005	77.125	5
2025-06-23 09:45	77.120	77.375	77.120	77.360	5
2025-06-23 09:50	77.350	77.390	77.310	77.360	5
2025-06-23 09:55	77.385	77.530	77.330	77.500	5
2025-06-23 10:00	77.495	77.980	77.490	77.710	5
2025-06-23 10:05	77.720	77.750	77.540	77.560	5
2025-06-23 10:10	77.565	77.615	77.465	77.470	5
2025-06-23 10:15	77.465	77.480	77.340	77.450	5
2025-06-23 10:20	77.430	77.460	77.280	77.310	5
2025-06-23 10:25	77.315	77.475	77.290	77.450	5
2025-06-23 10:30	77.445	77.600	77.410	77.550	5
2025-06-23 10:35	77.555	77.625	77.500	77.580	5
2025-06-23 10:40	77.570	77.675	77.550	77.670	5
2025-06-23 10:45	77.675	77.720	77.655	77.700	5
2025-06-23 10:50	77.685	77.775	77.655	77.760	5
2025-06-23 10:55	77.755	77.920	77.670	77.770	5
2025-06-23 11:00	77.740	77.885	77.725	77.880	5
2025-06-23 11:05	77.875	77.885	77.720	77.755	5
2025-06-23 11:10	77.765	77.975	77.760	77.960	5
2025-06-23 11:15	77.955	78.090	77.945	78.045	5
2025-06-23 11:20	78.035	78.045	77.770	77.890	5
2025-06-23 11:25	77.895	77.915	77.740	77.795	5
2025-06-23 11:30	77.800	77.810	77.675	77.705	5
2025-06-23 11:35	77.700	77.740	77.600	77.620	5
2025-06-23 11:40	77.625	77.625	77.515	77.580	5
2025-06-23 11:45	77.585	77.700	77.515	77.685	5
2025-06-23 11:50	77.665	77.675	77.540	77.580	5
2025-06-23 11:55	77.575	77.610	77.420	77.485	5
2025-06-23 12:00	77.480	77.515	77.440	77.475	5
2025-06-23 12:05	77.450	77.480	77.375	77.470	5
2025-06-23 12:10	77.475	77.475	77.360	77.360	5
2025-06-23 12:15	77.365	77.435	77.330	77.330	5
2025-06-23 12:20	77.325	77.360	77.000	77.000	5
2025-06-23 12:25	77.005	77.140	76.910	76.970	5
2025-06-23 12:30	76.965	76.975	76.620	76.630	5
2025-06-23 12:35	76.625	76.850	76.518	76.705	5
2025-06-23 12:40	76.700	76.755	76.600	76.620	5
2025-06-23 12:45	76.610	76.865	76.595	76.850	5
2025-06-23 12:50	76.855	76.920	76.750	76.785	5
2025-06-23 12:55	76.780	76.955	76.680	76.955	5
2025-06-23 13:00	76.970	77.300	76.970	77.285	5
2025-06-23 13:05	77.295	77.660	77.008	77.260	5
2025-06-23 13:10	77.250	77.490	77.210	77.410	5
2025-06-23 13:15	77.440	77.590	77.205	77.275	5
2025-06-23 13:20	77.270	77.270	76.985	77.100	5
2025-06-23 13:25	77.110	77.275	77.105	77.230	5
2025-06-23 13:30	77.225	77.460	77.160	77.460	5
2025-06-23 13:35	77.455	77.490	76.695	76.825	5
2025-06-23 13:40	76.810	76.885	76.545	76.870	5
2025-06-23 13:45	76.875	76.935	76.755	76.780	5
2025-06-23 13:50	76.785	77.010	76.630	76.630	5
2025-06-23 13:55	76.635	76.895	76.550	76.840	5
2025-06-23 14:00	76.845	76.870	76.055	76.070	5
2025-06-23 14:05	76.080	76.285	75.795	76.210	5
2025-06-23 14:10	76.215	76.370	76.070	76.250	5
2025-06-23 14:15	76.270	76.565	76.170	76.195	5
2025-06-23 14:20	76.190	76.190	75.920	76.140	5
2025-06-23 14:25	76.110	76.255	76.055	76.210	5
2025-06-23 14:30	76.200	76.320	76.145	76.245	5
2025-06-23 14:35	76.240	76.265	76.040	76.110	5
2025-06-23 14:40	76.115	76.360	76.080	76.335	5
2025-06-23 14:45	76.360	76.385	76.230	76.315	5
2025-06-23 14:50	76.300	76.400	76.185	76.230	5
2025-06-23 14:55	76.235	76.270	76.045	76.180	5
2025-06-23 15:00	76.185	76.345	76.180	76.285	5
2025-06-23 15:05	76.290	76.365	76.050	76.175	5
2025-06-23 15:10	76.180	76.190	76.045	76.100	5
2025-06-23 15:15	76.095	76.330	76.095	76.275	5
2025-06-23 15:20	76.280	76.425	76.215	76.370	5
2025-06-23 15:25	76.365	76.390	76.110	76.255	5
2025-06-23 15:30	76.250	76.375	76.170	76.265	5
2025-06-23 15:35	76.260	76.415	76.260	76.395	5
2025-06-23 15:40	76.400	76.700	76.335	76.700	5
2025-06-23 15:45	76.695	77.085	76.675	77.010	5
2025-06-23 15:50	77.020	77.242	76.900	77.005	5
2025-06-23 15:55	77.010	77.050	76.770	76.870	5
2025-06-23 16:00	76.875	76.890	76.645	76.660	5
2025-06-23 16:05	76.655	76.925	76.653	76.805	5
2025-06-23 16:10	76.810	76.955	76.780	76.805	5
2025-06-23 16:15	76.810	76.950	76.750	76.925	5
2025-06-23 16:20	76.930	77.175	76.930	77.125	5
2025-06-23 16:25	77.130	77.305	77.110	77.280	5
2025-06-23 16:30	77.285	77.365	77.157	77.290	5
2025-06-23 16:35	77.305	77.410	76.298	76.450	5
2025-06-23 16:40	76.455	76.510	74.595	74.950	5
2025-06-23 16:45	74.893	75.235	74.688	75.020	5
2025-06-23 16:50	75.035	75.150	74.840	75.090	5
2025-06-23 16:55	75.095	75.490	75.080	75.310	5
2025-06-23 17:00	75.320	75.345	73.587	74.010	5
2025-06-23 17:05	74.005	74.750	73.580	74.455	5
2025-06-23 17:10	74.480	74.620	73.880	74.090	5
2025-06-23 17:15	74.105	74.245	73.430	73.630	5
2025-06-23 17:20	73.635	73.950	73.447	73.455	5
2025-06-23 17:25	73.450	73.465	72.580	72.945	5
2025-06-23 17:30	72.950	73.355	72.825	73.350	5
2025-06-23 17:35	73.360	73.470	72.860	72.925	5
2025-06-23 17:40	72.920	73.040	72.480	72.500	5
2025-06-23 17:45	72.485	72.590	71.968	72.520	5
2025-06-23 17:50	72.530	72.735	72.295	72.570	5
2025-06-23 17:55	72.580	72.700	72.240	72.310	5
2025-06-23 18:00	72.350	72.500	71.805	72.010	5
2025-06-23 18:05	72.005	72.270	71.955	72.070	5
2025-06-23 18:10	72.080	72.380	71.973	72.160	5
2025-06-23 18:15	72.190	72.480	71.640	71.715	5
2025-06-23 18:20	71.710	71.850	71.178	71.270	5
2025-06-23 18:25	71.245	71.635	71.185	71.600	5
2025-06-23 18:30	71.595	71.680	71.123	71.320	5
2025-06-23 18:35	71.330	71.632	71.240	71.510	5
2025-06-23 18:40	71.505	71.535	71.300	71.345	5
2025-06-23 18:45	71.340	71.440	71.205	71.430	5
2025-06-23 18:50	71.415	71.765	71.405	71.745	5
2025-06-23 18:55	71.750	71.755	71.495	71.520	5
2025-06-23 19:00	71.510	71.755	71.490	71.690	5
2025-06-23 19:05	71.680	71.795	71.645	71.700	5
2025-06-23 19:10	71.695	71.745	71.655	71.720	5
2025-06-23 19:15	71.725	71.770	71.620	71.670	5
2025-06-23 19:20	71.665	71.715	71.590	71.610	5
2025-06-23 19:25	71.600	71.810	71.600	71.755	5
2025-06-23 19:30	71.765	71.780	71.710	71.750	5
2025-06-23 19:35	71.745	71.815	71.740	71.775	5
2025-06-23 19:40	71.760	71.835	71.760	71.815	5
2025-06-23 19:45	71.810	71.845	71.745	71.745	5
2025-06-23 19:50	71.750	71.780	71.170	71.365	5
2025-06-23 19:55	71.350	71.425	70.880	70.900	5
2025-06-23 20:00	70.877	70.937	70.452	70.672	5
2025-06-23 20:05	70.677	70.722	70.237	70.472	5
2025-06-23 20:10	70.477	70.622	70.357	70.357	5
2025-06-23 20:15	70.347	70.377	70.087	70.142	5
2025-06-23 20:20	70.157	70.212	70.022	70.152	5
2025-06-23 20:25	70.142	70.312	70.107	70.142	5
2025-06-23 20:30	70.137	70.227	70.047	70.227	5
2025-06-23 20:35	70.232	70.412	70.232	70.342	5
2025-06-23 20:40	70.347	70.377	70.167	70.187	5
2025-06-23 20:45	70.207	70.347	70.032	70.307	5
2025-06-23 20:50	70.297	70.337	69.478	70.272	5
2025-06-23 20:55	70.287	70.292	70.067	70.082	5
2025-06-24 00:00	68.668	68.845	68.215	68.795	5
2025-06-24 00:05	68.785	69.085	68.735	69.070	5
2025-06-24 00:10	69.055	69.430	68.920	69.020	5
2025-06-24 00:15	69.030	69.130	68.890	69.100	5
2025-06-24 00:20	69.090	69.320	69.040	69.320	5
2025-06-24 00:25	69.325	69.350	69.175	69.210	5
2025-06-24 00:30	69.215	69.230	68.870	68.970	5
2025-06-24 00:35	68.960	69.070	68.880	68.940	5
2025-06-24 00:40	68.945	69.160	68.903	68.940	5
2025-06-24 00:45	68.930	69.515	68.830	68.970	5
2025-06-24 00:50	68.980	69.110	68.797	68.855	5
2025-06-24 00:55	68.860	69.215	68.518	68.990	5
2025-06-24 01:00	68.980	69.455	68.940	69.300	5
2025-06-24 01:05	69.290	69.475	69.120	69.200	5
2025-06-24 01:10	69.215	69.375	69.103	69.335	5
2025-06-24 01:15	69.325	69.360	69.140	69.340	5
2025-06-24 01:20	69.335	69.500	69.315	69.470	5
2025-06-24 01:25	69.475	69.635	69.335	69.470	5
2025-06-24 01:30	69.465	69.555	69.420	69.530	5
2025-06-24 01:35	69.520	69.585	69.390	69.460	5
2025-06-24 01:40	69.445	69.460	69.097	69.190	5
2025-06-24 01:45	69.180	69.275	69.140	69.250	5
2025-06-24 01:50	69.245	69.357	69.215	69.350	5
2025-06-24 01:55	69.345	69.422	69.290	69.370	5
2025-06-24 02:00	69.375	69.560	69.375	69.540	5
2025-06-24 02:05	69.530	69.690	69.470	69.655	5
2025-06-24 02:10	69.650	69.890	69.650	69.840	5
2025-06-24 02:15	69.835	69.905	69.765	69.860	5
2025-06-24 02:20	69.835	69.870	69.690	69.720	5
2025-06-24 02:25	69.715	69.720	69.340	69.380	5
2025-06-24 02:30	69.432	69.605	69.320	69.415	5
2025-06-24 02:35	69.410	69.855	69.380	69.835	5
2025-06-24 02:40	69.825	70.030	69.770	69.995	5
2025-06-24 02:45	69.990	70.145	69.990	70.080	5
2025-06-24 02:50	70.085	70.175	69.920	69.970	5
2025-06-24 02:55	69.975	69.975	69.750	69.825	5
2025-06-24 03:00	69.820	69.955	69.745	69.860	5
2025-06-24 03:05	69.865	69.865	69.690	69.695	5
2025-06-24 03:10	69.700	69.785	69.640	69.650	5
2025-06-24 03:15	69.665	69.710	69.440	69.500	5
2025-06-24 03:20	69.490	69.640	69.460	69.510	5
2025-06-24 03:25	69.500	69.500	69.175	69.330	5
2025-06-24 03:30	69.335	69.560	69.330	69.550	5
2025-06-24 03:35	69.545	69.560	69.410	69.480	5
2025-06-24 03:40	69.475	69.670	69.475	69.650	5
2025-06-24 03:45	69.655	69.810	69.620	69.760	5
2025-06-24 03:50	69.755	69.790	69.650	69.710	5
2025-06-24 03:55	69.720	69.810	69.573	69.800	5
2025-06-24 04:00	69.795	69.855	69.700	69.775	5
2025-06-24 04:05	69.770	69.870	69.690	69.700	5
2025-06-24 04:10	69.690	69.755	69.600	69.655	5
2025-06-24 04:15	69.650	69.780	69.645	69.710	5
2025-06-24 04:20	69.720	69.740	69.590	69.685	5
2025-06-24 04:25	69.680	69.700	69.570	69.625	5
2025-06-24 04:30	69.635	69.680	69.530	69.530	5
2025-06-24 04:35	69.520	69.605	69.505	69.550	5
2025-06-24 04:40	69.540	69.550	69.360	69.420	5
2025-06-24 04:45	69.415	69.540	69.380	69.450	5
2025-06-24 04:50	69.470	69.495	69.410	69.420	5
2025-06-24 04:55	69.435	69.540	69.415	69.540	5
2025-06-24 05:00	69.570	69.600	69.450	69.470	5
2025-06-24 05:05	69.500	69.560	69.463	69.490	5
2025-06-24 05:10	69.495	69.540	69.410	69.470	5
2025-06-24 05:15	69.480	69.515	69.260	69.370	5
2025-06-24 05:20	69.350	69.400	69.280	69.290	5
2025-06-24 05:25	69.280	69.315	69.205	69.210	5
2025-06-24 05:30	69.200	69.200	68.895	68.950	5
2025-06-24 05:35	68.955	69.235	68.903	69.170	5
2025-06-24 05:40	69.160	69.270	68.965	68.970	5
2025-06-24 05:45	68.965	68.970	68.630	68.670	5
2025-06-24 05:50	68.655	68.880	68.640	68.720	5
2025-06-24 05:55	68.715	68.870	68.665	68.785	5
2025-06-24 06:00	68.790	68.830	68.490	68.515	5
2025-06-24 06:05	68.510	68.800	68.438	68.735	5
2025-06-24 06:10	68.740	68.770	68.448	68.640	5
2025-06-24 06:15	68.610	68.710	68.300	68.300	5
2025-06-24 06:20	68.305	68.425	68.160	68.190	5
2025-06-24 06:25	68.195	68.200	67.690	67.805	5
2025-06-24 06:30	67.820	68.090	67.810	68.010	5
2025-06-24 06:35	68.000	68.030	67.765	67.770	5
2025-06-24 06:40	67.765	67.930	67.555	67.655	5
2025-06-24 06:45	67.660	67.975	67.600	67.930	5
2025-06-24 06:50	67.935	68.475	67.920	68.470	5
2025-06-24 06:55	68.465	68.685	68.305	68.355	5
2025-06-24 07:00	68.360	68.762	68.358	68.620	5
2025-06-24 07:05	68.667	68.850	68.570	68.645	5
2025-06-24 07:10	68.650	68.900	68.585	68.825	5
2025-06-24 07:15	68.830	68.950	68.600	68.620	5
2025-06-24 07:20	68.630	68.920	68.610	68.790	5
2025-06-24 07:25	68.785	69.140	68.700	69.140	5
2025-06-24 07:30	69.135	69.435	68.978	69.210	5
2025-06-24 07:35	69.190	69.425	69.030	69.175	5
2025-06-24 07:40	69.180	69.370	69.120	69.330	5
2025-06-24 07:45	69.345	69.520	69.210	69.340	5
2025-06-24 07:50	69.315	69.830	69.255	69.755	5
2025-06-24 07:55	69.750	69.925	69.288	69.320	5
2025-06-24 08:00	69.315	69.630	69.105	69.620	5
2025-06-24 08:05	69.615	69.840	69.590	69.650	5
2025-06-24 08:10	69.660	69.870	69.540	69.580	5
2025-06-24 08:15	69.585	69.680	69.415	69.510	5
2025-06-24 08:20	69.515	69.670	69.270	69.295	5
2025-06-24 08:25	69.300	69.335	68.825	68.880	5
2025-06-24 08:30	68.865	69.215	68.730	68.735	5
2025-06-24 08:35	68.740	69.035	68.735	68.980	5
2025-06-24 08:40	68.990	69.020	68.830	68.870	5
2025-06-24 08:45	68.895	69.112	68.815	69.100	5
2025-06-24 08:50	69.095	69.135	68.950	69.000	5
2025-06-24 08:55	68.995	69.215	68.970	69.090	5
2025-06-24 09:00	69.080	69.160	68.810	68.870	5
2025-06-24 09:05	68.875	69.150	68.875	69.135	5
2025-06-24 09:10	69.140	69.335	69.140	69.235	5
2025-06-24 09:15	69.245	69.260	69.075	69.120	5
2025-06-24 09:20	69.100	69.170	68.940	68.980	5
2025-06-24 09:25	68.985	69.055	68.940	68.960	5
2025-06-24 09:30	68.990	69.220	68.918	69.180	5
2025-06-24 09:35	69.170	69.320	69.070	69.085	5
2025-06-24 09:40	69.080	69.315	69.080	69.220	5
2025-06-24 09:45	69.215	69.290	69.105	69.215	5
2025-06-24 09:50	69.200	69.200	68.965	69.145	5
2025-06-24 09:55	69.125	69.165	69.065	69.120	5
2025-06-24 10:00	69.155	69.370	68.985	69.345	5
2025-06-24 10:05	69.340	69.605	69.313	69.585	5
2025-06-24 10:10	69.590	69.615	69.360	69.440	5
2025-06-24 10:15	69.450	69.475	69.280	69.370	5
2025-06-24 10:20	69.365	69.460	69.325	69.450	5
2025-06-24 10:25	69.445	69.550	69.395	69.550	5
2025-06-24 10:30	69.555	69.700	69.540	69.605	5
2025-06-24 10:35	69.595	69.655	69.420	69.480	5
2025-06-24 10:40	69.475	69.480	69.290	69.350	5
2025-06-24 10:45	69.340	69.395	69.255	69.260	5
2025-06-24 10:50	69.250	69.310	69.055	69.260	5
2025-06-24 10:55	69.270	69.495	69.250	69.475	5
2025-06-24 11:00	69.440	69.485	69.380	69.435	5
2025-06-24 11:05	69.410	69.545	69.365	69.485	5
2025-06-24 11:10	69.480	69.505	69.285	69.290	5
2025-06-24 11:15	69.300	69.465	69.165	69.420	5
2025-06-24 11:20	69.425	69.560	69.285	69.535	5
2025-06-24 11:25	69.540	69.595	68.876	69.120	5
2025-06-24 11:30	69.115	69.200	68.860	69.005	5
2025-06-24 11:35	69.000	69.000	68.765	68.810	5
2025-06-24 11:40	68.820	68.940	68.760	68.785	5
2025-06-24 11:45	68.795	68.940	68.690	68.820	5
2025-06-24 11:50	68.815	68.910	68.690	68.845	5
2025-06-24 11:55	68.850	69.000	68.795	68.910	5
2025-06-24 12:00	68.900	68.965	68.740	68.890	5
2025-06-24 12:05	68.885	68.885	68.630	68.650	5
2025-06-24 12:10	68.645	68.645	68.440	68.485	5
2025-06-24 12:15	68.505	68.575	68.445	68.450	5
2025-06-24 12:20	68.460	68.500	68.355	68.360	5
2025-06-24 12:25	68.365	68.790	68.315	68.765	5
2025-06-24 12:30	68.755	68.820	68.470	68.525	5
2025-06-24 12:35	68.520	68.530	68.205	68.465	5
2025-06-24 12:40	68.490	68.565	68.310	68.540	5
2025-06-24 12:45	68.510	68.710	68.445	68.675	5
2025-06-24 12:50	68.680	68.800	68.670	68.755	5
2025-06-24 12:55	68.750	68.785	68.580	68.650	5
2025-06-24 13:00	68.660	69.085	68.640	69.055	5
2025-06-24 13:05	69.060	69.240	68.885	69.070	5
2025-06-24 13:10	69.050	69.100	68.890	69.000	5
2025-06-24 13:15	69.005	69.040	67.835	68.275	5
2025-06-24 13:20	68.265	68.320	67.875	67.970	5
2025-06-24 13:25	67.975	68.145	67.750	68.140	5
2025-06-24 13:30	68.145	68.265	67.955	68.115	5
2025-06-24 13:35	68.110	68.565	67.975	68.395	5
2025-06-24 13:40	68.385	68.390	68.090	68.305	5
2025-06-24 13:45	68.310	68.410	68.155	68.195	5
2025-06-24 13:50	68.190	68.405	68.190	68.320	5
2025-06-24 13:55	68.315	68.480	68.255	68.350	5
2025-06-24 14:00	68.340	68.340	68.080	68.105	5
2025-06-24 14:05	68.120	68.200	67.970	68.150	5
2025-06-24 14:10	68.140	68.210	67.950	67.985	5
2025-06-24 14:15	67.995	68.215	67.935	68.175	5
2025-06-24 14:20	68.165	68.315	67.830	67.855	5
2025-06-24 14:25	67.860	67.900	67.565	67.590	5
2025-06-24 14:30	67.585	67.890	67.555	67.850	5
2025-06-24 14:35	67.855	68.185	67.855	68.180	5
2025-06-24 14:40	68.175	68.275	68.105	68.260	5
2025-06-24 14:45	68.255	68.365	68.085	68.100	5
2025-06-24 14:50	68.095	68.255	67.970	67.995	5
2025-06-24 14:55	67.990	68.140	67.930	68.010	5
2025-06-24 15:00	68.015	68.165	67.910	67.950	5
2025-06-24 15:05	67.930	68.170	67.900	68.125	5
2025-06-24 15:10	68.115	68.237	68.070	68.160	5
2025-06-24 15:15	68.150	68.150	67.836	67.900	5
2025-06-24 15:20	67.895	68.090	67.860	67.945	5
2025-06-24 15:25	67.940	68.065	67.820	68.055	5
2025-06-24 15:30	68.045	68.095	67.900	68.005	5
2025-06-24 15:35	68.030	68.170	67.925	67.935	5
2025-06-24 15:40	67.925	67.955	67.785	67.845	5
2025-06-24 15:45	67.880	67.890	67.560	67.575	5
2025-06-24 15:50	67.570	67.570	67.255	67.340	5
2025-06-24 15:55	67.335	67.440	67.285	67.325	5
2025-06-24 16:00	67.320	67.370	67.170	67.175	5
2025-06-24 16:05	67.180	67.450	67.165	67.335	5
2025-06-24 16:10	67.340	67.405	67.230	67.265	5
2025-06-24 16:15	67.260	67.315	67.230	67.295	5
2025-06-24 16:20	67.300	67.425	67.255	67.395	5
2025-06-24 16:25	67.390	67.450	67.345	67.360	5
2025-06-24 16:30	67.350	67.385	67.295	67.325	5
2025-06-24 16:35	67.335	67.335	67.050	67.105	5
2025-06-24 16:40	67.100	67.125	67.065	67.085	5
2025-06-24 16:45	67.090	67.115	66.905	66.945	5
2025-06-24 16:50	66.950	67.050	66.850	67.000	5
2025-06-24 16:55	66.985	67.045	66.805	67.000	5
2025-06-24 17:00	67.005	67.085	66.995	67.010	5
2025-06-24 17:05	67.020	67.205	67.010	67.195	5
2025-06-24 17:10	67.185	67.345	67.170	67.295	5
2025-06-24 17:15	67.300	67.355	67.285	67.285	5
2025-06-24 17:20	67.295	67.370	67.250	67.370	5
2025-06-24 17:25	67.365	67.455	67.360	67.435	5
2025-06-24 17:30	67.460	67.565	67.450	67.560	5
2025-06-24 17:35	67.565	67.690	67.535	67.685	5
2025-06-24 17:40	67.690	67.695	67.515	67.540	5
2025-06-24 17:45	67.545	67.580	67.435	67.470	5
2025-06-24 17:50	67.465	67.660	67.455	67.650	5
2025-06-24 17:55	67.645	67.680	67.615	67.620	5
2025-06-24 18:00	67.625	67.655	67.475	67.485	5
2025-06-24 18:05	67.480	67.520	67.305	67.320	5
2025-06-24 18:10	67.310	67.325	67.195	67.250	5
2025-06-24 18:15	67.265	67.405	67.230	67.340	5
2025-06-24 18:20	67.345	67.360	67.135	67.135	5
2025-06-24 18:25	67.140	67.290	67.075	67.215	5
2025-06-24 18:30	67.220	67.325	67.200	67.255	5
2025-06-24 18:35	67.265	67.265	67.090	67.095	5
2025-06-24 18:40	67.080	67.175	67.060	67.160	5
2025-06-24 18:45	67.155	67.250	67.155	67.190	5
2025-06-24 18:50	67.195	67.490	67.190	67.430	5
2025-06-24 18:55	67.415	67.465	67.370	67.445	5
2025-06-24 19:00	67.440	67.475	67.285	67.285	5
2025-06-24 19:05	67.290	67.300	67.245	67.295	5
2025-06-24 19:10	67.305	67.450	67.305	67.365	5
2025-06-24 19:15	67.375	67.435	67.375	67.410	5
2025-06-24 19:20	67.415	67.475	67.385	67.475	5
2025-06-24 19:25	67.470	67.550	67.450	67.540	5
2025-06-24 19:30	67.550	67.630	67.520	67.590	5
2025-06-24 19:35	67.585	67.875	67.585	67.820	5
2025-06-24 19:40	67.815	67.815	67.670	67.685	5
2025-06-24 19:45	67.680	67.715	67.580	67.715	5
2025-06-24 19:50	67.720	67.760	67.670	67.715	5
2025-06-24 19:55	67.710	67.800	67.675	67.680	5
2025-06-24 20:00	67.657	67.702	67.622	67.697	5
2025-06-24 20:05	67.682	67.742	67.647	67.722	5
2025-06-24 20:10	67.732	67.802	67.712	67.797	5
2025-06-24 20:15	67.787	67.822	67.742	67.757	5
2025-06-24 20:20	67.752	67.757	67.712	67.722	5
2025-06-24 20:25	67.732	67.752	67.727	67.737	5
2025-06-24 20:30	67.742	67.792	67.737	67.782	5
2025-06-24 20:35	67.777	67.797	67.762	67.782	5
2025-06-24 20:40	67.787	67.817	67.727	67.802	5
2025-06-24 20:45	67.807	67.892	67.777	67.777	5
2025-06-24 20:50	67.782	67.782	67.742	67.747	5
2025-06-24 20:55	67.752	67.782	67.727	67.747	5
2025-06-25 00:00	67.877	67.925	67.790	67.830	5
2025-06-25 00:05	67.825	67.900	67.810	67.870	5
2025-06-25 00:10	67.865	67.885	67.860	67.865	5
2025-06-25 00:15	67.860	67.950	67.860	67.885	5
2025-06-25 00:20	67.890	67.900	67.835	67.835	5
2025-06-25 00:25	67.840	67.860	67.835	67.840	5
2025-06-25 00:30	67.835	67.940	67.835	67.930	5
2025-06-25 00:35	67.925	67.965	67.920	67.940	5
2025-06-25 00:40	67.935	67.960	67.935	67.940	5
2025-06-25 00:45	67.950	67.965	67.925	67.925	5
2025-06-25 00:50	67.920	67.920	67.910	67.915	5
2025-06-25 00:55	67.920	67.935	67.800	67.815	5
2025-06-25 01:00	67.820	67.995	67.820	67.985	5
2025-06-25 01:05	67.980	68.010	67.880	67.920	5
2025-06-25 01:10	67.915	68.015	67.905	67.990	5
2025-06-25 01:15	67.995	68.020	67.960	67.990	5
2025-06-25 01:20	67.985	68.050	67.935	68.030	5
2025-06-25 01:25	68.025	68.095	68.010	68.060	5
2025-06-25 01:30	68.065	68.080	68.020	68.060	5
2025-06-25 01:35	68.055	68.115	68.050	68.080	5
2025-06-25 01:40	68.075	68.075	67.940	67.975	5
2025-06-25 01:45	67.965	68.065	67.965	68.045	5
2025-06-25 01:50	68.040	68.040	67.965	68.000	5
2025-06-25 01:55	67.990	68.040	67.990	68.020	5
2025-06-25 02:00	68.010	68.055	67.955	68.045	5
2025-06-25 02:05	68.040	68.045	67.965	68.000	5
2025-06-25 02:10	67.995	68.020	67.980	68.000	5
2025-06-25 02:15	68.005	68.090	68.005	68.065	5
2025-06-25 02:20	68.060	68.070	68.010	68.040	5
2025-06-25 02:25	68.030	68.085	68.030	68.060	5
2025-06-25 02:30	68.055	68.120	68.030	68.060	5
2025-06-25 02:35	68.065	68.115	68.020	68.025	5
2025-06-25 02:40	68.020	68.020	67.890	67.955	5
2025-06-25 02:45	67.950	68.010	67.880	67.900	5
2025-06-25 02:50	67.895	67.955	67.895	67.925	5
2025-06-25 02:55	67.915	67.950	67.910	67.935	5
2025-06-25 03:00	67.940	68.000	67.910	68.000	5
2025-06-25 03:05	67.995	68.005	67.930	68.005	5
2025-06-25 03:10	68.010	68.130	68.000	68.110	5
2025-06-25 03:15	68.100	68.100	68.045	68.055	5
2025-06-25 03:20	68.050	68.060	67.990	68.030	5
2025-06-25 03:25	68.025	68.050	67.995	68.005	5
2025-06-25 03:30	68.000	68.010	67.950	68.005	5
2025-06-25 03:35	68.000	68.000	67.970	67.970	4
2025-06-25 03:40	67.975	67.975	67.950	67.970	5
2025-06-25 03:45	67.960	68.000	67.960	67.990	5
2025-06-25 03:50	67.980	67.990	67.930	67.930	5
2025-06-25 03:55	67.925	67.980	67.910	67.945	5
2025-06-25 04:00	67.950	67.995	67.945	67.980	5
2025-06-25 04:05	67.975	68.025	67.960	68.000	5
2025-06-25 04:10	67.995	68.055	67.995	68.050	5
2025-06-25 04:15	68.045	68.050	68.030	68.050	5
2025-06-25 04:20	68.040	68.070	68.015	68.020	5
2025-06-25 04:25	68.030	68.050	68.020	68.020	4
2025-06-25 04:30	68.015	68.030	68.010	68.020	5
2025-06-25 04:35	68.015	68.030	67.980	67.990	5
2025-06-25 04:40	67.980	67.985	67.925	67.950	5
2025-06-25 04:45	67.940	67.960	67.915	67.915	5
2025-06-25 04:50	67.920	67.940	67.905	67.920	4
2025-06-25 04:55	67.900	67.915	67.840	67.910	5
2025-06-25 05:00	67.915	68.015	67.910	67.965	5
2025-06-25 05:05	67.970	67.970	67.910	67.910	5
2025-06-25 05:10	67.905	67.910	67.820	67.865	5
2025-06-25 05:15	67.870	67.915	67.855	67.895	5
2025-06-25 05:20	67.900	67.950	67.885	67.950	5
2025-06-25 05:25	67.960	68.220	67.960	68.205	5
2025-06-25 05:30	68.190	68.225	68.140	68.155	5
2025-06-25 05:35	68.150	68.195	68.120	68.140	5
2025-06-25 05:40	68.120	68.180	68.100	68.165	5
2025-06-25 05:45	68.160	68.170	68.075	68.085	5
2025-06-25 05:50	68.090	68.160	68.080	68.125	5
2025-06-25 05:55	68.100	68.225	68.100	68.200	5
2025-06-25 06:00	68.190	68.255	68.170	68.210	5
2025-06-25 06:05	68.205	68.205	68.130	68.150	5
2025-06-25 06:10	68.145	68.150	68.070	68.080	5
2025-06-25 06:15	68.070	68.100	67.980	68.035	5
2025-06-25 06:20	68.040	68.065	68.010	68.050	5
2025-06-25 06:25	68.055	68.120	68.005	68.080	5
2025-06-25 06:30	68.090	68.090	68.000	68.060	5
2025-06-25 06:35	68.040	68.120	68.010	68.110	5
2025-06-25 06:40	68.120	68.250	68.100	68.180	5
2025-06-25 06:45	68.175	68.310	68.160	68.275	5
2025-06-25 06:50	68.295	68.320	68.160	68.220	5
2025-06-25 06:55	68.215	68.285	68.200	68.230	5
2025-06-25 07:00	68.225	68.330	68.180	68.215	5
2025-06-25 07:05	68.220	68.330	68.195	68.305	5
2025-06-25 07:10	68.310	68.370	68.235	68.310	5
2025-06-25 07:15	68.300	68.380	68.295	68.360	5
2025-06-25 07:20	68.350	68.410	68.345	68.370	5
2025-06-25 07:25	68.365	68.395	68.265	68.295	5
2025-06-25 07:30	68.290	68.445	68.275	68.345	5
2025-06-25 07:35	68.340	68.370	68.265	68.290	5
2025-06-25 07:40	68.285	68.375	68.260	68.370	5
2025-06-25 07:45	68.365	68.445	68.340	68.420	5
2025-06-25 07:50	68.415	68.435	68.390	68.405	5
2025-06-25 07:55	68.410	68.420	68.280	68.350	5
2025-06-25 08:00	68.345	68.370	68.135	68.195	5
2025-06-25 08:05	68.185	68.235	68.180	68.235	5
2025-06-25 08:10	68.230	68.230	68.115	68.150	5
2025-06-25 08:15	68.145	68.215	67.920	67.920	5
2025-06-25 08:20	67.915	68.085	67.880	68.005	5
2025-06-25 08:25	68.000	68.190	67.905	68.170	5
2025-06-25 08:30	68.160	68.220	68.005	68.045	5
2025-06-25 08:35	68.040	68.170	68.020	68.150	5
2025-06-25 08:40	68.145	68.205	68.060	68.135	5
2025-06-25 08:45	68.100	68.220	68.065	68.200	5
2025-06-25 08:50	68.210	68.225	68.140	68.140	5
2025-06-25 08:55	68.135	68.290	68.115	68.130	5
2025-06-25 09:00	68.120	68.170	68.005	68.010	5
2025-06-25 09:05	68.005	68.030	67.840	67.850	5
2025-06-25 09:10	67.845	67.925	67.745	67.775	5
2025-06-25 09:15	67.770	67.890	67.740	67.790	5
2025-06-25 09:20	67.785	67.880	67.760	67.760	5
2025-06-25 09:25	67.755	67.760	67.705	67.715	5
2025-06-25 09:30	67.710	67.850	67.705	67.785	5
2025-06-25 09:35	67.770	67.960	67.735	67.950	5
2025-06-25 09:40	67.945	68.015	67.915	68.000	5
2025-06-25 09:45	67.995	68.010	67.925	67.975	5
2025-06-25 09:50	67.965	68.065	67.935	68.015	5
2025-06-25 09:55	68.025	68.035	67.940	67.950	5
2025-06-25 10:00	67.935	67.935	67.745	67.790	5
2025-06-25 10:05	67.805	67.875	67.780	67.785	5
2025-06-25 10:10	67.770	67.840	67.730	67.815	5
2025-06-25 10:15	67.800	67.800	67.645	67.650	5
2025-06-25 10:20	67.655	67.685	67.610	67.625	5
2025-06-25 10:25	67.630	67.635	67.570	67.595	5
2025-06-25 10:30	67.590	67.750	67.575	67.740	5
2025-06-25 10:35	67.735	67.850	67.715	67.740	5
2025-06-25 10:40	67.730	67.810	67.730	67.740	5
2025-06-25 10:45	67.745	67.775	67.715	67.740	5
2025-06-25 10:50	67.745	67.825	67.730	67.785	5
2025-06-25 10:55	67.795	67.865	67.770	67.775	5
2025-06-25 11:00	67.790	67.810	67.760	67.760	5
2025-06-25 11:05	67.755	67.765	67.695	67.735	5
2025-06-25 11:10	67.730	67.755	67.605	67.640	5
2025-06-25 11:15	67.635	67.705	67.610	67.695	5
2025-06-25 11:20	67.670	67.680	67.570	67.590	5
2025-06-25 11:25	67.585	67.620	67.450	67.530	5
2025-06-25 11:30	67.535	67.535	67.370	67.400	5
2025-06-25 11:35	67.395	67.590	67.325	67.590	5
2025-06-25 11:40	67.585	67.710	67.560	67.700	5
2025-06-25 11:45	67.695	67.710	67.590	67.595	5
2025-06-25 11:50	67.600	67.610	67.525	67.530	5
2025-06-25 11:55	67.535	67.600	67.535	67.560	5
2025-06-25 12:00	67.565	67.630	67.550	67.570	5
2025-06-25 12:05	67.575	67.575	67.435	67.435	5
2025-06-25 12:10	67.445	67.465	67.395	67.410	5
2025-06-25 12:15	67.405	67.405	67.305	67.335	5
2025-06-25 12:20	67.330	67.385	67.310	67.335	5
2025-06-25 12:25	67.340	67.630	67.340	67.610	5
2025-06-25 12:30	67.605	67.685	67.555	67.670	5
2025-06-25 12:35	67.665	67.665	67.550	67.555	5
2025-06-25 12:40	67.565	67.635	67.545	67.635	5
2025-06-25 12:45	67.630	67.725	67.625	67.695	5
2025-06-25 12:50	67.700	67.830	67.655	67.795	5
2025-06-25 12:55	67.805	67.845	67.755	67.820	5
2025-06-25 13:00	67.810	67.865	67.770	67.810	5
2025-06-25 13:05	67.805	67.835	67.680	67.700	5
2025-06-25 13:10	67.690	67.820	67.665	67.755	5
2025-06-25 13:15	67.750	67.865	67.700	67.700	5
2025-06-25 13:20	67.690	67.710	67.635	67.670	5
2025-06-25 13:25	67.675	67.675	67.540	67.595	5
2025-06-25 13:30	67.585	67.615	67.485	67.570	5
2025-06-25 13:35	67.560	67.715	67.560	67.670	5
2025-06-25 13:40	67.665	67.850	67.655	67.850	5
2025-06-25 13:45	67.830	68.055	67.795	67.850	5
2025-06-25 13:50	67.825	67.825	67.650	67.685	5
2025-06-25 13:55	67.690	67.765	67.620	67.630	5
2025-06-25 14:00	67.640	67.710	67.610	67.630	5
2025-06-25 14:05	67.620	67.685	67.595	67.660	5
2025-06-25 14:10	67.665	67.675	67.495	67.590	5
2025-06-25 14:15	67.580	68.120	67.557	67.940	5
2025-06-25 14:20	67.930	68.095	67.735	68.065	5
2025-06-25 14:25	68.055	68.060	67.805	67.850	5
2025-06-25 14:30	67.855	68.245	67.855	67.935	5
2025-06-25 14:35	67.955	68.005	67.740	67.770	5
2025-06-25 14:40	67.780	67.895	67.710	67.880	5
2025-06-25 14:45	67.870	67.930	67.730	67.870	5
2025-06-25 14:50	67.865	68.010	67.840	67.990	5
2025-06-25 14:55	67.985	68.040	67.870	67.960	5
2025-06-25 15:00	67.950	68.160	67.945	68.120	5
2025-06-25 15:05	68.115	68.275	68.110	68.205	5
2025-06-25 15:10	68.200	68.270	68.135	68.200	5
2025-06-25 15:15	68.190	68.255	68.060	68.075	5
2025-06-25 15:20	68.080	68.145	68.015	68.060	5
2025-06-25 15:25	68.055	68.275	68.040	68.235	5
2025-06-25 15:30	68.220	68.300	68.140	68.170	5
2025-06-25 15:35	68.185	68.215	68.080	68.100	5
2025-06-25 15:40	68.105	68.190	68.040	68.190	5
2025-06-25 15:45	68.200	68.350	68.180	68.325	5
2025-06-25 15:50	68.335	68.385	68.260	68.355	5
2025-06-25 15:55	68.365	68.400	68.197	68.290	5
2025-06-25 16:00	68.300	68.330	68.185	68.215	5
2025-06-25 16:05	68.220	68.350	68.210	68.345	5
2025-06-25 16:10	68.340	68.370	68.260	68.305	5
2025-06-25 16:15	68.300	68.410	68.295	68.385	5
2025-06-25 16:20	68.395	68.480	68.385	68.470	5
2025-06-25 16:25	68.475	68.750	68.460	68.670	5
2025-06-25 16:30	68.665	68.730	68.635	68.720	5
2025-06-25 16:35	68.725	68.725	68.490	68.510	5
2025-06-25 16:40	68.505	68.555	68.460	68.475	5
2025-06-25 16:45	68.485	68.485	68.310	68.330	5
2025-06-25 16:50	68.335	68.430	68.335	68.350	5
2025-06-25 16:55	68.345	68.430	68.335	68.370	5
2025-06-25 17:00	68.375	68.410	68.240	68.255	5
2025-06-25 17:05	68.250	68.315	68.235	68.310	5
2025-06-25 17:10	68.315	68.475	68.305	68.455	5
2025-06-25 17:15	68.445	68.520	68.390	68.395	5
2025-06-25 17:20	68.390	68.415	68.315	68.315	5
2025-06-25 17:25	68.310	68.370	68.290	68.370	5
2025-06-25 17:30	68.360	68.425	68.310	68.325	5
2025-06-25 17:35	68.310	68.345	68.050	68.070	5
2025-06-25 17:40	68.065	68.100	67.995	68.030	5
2025-06-25 17:45	68.025	68.205	68.025	68.170	5
2025-06-25 17:50	68.175	68.190	68.085	68.110	5
2025-06-25 17:55	68.115	68.135	68.040	68.045	5
2025-06-25 18:00	68.040	68.135	68.035	68.090	5
2025-06-25 18:05	68.085	68.085	67.995	68.030	5
2025-06-25 18:10	68.025	68.095	68.000	68.090	5
2025-06-25 18:15	68.105	68.177	67.855	67.875	5
2025-06-25 18:20	67.870	67.905	67.708	67.790	5
2025-06-25 18:25	67.795	67.835	67.615	67.615	5
2025-06-25 18:30	67.625	67.835	67.625	67.765	5
2025-06-25 18:35	67.760	67.855	67.760	67.790	5
2025-06-25 18:40	67.780	67.840	67.760	67.815	5
2025-06-25 18:45	67.810	67.845	67.790	67.825	5
2025-06-25 18:50	67.830	67.975	67.820	67.940	5
2025-06-25 18:55	67.935	67.970	67.925	67.950	5
2025-06-25 19:00	67.940	67.970	67.910	67.940	5
2025-06-25 19:05	67.935	67.965	67.915	67.915	5
2025-06-25 19:10	67.920	67.925	67.800	67.815	5
2025-06-25 19:15	67.825	67.845	67.795	67.830	5
2025-06-25 19:20	67.850	67.940	67.845	67.915	5
2025-06-25 19:25	67.920	68.005	67.910	68.005	5
2025-06-25 19:30	68.000	68.005	67.950	67.960	5
2025-06-25 19:35	67.965	67.970	67.930	67.930	5
2025-06-25 19:40	67.935	67.980	67.920	67.930	5
2025-06-25 19:45	67.920	67.945	67.905	67.910	5
2025-06-25 19:50	67.915	67.925	67.885	67.890	5
2025-06-25 19:55	67.895	67.915	67.895	67.910	5
2025-06-25 20:00	67.905	67.905	67.842	67.842	5
2025-06-25 20:05	67.847	67.857	67.837	67.852	4
2025-06-25 20:10	67.847	67.867	67.842	67.852	5
2025-06-25 20:15	67.847	67.862	67.837	67.852	5
2025-06-25 20:20	67.847	67.847	67.812	67.817	5
2025-06-25 20:25	67.812	67.822	67.767	67.767	5
2025-06-25 20:30	67.802	67.802	67.777	67.787	5
2025-06-25 20:35	67.792	67.792	67.747	67.757	5
2025-06-25 20:40	67.747	67.757	67.747	67.747	5
2025-06-25 20:45	67.737	67.747	67.682	67.702	5
2025-06-25 20:50	67.707	67.707	67.592	67.597	5
2025-06-25 20:55	67.602	67.617	67.577	67.577	5
2025-06-26 00:00	67.697	67.735	67.590	67.600	5
2025-06-26 00:05	67.595	67.647	67.575	67.645	5
2025-06-26 00:10	67.637	67.725	67.637	67.705	5
2025-06-26 00:15	67.695	67.750	67.695	67.737	5
2025-06-26 00:20	67.745	67.805	67.745	67.805	5
2025-06-26 00:25	67.790	67.800	67.765	67.800	5
2025-06-26 00:30	67.795	67.815	67.785	67.795	4
2025-06-26 00:35	67.800	67.815	67.785	67.810	5
2025-06-26 00:40	67.805	67.815	67.697	67.715	5
2025-06-26 00:45	67.705	67.745	67.705	67.725	5
2025-06-26 00:50	67.717	67.725	67.687	67.697	5
2025-06-26 00:55	67.695	67.765	67.695	67.765	5
2025-06-26 01:00	67.770	67.890	67.725	67.865	5
2025-06-26 01:05	67.855	67.895	67.850	67.850	5
2025-06-26 01:10	67.860	67.937	67.860	67.925	5
2025-06-26 01:15	67.917	67.930	67.850	67.875	5
2025-06-26 01:20	67.870	67.900	67.750	67.770	5
2025-06-26 01:25	67.755	67.815	67.740	67.780	5
2025-06-26 01:30	67.775	67.865	67.765	67.855	5
2025-06-26 01:35	67.850	67.870	67.835	67.835	5
2025-06-26 01:40	67.840	67.865	67.765	67.845	5
2025-06-26 01:45	67.825	67.850	67.760	67.820	5
2025-06-26 01:50	67.825	67.900	67.820	67.890	5
2025-06-26 01:55	67.880	67.935	67.880	67.910	5
2025-06-26 02:00	67.905	67.930	67.895	67.895	5
2025-06-26 02:05	67.900	67.920	67.885	67.885	5
2025-06-26 02:10	67.890	67.930	67.885	67.920	5
2025-06-26 02:15	67.910	67.925	67.910	67.910	4
2025-06-26 02:20	67.920	67.960	67.920	67.940	5
2025-06-26 02:25	67.945	67.950	67.940	67.940	3
2025-06-26 02:30	67.950	68.050	67.950	68.040	5
2025-06-26 02:35	68.050	68.075	68.015	68.045	5
2025-06-26 02:40	68.055	68.060	68.020	68.027	5
2025-06-26 02:45	68.035	68.035	67.935	67.940	5
2025-06-26 02:50	67.935	67.995	67.865	67.985	5
2025-06-26 02:55	67.980	67.990	67.905	67.935	5
2025-06-26 03:00	67.930	67.945	67.880	67.895	5
2025-06-26 03:05	67.900	67.920	67.835	67.837	5
2025-06-26 03:10	67.835	67.865	67.835	67.860	5
2025-06-26 03:15	67.865	67.875	67.850	67.855	4
2025-06-26 03:20	67.850	67.870	67.835	67.865	5
2025-06-26 03:25	67.875	67.875	67.810	67.810	5
2025-06-26 03:30	67.815	67.835	67.790	67.795	5
2025-06-26 03:35	67.790	67.865	67.785	67.850	5
2025-06-26 03:40	67.840	67.915	67.840	67.910	5
2025-06-26 03:45	67.915	67.915	67.875	67.895	5
2025-06-26 03:50	67.890	67.915	67.880	67.900	4
2025-06-26 03:55	67.890	67.890	67.865	67.885	4
2025-06-26 04:00	67.875	67.885	67.840	67.850	5
2025-06-26 04:05	67.855	67.875	67.850	67.870	5
2025-06-26 04:10	67.875	67.880	67.850	67.855	5
2025-06-26 04:15	67.850	67.870	67.840	67.850	4
2025-06-26 04:20	67.845	67.870	67.840	67.865	5
2025-06-26 04:25	67.870	67.910	67.870	67.910	5
2025-06-26 04:30	67.915	67.920	67.890	67.920	4
2025-06-26 04:35	67.910	67.955	67.910	67.930	5
2025-06-26 04:40	67.925	67.950	67.920	67.940	5
2025-06-26 04:45	67.940	67.950	67.930	67.945	4
2025-06-26 04:50	67.940	67.945	67.920	67.940	5
2025-06-26 04:55	67.930	67.935	67.895	67.900	3
2025-06-26 05:00	67.890	67.910	67.880	67.900	4
2025-06-26 05:05	67.915	67.930	67.900	67.910	5
2025-06-26 05:10	67.915	67.930	67.900	67.925	5
2025-06-26 05:15	67.930	67.940	67.915	67.930	4
2025-06-26 05:20	67.925	67.935	67.915	67.930	4
2025-06-26 05:25	67.925	67.925	67.900	67.905	5
2025-06-26 05:30	67.900	67.910	67.850	67.910	5
2025-06-26 05:35	67.905	67.965	67.890	67.965	5
2025-06-26 05:40	67.960	67.970	67.880	67.880	5
2025-06-26 05:45	67.895	67.905	67.855	67.870	5
2025-06-26 05:50	67.865	67.910	67.860	67.895	5
2025-06-26 05:55	67.900	67.950	67.875	67.910	5
2025-06-26 06:00	67.895	67.920	67.840	67.905	5
2025-06-26 06:05	67.910	67.955	67.885	67.950	5
2025-06-26 06:10	67.955	68.025	67.950	68.015	5
2025-06-26 06:15	68.020	68.150	68.015	68.130	5
2025-06-26 06:20	68.090	68.120	68.075	68.110	5
2025-06-26 06:25	68.115	68.180	68.105	68.160	5
2025-06-26 06:30	68.170	68.240	68.160	68.215	5
2025-06-26 06:35	68.225	68.245	68.210	68.210	5
2025-06-26 06:40	68.200	68.205	68.160	68.180	5
2025-06-26 06:45	68.160	68.190	68.135	68.150	5
2025-06-26 06:50	68.155	68.300	68.130	68.260	5
2025-06-26 06:55	68.250	68.275	68.220	68.240	5
2025-06-26 07:00	68.225	68.225	68.090	68.170	5
2025-06-26 07:05	68.180	68.180	68.085	68.090	5
2025-06-26 07:10	68.085	68.110	67.980	67.990	5
2025-06-26 07:15	67.985	67.990	67.820	67.855	5
2025-06-26 07:20	67.850	67.935	67.825	67.910	5
2025-06-26 07:25	67.895	67.910	67.840	67.850	5
2025-06-26 07:30	67.840	67.850	67.715	67.725	5
2025-06-26 07:35	67.720	67.795	67.685	67.695	5
2025-06-26 07:40	67.705	67.745	67.700	67.715	5
2025-06-26 07:45	67.720	67.820	67.710	67.810	5
2025-06-26 07:50	67.815	67.880	67.780	67.800	5
2025-06-26 07:55	67.805	67.870	67.800	67.835	5
2025-06-26 08:00	67.830	67.915	67.730	67.760	5
2025-06-26 08:05	67.750	67.840	67.750	67.800	5
2025-06-26 08:10	67.790	67.790	67.690	67.700	5
2025-06-26 08:15	67.690	67.760	67.590	67.610	5
2025-06-26 08:20	67.605	67.670	67.500	67.660	5
2025-06-26 08:25	67.655	67.760	67.560	67.735	5
2025-06-26 08:30	67.745	67.825	67.720	67.755	5
2025-06-26 08:35	67.730	67.735	67.610	67.680	5
2025-06-26 08:40	67.675	67.730	67.650	67.695	5
2025-06-26 08:45	67.690	67.705	67.600	67.620	5
2025-06-26 08:50	67.610	67.685	67.530	67.565	5
2025-06-26 08:55	67.540	67.590	67.495	67.535	5
2025-06-26 09:00	67.515	67.575	67.410	67.420	5
2025-06-26 09:05	67.430	67.520	67.390	67.470	5
2025-06-26 09:10	67.480	67.500	67.390	67.390	5
2025-06-26 09:15	67.400	67.480	67.360	67.430	5
2025-06-26 09:20	67.435	67.500	67.420	67.480	5
2025-06-26 09:25	67.470	67.585	67.470	67.520	5
2025-06-26 09:30	67.515	67.660	67.515	67.640	5
2025-06-26 09:35	67.635	67.725	67.610	67.680	5
2025-06-26 09:40	67.675	67.800	67.670	67.785	5
2025-06-26 09:45	67.780	67.835	67.760	67.770	5
2025-06-26 09:50	67.760	67.770	67.620	67.630	5
2025-06-26 09:55	67.635	67.780	67.600	67.760	5
2025-06-26 10:00	67.770	67.910	67.765	67.810	5
2025-06-26 10:05	67.800	67.850	67.750	67.810	5
2025-06-26 10:10	67.815	67.860	67.790	67.845	5
2025-06-26 10:15	67.840	67.870	67.800	67.810	5
2025-06-26 10:20	67.820	67.880	67.790	67.840	5
2025-06-26 10:25	67.830	67.855	67.750	67.780	5
2025-06-26 10:30	67.790	67.820	67.715	67.790	5
2025-06-26 10:35	67.800	67.870	67.800	67.840	5
2025-06-26 10:40	67.835	67.980	67.835	67.975	5
2025-06-26 10:45	67.980	68.070	67.950	68.025	5
2025-06-26 10:50	68.030	68.030	67.955	68.000	5
2025-06-26 10:55	68.005	68.015	67.965	67.990	5
2025-06-26 11:00	67.980	67.990	67.920	67.960	5
2025-06-26 11:05	67.955	68.005	67.955	67.965	5
2025-06-26 11:10	67.990	68.015	67.905	67.910	5
2025-06-26 11:15	67.900	67.980	67.895	67.960	5
2025-06-26 11:20	67.955	67.990	67.925	67.960	5
2025-06-26 11:25	67.955	67.975	67.930	67.960	5
2025-06-26 11:30	67.965	67.980	67.900	67.935	5
2025-06-26 11:35	67.930	67.945	67.865	67.870	5
2025-06-26 11:40	67.860	67.890	67.840	67.845	5
2025-06-26 11:45	67.840	67.900	67.840	67.840	5
2025-06-26 11:50	67.835	68.010	67.820	68.000	5
2025-06-26 11:55	68.010	68.040	68.000	68.005	5
2025-06-26 12:00	68.020	68.120	68.020	68.040	5
2025-06-26 12:05	68.035	68.070	68.005	68.020	5
2025-06-26 12:10	68.015	68.030	67.940	67.940	5
2025-06-26 12:15	67.945	67.945	67.910	67.915	5
2025-06-26 12:20	67.910	67.945	67.860	67.940	5
2025-06-26 12:25	67.950	68.020	67.937	67.937	5
2025-06-26 12:30	67.945	68.020	67.895	67.910	5
2025-06-26 12:35	67.915	67.930	67.650	67.680	5
2025-06-26 12:40	67.690	67.690	67.625	67.660	5
2025-06-26 12:45	67.651	67.760	67.651	67.725	5
2025-06-26 12:50	67.730	67.780	67.700	67.700	5
2025-06-26 12:55	67.695	67.750	67.651	67.705	5
2025-06-26 13:00	67.710	67.965	67.665	67.950	5
2025-06-26 13:05	67.955	68.225	67.935	68.200	5
2025-06-26 13:10	68.195	68.230	68.090	68.110	5
2025-06-26 13:15	68.105	68.245	68.090	68.090	5
2025-06-26 13:20	68.095	68.250	68.075	68.100	5
2025-06-26 13:25	68.090	68.155	68.065	68.090	5
2025-06-26 13:30	68.080	68.285	68.010	68.220	5
2025-06-26 13:35	68.215	68.250	68.130	68.190	5
2025-06-26 13:40	68.195	68.300	68.065	68.290	5
2025-06-26 13:45	68.295	68.295	68.055	68.095	5
2025-06-26 13:50	68.100	68.270	67.960	68.170	5
2025-06-26 13:55	68.175	68.235	68.040	68.050	5
2025-06-26 14:00	68.035	68.090	67.980	68.035	5
2025-06-26 14:05	68.040	68.190	68.035	68.170	5
2025-06-26 14:10	68.180	68.365	68.080	68.330	5
2025-06-26 14:15	68.335	68.540	68.320	68.380	5
2025-06-26 14:20	68.370	68.390	68.300	68.360	5
2025-06-26 14:25	68.370	68.590	68.360	68.490	5
2025-06-26 14:30	68.485	68.595	68.420	68.550	5
2025-06-26 14:35	68.535	68.650	68.520	68.640	5
2025-06-26 14:40	68.645	68.735	68.550	68.565	5
2025-06-26 14:45	68.570	68.605	68.535	68.590	5
2025-06-26 14:50	68.585	68.710	68.520	68.695	5
2025-06-26 14:55	68.700	68.720	68.605	68.700	5
2025-06-26 15:00	68.710	68.735	68.640	68.735	5
2025-06-26 15:05	68.750	68.900	68.730	68.800	5
2025-06-26 15:10	68.795	68.805	68.730	68.735	5
2025-06-26 15:15	68.730	68.825	68.690	68.795	5
2025-06-26 15:20	68.800	68.905	68.755	68.885	5
2025-06-26 15:25	68.895	69.015	68.830	68.890	5
2025-06-26 15:30	68.900	68.960	68.750	68.795	5
2025-06-26 15:35	68.790	68.860	68.775	68.810	5
2025-06-26 15:40	68.820	68.875	68.790	68.805	5
2025-06-26 15:45	68.800	68.810	68.650	68.760	5
2025-06-26 15:50	68.750	68.805	68.690	68.740	5
2025-06-26 15:55	68.750	68.760	68.425	68.470	5
2025-06-26 16:00	68.480	68.540	68.365	68.525	5
2025-06-26 16:05	68.530	68.590	68.465	68.560	5
2025-06-26 16:10	68.570	68.575	68.380	68.395	5
2025-06-26 16:15	68.400	68.470	68.380	68.450	5
2025-06-26 16:20	68.470	68.520	68.420	68.440	5
2025-06-26 16:25	68.455	68.470	68.420	68.430	5
2025-06-26 16:30	68.420	68.445	68.380	68.390	5
2025-06-26 16:35	68.385	68.475	68.380	68.420	5
2025-06-26 16:40	68.430	68.460	68.395	68.440	5
2025-06-26 16:45	68.450	68.570	68.430	68.565	5
2025-06-26 16:50	68.560	68.700	68.560	68.670	5
2025-06-26 16:55	68.665	68.695	68.610	68.620	5
2025-06-26 17:00	68.610	68.635	68.455	68.460	5
2025-06-26 17:05	68.470	68.480	68.035	68.150	5
2025-06-26 17:10	68.155	68.265	67.980	68.110	5
2025-06-26 17:15	68.120	68.305	68.000	68.090	5
2025-06-26 17:20	68.105	68.160	67.980	67.995	5
2025-06-26 17:25	68.020	68.105	68.020	68.090	5
2025-06-26 17:30	68.085	68.215	68.030	68.165	5
2025-06-26 17:35	68.160	68.170	67.970	68.020	5
2025-06-26 17:40	68.015	68.060	67.990	68.020	5
2025-06-26 17:45	68.030	68.110	68.020	68.085	5
2025-06-26 17:50	68.100	68.170	68.040	68.040	5
2025-06-26 17:55	68.045	68.060	67.930	67.960	5
2025-06-26 18:00	67.980	68.005	67.845	67.850	5
2025-06-26 18:05	67.860	67.960	67.540	67.595	5
2025-06-26 18:10	67.590	67.660	67.495	67.510	5
2025-06-26 18:15	67.515	67.650	67.505	67.520	5
2025-06-26 18:20	67.540	67.620	67.495	67.545	5
2025-06-26 18:25	67.550	67.745	67.545	67.710	5
2025-06-26 18:30	67.700	67.745	67.680	67.720	5
2025-06-26 18:35	67.725	67.770	67.700	67.730	5
2025-06-26 18:40	67.735	67.740	67.635	67.650	5
2025-06-26 18:45	67.655	67.700	67.650	67.690	5
2025-06-26 18:50	67.680	67.695	67.650	67.665	5
2025-06-26 18:55	67.670	67.740	67.645	67.720	5
2025-06-26 19:00	67.710	67.820	67.705	67.780	5
2025-06-26 19:05	67.770	67.910	67.770	67.900	5
2025-06-26 19:10	67.895	67.920	67.895	67.910	5
2025-06-26 19:15	67.905	67.920	67.800	67.800	5
2025-06-26 19:20	67.795	67.810	67.760	67.780	5
2025-06-26 19:25	67.790	67.875	67.780	67.860	5
2025-06-26 19:30	67.865	67.895	67.845	67.890	5
2025-06-26 19:35	67.895	67.910	67.850	67.900	5
2025-06-26 19:40	67.895	67.920	67.890	67.890	5
2025-06-26 19:45	67.895	67.920	67.855	67.860	5
2025-06-26 19:50	67.870	67.880	67.820	67.845	5
2025-06-26 19:55	67.840	67.960	67.840	67.915	5
2025-06-26 20:00	67.920	67.977	67.877	67.977	5
2025-06-26 20:05	67.987	67.987	67.947	67.962	5
2025-06-26 20:10	67.967	67.967	67.887	67.912	5
2025-06-26 20:15	67.902	67.937	67.827	67.832	5
2025-06-26 20:20	67.842	67.887	67.812	67.822	5
2025-06-26 20:25	67.817	67.827	67.807	67.817	5
2025-06-26 20:30	67.812	67.827	67.797	67.817	5
2025-06-26 20:35	67.822	67.827	67.752	67.752	5
2025-06-26 20:40	67.757	67.757	67.757	67.757	1
2025-06-27 00:00	66.845	66.845	66.760	66.820	5
2025-06-27 00:05	66.830	66.870	66.815	66.820	5
2025-06-27 00:10	66.850	66.850	66.793	66.820	4
2025-06-27 00:15	66.825	66.895	66.820	66.835	5
2025-06-27 00:20	66.830	66.835	66.810	66.830	5
2025-06-27 00:25	66.800	66.825	66.780	66.820	5
2025-06-27 00:30	66.835	66.850	66.820	66.840	5
2025-06-27 00:35	66.845	66.845	66.810	66.810	5
2025-06-27 00:40	66.815	66.845	66.783	66.845	5
2025-06-27 00:45	66.798	66.865	66.798	66.850	5
2025-06-27 00:50	66.845	66.850	66.783	66.815	5
2025-06-27 00:55	66.810	66.880	66.805	66.870	5
2025-06-27 01:00	66.865	67.030	66.865	66.960	5
2025-06-27 01:05	66.950	67.020	66.940	66.990	5
2025-06-27 01:10	66.980	67.030	66.980	67.020	5
2025-06-27 01:15	67.015	67.020	66.965	66.990	5
2025-06-27 01:20	66.985	67.000	66.945	66.945	5
2025-06-27 01:25	66.950	66.970	66.925	66.960	5
2025-06-27 01:30	66.955	67.040	66.950	67.020	5
2025-06-27 01:35	67.015	67.015	66.980	66.985	5
2025-06-27 01:40	67.000	67.030	66.985	66.990	5
2025-06-27 01:45	66.995	67.010	66.980	67.010	5
2025-06-27 01:50	67.015	67.100	67.000	67.080	5
2025-06-27 01:55	67.090	67.105	67.060	67.070	5
2025-06-27 02:00	67.065	67.135	67.065	67.110	5
2025-06-27 02:05	67.115	67.130	67.085	67.100	5
2025-06-27 02:10	67.095	67.115	67.075	67.095	5
2025-06-27 02:15	67.048	67.115	67.048	67.095	5
2025-06-27 02:20	67.085	67.100	67.075	67.075	5
2025-06-27 02:25	67.085	67.095	67.065	67.095	5
2025-06-27 02:30	67.090	67.115	67.070	67.090	5
2025-06-27 02:35	67.095	67.110	67.015	67.025	5
2025-06-27 02:40	67.040	67.050	67.020	67.025	5
2025-06-27 02:45	67.030	67.115	67.030	67.115	5
2025-06-27 02:50	67.105	67.155	67.100	67.110	5
2025-06-27 02:55	67.105	67.120	67.065	67.070	5
2025-06-27 03:00	67.075	67.110	67.070	67.105	5
2025-06-27 03:05	67.095	67.105	67.040	67.060	5
2025-06-27 03:10	67.055	67.055	67.010	67.015	5
2025-06-27 03:15	67.020	67.025	66.990	67.010	5
2025-06-27 03:20	67.015	67.025	66.975	66.990	5
2025-06-27 03:25	66.985	66.995	66.955	66.980	5
2025-06-27 03:30	66.975	67.025	66.965	67.020	5
2025-06-27 03:35	67.015	67.025	66.995	67.020	5
2025-06-27 03:40	67.025	67.030	67.000	67.030	5
2025-06-27 03:45	67.035	67.035	66.985	66.995	5
2025-06-27 03:50	66.990	66.995	66.980	66.995	5
2025-06-27 03:55	66.948	66.985	66.948	66.965	5
2025-06-27 04:00	66.960	67.000	66.950	66.995	5
2025-06-27 04:05	66.990	67.070	66.990	67.065	5
2025-06-27 04:10	67.055	67.080	67.030	67.080	5
2025-06-27 04:15	67.085	67.105	67.075	67.090	5
2025-06-27 04:20	67.095	67.125	67.043	67.125	5
2025-06-27 04:25	67.120	67.120	67.075	67.080	5
2025-06-27 04:30	67.090	67.090	67.055	67.060	5
2025-06-27 04:35	67.065	67.085	67.065	67.080	5
2025-06-27 04:40	67.085	67.085	67.023	67.023	5
2025-06-27 04:45	67.075	67.095	67.070	67.085	4
2025-06-27 04:50	67.090	67.095	67.070	67.070	4
2025-06-27 04:55	67.075	67.075	67.050	67.060	4
2025-06-27 05:00	67.055	67.080	67.025	67.080	5
2025-06-27 05:05	67.075	67.170	67.075	67.165	5
2025-06-27 05:10	67.160	67.165	67.090	67.125	5
2025-06-27 05:15	67.120	67.155	67.120	67.130	5
2025-06-27 05:20	67.125	67.130	67.100	67.100	5
2025-06-27 05:25	67.095	67.170	67.085	67.160	5
2025-06-27 05:30	67.150	67.175	67.105	67.140	5
2025-06-27 05:35	67.145	67.150	67.110	67.135	5
2025-06-27 05:40	67.140	67.155	67.090	67.105	5
2025-06-27 05:45	67.100	67.105	67.075	67.085	5
2025-06-27 05:50	67.090	67.140	67.070	67.070	5
2025-06-27 05:55	67.075	67.120	67.035	67.115	5
2025-06-27 06:00	67.120	67.160	67.065	67.130	5
2025-06-27 06:05	67.125	67.130	67.090	67.120	4
2025-06-27 06:10	67.115	67.205	67.110	67.175	5
2025-06-27 06:15	67.160	67.180	67.090	67.140	5
2025-06-27 06:20	67.130	67.140	67.100	67.105	5
2025-06-27 06:25	67.100	67.105	67.000	67.020	5
2025-06-27 06:30	67.025	67.070	66.990	67.050	5
2025-06-27 06:35	67.040	67.050	66.985	67.010	5
2025-06-27 06:40	67.020	67.025	66.975	67.000	5
2025-06-27 06:45	66.995	67.075	66.995	67.045	5
2025-06-27 06:50	67.040	67.040	66.990	67.030	5
2025-06-27 06:55	67.025	67.070	66.990	67.030	5
2025-06-27 07:00	67.035	67.245	66.990	67.220	5
2025-06-27 07:05	67.215	67.270	67.105	67.105	5
2025-06-27 07:10	67.115	67.195	67.115	67.175	5
2025-06-27 07:15	67.155	67.235	67.120	67.190	5
2025-06-27 07:20	67.195	67.265	67.165	67.200	5
2025-06-27 07:25	67.195	67.200	67.160	67.180	5
2025-06-27 07:30	67.185	67.205	67.100	67.130	5
2025-06-27 07:35	67.125	67.135	66.995	67.015	5
2025-06-27 07:40	67.020	67.095	66.975	67.055	5
2025-06-27 07:45	67.035	67.090	66.975	66.980	5
2025-06-27 07:50	66.975	67.035	66.965	67.035	5
2025-06-27 07:55	67.025	67.085	66.995	67.040	5
2025-06-27 08:00	67.055	67.115	67.013	67.075	5
2025-06-27 08:05	67.035	67.070	66.985	67.065	5
2025-06-27 08:10	67.060	67.105	66.985	67.075	5
2025-06-27 08:15	67.080	67.175	67.055	67.150	5
2025-06-27 08:20	67.155	67.190	67.075	67.115	5
2025-06-27 08:25	67.125	67.165	67.065	67.115	5
2025-06-27 08:30	67.110	67.275	67.095	67.220	5
2025-06-27 08:35	67.215	67.255	67.175	67.245	5
2025-06-27 08:40	67.225	67.285	67.215	67.260	5
2025-06-27 08:45	67.255	67.260	67.085	67.105	5
2025-06-27 08:50	67.115	67.150	67.085	67.120	5
2025-06-27 08:55	67.115	67.205	67.095	67.205	5
2025-06-27 09:00	67.225	67.265	67.125	67.125	5
2025-06-27 09:05	67.130	67.255	67.125	67.200	5
2025-06-27 09:10	67.195	67.195	67.125	67.125	5
2025-06-27 09:15	67.135	67.180	67.125	67.165	5
2025-06-27 09:20	67.160	67.200	67.145	67.180	5
2025-06-27 09:25	67.175	67.225	67.165	67.225	5
2025-06-27 09:30	67.235	67.235	67.165	67.195	4
2025-06-27 09:35	67.205	67.235	67.065	67.105	5
2025-06-27 09:40	67.110	67.140	67.065	67.110	5
2025-06-27 09:45	67.105	67.130	67.035	67.065	5
2025-06-27 09:50	67.060	67.110	67.055	67.065	5
2025-06-27 09:55	67.055	67.085	67.015	67.045	5
2025-06-27 10:00	67.040	67.145	67.035	67.140	5
2025-06-27 10:05	67.135	67.180	67.125	67.170	5
2025-06-27 10:10	67.165	67.185	67.135	67.165	4
2025-06-27 10:15	67.145	67.155	67.095	67.095	5
2025-06-27 10:20	67.100	67.110	67.020	67.040	5
2025-06-27 10:25	67.045	67.080	67.035	67.050	5
2025-06-27 10:30	67.055	67.085	67.045	67.065	5
2025-06-27 10:35	67.060	67.085	67.045	67.065	5
2025-06-27 10:40	67.055	67.075	67.045	67.060	5
2025-06-27 10:45	67.065	67.065	66.895	66.915	5
2025-06-27 10:50	66.910	66.915	66.775	66.775	5
2025-06-27 10:55	66.770	66.795	66.685	66.705	5
2025-06-27 11:00	66.725	66.830	66.705	66.820	5
2025-06-27 11:05	66.835	66.855	66.785	66.800	5
2025-06-27 11:10	66.795	66.850	66.765	66.815	5
2025-06-27 11:15	66.805	66.850	66.790	66.835	5
2025-06-27 11:20	66.840	66.860	66.805	66.830	5
2025-06-27 11:25	66.835	66.935	66.805	66.925	5
2025-06-27 11:30	66.945	66.990	66.825	66.985	5
2025-06-27 11:35	66.980	66.985	66.920	66.970	5
2025-06-27 11:40	66.965	67.070	66.945	67.055	5
2025-06-27 11:45	67.060	67.150	67.055	67.065	5
2025-06-27 11:50	67.045	67.145	67.040	67.075	5
2025-06-27 11:55	67.065	67.105	67.065	67.080	5
2025-06-27 12:00	67.075	67.140	67.010	67.025	5
2025-06-27 12:05	67.020	67.070	67.010	67.055	5
2025-06-27 12:10	67.060	67.125	67.045	67.110	5
2025-06-27 12:15	67.105	67.145	67.030	67.050	5
2025-06-27 12:20	67.045	67.080	66.965	67.005	5
2025-06-27 12:25	67.000	67.025	66.945	66.990	5
2025-06-27 12:30	66.980	66.980	66.850	66.930	5
2025-06-27 12:35	66.935	66.965	66.900	66.900	5
2025-06-27 12:40	66.905	66.925	66.825	66.830	5
2025-06-27 12:45	66.835	66.900	66.825	66.840	5
2025-06-27 12:50	66.835	66.895	66.795	66.870	5
2025-06-27 12:55	66.875	66.905	66.828	66.895	5
2025-06-27 13:00	66.915	67.035	66.900	67.015	5
2025-06-27 13:05	67.010	67.075	66.980	67.015	5
2025-06-27 13:10	67.010	67.085	66.985	67.005	5
2025-06-27 13:15	67.010	67.175	66.965	67.065	5
2025-06-27 13:20	67.075	67.115	67.028	67.095	5
2025-06-27 13:25	67.100	67.105	66.985	67.050	5
2025-06-27 13:30	67.030	67.200	66.985	67.145	5
2025-06-27 13:35	67.150	67.175	67.025	67.025	5
2025-06-27 13:40	67.045	67.135	67.000	67.005	5
2025-06-27 13:45	66.985	67.005	66.885	66.910	5
2025-06-27 13:50	66.915	67.065	66.915	67.025	5
2025-06-27 13:55	67.015	67.145	66.975	67.085	5
2025-06-27 14:00	67.095	67.145	66.885	66.950	5
2025-06-27 14:05	66.935	66.945	66.855	66.905	5
2025-06-27 14:10	66.900	67.045	66.895	66.995	5
2025-06-27 14:15	67.000	67.025	66.945	67.025	5
2025-06-27 14:20	67.015	67.125	67.005	67.030	5
2025-06-27 14:25	67.025	67.075	67.005	67.060	5
2025-06-27 14:30	67.065	67.105	67.023	67.090	5
2025-06-27 14:35	67.095	67.140	67.000	67.015	5
2025-06-27 14:40	67.025	67.055	67.000	67.015	5
2025-06-27 14:45	67.025	67.125	67.015	67.105	5
2025-06-27 14:50	67.115	67.115	67.000	67.030	5
2025-06-27 14:55	67.025	67.040	66.985	67.035	5
2025-06-27 15:00	67.040	67.075	66.945	67.020	5
2025-06-27 15:05	67.025	67.175	67.015	67.150	5
2025-06-27 15:10	67.145	67.205	67.085	67.180	5
2025-06-27 15:15	67.175	67.265	67.165	67.205	5
2025-06-27 15:20	67.220	67.220	67.065	67.130	5
2025-06-27 15:25	67.135	67.255	67.080	67.185	5
2025-06-27 15:30	67.180	67.185	66.505	66.570	5
2025-06-27 15:35	66.575	66.580	66.385	66.420	5
2025-06-27 15:40	66.415	66.440	66.105	66.355	5
2025-06-27 15:45	66.365	66.595	66.355	66.485	5
2025-06-27 15:50	66.495	66.620	66.420	66.490	5
2025-06-27 15:55	66.475	66.540	66.455	66.505	5
2025-06-27 16:00	66.510	66.615	66.370	66.470	5
2025-06-27 16:05	66.475	66.555	66.420	66.455	5
2025-06-27 16:10	66.465	66.525	66.360	66.380	5
2025-06-27 16:15	66.385	66.435	66.335	66.355	5
2025-06-27 16:20	66.360	66.470	66.345	66.450	5
2025-06-27 16:25	66.435	66.515	66.400	66.475	5
2025-06-27 16:30	66.455	66.535	66.385	66.405	5
2025-06-27 16:35	66.415	66.485	66.345	66.380	5
2025-06-27 16:40	66.385	66.605	66.380	66.545	5
2025-06-27 16:45	66.550	66.560	66.445	66.475	5
2025-06-27 16:50	66.485	66.565	66.465	66.545	5
2025-06-27 16:55	66.555	66.595	66.515	66.545	5
2025-06-27 17:00	66.540	66.555	66.445	66.445	5
2025-06-27 17:05	66.455	66.495	66.425	66.465	5
2025-06-27 17:10	66.460	66.735	66.450	66.605	5
2025-06-27 17:15	66.610	66.675	66.535	66.650	5
2025-06-27 17:20	66.655	66.795	66.645	66.755	5
2025-06-27 17:25	66.770	66.770	66.710	66.760	5
2025-06-27 17:30	66.765	66.870	66.760	66.835	5
2025-06-27 17:35	66.820	66.830	66.705	66.775	5
2025-06-27 17:40	66.750	66.755	66.633	66.705	5
2025-06-27 17:45	66.700	66.755	66.615	66.755	5
2025-06-27 17:50	66.765	66.870	66.765	66.800	5
2025-06-27 17:55	66.810	66.865	66.780	66.840	5
2025-06-27 18:00	66.850	66.875	66.780	66.825	5
2025-06-27 18:05	66.820	66.860	66.740	66.800	5
2025-06-27 18:10	66.795	66.835	66.715	66.805	5
2025-06-27 18:15	66.815	66.925	66.795	66.855	5
2025-06-27 18:20	66.860	66.900	66.780	66.795	5
2025-06-27 18:25	66.800	66.877	66.725	66.725	5
2025-06-27 18:30	66.720	66.745	66.635	66.665	5
2025-06-27 18:35	66.675	66.675	66.610	66.625	5
2025-06-27 18:40	66.630	66.645	66.565	66.625	5
2025-06-27 18:45	66.630	66.665	66.615	66.630	5
2025-06-27 18:50	66.635	66.635	66.585	66.590	5
2025-06-27 18:55	66.595	66.605	66.580	66.605	5
2025-06-27 19:00	66.595	66.605	66.585	66.605	4
2025-06-27 19:05	66.595	66.595	66.575	66.580	5
2025-06-27 19:10	66.575	66.575	66.485	66.490	5
2025-06-27 19:15	66.495	66.530	66.495	66.495	5
2025-06-27 19:20	66.500	66.535	66.495	66.505	5
2025-06-27 19:25	66.510	66.510	66.475	66.495	5
2025-06-27 19:30	66.505	66.515	66.425	66.425	5
2025-06-27 19:35	66.415	66.425	66.395	66.400	5
2025-06-27 19:40	66.395	66.405	66.380	66.390	5
2025-06-27 19:45	66.395	66.405	66.375	66.395	5
2025-06-27 19:50	66.405	66.445	66.385	66.425	5
2025-06-27 19:55	66.430	66.475	66.415	66.430	5
2025-06-27 20:00	66.435	66.445	66.412	66.417	5
2025-06-27 20:05	66.422	66.442	66.407	66.442	4
2025-06-27 20:10	66.437	66.487	66.412	66.447	5
2025-06-27 20:15	66.442	66.447	66.387	66.392	5
2025-06-27 20:20	66.412	66.412	66.352	66.352	5
2025-06-27 20:25	66.357	66.357	66.337	66.342	5
2025-06-27 20:30	66.352	66.367	66.332	66.337	5
2025-06-27 20:35	66.342	66.362	66.332	66.352	5
2025-06-27 20:40	66.362	66.442	66.362	66.422	5
2025-06-27 20:45	66.412	66.427	66.397	66.397	5
2025-06-27 20:50	66.407	66.407	66.357	66.372	5
2025-06-27 20:55	66.362	66.382	66.352	66.352	5
2025-06-30 00:00	66.130	66.175	66.103	66.160	5
2025-06-30 00:05	66.155	66.155	66.045	66.120	5
2025-06-30 00:10	66.130	66.130	66.045	66.090	5
2025-06-30 00:15	66.100	66.110	66.070	66.080	5
2025-06-30 00:20	66.075	66.075	66.055	66.055	5
2025-06-30 00:25	66.008	66.055	65.935	65.955	5
2025-06-30 00:30	65.950	65.950	65.905	65.920	5
2025-06-30 00:35	65.915	65.950	65.905	65.930	5
2025-06-30 00:40	65.935	66.045	65.915	66.040	5
2025-06-30 00:45	66.055	66.055	66.010	66.010	5
2025-06-30 00:50	66.015	66.040	65.995	66.015	5
2025-06-30 00:55	66.045	66.060	65.988	66.050	4
2025-06-30 01:00	66.040	66.160	66.025	66.110	5
2025-06-30 01:05	66.115	66.155	66.090	66.115	5
2025-06-30 01:10	66.120	66.170	66.085	66.160	5
2025-06-30 01:15	66.150	66.185	66.115	66.150	5
2025-06-30 01:20	66.155	66.195	66.145	66.180	5
2025-06-30 01:25	66.175	66.215	66.110	66.110	5
2025-06-30 01:30	66.115	66.235	66.115	66.165	5
2025-06-30 01:35	66.170	66.195	66.130	66.130	5
2025-06-30 01:40	66.135	66.205	66.125	66.190	5
2025-06-30 01:45	66.185	66.225	66.125	66.215	5
2025-06-30 01:50	66.220	66.250	66.140	66.150	5
2025-06-30 01:55	66.145	66.235	66.105	66.225	5
2025-06-30 02:00	66.220	66.550	66.210	66.515	5
2025-06-30 02:05	66.505	66.525	66.398	66.495	5
2025-06-30 02:10	66.490	66.515	66.450	66.500	5
2025-06-30 02:15	66.505	66.510	66.460	66.485	5
2025-06-30 02:20	66.480	66.510	66.443	66.490	5
2025-06-30 02:25	66.485	66.515	66.480	66.505	5
2025-06-30 02:30	66.510	66.665	66.510	66.640	5
2025-06-30 02:35	66.635	66.665	66.555	66.565	5
2025-06-30 02:40	66.570	66.575	66.505	66.560	5
2025-06-30 02:45	66.565	66.665	66.545	66.575	5
2025-06-30 02:50	66.570	66.590	66.530	66.550	5
2025-06-30 02:55	66.545	66.605	66.525	66.590	5
2025-06-30 03:00	66.595	66.605	66.525	66.555	5
2025-06-30 03:05	66.580	66.585	66.540	66.550	5
2025-06-30 03:10	66.560	66.565	66.530	66.555	5
2025-06-30 03:15	66.560	66.575	66.505	66.565	5
2025-06-30 03:20	66.570	66.575	66.528	66.528	4
2025-06-30 03:25	66.575	66.635	66.575	66.615	5
2025-06-30 03:30	66.610	66.620	66.563	66.595	5
2025-06-30 03:35	66.585	66.610	66.580	66.600	5
2025-06-30 03:40	66.605	66.610	66.563	66.610	5
2025-06-30 03:45	66.615	66.635	66.610	66.620	4
2025-06-30 03:50	66.625	66.625	66.585	66.590	4
2025-06-30 03:55	66.585	66.595	66.535	66.555	5
2025-06-30 04:00	66.560	66.590	66.530	66.570	4
2025-06-30 04:05	66.575	66.590	66.565	66.585	5
2025-06-30 04:10	66.590	66.605	66.558	66.605	3
2025-06-30 04:15	66.558	66.615	66.558	66.615	4
2025-06-30 04:20	66.625	66.625	66.548	66.595	4
2025-06-30 04:25	66.590	66.610	66.548	66.605	5
2025-06-30 04:30	66.600	66.610	66.565	66.580	4
2025-06-30 04:35	66.585	66.625	66.538	66.620	5
2025-06-30 04:40	66.625	66.625	66.563	66.620	5
2025-06-30 04:45	66.610	66.615	66.585	66.610	5
2025-06-30 04:50	66.615	66.630	66.605	66.630	5
2025-06-30 04:55	66.635	66.645	66.595	66.600	5
2025-06-30 05:00	66.595	66.630	66.590	66.615	4
2025-06-30 05:05	66.610	66.610	66.558	66.568	4
2025-06-30 05:10	66.615	66.635	66.568	66.620	5
2025-06-30 05:15	66.625	66.625	66.610	66.615	5
2025-06-30 05:20	66.610	66.695	66.590	66.695	5
2025-06-30 05:25	66.690	66.695	66.643	66.685	5
2025-06-30 05:30	66.680	66.755	66.660	66.755	5
2025-06-30 05:35	66.760	66.765	66.705	66.750	5
2025-06-30 05:40	66.755	66.785	66.708	66.775	5
2025-06-30 05:45	66.780	66.795	66.760	66.780	5
2025-06-30 05:50	66.775	66.825	66.765	66.825	5
2025-06-30 05:55	66.830	66.845	66.820	66.825	5
2025-06-30 06:00	66.815	66.835	66.785	66.785	5
2025-06-30 06:05	66.780	66.785	66.725	66.730	5
2025-06-30 06:10	66.725	66.735	66.655	66.655	5
2025-06-30 06:15	66.660	66.670	66.555	66.575	5
2025-06-30 06:20	66.580	66.635	66.570	66.620	5
2025-06-30 06:25	66.615	66.665	66.610	66.650	5
2025-06-30 06:30	66.655	66.655	66.605	66.605	5
2025-06-30 06:35	66.615	66.670	66.615	66.620	5
2025-06-30 06:40	66.625	66.675	66.600	66.650	5
2025-06-30 06:45	66.655	66.655	66.585	66.585	5
2025-06-30 06:50	66.580	66.580	66.540	66.565	5
2025-06-30 06:55	66.570	66.575	66.480	66.495	5
2025-06-30 07:00	66.485	66.565	66.400	66.560	5
2025-06-30 07:05	66.555	66.615	66.515	66.595	5
2025-06-30 07:10	66.610	66.695	66.575	66.655	5
2025-06-30 07:15	66.665	66.675	66.505	66.535	5
2025-06-30 07:20	66.545	66.625	66.515	66.580	5
2025-06-30 07:25	66.585	66.645	66.575	66.615	5
2025-06-30 07:30	66.625	66.700	66.615	66.635	5
2025-06-30 07:35	66.620	66.685	66.615	66.680	5
2025-06-30 07:40	66.685	66.785	66.680	66.750	5
2025-06-30 07:45	66.755	66.770	66.660	66.660	5
2025-06-30 07:50	66.655	66.655	66.555	66.565	5
2025-06-30 07:55	66.570	66.595	66.545	66.570	5
2025-06-30 08:00	66.528	66.825	66.528	66.815	5
2025-06-30 08:05	66.805	66.865	66.795	66.845	5
2025-06-30 08:10	66.855	66.885	66.815	66.855	5
2025-06-30 08:15	66.850	67.005	66.850	67.005	5
2025-06-30 08:20	66.995	67.010	66.925	67.005	5
2025-06-30 08:25	67.010	67.075	66.955	67.065	5
2025-06-30 08:30	67.085	67.175	67.060	67.125	5
2025-06-30 08:35	67.140	67.140	67.040	67.060	5
2025-06-30 08:40	67.055	67.090	66.905	66.955	5
2025-06-30 08:45	66.965	66.970	66.835	66.855	5
2025-06-30 08:50	66.845	66.955	66.840	66.915	5
2025-06-30 08:55	66.910	66.945	66.845	66.845	5
2025-06-30 09:00	66.835	66.845	66.690	66.730	5
2025-06-30 09:05	66.735	66.760	66.675	66.755	5
2025-06-30 09:10	66.760	66.870	66.760	66.855	5
2025-06-30 09:15	66.875	67.010	66.875	66.970	5
2025-06-30 09:20	66.955	66.960	66.875	66.880	5
2025-06-30 09:25	66.875	66.880	66.665	66.675	5
2025-06-30 09:30	66.665	66.705	66.495	66.555	5
2025-06-30 09:35	66.575	66.645	66.525	66.630	5
2025-06-30 09:40	66.625	66.665	66.590	66.660	5
2025-06-30 09:45	66.665	66.720	66.650	66.680	5
2025-06-30 09:50	66.685	66.765	66.580	66.615	5
2025-06-30 09:55	66.605	66.695	66.590	66.685	5
2025-06-30 10:00	66.690	66.715	66.605	66.640	5
2025-06-30 10:05	66.635	66.775	66.635	66.745	5
2025-06-30 10:10	66.740	66.785	66.680	66.715	5
2025-06-30 10:15	66.705	66.800	66.660	66.750	5
2025-06-30 10:20	66.740	66.760	66.595	66.600	5
2025-06-30 10:25	66.595	66.670	66.565	66.635	5
2025-06-30 10:30	66.640	66.815	66.640	66.765	5
2025-06-30 10:35	66.755	66.805	66.750	66.775	5
2025-06-30 10:40	66.760	66.765	66.705	66.715	5
2025-06-30 10:45	66.705	66.710	66.590	66.600	5
2025-06-30 10:50	66.595	66.685	66.595	66.635	5
2025-06-30 10:55	66.645	66.675	66.615	66.630	5
2025-06-30 11:00	66.640	66.695	66.625	66.650	5
2025-06-30 11:05	66.630	66.670	66.615	66.635	5
2025-06-30 11:10	66.625	66.645	66.605	66.615	5
2025-06-30 11:15	66.610	66.720	66.565	66.565	5
2025-06-30 11:20	66.555	66.755	66.555	66.700	5
2025-06-30 11:25	66.675	66.685	66.585	66.585	5
2025-06-30 11:30	66.590	66.655	66.585	66.595	5
2025-06-30 11:35	66.605	66.660	66.605	66.640	5
2025-06-30 11:40	66.645	66.695	66.615	66.690	5
2025-06-30 11:45	66.695	66.745	66.685	66.695	5
2025-06-30 11:50	66.700	66.705	66.615	66.635	5
2025-06-30 11:55	66.650	66.735	66.650	66.730	5
2025-06-30 12:00	66.735	66.805	66.705	66.730	5
2025-06-30 12:05	66.725	66.755	66.705	66.735	5
2025-06-30 12:10	66.740	66.765	66.710	66.745	5
2025-06-30 12:15	66.735	66.800	66.715	66.795	5
2025-06-30 12:20	66.800	66.800	66.680	66.700	5
2025-06-30 12:25	66.705	66.740	66.685	66.695	5
2025-06-30 12:30	66.700	66.850	66.668	66.840	5
2025-06-30 12:35	66.835	66.840	66.785	66.795	5
2025-06-30 12:40	66.790	66.865	66.785	66.790	5
2025-06-30 12:45	66.795	66.805	66.715	66.795	5
2025-06-30 12:50	66.765	66.800	66.720	66.790	5
2025-06-30 12:55	66.785	66.820	66.750	66.770	5
2025-06-30 13:00	66.775	66.775	66.550	66.610	5
2025-06-30 13:05	66.605	66.755	66.515	66.520	5
2025-06-30 13:10	66.525	66.565	66.500	66.515	5
2025-06-30 13:15	66.505	66.555	66.465	66.535	5
2025-06-30 13:20	66.540	66.705	66.520	66.705	5
2025-06-30 13:25	66.715	66.815	66.685	66.775	5
2025-06-30 13:30	66.770	66.770	66.665	66.735	5
2025-06-30 13:35	66.730	66.775	66.605	66.655	5
2025-06-30 13:40	66.670	66.780	66.655	66.675	5
2025-06-30 13:45	66.670	66.855	66.625	66.835	5
2025-06-30 13:50	66.830	66.880	66.755	66.795	5
2025-06-30 13:55	66.785	66.825	66.655	66.775	5
2025-06-30 14:00	66.780	66.855	66.710	66.805	5
2025-06-30 14:05	66.795	66.870	66.670	66.675	5
2025-06-30 14:10	66.670	66.670	66.555	66.595	5
2025-06-30 14:15	66.585	66.615	66.560	66.595	5
2025-06-30 14:20	66.605	66.625	66.560	66.585	5
2025-06-30 14:25	66.590	66.615	66.555	66.570	5
2025-06-30 14:30	66.550	66.550	66.365	66.425	5
2025-06-30 14:35	66.435	66.495	66.365	66.415	5
2025-06-30 14:40	66.420	66.505	66.385	66.435	5
2025-06-30 14:45	66.430	66.430	66.355	66.405	5
2025-06-30 14:50	66.395	66.495	66.380	66.395	5
2025-06-30 14:55	66.390	66.430	66.355	66.400	5
2025-06-30 15:00	66.363	66.555	66.358	66.505	5
2025-06-30 15:05	66.500	66.525	66.360	66.360	5
2025-06-30 15:10	66.365	66.365	66.245	66.310	5
2025-06-30 15:15	66.305	66.460	66.290	66.360	5
2025-06-30 15:20	66.365	66.475	66.355	66.375	5
2025-06-30 15:25	66.380	66.535	66.375	66.465	5
2025-06-30 15:30	66.475	66.510	66.315	66.365	5
2025-06-30 15:35	66.375	66.405	66.245	66.295	5
2025-06-30 15:40	66.285	66.330	66.235	66.325	5
2025-06-30 15:45	66.335	66.370	66.283	66.345	5
2025-06-30 15:50	66.340	66.395	66.325	66.345	5
2025-06-30 15:55	66.335	66.495	66.315	66.445	5
2025-06-30 16:00	66.440	66.490	66.415	66.415	5
2025-06-30 16:05	66.425	66.465	66.390	66.445	5
2025-06-30 16:10	66.440	66.665	66.415	66.630	5
2025-06-30 16:15	66.635	66.675	66.605	66.625	5
2025-06-30 16:20	66.630	66.675	66.585	66.595	5
2025-06-30 16:25	66.590	66.655	66.590	66.640	5
2025-06-30 16:30	66.645	66.695	66.615	66.670	5
2025-06-30 16:35	66.665	66.675	66.560	66.600	5
2025-06-30 16:40	66.595	66.595	66.535	66.580	5
2025-06-30 16:45	66.585	66.610	66.560	66.565	5
2025-06-30 16:50	66.560	66.715	66.555	66.715	5
2025-06-30 16:55	66.705	66.740	66.665	66.740	5
2025-06-30 17:00	66.730	66.800	66.655	66.675	5
2025-06-30 17:05	66.670	66.710	66.595	66.620	5
2025-06-30 17:10	66.615	66.640	66.600	66.635	5
2025-06-30 17:15	66.630	66.700	66.615	66.695	5
2025-06-30 17:20	66.690	66.700	66.635	66.655	5
2025-06-30 17:25	66.660	66.685	66.625	66.635	5
2025-06-30 17:30	66.645	66.695	66.635	66.675	5
2025-06-30 17:35	66.670	66.675	66.590	66.630	5
2025-06-30 17:40	66.635	66.685	66.635	66.655	5
2025-06-30 17:45	66.650	66.650	66.575	66.610	5
2025-06-30 17:50	66.615	66.635	66.545	66.605	5
2025-06-30 17:55	66.615	66.670	66.525	66.555	5
2025-06-30 18:00	66.550	66.575	66.515	66.525	5
2025-06-30 18:05	66.535	66.540	66.475	66.495	5
2025-06-30 18:10	66.490	66.585	66.485	66.555	5
2025-06-30 18:15	66.565	66.635	66.565	66.605	5
2025-06-30 18:20	66.615	66.660	66.595	66.655	5
2025-06-30 18:25	66.660	66.755	66.655	66.715	5
2025-06-30 18:30	66.725	66.765	66.695	66.745	5
2025-06-30 18:35	66.740	66.745	66.660	66.730	4
2025-06-30 18:40	66.735	66.740	66.680	66.725	5
2025-06-30 18:45	66.720	66.735	66.695	66.695	5
2025-06-30 18:50	66.675	66.695	66.610	66.620	5
2025-06-30 18:55	66.615	66.635	66.595	66.610	5
2025-06-30 19:00	66.615	66.615	66.515	66.555	5
2025-06-30 19:05	66.560	66.565	66.540	66.550	5
2025-06-30 19:10	66.545	66.550	66.510	66.510	5
2025-06-30 19:15	66.515	66.515	66.485	66.500	5
2025-06-30 19:20	66.505	66.515	66.495	66.505	5
2025-06-30 19:25	66.515	66.590	66.515	66.590	5
2025-06-30 19:30	66.585	66.585	66.533	66.580	5
2025-06-30 19:35	66.575	66.625	66.570	66.605	5
2025-06-30 19:40	66.600	66.615	66.600	66.605	4
2025-06-30 19:45	66.563	66.610	66.563	66.605	5
2025-06-30 19:50	66.600	66.640	66.595	66.610	5
2025-06-30 19:55	66.605	66.630	66.595	66.620	4
2025-06-30 20:00	66.597	66.692	66.597	66.692	5
2025-06-30 20:05	66.687	66.687	66.643	66.682	5
2025-06-30 20:10	66.687	66.687	66.662	66.682	4
2025-06-30 20:15	66.672	66.677	66.613	66.627	5
2025-06-30 20:20	66.637	66.647	66.597	66.597	5
2025-06-30 20:25	66.592	66.597	66.553	66.567	5
2025-06-30 20:30	66.572	66.572	66.532	66.537	5
2025-06-30 20:35	66.557	66.562	66.532	66.537	5
2025-06-30 20:40	66.542	66.567	66.537	66.562	5
2025-06-30 20:45	66.552	66.557	66.457	66.522	5
2025-06-30 20:50	66.527	66.542	66.512	66.537	5
2025-06-30 20:55	66.532	66.562	66.532	66.552	5
2025-07-01 00:00	66.545	66.615	66.545	66.600	5
2025-07-01 00:05	66.590	66.590	66.520	66.530	5
2025-07-01 00:10	66.535	66.535	66.463	66.515	5
2025-07-01 00:15	66.520	66.525	66.473	66.500	5
2025-07-01 00:20	66.495	66.505	66.475	66.485	4
2025-07-01 00:25	66.490	66.535	66.485	66.520	5
2025-07-01 00:30	66.473	66.535	66.463	66.535	5
2025-07-01 00:35	66.530	66.550	66.530	66.540	5
2025-07-01 00:40	66.493	66.575	66.493	66.565	5
2025-07-01 00:45	66.555	66.600	66.553	66.595	5
2025-07-01 00:50	66.570	66.570	66.520	66.540	5
2025-07-01 00:55	66.545	66.560	66.493	66.550	5
2025-07-01 01:00	66.555	66.595	66.460	66.485	5
2025-07-01 01:05	66.480	66.525	66.470	66.505	5
2025-07-01 01:10	66.500	66.540	66.470	66.540	5
2025-07-01 01:15	66.535	66.555	66.515	66.515	5
2025-07-01 01:20	66.525	66.535	66.500	66.500	5
2025-07-01 01:25	66.505	66.535	66.483	66.525	5
2025-07-01 01:30	66.520	66.530	66.490	66.510	5
2025-07-01 01:35	66.515	66.515	66.445	66.470	5
2025-07-01 01:40	66.465	66.490	66.465	66.480	5
2025-07-01 01:45	66.470	66.545	66.470	66.535	5
2025-07-01 01:50	66.530	66.530	66.490	66.500	5
2025-07-01 01:55	66.495	66.500	66.405	66.425	4
2025-07-01 02:00	66.430	66.455	66.380	66.390	5
2025-07-01 02:05	66.385	66.390	66.335	66.360	5
2025-07-01 02:10	66.355	66.380	66.315	66.375	5
2025-07-01 02:15	66.370	66.420	66.365	66.400	5
2025-07-01 02:20	66.395	66.410	66.380	66.405	4
2025-07-01 02:25	66.358	66.425	66.353	66.405	5
2025-07-01 02:30	66.410	66.410	66.365	66.370	5
2025-07-01 02:35	66.375	66.385	66.360	66.360	5
2025-07-01 02:40	66.365	66.395	66.365	66.395	5
2025-07-01 02:45	66.400	66.440	66.400	66.425	5
2025-07-01 02:50	66.415	66.420	66.380	66.405	5
2025-07-01 02:55	66.410	66.425	66.395	66.420	5
2025-07-01 03:00	66.440	66.440	66.420	66.425	5
2025-07-01 03:05	66.415	66.445	66.405	66.430	5
2025-07-01 03:10	66.425	66.430	66.375	66.395	5
2025-07-01 03:15	66.390	66.405	66.385	66.405	5
2025-07-01 03:20	66.400	66.455	66.400	66.440	5
2025-07-01 03:25	66.435	66.440	66.410	66.430	5
2025-07-01 03:30	66.425	66.445	66.373	66.440	5
2025-07-01 03:35	66.430	66.440	66.358	66.358	5
2025-07-01 03:40	66.395	66.395	66.318	66.370	5
2025-07-01 03:45	66.323	66.385	66.323	66.380	5
2025-07-01 03:50	66.385	66.400	66.380	66.390	4
2025-07-01 03:55	66.395	66.405	66.333	66.390	5
2025-07-01 04:00	66.395	66.405	66.385	66.395	5
2025-07-01 04:05	66.405	66.410	66.380	66.395	4
2025-07-01 04:10	66.348	66.395	66.348	66.375	5
2025-07-01 04:15	66.370	66.400	66.370	66.400	3
2025-07-01 04:20	66.395	66.425	66.378	66.378	5
2025-07-01 04:25	66.440	66.440	66.415	66.415	5
2025-07-01 04:30	66.368	66.425	66.368	66.420	5
2025-07-01 04:35	66.425	66.425	66.363	66.420	4
2025-07-01 04:40	66.425	66.425	66.373	66.410	5
2025-07-01 04:45	66.415	66.450	66.415	66.440	4
2025-07-01 04:50	66.445	66.465	66.435	66.435	5
2025-07-01 04:55	66.388	66.425	66.388	66.420	2
2025-07-01 05:00	66.415	66.425	66.390	66.400	5
2025-07-01 05:05	66.395	66.405	66.375	66.405	4
2025-07-01 05:10	66.400	66.425	66.348	66.410	4
2025-07-01 05:15	66.415	66.445	66.368	66.440	5
2025-07-01 05:20	66.393	66.455	66.393	66.400	5
2025-07-01 05:25	66.380	66.435	66.375	66.420	5
2025-07-01 05:30	66.415	66.485	66.380	66.470	5
2025-07-01 05:35	66.475	66.500	66.460	66.500	5
2025-07-01 05:40	66.495	66.510	66.450	66.465	5
2025-07-01 05:45	66.470	66.530	66.460	66.525	5
2025-07-01 05:50	66.530	66.545	66.520	66.540	5
2025-07-01 05:55	66.535	66.545	66.525	66.535	5
2025-07-01 06:00	66.540	66.710	66.535	66.690	5
2025-07-01 06:05	66.700	66.795	66.700	66.740	5
2025-07-01 06:10	66.690	66.765	66.670	66.745	5
2025-07-01 06:15	66.750	66.755	66.700	66.730	5
2025-07-01 06:20	66.735	66.755	66.700	66.730	5
2025-07-01 06:25	66.740	66.790	66.735	66.790	5
2025-07-01 06:30	66.748	66.845	66.748	66.840	5
2025-07-01 06:35	66.835	66.870	66.825	66.840	5
2025-07-01 06:40	66.835	66.865	66.835	66.865	5
2025-07-01 06:45	66.855	66.905	66.850	66.890	5
2025-07-01 06:50	66.895	66.905	66.855	66.855	5
2025-07-01 06:55	66.850	66.875	66.785	66.870	5
2025-07-01 07:00	66.865	66.905	66.845	66.885	5
2025-07-01 07:05	66.895	66.905	66.735	66.755	5
2025-07-01 07:10	66.745	66.795	66.730	66.765	5
2025-07-01 07:15	66.775	66.865	66.775	66.805	5
2025-07-01 07:20	66.800	66.820	66.760	66.785	5
2025-07-01 07:25	66.780	66.835	66.750	66.790	5
2025-07-01 07:30	66.795	66.800	66.585	66.585	5
2025-07-01 07:35	66.595	66.610	66.440	66.470	5
2025-07-01 07:40	66.465	66.505	66.405	66.430	5
2025-07-01 07:45	66.378	66.525	66.360	66.485	5
2025-07-01 07:50	66.490	66.705	66.490	66.670	5
2025-07-01 07:55	66.680	66.765	66.675	66.755	5
2025-07-01 08:00	66.785	66.815	66.735	66.770	5
2025-07-01 08:05	66.765	66.940	66.765	66.940	5
2025-07-01 08:10	66.945	66.945	66.835	66.865	5
2025-07-01 08:15	66.880	66.905	66.875	66.890	5
2025-07-01 08:20	66.885	66.945	66.865	66.895	5
2025-07-01 08:25	66.885	66.905	66.815	66.815	5
2025-07-01 08:30	66.810	66.880	66.785	66.860	5
2025-07-01 08:35	66.865	66.865	66.795	66.815	5
2025-07-01 08:40	66.805	66.865	66.805	66.855	5
2025-07-01 08:45	66.865	66.905	66.835	66.880	5
2025-07-01 08:50	66.875	66.900	66.768	66.810	5
2025-07-01 08:55	66.805	66.825	66.680	66.715	5
2025-07-01 09:00	66.710	66.795	66.615	66.650	5
2025-07-01 09:05	66.660	66.765	66.625	66.755	5
2025-07-01 09:10	66.745	66.805	66.695	66.770	5
2025-07-01 09:15	66.775	66.785	66.755	66.765	5
2025-07-01 09:20	66.755	66.785	66.735	66.755	4
2025-07-01 09:25	66.765	66.775	66.715	66.735	5
2025-07-01 09:30	66.730	66.730	66.585	66.655	5
2025-07-01 09:35	66.650	66.700	66.630	66.630	5
2025-07-01 09:40	66.620	66.640	66.545	66.600	5
2025-07-01 09:45	66.595	66.605	66.505	66.555	5
2025-07-01 09:50	66.570	66.615	66.555	66.605	5
2025-07-01 09:55	66.610	66.610	66.535	66.555	5
2025-07-01 10:00	66.565	66.635	66.555	66.625	5
2025-07-01 10:05	66.645	66.700	66.610	66.685	5
2025-07-01 10:10	66.705	66.735	66.670	66.715	5
2025-07-01 10:15	66.720	66.880	66.715	66.880	5
2025-07-01 10:20	66.875	66.920	66.805	66.875	5
2025-07-01 10:25	66.880	66.945	66.875	66.915	5
2025-07-01 10:30	66.920	66.975	66.915	66.975	5
2025-07-01 10:35	66.990	67.165	66.985	67.155	5
2025-07-01 10:40	67.165	67.265	67.155	67.215	5
2025-07-01 10:45	67.210	67.375	67.210	67.355	5
2025-07-01 10:50	67.360	67.475	67.305	67.350	5
2025-07-01 10:55	67.340	67.405	67.335	67.360	5
2025-07-01 11:00	67.365	67.385	67.215	67.255	5
2025-07-01 11:05	67.250	67.255	67.115	67.180	5
2025-07-01 11:10	67.195	67.280	67.185	67.235	5
2025-07-01 11:15	67.230	67.245	67.135	67.165	5
2025-07-01 11:20	67.185	67.215	67.165	67.185	5
2025-07-01 11:25	67.190	67.270	67.135	67.215	5
2025-07-01 11:30	67.220	67.285	67.220	67.260	5
2025-07-01 11:35	67.245	67.295	67.205	67.285	5
2025-07-01 11:40	67.290	67.320	67.245	67.275	5
2025-07-01 11:45	67.280	67.285	67.245	67.255	5
2025-07-01 11:50	67.260	67.295	67.225	67.285	5
2025-07-01 11:55	67.280	67.310	67.215	67.235	5
2025-07-01 12:00	67.230	67.245	67.095	67.125	5
2025-07-01 12:05	67.130	67.155	67.025	67.135	5
2025-07-01 12:10	67.140	67.195	67.115	67.140	5
2025-07-01 12:15	67.145	67.180	67.130	67.165	5
2025-07-01 12:20	67.155	67.225	67.155	67.215	5
2025-07-01 12:25	67.235	67.270	67.205	67.225	5
2025-07-01 12:30	67.220	67.305	67.165	67.255	5
2025-07-01 12:35	67.245	67.285	67.190	67.195	5
2025-07-01 12:40	67.200	67.265	67.160	67.245	5
2025-07-01 12:45	67.230	67.265	67.115	67.125	5
2025-07-01 12:50	67.135	67.240	67.125	67.235	5
2025-07-01 12:55	67.240	67.390	67.240	67.345	5
2025-07-01 13:00	67.340	67.385	67.180	67.195	5
2025-07-01 13:05	67.200	67.240	67.035	67.090	5
2025-07-01 13:10	67.105	67.125	67.025	67.065	5
2025-07-01 13:15	67.070	67.095	66.995	67.010	5
2025-07-01 13:20	67.005	67.040	66.940	67.035	5
2025-07-01 13:25	67.030	67.035	66.965	66.985	5
2025-07-01 13:30	66.965	66.975	66.910	66.960	5
2025-07-01 13:35	66.975	67.025	66.895	66.915	5
2025-07-01 13:40	66.910	67.010	66.865	66.920	5
2025-07-01 13:45	66.925	67.055	66.875	67.025	5
2025-07-01 13:50	67.030	67.030	66.885	66.885	5
2025-07-01 13:55	66.870	66.945	66.860	66.930	5
2025-07-01 14:00	66.915	67.050	66.890	66.890	5
2025-07-01 14:05	66.895	66.910	66.813	66.870	5
2025-07-01 14:10	66.875	66.955	66.813	66.813	5
2025-07-01 14:15	66.813	66.880	66.813	66.860	5
2025-07-01 14:20	66.855	66.865	66.813	66.813	5
2025-07-01 14:25	66.813	66.990	66.813	66.960	5
2025-07-01 14:30	66.965	66.980	66.895	66.945	5
2025-07-01 14:35	66.913	67.055	66.913	67.025	5
2025-07-01 14:40	67.020	67.045	66.685	66.735	5
2025-07-01 14:45	66.740	66.820	66.695	66.820	5
2025-07-01 14:50	66.815	66.835	66.665	66.690	5
2025-07-01 14:55	66.685	66.800	66.655	66.785	5
2025-07-01 15:00	66.780	66.920	66.780	66.915	5
2025-07-01 15:05	66.920	67.020	66.845	66.865	5
2025-07-01 15:10	66.880	66.945	66.745	66.835	5
2025-07-01 15:15	66.825	66.950	66.795	66.835	5
2025-07-01 15:20	66.830	66.945	66.790	66.925	5
2025-07-01 15:25	66.930	66.965	66.785	66.850	5
2025-07-01 15:30	66.845	67.030	66.845	66.895	5
2025-07-01 15:35	66.905	67.105	66.885	67.060	5
2025-07-01 15:40	67.050	67.075	66.985	67.075	5
2025-07-01 15:45	67.065	67.115	67.015	67.055	5
2025-07-01 15:50	67.060	67.170	67.040	67.145	5
2025-07-01 15:55	67.130	67.210	67.115	67.205	5
2025-07-01 16:00	67.215	67.225	67.145	67.150	5
2025-07-01 16:05	67.140	67.140	67.055	67.055	5
2025-07-01 16:10	67.060	67.110	67.025	67.100	5
2025-07-01 16:15	67.105	67.125	67.060	67.125	5
2025-07-01 16:20	67.130	67.250	67.110	67.245	5
2025-07-01 16:25	67.250	67.250	67.165	67.185	5
2025-07-01 16:30	67.195	67.205	67.045	67.085	5
2025-07-01 16:35	67.090	67.275	67.080	67.255	5
2025-07-01 16:40	67.250	67.255	67.140	67.175	5
2025-07-01 16:45	67.170	67.215	67.145	67.185	5
2025-07-01 16:50	67.175	67.175	67.045	67.065	5
2025-07-01 16:55	67.105	67.215	67.105	67.200	5
2025-07-01 17:00	67.195	67.205	67.123	67.145	5
2025-07-01 17:05	67.155	67.225	67.150	67.195	5
2025-07-01 17:10	67.185	67.205	67.035	67.055	5
2025-07-01 17:15	67.045	67.145	67.015	67.110	5
2025-07-01 17:20	67.105	67.180	67.105	67.170	5
2025-07-01 17:25	67.165	67.175	67.110	67.125	5
2025-07-01 17:30	67.120	67.120	67.045	67.065	5
2025-07-01 17:35	67.070	67.120	67.040	67.095	5
2025-07-01 17:40	67.085	67.115	67.035	67.050	5
2025-07-01 17:45	67.035	67.115	67.025	67.080	5
2025-07-01 17:50	67.075	67.105	67.030	67.065	5
2025-07-01 17:55	67.060	67.105	67.060	67.105	5
2025-07-01 18:00	67.100	67.125	67.005	67.025	5
2025-07-01 18:05	67.020	67.085	67.005	67.075	5
2025-07-01 18:10	67.070	67.070	66.995	67.020	5
2025-07-01 18:15	67.025	67.075	67.025	67.060	5
2025-07-01 18:20	67.055	67.065	66.995	67.045	5
2025-07-01 18:25	67.035	67.115	67.025	67.085	5
2025-07-01 18:30	67.090	67.185	67.085	67.160	5
2025-07-01 18:35	67.155	67.165	67.065	67.070	5
2025-07-01 18:40	67.065	67.085	67.040	67.075	5
2025-07-01 18:45	67.080	67.080	67.055	67.070	3
2025-07-01 18:50	67.075	67.155	67.065	67.155	5
2025-07-01 18:55	67.150	67.235	67.145	67.215	5
2025-07-01 19:00	67.205	67.210	67.170	67.185	5
2025-07-01 19:05	67.180	67.185	67.160	67.180	5
2025-07-01 19:10	67.190	67.215	67.180	67.200	5
2025-07-01 19:15	67.205	67.335	67.205	67.295	5
2025-07-01 19:20	67.315	67.325	67.275	67.280	5
2025-07-01 19:25	67.285	67.330	67.250	67.315	5
2025-07-01 19:30	67.320	67.320	67.300	67.310	5
2025-07-01 19:35	67.305	67.315	67.295	67.305	5
2025-07-01 19:40	67.310	67.340	67.310	67.325	5
2025-07-01 19:45	67.330	67.345	67.320	67.335	5
2025-07-01 19:50	67.340	67.340	67.320	67.320	5
2025-07-01 19:55	67.325	67.365	67.320	67.340	5
2025-07-01 20:00	67.345	67.345	67.317	67.337	4
2025-07-01 20:05	67.332	67.352	67.313	67.347	5
2025-07-01 20:10	67.337	67.372	67.327	67.362	5
2025-07-01 20:15	67.343	67.382	67.343	67.367	5
2025-07-01 20:20	67.372	67.377	67.332	67.337	5
2025-07-01 20:25	67.332	67.342	67.327	67.332	5
2025-07-01 20:30	67.337	67.337	67.192	67.207	5
2025-07-01 20:35	67.212	67.232	67.177	67.207	5
2025-07-01 20:40	67.212	67.237	67.172	67.207	5
2025-07-01 20:45	67.212	67.222	67.187	67.207	5
2025-07-01 20:50	67.217	67.237	67.197	67.202	5
2025-07-01 20:55	67.197	67.217	67.167	67.182	5
2025-07-02 00:00	67.067	67.160	67.067	67.150	5
2025-07-02 00:05	67.155	67.220	67.155	67.210	5
2025-07-02 00:10	67.200	67.200	67.165	67.180	5
2025-07-02 00:15	67.190	67.265	67.185	67.215	5
2025-07-02 00:20	67.210	67.255	67.163	67.250	5
2025-07-02 00:25	67.245	67.245	67.200	67.215	3
2025-07-02 00:30	67.225	67.225	67.165	67.170	5
2025-07-02 00:35	67.165	67.200	67.133	67.133	5
2025-07-02 00:40	67.195	67.200	67.180	67.185	4
2025-07-02 00:45	67.138	67.185	67.128	67.155	5
2025-07-02 00:50	67.150	67.150	67.083	67.083	5
2025-07-02 00:55	67.120	67.125	67.053	67.065	5
2025-07-02 01:00	67.070	67.150	67.045	67.135	5
2025-07-02 01:05	67.125	67.125	67.075	67.100	5
2025-07-02 01:10	67.053	67.110	67.053	67.090	5
2025-07-02 01:15	67.100	67.110	67.090	67.100	5
2025-07-02 01:20	67.105	67.105	67.090	67.095	5
2025-07-02 01:25	67.090	67.105	67.065	67.075	5
2025-07-02 01:30	67.065	67.080	67.035	67.065	5
2025-07-02 01:35	67.070	67.125	67.060	67.125	5
2025-07-02 01:40	67.120	67.175	67.120	67.155	5
2025-07-02 01:45	67.150	67.165	67.115	67.115	5
2025-07-02 01:50	67.120	67.135	67.115	67.135	5
2025-07-02 01:55	67.125	67.150	67.068	67.150	5
2025-07-02 02:00	67.155	67.185	67.145	67.175	5
2025-07-02 02:05	67.170	67.230	67.150	67.225	5
2025-07-02 02:10	67.230	67.230	67.160	67.170	5
2025-07-02 02:15	67.165	67.170	67.113	67.160	5
2025-07-02 02:20	67.170	67.210	67.170	67.200	4
2025-07-02 02:25	67.195	67.200	67.130	67.140	5
2025-07-02 02:30	67.135	67.190	67.130	67.170	5
2025-07-02 02:35	67.165	67.200	67.145	67.200	5
2025-07-02 02:40	67.205	67.210	67.180	67.195	5
2025-07-02 02:45	67.190	67.200	67.155	67.175	5
2025-07-02 02:50	67.170	67.175	67.108	67.160	5
2025-07-02 02:55	67.165	67.165	67.098	67.145	5
2025-07-02 03:00	67.140	67.140	67.120	67.135	5
2025-07-02 03:05	67.140	67.140	67.078	67.105	4
2025-07-02 03:10	67.115	67.115	67.070	67.080	5
2025-07-02 03:15	67.085	67.085	67.065	67.080	5
2025-07-02 03:20	67.085	67.140	67.038	67.125	4
2025-07-02 03:25	67.130	67.135	67.078	67.130	5
2025-07-02 03:30	67.083	67.135	67.083	67.130	4
2025-07-02 03:35	67.125	67.125	67.068	67.068	3
2025-07-02 03:40	67.125	67.125	67.105	67.110	3
2025-07-02 03:45	67.115	67.140	67.088	67.088	5
2025-07-02 03:50	67.130	67.130	67.095	67.095	3
2025-07-02 03:55	67.090	67.130	67.048	67.125	5
2025-07-02 04:00	67.120	67.120	67.068	67.120	5
2025-07-02 04:05	67.125	67.140	67.073	67.073	5
2025-07-02 04:10	67.115	67.115	67.115	67.115	1
2025-07-02 04:15	67.120	67.145	67.115	67.140	4
2025-07-02 04:20	67.135	67.145	67.093	67.130	3
2025-07-02 04:25	67.140	67.140	67.088	67.088	5
2025-07-02 04:30	67.140	67.140	67.093	67.140	4
2025-07-02 04:35	67.145	67.170	67.145	67.160	4
2025-07-02 04:40	67.155	67.170	67.123	67.123	4
2025-07-02 04:45	67.170	67.170	67.123	67.170	4
2025-07-02 04:50	67.165	67.175	67.113	67.175	5
2025-07-02 04:55	67.170	67.175	67.170	67.175	3
2025-07-02 05:00	67.170	67.170	67.140	67.145	5
2025-07-02 05:05	67.150	67.170	67.113	67.160	5
2025-07-02 05:10	67.170	67.170	67.155	67.160	5
2025-07-02 05:15	67.155	67.175	67.155	67.175	4
2025-07-02 05:20	67.170	67.185	67.165	67.165	5
2025-07-02 05:25	67.118	67.170	67.085	67.085	5
2025-07-02 05:30	67.110	67.175	67.105	67.165	5
2025-07-02 05:35	67.155	67.225	67.155	67.195	5
2025-07-02 05:40	67.190	67.250	67.185	67.220	5
2025-07-02 05:45	67.225	67.250	67.185	67.210	5
2025-07-02 05:50	67.215	67.265	67.205	67.240	5
2025-07-02 05:55	67.235	67.240	67.220	67.230	5
2025-07-02 06:00	67.225	67.260	67.220	67.225	5
2025-07-02 06:05	67.230	67.230	67.145	67.180	5
2025-07-02 06:10	67.185	67.185	67.125	67.125	5
2025-07-02 06:15	67.135	67.140	67.045	67.045	5
2025-07-02 06:20	67.050	67.070	66.965	67.000	5
2025-07-02 06:25	66.995	67.015	66.955	66.995	5
2025-07-02 06:30	67.000	67.035	66.990	67.000	5
2025-07-02 06:35	66.995	67.055	66.965	66.975	5
2025-07-02 06:40	66.965	67.050	66.965	67.040	5
2025-07-02 06:45	67.045	67.045	66.975	67.025	5
2025-07-02 06:50	67.030	67.040	66.985	66.995	5
2025-07-02 06:55	66.990	67.025	66.985	67.015	5
2025-07-02 07:00	67.025	67.035	66.975	66.995	5
2025-07-02 07:05	66.990	67.000	66.925	66.950	5
2025-07-02 07:10	66.955	67.005	66.945	66.965	5
2025-07-02 07:15	66.970	67.065	66.945	67.045	5
2025-07-02 07:20	67.050	67.125	67.040	67.090	5
2025-07-02 07:25	67.085	67.110	67.065	67.065	5
2025-07-02 07:30	67.080	67.155	67.080	67.115	5
2025-07-02 07:35	67.120	67.155	67.085	67.105	5
2025-07-02 07:40	67.110	67.155	67.095	67.135	5
2025-07-02 07:45	67.140	67.270	67.140	67.220	4
2025-07-02 07:50	67.215	67.355	67.215	67.325	5
2025-07-02 07:55	67.330	67.460	67.325	67.415	5
2025-07-02 08:00	67.410	67.415	67.335	67.360	5
2025-07-02 08:05	67.365	67.370	67.270	67.305	5
2025-07-02 08:10	67.310	67.375	67.250	67.365	5
2025-07-02 08:15	67.360	67.365	67.290	67.315	5
2025-07-02 08:20	67.310	67.365	67.305	67.305	5
2025-07-02 08:25	67.315	67.350	67.250	67.250	5
2025-07-02 08:30	67.245	67.300	67.105	67.105	5
2025-07-02 08:35	67.115	67.190	67.105	67.175	5
2025-07-02 08:40	67.185	67.205	67.120	67.170	5
2025-07-02 08:45	67.165	67.275	67.145	67.235	5
2025-07-02 08:50	67.240	67.445	67.235	67.435	5
2025-07-02 08:55	67.440	67.465	67.355	67.410	5
2025-07-02 09:00	67.405	67.435	67.355	67.425	5
2025-07-02 09:05	67.435	67.515	67.435	67.475	5
2025-07-02 09:10	67.465	67.565	67.455	67.525	5
2025-07-02 09:15	67.530	67.560	67.490	67.540	5
2025-07-02 09:20	67.545	67.575	67.505	67.505	5
2025-07-02 09:25	67.500	67.610	67.485	67.565	5
2025-07-02 09:30	67.585	67.675	67.585	67.625	5
2025-07-02 09:35	67.635	67.675	67.615	67.675	5
2025-07-02 09:40	67.665	67.710	67.645	67.685	5
2025-07-02 09:45	67.695	67.725	67.670	67.675	5
2025-07-02 09:50	67.680	67.685	67.605	67.670	5
2025-07-02 09:55	67.665	67.690	67.600	67.605	5
2025-07-02 10:00	67.595	67.625	67.585	67.615	5
2025-07-02 10:05	67.610	67.620	67.540	67.545	5
2025-07-02 10:10	67.555	67.605	67.550	67.600	5
2025-07-02 10:15	67.595	67.745	67.595	67.735	5
2025-07-02 10:20	67.745	67.810	67.725	67.805	5
2025-07-02 10:25	67.815	67.945	67.773	67.925	5
2025-07-02 10:30	67.930	67.945	67.860	67.870	5
2025-07-02 10:35	67.865	67.885	67.825	67.825	5
2025-07-02 10:40	67.845	67.865	67.815	67.815	4
2025-07-02 10:45	67.825	67.855	67.805	67.845	5
2025-07-02 10:50	67.835	67.895	67.815	67.870	5
2025-07-02 10:55	67.865	67.905	67.845	67.875	5
2025-07-02 11:00	67.890	67.985	67.885	67.920	5
2025-07-02 11:05	67.925	67.990	67.915	67.990	5
2025-07-02 11:10	67.985	68.005	67.955	68.000	5
2025-07-02 11:15	67.995	68.000	67.945	68.000	5
2025-07-02 11:20	68.005	68.035	67.975	68.005	5
2025-07-02 11:25	67.995	68.040	67.955	68.025	5
2025-07-02 11:30	68.035	68.075	68.025	68.025	5
2025-07-02 11:35	68.035	68.070	68.035	68.055	5
2025-07-02 11:40	68.045	68.075	68.015	68.040	5
2025-07-02 11:45	68.045	68.050	67.925	67.935	5
2025-07-02 11:50	67.945	67.945	67.905	67.925	5
2025-07-02 11:55	67.935	67.975	67.935	67.955	5
2025-07-02 12:00	67.945	67.945	67.860	67.865	5
2025-07-02 12:05	67.880	67.920	67.820	67.825	5
2025-07-02 12:10	67.835	67.875	67.785	67.850	5
2025-07-02 12:15	67.855	67.870	67.780	67.845	5
2025-07-02 12:20	67.850	67.850	67.770	67.845	5
2025-07-02 12:25	67.850	67.860	67.793	67.815	5
2025-07-02 12:30	67.830	67.850	67.785	67.790	5
2025-07-02 12:35	67.775	67.805	67.715	67.740	5
2025-07-02 12:40	67.735	67.785	67.715	67.735	5
2025-07-02 12:45	67.745	67.745	67.645	67.665	5
2025-07-02 12:50	67.670	67.735	67.660	67.735	3
2025-07-02 12:55	67.730	67.755	67.705	67.735	5
2025-07-02 13:00	67.705	67.765	67.615	67.695	5
2025-07-02 13:05	67.700	67.745	67.685	67.705	5
2025-07-02 13:10	67.700	67.715	67.613	67.685	5
2025-07-02 13:15	67.680	67.815	67.675	67.730	5
2025-07-02 13:20	67.735	67.775	67.710	67.725	5
2025-07-02 13:25	67.735	67.815	67.705	67.705	5
2025-07-02 13:30	67.710	67.750	67.663	67.730	5
2025-07-02 13:35	67.740	67.745	67.625	67.625	5
2025-07-02 13:40	67.615	67.675	67.615	67.645	5
2025-07-02 13:45	67.650	67.690	67.605	67.615	5
2025-07-02 13:50	67.605	67.630	67.505	67.525	5
2025-07-02 13:55	67.520	67.520	67.385	67.430	5
2025-07-02 14:00	67.425	67.440	67.345	67.400	5
2025-07-02 14:05	67.395	67.405	67.285	67.295	5
2025-07-02 14:10	67.300	67.325	67.225	67.315	5
2025-07-02 14:15	67.305	67.370	67.280	67.300	5
2025-07-02 14:20	67.305	67.405	67.295	67.405	5
2025-07-02 14:25	67.395	67.460	67.345	67.375	5
2025-07-02 14:30	67.225	67.300	67.108	67.265	5
2025-07-02 14:35	67.270	67.550	67.225	67.485	5
2025-07-02 14:40	67.505	67.515	67.375	67.435	5
2025-07-02 14:45	67.430	67.505	67.315	67.395	5
2025-07-02 14:50	67.400	67.440	67.330	67.365	5
2025-07-02 14:55	67.375	67.505	67.270	67.485	5
2025-07-02 15:00	67.490	67.665	67.445	67.635	5
2025-07-02 15:05	67.640	67.740	67.615	67.645	5
2025-07-02 15:10	67.655	67.715	67.595	67.665	5
2025-07-02 15:15	67.655	67.745	67.645	67.705	5
2025-07-02 15:20	67.710	67.745	67.645	67.725	5
2025-07-02 15:25	67.715	67.795	67.605	67.670	5
2025-07-02 15:30	67.675	67.740	67.643	67.660	5
2025-07-02 15:35	67.655	67.670	67.515	67.665	5
2025-07-02 15:40	67.670	67.795	67.660	67.775	5
2025-07-02 15:45	67.770	67.900	67.760	67.855	5
2025-07-02 15:50	67.870	68.245	67.860	68.165	5
2025-07-02 15:55	68.175	68.375	68.175	68.195	5
2025-07-02 16:00	68.210	68.225	68.125	68.195	5
2025-07-02 16:05	68.205	68.270	68.170	68.245	5
2025-07-02 16:10	68.240	68.265	68.205	68.235	5
2025-07-02 16:15	68.225	68.235	68.115	68.145	5
2025-07-02 16:20	68.160	68.170	68.005	68.005	5
2025-07-02 16:25	68.015	68.175	68.015	68.160	5
2025-07-02 16:30	68.175	68.250	68.165	68.205	5
2025-07-02 16:35	68.210	68.235	68.165	68.205	5
2025-07-02 16:40	68.210	68.265	68.175	68.195	5
2025-07-02 16:45	68.205	68.345	68.185	68.330	5
2025-07-02 16:50	68.325	68.430	68.310	68.420	5
2025-07-02 16:55	68.425	68.475	68.415	68.475	5
2025-07-02 17:00	68.495	68.535	68.445	68.525	5
2025-07-02 17:05	68.535	68.685	68.530	68.655	5
2025-07-02 17:10	68.650	68.655	68.535	68.575	5
2025-07-02 17:15	68.585	68.600	68.515	68.545	5
2025-07-02 17:20	68.555	68.650	68.540	68.595	5
2025-07-02 17:25	68.605	68.700	68.585	68.680	5
2025-07-02 17:30	68.685	68.705	68.620	68.665	5
2025-07-02 17:35	68.660	68.720	68.615	68.715	5
2025-07-02 17:40	68.725	68.760	68.685	68.745	5
2025-07-02 17:45	68.740	68.890	68.725	68.845	5
2025-07-02 17:50	68.820	68.945	68.805	68.940	5
2025-07-02 17:55	68.935	69.180	68.930	69.125	5
2025-07-02 18:00	69.105	69.155	68.955	68.955	5
2025-07-02 18:05	68.945	69.020	68.875	69.005	5
2025-07-02 18:10	69.000	69.095	68.950	69.085	5
2025-07-02 18:15	69.090	69.155	69.055	69.135	5
2025-07-02 18:20	69.130	69.150	69.025	69.025	5
2025-07-02 18:25	69.015	69.115	68.985	69.105	5
2025-07-02 18:30	69.085	69.185	69.055	69.150	5
2025-07-02 18:35	69.140	69.150	68.920	68.950	5
2025-07-02 18:40	68.945	68.960	68.835	68.835	5
2025-07-02 18:45	68.840	68.945	68.835	68.945	5
2025-07-02 18:50	68.940	68.965	68.910	68.930	5
2025-07-02 18:55	68.935	68.955	68.925	68.945	5
2025-07-02 19:00	68.950	69.075	68.950	69.075	5
2025-07-02 19:05	69.065	69.095	69.035	69.035	5
2025-07-02 19:10	69.030	69.035	68.975	68.990	5
2025-07-02 19:15	68.995	69.015	68.985	69.000	5
2025-07-02 19:20	68.995	69.030	68.985	69.005	5
2025-07-02 19:25	69.000	69.000	68.945	68.960	5
2025-07-02 19:30	68.955	68.955	68.875	68.895	5
2025-07-02 19:35	68.900	68.920	68.885	68.900	4
2025-07-02 19:40	68.895	68.905	68.885	68.895	5
2025-07-02 19:45	68.890	68.905	68.865	68.865	5
2025-07-02 19:50	68.875	68.885	68.860	68.865	5
2025-07-02 19:55	68.875	68.895	68.865	68.885	5
2025-07-02 20:00	68.862	68.902	68.837	68.887	5
2025-07-02 20:05	68.882	68.887	68.852	68.862	5
2025-07-02 20:10	68.872	68.872	68.842	68.862	4
2025-07-02 20:15	68.872	68.967	68.867	68.952	5
2025-07-02 20:20	68.957	68.992	68.957	68.977	5
2025-07-02 20:25	68.987	68.987	68.953	68.967	4
2025-07-02 20:30	68.972	69.032	68.972	69.022	5
2025-07-02 20:35	69.032	69.032	68.992	68.992	5
2025-07-02 20:40	68.997	69.062	68.992	68.997	5
2025-07-02 20:45	69.002	69.022	68.997	69.002	4
2025-07-02 20:50	69.027	69.072	69.002	69.062	5
2025-07-02 20:55	69.067	69.122	69.067	69.087	5
2025-07-03 00:00	68.882	68.985	68.882	68.900	5
2025-07-03 00:05	68.910	68.920	68.843	68.880	5
2025-07-03 00:10	68.870	68.885	68.850	68.875	5
2025-07-03 00:15	68.870	68.890	68.870	68.870	5
2025-07-03 00:20	68.865	68.865	68.825	68.840	5
2025-07-03 00:25	68.793	68.840	68.793	68.835	4
2025-07-03 00:30	68.830	68.855	68.788	68.840	5
2025-07-03 00:35	68.835	68.835	68.773	68.830	4
2025-07-03 00:40	68.783	68.865	68.783	68.865	4
2025-07-03 00:45	68.870	68.880	68.793	68.835	5
2025-07-03 00:50	68.820	68.855	68.820	68.855	5
2025-07-03 00:55	68.860	68.875	68.810	68.810	5
2025-07-03 01:00	68.825	68.840	68.755	68.775	5
2025-07-03 01:05	68.780	68.785	68.687	68.725	5
2025-07-03 01:10	68.730	68.740	68.665	68.665	5
2025-07-03 01:15	68.670	68.690	68.665	68.670	5
2025-07-03 01:20	68.675	68.685	68.645	68.655	5
2025-07-03 01:25	68.650	68.655	68.550	68.575	5
2025-07-03 01:30	68.580	68.610	68.555	68.580	5
2025-07-03 01:35	68.585	68.625	68.580	68.585	5
2025-07-03 01:40	68.590	68.610	68.560	68.570	5
2025-07-03 01:45	68.560	68.565	68.490	68.510	5
2025-07-03 01:50	68.515	68.560	68.470	68.535	5
2025-07-03 01:55	68.488	68.530	68.485	68.500	5
2025-07-03 02:00	68.510	68.515	68.465	68.480	5
2025-07-03 02:05	68.475	68.510	68.475	68.485	5
2025-07-03 02:10	68.455	68.495	68.455	68.475	5
2025-07-03 02:15	68.480	68.485	68.428	68.485	4
2025-07-03 02:20	68.438	68.480	68.428	68.475	4
2025-07-03 02:25	68.428	68.475	68.428	68.470	3
2025-07-03 02:30	68.465	68.470	68.440	68.445	5
2025-07-03 02:35	68.450	68.460	68.408	68.445	5
2025-07-03 02:40	68.398	68.435	68.398	68.410	5
2025-07-03 02:45	68.405	68.440	68.405	68.440	5
2025-07-03 02:50	68.435	68.465	68.430	68.455	5
2025-07-03 02:55	68.460	68.550	68.460	68.525	5
2025-07-03 03:00	68.520	68.575	68.520	68.565	5
2025-07-03 03:05	68.560	68.575	68.515	68.520	5
2025-07-03 03:10	68.525	68.550	68.498	68.550	5
2025-07-03 03:15	68.555	68.555	68.520	68.550	5
2025-07-03 03:20	68.545	68.550	68.525	68.535	5
2025-07-03 03:25	68.530	68.530	68.458	68.525	5
2025-07-03 03:30	68.535	68.555	68.530	68.540	5
2025-07-03 03:35	68.535	68.575	68.535	68.555	5
2025-07-03 03:40	68.550	68.615	68.550	68.610	5
2025-07-03 03:45	68.615	68.625	68.565	68.575	5
2025-07-03 03:50	68.528	68.600	68.528	68.553	5
2025-07-03 03:55	68.595	68.610	68.558	68.558	5
2025-07-03 04:00	68.610	68.620	68.585	68.595	5
2025-07-03 04:05	68.590	68.620	68.590	68.615	4
2025-07-03 04:10	68.625	68.655	68.588	68.645	5
2025-07-03 04:15	68.625	68.625	68.610	68.610	5
2025-07-03 04:20	68.600	68.605	68.575	68.585	5
2025-07-03 04:25	68.595	68.605	68.585	68.595	5
2025-07-03 04:30	68.600	68.630	68.595	68.630	5
2025-07-03 04:35	68.625	68.635	68.578	68.588	4
2025-07-03 04:40	68.635	68.635	68.568	68.595	4
2025-07-03 04:45	68.590	68.605	68.548	68.595	5
2025-07-03 04:50	68.548	68.605	68.548	68.590	5
2025-07-03 04:55	68.595	68.605	68.590	68.600	5
2025-07-03 05:00	68.595	68.605	68.545	68.550	3
2025-07-03 05:05	68.555	68.565	68.503	68.565	5
2025-07-03 05:10	68.575	68.580	68.488	68.540	5
2025-07-03 05:15	68.535	68.545	68.488	68.488	5
2025-07-03 05:20	68.493	68.540	68.493	68.515	4
2025-07-03 05:25	68.500	68.545	68.500	68.530	5
2025-07-03 05:30	68.535	68.570	68.520	68.570	5
2025-07-03 05:35	68.565	68.585	68.518	68.555	5
2025-07-03 05:40	68.535	68.565	68.535	68.550	5
2025-07-03 05:45	68.503	68.635	68.503	68.610	5
2025-07-03 05:50	68.615	68.625	68.560	68.610	5
2025-07-03 05:55	68.605	68.605	68.525	68.545	5
2025-07-03 06:00	68.560	68.620	68.550	68.590	5
2025-07-03 06:05	68.585	68.590	68.530	68.530	5
2025-07-03 06:10	68.535	68.575	68.485	68.525	5
2025-07-03 06:15	68.530	68.570	68.505	68.570	5
2025-07-03 06:20	68.565	68.645	68.550	68.615	5
2025-07-03 06:25	68.625	68.715	68.605	68.665	5
2025-07-03 06:30	68.660	68.705	68.655	68.655	5
2025-07-03 06:35	68.660	68.670	68.610	68.640	5
2025-07-03 06:40	68.630	68.650	68.595	68.615	5
2025-07-03 06:45	68.625	68.650	68.600	68.600	5
2025-07-03 06:50	68.595	68.620	68.540	68.540	5
2025-07-03 06:55	68.525	68.550	68.460	68.545	5
2025-07-03 07:00	68.555	68.615	68.495	68.555	5
2025-07-03 07:05	68.560	68.605	68.485	68.485	5
2025-07-03 07:10	68.490	68.495	68.445	68.485	5
2025-07-03 07:15	68.475	68.540	68.445	68.500	5
2025-07-03 07:20	68.505	68.505	68.445	68.445	5
2025-07-03 07:25	68.435	68.465	68.385	68.400	5
2025-07-03 07:30	68.395	68.410	68.325	68.330	5
2025-07-03 07:35	68.325	68.405	68.310	68.405	5
2025-07-03 07:40	68.395	68.470	68.385	68.465	5
2025-07-03 07:45	68.455	68.500	68.423	68.475	5
2025-07-03 07:50	68.485	68.520	68.395	68.475	5
2025-07-03 07:55	68.465	68.500	68.413	68.485	5
2025-07-03 08:00	68.505	68.535	68.415	68.455	5
2025-07-03 08:05	68.470	68.510	68.435	68.465	5
2025-07-03 08:10	68.455	68.515	68.415	68.420	5
2025-07-03 08:15	68.415	68.420	68.335	68.370	5
2025-07-03 08:20	68.375	68.475	68.325	68.340	5
2025-07-03 08:25	68.345	68.485	68.335	68.485	5
2025-07-03 08:30	68.490	68.490	68.345	68.465	5
2025-07-03 08:35	68.470	68.570	68.435	68.565	5
2025-07-03 08:40	68.555	68.640	68.485	68.575	5
2025-07-03 08:45	68.565	68.635	68.535	68.625	5
2025-07-03 08:50	68.630	68.695	68.625	68.675	5
2025-07-03 08:55	68.670	68.680	68.605	68.605	5
2025-07-03 09:00	68.615	68.645	68.545	68.555	5
2025-07-03 09:05	68.550	68.605	68.545	68.575	5
2025-07-03 09:10	68.605	68.660	68.555	68.565	5
2025-07-03 09:15	68.555	68.580	68.450	68.515	5
2025-07-03 09:20	68.525	68.525	68.480	68.500	5
2025-07-03 09:25	68.495	68.555	68.490	68.525	5
2025-07-03 09:30	68.515	68.540	68.455	68.465	5
2025-07-03 09:35	68.470	68.475	68.420	68.465	5
2025-07-03 09:40	68.455	68.530	68.455	68.515	5
2025-07-03 09:45	68.495	68.495	68.345	68.385	5
2025-07-03 09:50	68.390	68.485	68.385	68.465	5
2025-07-03 09:55	68.470	68.535	68.465	68.515	5
2025-07-03 10:00	68.530	68.685	68.530	68.680	5
2025-07-03 10:05	68.685	68.855	68.665	68.820	5
2025-07-03 10:10	68.815	68.905	68.815	68.885	5
2025-07-03 10:15	68.890	68.895	68.805	68.890	5
2025-07-03 10:20	68.885	68.885	68.830	68.860	5
2025-07-03 10:25	68.855	68.865	68.805	68.825	5
2025-07-03 10:30	68.815	68.935	68.815	68.895	5
2025-07-03 10:35	68.910	68.910	68.865	68.865	5
2025-07-03 10:40	68.870	68.905	68.845	68.880	5
2025-07-03 10:45	68.875	68.875	68.820	68.855	5
2025-07-03 10:50	68.850	68.965	68.850	68.955	5
2025-07-03 10:55	68.950	68.975	68.880	68.935	5
2025-07-03 11:00	68.920	68.935	68.825	68.825	5
2025-07-03 11:05	68.835	68.875	68.795	68.805	5
2025-07-03 11:10	68.763	68.900	68.763	68.885	5
2025-07-03 11:15	68.850	68.920	68.845	68.895	5
2025-07-03 11:20	68.890	68.925	68.885	68.905	5
2025-07-03 11:25	68.895	68.975	68.885	68.975	5
2025-07-03 11:30	68.970	69.010	68.920	68.995	5
2025-07-03 11:35	69.005	69.025	68.965	68.995	5
2025-07-03 11:40	68.980	69.040	68.965	69.035	5
2025-07-03 11:45	69.015	69.025	68.975	68.985	4
2025-07-03 11:50	68.990	69.050	68.985	69.025	5
2025-07-03 11:55	69.030	69.115	69.005	69.020	5
2025-07-03 12:00	69.005	69.005	68.745	68.790	5
2025-07-03 12:05	68.785	68.895	68.785	68.885	5
2025-07-03 12:10	68.875	68.915	68.855	68.855	5
2025-07-03 12:15	68.860	68.880	68.785	68.825	5
2025-07-03 12:20	68.815	68.885	68.810	68.885	5
2025-07-03 12:25	68.875	68.910	68.840	68.880	5
2025-07-03 12:30	68.887	69.000	68.858	68.980	5
2025-07-03 12:35	68.985	69.035	68.913	69.035	5
2025-07-03 12:40	69.015	69.065	68.985	69.055	5
2025-07-03 12:45	69.065	69.065	68.965	68.985	5
2025-07-03 12:50	68.975	69.020	68.915	68.985	5
2025-07-03 12:55	69.000	69.005	68.905	68.980	5
2025-07-03 13:00	68.975	68.975	68.813	68.865	5
2025-07-03 13:05	68.860	68.965	68.810	68.935	5
2025-07-03 13:10	68.945	68.965	68.815	68.825	5
2025-07-03 13:15	68.835	68.840	68.715	68.780	5
2025-07-03 13:20	68.775	68.785	68.698	68.715	5
2025-07-03 13:25	68.720	68.795	68.655	68.695	5
2025-07-03 13:30	68.705	68.865	68.653	68.835	5
2025-07-03 13:35	68.840	68.905	68.805	68.805	5
2025-07-03 13:40	68.795	68.825	68.715	68.770	5
2025-07-03 13:45	68.775	68.785	68.633	68.735	5
2025-07-03 13:50	68.745	68.795	68.735	68.775	5
2025-07-03 13:55	68.780	68.895	68.775	68.830	5
2025-07-03 14:00	68.835	68.935	68.785	68.895	5
2025-07-03 14:05	68.900	68.967	68.805	68.915	5
2025-07-03 14:10	68.910	68.935	68.805	68.875	5
2025-07-03 14:15	68.870	69.125	68.835	68.995	5
2025-07-03 14:20	68.975	69.020	68.925	68.930	5
2025-07-03 14:25	68.935	68.995	68.875	68.910	5
2025-07-03 14:30	68.905	68.920	68.495	68.655	5
2025-07-03 14:35	68.645	68.680	68.325	68.535	5
2025-07-03 14:40	68.530	68.660	68.500	68.590	5
2025-07-03 14:45	68.595	68.630	68.515	68.595	5
2025-07-03 14:50	68.605	68.630	68.545	68.575	5
2025-07-03 14:55	68.580	68.715	68.565	68.695	5
2025-07-03 15:00	68.680	68.715	68.445	68.585	5
2025-07-03 15:05	68.590	68.640	68.485	68.500	5
2025-07-03 15:10	68.495	68.505	68.390	68.410	5
2025-07-03 15:15	68.420	68.525	68.405	68.465	5
2025-07-03 15:20	68.470	68.470	68.345	68.405	5
2025-07-03 15:25	68.415	68.555	68.415	68.475	5
2025-07-03 15:30	68.465	68.665	68.465	68.665	5
2025-07-03 15:35	68.655	68.695	68.455	68.455	5
2025-07-03 15:40	68.445	68.470	68.335	68.405	5
2025-07-03 15:45	68.400	68.545	68.395	68.545	5
2025-07-03 15:50	68.555	68.655	68.555	68.620	5
2025-07-03 15:55	68.625	68.755	68.625	68.710	5
2025-07-03 16:00	68.705	68.720	68.615	68.625	5
2025-07-03 16:05	68.620	68.675	68.610	68.645	5
2025-07-03 16:10	68.635	68.640	68.555	68.555	5
2025-07-03 16:15	68.560	68.585	68.516	68.545	5
2025-07-03 16:20	68.550	68.645	68.540	68.625	5
2025-07-03 16:25	68.615	68.650	68.540	68.565	5
2025-07-03 16:30	68.555	68.625	68.516	68.605	5
2025-07-03 16:35	68.595	68.610	68.545	68.550	5
2025-07-03 16:40	68.545	68.585	68.535	68.555	5
2025-07-03 16:45	68.560	68.625	68.525	68.585	5
2025-07-03 16:50	68.575	68.620	68.555	68.555	5
2025-07-03 16:55	68.575	68.640	68.565	68.615	5
2025-07-03 17:00	68.605	68.760	68.595	68.705	5
2025-07-03 17:05	68.700	68.820	68.683	68.745	5
2025-07-03 17:10	68.740	68.835	68.695	68.765	5
2025-07-03 17:15	68.760	68.765	68.650	68.680	5
2025-07-03 17:20	68.685	68.690	68.640	68.665	5
2025-07-03 17:25	68.670	68.695	68.655	68.690	5
2025-07-03 17:30	68.700	68.715	68.655	68.675	5
2025-07-03 17:35	68.680	68.740	68.680	68.710	5
2025-07-03 17:40	68.720	68.735	68.695	68.720	5
2025-07-03 17:45	68.725	68.760	68.720	68.760	5
2025-07-03 17:50	68.765	68.765	68.680	68.680	5
2025-07-03 17:55	68.685	68.755	68.675	68.720	5
2025-07-03 18:00	68.715	68.760	68.680	68.700	5
2025-07-03 18:05	68.695	68.745	68.665	68.690	5
2025-07-03 18:10	68.685	68.820	68.620	68.820	5
2025-07-03 18:15	68.825	68.825	68.775	68.800	5
2025-07-03 18:20	68.795	68.825	68.700	68.725	5
2025-07-03 18:25	68.720	68.820	68.710	68.715	5
2025-07-03 18:30	68.705	68.800	68.660	68.750	5
2025-07-03 18:35	68.745	68.795	68.735	68.770	5
2025-07-03 18:40	68.775	68.840	68.765	68.840	5
2025-07-03 18:45	68.845	68.855	68.820	68.845	5
2025-07-03 18:50	68.840	68.860	68.835	68.845	5
2025-07-03 18:55	68.850	68.855	68.793	68.840	4
2025-07-03 19:00	68.835	68.925	68.835	68.890	5
2025-07-03 19:05	68.895	68.925	68.890	68.900	5
2025-07-03 19:10	68.858	68.920	68.858	68.915	5
2025-07-03 19:15	68.910	68.925	68.910	68.925	3
2025-07-03 19:20	68.915	68.925	68.873	68.920	5
2025-07-03 19:25	68.925	68.955	68.920	68.940	5
2025-07-03 19:30	68.945	68.965	68.910	68.935	5
2025-07-03 19:35	68.940	68.945	68.893	68.940	5
2025-07-03 19:40	68.930	68.930	68.880	68.880	5
2025-07-03 19:45	68.885	68.890	68.875	68.880	5
2025-07-03 19:50	68.890	68.925	68.880	68.910	5
2025-07-03 19:55	68.915	68.925	68.873	68.910	5
2025-07-03 20:00	68.920	68.920	68.878	68.887	5
2025-07-03 20:05	68.897	68.897	68.882	68.882	5
2025-07-03 20:10	68.863	68.877	68.852	68.852	5
2025-07-03 20:15	68.857	68.857	68.828	68.837	5
2025-07-03 20:20	68.842	68.842	68.818	68.818	5
2025-07-03 20:25	68.813	68.842	68.813	68.837	5
2025-07-03 20:30	68.827	68.852	68.808	68.847	5
2025-07-03 20:35	68.842	68.852	68.832	68.832	4
2025-07-03 20:40	68.808	68.842	68.808	68.842	5
2025-07-03 20:45	68.837	68.862	68.832	68.852	5
2025-07-03 20:50	68.857	68.857	68.812	68.822	5
2025-07-03 20:55	68.812	68.847	68.788	68.847	5
2025-07-04 00:00	68.822	68.865	68.810	68.820	5
2025-07-04 00:05	68.815	68.815	68.750	68.750	5
2025-07-04 00:10	68.755	68.755	68.720	68.750	5
2025-07-04 00:15	68.760	68.765	68.693	68.750	5
2025-07-04 00:20	68.755	68.760	68.708	68.760	5
2025-07-04 00:25	68.755	68.765	68.708	68.765	5
2025-07-04 00:30	68.760	68.780	68.760	68.780	3
2025-07-04 00:35	68.775	68.780	68.735	68.735	5
2025-07-04 00:40	68.688	68.750	68.688	68.745	5
2025-07-04 00:45	68.740	68.760	68.740	68.755	5
2025-07-04 00:50	68.750	68.765	68.708	68.708	4
2025-07-04 00:55	68.755	68.820	68.708	68.820	5
2025-07-04 01:00	68.810	68.860	68.695	68.740	5
2025-07-04 01:05	68.750	68.775	68.735	68.755	5
2025-07-04 01:10	68.760	68.785	68.750	68.760	5
2025-07-04 01:15	68.755	68.790	68.745	68.745	5
2025-07-04 01:20	68.735	68.740	68.710	68.730	5
2025-07-04 01:25	68.735	68.735	68.685	68.695	5
2025-07-04 01:30	68.700	68.740	68.690	68.715	5
2025-07-04 01:35	68.710	68.735	68.705	68.735	5
2025-07-04 01:40	68.740	68.755	68.660	68.675	5
2025-07-04 01:45	68.680	68.690	68.635	68.650	5
2025-07-04 01:50	68.640	68.650	68.615	68.620	4
2025-07-04 01:55	68.625	68.625	68.560	68.560	5
2025-07-04 02:00	68.555	68.580	68.550	68.570	5
2025-07-04 02:05	68.565	68.600	68.565	68.570	4
2025-07-04 02:10	68.575	68.585	68.545	68.570	5
2025-07-04 02:15	68.575	68.575	68.518	68.518	5
2025-07-04 02:20	68.575	68.585	68.523	68.523	4
2025-07-04 02:25	68.570	68.585	68.533	68.565	5
2025-07-04 02:30	68.518	68.570	68.516	68.525	5
2025-07-04 02:35	68.530	68.560	68.520	68.555	5
2025-07-04 02:40	68.550	68.550	68.535	68.550	5
2025-07-04 02:45	68.545	68.550	68.535	68.535	5
2025-07-04 02:50	68.540	68.555	68.516	68.530	5
2025-07-04 02:55	68.525	68.540	68.470	68.475	5
2025-07-04 03:00	68.470	68.505	68.410	68.410	5
2025-07-04 03:05	68.405	68.470	68.400	68.460	5
2025-07-04 03:10	68.450	68.480	68.450	68.455	5
2025-07-04 03:15	68.450	68.485	68.450	68.470	5
2025-07-04 03:20	68.475	68.475	68.445	68.465	5
2025-07-04 03:25	68.470	68.505	68.470	68.495	5
2025-07-04 03:30	68.505	68.510	68.448	68.510	3
2025-07-04 03:35	68.505	68.505	68.443	68.495	5
2025-07-04 03:40	68.490	68.505	68.453	68.500	4
2025-07-04 03:45	68.510	68.520	68.473	68.510	5
2025-07-04 03:50	68.463	68.520	68.463	68.515	5
2025-07-04 03:55	68.510	68.520	68.510	68.515	4
2025-07-04 04:00	68.510	68.540	68.468	68.515	5
2025-07-04 04:05	68.520	68.530	68.473	68.520	4
2025-07-04 04:10	68.510	68.535	68.463	68.530	5
2025-07-04 04:15	68.535	68.575	68.530	68.555	5
2025-07-04 04:20	68.560	68.565	68.518	68.560	4
2025-07-04 04:25	68.555	68.565	68.503	68.555	5
2025-07-04 04:30	68.560	68.560	68.513	68.513	5
2025-07-04 04:35	68.555	68.560	68.555	68.560	4
2025-07-04 04:40	68.513	68.570	68.513	68.560	5
2025-07-04 04:45	68.565	68.565	68.503	68.508	5
2025-07-04 04:50	68.560	68.570	68.545	68.565	5
2025-07-04 04:55	68.560	68.645	68.555	68.635	5
2025-07-04 05:00	68.630	68.680	68.625	68.680	5
2025-07-04 05:05	68.633	68.700	68.628	68.675	5
2025-07-04 05:10	68.680	68.685	68.633	68.670	4
2025-07-04 05:15	68.675	68.685	68.633	68.685	4
2025-07-04 05:20	68.690	68.705	68.675	68.690	5
2025-07-04 05:25	68.685	68.690	68.680	68.690	5
2025-07-04 05:30	68.685	68.715	68.625	68.625	5
2025-07-04 05:35	68.630	68.650	68.565	68.590	5
2025-07-04 05:40	68.585	68.640	68.560	68.570	5
2025-07-04 05:45	68.565	68.635	68.523	68.630	5
2025-07-04 05:50	68.625	68.630	68.595	68.610	4
2025-07-04 05:55	68.605	68.655	68.605	68.645	4
2025-07-04 06:00	68.650	68.660	68.580	68.595	5
2025-07-04 06:05	68.590	68.595	68.570	68.585	5
2025-07-04 06:10	68.580	68.580	68.505	68.530	5
2025-07-04 06:15	68.535	68.565	68.515	68.540	5
2025-07-04 06:20	68.535	68.540	68.445	68.450	5
2025-07-04 06:25	68.445	68.445	68.355	68.425	5
2025-07-04 06:30	68.430	68.480	68.410	68.440	5
2025-07-04 06:35	68.445	68.470	68.403	68.450	5
2025-07-04 06:40	68.445	68.455	68.395	68.430	5
2025-07-04 06:45	68.425	68.425	68.360	68.365	5
2025-07-04 06:50	68.375	68.465	68.365	68.465	5
2025-07-04 06:55	68.475	68.480	68.405	68.410	5
2025-07-04 07:00	68.415	68.505	68.415	68.495	5
2025-07-04 07:05	68.500	68.540	68.495	68.510	5
2025-07-04 07:10	68.515	68.535	68.460	68.490	5
2025-07-04 07:15	68.500	68.540	68.405	68.440	5
2025-07-04 07:20	68.435	68.525	68.435	68.505	5
2025-07-04 07:25	68.500	68.570	68.480	68.560	5
2025-07-04 07:30	68.565	68.605	68.545	68.570	5
2025-07-04 07:35	68.575	68.690	68.560	68.690	5
2025-07-04 07:40	68.685	68.740	68.650	68.670	5
2025-07-04 07:45	68.675	68.735	68.665	68.685	5
2025-07-04 07:50	68.680	68.755	68.675	68.750	5
2025-07-04 07:55	68.745	68.750	68.660	68.670	5
2025-07-04 08:00	68.680	68.685	68.510	68.525	5
2025-07-04 08:05	68.530	68.565	68.495	68.515	5
2025-07-04 08:10	68.510	68.565	68.490	68.535	5
2025-07-04 08:15	68.540	68.540	68.445	68.470	5
2025-07-04 08:20	68.475	68.505	68.355	68.420	5
2025-07-04 08:25	68.425	68.425	68.305	68.365	5
2025-07-04 08:30	68.360	68.375	68.245	68.320	5
2025-07-04 08:35	68.315	68.400	68.315	68.345	5
2025-07-04 08:40	68.355	68.395	68.345	68.395	5
2025-07-04 08:45	68.390	68.395	68.205	68.235	5
2025-07-04 08:50	68.240	68.285	68.190	68.275	5
2025-07-04 08:55	68.265	68.290	68.195	68.250	5
2025-07-04 09:00	68.260	68.295	68.205	68.215	5
2025-07-04 09:05	68.195	68.205	68.110	68.140	5
2025-07-04 09:10	68.145	68.195	68.135	68.195	5
2025-07-04 09:15	68.200	68.240	68.075	68.080	5
2025-07-04 09:20	68.075	68.110	67.835	67.915	5
2025-07-04 09:25	67.905	67.905	67.725	67.870	5
2025-07-04 09:30	67.865	67.975	67.850	67.920	5
2025-07-04 09:35	67.925	68.025	67.925	68.020	5
2025-07-04 09:40	68.015	68.075	68.005	68.075	5
2025-07-04 09:45	68.065	68.070	67.995	68.025	5
2025-07-04 09:50	68.020	68.020	67.955	68.015	5
2025-07-04 09:55	68.010	68.020	67.955	68.000	5
2025-07-04 10:00	67.995	68.105	67.975	68.065	5
2025-07-04 10:05	68.070	68.080	67.960	68.055	5
2025-07-04 10:10	68.040	68.095	68.025	68.060	5
2025-07-04 10:15	68.055	68.085	68.010	68.055	5
2025-07-04 10:20	68.060	68.085	68.010	68.025	5
2025-07-04 10:25	68.030	68.130	68.025	68.130	5
2025-07-04 10:30	68.140	68.175	68.120	68.170	5
2025-07-04 10:35	68.175	68.185	68.125	68.145	5
2025-07-04 10:40	68.155	68.180	68.105	68.125	5
2025-07-04 10:45	68.130	68.175	68.125	68.160	5
2025-07-04 10:50	68.145	68.205	68.140	68.175	5
2025-07-04 10:55	68.180	68.245	68.180	68.225	5
2025-07-04 11:00	68.215	68.215	68.145	68.210	5
2025-07-04 11:05	68.200	68.200	68.165	68.180	5
2025-07-04 11:10	68.185	68.195	68.130	68.130	5
2025-07-04 11:15	68.135	68.165	68.120	68.150	5
2025-07-04 11:20	68.155	68.200	68.145	68.200	5
2025-07-04 11:25	68.205	68.240	68.140	68.150	5
2025-07-04 11:30	68.155	68.235	68.155	68.175	5
2025-07-04 11:35	68.180	68.210	68.125	68.190	5
2025-07-04 11:40	68.195	68.260	68.195	68.225	5
2025-07-04 11:45	68.230	68.275	68.200	68.250	5
2025-07-04 11:50	68.245	68.285	68.235	68.250	4
2025-07-04 11:55	68.245	68.295	68.245	68.255	5
2025-07-04 12:00	68.260	68.275	68.205	68.210	5
2025-07-04 12:05	68.205	68.240	68.185	68.230	5
2025-07-04 12:10	68.235	68.275	68.235	68.265	5
2025-07-04 12:15	68.270	68.325	68.235	68.315	5
2025-07-04 12:20	68.320	68.365	68.255	68.335	5
2025-07-04 12:25	68.325	68.365	68.315	68.365	5
2025-07-04 12:30	68.370	68.375	68.325	68.365	5
2025-07-04 12:35	68.360	68.370	68.330	68.330	5
2025-07-04 12:40	68.325	68.325	68.280	68.300	5
2025-07-04 12:45	68.310	68.355	68.300	68.315	5
2025-07-04 12:50	68.320	68.325	68.175	68.185	5
2025-07-04 12:55	68.190	68.225	68.160	68.195	5
2025-07-04 13:00	68.180	68.220	68.125	68.210	5
2025-07-04 13:05	68.205	68.235	68.165	68.180	5
2025-07-04 13:10	68.185	68.210	68.170	68.190	5
2025-07-04 13:15	68.175	68.205	68.105	68.190	5
2025-07-04 13:20	68.200	68.230	67.995	68.020	5
2025-07-04 13:25	68.015	68.140	67.975	68.105	5
2025-07-04 13:30	68.110	68.145	68.040	68.045	5
2025-07-04 13:35	68.055	68.165	68.020	68.125	5
2025-07-04 13:40	68.120	68.195	68.100	68.155	5
2025-07-04 13:45	68.175	68.175	68.075	68.080	5
2025-07-04 13:50	68.075	68.105	68.005	68.075	5
2025-07-04 13:55	68.080	68.155	68.055	68.140	5
2025-07-04 14:00	68.145	68.320	68.130	68.315	5
2025-07-04 14:05	68.300	68.315	68.225	68.235	5
2025-07-04 14:10	68.240	68.245	68.095	68.110	5
2025-07-04 14:15	68.105	68.145	68.090	68.130	5
2025-07-04 14:20	68.125	68.160	68.065	68.080	5
2025-07-04 14:25	68.085	68.140	68.085	68.100	5
2025-07-04 14:30	68.095	68.205	68.090	68.170	5
2025-07-04 14:35	68.165	68.245	68.130	68.240	5
2025-07-04 14:40	68.235	68.300	68.230	68.290	5
2025-07-04 14:45	68.285	68.295	68.255	68.260	5
2025-07-04 14:50	68.265	68.310	68.250	68.295	5
2025-07-04 14:55	68.290	68.315	68.280	68.300	5
2025-07-04 15:00	68.305	68.400	68.300	68.370	5
2025-07-04 15:05	68.375	68.450	68.355	68.375	5
2025-07-04 15:10	68.370	68.415	68.335	68.405	5
2025-07-04 15:15	68.410	68.425	68.355	68.385	5
2025-07-04 15:20	68.390	68.410	68.365	68.400	5
2025-07-04 15:25	68.405	68.405	68.280	68.310	5
2025-07-04 15:30	68.330	68.375	68.145	68.145	5
2025-07-04 15:35	68.150	68.245	68.145	68.220	5
2025-07-04 15:40	68.225	68.225	68.120	68.150	5
2025-07-04 15:45	68.145	68.170	68.090	68.105	5
2025-07-04 15:50	68.100	68.135	68.065	68.135	5
2025-07-04 15:55	68.145	68.215	68.140	68.195	5
2025-07-04 16:00	68.205	68.250	68.200	68.225	5
2025-07-04 16:05	68.230	68.235	68.090	68.135	5
2025-07-04 16:10	68.125	68.175	68.125	68.145	5
2025-07-04 16:15	68.140	68.195	68.130	68.185	5
2025-07-04 16:20	68.195	68.230	68.190	68.200	5
2025-07-04 16:25	68.205	68.225	68.160	68.170	5
2025-07-04 16:30	68.175	68.280	68.175	68.270	5
2025-07-04 16:35	68.275	68.280	68.225	68.225	5
2025-07-04 16:40	68.230	68.255	68.210	68.225	5
2025-07-04 16:45	68.230	68.270	68.225	68.250	4
2025-07-04 16:50	68.245	68.290	68.210	68.220	5
2025-07-04 16:55	68.225	68.305	68.185	68.285	5
2025-07-04 17:00	68.295	68.535	68.295	68.535	5
2025-07-04 17:05	68.530	68.537	68.415	68.485	5
2025-07-04 17:10	68.505	68.550	68.505	68.545	5
2025-07-04 17:15	68.540	68.545	68.505	68.505	5
2025-07-04 17:20	68.500	68.540	68.463	68.525	5
2025-07-04 17:25	68.530	68.530	68.408	68.450	4
2025-07-07 00:00	67.700	67.700	67.550	67.600	5
2025-07-07 00:05	67.610	67.640	67.470	67.490	5
2025-07-07 00:10	67.480	67.550	67.480	67.550	5
2025-07-07 00:15	67.545	67.560	67.505	67.505	5
2025-07-07 00:20	67.510	67.520	67.415	67.440	5
2025-07-07 00:25	67.445	67.450	67.350	67.360	5
2025-07-07 00:30	67.370	67.445	67.315	67.440	5
2025-07-07 00:35	67.435	67.510	67.420	67.440	5
2025-07-07 00:40	67.430	67.480	67.427	67.450	5
2025-07-07 00:45	67.440	67.570	67.440	67.570	5
2025-07-07 00:50	67.580	67.650	67.570	67.610	5
2025-07-07 00:55	67.620	67.690	67.620	67.690	5
2025-07-07 01:00	67.660	67.680	67.320	67.500	5
2025-07-07 01:05	67.505	67.520	67.445	67.470	5
2025-07-07 01:10	67.475	67.690	67.470	67.675	5
2025-07-07 01:15	67.665	67.720	67.645	67.700	5
2025-07-07 01:20	67.705	67.750	67.645	67.710	5
2025-07-07 01:25	67.720	67.770	67.670	67.720	5
2025-07-07 01:30	67.735	67.750	67.660	67.660	5
2025-07-07 01:35	67.655	67.680	67.610	67.670	5
2025-07-07 01:40	67.660	67.670	67.565	67.570	5
2025-07-07 01:45	67.580	67.615	67.565	67.590	5
2025-07-07 01:50	67.585	67.650	67.553	67.650	5
2025-07-07 01:55	67.655	67.660	67.615	67.640	5
2025-07-07 02:00	67.650	67.680	67.625	67.625	5
2025-07-07 02:05	67.630	67.640	67.605	67.630	5
2025-07-07 02:10	67.635	67.655	67.593	67.640	5
2025-07-07 02:15	67.593	67.655	67.565	67.580	5
2025-07-07 02:20	67.585	67.620	67.580	67.610	5
2025-07-07 02:25	67.600	67.650	67.573	67.640	5
2025-07-07 02:30	67.645	67.750	67.645	67.730	5
2025-07-07 02:35	67.725	67.730	67.690	67.725	5
2025-07-07 02:40	67.710	67.740	67.673	67.730	5
2025-07-07 02:45	67.740	67.755	67.695	67.700	5
2025-07-07 02:50	67.695	67.790	67.690	67.750	5
2025-07-07 02:55	67.740	67.750	67.663	67.715	5
2025-07-07 03:00	67.720	67.730	67.675	67.690	5
2025-07-07 03:05	67.695	67.745	67.680	67.740	5
2025-07-07 03:10	67.730	67.745	67.720	67.720	5
2025-07-07 03:15	67.730	67.770	67.690	67.770	5
2025-07-07 03:20	67.765	67.845	67.765	67.820	5
2025-07-07 03:25	67.825	67.830	67.805	67.820	5
2025-07-07 03:30	67.830	67.850	67.820	67.850	5
2025-07-07 03:35	67.845	67.860	67.825	67.860	5
2025-07-07 03:40	67.850	67.875	67.835	67.845	5
2025-07-07 03:45	67.840	67.855	67.803	67.850	5
2025-07-07 03:50	67.855	67.855	67.835	67.835	5
2025-07-07 03:55	67.840	67.840	67.765	67.770	5
2025-07-07 04:00	67.765	67.815	67.765	67.810	5
2025-07-07 04:05	67.805	67.815	67.770	67.785	5
2025-07-07 04:10	67.780	67.810	67.750	67.760	5
2025-07-07 04:15	67.770	67.785	67.728	67.733	5
2025-07-07 04:20	67.800	67.800	67.743	67.780	5
2025-07-07 04:25	67.733	67.795	67.728	67.775	4
2025-07-07 04:30	67.728	67.870	67.728	67.850	5
2025-07-07 04:35	67.845	67.890	67.840	67.885	5
2025-07-07 04:40	67.890	67.925	67.885	67.925	5
2025-07-07 04:45	67.935	68.025	67.935	67.970	5
2025-07-07 04:50	67.965	67.970	67.883	67.940	5
2025-07-07 04:55	67.945	67.965	67.913	67.960	5
2025-07-07 05:00	67.955	68.025	67.940	68.015	5
2025-07-07 05:05	68.020	68.020	67.960	67.960	5
2025-07-07 05:10	67.970	67.990	67.970	67.990	5
2025-07-07 05:15	68.000	68.020	67.990	68.010	5
2025-07-07 05:20	68.015	68.050	67.990	68.050	5
2025-07-07 05:25	68.055	68.080	68.000	68.030	5
2025-07-07 05:30	68.025	68.040	68.005	68.020	5
2025-07-07 05:35	68.015	68.045	67.990	67.990	5
2025-07-07 05:40	67.985	68.020	67.965	68.000	5
2025-07-07 05:45	68.005	68.005	67.980	67.990	5
2025-07-07 05:50	67.943	67.995	67.943	67.990	5
2025-07-07 05:55	67.995	67.995	67.938	67.990	5
2025-07-07 06:00	67.995	68.105	67.990	68.080	5
2025-07-07 06:05	68.085	68.085	68.010	68.020	5
2025-07-07 06:10	68.035	68.075	68.020	68.025	5
2025-07-07 06:15	68.015	68.060	67.975	68.010	5
2025-07-07 06:20	68.005	68.025	67.990	68.015	5
2025-07-07 06:25	68.005	68.065	67.995	68.065	5
2025-07-07 06:30	68.070	68.085	68.015	68.025	5
2025-07-07 06:35	68.015	68.050	67.965	68.045	5
2025-07-07 06:40	68.070	68.150	68.030	68.045	5
2025-07-07 06:45	68.040	68.080	68.000	68.055	5
2025-07-07 06:50	68.060	68.090	68.020	68.065	5
2025-07-07 06:55	68.075	68.150	68.075	68.145	4
2025-07-07 07:00	68.150	68.150	67.995	68.065	5
2025-07-07 07:05	68.070	68.175	68.065	68.165	5
2025-07-07 07:10	68.175	68.215	68.125	68.125	5
2025-07-07 07:15	68.135	68.140	68.085	68.105	5
2025-07-07 07:20	68.110	68.125	68.045	68.115	5
2025-07-07 07:25	68.105	68.260	68.105	68.215	5
2025-07-07 07:30	68.220	68.275	68.220	68.275	5
2025-07-07 07:35	68.305	68.305	68.245	68.265	5
2025-07-07 07:40	68.270	68.305	68.225	68.275	5
2025-07-07 07:45	68.265	68.275	68.195	68.195	5
2025-07-07 07:50	68.185	68.235	68.175	68.235	5
2025-07-07 07:55	68.230	68.290	68.185	68.275	5
2025-07-07 08:00	68.285	68.395	68.285	68.355	5
2025-07-07 08:05	68.365	68.395	68.190	68.285	5
2025-07-07 08:10	68.290	68.320	68.100	68.150	5
2025-07-07 08:15	68.145	68.150	67.885	67.905	5
2025-07-07 08:20	67.910	68.015	67.895	67.995	5
2025-07-07 08:25	68.000	68.205	67.980	68.190	5
2025-07-07 08:30	68.185	68.275	68.135	68.165	5
2025-07-07 08:35	68.155	68.385	68.090	68.375	5
2025-07-07 08:40	68.385	68.505	68.365	68.495	5
2025-07-07 08:45	68.505	68.680	68.505	68.600	5
2025-07-07 08:50	68.605	68.695	68.545	68.610	5
2025-07-07 08:55	68.605	68.620	68.550	68.605	5
2025-07-07 09:00	68.610	68.615	68.500	68.565	5
2025-07-07 09:05	68.570	68.575	68.470	68.485	5
2025-07-07 09:10	68.505	68.635	68.505	68.550	5
2025-07-07 09:15	68.545	68.555	68.435	68.455	5
2025-07-07 09:20	68.450	68.495	68.420	68.435	5
2025-07-07 09:25	68.425	68.515	68.425	68.490	5
2025-07-07 09:30	68.485	68.520	68.430	68.455	5
2025-07-07 09:35	68.460	68.520	68.445	68.495	5
2025-07-07 09:40	68.490	68.530	68.470	68.475	5
2025-07-07 09:45	68.465	68.585	68.440	68.585	5
2025-07-07 09:50	68.595	68.725	68.550	68.725	5
2025-07-07 09:55	68.720	68.815	68.685	68.800	5
2025-07-07 10:00	68.805	68.820	68.725	68.755	5
2025-07-07 10:05	68.760	68.765	68.675	68.680	5
2025-07-07 10:10	68.685	68.720	68.665	68.720	5
2025-07-07 10:15	68.715	68.735	68.670	68.710	5
2025-07-07 10:20	68.730	68.820	68.725	68.790	5
2025-07-07 10:25	68.780	68.805	68.765	68.790	5
2025-07-07 10:30	68.795	68.815	68.750	68.805	5
2025-07-07 10:35	68.795	68.795	68.725	68.740	5
2025-07-07 10:40	68.735	68.765	68.670	68.670	5
2025-07-07 10:45	68.675	68.750	68.670	68.715	5
2025-07-07 10:50	68.710	68.715	68.635	68.660	5
2025-07-07 10:55	68.665	68.675	68.615	68.660	5
2025-07-07 11:00	68.675	68.705	68.610	68.665	5
2025-07-07 11:05	68.660	68.720	68.655	68.720	5
2025-07-07 11:10	68.725	68.770	68.675	68.685	5
2025-07-07 11:15	68.675	68.695	68.615	68.615	5
2025-07-07 11:20	68.597	68.655	68.575	68.650	5
2025-07-07 11:25	68.645	68.660	68.585	68.595	5
2025-07-07 11:30	68.605	68.680	68.605	68.655	5
2025-07-07 11:35	68.660	68.685	68.640	68.655	5
2025-07-07 11:40	68.670	68.695	68.640	68.645	5
2025-07-07 11:45	68.635	68.675	68.625	68.645	5
2025-07-07 11:50	68.655	68.700	68.645	68.700	5
2025-07-07 11:55	68.705	68.745	68.665	68.675	5
2025-07-07 12:00	68.680	68.690	68.605	68.650	5
2025-07-07 12:05	68.655	68.685	68.635	68.650	5
2025-07-07 12:10	68.655	68.680	68.565	68.605	5
2025-07-07 12:15	68.615	68.740	68.615	68.705	5
2025-07-07 12:20	68.715	68.770	68.695	68.760	5
2025-07-07 12:25	68.765	68.805	68.675	68.685	5
2025-07-07 12:30	68.695	68.735	68.670	68.730	5
2025-07-07 12:35	68.735	68.775	68.725	68.765	5
2025-07-07 12:40	68.775	68.915	68.775	68.905	5
2025-07-07 12:45	68.910	68.925	68.885	68.905	5
2025-07-07 12:50	68.910	68.965	68.885	68.935	5
2025-07-07 12:55	68.930	68.930	68.760	68.810	5
2025-07-07 13:00	68.785	68.810	68.680	68.765	5
2025-07-07 13:05	68.775	68.825	68.740	68.815	5
2025-07-07 13:10	68.820	68.905	68.795	68.905	5
2025-07-07 13:15	68.915	69.215	68.900	69.145	5
2025-07-07 13:20	69.135	69.205	69.055	69.065	5
2025-07-07 13:25	69.060	69.075	68.955	68.985	5
2025-07-07 13:30	68.980	68.995	68.900	68.925	5
2025-07-07 13:35	68.920	68.995	68.885	68.955	5
2025-07-07 13:40	68.965	69.020	68.935	68.990	5
2025-07-07 13:45	68.980	69.000	68.850	68.890	5
2025-07-07 13:50	68.895	68.975	68.840	68.940	5
2025-07-07 13:55	68.935	68.965	68.855	68.915	5
2025-07-07 14:00	68.935	68.975	68.765	68.785	5
2025-07-07 14:05	68.790	68.845	68.720	68.835	5
2025-07-07 14:10	68.825	68.880	68.805	68.855	5
2025-07-07 14:15	68.860	69.035	68.860	68.995	5
2025-07-07 14:20	68.990	69.085	68.970	69.065	5
2025-07-07 14:25	69.060	69.165	69.040	69.105	5
2025-07-07 14:30	69.100	69.135	69.015	69.135	5
2025-07-07 14:35	69.130	69.370	69.123	69.305	5
2025-07-07 14:40	69.300	69.385	69.295	69.375	5
2025-07-07 14:45	69.370	69.370	69.255	69.285	5
2025-07-07 14:50	69.260	69.270	69.170	69.185	5
2025-07-07 14:55	69.190	69.220	69.115	69.155	5
2025-07-07 15:00	69.165	69.180	69.050	69.110	5
2025-07-07 15:05	69.115	69.155	69.085	69.135	5
2025-07-07 15:10	69.140	69.185	69.020	69.070	5
2025-07-07 15:15	69.075	69.085	68.935	68.980	5
2025-07-07 15:20	68.985	69.100	68.925	69.085	5
2025-07-07 15:25	69.080	69.140	69.025	69.045	5
2025-07-07 15:30	69.050	69.155	69.025	69.140	5
2025-07-07 15:35	69.145	69.200	69.055	69.055	5
2025-07-07 15:40	69.045	69.105	68.995	69.095	5
2025-07-07 15:45	69.090	69.135	69.050	69.115	5
2025-07-07 15:50	69.135	69.225	69.120	69.215	5
2025-07-07 15:55	69.225	69.225	69.155	69.195	5
2025-07-07 16:00	69.185	69.185	69.095	69.145	5
2025-07-07 16:05	69.155	69.235	69.135	69.215	5
2025-07-07 16:10	69.220	69.275	69.205	69.240	5
2025-07-07 16:15	69.265	69.285	69.168	69.200	5
2025-07-07 16:20	69.205	69.215	68.840	68.940	5
2025-07-07 16:25	68.935	69.025	68.860	69.020	5
2025-07-07 16:30	69.035	69.260	69.035	69.260	5
2025-07-07 16:35	69.265	69.582	69.265	69.470	5
2025-07-07 16:40	69.475	69.500	69.365	69.425	5
2025-07-07 16:45	69.415	69.520	69.395	69.485	5
2025-07-07 16:50	69.490	69.505	69.410	69.435	5
2025-07-07 16:55	69.430	69.435	69.345	69.370	5
2025-07-07 17:00	69.365	69.395	69.255	69.255	5
2025-07-07 17:05	69.260	69.275	69.175	69.205	5
2025-07-07 17:10	69.200	69.205	69.135	69.185	5
2025-07-07 17:15	69.185	69.225	69.185	69.195	5
2025-07-07 17:20	69.200	69.235	69.185	69.210	5
2025-07-07 17:25	69.205	69.235	69.185	69.215	5
2025-07-07 17:30	69.205	69.245	69.185	69.205	5
2025-07-07 17:35	69.195	69.390	69.185	69.185	5
2025-07-07 17:40	69.185	69.230	69.185	69.200	5
2025-07-07 17:45	69.205	69.235	69.185	69.185	5
2025-07-07 17:50	69.185	69.185	69.110	69.170	5
2025-07-07 17:55	69.165	69.245	69.125	69.190	5
2025-07-07 18:00	69.185	69.240	69.030	69.080	5
2025-07-07 18:05	69.075	69.085	69.005	69.040	5
2025-07-07 18:10	69.035	69.125	69.015	69.050	5
2025-07-07 18:15	69.055	69.165	69.005	69.135	5
2025-07-07 18:20	69.140	69.215	69.105	69.170	5
2025-07-07 18:25	69.175	69.655	69.175	69.590	5
2025-07-07 18:30	69.585	69.825	69.575	69.815	5
2025-07-07 18:35	69.820	69.820	69.705	69.735	5
2025-07-07 18:40	69.740	69.920	69.695	69.895	5
2025-07-07 18:45	69.905	69.915	69.785	69.815	5
2025-07-07 18:50	69.820	69.820	69.690	69.715	5
2025-07-07 18:55	69.720	69.725	69.675	69.675	5
2025-07-07 19:00	69.690	69.710	69.660	69.705	5
2025-07-07 19:05	69.695	69.710	69.685	69.710	5
2025-07-07 19:10	69.705	69.725	69.705	69.715	5
2025-07-07 19:15	69.720	69.745	69.700	69.710	5
2025-07-07 19:20	69.715	69.715	69.675	69.695	5
2025-07-07 19:25	69.690	69.710	69.660	69.675	5
2025-07-07 19:30	69.680	69.680	69.610	69.625	5
2025-07-07 19:35	69.630	69.630	69.573	69.605	5
2025-07-07 19:40	69.620	69.650	69.610	69.645	5
2025-07-07 19:45	69.650	69.650	69.600	69.640	5
2025-07-07 19:50	69.645	69.645	69.610	69.625	5
2025-07-07 19:55	69.630	69.630	69.585	69.605	5
2025-07-07 20:00	69.600	69.600	69.572	69.582	5
2025-07-07 20:05	69.587	69.617	69.567	69.602	5
2025-07-07 20:10	69.597	69.607	69.577	69.582	5
2025-07-07 20:15	69.587	69.602	69.587	69.597	5
2025-07-07 20:20	69.602	69.657	69.602	69.657	5
2025-07-07 20:25	69.652	69.687	69.652	69.662	5
2025-07-07 20:30	69.657	69.657	69.597	69.602	5
2025-07-07 20:35	69.607	69.632	69.602	69.622	5
2025-07-07 20:40	69.602	69.612	69.592	69.597	5
2025-07-07 20:45	69.602	69.607	69.542	69.557	5
2025-07-07 20:50	69.562	69.562	69.537	69.542	5
2025-07-07 20:55	69.537	69.537	69.512	69.517	5
2025-07-08 00:00	69.397	69.480	69.397	69.410	5
2025-07-08 00:05	69.415	69.450	69.410	69.420	5
2025-07-08 00:10	69.415	69.415	69.350	69.360	5
2025-07-08 00:15	69.355	69.380	69.340	69.355	5
2025-07-08 00:20	69.350	69.365	69.325	69.355	5
2025-07-08 00:25	69.345	69.355	69.325	69.355	5
2025-07-08 00:30	69.360	69.360	69.335	69.345	5
2025-07-08 00:35	69.298	69.365	69.298	69.345	5
2025-07-08 00:40	69.298	69.350	69.293	69.340	5
2025-07-08 00:45	69.335	69.340	69.290	69.290	5
2025-07-08 00:50	69.280	69.285	69.250	69.250	4
2025-07-08 00:55	69.245	69.270	69.225	69.270	5
2025-07-08 01:00	69.265	69.300	69.145	69.170	5
2025-07-08 01:05	69.175	69.180	69.140	69.150	5
2025-07-08 01:10	69.145	69.150	69.085	69.100	5
2025-07-08 01:15	69.095	69.135	69.045	69.065	5
2025-07-08 01:20	69.075	69.125	69.050	69.085	5
2025-07-08 01:25	69.080	69.105	69.038	69.095	5
2025-07-08 01:30	69.080	69.130	69.080	69.110	5
2025-07-08 01:35	69.115	69.120	69.095	69.110	5
2025-07-08 01:40	69.105	69.155	69.105	69.105	5
2025-07-08 01:45	69.100	69.140	69.100	69.105	5
2025-07-08 01:50	69.110	69.235	69.110	69.230	5
2025-07-08 01:55	69.235	69.300	69.230	69.265	5
2025-07-08 02:00	69.255	69.265	69.140	69.155	5
2025-07-08 02:05	69.165	69.175	69.145	69.155	5
2025-07-08 02:10	69.150	69.160	69.115	69.130	5
2025-07-08 02:15	69.125	69.190	69.125	69.175	5
2025-07-08 02:20	69.180	69.180	69.120	69.130	5
2025-07-08 02:25	69.135	69.165	69.093	69.150	5
2025-07-08 02:30	69.160	69.180	69.150	69.160	5
2025-07-08 02:35	69.170	69.180	69.155	69.170	5
2025-07-08 02:40	69.165	69.215	69.160	69.195	5
2025-07-08 02:45	69.190	69.240	69.190	69.240	5
2025-07-08 02:50	69.235	69.325	69.235	69.305	5
2025-07-08 02:55	69.300	69.320	69.290	69.305	5
2025-07-08 03:00	69.310	69.350	69.310	69.335	5
2025-07-08 03:05	69.330	69.350	69.330	69.345	5
2025-07-08 03:10	69.350	69.385	69.345	69.370	5
2025-07-08 03:15	69.375	69.380	69.310	69.340	5
2025-07-08 03:20	69.335	69.350	69.293	69.340	5
2025-07-08 03:25	69.335	69.375	69.330	69.360	5
2025-07-08 03:30	69.365	69.365	69.275	69.275	5
2025-07-08 03:35	69.280	69.300	69.270	69.300	3
2025-07-08 03:40	69.305	69.310	69.290	69.290	4
2025-07-08 03:45	69.300	69.300	69.285	69.290	5
2025-07-08 03:50	69.285	69.285	69.275	69.275	3
2025-07-08 03:55	69.295	69.300	69.253	69.290	4
2025-07-08 04:00	69.295	69.300	69.275	69.285	5
2025-07-08 04:05	69.290	69.290	69.255	69.280	5
2025-07-08 04:10	69.275	69.295	69.233	69.285	5
2025-07-08 04:15	69.290	69.290	69.238	69.275	5
2025-07-08 04:20	69.280	69.285	69.270	69.275	5
2025-07-08 04:25	69.228	69.285	69.228	69.260	5
2025-07-08 04:30	69.265	69.280	69.223	69.280	5
2025-07-08 04:35	69.270	69.285	69.245	69.260	5
2025-07-08 04:40	69.213	69.270	69.213	69.240	5
2025-07-08 04:45	69.193	69.250	69.188	69.235	5
2025-07-08 04:50	69.240	69.275	69.235	69.265	4
2025-07-08 04:55	69.270	69.270	69.235	69.245	5
2025-07-08 05:00	69.250	69.250	69.123	69.175	5
2025-07-08 05:05	69.170	69.195	69.170	69.185	5
2025-07-08 05:10	69.180	69.265	69.180	69.230	5
2025-07-08 05:15	69.240	69.270	69.213	69.260	5
2025-07-08 05:20	69.265	69.265	69.235	69.250	5
2025-07-08 05:25	69.260	69.310	69.260	69.285	5
2025-07-08 05:30	69.300	69.375	69.295	69.370	5
2025-07-08 05:35	69.375	69.445	69.365	69.415	5
2025-07-08 05:40	69.420	69.425	69.353	69.380	5
2025-07-08 05:45	69.390	69.465	69.375	69.420	5
2025-07-08 05:50	69.415	69.425	69.380	69.390	5
2025-07-08 05:55	69.385	69.400	69.355	69.370	5
2025-07-08 06:00	69.375	69.440	69.375	69.420	5
2025-07-08 06:05	69.415	69.440	69.370	69.385	5
2025-07-08 06:10	69.380	69.405	69.355	69.360	5
2025-07-08 06:15	69.355	69.370	69.330	69.345	5
2025-07-08 06:20	69.335	69.380	69.305	69.315	5
2025-07-08 06:25	69.320	69.350	69.295	69.340	5
2025-07-08 06:30	69.345	69.415	69.340	69.405	5
2025-07-08 06:35	69.380	69.405	69.335	69.340	5
2025-07-08 06:40	69.345	69.345	69.215	69.230	5
2025-07-08 06:45	69.235	69.250	69.190	69.195	5
2025-07-08 06:50	69.200	69.230	69.185	69.195	5
2025-07-08 06:55	69.200	69.210	69.185	69.190	5
2025-07-08 07:00	69.185	69.335	69.185	69.335	5
2025-07-08 07:05	69.345	69.445	69.345	69.430	5
2025-07-08 07:10	69.425	69.430	69.325	69.365	5
2025-07-08 07:15	69.370	69.440	69.335	69.425	5
2025-07-08 07:20	69.415	69.510	69.405	69.415	5
2025-07-08 07:25	69.425	69.495	69.405	69.495	5
2025-07-08 07:30	69.500	69.575	69.485	69.575	5
2025-07-08 07:35	69.565	69.585	69.525	69.565	5
2025-07-08 07:40	69.555	69.555	69.470	69.520	5
2025-07-08 07:45	69.515	69.535	69.325	69.365	5
2025-07-08 07:50	69.360	69.375	69.315	69.330	5
2025-07-08 07:55	69.305	69.305	69.205	69.235	5
2025-07-08 08:00	69.245	69.315	69.210	69.315	5
2025-07-08 08:05	69.310	69.365	69.215	69.250	5
2025-07-08 08:10	69.240	69.285	69.225	69.230	5
2025-07-08 08:15	69.225	69.325	69.215	69.290	5
2025-07-08 08:20	69.275	69.275	69.140	69.185	5
2025-07-08 08:25	69.175	69.290	69.135	69.145	5
2025-07-08 08:30	69.135	69.185	69.105	69.145	5
2025-07-08 08:35	69.155	69.275	69.140	69.265	5
2025-07-08 08:40	69.270	69.325	69.230	69.250	5
2025-07-08 08:45	69.245	69.265	69.155	69.165	5
2025-07-08 08:50	69.160	69.185	69.095	69.125	5
2025-07-08 08:55	69.135	69.200	69.100	69.160	5
2025-07-08 09:00	69.165	69.365	69.155	69.340	5
2025-07-08 09:05	69.335	69.410	69.315	69.375	5
2025-07-08 09:10	69.385	69.405	69.335	69.385	5
2025-07-08 09:15	69.380	69.385	69.280	69.300	5
2025-07-08 09:20	69.305	69.365	69.205	69.205	5
2025-07-08 09:25	69.200	69.295	69.180	69.275	5
2025-07-08 09:30	69.285	69.285	69.225	69.275	5
2025-07-08 09:35	69.270	69.275	69.095	69.165	5
2025-07-08 09:40	69.160	69.190	69.105	69.120	5
2025-07-08 09:45	69.115	69.165	69.115	69.140	5
2025-07-08 09:50	69.135	69.160	69.095	69.125	5
2025-07-08 09:55	69.130	69.155	69.095	69.145	5
2025-07-08 10:00	69.130	69.200	69.130	69.175	5
2025-07-08 10:05	69.170	69.385	69.170	69.385	5
2025-07-08 10:10	69.375	69.405	69.303	69.380	5
2025-07-08 10:15	69.375	69.375	69.275	69.275	5
2025-07-08 10:20	69.285	69.315	69.250	69.300	5
2025-07-08 10:25	69.295	69.450	69.295	69.445	5
2025-07-08 10:30	69.455	69.455	69.405	69.435	5
2025-07-08 10:35	69.425	69.455	69.425	69.455	5
2025-07-08 10:40	69.445	69.455	69.375	69.385	5
2025-07-08 10:45	69.390	69.490	69.345	69.485	5
2025-07-08 10:50	69.490	69.555	69.490	69.550	5
2025-07-08 10:55	69.545	69.555	69.520	69.525	5
2025-07-08 11:00	69.515	69.550	69.495	69.550	5
2025-07-08 11:05	69.545	69.555	69.475	69.510	5
2025-07-08 11:10	69.515	69.525	69.465	69.495	5
2025-07-08 11:15	69.485	69.515	69.435	69.505	5
2025-07-08 11:20	69.510	69.540	69.495	69.520	5
2025-07-08 11:25	69.515	69.545	69.490	69.545	5
2025-07-08 11:30	69.550	69.595	69.545	69.550	5
2025-07-08 11:35	69.545	69.570	69.520	69.550	5
2025-07-08 11:40	69.555	69.620	69.550	69.595	5
2025-07-08 11:45	69.600	69.600	69.535	69.535	5
2025-07-08 11:50	69.540	69.610	69.520	69.580	5
2025-07-08 11:55	69.585	69.625	69.540	69.545	5
2025-07-08 12:00	69.540	69.565	69.470	69.485	5
2025-07-08 12:05	69.480	69.485	69.425	69.475	5
2025-07-08 12:10	69.485	69.600	69.475	69.595	5
2025-07-08 12:15	69.600	69.670	69.600	69.625	5
2025-07-08 12:20	69.610	69.630	69.585	69.615	5
2025-07-08 12:25	69.625	69.635	69.580	69.625	5
2025-07-08 12:30	69.630	69.645	69.595	69.630	5
2025-07-08 12:35	69.625	69.655	69.595	69.645	5
2025-07-08 12:40	69.655	69.675	69.635	69.650	5
2025-07-08 12:45	69.655	69.655	69.620	69.645	5
2025-07-08 12:50	69.625	69.675	69.620	69.675	5
2025-07-08 12:55	69.670	69.700	69.605	69.630	4
2025-07-08 13:00	69.645	69.665	69.535	69.635	5
2025-07-08 13:05	69.645	69.645	69.415	69.420	5
2025-07-08 13:10	69.425	69.445	69.365	69.370	5
2025-07-08 13:15	69.375	69.425	69.325	69.415	5
2025-07-08 13:20	69.420	69.485	69.415	69.435	5
2025-07-08 13:25	69.430	69.485	69.345	69.350	5
2025-07-08 13:30	69.355	69.475	69.315	69.410	5
2025-07-08 13:35	69.415	69.505	69.375	69.375	5
2025-07-08 13:40	69.380	69.445	69.365	69.385	5
2025-07-08 13:45	69.395	69.475	69.355	69.465	5
2025-07-08 13:50	69.460	69.475	69.375	69.450	5
2025-07-08 13:55	69.445	69.550	69.430	69.545	5
2025-07-08 14:00	69.550	69.585	69.300	69.425	5
2025-07-08 14:05	69.430	69.550	69.400	69.535	5
2025-07-08 14:10	69.540	69.715	69.515	69.715	5
2025-07-08 14:15	69.730	69.785	69.705	69.745	5
2025-07-08 14:20	69.750	69.755	69.640	69.675	5
2025-07-08 14:25	69.670	69.725	69.630	69.670	5
2025-07-08 14:30	69.675	69.805	69.665	69.795	5
2025-07-08 14:35	69.805	69.885	69.790	69.825	5
2025-07-08 14:40	69.835	69.925	69.785	69.905	5
2025-07-08 14:45	69.915	69.925	69.778	69.905	5
2025-07-08 14:50	69.910	69.935	69.800	69.885	5
2025-07-08 14:55	69.895	69.900	69.835	69.870	5
2025-07-08 15:00	69.865	69.905	69.785	69.850	5
2025-07-08 15:05	69.855	69.900	69.835	69.890	5
2025-07-08 15:10	69.895	69.895	69.795	69.835	5
2025-07-08 15:15	69.840	69.875	69.805	69.875	5
2025-07-08 15:20	69.895	69.955	69.860	69.950	5
2025-07-08 15:25	69.955	70.025	69.915	69.965	5
2025-07-08 15:30	69.975	70.010	69.933	69.950	5
2025-07-08 15:35	69.945	70.225	69.945	70.195	5
2025-07-08 15:40	70.185	70.235	70.160	70.200	5
2025-07-08 15:45	70.205	70.205	70.085	70.100	5
2025-07-08 15:50	70.105	70.145	70.075	70.105	5
2025-07-08 15:55	70.110	70.220	70.105	70.175	5
2025-07-08 16:00	70.180	70.225	70.110	70.215	5
2025-07-08 16:05	70.220	70.220	70.085	70.115	5
2025-07-08 16:10	70.120	70.165	70.075	70.165	5
2025-07-08 16:15	70.160	70.275	70.150	70.245	5
2025-07-08 16:20	70.250	70.330	70.160	70.270	5
2025-07-08 16:25	70.275	70.310	70.235	70.245	5
2025-07-08 16:30	70.260	70.270	70.153	70.205	5
2025-07-08 16:35	70.200	70.265	70.138	70.245	5
2025-07-08 16:40	70.240	70.375	70.230	70.370	5
2025-07-08 16:45	70.365	70.425	70.335	70.415	5
2025-07-08 16:50	70.420	70.425	70.325	70.335	5
2025-07-08 16:55	70.345	70.465	70.320	70.450	5
2025-07-08 17:00	70.445	70.475	70.405	70.445	5
2025-07-08 17:05	70.425	70.465	70.405	70.460	5
2025-07-08 17:10	70.455	70.475	70.435	70.475	5
2025-07-08 17:15	70.470	70.555	70.465	70.530	5
2025-07-08 17:20	70.535	70.625	70.525	70.625	5
2025-07-08 17:25	70.615	70.655	70.545	70.565	5
2025-07-08 17:30	70.575	70.575	70.335	70.345	5
2025-07-08 17:35	70.355	70.380	70.300	70.305	5
2025-07-08 17:40	70.310	70.345	70.285	70.285	5
2025-07-08 17:45	70.295	70.400	70.290	70.380	5
2025-07-08 17:50	70.385	70.400	70.335	70.385	5
2025-07-08 17:55	70.375	70.380	70.335	70.350	5
2025-07-08 18:00	70.345	70.355	70.240	70.245	5
2025-07-08 18:05	70.250	70.250	70.205	70.245	5
2025-07-08 18:10	70.250	70.260	70.180	70.235	5
2025-07-08 18:15	70.250	70.275	70.215	70.225	5
2025-07-08 18:20	70.230	70.235	70.155	70.165	5
2025-07-08 18:25	70.170	70.175	70.075	70.145	5
2025-07-08 18:30	70.135	70.155	70.080	70.110	5
2025-07-08 18:35	70.105	70.210	70.105	70.205	5
2025-07-08 18:40	70.200	70.200	70.135	70.155	5
2025-07-08 18:45	70.165	70.195	70.145	70.185	5
2025-07-08 18:50	70.190	70.225	70.185	70.190	5
2025-07-08 18:55	70.195	70.195	70.145	70.170	5
2025-07-08 19:00	70.165	70.185	70.155	70.170	5
2025-07-08 19:05	70.175	70.175	70.130	70.130	5
2025-07-08 19:10	70.135	70.140	70.115	70.120	5
2025-07-08 19:15	70.115	70.135	70.115	70.125	4
2025-07-08 19:20	70.130	70.135	70.115	70.125	5
2025-07-08 19:25	70.130	70.145	70.093	70.093	5
2025-07-08 19:30	70.145	70.215	70.140	70.215	5
2025-07-08 19:35	70.210	70.270	70.210	70.265	5
2025-07-08 19:40	70.260	70.275	70.255	70.265	5
2025-07-08 19:45	70.270	70.275	70.255	70.255	4
2025-07-08 19:50	70.235	70.235	70.095	70.105	5
2025-07-08 19:55	70.100	70.130	70.075	70.100	5
2025-07-08 20:00	70.095	70.152	70.077	70.147	5
2025-07-08 20:05	70.152	70.152	70.118	70.142	5
2025-07-08 20:10	70.137	70.142	70.093	70.093	5
2025-07-08 20:15	70.088	70.107	70.052	70.067	5
2025-07-08 20:20	70.062	70.082	70.043	70.072	5
2025-07-08 20:25	70.082	70.092	70.038	70.072	5
2025-07-08 20:30	70.037	70.067	69.997	70.037	5
2025-07-08 20:35	70.027	70.047	69.982	70.007	5
2025-07-08 20:40	69.997	70.052	69.972	69.992	5
2025-07-08 20:45	69.952	69.952	69.912	69.937	5
2025-07-08 20:50	69.932	69.947	69.907	69.932	5
2025-07-08 20:55	69.937	70.007	69.937	69.957	5
2025-07-09 00:00	69.877	69.920	69.850	69.885	5
2025-07-09 00:05	69.890	69.890	69.843	69.870	5
2025-07-09 00:10	69.860	69.870	69.825	69.830	5
2025-07-09 00:15	69.825	69.895	69.825	69.890	5
2025-07-09 00:20	69.880	69.945	69.870	69.945	5
2025-07-09 00:25	69.950	69.960	69.903	69.960	4
2025-07-09 00:30	69.975	70.010	69.970	69.995	5
2025-07-09 00:35	69.990	70.000	69.975	69.980	3
2025-07-09 00:40	69.985	70.010	69.985	69.990	4
2025-07-09 00:45	70.000	70.010	69.943	69.990	4
2025-07-09 00:50	70.000	70.005	69.943	69.995	5
2025-07-09 00:55	69.990	69.995	69.938	69.990	4
2025-07-09 01:00	69.995	70.005	69.920	69.950	5
2025-07-09 01:05	69.945	69.975	69.915	69.960	5
2025-07-09 01:10	69.965	70.000	69.930	69.940	5
2025-07-09 01:15	69.935	69.955	69.905	69.910	5
2025-07-09 01:20	69.915	69.945	69.910	69.910	5
2025-07-09 01:25	69.915	69.940	69.910	69.930	5
2025-07-09 01:30	69.935	69.935	69.870	69.910	5
2025-07-09 01:35	69.920	69.980	69.915	69.955	5
2025-07-09 01:40	69.960	70.015	69.950	69.960	5
2025-07-09 01:45	69.955	70.015	69.920	69.945	5
2025-07-09 01:50	69.950	69.975	69.915	69.940	5
2025-07-09 01:55	69.947	69.990	69.947	69.980	5
2025-07-09 02:00	69.985	69.985	69.945	69.960	5
2025-07-09 02:05	69.965	70.015	69.955	70.005	5
2025-07-09 02:10	70.010	70.030	69.935	69.990	5
2025-07-09 02:15	69.980	69.985	69.933	69.980	5
2025-07-09 02:20	69.990	69.990	69.960	69.980	5
2025-07-09 02:25	69.985	69.990	69.943	69.980	5
2025-07-09 02:30	69.975	70.015	69.955	69.955	5
2025-07-09 02:35	69.970	69.980	69.915	69.925	5
2025-07-09 02:40	69.930	69.955	69.920	69.940	5
2025-07-09 02:45	69.945	69.965	69.925	69.950	5
2025-07-09 02:50	69.955	69.995	69.950	69.990	5
2025-07-09 02:55	69.985	69.990	69.935	69.945	5
2025-07-09 03:00	69.950	69.970	69.945	69.950	5
2025-07-09 03:05	69.945	70.025	69.945	69.990	5
2025-07-09 03:10	69.980	70.000	69.980	69.990	5
2025-07-09 03:15	69.985	70.005	69.970	69.990	5
2025-07-09 03:20	69.995	70.005	69.975	69.995	5
2025-07-09 03:25	70.000	70.035	69.990	70.000	5
2025-07-09 03:30	70.005	70.025	69.953	70.010	5
2025-07-09 03:35	70.005	70.010	69.995	70.000	3
2025-07-09 03:40	69.995	70.040	69.995	70.035	4
2025-07-09 03:45	70.045	70.060	70.030	70.055	5
2025-07-09 03:50	70.008	70.065	70.008	70.065	4
2025-07-09 03:55	70.018	70.070	70.018	70.055	5
2025-07-09 04:00	70.008	70.060	69.998	69.998	5
2025-07-09 04:05	70.050	70.060	70.008	70.060	4
2025-07-09 04:10	70.055	70.065	69.998	70.055	5
2025-07-09 04:15	70.050	70.060	70.003	70.040	4
2025-07-09 04:20	70.035	70.040	69.968	70.025	5
2025-07-09 04:25	70.030	70.030	69.968	69.990	5
2025-07-09 04:30	69.995	70.030	69.995	70.030	5
2025-07-09 04:35	70.035	70.050	69.988	70.040	5
2025-07-09 04:40	70.015	70.025	69.968	70.015	5
2025-07-09 04:45	70.020	70.025	69.963	70.005	5
2025-07-09 04:50	70.000	70.000	69.965	69.985	5
2025-07-09 04:55	69.980	69.990	69.903	69.950	5
2025-07-09 05:00	69.940	69.950	69.888	69.920	5
2025-07-09 05:05	69.915	69.940	69.915	69.940	5
2025-07-09 05:10	69.950	69.975	69.950	69.950	5
2025-07-09 05:15	69.960	69.965	69.895	69.905	5
2025-07-09 05:20	69.915	69.945	69.905	69.925	5
2025-07-09 05:25	69.920	69.930	69.905	69.930	5
2025-07-09 05:30	69.935	69.960	69.930	69.960	5
2025-07-09 05:35	69.955	69.975	69.940	69.975	5
2025-07-09 05:40	69.970	69.975	69.925	69.935	5
2025-07-09 05:45	69.925	69.935	69.885	69.935	5
2025-07-09 05:50	69.930	69.970	69.925	69.965	5
2025-07-09 05:55	69.970	69.975	69.945	69.950	3
2025-07-09 06:00	69.945	69.975	69.875	69.885	5
2025-07-09 06:05	69.910	69.950	69.910	69.940	4
2025-07-09 06:10	69.930	69.945	69.895	69.920	5
2025-07-09 06:15	69.930	69.975	69.925	69.965	4
2025-07-09 06:20	69.975	70.055	69.970	70.015	5
2025-07-09 06:25	70.020	70.020	69.920	69.950	5
2025-07-09 06:30	69.955	69.955	69.930	69.945	5
2025-07-09 06:35	69.903	69.995	69.903	69.955	5
2025-07-09 06:40	69.960	69.970	69.905	69.915	5
2025-07-09 06:45	69.920	69.980	69.915	69.955	5
2025-07-09 06:50	69.960	70.070	69.950	70.045	5
2025-07-09 06:55	70.040	70.075	69.995	70.045	5
2025-07-09 07:00	70.055	70.075	70.055	70.075	4
2025-07-09 07:05	70.065	70.105	70.055	70.085	5
2025-07-09 07:10	70.075	70.120	70.065	70.105	5
2025-07-09 07:15	70.100	70.125	70.055	70.125	5
2025-07-09 07:20	70.095	70.155	70.075	70.120	5
2025-07-09 07:25	70.115	70.185	70.115	70.160	5
2025-07-09 07:30	70.165	70.255	70.160	70.245	5
2025-07-09 07:35	70.255	70.385	70.235	70.385	5
2025-07-09 07:40	70.390	70.475	70.375	70.455	5
2025-07-09 07:45	70.445	70.475	70.425	70.425	5
2025-07-09 07:50	70.435	70.465	70.395	70.450	5
2025-07-09 07:55	70.445	70.460	70.400	70.445	5
2025-07-09 08:00	70.465	70.515	70.425	70.460	5
2025-07-09 08:05	70.465	70.530	70.420	70.500	5
2025-07-09 08:10	70.510	70.515	70.465	70.475	5
2025-07-09 08:15	70.485	70.540	70.485	70.520	5
2025-07-09 08:20	70.515	70.575	70.515	70.555	5
2025-07-09 08:25	70.560	70.620	70.475	70.485	5
2025-07-09 08:30	70.515	70.600	70.515	70.595	5
2025-07-09 08:35	70.590	70.670	70.545	70.665	5
2025-07-09 08:40	70.675	70.685	70.625	70.625	5
2025-07-09 08:45	70.615	70.665	70.570	70.605	5
2025-07-09 08:50	70.595	70.655	70.585	70.605	5
2025-07-09 08:55	70.615	70.665	70.585	70.660	5
2025-07-09 09:00	70.665	70.670	70.515	70.515	5
2025-07-09 09:05	70.525	70.550	70.465	70.545	5
2025-07-09 09:10	70.535	70.555	70.495	70.510	5
2025-07-09 09:15	70.515	70.525	70.420	70.455	5
2025-07-09 09:20	70.460	70.465	70.400	70.425	5
2025-07-09 09:25	70.420	70.465	70.420	70.440	5
2025-07-09 09:30	70.435	70.440	70.325	70.440	5
2025-07-09 09:35	70.445	70.475	70.390	70.430	5
2025-07-09 09:40	70.425	70.430	70.385	70.425	5
2025-07-09 09:45	70.415	70.505	70.405	70.430	5
2025-07-09 09:50	70.425	70.425	70.335	70.335	5
2025-07-09 09:55	70.325	70.425	70.325	70.390	5
2025-07-09 10:00	70.385	70.405	70.300	70.300	5
2025-07-09 10:05	70.295	70.335	70.260	70.300	5
2025-07-09 10:10	70.305	70.355	70.295	70.330	5
2025-07-09 10:15	70.335	70.350	70.295	70.345	5
2025-07-09 10:20	70.340	70.430	70.340	70.380	5
2025-07-09 10:25	70.375	70.375	70.295	70.365	5
2025-07-09 10:30	70.375	70.395	70.305	70.325	5
2025-07-09 10:35	70.315	70.335	70.235	70.300	5
2025-07-09 10:40	70.295	70.340	70.265	70.325	5
2025-07-09 10:45	70.320	70.360	70.305	70.325	5
2025-07-09 10:50	70.335	70.345	70.230	70.300	5
2025-07-09 10:55	70.305	70.305	70.205	70.285	5
2025-07-09 11:00	70.290	70.355	70.255	70.300	5
2025-07-09 11:05	70.295	70.335	70.280	70.300	5
2025-07-09 11:10	70.295	70.295	70.235	70.260	5
2025-07-09 11:15	70.265	70.275	70.215	70.225	5
2025-07-09 11:20	70.235	70.245	70.180	70.245	5
2025-07-09 11:25	70.235	70.255	70.225	70.235	5
2025-07-09 11:30	70.240	70.255	70.203	70.250	5
2025-07-09 11:35	70.245	70.275	70.235	70.250	5
2025-07-09 11:40	70.255	70.265	70.240	70.245	4
2025-07-09 11:45	70.240	70.265	70.215	70.250	5
2025-07-09 11:50	70.245	70.295	70.220	70.275	5
2025-07-09 11:55	70.265	70.320	70.245	70.305	5
2025-07-09 12:00	70.300	70.370	70.295	70.365	5
2025-07-09 12:05	70.355	70.395	70.325	70.390	5
2025-07-09 12:10	70.385	70.405	70.365	70.375	5
2025-07-09 12:15	70.385	70.385	70.160	70.195	5
2025-07-09 12:20	70.205	70.265	70.175	70.245	5
2025-07-09 12:25	70.250	70.250	70.195	70.205	5
2025-07-09 12:30	70.210	70.255	70.200	70.225	5
2025-07-09 12:35	70.215	70.260	70.205	70.235	5
2025-07-09 12:40	70.240	70.265	70.135	70.160	5
2025-07-09 12:45	70.155	70.155	70.005	70.060	5
2025-07-09 12:50	70.055	70.145	69.998	70.110	5
2025-07-09 12:55	70.105	70.170	70.105	70.165	5
2025-07-09 13:00	70.155	70.155	69.985	70.040	5
2025-07-09 13:05	70.045	70.050	69.935	70.020	5
2025-07-09 13:10	70.025	70.040	69.805	69.935	5
2025-07-09 13:15	69.940	69.940	69.795	69.815	5
2025-07-09 13:20	69.825	69.845	69.690	69.715	5
2025-07-09 13:25	69.705	69.775	69.655	69.745	5
2025-07-09 13:30	69.750	69.755	69.595	69.640	5
2025-07-09 13:35	69.635	69.745	69.625	69.705	5
2025-07-09 13:40	69.715	69.815	69.710	69.795	5
2025-07-09 13:45	69.800	69.905	69.720	69.735	5
2025-07-09 13:50	69.730	69.820	69.715	69.785	5
2025-07-09 13:55	69.790	69.845	69.755	69.780	5
2025-07-09 14:00	69.785	69.795	69.695	69.795	5
2025-07-09 14:05	69.785	69.875	69.750	69.755	5
2025-07-09 14:10	69.760	69.785	69.685	69.775	5
2025-07-09 14:15	69.785	69.860	69.695	69.735	5
2025-07-09 14:20	69.730	69.775	69.700	69.750	5
2025-07-09 14:25	69.745	69.865	69.695	69.730	5
2025-07-09 14:30	69.715	69.910	69.638	69.835	5
2025-07-09 14:35	69.845	69.905	69.625	69.900	5
2025-07-09 14:40	69.905	70.035	69.885	69.970	5
2025-07-09 14:45	69.975	69.995	69.885	69.950	5
2025-07-09 14:50	69.945	70.095	69.910	70.045	5
2025-07-09 14:55	70.050	70.200	70.025	70.135	5
2025-07-09 15:00	70.140	70.175	70.075	70.130	5
2025-07-09 15:05	70.125	70.280	70.125	70.260	5
2025-07-09 15:10	70.255	70.310	70.215	70.225	5
2025-07-09 15:15	70.245	70.310	70.245	70.255	5
2025-07-09 15:20	70.245	70.320	70.195	70.305	5
2025-07-09 15:25	70.310	70.440	70.295	70.370	5
2025-07-09 15:30	70.375	70.405	70.285	70.345	5
2025-07-09 15:35	70.350	70.375	70.265	70.335	5
2025-07-09 15:40	70.345	70.365	70.230	70.355	5
2025-07-09 15:45	70.360	70.375	70.305	70.370	5
2025-07-09 15:50	70.365	70.455	70.365	70.425	5
2025-07-09 15:55	70.430	70.440	70.400	70.435	5
2025-07-09 16:00	70.430	70.430	70.325	70.325	5
2025-07-09 16:05	70.320	70.355	70.270	70.295	5
2025-07-09 16:10	70.290	70.340	70.265	70.295	5
2025-07-09 16:15	70.280	70.290	70.160	70.235	5
2025-07-09 16:20	70.240	70.375	70.235	70.370	5
2025-07-09 16:25	70.380	70.420	70.375	70.410	5
2025-07-09 16:30	70.415	70.420	70.365	70.380	5
2025-07-09 16:35	70.385	70.385	70.285	70.285	5
2025-07-09 16:40	70.295	70.330	70.285	70.325	5
2025-07-09 16:45	70.335	70.400	70.325	70.400	5
2025-07-09 16:50	70.405	70.525	70.405	70.520	5
2025-07-09 16:55	70.515	70.515	70.455	70.475	5
2025-07-09 17:00	70.480	70.495	70.450	70.495	5
2025-07-09 17:05	70.485	70.595	70.475	70.570	5
2025-07-09 17:10	70.575	70.580	70.525	70.525	5
2025-07-09 17:15	70.530	70.535	70.495	70.515	5
2025-07-09 17:20	70.505	70.535	70.485	70.510	5
2025-07-09 17:25	70.520	70.525	70.405	70.415	5
2025-07-09 17:30	70.420	70.445	70.380	70.395	5
2025-07-09 17:35	70.400	70.450	70.350	70.450	5
2025-07-09 17:40	70.455	70.470	70.383	70.440	5
2025-07-09 17:45	70.435	70.440	70.345	70.385	5
2025-07-09 17:50	70.390	70.390	70.315	70.345	5
2025-07-09 17:55	70.365	70.430	70.365	70.410	5
2025-07-09 18:00	70.415	70.415	70.280	70.300	5
2025-07-09 18:05	70.305	70.305	70.230	70.230	5
2025-07-09 18:10	70.235	70.240	70.165	70.210	5
2025-07-09 18:15	70.220	70.245	70.175	70.225	5
2025-07-09 18:20	70.215	70.230	70.110	70.145	5
2025-07-09 18:25	70.150	70.215	70.110	70.185	5
2025-07-09 18:30	70.180	70.205	70.135	70.195	5
2025-07-09 18:35	70.190	70.195	70.165	70.170	5
2025-07-09 18:40	70.165	70.185	70.145	70.145	4
2025-07-09 18:45	70.150	70.175	70.145	70.150	5
2025-07-09 18:50	70.145	70.150	70.100	70.110	5
2025-07-09 18:55	70.115	70.120	70.065	70.095	5
2025-07-09 19:00	70.100	70.110	70.085	70.085	5
2025-07-09 19:05	70.080	70.095	70.075	70.090	3
2025-07-09 19:10	70.085	70.150	70.085	70.140	5
2025-07-09 19:15	70.145	70.145	70.095	70.105	5
2025-07-09 19:20	70.100	70.115	70.100	70.105	5
2025-07-09 19:25	70.110	70.110	70.033	70.085	5
2025-07-09 19:30	70.095	70.130	70.090	70.100	5
2025-07-09 19:35	70.095	70.100	70.065	70.070	5
2025-07-09 19:40	70.075	70.075	70.035	70.045	5
2025-07-09 19:45	70.050	70.085	70.035	70.075	5
2025-07-09 19:50	70.070	70.105	70.060	70.095	5
2025-07-09 19:55	70.100	70.135	70.080	70.095	5
2025-07-09 20:00	70.090	70.110	70.077	70.087	5
2025-07-09 20:05	70.092	70.097	70.082	70.087	5
2025-07-09 20:10	70.082	70.102	70.078	70.102	4
2025-07-09 20:15	70.083	70.107	70.077	70.077	5
2025-07-09 20:20	70.072	70.082	70.052	70.057	5
2025-07-09 20:25	70.052	70.062	70.033	70.057	5
2025-07-09 20:30	70.052	70.107	70.028	70.107	5
2025-07-09 20:35	70.102	70.117	70.068	70.117	5
2025-07-09 20:40	70.112	70.112	70.073	70.087	5
2025-07-09 20:45	70.082	70.102	70.082	70.097	5
2025-07-09 20:50	70.092	70.092	70.062	70.082	5
2025-07-09 20:55	70.077	70.107	70.072	70.092	5
2025-07-10 00:00	70.017	70.025	69.945	69.950	5
2025-07-10 00:05	69.955	69.955	69.910	69.910	5
2025-07-10 00:10	69.915	69.920	69.890	69.890	5
2025-07-10 00:15	69.895	69.945	69.893	69.940	5
2025-07-10 00:20	69.935	69.940	69.905	69.925	5
2025-07-10 00:25	69.878	69.950	69.878	69.945	5
2025-07-10 00:30	69.950	69.980	69.935	69.960	5
2025-07-10 00:35	69.913	69.955	69.913	69.945	5
2025-07-10 00:40	69.935	69.940	69.915	69.920	5
2025-07-10 00:45	69.925	69.950	69.878	69.935	5
2025-07-10 00:50	69.930	69.960	69.898	69.960	5
2025-07-10 00:55	69.965	69.970	69.918	69.950	4
2025-07-10 01:00	69.955	70.075	69.955	70.070	5
2025-07-10 01:05	70.065	70.200	70.065	70.175	5
2025-07-10 01:10	70.170	70.175	70.150	70.150	5
2025-07-10 01:15	70.155	70.185	70.150	70.185	5
2025-07-10 01:20	70.180	70.185	70.140	70.170	5
2025-07-10 01:25	70.175	70.185	70.100	70.120	5
2025-07-10 01:30	70.125	70.125	70.045	70.065	5
2025-07-10 01:35	70.060	70.065	70.015	70.040	5
2025-07-10 01:40	70.045	70.065	70.040	70.065	5
2025-07-10 01:45	70.060	70.065	70.045	70.060	5
2025-07-10 01:50	70.070	70.090	70.060	70.090	5
2025-07-10 01:55	70.085	70.090	70.028	70.075	5
2025-07-10 02:00	70.085	70.115	70.055	70.100	5
2025-07-10 02:05	70.095	70.145	70.095	70.115	5
2025-07-10 02:10	70.110	70.125	70.090	70.110	5
2025-07-10 02:15	70.063	70.125	70.063	70.120	5
2025-07-10 02:20	70.073	70.125	70.073	70.105	5
2025-07-10 02:25	70.110	70.135	70.100	70.130	5
2025-07-10 02:30	70.135	70.190	70.135	70.175	5
2025-07-10 02:35	70.165	70.195	70.160	70.190	5
2025-07-10 02:40	70.185	70.190	70.140	70.145	5
2025-07-10 02:45	70.150	70.155	70.098	70.140	5
2025-07-10 02:50	70.145	70.155	70.105	70.120	5
2025-07-10 02:55	70.125	70.165	70.115	70.160	5
2025-07-10 03:00	70.165	70.165	70.110	70.115	5
2025-07-10 03:05	70.120	70.185	70.105	70.180	5
2025-07-10 03:10	70.185	70.185	70.155	70.165	5
2025-07-10 03:15	70.170	70.170	70.103	70.140	5
2025-07-10 03:20	70.135	70.140	70.078	70.140	5
2025-07-10 03:25	70.135	70.140	70.093	70.135	5
2025-07-10 03:30	70.115	70.160	70.093	70.140	5
2025-07-10 03:35	70.130	70.155	70.125	70.150	5
2025-07-10 03:40	70.103	70.155	70.103	70.150	5
2025-07-10 03:45	70.145	70.155	70.103	70.155	5
2025-07-10 03:50	70.160	70.165	70.108	70.165	3
2025-07-10 03:55	70.170	70.175	70.150	70.150	5
2025-07-10 04:00	70.140	70.160	70.103	70.150	4
2025-07-10 04:05	70.145	70.200	70.130	70.190	5
2025-07-10 04:10	70.195	70.225	70.153	70.205	5
2025-07-10 04:15	70.158	70.210	70.158	70.210	3
2025-07-10 04:20	70.215	70.215	70.163	70.210	5
2025-07-10 04:25	70.163	70.210	70.163	70.210	4
2025-07-10 04:30	70.215	70.230	70.210	70.220	5
2025-07-10 04:35	70.230	70.255	70.183	70.255	5
2025-07-10 04:40	70.250	70.315	70.250	70.280	4
2025-07-10 04:45	70.285	70.305	70.248	70.275	4
2025-07-10 04:50	70.280	70.305	70.253	70.258	5
2025-07-10 04:55	70.310	70.310	70.253	70.295	4
2025-07-10 05:00	70.300	70.315	70.280	70.290	5
2025-07-10 05:05	70.285	70.290	70.238	70.285	5
2025-07-10 05:10	70.295	70.295	70.228	70.228	5
2025-07-10 05:15	70.260	70.270	70.213	70.213	4
2025-07-10 05:20	70.265	70.265	70.213	70.245	5
2025-07-10 05:25	70.250	70.260	70.198	70.245	5
2025-07-10 05:30	70.240	70.315	70.235	70.300	5
2025-07-10 05:35	70.295	70.300	70.230	70.240	5
2025-07-10 05:40	70.245	70.265	70.240	70.250	5
2025-07-10 05:45	70.245	70.260	70.198	70.240	5
2025-07-10 05:50	70.250	70.250	70.195	70.235	5
2025-07-10 05:55	70.240	70.255	70.215	70.225	4
2025-07-10 06:00	70.235	70.255	70.185	70.215	5
2025-07-10 06:05	70.205	70.255	70.195	70.245	5
2025-07-10 06:10	70.250	70.295	70.245	70.290	5
2025-07-10 06:15	70.295	70.360	70.290	70.355	5
2025-07-10 06:20	70.340	70.375	70.325	70.365	5
2025-07-10 06:25	70.360	70.400	70.330	70.340	5
2025-07-10 06:30	70.345	70.345	70.270	70.295	5
2025-07-10 06:35	70.290	70.295	70.175	70.220	5
2025-07-10 06:40	70.215	70.295	70.215	70.270	5
2025-07-10 06:45	70.275	70.285	70.245	70.245	5
2025-07-10 06:50	70.240	70.290	70.220	70.225	5
2025-07-10 06:55	70.220	70.230	70.120	70.225	5
2025-07-10 07:00	70.220	70.220	70.080	70.170	5
2025-07-10 07:05	70.175	70.195	70.090	70.150	5
2025-07-10 07:10	70.155	70.165	70.055	70.075	5
2025-07-10 07:15	70.065	70.195	70.040	70.175	5
2025-07-10 07:20	70.180	70.240	70.175	70.220	5
2025-07-10 07:25	70.215	70.325	70.215	70.320	5
2025-07-10 07:30	70.325	70.325	70.223	70.250	5
2025-07-10 07:35	70.255	70.255	70.200	70.215	5
2025-07-10 07:40	70.220	70.265	70.210	70.215	5
2025-07-10 07:45	70.210	70.270	70.205	70.235	5
2025-07-10 07:50	70.250	70.275	70.165	70.175	5
2025-07-10 07:55	70.170	70.225	70.115	70.125	5
2025-07-10 08:00	70.135	70.185	70.050	70.185	5
2025-07-10 08:05	70.170	70.270	70.115	70.120	5
2025-07-10 08:10	70.125	70.150	70.075	70.145	5
2025-07-10 08:15	70.155	70.185	70.005	70.055	5
2025-07-10 08:20	70.050	70.095	70.020	70.055	5
2025-07-10 08:25	70.060	70.120	69.985	69.995	5
2025-07-10 08:30	69.990	69.995	69.935	69.965	5
2025-07-10 08:35	69.955	69.970	69.835	69.845	5
2025-07-10 08:40	69.855	69.855	69.805	69.815	5
2025-07-10 08:45	69.810	69.915	69.810	69.895	5
2025-07-10 08:50	69.890	69.895	69.825	69.855	5
2025-07-10 08:55	69.845	69.935	69.835	69.935	5
2025-07-10 09:00	69.945	69.990	69.890	69.960	5
2025-07-10 09:05	69.965	70.070	69.955	69.990	5
2025-07-10 09:10	69.985	70.020	69.975	69.975	5
2025-07-10 09:15	69.985	70.055	69.970	70.020	5
2025-07-10 09:20	70.025	70.045	69.985	70.030	5
2025-07-10 09:25	70.045	70.055	69.985	70.005	5
2025-07-10 09:30	70.000	70.055	69.935	70.005	5
2025-07-10 09:35	69.995	70.040	69.985	70.040	5
2025-07-10 09:40	70.045	70.045	69.930	70.005	5
2025-07-10 09:45	69.995	70.000	69.955	69.970	5
2025-07-10 09:50	69.965	69.965	69.885	69.900	5
2025-07-10 09:55	69.895	69.985	69.885	69.935	5
2025-07-10 10:00	69.945	69.970	69.905	69.925	5
2025-07-10 10:05	69.920	69.925	69.855	69.875	5
2025-07-10 10:10	69.870	69.935	69.870	69.910	5
2025-07-10 10:15	69.915	69.955	69.905	69.905	5
2025-07-10 10:20	69.925	69.980	69.915	69.955	5
2025-07-10 10:25	69.950	69.955	69.875	69.905	5
2025-07-10 10:30	69.900	69.915	69.885	69.895	5
2025-07-10 10:35	69.885	69.905	69.865	69.885	5
2025-07-10 10:40	69.895	70.025	69.895	70.025	5
2025-07-10 10:45	70.030	70.065	70.005	70.010	5
2025-07-10 10:50	70.005	70.025	69.985	70.000	5
2025-07-10 10:55	70.005	70.035	69.985	69.995	5
2025-07-10 11:00	69.985	70.005	69.875	69.875	5
2025-07-10 11:05	69.885	69.905	69.845	69.860	5
2025-07-10 11:10	69.855	69.870	69.760	69.785	5
2025-07-10 11:15	69.780	69.815	69.770	69.795	5
2025-07-10 11:20	69.790	69.850	69.775	69.840	5
2025-07-10 11:25	69.835	69.930	69.835	69.930	5
2025-07-10 11:30	69.935	69.945	69.855	69.860	5
2025-07-10 11:35	69.855	70.445	69.545	69.770	5
2025-07-10 11:40	69.775	69.850	69.715	69.730	5
2025-07-10 11:45	69.735	69.735	69.325	69.460	5
2025-07-10 11:50	69.465	69.590	69.430	69.590	5
2025-07-10 11:55	69.585	69.600	69.410	69.495	5
2025-07-10 12:00	69.490	69.655	69.485	69.640	5
2025-07-10 12:05	69.645	69.690	69.600	69.660	5
2025-07-10 12:10	69.670	69.675	69.565	69.575	5
2025-07-10 12:15	69.570	69.685	69.515	69.645	5
2025-07-10 12:20	69.650	69.785	69.640	69.775	5
2025-07-10 12:25	69.770	69.805	69.690	69.745	5
2025-07-10 12:30	69.750	69.785	69.710	69.765	5
2025-07-10 12:35	69.770	69.780	69.665	69.675	5
2025-07-10 12:40	69.670	69.685	69.580	69.665	5
2025-07-10 12:45	69.670	69.735	69.635	69.645	5
2025-07-10 12:50	69.640	69.645	69.545	69.590	5
2025-07-10 12:55	69.605	69.680	69.555	69.675	5
2025-07-10 13:00	69.665	69.750	69.205	69.270	5
2025-07-10 13:05	69.265	69.355	69.185	69.235	5
2025-07-10 13:10	69.240	69.315	69.115	69.125	5
2025-07-10 13:15	69.130	69.175	68.945	69.005	5
2025-07-10 13:20	69.010	69.020	68.790	68.860	5
2025-07-10 13:25	68.855	68.915	68.745	68.840	5
2025-07-10 13:30	68.835	68.955	68.805	68.885	5
2025-07-10 13:35	68.910	68.965	68.675	68.735	5
2025-07-10 13:40	68.740	68.855	68.655	68.745	5
2025-07-10 13:45	68.750	68.845	68.725	68.730	5
2025-07-10 13:50	68.725	68.875	68.700	68.865	5
2025-07-10 13:55	68.885	69.035	68.850	68.900	5
2025-07-10 14:00	68.895	69.015	68.890	68.935	5
2025-07-10 14:05	68.945	69.155	68.940	69.125	5
2025-07-10 14:10	69.140	69.315	69.130	69.210	5
2025-07-10 14:15	69.200	69.210	69.060	69.110	5
2025-07-10 14:20	69.115	69.175	69.085	69.155	5
2025-07-10 14:25	69.150	69.180	69.045	69.055	5
2025-07-10 14:30	69.075	69.125	69.030	69.035	5
2025-07-10 14:35	69.030	69.195	69.025	69.095	5
2025-07-10 14:40	69.105	69.115	68.915	68.995	5
2025-07-10 14:45	68.990	69.060	68.935	68.945	5
2025-07-10 14:50	68.935	68.965	68.905	68.935	5
2025-07-10 14:55	68.915	69.075	68.915	69.045	5
2025-07-10 15:00	69.050	69.100	69.015	69.045	5
2025-07-10 15:05	69.055	69.100	68.975	68.995	5
2025-07-10 15:10	68.990	69.075	68.990	69.055	5
2025-07-10 15:15	69.045	69.125	68.995	69.035	5
2025-07-10 15:20	69.030	69.075	68.960	68.980	5
2025-07-10 15:25	68.975	68.985	68.767	68.815	5
2025-07-10 15:30	68.775	68.875	68.710	68.785	5
2025-07-10 15:35	68.780	68.860	68.770	68.835	5
2025-07-10 15:40	68.840	68.845	68.760	68.795	5
2025-07-10 15:45	68.805	68.815	68.685	68.705	5
2025-07-10 15:50	68.710	68.725	68.575	68.605	5
2025-07-10 15:55	68.600	68.680	68.555	68.650	5
2025-07-10 16:00	68.655	68.735	68.635	68.685	5
2025-07-10 16:05	68.705	68.965	68.705	68.925	5
2025-07-10 16:10	68.915	68.985	68.895	68.950	5
2025-07-10 16:15	68.945	68.970	68.925	68.955	5
2025-07-10 16:20	68.960	68.995	68.885	68.930	5
2025-07-10 16:25	68.920	68.920	68.825	68.845	5
2025-07-10 16:30	68.835	68.855	68.790	68.825	5
2025-07-10 16:35	68.830	68.845	68.795	68.815	5
2025-07-10 16:40	68.805	68.805	68.705	68.715	5
2025-07-10 16:45	68.710	68.805	68.705	68.795	5
2025-07-10 16:50	68.790	68.815	68.785	68.810	5
2025-07-10 16:55	68.805	68.810	68.755	68.785	5
2025-07-10 17:00	68.775	68.790	68.715	68.745	5
2025-07-10 17:05	68.750	68.790	68.705	68.735	5
2025-07-10 17:10	68.725	68.870	68.725	68.845	5
2025-07-10 17:15	68.850	68.870	68.825	68.865	5
2025-07-10 17:20	68.855	68.855	68.765	68.775	5
2025-07-10 17:25	68.785	68.815	68.760	68.785	5
2025-07-10 17:30	68.795	68.805	68.715	68.765	5
2025-07-10 17:35	68.775	68.785	68.735	68.785	5
2025-07-10 17:40	68.780	68.820	68.760	68.795	5
2025-07-10 17:45	68.775	68.790	68.735	68.755	5
2025-07-10 17:50	68.750	68.750	68.615	68.650	5
2025-07-10 17:55	68.645	68.735	68.635	68.715	5
2025-07-10 18:00	68.705	68.800	68.675	68.695	5
2025-07-10 18:05	68.685	68.745	68.685	68.715	5
2025-07-10 18:10	68.720	68.735	68.585	68.625	5
2025-07-10 18:15	68.635	68.655	68.575	68.650	5
2025-07-10 18:20	68.645	68.715	68.615	68.615	5
2025-07-10 18:25	68.625	68.660	68.525	68.635	5
2025-07-10 18:30	68.630	68.765	68.630	68.760	5
2025-07-10 18:35	68.755	68.905	68.750	68.905	5
2025-07-10 18:40	68.920	68.975	68.885	68.965	5
2025-07-10 18:45	68.950	68.955	68.875	68.885	5
2025-07-10 18:50	68.875	68.880	68.825	68.845	5
2025-07-10 18:55	68.850	68.870	68.830	68.855	5
2025-07-10 19:00	68.850	68.885	68.820	68.880	5
2025-07-10 19:05	68.885	68.890	68.865	68.875	5
2025-07-10 19:10	68.870	68.895	68.865	68.885	5
2025-07-10 19:15	68.880	68.890	68.855	68.875	5
2025-07-10 19:20	68.880	68.885	68.850	68.860	5
2025-07-10 19:25	68.855	68.905	68.855	68.905	5
2025-07-10 19:30	68.900	68.905	68.870	68.885	5
2025-07-10 19:35	68.890	68.895	68.860	68.860	5
2025-07-10 19:40	68.865	68.885	68.840	68.870	5
2025-07-10 19:45	68.875	68.880	68.845	68.865	5
2025-07-10 19:50	68.860	68.875	68.840	68.875	5
2025-07-10 19:55	68.870	68.905	68.855	68.890	5
2025-07-10 20:00	68.867	68.872	68.837	68.847	5
2025-07-10 20:05	68.852	68.877	68.852	68.857	5
2025-07-10 20:10	68.862	68.862	68.842	68.847	5
2025-07-10 20:15	68.852	68.872	68.847	68.862	5
2025-07-10 20:20	68.857	68.862	68.818	68.823	4
2025-07-10 20:25	68.842	68.847	68.817	68.817	4
2025-07-10 20:30	68.802	68.852	68.792	68.847	5
2025-07-10 20:35	68.852	68.852	68.828	68.832	5
2025-07-10 20:40	68.827	68.852	68.803	68.847	5
2025-07-10 20:45	68.842	68.847	68.812	68.822	5
2025-07-10 20:50	68.797	68.812	68.767	68.797	5
2025-07-10 20:55	68.812	68.817	68.787	68.797	5
2025-07-11 00:00	68.810	68.900	68.775	68.900	5
2025-07-11 00:05	68.890	68.900	68.830	68.900	5
2025-07-11 00:10	68.853	68.910	68.845	68.845	5
2025-07-11 00:15	68.850	68.890	68.800	68.840	5
2025-07-11 00:20	68.835	68.840	68.745	68.760	5
2025-07-11 00:25	68.765	68.805	68.740	68.780	5
2025-07-11 00:30	68.733	68.830	68.733	68.810	5
2025-07-11 00:35	68.815	68.815	68.765	68.810	5
2025-07-11 00:40	68.800	68.810	68.780	68.800	5
2025-07-11 00:45	68.790	68.870	68.770	68.865	5
2025-07-11 00:50	68.870	68.885	68.820	68.820	5
2025-07-11 00:55	68.830	68.875	68.645	68.660	5
2025-07-11 01:00	68.640	68.770	68.630	68.745	5
2025-07-11 01:05	68.740	68.850	68.740	68.845	5
2025-07-11 01:10	68.840	68.875	68.795	68.805	5
2025-07-11 01:15	68.815	68.900	68.815	68.860	5
2025-07-11 01:20	68.865	68.930	68.855	68.885	5
2025-07-11 01:25	68.890	69.020	68.890	69.005	5
2025-07-11 01:30	69.015	69.090	69.015	69.045	5
2025-07-11 01:35	69.035	69.100	69.035	69.085	5
2025-07-11 01:40	69.080	69.135	69.055	69.075	5
2025-07-11 01:45	69.080	69.085	69.045	69.070	5
2025-07-11 01:50	69.065	69.075	69.035	69.070	5
2025-07-11 01:55	69.065	69.080	69.050	69.080	5
2025-07-11 02:00	69.075	69.105	69.035	69.040	5
2025-07-11 02:05	69.045	69.060	68.998	69.055	5
2025-07-11 02:10	69.045	69.070	69.025	69.030	5
2025-07-11 02:15	69.035	69.050	68.995	68.995	5
2025-07-11 02:20	68.948	69.005	68.948	68.958	5
2025-07-11 02:25	69.000	69.005	68.935	68.965	5
2025-07-11 02:30	68.960	69.025	68.960	68.995	5
2025-07-11 02:35	68.985	68.985	68.865	68.870	5
2025-07-11 02:40	68.865	68.935	68.855	68.910	5
2025-07-11 02:45	68.905	68.910	68.875	68.880	5
2025-07-11 02:50	68.885	68.890	68.860	68.865	5
2025-07-11 02:55	68.870	68.875	68.823	68.845	5
2025-07-11 03:00	68.835	68.855	68.790	68.795	5
2025-07-11 03:05	68.800	68.820	68.750	68.820	5
2025-07-11 03:10	68.815	68.825	68.785	68.790	5
2025-07-11 03:15	68.795	68.845	68.763	68.830	5
2025-07-11 03:20	68.835	68.870	68.835	68.855	5
2025-07-11 03:25	68.860	68.930	68.860	68.920	5
2025-07-11 03:30	68.915	68.915	68.860	68.865	5
2025-07-11 03:35	68.870	68.885	68.813	68.813	4
2025-07-11 03:40	68.860	68.880	68.855	68.880	4
2025-07-11 03:45	68.885	68.910	68.880	68.890	4
2025-07-11 03:50	68.843	68.895	68.843	68.860	5
2025-07-11 03:55	68.855	68.865	68.808	68.865	4
2025-07-11 04:00	68.870	68.885	68.835	68.835	4
2025-07-11 04:05	68.820	68.820	68.755	68.760	5
2025-07-11 04:10	68.765	68.770	68.718	68.765	5
2025-07-11 04:15	68.760	68.785	68.738	68.738	5
2025-07-11 04:20	68.780	68.780	68.728	68.760	5
2025-07-11 04:25	68.713	68.775	68.713	68.755	4
2025-07-11 04:30	68.708	68.765	68.708	68.760	5
2025-07-11 04:35	68.713	68.770	68.708	68.760	5
2025-07-11 04:40	68.740	68.745	68.675	68.700	4
2025-07-11 04:45	68.705	68.710	68.675	68.700	5
2025-07-11 04:50	68.705	68.705	68.658	68.695	4
2025-07-11 04:55	68.648	68.705	68.648	68.695	5
2025-07-11 05:00	68.690	68.730	68.690	68.725	5
2025-07-11 05:05	68.678	68.745	68.678	68.700	5
2025-07-11 05:10	68.705	68.745	68.653	68.735	5
2025-07-11 05:15	68.745	68.760	68.720	68.760	5
2025-07-11 05:20	68.765	68.850	68.760	68.850	4
2025-07-11 05:25	68.855	68.950	68.855	68.935	5
2025-07-11 05:30	68.930	68.935	68.885	68.885	5
2025-07-11 05:35	68.870	68.940	68.865	68.900	5
2025-07-11 05:40	68.905	68.905	68.843	68.880	5
2025-07-11 05:45	68.875	68.915	68.845	68.900	5
2025-07-11 05:50	68.890	68.900	68.845	68.875	5
2025-07-11 05:55	68.865	68.885	68.815	68.845	5
2025-07-11 06:00	68.840	68.885	68.830	68.870	5
2025-07-11 06:05	68.875	68.875	68.808	68.860	5
2025-07-11 06:10	68.855	68.870	68.820	68.835	5
2025-07-11 06:15	68.830	69.025	68.830	69.025	5
2025-07-11 06:20	69.015	69.155	69.015	69.130	5
2025-07-11 06:25	69.125	69.165	69.120	69.145	5
2025-07-11 06:30	69.150	69.150	69.100	69.140	5
2025-07-11 06:35	69.145	69.180	69.110	69.110	5
2025-07-11 06:40	69.105	69.110	69.040	69.070	5
2025-07-11 06:45	69.065	69.085	69.035	69.070	5
2025-07-11 06:50	69.075	69.095	69.035	69.045	5
2025-07-11 06:55	69.030	69.085	69.020	69.065	5
2025-07-11 07:00	69.055	69.055	68.900	68.900	5
2025-07-11 07:05	68.895	68.965	68.880	68.935	5
2025-07-11 07:10	68.925	68.945	68.895	68.905	5
2025-07-11 07:15	68.900	68.955	68.900	68.935	5
2025-07-11 07:20	68.945	68.955	68.905	68.925	5
2025-07-11 07:25	68.935	69.010	68.935	68.965	5
2025-07-11 07:30	68.960	69.105	68.940	69.090	5
2025-07-11 07:35	69.080	69.085	68.905	68.985	5
2025-07-11 07:40	68.980	69.045	68.975	69.040	5
2025-07-11 07:45	69.035	69.045	68.985	69.010	5
2025-07-11 07:50	69.005	69.010	68.865	68.875	5
2025-07-11 07:55	68.870	68.875	68.785	68.820	5
2025-07-11 08:00	68.815	68.930	68.760	68.765	5
2025-07-11 08:05	68.750	68.845	68.715	68.735	5
2025-07-11 08:10	68.745	68.875	68.725	68.845	5
2025-07-11 08:15	68.855	68.935	68.765	68.925	5
2025-07-11 08:20	68.930	68.995	68.895	68.945	5
2025-07-11 08:25	68.950	68.995	68.875	68.935	5
2025-07-11 08:30	68.945	68.995	68.840	68.865	5
2025-07-11 08:35	68.875	68.895	68.765	68.835	5
2025-07-11 08:40	68.825	68.855	68.785	68.835	5
2025-07-11 08:45	68.830	68.835	68.655	68.670	5
2025-07-11 08:50	68.665	68.705	68.535	68.540	5
2025-07-11 08:55	68.545	68.625	68.535	68.595	4
2025-07-11 09:00	68.600	68.715	68.595	68.595	5
2025-07-11 09:05	68.590	68.700	68.585	68.670	5
2025-07-11 09:10	68.675	68.675	68.610	68.635	5
2025-07-11 09:15	68.640	68.675	68.605	68.630	5
2025-07-11 09:20	68.625	68.650	68.590	68.625	5
2025-07-11 09:25	68.630	68.675	68.590	68.640	5
2025-07-11 09:30	68.635	68.735	68.565	68.725	5
2025-07-11 09:35	68.735	68.775	68.650	68.725	5
2025-07-11 09:40	68.735	68.885	68.725	68.765	5
2025-07-11 09:45	68.760	68.830	68.760	68.810	5
2025-07-11 09:50	68.815	68.835	68.775	68.835	5
2025-07-11 09:55	68.830	68.875	68.755	68.770	5
2025-07-11 10:00	68.760	68.880	68.745	68.835	5
2025-07-11 10:05	68.845	68.885	68.740	68.775	5
2025-07-11 10:10	68.780	68.855	68.755	68.820	5
2025-07-11 10:15	68.835	68.915	68.830	68.875	5
2025-07-11 10:20	68.880	69.000	68.880	68.990	5
2025-07-11 10:25	68.985	69.040	68.940	68.965	5
2025-07-11 10:30	68.970	69.005	68.920	68.985	5
2025-07-11 10:35	68.975	69.055	68.975	69.055	5
2025-07-11 10:40	69.035	69.045	68.985	68.985	5
2025-07-11 10:45	68.995	69.005	68.920	68.955	5
2025-07-11 10:50	68.960	68.975	68.915	68.920	5
2025-07-11 10:55	68.915	68.985	68.915	68.955	5
2025-07-11 11:00	68.940	69.000	68.915	69.000	5
2025-07-11 11:05	68.995	69.060	68.985	68.995	5
2025-07-11 11:10	69.005	69.055	68.980	69.030	5
2025-07-11 11:15	69.035	69.125	69.005	69.125	5
2025-07-11 11:20	69.130	69.175	69.100	69.175	5
2025-07-11 11:25	69.165	69.205	69.165	69.205	5
2025-07-11 11:30	69.195	69.305	69.195	69.275	5
2025-07-11 11:35	69.265	69.335	69.255	69.295	5
2025-07-11 11:40	69.300	69.305	69.255	69.265	5
2025-07-11 11:45	69.270	69.305	69.215	69.290	5
2025-07-11 11:50	69.295	69.390	69.285	69.380	5
2025-07-11 11:55	69.370	69.475	69.365	69.430	5
2025-07-11 12:00	69.425	69.445	69.340	69.355	5
2025-07-11 12:05	69.360	69.365	69.285	69.330	5
2025-07-11 12:10	69.335	69.405	69.335	69.390	5
2025-07-11 12:15	69.385	69.410	69.340	69.355	5
2025-07-11 12:20	69.365	69.365	69.295	69.315	5
2025-07-11 12:25	69.320	69.325	69.205	69.265	5
2025-07-11 12:30	69.270	69.270	69.200	69.220	5
2025-07-11 12:35	69.225	69.295	69.205	69.290	5
2025-07-11 12:40	69.275	69.360	69.250	69.340	5
2025-07-11 12:45	69.335	69.385	69.295	69.360	5
2025-07-11 12:50	69.355	69.395	69.305	69.365	5
2025-07-11 12:55	69.360	69.365	69.255	69.270	5
2025-07-11 13:00	69.275	69.405	69.215	69.345	5
2025-07-11 13:05	69.350	69.435	69.295	69.395	5
2025-07-11 13:10	69.390	69.445	69.385	69.425	5
2025-07-11 13:15	69.440	69.625	69.360	69.590	5
2025-07-11 13:20	69.595	69.595	69.500	69.510	5
2025-07-11 13:25	69.505	69.570	69.435	69.540	5
2025-07-11 13:30	69.550	69.635	69.535	69.575	5
2025-07-11 13:35	69.565	69.655	69.523	69.655	5
2025-07-11 13:40	69.665	69.900	69.605	69.830	5
2025-07-11 13:45	69.835	69.885	69.715	69.735	5
2025-07-11 13:50	69.730	69.745	69.603	69.665	5
2025-07-11 13:55	69.670	69.720	69.660	69.665	5
2025-07-11 14:00	69.645	69.715	69.600	69.665	5
2025-07-11 14:05	69.675	69.785	69.635	69.755	5
2025-07-11 14:10	69.760	69.760	69.625	69.665	5
2025-07-11 14:15	69.675	69.775	69.635	69.705	5
2025-07-11 14:20	69.725	69.885	69.715	69.865	5
2025-07-11 14:25	69.870	70.105	69.845	70.045	5
2025-07-11 14:30	70.055	70.215	70.045	70.125	5
2025-07-11 14:35	70.130	70.205	70.125	70.145	5
2025-07-11 14:40	70.140	70.155	70.015	70.035	5
2025-07-11 14:45	70.030	70.035	69.925	69.985	5
2025-07-11 14:50	69.995	70.055	69.955	70.020	5
2025-07-11 14:55	70.005	70.145	69.980	70.125	5
2025-07-11 15:00	70.135	70.205	70.125	70.205	5
2025-07-11 15:05	70.195	70.340	70.195	70.275	5
2025-07-11 15:10	70.265	70.330	70.250	70.325	5
2025-07-11 15:15	70.315	70.315	70.205	70.260	5
2025-07-11 15:20	70.265	70.405	70.245	70.385	5
2025-07-11 15:25	70.390	70.445	70.345	70.355	5
2025-07-11 15:30	70.350	70.375	70.235	70.365	5
2025-07-11 15:35	70.360	70.425	70.335	70.375	5
2025-07-11 15:40	70.380	70.395	70.325	70.345	5
2025-07-11 15:45	70.335	70.425	70.325	70.420	5
2025-07-11 15:50	70.415	70.475	70.415	70.455	5
2025-07-11 15:55	70.460	70.485	70.410	70.460	5
2025-07-11 16:00	70.465	70.465	70.360	70.425	5
2025-07-11 16:05	70.415	70.430	70.275	70.325	5
2025-07-11 16:10	70.330	70.425	70.325	70.395	5
2025-07-11 16:15	70.400	70.405	70.265	70.300	5
2025-07-11 16:20	70.305	70.320	70.170	70.305	5
2025-07-11 16:25	70.295	70.325	70.285	70.325	5
2025-07-11 16:30	70.315	70.420	70.305	70.420	5
2025-07-11 16:35	70.425	70.445	70.385	70.415	5
2025-07-11 16:40	70.425	70.450	70.315	70.330	5
2025-07-11 16:45	70.325	70.385	70.275	70.345	5
2025-07-11 16:50	70.335	70.365	70.285	70.305	5
2025-07-11 16:55	70.310	70.345	70.185	70.235	5
2025-07-11 17:00	70.240	70.255	70.195	70.225	5
2025-07-11 17:05	70.230	70.325	70.230	70.315	5
2025-07-11 17:10	70.320	70.330	70.270	70.270	5
2025-07-11 17:15	70.275	70.300	70.260	70.285	5
2025-07-11 17:20	70.290	70.305	70.265	70.280	5
2025-07-11 17:25	70.275	70.295	70.255	70.275	5
2025-07-11 17:30	70.265	70.355	70.255	70.345	5
2025-07-11 17:35	70.340	70.360	70.295	70.335	5
2025-07-11 17:40	70.340	70.345	70.315	70.345	5
2025-07-11 17:45	70.340	70.375	70.340	70.350	5
2025-07-11 17:50	70.345	70.395	70.283	70.395	5
2025-07-11 17:55	70.385	70.470	70.360	70.445	5
2025-07-11 18:00	70.455	70.470	70.335	70.365	5
2025-07-11 18:05	70.360	70.360	70.273	70.345	5
2025-07-11 18:10	70.340	70.340	70.235	70.265	5
2025-07-11 18:15	70.270	70.295	70.255	70.265	5
2025-07-11 18:20	70.260	70.335	70.255	70.315	5
2025-07-11 18:25	70.320	70.405	70.300	70.335	5
2025-07-11 18:30	70.345	70.415	70.325	70.390	5
2025-07-11 18:35	70.395	70.505	70.385	70.490	5
2025-07-11 18:40	70.495	70.495	70.445	70.490	5
2025-07-11 18:45	70.485	70.495	70.465	70.475	5
2025-07-11 18:50	70.480	70.490	70.455	70.485	5
2025-07-11 18:55	70.480	70.515	70.480	70.500	5
2025-07-11 19:00	70.505	70.555	70.500	70.510	5
2025-07-11 19:05	70.515	70.515	70.475	70.495	5
2025-07-11 19:10	70.490	70.515	70.485	70.505	5
2025-07-11 19:15	70.495	70.515	70.495	70.505	5
2025-07-11 19:20	70.500	70.505	70.485	70.505	5
2025-07-11 19:25	70.510	70.515	70.455	70.470	5
2025-07-11 19:30	70.465	70.525	70.465	70.520	5
2025-07-11 19:35	70.515	70.515	70.480	70.500	5
2025-07-11 19:40	70.495	70.525	70.453	70.515	5
2025-07-11 19:45	70.505	70.525	70.495	70.515	5
2025-07-11 19:50	70.510	70.565	70.505	70.565	4
2025-07-11 19:55	70.560	70.600	70.545	70.570	5
2025-07-11 20:00	70.575	70.575	70.542	70.572	5
2025-07-11 20:05	70.553	70.612	70.553	70.607	5
2025-07-11 20:10	70.602	70.602	70.582	70.583	5
2025-07-11 20:15	70.602	70.652	70.592	70.627	5
2025-07-11 20:20	70.632	70.652	70.447	70.467	5
2025-07-11 20:25	70.462	70.497	70.457	70.482	5
2025-07-11 20:30	70.477	70.512	70.468	70.512	5
2025-07-11 20:35	70.502	70.522	70.497	70.517	5
2025-07-11 20:40	70.537	70.602	70.537	70.597	5
2025-07-11 20:45	70.602	70.612	70.528	70.567	5
2025-07-11 20:50	70.557	70.597	70.557	70.597	5
2025-07-11 20:55	70.592	70.632	70.582	70.632	5
2025-07-14 00:00	70.495	70.560	70.470	70.510	5
2025-07-14 00:05	70.500	70.500	70.425	70.435	5
2025-07-14 00:10	70.430	70.465	70.395	70.465	5
2025-07-14 00:15	70.460	70.460	70.390	70.425	5
2025-07-14 00:20	70.415	70.425	70.395	70.405	4
2025-07-14 00:25	70.415	70.450	70.410	70.435	5
2025-07-14 00:30	70.430	70.465	70.418	70.418	5
2025-07-14 00:35	70.475	70.525	70.433	70.520	5
2025-07-14 00:40	70.530	70.535	70.448	70.490	5
2025-07-14 00:45	70.485	70.485	70.465	70.485	5
2025-07-14 00:50	70.500	70.500	70.465	70.485	4
2025-07-14 00:55	70.495	70.520	70.490	70.505	5
2025-07-14 01:00	70.495	70.515	70.455	70.510	5
2025-07-14 01:05	70.505	70.565	70.465	70.515	5
2025-07-14 01:10	70.510	70.515	70.420	70.435	5
2025-07-14 01:15	70.445	70.510	70.435	70.475	5
2025-07-14 01:20	70.485	70.530	70.445	70.445	5
2025-07-14 01:25	70.450	70.450	70.370	70.405	5
2025-07-14 01:30	70.410	70.430	70.368	70.400	5
2025-07-14 01:35	70.395	70.410	70.370	70.395	5
2025-07-14 01:40	70.390	70.400	70.350	70.370	5
2025-07-14 01:45	70.375	70.380	70.340	70.370	5
2025-07-14 01:50	70.375	70.425	70.370	70.400	5
2025-07-14 01:55	70.405	70.405	70.340	70.395	5
2025-07-14 02:00	70.390	70.410	70.355	70.370	5
2025-07-14 02:05	70.365	70.400	70.360	70.380	5
2025-07-14 02:10	70.385	70.435	70.375	70.400	5
2025-07-14 02:15	70.405	70.445	70.400	70.430	5
2025-07-14 02:20	70.420	70.450	70.420	70.440	5
2025-07-14 02:25	70.450	70.455	70.403	70.425	5
2025-07-14 02:30	70.420	70.455	70.415	70.420	5
2025-07-14 02:35	70.415	70.420	70.380	70.400	5
2025-07-14 02:40	70.390	70.400	70.365	70.375	5
2025-07-14 02:45	70.390	70.420	70.375	70.415	5
2025-07-14 02:50	70.410	70.460	70.400	70.450	5
2025-07-14 02:55	70.445	70.460	70.440	70.460	5
2025-07-14 03:00	70.470	70.490	70.435	70.470	5
2025-07-14 03:05	70.460	70.475	70.430	70.445	5
2025-07-14 03:10	70.450	70.465	70.450	70.455	5
2025-07-14 03:15	70.460	70.515	70.435	70.505	5
2025-07-14 03:20	70.500	70.500	70.470	70.475	5
2025-07-14 03:25	70.470	70.475	70.420	70.450	5
2025-07-14 03:30	70.440	70.465	70.408	70.408	5
2025-07-14 03:35	70.460	70.495	70.455	70.485	5
2025-07-14 03:40	70.480	70.485	70.438	70.480	5
2025-07-14 03:45	70.485	70.485	70.428	70.438	5
2025-07-14 03:50	70.485	70.490	70.438	70.485	5
2025-07-14 03:55	70.438	70.490	70.438	70.490	5
2025-07-14 04:00	70.485	70.495	70.485	70.490	4
2025-07-14 04:05	70.485	70.490	70.438	70.438	4
2025-07-14 04:10	70.495	70.495	70.438	70.438	3
2025-07-14 04:15	70.480	70.485	70.438	70.480	4
2025-07-14 04:20	70.485	70.485	70.433	70.480	3
2025-07-14 04:25	70.500	70.505	70.475	70.485	5
2025-07-14 04:30	70.480	70.495	70.438	70.490	5
2025-07-14 04:35	70.500	70.505	70.448	70.485	5
2025-07-14 04:40	70.480	70.485	70.438	70.465	5
2025-07-14 04:45	70.460	70.540	70.455	70.530	4
2025-07-14 04:50	70.540	70.560	70.525	70.525	5
2025-07-14 04:55	70.478	70.550	70.478	70.530	4
2025-07-14 05:00	70.500	70.510	70.438	70.480	5
2025-07-14 05:05	70.485	70.530	70.453	70.510	5
2025-07-14 05:10	70.515	70.540	70.475	70.485	5
2025-07-14 05:15	70.475	70.490	70.460	70.460	5
2025-07-14 05:20	70.465	70.470	70.455	70.460	5
2025-07-14 05:25	70.465	70.475	70.418	70.470	5
2025-07-14 05:30	70.475	70.515	70.470	70.500	5
2025-07-14 05:35	70.495	70.545	70.490	70.500	5
2025-07-14 05:40	70.505	70.510	70.445	70.470	5
2025-07-14 05:45	70.465	70.470	70.445	70.450	5
2025-07-14 05:50	70.455	70.485	70.445	70.475	4
2025-07-14 05:55	70.485	70.520	70.445	70.450	5
2025-07-14 06:00	70.460	70.475	70.425	70.435	5
2025-07-14 06:05	70.430	70.450	70.405	70.450	5
2025-07-14 06:10	70.455	70.460	70.420	70.440	5
2025-07-14 06:15	70.435	70.470	70.410	70.430	5
2025-07-14 06:20	70.425	70.490	70.425	70.475	5
2025-07-14 06:25	70.480	70.490	70.455	70.475	5
2025-07-14 06:30	70.470	70.490	70.455	70.480	5
2025-07-14 06:35	70.475	70.475	70.400	70.445	5
2025-07-14 06:40	70.450	70.475	70.393	70.460	5
2025-07-14 06:45	70.465	70.540	70.465	70.540	5
2025-07-14 06:50	70.545	70.615	70.535	70.605	5
2025-07-14 06:55	70.595	70.595	70.510	70.530	5
2025-07-14 07:00	70.525	70.525	70.325	70.365	5
2025-07-14 07:05	70.370	70.720	70.355	70.685	5
2025-07-14 07:10	70.690	70.745	70.660	70.735	5
2025-07-14 07:15	70.730	70.735	70.665	70.665	5
2025-07-14 07:20	70.670	70.680	70.635	70.635	5
2025-07-14 07:25	70.630	70.690	70.615	70.685	5
2025-07-14 07:30	70.680	70.945	70.633	70.920	5
2025-07-14 07:35	70.925	71.210	70.895	71.125	5
2025-07-14 07:40	71.120	71.155	71.020	71.045	5
2025-07-14 07:45	71.055	71.175	71.050	71.175	5
2025-07-14 07:50	71.185	71.260	71.150	71.165	5
2025-07-14 07:55	71.160	71.185	71.085	71.095	5
2025-07-14 08:00	71.105	71.105	71.025	71.065	5
2025-07-14 08:05	71.060	71.065	70.985	71.015	5
2025-07-14 08:10	71.010	71.130	70.995	71.120	5
2025-07-14 08:15	71.115	71.170	71.085	71.135	5
2025-07-14 08:20	71.140	71.145	70.995	71.000	5
2025-07-14 08:25	71.005	71.110	70.990	71.030	5
2025-07-14 08:30	71.025	71.085	70.960	70.985	5
2025-07-14 08:35	70.975	71.015	70.935	70.980	5
2025-07-14 08:40	70.985	71.035	70.965	70.995	5
2025-07-14 08:45	71.005	71.010	70.955	70.990	5
2025-07-14 08:50	70.985	70.995	70.860	70.955	5
2025-07-14 08:55	70.950	70.955	70.825	70.930	5
2025-07-14 09:00	70.925	70.930	70.800	70.875	5
2025-07-14 09:05	70.885	70.935	70.845	70.885	5
2025-07-14 09:10	70.880	70.895	70.815	70.830	5
2025-07-14 09:15	70.835	70.835	70.755	70.805	5
2025-07-14 09:20	70.810	70.815	70.735	70.800	5
2025-07-14 09:25	70.805	70.905	70.775	70.905	5
2025-07-14 09:30	70.895	71.005	70.870	70.965	5
2025-07-14 09:35	70.960	70.995	70.945	70.995	5
2025-07-14 09:40	71.000	71.080	70.995	71.045	4
2025-07-14 09:45	71.035	71.095	71.020	71.095	5
2025-07-14 09:50	71.090	71.155	71.085	71.140	5
2025-07-14 09:55	71.145	71.260	71.115	71.250	5
2025-07-14 10:00	71.255	71.405	71.255	71.380	5
2025-07-14 10:05	71.385	71.455	71.350	71.400	5
2025-07-14 10:10	71.395	71.455	71.350	71.455	5
2025-07-14 10:15	71.450	71.505	71.375	71.460	5
2025-07-14 10:20	71.455	71.465	71.315	71.355	5
2025-07-14 10:25	71.350	71.365	71.320	71.325	5
2025-07-14 10:30	71.330	71.390	71.320	71.375	5
2025-07-14 10:35	71.370	71.405	71.335	71.355	5
2025-07-14 10:40	71.350	71.380	71.345	71.355	5
2025-07-14 10:45	71.345	71.360	71.315	71.350	5
2025-07-14 10:50	71.345	71.375	71.245	71.265	5
2025-07-14 10:55	71.270	71.335	71.255	71.325	5
2025-07-14 11:00	71.310	71.315	71.185	71.190	5
2025-07-14 11:05	71.185	71.245	71.185	71.215	5
2025-07-14 11:10	71.220	71.305	71.200	71.305	5
2025-07-14 11:15	71.300	71.305	71.243	71.275	5
2025-07-14 11:20	71.285	71.305	71.255	71.260	5
2025-07-14 11:25	71.255	71.255	71.105	71.115	5
2025-07-14 11:30	71.120	71.350	71.115	71.345	5
2025-07-14 11:35	71.355	71.415	71.350	71.385	5
2025-07-14 11:40	71.375	71.415	71.365	71.385	5
2025-07-14 11:45	71.380	71.395	71.313	71.350	5
2025-07-14 11:50	71.355	71.355	71.285	71.300	5
2025-07-14 11:55	71.305	71.385	71.265	71.360	5
2025-07-14 12:00	71.365	71.365	71.300	71.330	5
2025-07-14 12:05	71.305	71.340	71.285	71.325	5
2025-07-14 12:10	71.330	71.450	71.325	71.445	5
2025-07-14 12:15	71.435	71.495	71.345	71.350	5
2025-07-14 12:20	71.345	71.350	71.205	71.285	5
2025-07-14 12:25	71.290	71.345	71.275	71.330	5
2025-07-14 12:30	71.325	71.325	71.210	71.235	5
2025-07-14 12:35	71.230	71.285	71.165	71.200	5
2025-07-14 12:40	71.195	71.200	70.985	70.985	5
2025-07-14 12:45	70.990	71.050	70.975	71.045	5
2025-07-14 12:50	71.055	71.060	70.980	71.035	5
2025-07-14 12:55	71.030	71.065	70.990	71.005	5
2025-07-14 13:00	71.015	71.020	70.515	70.575	5
2025-07-14 13:05	70.570	70.630	70.465	70.590	5
2025-07-14 13:10	70.585	70.720	70.555	70.645	5
2025-07-14 13:15	70.650	70.735	70.525	70.530	5
2025-07-14 13:20	70.525	70.605	70.475	70.545	5
2025-07-14 13:25	70.555	70.560	70.475	70.525	5
2025-07-14 13:30	70.530	70.565	70.355	70.400	5
2025-07-14 13:35	70.410	70.410	70.295	70.385	5
2025-07-14 13:40	70.375	70.425	70.275	70.285	5
2025-07-14 13:45	70.290	70.385	70.245	70.280	5
2025-07-14 13:50	70.275	70.340	70.205	70.315	5
2025-07-14 13:55	70.305	70.335	70.215	70.255	5
2025-07-14 14:00	70.250	70.260	70.130	70.255	5
2025-07-14 14:05	70.245	70.300	70.170	70.175	5
2025-07-14 14:10	70.155	70.205	70.125	70.195	5
2025-07-14 14:15	70.190	70.275	70.185	70.215	5
2025-07-14 14:20	70.205	70.205	70.105	70.135	5
2025-07-14 14:25	70.145	70.210	70.085	70.190	5
2025-07-14 14:30	70.185	70.305	70.175	70.275	5
2025-07-14 14:35	70.280	70.345	70.185	70.215	5
2025-07-14 14:40	70.205	70.285	70.175	70.185	5
2025-07-14 14:45	70.190	70.190	69.945	70.035	5
2025-07-14 14:50	70.025	70.085	70.025	70.060	5
2025-07-14 14:55	70.065	70.155	70.035	70.040	5
2025-07-14 15:00	70.045	70.235	69.995	70.195	5
2025-07-14 15:05	70.205	70.215	70.030	70.055	5
2025-07-14 15:10	70.045	70.075	69.535	69.720	5
2025-07-14 15:15	69.715	69.725	69.345	69.365	5
2025-07-14 15:20	69.360	69.530	69.315	69.475	5
2025-07-14 15:25	69.480	69.570	69.335	69.360	5
2025-07-14 15:30	69.355	69.520	69.355	69.395	5
2025-07-14 15:35	69.400	69.705	69.395	69.655	5
2025-07-14 15:40	69.650	69.735	69.615	69.690	5
2025-07-14 15:45	69.695	69.720	69.520	69.535	5
2025-07-14 15:50	69.525	69.535	69.445	69.445	5
2025-07-14 15:55	69.440	69.485	69.395	69.455	5
2025-07-14 16:00	69.430	69.515	69.415	69.475	5
2025-07-14 16:05	69.500	69.555	69.405	69.475	5
2025-07-14 16:10	69.465	69.640	69.393	69.605	5
2025-07-14 16:15	69.600	69.605	69.515	69.535	5
2025-07-14 16:20	69.525	69.565	69.505	69.520	5
2025-07-14 16:25	69.525	69.600	69.505	69.600	5
2025-07-14 16:30	69.595	69.595	69.500	69.585	5
2025-07-14 16:35	69.590	69.595	69.455	69.535	5
2025-07-14 16:40	69.525	69.575	69.485	69.555	5
2025-07-14 16:45	69.565	69.595	69.525	69.565	5
2025-07-14 16:50	69.555	69.565	69.505	69.505	5
2025-07-14 16:55	69.510	69.550	69.495	69.510	5
2025-07-14 17:00	69.515	69.585	69.425	69.575	5
2025-07-14 17:05	69.570	69.575	69.365	69.385	5
2025-07-14 17:10	69.380	69.410	69.285	69.295	5
2025-07-14 17:15	69.285	69.310	69.220	69.275	5
2025-07-14 17:20	69.270	69.330	69.265	69.305	5
2025-07-14 17:25	69.300	69.335	69.270	69.280	5
2025-07-14 17:30	69.275	69.355	69.275	69.315	5
2025-07-14 17:35	69.305	69.345	69.275	69.325	5
2025-07-14 17:40	69.320	69.345	69.275	69.315	5
2025-07-14 17:45	69.320	69.320	69.275	69.295	5
2025-07-14 17:50	69.285	69.290	69.130	69.165	5
2025-07-14 17:55	69.175	69.195	69.140	69.155	5
2025-07-14 18:00	69.165	69.215	69.160	69.185	5
2025-07-14 18:05	69.190	69.275	69.190	69.240	5
2025-07-14 18:10	69.245	69.300	69.195	69.280	5
2025-07-14 18:15	69.285	69.315	69.275	69.275	5
2025-07-14 18:20	69.280	69.305	69.255	69.280	5
2025-07-14 18:25	69.285	69.350	69.155	69.195	5
2025-07-14 18:30	69.185	69.195	69.075	69.195	5
2025-07-14 18:35	69.200	69.240	69.185	69.220	5
2025-07-14 18:40	69.225	69.235	69.195	69.200	5
2025-07-14 18:45	69.205	69.225	69.185	69.185	5
2025-07-14 18:50	69.190	69.225	69.185	69.220	5
2025-07-14 18:55	69.225	69.262	69.205	69.250	5
2025-07-14 19:00	69.255	69.255	69.195	69.215	5
2025-07-14 19:05	69.225	69.365	69.215	69.355	5
2025-07-14 19:10	69.340	69.365	69.315	69.325	5
2025-07-14 19:15	69.330	69.380	69.325	69.370	5
2025-07-14 19:20	69.355	69.355	69.295	69.305	4
2025-07-14 19:25	69.300	69.310	69.290	69.305	5
2025-07-14 19:30	69.310	69.310	69.275	69.275	5
2025-07-14 19:35	69.285	69.300	69.265	69.280	5
2025-07-14 19:40	69.285	69.305	69.285	69.295	5
2025-07-14 19:45	69.253	69.315	69.253	69.270	5
2025-07-14 19:50	69.265	69.270	69.155	69.160	5
2025-07-14 19:55	69.165	69.185	69.105	69.175	5
2025-07-14 20:00	69.170	69.170	69.137	69.152	5
2025-07-14 20:05	69.147	69.162	69.123	69.142	5
2025-07-14 20:10	69.123	69.147	69.097	69.102	5
2025-07-14 20:15	69.107	69.112	69.087	69.102	5
2025-07-14 20:20	69.112	69.117	69.082	69.082	4
2025-07-14 20:25	69.087	69.122	69.087	69.117	5
2025-07-14 20:30	69.137	69.142	69.102	69.107	5
2025-07-14 20:35	69.112	69.127	69.102	69.127	5
2025-07-14 20:40	69.122	69.127	69.107	69.112	5
2025-07-14 20:45	69.107	69.112	69.068	69.107	5
2025-07-14 20:50	69.112	69.112	69.012	69.052	5
2025-07-14 20:55	69.057	69.067	69.017	69.022	5
2025-07-15 00:00	69.145	69.160	69.095	69.105	5
2025-07-15 00:05	69.100	69.100	68.970	68.990	5
2025-07-15 00:10	68.995	69.000	68.965	68.970	5
2025-07-15 00:15	68.965	69.025	68.965	69.020	5
2025-07-15 00:20	69.015	69.085	68.973	69.060	5
2025-07-15 00:25	69.055	69.055	68.993	69.003	5
2025-07-15 00:30	69.055	69.060	69.030	69.030	5
2025-07-15 00:35	69.035	69.035	68.958	69.005	5
2025-07-15 00:40	69.000	69.015	68.953	69.015	5
2025-07-15 00:45	69.010	69.010	68.953	68.995	5
2025-07-15 00:50	68.948	69.000	68.948	68.995	4
2025-07-15 00:55	69.000	69.010	68.970	69.000	5
2025-07-15 01:00	69.005	69.125	68.965	68.975	5
2025-07-15 01:05	68.970	68.990	68.940	68.940	5
2025-07-15 01:10	68.935	69.010	68.915	69.010	5
2025-07-15 01:15	69.005	69.085	68.985	69.065	5
2025-07-15 01:20	69.070	69.080	69.025	69.065	5
2025-07-15 01:25	69.075	69.080	69.000	69.040	5
2025-07-15 01:30	69.035	69.085	69.035	69.055	5
2025-07-15 01:35	69.050	69.080	69.045	69.060	5
2025-07-15 01:40	69.055	69.075	69.035	69.065	4
2025-07-15 01:45	69.070	69.075	69.050	69.050	5
2025-07-15 01:50	69.055	69.075	69.045	69.065	5
2025-07-15 01:55	69.060	69.075	69.055	69.070	5
2025-07-15 02:00	69.065	69.075	68.995	69.025	5
2025-07-15 02:05	69.030	69.045	69.005	69.015	5
2025-07-15 02:10	69.010	69.025	68.975	69.010	5
2025-07-15 02:15	69.000	69.015	68.965	68.980	5
2025-07-15 02:20	68.985	69.000	68.975	68.990	4
2025-07-15 02:25	68.985	69.025	68.965	69.020	5
2025-07-15 02:30	69.015	69.025	68.990	69.005	5
2025-07-15 02:35	69.000	69.005	68.955	68.965	5
2025-07-15 02:40	68.960	68.980	68.935	68.950	5
2025-07-15 02:45	68.945	68.955	68.905	68.920	5
2025-07-15 02:50	68.915	68.960	68.910	68.945	5
2025-07-15 02:55	68.940	68.950	68.898	68.945	5
2025-07-15 03:00	68.940	68.945	68.905	68.920	5
2025-07-15 03:05	68.915	68.915	68.845	68.865	5
2025-07-15 03:10	68.875	68.875	68.865	68.870	5
2025-07-15 03:15	68.875	68.875	68.845	68.845	5
2025-07-15 03:20	68.840	68.870	68.835	68.870	5
2025-07-15 03:25	68.875	68.915	68.870	68.905	5
2025-07-15 03:30	68.900	68.945	68.878	68.925	5
2025-07-15 03:35	68.920	68.920	68.890	68.900	5
2025-07-15 03:40	68.895	68.900	68.850	68.850	4
2025-07-15 03:45	68.855	68.860	68.808	68.835	3
2025-07-15 03:50	68.845	68.880	68.808	68.875	5
2025-07-15 03:55	68.870	68.885	68.870	68.885	5
2025-07-15 04:00	68.895	68.900	68.865	68.880	5
2025-07-15 04:05	68.870	68.900	68.870	68.890	5
2025-07-15 04:10	68.895	68.895	68.843	68.890	4
2025-07-15 04:15	68.895	68.905	68.848	68.848	4
2025-07-15 04:20	68.885	68.885	68.855	68.855	5
2025-07-15 04:25	68.860	68.860	68.808	68.808	4
2025-07-15 04:30	68.860	68.900	68.828	68.895	5
2025-07-15 04:35	68.900	68.905	68.858	68.858	4
2025-07-15 04:40	68.900	68.900	68.803	68.835	4
2025-07-15 04:45	68.788	68.845	68.788	68.835	5
2025-07-15 04:50	68.845	68.875	68.835	68.870	5
2025-07-15 04:55	68.865	68.885	68.865	68.880	4
2025-07-15 05:00	68.885	68.930	68.885	68.920	5
2025-07-15 05:05	68.910	68.920	68.880	68.920	5
2025-07-15 05:10	68.915	68.945	68.895	68.940	5
2025-07-15 05:15	68.955	69.005	68.950	68.990	5
2025-07-15 05:20	68.995	69.055	68.990	69.050	5
2025-07-15 05:25	69.055	69.060	69.035	69.045	5
2025-07-15 05:30	69.040	69.105	69.020	69.040	5
2025-07-15 05:35	69.030	69.040	69.000	69.000	5
2025-07-15 05:40	69.005	69.050	68.995	69.045	5
2025-07-15 05:45	69.040	69.050	69.010	69.025	5
2025-07-15 05:50	69.030	69.055	69.010	69.020	5
2025-07-15 05:55	69.025	69.035	68.985	69.025	5
2025-07-15 06:00	69.015	69.115	69.005	69.105	5
2025-07-15 06:05	69.110	69.125	69.065	69.070	5
2025-07-15 06:10	69.065	69.065	68.955	68.960	5
2025-07-15 06:15	68.965	68.965	68.875	68.895	5
2025-07-15 06:20	68.890	68.915	68.865	68.910	5
2025-07-15 06:25	68.905	68.955	68.900	68.910	5
2025-07-15 06:30	68.915	68.930	68.855	68.860	5
2025-07-15 06:35	68.865	68.880	68.690	68.705	5
2025-07-15 06:40	68.710	68.805	68.705	68.805	5
2025-07-15 06:45	68.800	68.825	68.740	68.815	5
2025-07-15 06:50	68.830	68.865	68.820	68.855	5
2025-07-15 06:55	68.870	68.875	68.800	68.800	5
2025-07-15 07:00	68.795	68.810	68.715	68.730	5
2025-07-15 07:05	68.735	68.750	68.605	68.625	5
2025-07-15 07:10	68.620	68.705	68.610	68.675	5
2025-07-15 07:15	68.685	68.685	68.595	68.595	5
2025-07-15 07:20	68.600	68.755	68.585	68.755	5
2025-07-15 07:25	68.750	68.755	68.645	68.705	5
2025-07-15 07:30	68.710	68.715	68.655	68.665	5
2025-07-15 07:35	68.640	68.665	68.615	68.615	5
2025-07-15 07:40	68.610	68.635	68.585	68.605	5
2025-07-15 07:45	68.600	68.665	68.583	68.655	5
2025-07-15 07:50	68.645	68.655	68.603	68.620	5
2025-07-15 07:55	68.615	68.725	68.605	68.715	5
2025-07-15 08:00	68.720	68.830	68.675	68.785	5
2025-07-15 08:05	68.795	68.825	68.765	68.800	5
2025-07-15 08:10	68.805	68.855	68.795	68.805	5
2025-07-15 08:15	68.810	68.810	68.660	68.745	5
2025-07-15 08:20	68.730	68.800	68.705	68.755	5
2025-07-15 08:25	68.750	68.775	68.635	68.775	5
2025-07-15 08:30	68.765	68.825	68.725	68.825	5
2025-07-15 08:35	68.810	68.905	68.795	68.845	5
2025-07-15 08:40	68.855	68.925	68.825	68.900	5
2025-07-15 08:45	68.905	68.925	68.675	68.840	5
2025-07-15 08:50	68.835	68.910	68.835	68.895	5
2025-07-15 08:55	68.920	68.925	68.845	68.895	5
2025-07-15 09:00	68.910	68.980	68.835	68.955	5
2025-07-15 09:05	68.950	69.080	68.950	69.065	5
2025-07-15 09:10	69.075	69.095	69.025	69.040	5
2025-07-15 09:15	69.045	69.115	69.020	69.115	5
2025-07-15 09:20	69.125	69.335	69.115	69.335	5
2025-07-15 09:25	69.345	69.345	69.280	69.295	5
2025-07-15 09:30	69.310	69.350	69.175	69.180	5
2025-07-15 09:35	69.185	69.215	69.073	69.100	5
2025-07-15 09:40	69.105	69.105	69.045	69.105	5
2025-07-15 09:45	69.110	69.125	69.070	69.070	5
2025-07-15 09:50	69.080	69.105	68.960	68.960	5
2025-07-15 09:55	68.965	68.970	68.885	68.915	5
2025-07-15 10:00	68.920	68.920	68.785	68.785	5
2025-07-15 10:05	68.795	68.865	68.795	68.860	5
2025-07-15 10:10	68.865	68.945	68.845	68.915	5
2025-07-15 10:15	68.905	68.990	68.885	68.925	5
2025-07-15 10:20	68.930	68.990	68.900	68.970	5
2025-07-15 10:25	68.975	68.975	68.835	68.835	5
2025-07-15 10:30	68.840	68.895	68.835	68.865	5
2025-07-15 10:35	68.870	68.885	68.820	68.875	5
2025-07-15 10:40	68.865	68.875	68.835	68.840	5
2025-07-15 10:45	68.845	68.875	68.815	68.855	5
2025-07-15 10:50	68.860	68.955	68.860	68.940	5
2025-07-15 10:55	68.945	69.050	68.870	69.030	5
2025-07-15 11:00	69.005	69.065	68.990	69.010	5
2025-07-15 11:05	69.005	69.050	68.995	69.010	5
2025-07-15 11:10	69.015	69.085	69.000	69.050	5
2025-07-15 11:15	69.055	69.075	69.025	69.060	5
2025-07-15 11:20	69.065	69.070	68.935	68.985	5
2025-07-15 11:25	68.995	69.075	68.995	69.035	5
2025-07-15 11:30	69.030	69.195	69.030	69.195	5
2025-07-15 11:35	69.190	69.275	69.165	69.175	5
2025-07-15 11:40	69.165	69.245	69.165	69.215	5
2025-07-15 11:45	69.205	69.225	69.155	69.205	5
2025-07-15 11:50	69.210	69.245	69.140	69.165	5
2025-07-15 11:55	69.160	69.235	69.160	69.225	5
2025-07-15 12:00	69.235	69.275	69.180	69.260	5
2025-07-15 12:05	69.255	69.275	69.185	69.230	5
2025-07-15 12:10	69.235	69.325	69.235	69.250	5
2025-07-15 12:15	69.245	69.265	69.140	69.230	5
2025-07-15 12:20	69.235	69.265	69.200	69.250	5
2025-07-15 12:25	69.245	69.280	69.205	69.210	5
2025-07-15 12:30	69.245	69.245	69.110	69.145	5
2025-07-15 12:35	69.155	69.390	69.085	69.385	5
2025-07-15 12:40	69.380	69.395	69.275	69.295	5
2025-07-15 12:45	69.290	69.330	69.255	69.305	5
2025-07-15 12:50	69.300	69.310	69.205	69.220	5
2025-07-15 12:55	69.215	69.255	69.105	69.115	5
2025-07-15 13:00	69.105	69.170	69.035	69.055	5
2025-07-15 13:05	69.065	69.270	69.055	69.270	5
2025-07-15 13:10	69.275	69.345	69.175	69.255	5
2025-07-15 13:15	69.260	69.260	69.040	69.045	5
2025-07-15 13:20	69.025	69.065	68.925	68.975	5
2025-07-15 13:25	68.980	69.005	68.905	68.965	5
2025-07-15 13:30	68.960	68.995	68.895	68.955	5
2025-07-15 13:35	68.960	68.995	68.915	68.945	5
2025-07-15 13:40	68.955	69.035	68.935	68.990	5
2025-07-15 13:45	68.995	69.055	68.935	69.010	5
2025-07-15 13:50	69.015	69.095	68.980	68.985	5
2025-07-15 13:55	68.990	69.025	68.955	68.990	5
2025-07-15 14:00	68.995	69.160	68.985	69.110	5
2025-07-15 14:05	69.105	69.135	68.775	68.775	5
2025-07-15 14:10	68.765	68.845	68.740	68.805	5
2025-07-15 14:15	68.815	68.865	68.775	68.860	5
2025-07-15 14:20	68.865	68.955	68.845	68.915	5
2025-07-15 14:25	68.920	69.025	68.920	68.960	5
2025-07-15 14:30	68.965	69.065	68.890	69.065	5
2025-07-15 14:35	69.070	69.165	69.060	69.120	5
2025-07-15 14:40	69.125	69.135	68.995	69.045	5
2025-07-15 14:45	69.055	69.075	68.980	69.030	5
2025-07-15 14:50	69.025	69.045	68.965	69.025	5
2025-07-15 14:55	69.020	69.045	68.975	69.000	5
2025-07-15 15:00	68.995	69.085	68.965	69.035	5
2025-07-15 15:05	69.030	69.040	68.960	68.990	5
2025-07-15 15:10	68.995	69.050	68.890	68.920	5
2025-07-15 15:15	68.915	68.935	68.825	68.835	5
2025-07-15 15:20	68.840	69.030	68.785	68.950	5
2025-07-15 15:25	68.955	69.085	68.915	69.050	5
2025-07-15 15:30	69.055	69.360	69.025	69.065	5
2025-07-15 15:35	69.075	69.105	68.895	68.940	5
2025-07-15 15:40	68.935	68.995	68.895	68.905	5
2025-07-15 15:45	68.900	68.905	68.695	68.705	5
2025-07-15 15:50	68.715	68.805	68.685	68.785	5
2025-07-15 15:55	68.780	68.850	68.765	68.840	5
2025-07-15 16:00	68.845	68.855	68.755	68.805	5
2025-07-15 16:05	68.800	68.805	68.750	68.765	5
2025-07-15 16:10	68.760	68.805	68.725	68.795	5
2025-07-15 16:15	68.790	68.972	68.725	68.835	5
2025-07-15 16:20	68.830	68.885	68.800	68.800	5
2025-07-15 16:25	68.805	68.815	68.655	68.675	5
2025-07-15 16:30	68.670	68.680	68.640	68.665	5
2025-07-15 16:35	68.660	68.675	68.590	68.620	5
2025-07-15 16:40	68.625	68.675	68.595	68.645	5
2025-07-15 16:45	68.650	68.695	68.640	68.655	5
2025-07-15 16:50	68.645	68.660	68.605	68.605	5
2025-07-15 16:55	68.610	68.690	68.585	68.585	5
2025-07-15 17:00	68.590	68.650	68.585	68.610	5
2025-07-15 17:05	68.605	68.635	68.585	68.600	5
2025-07-15 17:10	68.605	68.635	68.595	68.625	5
2025-07-15 17:15	68.620	68.760	68.563	68.670	5
2025-07-15 17:20	68.645	68.665	68.595	68.640	5
2025-07-15 17:25	68.635	68.725	68.635	68.670	5
2025-07-15 17:30	68.675	68.795	68.675	68.745	5
2025-07-15 17:35	68.735	68.750	68.605	68.620	5
2025-07-15 17:40	68.625	68.665	68.610	68.665	5
2025-07-15 17:45	68.675	68.690	68.620	68.655	5
2025-07-15 17:50	68.660	68.745	68.655	68.720	5
2025-07-15 17:55	68.725	68.735	68.690	68.695	5
2025-07-15 18:00	68.685	68.720	68.665	68.695	5
2025-07-15 18:05	68.690	68.770	68.690	68.750	5
2025-07-15 18:10	68.745	68.780	68.720	68.750	5
2025-07-15 18:15	68.765	68.785	68.660	68.720	5
2025-07-15 18:20	68.725	68.750	68.695	68.725	5
2025-07-15 18:25	68.735	68.745	68.625	68.725	5
2025-07-15 18:30	68.735	68.755	68.705	68.720	5
2025-07-15 18:35	68.725	68.815	68.715	68.810	5
2025-07-15 18:40	68.805	68.810	68.755	68.770	5
2025-07-15 18:45	68.775	68.795	68.760	68.790	5
2025-07-15 18:50	68.795	68.815	68.755	68.755	5
2025-07-15 18:55	68.760	68.765	68.745	68.765	5
2025-07-15 19:00	68.760	68.815	68.755	68.815	5
2025-07-15 19:05	68.810	68.820	68.785	68.805	5
2025-07-15 19:10	68.810	68.815	68.765	68.770	5
2025-07-15 19:15	68.765	68.805	68.765	68.790	5
2025-07-15 19:20	68.795	68.800	68.780	68.780	3
2025-07-15 19:25	68.785	68.815	68.775	68.805	5
2025-07-15 19:30	68.810	68.810	68.765	68.785	5
2025-07-15 19:35	68.780	68.780	68.755	68.760	4
2025-07-15 19:40	68.765	68.840	68.755	68.830	5
2025-07-15 19:45	68.835	68.835	68.790	68.805	5
2025-07-15 19:50	68.795	68.795	68.755	68.760	5
2025-07-15 19:55	68.765	68.810	68.755	68.800	5
2025-07-15 20:00	68.795	68.795	68.767	68.787	5
2025-07-15 20:05	68.782	68.787	68.737	68.752	5
2025-07-15 20:10	68.757	68.772	68.752	68.762	4
2025-07-15 20:15	68.743	68.762	68.728	68.747	5
2025-07-15 20:20	68.742	68.752	68.727	68.727	5
2025-07-15 20:25	68.732	68.752	68.732	68.752	5
2025-07-15 20:30	68.762	68.832	68.752	68.817	5
2025-07-15 20:35	68.812	68.817	68.782	68.802	5
2025-07-15 20:40	68.792	68.862	68.787	68.857	5
2025-07-15 20:45	68.862	68.872	68.832	68.842	5
2025-07-15 20:50	68.818	68.877	68.807	68.812	5
2025-07-15 20:55	68.817	68.822	68.757	68.822	5
2025-07-16 00:00	68.970	68.990	68.895	68.940	5
2025-07-16 00:05	68.935	68.935	68.880	68.920	5
2025-07-16 00:10	68.935	68.945	68.873	68.940	4
2025-07-16 00:15	68.945	68.950	68.880	68.880	5
2025-07-16 00:20	68.833	68.895	68.833	68.890	5
2025-07-16 00:25	68.905	68.905	68.858	68.895	5
2025-07-16 00:30	68.890	68.925	68.863	68.925	5
2025-07-16 00:35	68.920	68.955	68.903	68.955	5
2025-07-16 00:40	68.945	68.965	68.940	68.950	5
2025-07-16 00:45	68.955	68.985	68.955	68.980	5
2025-07-16 00:50	68.980	68.980	68.960	68.960	5
2025-07-16 00:55	68.960	68.965	68.955	68.960	3
2025-07-16 01:00	68.955	69.005	68.940	68.980	5
2025-07-16 01:05	68.985	68.985	68.950	68.950	5
2025-07-16 01:10	68.955	69.005	68.935	68.990	5
2025-07-16 01:15	68.995	68.995	68.960	68.985	5
2025-07-16 01:20	68.990	69.000	68.970	68.980	5
2025-07-16 01:25	68.975	69.005	68.960	68.995	5
2025-07-16 01:30	69.000	69.035	69.000	69.025	5
2025-07-16 01:35	69.020	69.025	68.995	69.020	5
2025-07-16 01:40	69.015	69.015	68.980	69.010	5
2025-07-16 01:45	69.000	69.005	68.958	68.958	5
2025-07-16 01:50	69.010	69.050	69.005	69.040	5
2025-07-16 01:55	69.045	69.065	69.035	69.050	5
2025-07-16 02:00	69.055	69.055	68.990	68.995	5
2025-07-16 02:05	68.990	69.000	68.970	68.985	5
2025-07-16 02:10	68.990	69.000	68.965	69.000	4
2025-07-16 02:15	68.995	69.000	68.933	68.980	4
2025-07-16 02:20	68.990	69.005	68.933	68.960	5
2025-07-16 02:25	68.965	68.980	68.955	68.960	5
2025-07-16 02:30	68.955	68.955	68.855	68.885	5
2025-07-16 02:35	68.880	68.920	68.835	68.845	5
2025-07-16 02:40	68.840	68.860	68.840	68.850	5
2025-07-16 02:45	68.845	68.870	68.835	68.860	5
2025-07-16 02:50	68.865	68.885	68.818	68.865	5
2025-07-16 02:55	68.870	68.890	68.870	68.870	4
2025-07-16 03:00	68.865	68.915	68.865	68.915	5
2025-07-16 03:05	68.890	68.900	68.840	68.845	5
2025-07-16 03:10	68.840	68.845	68.830	68.835	4
2025-07-16 03:15	68.830	68.835	68.820	68.835	5
2025-07-16 03:20	68.850	68.855	68.840	68.845	3
2025-07-16 03:25	68.835	68.860	68.808	68.845	5
2025-07-16 03:30	68.850	68.855	68.835	68.840	4
2025-07-16 03:35	68.835	68.840	68.788	68.810	5
2025-07-16 03:40	68.815	68.825	68.805	68.810	4
2025-07-16 03:45	68.805	68.825	68.773	68.820	5
2025-07-16 03:50	68.825	68.845	68.825	68.845	4
2025-07-16 03:55	68.840	68.840	68.778	68.835	5
2025-07-16 04:00	68.788	68.840	68.788	68.793	3
2025-07-16 04:05	68.845	68.855	68.808	68.850	4
2025-07-16 04:10	68.803	68.850	68.778	68.835	5
2025-07-16 04:15	68.825	68.830	68.783	68.825	5
2025-07-16 04:20	68.778	68.835	68.778	68.788	3
2025-07-16 04:30	68.845	68.855	68.840	68.845	4
2025-07-16 04:35	68.850	68.850	68.825	68.825	4
2025-07-16 04:40	68.830	68.840	68.783	68.825	3
2025-07-16 04:45	68.815	68.820	68.768	68.810	4
2025-07-16 04:50	68.805	68.810	68.763	68.800	4
2025-07-16 04:55	68.825	68.870	68.793	68.840	4
2025-07-16 05:00	68.845	68.920	68.845	68.915	5
2025-07-16 05:05	68.920	68.980	68.920	68.960	5
2025-07-16 05:10	68.965	68.985	68.950	68.960	5
2025-07-16 05:15	68.913	68.965	68.913	68.935	5
2025-07-16 05:20	68.940	68.945	68.888	68.935	5
2025-07-16 05:25	68.888	68.930	68.870	68.875	5
2025-07-16 05:30	68.870	68.940	68.865	68.930	5
2025-07-16 05:35	68.935	68.955	68.888	68.940	5
2025-07-16 05:40	68.945	68.950	68.915	68.925	5
2025-07-16 05:45	68.878	68.930	68.870	68.890	5
2025-07-16 05:50	68.885	68.885	68.850	68.870	5
2025-07-16 05:55	68.875	68.880	68.840	68.840	5
2025-07-16 06:00	68.835	68.890	68.793	68.855	5
2025-07-16 06:05	68.850	68.850	68.795	68.820	5
2025-07-16 06:10	68.825	68.845	68.820	68.840	5
2025-07-16 06:15	68.845	68.870	68.825	68.865	5
2025-07-16 06:20	68.860	68.900	68.825	68.895	5
2025-07-16 06:25	68.905	68.925	68.855	68.915	5
2025-07-16 06:30	68.920	69.015	68.920	68.985	5
2025-07-16 06:35	68.990	69.015	68.980	69.015	5
2025-07-16 06:40	69.025	69.050	69.005	69.025	5
2025-07-16 06:45	69.030	69.055	68.995	69.000	5
2025-07-16 06:50	69.005	69.030	68.965	68.975	5
2025-07-16 06:55	68.965	68.965	68.880	68.925	5
2025-07-16 07:00	68.905	68.905	68.840	68.890	5
2025-07-16 07:05	68.895	68.910	68.845	68.845	5
2025-07-16 07:10	68.830	68.845	68.785	68.835	5
2025-07-16 07:15	68.830	68.835	68.795	68.805	5
2025-07-16 07:20	68.800	68.825	68.785	68.805	5
2025-07-16 07:25	68.815	68.900	68.795	68.795	5
2025-07-16 07:30	68.805	68.805	68.745	68.765	5
2025-07-16 07:35	68.760	68.765	68.715	68.715	5
2025-07-16 07:40	68.725	68.735	68.695	68.695	5
2025-07-16 07:45	68.685	68.760	68.685	68.735	5
2025-07-16 07:50	68.725	68.725	68.675	68.705	5
2025-07-16 07:55	68.700	68.705	68.630	68.640	5
2025-07-16 08:00	68.635	68.645	68.555	68.555	5
2025-07-16 08:05	68.545	68.555	68.445	68.515	5
2025-07-16 08:10	68.510	68.575	68.465	68.575	5
2025-07-16 08:15	68.570	68.575	68.535	68.550	5
2025-07-16 08:20	68.555	68.575	68.515	68.555	5
2025-07-16 08:25	68.565	68.585	68.515	68.555	5
2025-07-16 08:30	68.560	68.565	68.515	68.515	5
2025-07-16 08:35	68.525	68.525	68.505	68.515	5
2025-07-16 08:40	68.520	68.535	68.495	68.525	5
2025-07-16 08:45	68.520	68.575	68.505	68.565	5
2025-07-16 08:50	68.560	68.565	68.515	68.515	5
2025-07-16 08:55	68.525	68.535	68.495	68.535	5
2025-07-16 09:00	68.530	68.595	68.465	68.495	5
2025-07-16 09:05	68.485	68.500	68.295	68.295	5
2025-07-16 09:10	68.300	68.390	68.285	68.300	5
2025-07-16 09:15	68.305	68.355	68.295	68.325	5
2025-07-16 09:20	68.335	68.365	68.320	68.365	5
2025-07-16 09:25	68.375	68.545	68.375	68.495	5
2025-07-16 09:30	68.485	68.535	68.425	68.425	5
2025-07-16 09:35	68.430	68.465	68.390	68.445	5
2025-07-16 09:40	68.460	68.545	68.450	68.535	5
2025-07-16 09:45	68.540	68.585	68.520	68.525	5
2025-07-16 09:50	68.535	68.540	68.465	68.470	5
2025-07-16 09:55	68.475	68.495	68.425	68.425	5
2025-07-16 10:00	68.435	68.465	68.385	68.455	5
2025-07-16 10:05	68.450	68.455	68.360	68.425	5
2025-07-16 10:10	68.430	68.475	68.385	68.410	5
2025-07-16 10:15	68.415	68.420	68.360	68.375	5
2025-07-16 10:20	68.370	68.470	68.340	68.455	5
2025-07-16 10:25	68.460	68.535	68.455	68.515	5
2025-07-16 10:30	68.525	68.605	68.525	68.570	5
2025-07-16 10:35	68.575	68.575	68.510	68.530	5
2025-07-16 10:40	68.525	68.535	68.440	68.440	5
2025-07-16 10:45	68.450	68.450	68.350	68.365	5
2025-07-16 10:50	68.360	68.360	68.310	68.360	5
2025-07-16 10:55	68.355	68.375	68.325	68.335	5
2025-07-16 11:00	68.330	68.375	68.315	68.345	5
2025-07-16 11:05	68.350	68.365	68.325	68.330	5
2025-07-16 11:10	68.315	68.315	68.185	68.185	5
2025-07-16 11:15	68.175	68.220	68.175	68.215	5
2025-07-16 11:20	68.225	68.230	68.165	68.170	5
2025-07-16 11:25	68.165	68.210	68.140	68.210	5
2025-07-16 11:30	68.215	68.215	68.160	68.175	5
2025-07-16 11:35	68.185	68.195	68.100	68.105	5
2025-07-16 11:40	68.100	68.165	68.085	68.125	5
2025-07-16 11:45	68.115	68.115	68.035	68.055	5
2025-07-16 11:50	68.045	68.135	68.035	68.075	5
2025-07-16 11:55	68.080	68.125	67.950	67.955	5
2025-07-16 12:00	67.960	68.020	67.905	67.925	5
2025-07-16 12:05	67.920	67.995	67.915	67.960	5
2025-07-16 12:10	67.955	68.060	67.955	67.955	5
2025-07-16 12:15	67.960	67.965	67.935	67.965	5
2025-07-16 12:20	67.960	68.085	67.960	68.085	5
2025-07-16 12:25	68.080	68.105	68.035	68.070	5
2025-07-16 12:30	68.045	68.165	68.005	68.125	5
2025-07-16 12:35	68.140	68.165	68.075	68.095	5
2025-07-16 12:40	68.090	68.125	68.065	68.125	5
2025-07-16 12:45	68.140	68.165	68.105	68.130	5
2025-07-16 12:50	68.135	68.150	68.110	68.125	5
2025-07-16 12:55	68.135	68.190	68.105	68.125	5
2025-07-16 13:00	68.145	68.215	67.985	68.200	5
2025-07-16 13:05	68.205	68.317	68.180	68.255	5
2025-07-16 13:10	68.250	68.265	68.035	68.035	5
2025-07-16 13:15	68.025	68.125	67.945	68.115	5
2025-07-16 13:20	68.105	68.110	67.955	67.970	5
2025-07-16 13:25	67.975	67.975	67.875	67.905	5
2025-07-16 13:30	67.910	68.105	67.865	68.090	5
2025-07-16 13:35	68.085	68.270	68.080	68.210	5
2025-07-16 13:40	68.215	68.240	68.065	68.065	5
2025-07-16 13:45	68.075	68.095	67.925	67.930	5
2025-07-16 13:50	67.935	68.025	67.920	68.015	5
2025-07-16 13:55	68.030	68.040	67.935	67.960	5
2025-07-16 14:00	67.965	68.030	67.930	68.005	5
2025-07-16 14:05	68.015	68.055	67.960	67.965	5
2025-07-16 14:10	67.970	68.060	67.965	68.005	5
2025-07-16 14:15	68.010	68.045	67.980	68.005	5
2025-07-16 14:20	68.020	68.125	68.015	68.075	5
2025-07-16 14:25	68.080	68.135	68.045	68.070	5
2025-07-16 14:30	67.995	68.065	67.735	67.795	5
2025-07-16 14:35	67.790	68.005	67.700	67.990	5
2025-07-16 14:40	67.995	67.995	67.845	67.935	5
2025-07-16 14:45	67.940	68.105	67.895	67.975	5
2025-07-16 14:50	67.980	68.095	67.768	67.898	5
2025-07-16 14:55	67.888	67.995	67.817	67.965	5
2025-07-16 15:00	67.960	68.065	67.900	67.900	5
2025-07-16 15:05	67.905	67.935	67.835	67.860	5
2025-07-16 15:10	67.855	68.080	67.840	68.045	5
2025-07-16 15:15	68.040	68.130	67.798	68.105	5
2025-07-16 15:20	68.115	68.240	68.085	68.150	5
2025-07-16 15:25	68.145	68.165	67.965	68.000	5
2025-07-16 15:30	68.005	68.025	67.835	67.985	5
2025-07-16 15:35	67.980	68.035	67.835	67.880	5
2025-07-16 15:40	67.885	67.975	67.845	67.960	5
2025-07-16 15:45	67.970	68.080	67.923	67.965	5
2025-07-16 15:50	67.955	68.115	67.920	68.055	5
2025-07-16 15:55	68.050	68.245	68.013	68.090	5
2025-07-16 16:00	68.095	68.095	68.005	68.080	5
2025-07-16 16:05	68.085	68.195	68.085	68.180	5
2025-07-16 16:10	68.175	68.265	68.125	68.150	5
2025-07-16 16:15	68.140	68.165	68.075	68.110	5
2025-07-16 16:20	68.130	68.305	68.085	68.280	5
2025-07-16 16:25	68.285	68.285	68.225	68.245	5
2025-07-16 16:30	68.255	68.265	68.145	68.215	5
2025-07-16 16:35	68.220	68.365	68.185	68.325	5
2025-07-16 16:40	68.330	68.360	68.250	68.305	5
2025-07-16 16:45	68.310	68.500	68.295	68.445	5
2025-07-16 16:50	68.440	68.475	68.410	68.435	5
2025-07-16 16:55	68.445	68.480	68.425	68.435	5
2025-07-16 17:00	68.425	68.605	68.415	68.575	5
2025-07-16 17:05	68.570	68.650	68.535	68.640	5
2025-07-16 17:10	68.645	68.665	68.595	68.645	5
2025-07-16 17:15	68.650	68.655	68.535	68.555	5
2025-07-16 17:20	68.545	68.580	68.445	68.465	5
2025-07-16 17:25	68.455	68.485	68.395	68.455	5
2025-07-16 17:30	68.460	68.540	68.455	68.490	5
2025-07-16 17:35	68.485	68.485	68.385	68.405	5
2025-07-16 17:40	68.425	68.485	68.350	68.485	5
2025-07-16 17:45	68.495	68.685	68.455	68.675	5
2025-07-16 17:50	68.695	68.750	68.645	68.715	5
2025-07-16 17:55	68.720	68.790	68.715	68.755	5
2025-07-16 18:00	68.745	68.845	68.745	68.810	5
2025-07-16 18:05	68.805	68.855	68.715	68.775	5
2025-07-16 18:10	68.780	68.800	68.720	68.725	5
2025-07-16 18:15	68.735	68.735	68.655	68.685	5
2025-07-16 18:20	68.690	68.695	68.435	68.475	5
2025-07-16 18:25	68.480	68.585	68.415	68.515	5
2025-07-16 18:30	68.525	68.655	68.455	68.655	5
2025-07-16 18:35	68.665	68.675	68.610	68.665	5
2025-07-16 18:40	68.660	68.670	68.625	68.625	5
2025-07-16 18:45	68.635	68.650	68.615	68.645	5
2025-07-16 18:50	68.640	68.855	68.630	68.840	5
2025-07-16 18:55	68.835	68.835	68.760	68.765	5
2025-07-16 19:00	68.770	68.825	68.765	68.770	5
2025-07-16 19:05	68.775	68.790	68.745	68.755	5
2025-07-16 19:10	68.760	68.765	68.715	68.735	5
2025-07-16 19:15	68.740	68.745	68.680	68.700	5
2025-07-16 19:20	68.695	68.700	68.650	68.660	5
2025-07-16 19:25	68.665	68.665	68.595	68.620	5
2025-07-16 19:30	68.625	68.645	68.615	68.645	5
2025-07-16 19:35	68.640	68.655	68.640	68.655	5
2025-07-16 19:40	68.660	68.700	68.655	68.690	5
2025-07-16 19:45	68.685	68.740	68.650	68.720	4
2025-07-16 19:50	68.715	68.780	68.715	68.760	5
2025-07-16 19:55	68.765	68.765	68.730	68.750	5
2025-07-16 20:00	68.760	68.760	68.707	68.717	4
2025-07-16 20:05	68.722	68.747	68.722	68.723	5
2025-07-16 20:10	68.747	68.747	68.722	68.722	4
2025-07-16 20:15	68.727	68.727	68.702	68.722	5
2025-07-16 20:20	68.717	68.722	68.673	68.687	5
2025-07-16 20:25	68.682	68.687	68.627	68.647	5
2025-07-16 20:30	68.637	68.652	68.608	68.627	5
2025-07-16 20:35	68.622	68.637	68.612	68.627	5
2025-07-16 20:40	68.632	68.677	68.632	68.647	5
2025-07-16 20:45	68.642	68.657	68.622	68.637	5
2025-07-16 20:50	68.632	68.662	68.627	68.662	5
2025-07-16 20:55	68.657	68.667	68.652	68.657	5
2025-07-17 00:00	68.732	68.790	68.720	68.785	5
2025-07-17 00:05	68.795	68.840	68.790	68.830	5
2025-07-17 00:10	68.840	68.885	68.840	68.870	5
2025-07-17 00:15	68.865	68.880	68.860	68.865	5
2025-07-17 00:20	68.870	68.875	68.845	68.865	5
2025-07-17 00:25	68.818	68.895	68.818	68.890	5
2025-07-17 00:30	68.895	68.945	68.890	68.925	5
2025-07-17 00:35	68.920	68.925	68.905	68.910	5
2025-07-17 00:40	68.920	68.940	68.893	68.940	5
2025-07-17 00:45	68.945	68.945	68.868	68.868	3
2025-07-17 00:50	68.925	68.965	68.878	68.960	5
2025-07-17 00:55	68.955	68.985	68.895	68.910	5
2025-07-17 01:00	68.905	68.905	68.770	68.785	5
2025-07-17 01:05	68.790	68.935	68.785	68.930	5
2025-07-17 01:10	68.935	68.995	68.905	68.970	5
2025-07-17 01:15	68.980	68.980	68.915	68.925	5
2025-07-17 01:20	68.920	68.930	68.915	68.930	5
2025-07-17 01:25	68.883	68.960	68.883	68.950	5
2025-07-17 01:30	68.903	68.950	68.805	68.810	5
2025-07-17 01:35	68.815	68.850	68.805	68.845	5
2025-07-17 01:40	68.850	68.850	68.795	68.830	5
2025-07-17 01:45	68.835	68.840	68.815	68.825	5
2025-07-17 01:50	68.830	68.830	68.758	68.800	5
2025-07-17 01:55	68.805	68.825	68.768	68.825	5
2025-07-17 02:00	68.820	68.825	68.738	68.780	5
2025-07-17 02:05	68.785	68.790	68.735	68.765	5
2025-07-17 02:10	68.760	68.795	68.755	68.780	5
2025-07-17 02:15	68.785	68.785	68.713	68.750	5
2025-07-17 02:20	68.745	68.775	68.708	68.760	5
2025-07-17 02:25	68.713	68.775	68.713	68.775	5
2025-07-17 02:30	68.728	68.775	68.720	68.735	5
2025-07-17 02:35	68.730	68.775	68.715	68.775	5
2025-07-17 02:40	68.800	68.810	68.780	68.795	5
2025-07-17 02:45	68.800	68.810	68.748	68.800	5
2025-07-17 02:50	68.795	68.855	68.795	68.845	4
2025-07-17 02:55	68.850	68.850	68.773	68.820	5
2025-07-17 03:00	68.815	68.815	68.780	68.800	5
2025-07-17 03:05	68.805	68.850	68.805	68.810	4
2025-07-17 03:10	68.825	68.855	68.825	68.840	4
2025-07-17 03:15	68.845	68.890	68.845	68.890	5
2025-07-17 03:20	68.885	68.935	68.880	68.900	5
2025-07-17 03:25	68.905	68.915	68.890	68.900	5
2025-07-17 03:30	68.895	68.920	68.873	68.915	5
2025-07-17 03:35	68.920	68.920	68.900	68.920	5
2025-07-17 03:40	68.873	68.925	68.873	68.920	5
2025-07-17 03:45	68.925	68.960	68.920	68.955	5
2025-07-17 03:50	68.908	68.945	68.870	68.870	5
2025-07-17 03:55	68.865	68.880	68.855	68.860	4
2025-07-17 04:00	68.855	68.855	68.755	68.770	5
2025-07-17 04:05	68.760	68.795	68.760	68.775	5
2025-07-17 04:10	68.770	68.790	68.718	68.770	4
2025-07-17 04:15	68.765	68.775	68.755	68.755	3
2025-07-17 04:20	68.708	68.750	68.708	68.750	2
2025-07-17 04:25	68.745	68.750	68.698	68.698	5
2025-07-17 04:30	68.760	68.770	68.755	68.760	4
2025-07-17 04:35	68.750	68.780	68.750	68.765	4
2025-07-17 04:40	68.760	68.770	68.718	68.770	5
2025-07-17 04:45	68.775	68.795	68.770	68.780	3
2025-07-17 04:50	68.775	68.780	68.728	68.740	5
2025-07-17 04:55	68.745	68.760	68.735	68.750	3
2025-07-17 05:00	68.740	68.770	68.740	68.755	5
2025-07-17 05:05	68.750	68.760	68.713	68.755	4
2025-07-17 05:10	68.708	68.765	68.708	68.755	4
2025-07-17 05:15	68.760	68.775	68.730	68.735	5
2025-07-17 05:20	68.730	68.750	68.730	68.740	5
2025-07-17 05:25	68.750	68.760	68.750	68.755	5
2025-07-17 05:30	68.765	68.775	68.725	68.750	5
2025-07-17 05:35	68.745	68.770	68.735	68.745	5
2025-07-17 05:40	68.740	68.760	68.735	68.750	5
2025-07-17 05:45	68.745	68.755	68.715	68.725	5
2025-07-17 05:50	68.720	68.750	68.715	68.740	5
2025-07-17 05:55	68.750	68.775	68.725	68.775	5
2025-07-17 06:00	68.770	68.775	68.725	68.725	5
2025-07-17 06:05	68.720	68.740	68.700	68.705	5
2025-07-17 06:10	68.700	68.705	68.620	68.630	5
2025-07-17 06:15	68.635	68.635	68.565	68.595	5
2025-07-17 06:20	68.600	68.645	68.590	68.635	5
2025-07-17 06:25	68.645	68.645	68.585	68.595	5
2025-07-17 06:30	68.585	68.585	68.530	68.535	5
2025-07-17 06:35	68.540	68.570	68.525	68.555	5
2025-07-17 06:40	68.540	68.545	68.505	68.535	5
2025-07-17 06:45	68.530	68.600	68.530	68.595	5
2025-07-17 06:50	68.585	68.585	68.525	68.540	5
2025-07-17 06:55	68.545	68.560	68.505	68.520	5
2025-07-17 07:00	68.525	68.535	68.450	68.505	5
2025-07-17 07:05	68.500	68.530	68.405	68.420	5
2025-07-17 07:10	68.415	68.445	68.400	68.415	5
2025-07-17 07:15	68.430	68.565	68.400	68.555	5
2025-07-17 07:20	68.560	68.565	68.450	68.460	5
2025-07-17 07:25	68.465	68.475	68.405	68.425	5
2025-07-17 07:30	68.435	68.450	68.385	68.385	5
2025-07-17 07:35	68.375	68.430	68.360	68.405	5
2025-07-17 07:40	68.400	68.400	68.315	68.350	5
2025-07-17 07:45	68.355	68.435	68.340	68.420	5
2025-07-17 07:50	68.435	68.515	68.410	68.480	5
2025-07-17 07:55	68.475	68.475	68.365	68.375	5
2025-07-17 08:00	68.370	68.415	68.355	68.385	5
2025-07-17 08:05	68.380	68.500	68.380	68.450	5
2025-07-17 08:10	68.445	68.485	68.440	68.455	5
2025-07-17 08:15	68.445	68.510	68.415	68.510	5
2025-07-17 08:20	68.515	68.535	68.435	68.465	5
2025-07-17 08:25	68.475	68.475	68.295	68.325	5
2025-07-17 08:30	68.335	68.485	68.330	68.450	5
2025-07-17 08:35	68.455	68.680	68.455	68.615	5
2025-07-17 08:40	68.620	68.705	68.585	68.690	5
2025-07-17 08:45	68.695	68.710	68.660	68.670	5
2025-07-17 08:50	68.665	68.705	68.645	68.685	5
2025-07-17 08:55	68.680	68.695	68.460	68.475	5
2025-07-17 09:00	68.480	68.485	68.315	68.380	5
2025-07-17 09:05	68.375	68.375	68.255	68.315	5
2025-07-17 09:10	68.305	68.355	68.275	68.335	5
2025-07-17 09:15	68.345	68.525	68.315	68.515	5
2025-07-17 09:20	68.530	68.595	68.490	68.580	5
2025-07-17 09:25	68.570	68.595	68.555	68.575	5
2025-07-17 09:30	68.585	68.605	68.455	68.465	5
2025-07-17 09:35	68.460	68.475	68.425	68.440	5
2025-07-17 09:40	68.445	68.445	68.355	68.410	5
2025-07-17 09:45	68.405	68.480	68.385	68.465	5
2025-07-17 09:50	68.470	68.515	68.465	68.485	5
2025-07-17 09:55	68.475	68.510	68.425	68.500	5
2025-07-17 10:00	68.495	68.630	68.495	68.610	5
2025-07-17 10:05	68.615	68.650	68.605	68.635	5
2025-07-17 10:10	68.655	68.765	68.655	68.755	5
2025-07-17 10:15	68.760	68.795	68.710	68.755	5
2025-07-17 10:20	68.760	68.780	68.665	68.695	5
2025-07-17 10:25	68.690	68.705	68.605	68.605	5
2025-07-17 10:30	68.610	68.685	68.560	68.685	5
2025-07-17 10:35	68.695	68.705	68.620	68.680	5
2025-07-17 10:40	68.715	68.735	68.640	68.660	5
2025-07-17 10:45	68.645	68.680	68.615	68.660	5
2025-07-17 10:50	68.665	68.735	68.635	68.715	5
2025-07-17 10:55	68.705	68.765	68.645	68.645	5
2025-07-17 11:00	68.625	68.655	68.575	68.610	5
2025-07-17 11:05	68.600	68.695	68.600	68.640	5
2025-07-17 11:10	68.645	68.645	68.550	68.570	5
2025-07-17 11:15	68.580	68.655	68.575	68.615	5
2025-07-17 11:20	68.605	68.655	68.540	68.635	5
2025-07-17 11:25	68.625	68.625	68.555	68.560	5
2025-07-17 11:30	68.565	68.620	68.560	68.585	5
2025-07-17 11:35	68.575	68.615	68.545	68.590	4
2025-07-17 11:40	68.595	68.605	68.490	68.555	5
2025-07-17 11:45	68.565	68.695	68.565	68.625	5
2025-07-17 11:50	68.630	68.675	68.610	68.675	5
2025-07-17 11:55	68.685	68.755	68.680	68.710	5
2025-07-17 12:00	68.715	68.885	68.715	68.865	5
2025-07-17 12:05	68.860	68.945	68.835	68.855	5
2025-07-17 12:10	68.845	68.960	68.805	68.945	5
2025-07-17 12:15	68.940	68.950	68.875	68.895	5
2025-07-17 12:20	68.900	68.905	68.835	68.885	5
2025-07-17 12:25	68.880	68.925	68.855	68.895	5
2025-07-17 12:30	68.905	68.935	68.840	68.865	5
2025-07-17 12:35	68.885	68.955	68.875	68.945	5
2025-07-17 12:40	68.925	68.935	68.830	68.875	5
2025-07-17 12:45	68.865	68.905	68.690	68.745	5
2025-07-17 12:50	68.740	68.740	68.625	68.665	5
2025-07-17 12:55	68.655	68.695	68.585	68.605	5
2025-07-17 13:00	68.610	68.705	68.475	68.475	5
2025-07-17 13:05	68.470	68.505	68.425	68.440	5
2025-07-17 13:10	68.435	68.645	68.365	68.645	5
2025-07-17 13:15	68.640	68.715	68.615	68.685	5
2025-07-17 13:20	68.680	68.775	68.605	68.605	5
2025-07-17 13:25	68.595	68.595	68.475	68.535	5
2025-07-17 13:30	68.540	68.640	68.505	68.535	5
2025-07-17 13:35	68.545	68.595	68.435	68.585	5
2025-07-17 13:40	68.580	68.600	68.475	68.575	5
2025-07-17 13:45	68.580	68.645	68.530	68.565	5
2025-07-17 13:50	68.580	68.645	68.555	68.575	5
2025-07-17 13:55	68.555	68.620	68.535	68.595	5
2025-07-17 14:00	68.605	68.665	68.495	68.500	5
2025-07-17 14:05	68.495	68.570	68.455	68.500	5
2025-07-17 14:10	68.495	68.570	68.475	68.545	5
2025-07-17 14:15	68.555	68.620	68.550	68.570	5
2025-07-17 14:20	68.575	68.765	68.570	68.685	5
2025-07-17 14:25	68.675	68.675	68.435	68.445	5
2025-07-17 14:30	68.440	68.565	68.365	68.565	5
2025-07-17 14:35	68.570	68.575	68.445	68.555	5
2025-07-17 14:40	68.545	68.675	68.525	68.625	5
2025-07-17 14:45	68.605	68.645	68.580	68.610	5
2025-07-17 14:50	68.615	68.760	68.605	68.745	5
2025-07-17 14:55	68.765	68.865	68.745	68.855	5
2025-07-17 15:00	68.865	68.955	68.825	68.915	5
2025-07-17 15:05	68.920	69.010	68.835	68.950	5
2025-07-17 15:10	68.955	68.955	68.815	68.900	5
2025-07-17 15:15	68.895	69.005	68.895	68.945	5
2025-07-17 15:20	68.955	69.005	68.925	68.940	5
2025-07-17 15:25	68.945	69.095	68.940	69.020	5
2025-07-17 15:30	69.030	69.065	68.905	68.905	5
2025-07-17 15:35	68.895	69.005	68.865	68.965	5
2025-07-17 15:40	68.945	69.025	68.935	68.975	5
2025-07-17 15:45	68.970	69.025	68.865	69.005	5
2025-07-17 15:50	69.010	69.015	68.935	68.975	5
2025-07-17 15:55	68.985	69.000	68.933	68.995	5
2025-07-17 16:00	69.005	69.045	68.965	69.025	5
2025-07-17 16:05	69.020	69.065	68.965	68.990	5
2025-07-17 16:10	68.995	69.085	68.965	68.985	5
2025-07-17 16:15	68.990	69.075	68.975	69.065	5
2025-07-17 16:20	69.055	69.085	69.025	69.075	5
2025-07-17 16:25	69.085	69.295	69.085	69.295	5
2025-07-17 16:30	69.340	69.365	69.235	69.290	5
2025-07-17 16:35	69.295	69.360	69.285	69.295	5
2025-07-17 16:40	69.305	69.365	69.255	69.355	5
2025-07-17 16:45	69.350	69.380	69.315	69.335	5
2025-07-17 16:50	69.330	69.380	69.300	69.355	5
2025-07-17 16:55	69.365	69.385	69.330	69.335	5
2025-07-17 17:00	69.345	69.395	69.305	69.345	5
2025-07-17 17:05	69.350	69.350	69.270	69.290	5
2025-07-17 17:10	69.285	69.290	69.245	69.265	5
2025-07-17 17:15	69.255	69.275	69.205	69.275	5
2025-07-17 17:20	69.265	69.300	69.245	69.245	5
2025-07-17 17:25	69.255	69.310	69.250	69.295	5
2025-07-17 17:30	69.305	69.395	69.275	69.365	5
2025-07-17 17:35	69.355	69.355	69.325	69.335	5
2025-07-17 17:40	69.325	69.325	69.245	69.265	5
2025-07-17 17:45	69.260	69.295	69.235	69.295	5
2025-07-17 17:50	69.285	69.290	69.160	69.195	5
2025-07-17 17:55	69.200	69.210	69.145	69.185	5
2025-07-17 18:00	69.195	69.285	69.175	69.275	5
2025-07-17 18:05	69.280	69.335	69.275	69.325	5
2025-07-17 18:10	69.320	69.345	69.270	69.275	5
2025-07-17 18:15	69.290	69.335	69.275	69.310	5
2025-07-17 18:20	69.305	69.445	69.285	69.415	5
2025-07-17 18:25	69.410	69.545	69.355	69.515	5
2025-07-17 18:30	69.505	69.570	69.505	69.555	5
2025-07-17 18:35	69.560	69.560	69.515	69.515	5
2025-07-17 18:40	69.520	69.555	69.505	69.540	5
2025-07-17 18:45	69.545	69.585	69.535	69.565	5
2025-07-17 18:50	69.570	69.585	69.555	69.565	5
2025-07-17 18:55	69.560	69.590	69.555	69.565	5
2025-07-17 19:00	69.575	69.605	69.565	69.595	5
2025-07-17 19:05	69.585	69.605	69.575	69.595	5
2025-07-17 19:10	69.590	69.595	69.535	69.565	4
2025-07-17 19:15	69.560	69.565	69.555	69.565	5
2025-07-17 19:20	69.570	69.570	69.535	69.555	5
2025-07-17 19:25	69.545	69.550	69.525	69.535	5
2025-07-17 19:30	69.540	69.570	69.535	69.565	5
2025-07-17 19:35	69.570	69.585	69.565	69.575	5
2025-07-17 19:40	69.585	69.585	69.570	69.580	4
2025-07-17 19:45	69.575	69.580	69.555	69.555	5
2025-07-17 19:50	69.545	69.545	69.505	69.525	5
2025-07-17 19:55	69.520	69.560	69.505	69.555	5
2025-07-17 20:00	69.545	69.545	69.497	69.507	5
2025-07-17 20:05	69.512	69.517	69.502	69.517	5
2025-07-17 20:10	69.512	69.517	69.512	69.517	5
2025-07-17 20:15	69.512	69.542	69.502	69.537	5
2025-07-17 20:20	69.542	69.542	69.503	69.527	4
2025-07-17 20:25	69.532	69.542	69.523	69.542	4
2025-07-17 20:30	69.532	69.562	69.508	69.557	4
2025-07-17 20:35	69.552	69.552	69.518	69.542	5
2025-07-17 20:40	69.518	69.537	69.512	69.532	3
2025-07-17 20:45	69.537	69.552	69.532	69.537	5
2025-07-17 20:50	69.527	69.552	69.527	69.547	5
2025-07-17 20:55	69.552	69.552	69.513	69.542	5
2025-07-18 00:00	69.517	69.530	69.450	69.470	5
2025-07-18 00:05	69.423	69.480	69.423	69.475	5
2025-07-18 00:10	69.460	69.480	69.460	69.470	5
2025-07-18 00:15	69.465	69.495	69.465	69.490	5
2025-07-18 00:20	69.485	69.510	69.438	69.510	5
2025-07-18 00:25	69.505	69.570	69.458	69.555	5
2025-07-18 00:30	69.508	69.580	69.508	69.580	4
2025-07-18 00:35	69.575	69.585	69.518	69.518	5
2025-07-18 00:40	69.575	69.625	69.528	69.625	5
2025-07-18 00:45	69.620	69.625	69.553	69.610	5
2025-07-18 00:50	69.615	69.620	69.563	69.563	5
2025-07-18 00:55	69.625	69.640	69.605	69.605	5
2025-07-18 01:00	69.600	69.635	69.580	69.610	5
2025-07-18 01:05	69.605	69.620	69.565	69.590	5
2025-07-18 01:10	69.595	69.655	69.595	69.655	5
2025-07-18 01:15	69.650	69.680	69.635	69.665	5
2025-07-18 01:20	69.660	69.660	69.550	69.555	5
2025-07-18 01:25	69.560	69.565	69.460	69.505	5
2025-07-18 01:30	69.490	69.525	69.485	69.515	5
2025-07-18 01:35	69.505	69.515	69.448	69.505	5
2025-07-18 01:40	69.510	69.510	69.465	69.485	5
2025-07-18 01:45	69.490	69.495	69.435	69.450	5
2025-07-18 01:50	69.455	69.500	69.445	69.485	5
2025-07-18 01:55	69.480	69.510	69.470	69.480	5
2025-07-18 02:00	69.485	69.510	69.475	69.490	5
2025-07-18 02:05	69.485	69.495	69.465	69.485	5
2025-07-18 02:10	69.490	69.515	69.485	69.510	5
2025-07-18 02:15	69.505	69.510	69.485	69.510	5
2025-07-18 02:20	69.515	69.515	69.500	69.510	5
2025-07-18 02:25	69.515	69.515	69.458	69.510	5
2025-07-18 02:30	69.505	69.505	69.475	69.475	5
2025-07-18 02:35	69.428	69.470	69.428	69.460	5
2025-07-18 02:40	69.465	69.490	69.460	69.475	5
2025-07-18 02:45	69.480	69.485	69.405	69.425	5
2025-07-18 02:50	69.435	69.460	69.405	69.455	5
2025-07-18 02:55	69.465	69.490	69.450	69.480	5
2025-07-18 03:00	69.485	69.495	69.435	69.450	5
2025-07-18 03:05	69.465	69.490	69.428	69.475	5
2025-07-18 03:10	69.470	69.475	69.415	69.440	5
2025-07-18 03:15	69.435	69.440	69.410	69.415	5
2025-07-18 03:20	69.410	69.430	69.390	69.400	5
2025-07-18 03:25	69.395	69.415	69.395	69.400	5
2025-07-18 03:30	69.405	69.430	69.373	69.373	4
2025-07-18 03:35	69.415	69.470	69.395	69.455	5
2025-07-18 03:40	69.445	69.460	69.403	69.435	5
2025-07-18 03:45	69.440	69.445	69.393	69.445	4
2025-07-18 03:50	69.440	69.450	69.393	69.435	5
2025-07-18 03:55	69.440	69.450	69.393	69.450	5
2025-07-18 04:00	69.445	69.485	69.425	69.480	5
2025-07-18 04:05	69.485	69.525	69.470	69.510	5
2025-07-18 04:10	69.505	69.565	69.505	69.550	5
2025-07-18 04:15	69.535	69.660	69.535	69.655	4
2025-07-18 04:20	69.650	69.770	69.628	69.750	5
2025-07-18 04:25	69.760	69.860	69.740	69.840	5
2025-07-18 04:30	69.845	69.890	69.845	69.860	5
2025-07-18 04:35	69.865	69.885	69.830	69.835	5
2025-07-18 04:40	69.840	69.860	69.788	69.840	4
2025-07-18 04:45	69.845	69.845	69.770	69.770	5
2025-07-18 04:50	69.775	69.835	69.775	69.820	4
2025-07-18 04:55	69.815	69.830	69.778	69.815	5
2025-07-18 05:00	69.800	69.810	69.760	69.765	5
2025-07-18 05:05	69.775	69.780	69.708	69.775	5
2025-07-18 05:10	69.728	69.790	69.728	69.785	5
2025-07-18 05:15	69.790	69.790	69.750	69.790	4
2025-07-18 05:20	69.785	69.800	69.743	69.775	4
2025-07-18 05:25	69.760	69.860	69.760	69.845	5
2025-07-18 05:30	69.850	69.850	69.720	69.755	5
2025-07-18 05:35	69.760	69.830	69.755	69.830	5
2025-07-18 05:40	69.825	69.845	69.800	69.805	5
2025-07-18 05:45	69.795	69.795	69.755	69.790	5
2025-07-18 05:50	69.785	69.805	69.660	69.695	5
2025-07-18 05:55	69.690	69.750	69.685	69.700	5
2025-07-18 06:00	69.705	69.725	69.650	69.665	5
2025-07-18 06:05	69.670	69.685	69.640	69.665	5
2025-07-18 06:10	69.675	69.845	69.675	69.840	5
2025-07-18 06:15	69.845	69.975	69.825	69.940	5
2025-07-18 06:20	69.935	69.960	69.905	69.915	5
2025-07-18 06:25	69.910	69.980	69.910	69.970	5
2025-07-18 06:30	69.975	70.195	69.970	70.090	5
2025-07-18 06:35	70.095	70.285	70.080	70.170	5
2025-07-18 06:40	70.180	70.190	70.090	70.190	5
2025-07-18 06:45	70.195	70.205	70.075	70.105	5
2025-07-18 06:50	70.100	70.150	70.065	70.075	5
2025-07-18 06:55	70.080	70.135	70.040	70.095	5
2025-07-18 07:00	70.085	70.085	69.945	69.980	5
2025-07-18 07:05	69.985	70.005	69.810	69.820	5
2025-07-18 07:10	69.835	69.905	69.775	69.845	5
2025-07-18 07:15	69.835	69.860	69.775	69.835	5
2025-07-18 07:20	69.805	69.845	69.745	69.765	5
2025-07-18 07:25	69.770	69.790	69.720	69.750	5
2025-07-18 07:30	69.755	69.805	69.665	69.775	5
2025-07-18 07:35	69.785	69.845	69.765	69.830	5
2025-07-18 07:40	69.825	69.860	69.790	69.825	5
2025-07-18 07:45	69.815	69.835	69.775	69.825	5
2025-07-18 07:50	69.815	69.865	69.775	69.790	5
2025-07-18 07:55	69.785	69.790	69.715	69.715	5
2025-07-18 08:00	69.730	69.795	69.725	69.735	5
2025-07-18 08:05	69.730	69.755	69.695	69.740	5
2025-07-18 08:10	69.745	69.785	69.700	69.745	5
2025-07-18 08:15	69.755	69.800	69.725	69.730	5
2025-07-18 08:20	69.725	69.840	69.580	69.785	5
2025-07-18 08:25	69.795	69.815	69.615	69.625	5
2025-07-18 08:30	69.630	69.740	69.630	69.695	5
2025-07-18 08:35	69.665	69.720	69.595	69.720	5
2025-07-18 08:40	69.725	69.805	69.675	69.785	5
2025-07-18 08:45	69.795	69.875	69.785	69.850	5
2025-07-18 08:50	69.855	69.945	69.825	69.915	5
2025-07-18 08:55	69.910	69.990	69.875	69.965	5
2025-07-18 09:00	69.975	70.055	69.895	69.925	5
2025-07-18 09:05	69.920	70.000	69.905	69.965	5
2025-07-18 09:10	69.975	70.045	69.965	69.970	5
2025-07-18 09:15	69.975	70.065	69.885	70.045	5
2025-07-18 09:20	70.055	70.140	70.045	70.055	5
2025-07-18 09:25	70.065	70.185	70.060	70.165	5
2025-07-18 09:30	70.175	70.385	70.175	70.285	5
2025-07-18 09:35	70.310	70.355	70.245	70.315	5
2025-07-18 09:40	70.320	70.355	70.235	70.315	5
2025-07-18 09:45	70.310	70.375	70.245	70.250	5
2025-07-18 09:50	70.240	70.275	70.145	70.245	5
2025-07-18 09:55	70.250	70.345	70.225	70.255	5
2025-07-18 10:00	70.260	70.315	70.185	70.195	5
2025-07-18 10:05	70.200	70.215	70.075	70.085	5
2025-07-18 10:10	70.090	70.135	70.075	70.125	5
2025-07-18 10:15	70.120	70.120	70.035	70.055	5
2025-07-18 10:20	70.060	70.155	70.055	70.110	5
2025-07-18 10:25	70.105	70.175	70.100	70.155	5
2025-07-18 10:30	70.160	70.175	70.065	70.085	5
2025-07-18 10:35	70.080	70.100	70.025	70.055	5
2025-07-18 10:40	70.040	70.100	70.035	70.055	5
2025-07-18 10:45	70.045	70.075	69.935	69.960	5
2025-07-18 10:50	69.965	70.085	69.965	69.995	5
2025-07-18 10:55	69.990	70.035	69.940	69.965	5
2025-07-18 11:00	69.950	69.985	69.905	69.975	5
2025-07-18 11:05	69.970	70.015	69.955	69.980	5
2025-07-18 11:10	69.985	69.985	69.855	69.925	5
2025-07-18 11:15	69.935	69.975	69.900	69.960	5
2025-07-18 11:20	69.955	70.040	69.955	70.030	5
2025-07-18 11:25	70.025	70.025	69.970	69.995	5
2025-07-18 11:30	69.990	70.050	69.985	70.045	5
2025-07-18 11:35	70.040	70.125	70.015	70.110	5
2025-07-18 11:40	70.105	70.170	70.095	70.125	5
2025-07-18 11:45	70.115	70.210	70.110	70.205	5
2025-07-18 11:50	70.215	70.235	70.205	70.220	5
2025-07-18 11:55	70.225	70.390	70.215	70.390	5
2025-07-18 12:00	70.395	70.545	70.365	70.525	5
2025-07-18 12:05	70.520	70.640	70.510	70.575	5
2025-07-18 12:10	70.585	70.660	70.520	70.560	5
2025-07-18 12:15	70.555	70.695	70.535	70.685	5
2025-07-18 12:20	70.690	70.755	70.665	70.710	5
2025-07-18 12:25	70.715	70.740	70.647	70.660	5
2025-07-18 12:30	70.665	70.675	70.505	70.505	5
2025-07-18 12:35	70.510	70.515	70.365	70.385	5
2025-07-18 12:40	70.410	70.410	70.260	70.330	5
2025-07-18 12:45	70.325	70.390	70.325	70.375	5
2025-07-18 12:50	70.380	70.395	70.315	70.395	5
2025-07-18 12:55	70.385	70.405	70.325	70.325	5
2025-07-18 13:00	70.315	70.315	70.075	70.095	5
2025-07-18 13:05	70.085	70.140	70.010	70.065	5
2025-07-18 13:10	70.070	70.180	70.070	70.145	5
2025-07-18 13:15	70.155	70.200	70.125	70.145	5
2025-07-18 13:20	70.140	70.175	70.060	70.175	5
2025-07-18 13:25	70.170	70.205	70.120	70.190	5
2025-07-18 13:30	70.185	70.335	70.105	70.200	5
2025-07-18 13:35	70.205	70.345	70.140	70.320	5
2025-07-18 13:40	70.325	70.410	70.225	70.235	5
2025-07-18 13:45	70.230	70.235	70.115	70.135	5
2025-07-18 13:50	70.130	70.225	70.115	70.205	5
2025-07-18 13:55	70.185	70.185	70.095	70.160	5
2025-07-18 14:00	70.118	70.250	70.118	70.220	5
2025-07-18 14:05	70.215	70.455	70.210	70.435	5
2025-07-18 14:10	70.420	70.515	70.370	70.465	5
2025-07-18 14:15	70.475	70.495	70.405	70.435	5
2025-07-18 14:20	70.430	70.475	70.375	70.425	5
2025-07-18 14:25	70.430	70.475	70.345	70.355	5
2025-07-18 14:30	70.360	70.365	70.205	70.225	5
2025-07-18 14:35	70.245	70.325	70.195	70.260	5
2025-07-18 14:40	70.265	70.440	70.240	70.435	5
2025-07-18 14:45	70.425	70.435	70.315	70.415	5
2025-07-18 14:50	70.430	70.475	70.395	70.415	5
2025-07-18 14:55	70.420	70.420	70.325	70.390	5
2025-07-18 15:00	70.353	70.420	70.285	70.310	5
2025-07-18 15:05	70.305	70.320	70.120	70.240	5
2025-07-18 15:10	70.235	70.245	69.675	69.715	5
2025-07-18 15:15	69.735	69.735	69.235	69.385	5
2025-07-18 15:20	69.390	69.570	69.255	69.360	5
2025-07-18 15:25	69.355	69.555	69.335	69.535	5
2025-07-18 15:30	69.525	69.550	69.385	69.445	5
2025-07-18 15:35	69.455	69.495	69.275	69.415	5
2025-07-18 15:40	69.410	69.505	69.355	69.385	5
2025-07-18 15:45	69.380	69.405	69.290	69.325	5
2025-07-18 15:50	69.330	69.655	69.325	69.635	5
2025-07-18 15:55	69.645	69.730	69.595	69.615	5
2025-07-18 16:00	69.610	69.615	69.495	69.535	5
2025-07-18 16:05	69.545	69.545	69.445	69.465	5
2025-07-18 16:10	69.475	69.505	69.390	69.425	5
2025-07-18 16:15	69.415	69.435	69.335	69.375	5
2025-07-18 16:20	69.380	69.405	69.300	69.320	5
2025-07-18 16:25	69.325	69.335	69.210	69.245	5
2025-07-18 16:30	69.240	69.320	69.215	69.315	5
2025-07-18 16:35	69.310	69.340	69.245	69.305	5
2025-07-18 16:40	69.300	69.305	69.265	69.290	5
2025-07-18 16:45	69.310	69.365	69.280	69.300	5
2025-07-18 16:50	69.290	69.320	69.275	69.295	5
2025-07-18 16:55	69.280	69.315	69.215	69.255	5
2025-07-18 17:00	69.265	69.315	69.245	69.285	5
2025-07-18 17:05	69.295	69.315	69.255	69.255	5
2025-07-18 17:10	69.245	69.315	69.185	69.315	5
2025-07-18 17:15	69.310	69.315	69.245	69.260	5
2025-07-18 17:20	69.265	69.405	69.255	69.395	5
2025-07-18 17:25	69.353	69.390	69.250	69.260	5
2025-07-18 17:30	69.265	69.295	69.195	69.255	5
2025-07-18 17:35	69.245	69.280	69.235	69.250	5
2025-07-18 17:40	69.245	69.255	69.175	69.180	5
2025-07-18 17:45	69.185	69.235	69.170	69.180	5
2025-07-18 17:50	69.185	69.215	69.145	69.210	5
2025-07-18 17:55	69.215	69.250	69.180	69.180	5
2025-07-18 18:00	69.175	69.210	69.125	69.185	5
2025-07-18 18:05	69.200	69.245	69.190	69.205	5
2025-07-18 18:10	69.200	69.285	69.155	69.210	5
2025-07-18 18:15	69.215	69.255	69.195	69.225	5
2025-07-18 18:20	69.215	69.270	69.215	69.245	5
2025-07-18 18:25	69.240	69.305	69.175	69.245	5
2025-07-18 18:30	69.235	69.325	69.235	69.315	5
2025-07-18 18:35	69.325	69.355	69.315	69.325	5
2025-07-18 18:40	69.330	69.345	69.295	69.340	5
2025-07-18 18:45	69.335	69.360	69.335	69.350	5
2025-07-18 18:50	69.355	69.380	69.325	69.365	5
2025-07-18 18:55	69.370	69.375	69.325	69.345	5
2025-07-18 19:00	69.350	69.355	69.305	69.315	5
2025-07-18 19:05	69.325	69.355	69.315	69.325	5
2025-07-18 19:10	69.320	69.330	69.305	69.330	5
2025-07-18 19:15	69.325	69.370	69.323	69.323	5
2025-07-18 19:20	69.365	69.375	69.360	69.370	5
2025-07-18 19:25	69.375	69.380	69.350	69.380	5
2025-07-18 19:30	69.385	69.385	69.315	69.315	5
2025-07-18 19:35	69.310	69.320	69.285	69.285	5
2025-07-18 19:40	69.280	69.300	69.220	69.225	5
2025-07-18 19:45	69.230	69.240	69.173	69.173	5
2025-07-18 19:50	69.210	69.215	69.170	69.200	5
2025-07-18 19:55	69.195	69.250	69.165	69.230	5
2025-07-18 20:00	69.235	69.242	69.202	69.217	5
2025-07-18 20:05	69.202	69.217	69.197	69.212	5
2025-07-18 20:10	69.222	69.272	69.217	69.262	5
2025-07-18 20:15	69.257	69.282	69.247	69.277	5
2025-07-18 20:20	69.282	69.292	69.277	69.277	5
2025-07-18 20:25	69.258	69.282	69.253	69.262	5
2025-07-18 20:30	69.267	69.267	69.247	69.257	4
2025-07-18 20:35	69.252	69.277	69.233	69.257	5
2025-07-18 20:40	69.247	69.247	69.222	69.227	4
2025-07-18 20:45	69.222	69.247	69.208	69.242	5
2025-07-18 20:50	69.237	69.237	69.202	69.207	5
2025-07-18 20:55	69.202	69.207	69.172	69.187	5
2025-07-21 00:00	69.317	69.345	69.260	69.300	5
2025-07-21 00:05	69.295	69.345	69.280	69.325	5
2025-07-21 00:10	69.315	69.315	69.230	69.230	5
2025-07-21 00:15	69.235	69.280	69.230	69.265	5
2025-07-21 00:20	69.270	69.285	69.223	69.260	5
2025-07-21 00:25	69.265	69.285	69.260	69.280	5
2025-07-21 00:30	69.285	69.300	69.238	69.300	4
2025-07-21 00:35	69.295	69.305	69.248	69.300	5
2025-07-21 00:40	69.305	69.315	69.258	69.290	5
2025-07-21 00:45	69.300	69.325	69.268	69.325	5
2025-07-21 00:50	69.315	69.315	69.280	69.305	4
2025-07-21 00:55	69.310	69.420	69.295	69.360	5
2025-07-21 01:00	69.355	69.490	69.285	69.460	5
2025-07-21 01:05	69.465	69.470	69.420	69.445	5
2025-07-21 01:10	69.450	69.455	69.420	69.435	5
2025-07-21 01:15	69.445	69.445	69.420	69.440	5
2025-07-21 01:20	69.445	69.450	69.400	69.415	5
2025-07-21 01:25	69.410	69.415	69.370	69.390	5
2025-07-21 01:30	69.385	69.405	69.335	69.340	5
2025-07-21 01:35	69.335	69.410	69.325	69.380	5
2025-07-21 01:40	69.385	69.465	69.375	69.425	5
2025-07-21 01:45	69.430	69.440	69.405	69.430	5
2025-07-21 01:50	69.425	69.445	69.370	69.415	5
2025-07-21 01:55	69.420	69.435	69.335	69.350	5
2025-07-21 02:00	69.345	69.350	69.250	69.290	5
2025-07-21 02:05	69.285	69.330	69.260	69.320	5
2025-07-21 02:10	69.315	69.335	69.290	69.315	5
2025-07-21 02:15	69.310	69.365	69.305	69.350	5
2025-07-21 02:20	69.355	69.365	69.300	69.315	5
2025-07-21 02:25	69.310	69.325	69.290	69.300	5
2025-07-21 02:30	69.305	69.350	69.305	69.310	5
2025-07-21 02:35	69.315	69.315	69.235	69.245	5
2025-07-21 02:40	69.240	69.260	69.188	69.255	5
2025-07-21 02:45	69.250	69.280	69.245	69.270	5
2025-07-21 02:50	69.265	69.275	69.250	69.265	5
2025-07-21 02:55	69.260	69.285	69.260	69.285	5
2025-07-21 03:00	69.280	69.340	69.280	69.335	5
2025-07-21 03:05	69.340	69.350	69.285	69.310	5
2025-07-21 03:10	69.300	69.340	69.288	69.335	5
2025-07-21 03:15	69.330	69.345	69.278	69.345	5
2025-07-21 03:20	69.350	69.395	69.345	69.375	5
2025-07-21 03:25	69.370	69.400	69.370	69.385	5
2025-07-21 03:30	69.380	69.400	69.380	69.390	5
2025-07-21 03:35	69.385	69.390	69.360	69.370	5
2025-07-21 03:40	69.365	69.370	69.315	69.330	5
2025-07-21 03:45	69.283	69.340	69.283	69.340	3
2025-07-21 03:50	69.335	69.355	69.293	69.355	5
2025-07-21 03:55	69.308	69.375	69.308	69.370	5
2025-07-21 04:00	69.375	69.375	69.340	69.340	5
2025-07-21 04:05	69.345	69.350	69.335	69.345	4
2025-07-21 04:10	69.340	69.355	69.340	69.355	5
2025-07-21 04:15	69.360	69.395	69.328	69.390	5
2025-07-21 04:20	69.385	69.385	69.318	69.370	5
2025-07-21 04:25	69.360	69.360	69.350	69.350	2
2025-07-21 04:30	69.355	69.375	69.355	69.360	3
2025-07-21 04:35	69.365	69.365	69.340	69.340	4
2025-07-21 04:40	69.335	69.340	69.293	69.293	5
2025-07-21 04:45	69.340	69.340	69.293	69.335	4
2025-07-21 04:50	69.330	69.350	69.330	69.340	5
2025-07-21 04:55	69.335	69.340	69.268	69.268	5
2025-07-21 05:00	69.310	69.350	69.310	69.350	5
2025-07-21 05:05	69.345	69.350	69.345	69.350	4
2025-07-21 05:10	69.303	69.350	69.298	69.298	5
2025-07-21 05:15	69.355	69.370	69.345	69.345	5
2025-07-21 05:20	69.340	69.355	69.298	69.355	4
2025-07-21 05:25	69.360	69.415	69.360	69.410	5
2025-07-21 05:30	69.415	69.545	69.415	69.530	5
2025-07-21 05:35	69.525	69.575	69.515	69.560	5
2025-07-21 05:40	69.555	69.585	69.525	69.580	5
2025-07-21 05:45	69.585	69.605	69.490	69.495	5
2025-07-21 05:50	69.490	69.510	69.470	69.500	5
2025-07-21 05:55	69.495	69.510	69.475	69.480	5
2025-07-21 06:00	69.475	69.550	69.450	69.505	5
2025-07-21 06:05	69.500	69.525	69.460	69.485	5
2025-07-21 06:10	69.450	69.470	69.325	69.325	5
2025-07-21 06:15	69.330	69.345	69.265	69.330	5
2025-07-21 06:20	69.325	69.325	69.280	69.310	5
2025-07-21 06:25	69.305	69.310	69.187	69.225	5
2025-07-21 06:30	69.220	69.225	69.187	69.200	5
2025-07-21 06:35	69.205	69.225	69.187	69.215	5
2025-07-21 06:40	69.230	69.260	69.190	69.245	5
2025-07-21 06:45	69.240	69.305	69.220	69.285	5
2025-07-21 06:50	69.280	69.285	69.095	69.155	5
2025-07-21 06:55	69.150	69.210	69.150	69.165	5
2025-07-21 07:00	69.155	69.155	69.070	69.080	5
2025-07-21 07:05	69.085	69.180	69.065	69.135	5
2025-07-21 07:10	69.125	69.175	69.120	69.170	5
2025-07-21 07:15	69.165	69.190	69.095	69.190	5
2025-07-21 07:20	69.180	69.185	69.125	69.155	5
2025-07-21 07:25	69.145	69.170	69.085	69.170	5
2025-07-21 07:30	69.165	69.345	69.165	69.200	5
2025-07-21 07:35	69.205	69.335	69.200	69.325	5
2025-07-21 07:40	69.330	69.360	69.235	69.285	5
2025-07-21 07:45	69.280	69.325	69.255	69.315	5
2025-07-21 07:50	69.320	69.365	69.265	69.295	5
2025-07-21 07:55	69.315	69.315	69.095	69.140	5
2025-07-21 08:00	69.160	69.245	69.135	69.225	5
2025-07-21 08:05	69.205	69.275	69.135	69.255	5
2025-07-21 08:10	69.260	69.380	69.260	69.350	5
2025-07-21 08:15	69.325	69.370	69.185	69.195	5
2025-07-21 08:20	69.165	69.165	69.020	69.080	5
2025-07-21 08:25	69.085	69.115	68.995	68.995	5
2025-07-21 08:30	68.985	69.075	68.940	69.010	5
2025-07-21 08:35	69.015	69.040	68.960	69.005	5
2025-07-21 08:40	69.000	69.040	68.935	68.935	5
2025-07-21 08:45	68.925	68.945	68.860	68.910	5
2025-07-21 08:50	68.905	68.935	68.845	68.870	5
2025-07-21 08:55	68.865	68.910	68.835	68.890	5
2025-07-21 09:00	68.915	68.950	68.835	68.855	5
2025-07-21 09:05	68.850	68.905	68.835	68.865	5
2025-07-21 09:10	68.860	68.885	68.835	68.870	5
2025-07-21 09:15	68.875	68.900	68.825	68.830	5
2025-07-21 09:20	68.825	68.910	68.825	68.865	5
2025-07-21 09:25	68.860	68.895	68.775	68.795	5
2025-07-21 09:30	68.785	68.790	68.715	68.765	5
2025-07-21 09:35	68.770	68.875	68.770	68.845	5
2025-07-21 09:40	68.855	68.985	68.845	68.925	5
2025-07-21 09:45	68.915	68.935	68.890	68.915	5
2025-07-21 09:50	68.920	68.935	68.855	68.885	5
2025-07-21 09:55	68.895	69.045	68.875	69.025	5
2025-07-21 10:00	69.020	69.075	68.925	68.925	5
2025-07-21 10:05	68.905	68.990	68.885	68.990	5
2025-07-21 10:10	68.985	69.050	68.925	69.015	5
2025-07-21 10:15	68.995	69.015	68.915	68.915	5
2025-07-21 10:20	68.925	68.995	68.920	68.935	5
2025-07-21 10:25	68.930	68.995	68.920	68.965	5
2025-07-21 10:30	68.960	68.980	68.930	68.945	5
2025-07-21 10:35	68.950	69.085	68.895	69.065	5
2025-07-21 10:40	69.075	69.115	69.035	69.055	5
2025-07-21 10:45	69.050	69.140	69.025	69.095	5
2025-07-21 10:50	69.090	69.125	69.055	69.070	5
2025-07-21 10:55	69.075	69.105	69.055	69.055	5
2025-07-21 11:00	69.050	69.085	69.035	69.055	5
2025-07-21 11:05	69.045	69.095	69.040	69.095	5
2025-07-21 11:10	69.090	69.145	69.085	69.110	5
2025-07-21 11:15	69.115	69.145	69.105	69.115	5
2025-07-21 11:20	69.120	69.150	69.065	69.065	5
2025-07-21 11:25	69.070	69.175	69.065	69.145	5
2025-07-21 11:30	69.140	69.265	69.140	69.235	5
2025-07-21 11:35	69.220	69.250	69.155	69.165	5
2025-07-21 11:40	69.170	69.240	69.155	69.205	5
2025-07-21 11:45	69.195	69.195	69.130	69.180	5
2025-07-21 11:50	69.185	69.225	69.155	69.170	5
2025-07-21 11:55	69.165	69.195	69.105	69.115	5
2025-07-21 12:00	69.110	69.115	69.005	69.065	5
2025-07-21 12:05	69.060	69.115	69.055	69.110	5
2025-07-21 12:10	69.115	69.145	69.065	69.070	5
2025-07-21 12:15	69.065	69.065	69.005	69.045	5
2025-07-21 12:20	69.050	69.080	69.020	69.055	5
2025-07-21 12:25	69.050	69.095	69.035	69.060	5
2025-07-21 12:30	69.065	69.150	69.055	69.075	5
2025-07-21 12:35	69.080	69.080	69.005	69.035	5
2025-07-21 12:40	69.045	69.205	69.045	69.195	5
2025-07-21 12:45	69.200	69.200	69.050	69.090	5
2025-07-21 12:50	69.075	69.110	69.025	69.035	5
2025-07-21 12:55	69.040	69.055	68.905	68.930	5
2025-07-21 13:00	68.935	69.005	68.905	68.980	5
2025-07-21 13:05	68.975	69.090	68.905	68.910	5
2025-07-21 13:10	68.905	68.955	68.885	68.905	5
2025-07-21 13:15	68.900	68.965	68.830	68.925	5
2025-07-21 13:20	68.920	68.945	68.850	68.925	5
2025-07-21 13:25	68.935	68.955	68.865	68.885	5
2025-07-21 13:30	68.890	68.935	68.825	68.845	5
2025-07-21 13:35	68.835	68.920	68.735	68.845	5
2025-07-21 13:40	68.850	68.850	68.735	68.755	5
2025-07-21 13:45	68.760	68.815	68.685	68.730	5
2025-07-21 13:50	68.735	68.745	68.645	68.695	5
2025-07-21 13:55	68.700	68.765	68.665	68.695	5
2025-07-21 14:00	68.675	68.725	68.610	68.695	5
2025-07-21 14:05	68.695	68.695	68.410	68.455	5
2025-07-21 14:10	68.450	68.555	68.445	68.545	5
2025-07-21 14:15	68.555	68.605	68.518	68.605	5
2025-07-21 14:20	68.595	68.675	68.535	68.665	5
2025-07-21 14:25	68.670	68.690	68.585	68.590	5
2025-07-21 14:30	68.585	68.675	68.545	68.575	5
2025-07-21 14:35	68.580	68.605	68.495	68.505	5
2025-07-21 14:40	68.510	68.615	68.485	68.575	5
2025-07-21 14:45	68.570	68.685	68.565	68.645	5
2025-07-21 14:50	68.650	68.805	68.635	68.755	5
2025-07-21 14:55	68.760	68.895	68.730	68.825	5
2025-07-21 15:00	68.820	69.000	68.805	68.995	5
2025-07-21 15:05	68.985	69.070	68.975	69.045	5
2025-07-21 15:10	69.050	69.095	68.995	69.085	5
2025-07-21 15:15	69.095	69.115	68.975	68.995	5
2025-07-21 15:20	68.985	69.030	68.925	68.965	5
2025-07-21 15:25	68.975	69.000	68.895	68.935	5
2025-07-21 15:30	68.930	69.020	68.835	68.845	5
2025-07-21 15:35	68.850	68.865	68.775	68.840	5
2025-07-21 15:40	68.830	68.830	68.715	68.730	5
2025-07-21 15:45	68.725	68.775	68.670	68.685	5
2025-07-21 15:50	68.675	68.685	68.655	68.680	5
2025-07-21 15:55	68.685	68.705	68.655	68.665	5
2025-07-21 16:00	68.670	68.855	68.670	68.815	5
2025-07-21 16:05	68.820	68.965	68.805	68.955	5
2025-07-21 16:10	68.950	68.965	68.905	68.915	5
2025-07-21 16:15	68.920	68.990	68.920	68.985	5
2025-07-21 16:20	68.975	68.985	68.930	68.935	5
2025-07-21 16:25	68.945	68.955	68.865	68.895	5
2025-07-21 16:30	68.900	68.905	68.855	68.865	5
2025-07-21 16:35	68.860	68.870	68.785	68.810	5
2025-07-21 16:40	68.805	68.840	68.795	68.830	5
2025-07-21 16:45	68.835	68.845	68.785	68.795	5
2025-07-21 16:50	68.790	68.820	68.715	68.725	5
2025-07-21 16:55	68.735	68.755	68.705	68.730	5
2025-07-21 17:00	68.725	68.935	68.705	68.935	5
2025-07-21 17:05	68.945	68.990	68.865	68.990	5
2025-07-21 17:10	68.980	69.025	68.975	68.985	5
2025-07-21 17:15	68.995	69.055	68.990	69.005	5
2025-07-21 17:20	69.000	69.015	68.985	68.995	5
2025-07-21 17:25	69.000	69.055	68.995	69.035	5
2025-07-21 17:30	69.040	69.095	69.035	69.070	5
2025-07-21 17:35	69.065	69.085	69.050	69.065	5
2025-07-21 17:40	69.070	69.080	69.045	69.070	5
2025-07-21 17:45	69.065	69.075	69.005	69.035	5
2025-07-21 17:50	69.030	69.135	68.995	69.115	5
2025-07-21 17:55	69.110	69.165	69.110	69.140	5
2025-07-21 18:00	69.135	69.195	69.085	69.085	5
2025-07-21 18:05	69.080	69.115	69.035	69.100	5
2025-07-21 18:10	69.105	69.210	69.085	69.175	5
2025-07-21 18:15	69.180	69.195	69.125	69.145	5
2025-07-21 18:20	69.150	69.165	69.060	69.100	5
2025-07-21 18:25	69.095	69.225	69.070	69.195	5
2025-07-21 18:30	69.205	69.225	69.185	69.205	4
2025-07-21 18:35	69.215	69.215	69.125	69.135	5
2025-07-21 18:40	69.130	69.140	69.065	69.075	4
2025-07-21 18:45	69.085	69.085	69.075	69.075	5
2025-07-21 18:50	69.060	69.065	68.985	69.010	5
2025-07-21 18:55	69.005	69.015	68.985	69.005	5
2025-07-21 19:00	69.010	69.010	68.995	69.005	4
2025-07-21 19:05	69.015	69.050	69.015	69.025	5
2025-07-21 19:10	69.015	69.040	69.015	69.035	4
2025-07-21 19:15	69.025	69.030	69.025	69.030	5
2025-07-21 19:20	69.025	69.035	69.015	69.035	4
2025-07-21 19:25	69.040	69.050	69.025	69.050	5
2025-07-21 19:30	69.055	69.060	69.010	69.010	4
2025-07-21 19:35	69.015	69.015	68.970	68.980	5
2025-07-21 19:40	68.975	69.000	68.975	68.975	5
2025-07-21 19:45	68.970	68.980	68.960	68.970	5
2025-07-21 19:50	68.965	68.970	68.955	68.965	5
2025-07-21 19:55	68.970	68.975	68.955	68.965	4
2025-07-21 20:00	68.942	68.952	68.923	68.942	4
2025-07-21 20:05	68.923	68.957	68.923	68.952	4
2025-07-21 20:10	68.957	68.957	68.933	68.933	3
2025-07-21 20:15	68.938	68.962	68.933	68.962	4
2025-07-21 20:20	68.943	68.962	68.943	68.957	5
2025-07-21 20:25	68.962	68.992	68.933	68.952	4
2025-07-21 20:30	68.928	68.952	68.917	68.932	3
2025-07-21 20:35	68.927	68.952	68.927	68.937	4
2025-07-21 20:40	68.932	68.942	68.932	68.937	3
2025-07-21 20:45	68.932	68.957	68.932	68.942	4
2025-07-21 20:50	68.952	68.952	68.942	68.952	5
2025-07-21 20:55	68.957	68.987	68.928	68.987	5
2025-07-22 00:00	69.080	69.100	69.040	69.045	5
2025-07-22 00:05	69.050	69.060	69.030	69.035	5
2025-07-22 00:10	69.045	69.060	69.025	69.035	5
2025-07-22 00:15	69.040	69.080	69.040	69.050	5
2025-07-22 00:20	69.045	69.050	69.025	69.030	5
2025-07-22 00:25	68.983	69.025	68.968	68.968	3
2025-07-22 00:30	69.005	69.005	68.938	68.960	4
2025-07-22 00:35	68.935	68.965	68.908	68.965	5
2025-07-22 00:40	68.960	68.985	68.930	68.960	5
2025-07-22 00:45	68.970	68.975	68.955	68.960	4
2025-07-22 00:50	68.965	68.970	68.908	68.970	5
2025-07-22 00:55	68.980	68.990	68.940	68.955	5
2025-07-22 01:00	68.960	68.960	68.900	68.920	5
2025-07-22 01:05	68.915	68.940	68.820	68.840	5
2025-07-22 01:10	68.835	68.855	68.820	68.845	5
2025-07-22 01:15	68.850	68.855	68.805	68.815	5
2025-07-22 01:20	68.810	68.825	68.780	68.805	5
2025-07-22 01:25	68.800	68.830	68.795	68.815	5
2025-07-22 01:30	68.820	68.825	68.775	68.780	5
2025-07-22 01:35	68.785	68.800	68.755	68.780	5
2025-07-22 01:40	68.775	68.775	68.685	68.690	5
2025-07-22 01:45	68.695	68.720	68.645	68.705	5
2025-07-22 01:50	68.710	68.710	68.660	68.680	5
2025-07-22 01:55	68.675	68.695	68.635	68.665	5
2025-07-22 02:00	68.670	68.670	68.555	68.615	5
2025-07-22 02:05	68.620	68.620	68.590	68.600	5
2025-07-22 02:10	68.605	68.615	68.595	68.605	5
2025-07-22 02:15	68.600	68.635	68.600	68.635	5
2025-07-22 02:20	68.630	68.645	68.620	68.630	5
2025-07-22 02:25	68.635	68.635	68.605	68.620	4
2025-07-22 02:30	68.615	68.650	68.615	68.635	5
2025-07-22 02:35	68.630	68.645	68.590	68.600	5
2025-07-22 02:40	68.595	68.620	68.595	68.620	5
2025-07-22 02:45	68.615	68.640	68.610	68.635	5
2025-07-22 02:50	68.630	68.635	68.610	68.630	5
2025-07-22 02:55	68.635	68.705	68.630	68.700	5
2025-07-22 03:00	68.695	68.705	68.675	68.685	5
2025-07-22 03:05	68.680	68.680	68.635	68.645	5
2025-07-22 03:10	68.650	68.705	68.645	68.700	5
2025-07-22 03:15	68.695	68.700	68.680	68.695	5
2025-07-22 03:20	68.690	68.690	68.645	68.675	5
2025-07-22 03:25	68.670	68.685	68.650	68.650	5
2025-07-22 03:30	68.655	68.655	68.595	68.620	5
2025-07-22 03:35	68.615	68.645	68.610	68.635	5
2025-07-22 03:40	68.630	68.680	68.588	68.675	5
2025-07-22 03:45	68.680	68.680	68.623	68.670	5
2025-07-22 03:50	68.665	68.670	68.650	68.650	5
2025-07-22 03:55	68.645	68.655	68.603	68.630	4
2025-07-22 04:00	68.625	68.630	68.600	68.610	4
2025-07-22 04:05	68.605	68.620	68.605	68.615	4
2025-07-22 04:10	68.620	68.625	68.610	68.625	4
2025-07-22 04:15	68.620	68.620	68.605	68.610	5
2025-07-22 04:20	68.605	68.610	68.510	68.530	5
2025-07-22 04:25	68.525	68.530	68.460	68.495	5
2025-07-22 04:30	68.490	68.510	68.490	68.500	4
2025-07-22 04:35	68.453	68.540	68.453	68.535	5
2025-07-22 04:40	68.488	68.545	68.488	68.525	5
2025-07-22 04:45	68.520	68.535	68.495	68.495	5
2025-07-22 04:50	68.500	68.580	68.480	68.560	5
2025-07-22 04:55	68.555	68.565	68.530	68.560	5
2025-07-22 05:00	68.565	68.565	68.510	68.515	5
2025-07-22 05:05	68.468	68.540	68.468	68.535	5
2025-07-22 05:10	68.488	68.590	68.488	68.590	5
2025-07-22 05:15	68.585	68.610	68.575	68.575	5
2025-07-22 05:20	68.570	68.590	68.533	68.580	4
2025-07-22 05:25	68.575	68.670	68.565	68.665	5
2025-07-22 05:30	68.670	68.805	68.670	68.785	5
2025-07-22 05:35	68.790	68.800	68.755	68.760	5
2025-07-22 05:40	68.755	68.765	68.710	68.725	5
2025-07-22 05:45	68.730	68.740	68.685	68.740	5
2025-07-22 05:50	68.735	68.745	68.705	68.710	5
2025-07-22 05:55	68.715	68.720	68.690	68.705	5
2025-07-22 06:00	68.700	68.735	68.675	68.735	5
2025-07-22 06:05	68.745	68.790	68.740	68.770	5
2025-07-22 06:10	68.775	68.825	68.760	68.820	5
2025-07-22 06:15	68.825	68.840	68.785	68.805	5
2025-07-22 06:20	68.810	68.840	68.745	68.805	5
2025-07-22 06:25	68.810	68.840	68.780	68.820	5
2025-07-22 06:30	68.815	68.815	68.755	68.805	5
2025-07-22 06:35	68.810	68.815	68.765	68.815	5
2025-07-22 06:40	68.820	68.870	68.795	68.850	5
2025-07-22 06:45	68.855	68.905	68.825	68.905	5
2025-07-22 06:50	68.910	68.945	68.895	68.930	5
2025-07-22 06:55	68.925	68.965	68.885	68.900	5
2025-07-22 07:00	68.895	68.895	68.775	68.795	5
2025-07-22 07:05	68.815	68.850	68.770	68.780	5
2025-07-22 07:10	68.790	68.905	68.785	68.895	5
2025-07-22 07:15	68.885	68.895	68.745	68.765	5
2025-07-22 07:20	68.760	68.770	68.705	68.720	5
2025-07-22 07:25	68.715	68.730	68.645	68.700	5
2025-07-22 07:30	68.695	68.695	68.605	68.605	5
2025-07-22 07:35	68.615	68.725	68.615	68.700	5
2025-07-22 07:40	68.705	68.735	68.625	68.640	5
2025-07-22 07:45	68.645	68.700	68.635	68.685	5
2025-07-22 07:50	68.690	68.720	68.610	68.615	5
2025-07-22 07:55	68.620	68.620	68.450	68.465	5
2025-07-22 08:00	68.470	68.470	68.345	68.390	5
2025-07-22 08:05	68.395	68.585	68.395	68.535	5
2025-07-22 08:10	68.540	68.650	68.540	68.640	5
2025-07-22 08:15	68.650	68.695	68.625	68.640	5
2025-07-22 08:20	68.635	68.675	68.525	68.560	5
2025-07-22 08:25	68.555	68.620	68.530	68.605	5
2025-07-22 08:30	68.600	68.680	68.565	68.610	5
2025-07-22 08:35	68.615	68.655	68.575	68.600	5
2025-07-22 08:40	68.595	68.605	68.455	68.475	5
2025-07-22 08:45	68.465	68.465	68.285	68.435	5
2025-07-22 08:50	68.425	68.530	68.395	68.505	5
2025-07-22 08:55	68.500	68.570	68.470	68.505	5
2025-07-22 09:00	68.500	68.675	68.465	68.675	5
2025-07-22 09:05	68.680	68.715	68.645	68.690	5
2025-07-22 09:10	68.695	68.715	68.675	68.685	5
2025-07-22 09:15	68.690	68.705	68.525	68.525	5
2025-07-22 09:20	68.520	68.532	68.460	68.475	5
2025-07-22 09:25	68.470	68.545	68.455	68.530	5
2025-07-22 09:30	68.525	68.610	68.465	68.535	5
2025-07-22 09:35	68.515	68.565	68.465	68.525	5
2025-07-22 09:40	68.530	68.585	68.480	68.530	5
2025-07-22 09:45	68.525	68.555	68.465	68.520	5
2025-07-22 09:50	68.525	68.560	68.500	68.525	5
2025-07-22 09:55	68.530	68.595	68.505	68.550	5
2025-07-22 10:00	68.545	68.585	68.515	68.525	5
2025-07-22 10:05	68.515	68.565	68.495	68.515	5
2025-07-22 10:10	68.495	68.575	68.495	68.575	5
2025-07-22 10:15	68.585	68.585	68.455	68.510	5
2025-07-22 10:20	68.505	68.725	68.500	68.690	5
2025-07-22 10:25	68.685	68.705	68.635	68.675	5
2025-07-22 10:30	68.680	68.725	68.670	68.700	5
2025-07-22 10:35	68.705	68.725	68.650	68.660	5
2025-07-22 10:40	68.665	68.710	68.660	68.705	5
2025-07-22 10:45	68.695	68.705	68.665	68.670	5
2025-07-22 10:50	68.655	68.705	68.615	68.650	5
2025-07-22 10:55	68.645	68.665	68.595	68.620	5
2025-07-22 11:00	68.605	68.760	68.580	68.675	5
2025-07-22 11:05	68.670	68.680	68.610	68.615	5
2025-07-22 11:10	68.610	68.690	68.610	68.640	5
2025-07-22 11:15	68.635	68.635	68.605	68.605	5
2025-07-22 11:20	68.595	68.595	68.535	68.540	5
2025-07-22 11:25	68.535	68.575	68.535	68.555	5
2025-07-22 11:30	68.565	68.600	68.505	68.545	5
2025-07-22 11:35	68.520	68.565	68.500	68.520	5
2025-07-22 11:40	68.500	68.550	68.473	68.520	5
2025-07-22 11:45	68.515	68.575	68.465	68.525	5
2025-07-22 11:50	68.510	68.565	68.485	68.565	5
2025-07-22 11:55	68.560	68.560	68.470	68.515	5
2025-07-22 12:00	68.510	68.575	68.475	68.575	5
2025-07-22 12:05	68.570	68.625	68.560	68.615	5
2025-07-22 12:10	68.610	68.615	68.550	68.595	5
2025-07-22 12:15	68.600	68.740	68.595	68.645	5
2025-07-22 12:20	68.655	68.850	68.655	68.815	5
2025-07-22 12:25	68.820	68.910	68.795	68.885	5
2025-07-22 12:30	68.890	69.005	68.885	68.990	5
2025-07-22 12:35	68.995	69.010	68.910	68.940	5
2025-07-22 12:40	68.935	68.950	68.750	68.765	5
2025-07-22 12:45	68.745	68.775	68.725	68.755	5
2025-07-22 12:50	68.750	68.780	68.625	68.625	5
2025-07-22 12:55	68.615	68.650	68.540	68.600	5
2025-07-22 13:00	68.595	68.625	68.415	68.545	5
2025-07-22 13:05	68.550	68.635	68.430	68.610	5
2025-07-22 13:10	68.605	68.610	68.425	68.430	5
2025-07-22 13:15	68.425	68.540	68.425	68.505	5
2025-07-22 13:20	68.510	68.580	68.465	68.480	5
2025-07-22 13:25	68.475	68.565	68.415	68.530	5
2025-07-22 13:30	68.535	68.675	68.495	68.510	5
2025-07-22 13:35	68.505	68.590	68.445	68.445	5
2025-07-22 13:40	68.440	68.440	68.205	68.285	5
2025-07-22 13:45	68.290	68.595	68.290	68.550	5
2025-07-22 13:50	68.555	68.715	68.490	68.500	5
2025-07-22 13:55	68.495	68.495	68.255	68.300	5
2025-07-22 14:00	68.325	68.345	68.135	68.250	5
2025-07-22 14:05	68.265	68.330	68.200	68.275	5
2025-07-22 14:10	68.265	68.325	68.205	68.235	5
2025-07-22 14:15	68.240	68.335	68.205	68.285	5
2025-07-22 14:20	68.290	68.455	68.265	68.405	5
2025-07-22 14:25	68.415	68.580	68.400	68.400	5
2025-07-22 14:30	68.395	68.455	68.285	68.455	5
2025-07-22 14:35	68.460	68.495	68.375	68.385	5
2025-07-22 14:40	68.380	68.385	68.255	68.345	5
2025-07-22 14:45	68.340	68.360	68.240	68.335	5
2025-07-22 14:50	68.325	68.370	68.245	68.245	5
2025-07-22 14:55	68.235	68.265	68.185	68.230	5
2025-07-22 15:00	68.235	68.395	68.235	68.375	5
2025-07-22 15:05	68.370	68.475	68.305	68.375	5
2025-07-22 15:10	68.365	68.390	68.160	68.250	5
2025-07-22 15:15	68.245	68.275	68.200	68.225	5
2025-07-22 15:20	68.220	68.355	68.170	68.305	5
2025-07-22 15:25	68.310	68.355	68.225	68.305	5
2025-07-22 15:30	68.310	68.455	68.235	68.410	5
2025-07-22 15:35	68.415	68.440	68.365	68.390	5
2025-07-22 15:40	68.395	68.520	68.370	68.520	5
2025-07-22 15:45	68.525	68.630	68.475	68.480	5
2025-07-22 15:50	68.490	68.495	68.245	68.250	5
2025-07-22 15:55	68.255	68.295	68.245	68.275	5
2025-07-22 16:00	68.255	68.285	68.235	68.280	5
2025-07-22 16:05	68.285	68.295	68.110	68.145	5
2025-07-22 16:10	68.140	68.265	68.130	68.255	5
2025-07-22 16:15	68.245	68.255	68.175	68.250	5
2025-07-22 16:20	68.245	68.305	68.225	68.300	5
2025-07-22 16:25	68.285	68.305	68.275	68.290	5
2025-07-22 16:30	68.295	68.325	68.210	68.305	5
2025-07-22 16:35	68.315	68.395	68.295	68.325	5
2025-07-22 16:40	68.320	68.375	68.265	68.365	5
2025-07-22 16:45	68.370	68.385	68.320	68.375	5
2025-07-22 16:50	68.370	68.435	68.365	68.400	5
2025-07-22 16:55	68.400	68.425	68.400	68.405	5
2025-07-22 17:00	68.400	68.430	68.330	68.345	5
2025-07-22 17:05	68.315	68.325	68.260	68.295	5
2025-07-22 17:10	68.300	68.305	68.275	68.300	5
2025-07-22 17:15	68.305	68.370	68.285	68.350	5
2025-07-22 17:20	68.345	68.485	68.345	68.480	5
2025-07-22 17:25	68.485	68.585	68.480	68.565	5
2025-07-22 17:30	68.570	68.625	68.505	68.515	5
2025-07-22 17:35	68.525	68.575	68.505	68.555	5
2025-07-22 17:40	68.550	68.620	68.535	68.605	5
2025-07-22 17:45	68.610	68.610	68.525	68.535	5
2025-07-22 17:50	68.545	68.545	68.455	68.460	5
2025-07-22 17:55	68.465	68.465	68.335	68.385	5
2025-07-22 18:00	68.370	68.395	68.260	68.345	5
2025-07-22 18:05	68.335	68.395	68.315	68.325	5
2025-07-22 18:10	68.315	68.430	68.315	68.400	5
2025-07-22 18:15	68.410	68.435	68.360	68.400	5
2025-07-22 18:20	68.405	68.560	68.365	68.530	5
2025-07-22 18:25	68.525	68.625	68.470	68.625	5
2025-07-22 18:30	68.635	68.685	68.590	68.615	5
2025-07-22 18:35	68.625	68.645	68.600	68.625	5
2025-07-22 18:40	68.630	68.695	68.625	68.675	5
2025-07-22 18:45	68.680	68.760	68.665	68.675	5
2025-07-22 18:50	68.665	68.785	68.665	68.785	5
2025-07-22 18:55	68.790	68.795	68.745	68.780	5
2025-07-22 19:00	68.775	68.805	68.750	68.795	5
2025-07-22 19:05	68.800	68.805	68.755	68.790	5
2025-07-22 19:10	68.785	68.805	68.785	68.795	4
2025-07-22 19:15	68.800	68.820	68.795	68.815	4
2025-07-22 19:20	68.810	68.845	68.795	68.845	5
2025-07-22 19:25	68.850	68.875	68.835	68.865	5
2025-07-22 19:30	68.875	68.895	68.845	68.855	2
2025-07-22 19:35	68.865	68.865	68.800	68.835	4
2025-07-22 19:40	68.825	68.840	68.825	68.840	5
2025-07-22 19:45	68.835	68.840	68.825	68.825	4
2025-07-22 19:50	68.830	68.830	68.770	68.795	5
2025-07-22 19:55	68.775	68.790	68.765	68.775	5
2025-07-22 20:00	68.785	68.790	68.742	68.777	5
2025-07-22 20:05	68.782	68.807	68.777	68.792	5
2025-07-22 20:10	68.797	68.827	68.797	68.827	4
2025-07-22 20:15	68.817	68.832	68.807	68.822	5
2025-07-22 20:20	68.817	68.862	68.812	68.847	5
2025-07-22 20:25	68.852	68.862	68.832	68.852	5
2025-07-22 20:30	68.847	68.847	68.727	68.747	5
2025-07-22 20:35	68.752	68.782	68.692	68.702	5
2025-07-22 20:40	68.707	68.742	68.702	68.742	5
2025-07-22 20:45	68.747	68.782	68.727	68.727	5
2025-07-22 20:50	68.722	68.727	68.697	68.702	5
2025-07-22 20:55	68.707	68.717	68.687	68.712	5
2025-07-23 00:00	68.837	68.910	68.823	68.885	5
2025-07-23 00:05	68.875	68.890	68.840	68.845	5
2025-07-23 00:10	68.850	68.875	68.805	68.865	5
2025-07-23 00:15	68.855	68.875	68.830	68.835	5
2025-07-23 00:20	68.840	68.940	68.830	68.935	5
2025-07-23 00:25	68.945	68.945	68.850	68.855	5
2025-07-23 00:30	68.870	68.895	68.825	68.830	5
2025-07-23 00:35	68.840	68.865	68.825	68.845	3
2025-07-23 00:40	68.865	68.900	68.855	68.900	5
2025-07-23 00:45	68.910	68.945	68.895	68.905	5
2025-07-23 00:50	68.895	68.930	68.895	68.930	4
2025-07-23 00:55	68.940	68.975	68.915	68.930	5
2025-07-23 01:00	68.920	68.920	68.810	68.855	5
2025-07-23 01:05	68.850	68.930	68.845	68.925	5
2025-07-23 01:10	68.920	69.047	68.900	69.000	5
2025-07-23 01:15	69.005	69.010	68.930	68.960	5
2025-07-23 01:20	68.955	68.970	68.910	68.955	5
2025-07-23 01:25	68.960	69.000	68.875	68.875	5
2025-07-23 01:30	68.870	68.880	68.715	68.775	5
2025-07-23 01:35	68.770	68.800	68.710	68.760	5
2025-07-23 01:40	68.770	68.835	68.735	68.820	5
2025-07-23 01:45	68.825	68.845	68.775	68.775	5
2025-07-23 01:50	68.770	68.830	68.745	68.810	5
2025-07-23 01:55	68.815	68.820	68.770	68.785	5
2025-07-23 02:00	68.780	68.820	68.780	68.815	5
2025-07-23 02:05	68.820	68.830	68.765	68.780	5
2025-07-23 02:10	68.775	68.820	68.775	68.815	5
2025-07-23 02:15	68.810	68.825	68.775	68.820	5
2025-07-23 02:20	68.810	68.830	68.785	68.830	5
2025-07-23 02:25	68.835	68.855	68.830	68.835	5
2025-07-23 02:30	68.845	68.915	68.830	68.890	5
2025-07-23 02:35	68.900	68.900	68.805	68.825	5
2025-07-23 02:40	68.820	68.875	68.820	68.840	5
2025-07-23 02:45	68.830	68.845	68.805	68.815	5
2025-07-23 02:50	68.810	68.825	68.720	68.730	5
2025-07-23 02:55	68.740	68.780	68.685	68.755	5
2025-07-23 03:00	68.750	68.765	68.705	68.730	5
2025-07-23 03:05	68.725	68.760	68.700	68.755	5
2025-07-23 03:10	68.760	68.795	68.750	68.750	5
2025-07-23 03:15	68.755	68.770	68.708	68.755	5
2025-07-23 03:20	68.760	68.795	68.740	68.775	5
2025-07-23 03:25	68.785	68.820	68.775	68.800	5
2025-07-23 03:30	68.790	68.795	68.710	68.740	5
2025-07-23 03:35	68.735	68.760	68.708	68.708	5
2025-07-23 03:40	68.760	68.760	68.740	68.755	5
2025-07-23 03:45	68.750	68.780	68.750	68.780	4
2025-07-23 03:50	68.775	68.775	68.760	68.770	5
2025-07-23 03:55	68.775	68.780	68.775	68.780	3
2025-07-23 04:00	68.785	68.790	68.770	68.770	5
2025-07-23 04:05	68.760	68.780	68.728	68.775	5
2025-07-23 04:10	68.780	68.780	68.750	68.750	5
2025-07-23 04:15	68.755	68.780	68.750	68.770	5
2025-07-23 04:20	68.780	68.815	68.770	68.810	4
2025-07-23 04:25	68.820	68.855	68.820	68.840	5
2025-07-23 04:30	68.845	68.845	68.810	68.830	4
2025-07-23 04:35	68.825	68.835	68.773	68.773	5
2025-07-23 04:40	68.825	68.825	68.810	68.820	3
2025-07-23 04:45	68.805	68.805	68.800	68.800	2
2025-07-23 04:50	68.753	68.800	68.753	68.780	5
2025-07-23 04:55	68.785	68.805	68.770	68.795	5
2025-07-23 05:00	68.800	68.845	68.795	68.840	5
2025-07-23 05:05	68.835	68.875	68.800	68.870	5
2025-07-23 05:10	68.865	68.890	68.860	68.880	5
2025-07-23 05:15	68.875	68.880	68.835	68.835	5
2025-07-23 05:20	68.788	68.850	68.788	68.850	5
2025-07-23 05:25	68.855	68.900	68.840	68.895	5
2025-07-23 05:30	68.905	68.925	68.895	68.920	5
2025-07-23 05:35	68.915	68.935	68.870	68.900	5
2025-07-23 05:40	68.895	68.915	68.875	68.905	5
2025-07-23 05:45	68.910	68.910	68.850	68.860	5
2025-07-23 05:50	68.865	68.875	68.805	68.810	5
2025-07-23 05:55	68.795	68.805	68.755	68.800	5
2025-07-23 06:00	68.795	68.795	68.645	68.665	5
2025-07-23 06:05	68.660	68.665	68.595	68.610	5
2025-07-23 06:10	68.605	68.620	68.565	68.580	5
2025-07-23 06:15	68.585	68.585	68.545	68.585	5
2025-07-23 06:20	68.580	68.605	68.545	68.555	5
2025-07-23 06:25	68.545	68.565	68.525	68.545	5
2025-07-23 06:30	68.555	68.565	68.520	68.555	5
2025-07-23 06:35	68.545	68.560	68.495	68.505	5
2025-07-23 06:40	68.500	68.525	68.465	68.515	5
2025-07-23 06:45	68.505	68.555	68.495	68.550	5
2025-07-23 06:50	68.555	68.585	68.535	68.555	5
2025-07-23 06:55	68.545	68.615	68.545	68.610	4
2025-07-23 07:00	68.615	68.755	68.605	68.730	5
2025-07-23 07:05	68.755	68.770	68.705	68.720	5
2025-07-23 07:10	68.715	68.790	68.700	68.735	5
2025-07-23 07:15	68.745	68.780	68.730	68.755	5
2025-07-23 07:20	68.745	68.780	68.710	68.715	5
2025-07-23 07:25	68.710	68.805	68.705	68.795	5
2025-07-23 07:30	68.800	68.800	68.705	68.710	5
2025-07-23 07:35	68.715	68.785	68.695	68.695	5
2025-07-23 07:40	68.675	68.680	68.620	68.645	5
2025-07-23 07:45	68.640	68.670	68.595	68.615	5
2025-07-23 07:50	68.610	68.625	68.555	68.575	5
2025-07-23 07:55	68.570	68.610	68.505	68.520	5
2025-07-23 08:00	68.535	68.605	68.455	68.470	5
2025-07-23 08:05	68.465	68.525	68.425	68.495	5
2025-07-23 08:10	68.490	68.555	68.465	68.530	5
2025-07-23 08:15	68.525	68.525	68.395	68.405	5
2025-07-23 08:20	68.400	68.465	68.345	68.415	5
2025-07-23 08:25	68.425	68.540	68.425	68.475	5
2025-07-23 08:30	68.465	68.490	68.415	68.480	5
2025-07-23 08:35	68.475	68.485	68.395	68.430	5
2025-07-23 08:40	68.435	68.465	68.405	68.435	5
2025-07-23 08:45	68.455	68.465	68.365	68.370	5
2025-07-23 08:50	68.355	68.420	68.350	68.385	5
2025-07-23 08:55	68.375	68.405	68.355	68.395	5
2025-07-23 09:00	68.400	68.495	68.365	68.430	5
2025-07-23 09:05	68.425	68.465	68.415	68.425	5
2025-07-23 09:10	68.435	68.565	68.435	68.535	5
2025-07-23 09:15	68.530	68.605	68.525	68.525	5
2025-07-23 09:20	68.510	68.515	68.265	68.285	5
2025-07-23 09:25	68.290	68.375	68.275	68.350	5
2025-07-23 09:30	68.355	68.415	68.345	68.365	5
2025-07-23 09:35	68.360	68.415	68.355	68.370	5
2025-07-23 09:40	68.380	68.380	68.305	68.315	5
2025-07-23 09:45	68.310	68.315	68.225	68.240	5
2025-07-23 09:50	68.235	68.275	68.185	68.255	5
2025-07-23 09:55	68.250	68.310	68.205	68.235	5
2025-07-23 10:00	68.225	68.225	68.035	68.070	5
2025-07-23 10:05	68.065	68.145	68.050	68.115	5
2025-07-23 10:10	68.110	68.145	68.075	68.125	5
2025-07-23 10:15	68.130	68.205	68.115	68.195	5
2025-07-23 10:20	68.205	68.265	68.175	68.230	5
2025-07-23 10:25	68.220	68.265	68.170	68.175	5
2025-07-23 10:30	68.165	68.165	68.065	68.090	5
2025-07-23 10:35	68.095	68.160	68.045	68.110	5
2025-07-23 10:40	68.105	68.115	67.995	68.035	5
2025-07-23 10:45	68.025	68.185	68.005	68.165	5
2025-07-23 10:50	68.160	68.195	68.140	68.145	5
2025-07-23 10:55	68.155	68.185	68.095	68.105	5
2025-07-23 11:00	68.110	68.115	68.020	68.030	5
2025-07-23 11:05	68.025	68.085	67.995	68.070	5
2025-07-23 11:10	68.085	68.095	68.025	68.075	5
2025-07-23 11:15	68.080	68.105	68.020	68.075	5
2025-07-23 11:20	68.080	68.145	68.065	68.120	5
2025-07-23 11:25	68.115	68.165	68.105	68.165	5
2025-07-23 11:30	68.160	68.175	68.110	68.140	5
2025-07-23 11:35	68.145	68.145	68.115	68.130	5
2025-07-23 11:40	68.135	68.155	68.085	68.145	5
2025-07-23 11:45	68.150	68.155	68.075	68.085	5
2025-07-23 11:50	68.090	68.125	68.085	68.085	5
2025-07-23 11:55	68.095	68.105	68.075	68.080	5
2025-07-23 12:00	68.075	68.105	68.055	68.095	5
2025-07-23 12:05	68.100	68.180	68.030	68.035	5
2025-07-23 12:10	68.030	68.145	68.025	68.145	5
2025-07-23 12:15	68.140	68.140	68.055	68.080	5
2025-07-23 12:20	68.085	68.135	68.060	68.115	5
2025-07-23 12:25	68.120	68.290	68.115	68.265	5
2025-07-23 12:30	68.260	68.325	68.240	68.285	5
2025-07-23 12:35	68.275	68.305	68.225	68.275	5
2025-07-23 12:40	68.280	68.315	68.235	68.255	5
2025-07-23 12:45	68.250	68.255	68.200	68.225	5
2025-07-23 12:50	68.230	68.250	68.210	68.250	5
2025-07-23 12:55	68.245	68.275	68.230	68.265	5
2025-07-23 13:00	68.285	68.350	68.080	68.215	5
2025-07-23 13:05	68.225	68.345	68.215	68.300	5
2025-07-23 13:10	68.310	68.350	68.275	68.300	5
2025-07-23 13:15	68.305	68.370	68.263	68.315	5
2025-07-23 13:20	68.305	68.330	68.270	68.290	5
2025-07-23 13:25	68.295	68.360	68.255	68.305	5
2025-07-23 13:30	68.310	68.340	68.205	68.250	5
2025-07-23 13:35	68.255	68.375	68.220	68.310	5
2025-07-23 13:40	68.315	68.490	68.260	68.450	5
2025-07-23 13:45	68.455	68.510	68.230	68.230	5
2025-07-23 13:50	68.235	68.255	68.055	68.140	5
2025-07-23 13:55	68.150	68.165	68.125	68.135	5
2025-07-23 14:00	68.130	68.185	68.095	68.150	5
2025-07-23 14:05	68.155	68.225	68.065	68.190	5
2025-07-23 14:10	68.195	68.215	68.145	68.190	5
2025-07-23 14:15	68.185	68.220	68.135	68.205	5
2025-07-23 14:20	68.200	68.215	68.140	68.180	5
2025-07-23 14:25	68.175	68.200	68.150	68.185	5
2025-07-23 14:30	68.235	68.355	68.140	68.245	5
2025-07-23 14:35	68.255	68.305	68.195	68.285	5
2025-07-23 14:40	68.290	68.315	68.130	68.200	5
2025-07-23 14:45	68.195	68.380	68.065	68.075	5
2025-07-23 14:50	68.065	68.170	68.044	68.155	5
2025-07-23 14:55	68.150	68.235	68.135	68.175	5
2025-07-23 15:00	68.170	68.210	68.065	68.070	5
2025-07-23 15:05	68.075	68.205	68.044	68.120	5
2025-07-23 15:10	68.125	68.205	68.075	68.085	5
2025-07-23 15:15	68.080	68.125	68.065	68.110	5
2025-07-23 15:20	68.100	68.235	68.085	68.210	5
2025-07-23 15:25	68.215	68.240	68.090	68.120	5
2025-07-23 15:30	68.125	68.365	68.125	68.245	5
2025-07-23 15:35	68.240	68.245	68.044	68.044	5
2025-07-23 15:40	68.025	68.115	67.985	68.110	5
2025-07-23 15:45	68.105	68.145	68.075	68.120	5
2025-07-23 15:50	68.115	68.270	68.095	68.250	5
2025-07-23 15:55	68.255	68.360	68.213	68.345	5
2025-07-23 16:00	68.340	68.375	68.265	68.320	5
2025-07-23 16:05	68.325	68.515	68.325	68.465	5
2025-07-23 16:10	68.460	68.485	68.403	68.440	5
2025-07-23 16:15	68.445	68.455	68.425	68.445	5
2025-07-23 16:20	68.450	68.525	68.415	68.445	5
2025-07-23 16:25	68.450	68.505	68.440	68.455	5
2025-07-23 16:30	68.450	68.505	68.420	68.450	5
2025-07-23 16:35	68.455	68.480	68.365	68.395	5
2025-07-23 16:40	68.400	68.415	68.325	68.335	5
2025-07-23 16:45	68.345	68.350	68.255	68.290	5
2025-07-23 16:50	68.295	68.365	68.265	68.290	5
2025-07-23 16:55	68.285	68.365	68.285	68.335	5
2025-07-23 17:00	68.330	68.410	68.285	68.285	5
2025-07-23 17:05	68.295	68.365	68.275	68.365	5
2025-07-23 17:10	68.355	68.470	68.330	68.455	5
2025-07-23 17:15	68.460	68.475	68.445	68.455	5
2025-07-23 17:20	68.460	68.515	68.445	68.475	5
2025-07-23 17:25	68.480	68.515	68.455	68.500	5
2025-07-23 17:30	68.505	68.535	68.465	68.480	5
2025-07-23 17:35	68.485	68.515	68.455	68.465	5
2025-07-23 17:40	68.475	68.555	68.465	68.540	5
2025-07-23 17:45	68.545	68.545	68.455	68.505	5
2025-07-23 17:50	68.495	68.515	68.410	68.475	5
2025-07-23 17:55	68.485	68.485	68.415	68.425	5
2025-07-23 18:00	68.435	68.445	68.390	68.435	5
2025-07-23 18:05	68.425	68.445	68.385	68.410	5
2025-07-23 18:10	68.415	68.485	68.385	68.440	5
2025-07-23 18:15	68.445	68.455	68.415	68.445	5
2025-07-23 18:20	68.440	68.545	68.435	68.525	5
2025-07-23 18:25	68.520	68.540	68.450	68.485	5
2025-07-23 18:30	68.475	68.665	68.475	68.655	5
2025-07-23 18:35	68.660	68.695	68.660	68.665	5
2025-07-23 18:40	68.660	68.670	68.635	68.640	5
2025-07-23 18:45	68.635	68.655	68.625	68.635	5
2025-07-23 18:50	68.625	68.630	68.565	68.625	5
2025-07-23 18:55	68.630	68.640	68.615	68.615	5
2025-07-23 19:00	68.625	68.640	68.583	68.620	5
2025-07-23 19:05	68.625	68.645	68.620	68.645	4
2025-07-23 19:10	68.640	68.645	68.625	68.645	4
2025-07-23 19:15	68.660	68.660	68.625	68.635	5
2025-07-23 19:20	68.640	68.655	68.635	68.640	4
2025-07-23 19:25	68.645	68.675	68.640	68.665	5
2025-07-23 19:30	68.655	68.735	68.655	68.725	5
2025-07-23 19:35	68.730	68.740	68.685	68.700	5
2025-07-23 19:40	68.705	68.730	68.695	68.715	5
2025-07-23 19:45	68.710	68.735	68.690	68.735	5
2025-07-23 19:50	68.715	68.735	68.700	68.715	5
2025-07-23 19:55	68.720	68.720	68.665	68.685	5
2025-07-23 20:00	68.690	68.690	68.642	68.647	5
2025-07-23 20:05	68.637	68.652	68.627	68.637	5
2025-07-23 20:10	68.642	68.652	68.637	68.642	5
2025-07-23 20:15	68.637	68.667	68.637	68.662	5
2025-07-23 20:20	68.682	68.682	68.637	68.657	4
2025-07-23 20:25	68.652	68.657	68.603	68.603	5
2025-07-23 20:30	68.598	68.637	68.563	68.592	5
2025-07-23 20:35	68.602	68.632	68.602	68.632	5
2025-07-23 20:40	68.627	68.642	68.608	68.627	5
2025-07-23 20:45	68.632	68.637	68.617	68.627	4
2025-07-23 20:50	68.603	68.637	68.603	68.632	4
2025-07-23 20:55	68.608	68.637	68.598	68.622	5
2025-07-24 00:00	68.705	68.745	68.685	68.740	5
2025-07-24 00:05	68.760	68.760	68.685	68.685	5
2025-07-24 00:10	68.690	68.710	68.665	68.710	5
2025-07-24 00:15	68.700	68.740	68.700	68.710	5
2025-07-24 00:20	68.715	68.720	68.675	68.715	5
2025-07-24 00:25	68.720	68.745	68.720	68.730	5
2025-07-24 00:30	68.725	68.725	68.673	68.710	4
2025-07-24 00:35	68.705	68.725	68.658	68.720	5
2025-07-24 00:40	68.715	68.725	68.668	68.720	5
2025-07-24 00:45	68.725	68.770	68.715	68.760	5
2025-07-24 00:50	68.765	68.800	68.710	68.720	5
2025-07-24 00:55	68.725	68.745	68.670	68.695	5
2025-07-24 01:00	68.690	68.815	68.660	68.735	5
2025-07-24 01:05	68.745	68.750	68.710	68.730	5
2025-07-24 01:10	68.720	68.730	68.680	68.700	5
2025-07-24 01:15	68.690	68.715	68.670	68.695	5
2025-07-24 01:20	68.700	68.700	68.645	68.660	5
2025-07-24 01:25	68.665	68.665	68.635	68.645	5
2025-07-24 01:30	68.650	68.685	68.650	68.685	5
2025-07-24 01:35	68.680	68.680	68.660	68.665	5
2025-07-24 01:40	68.670	68.675	68.610	68.635	5
2025-07-24 01:45	68.630	68.665	68.625	68.665	5
2025-07-24 01:50	68.618	68.705	68.618	68.700	4
2025-07-24 01:55	68.710	68.715	68.660	68.660	5
2025-07-24 02:00	68.670	68.690	68.630	68.655	5
2025-07-24 02:05	68.660	68.675	68.655	68.665	5
2025-07-24 02:10	68.645	68.675	68.590	68.665	5
2025-07-24 02:15	68.670	68.670	68.640	68.645	5
2025-07-24 02:20	68.598	68.640	68.588	68.635	5
2025-07-24 02:25	68.630	68.640	68.625	68.640	5
2025-07-24 02:30	68.645	68.680	68.635	68.670	5
2025-07-24 02:35	68.660	68.670	68.635	68.645	5
2025-07-24 02:40	68.640	68.645	68.605	68.625	5
2025-07-24 02:45	68.630	68.645	68.620	68.635	5
2025-07-24 02:50	68.588	68.680	68.588	68.655	5
2025-07-24 02:55	68.660	68.695	68.655	68.690	5
2025-07-24 03:00	68.685	68.700	68.675	68.690	5
2025-07-24 03:05	68.685	68.735	68.680	68.710	5
2025-07-24 03:10	68.715	68.765	68.715	68.745	5
2025-07-24 03:15	68.740	68.785	68.740	68.780	5
2025-07-24 03:20	68.775	68.780	68.725	68.735	5
2025-07-24 03:25	68.720	68.720	68.680	68.690	5
2025-07-24 03:30	68.695	68.710	68.690	68.695	5
2025-07-24 03:35	68.700	68.705	68.670	68.700	5
2025-07-24 03:40	68.720	68.755	68.708	68.750	5
2025-07-24 03:45	68.755	68.775	68.750	68.750	5
2025-07-24 03:50	68.745	68.775	68.713	68.770	5
2025-07-24 03:55	68.765	68.775	68.765	68.770	5
2025-07-24 04:00	68.775	68.825	68.770	68.825	5
2025-07-24 04:05	68.820	68.825	68.800	68.800	4
2025-07-24 04:10	68.805	68.815	68.780	68.785	5
2025-07-24 04:15	68.780	68.805	68.753	68.800	4
2025-07-24 04:20	68.805	68.805	68.770	68.775	5
2025-07-24 04:25	68.770	68.780	68.750	68.755	5
2025-07-24 04:30	68.760	68.775	68.718	68.728	4
2025-07-24 04:35	68.770	68.775	68.708	68.765	5
2025-07-24 04:40	68.718	68.765	68.708	68.760	4
2025-07-24 04:45	68.765	68.770	68.723	68.765	5
2025-07-24 04:50	68.760	68.770	68.708	68.765	5
2025-07-24 04:55	68.770	68.815	68.748	68.815	5
2025-07-24 05:00	68.825	68.825	68.785	68.800	4
2025-07-24 05:05	68.805	68.805	68.730	68.735	5
2025-07-24 05:10	68.740	68.750	68.705	68.750	5
2025-07-24 05:15	68.755	68.770	68.755	68.765	5
2025-07-24 05:20	68.775	68.775	68.715	68.725	4
2025-07-24 05:25	68.715	68.735	68.705	68.720	4
2025-07-24 05:30	68.725	68.770	68.725	68.745	5
2025-07-24 05:35	68.740	68.750	68.715	68.730	5
2025-07-24 05:40	68.735	68.745	68.675	68.690	5
2025-07-24 05:45	68.685	68.690	68.635	68.665	5
2025-07-24 05:50	68.670	68.670	68.635	68.655	5
2025-07-24 05:55	68.650	68.650	68.595	68.630	5
2025-07-24 06:00	68.635	68.805	68.625	68.805	5
2025-07-24 06:05	68.815	68.965	68.815	68.935	5
2025-07-24 06:10	68.940	68.965	68.935	68.955	5
2025-07-24 06:15	68.950	69.100	68.950	69.095	5
2025-07-24 06:20	69.090	69.195	69.085	69.085	5
2025-07-24 06:25	69.060	69.125	69.050	69.125	5
2025-07-24 06:30	69.135	69.245	69.120	69.220	5
2025-07-24 06:35	69.225	69.430	69.225	69.365	5
2025-07-24 06:40	69.355	69.365	69.275	69.335	5
2025-07-24 06:45	69.345	69.355	69.175	69.195	5
2025-07-24 06:50	69.200	69.225	69.135	69.155	5
2025-07-24 06:55	69.150	69.170	69.070	69.090	5
2025-07-24 07:00	69.045	69.110	68.985	69.045	5
2025-07-24 07:05	69.040	69.070	68.945	68.960	5
2025-07-24 07:10	68.965	68.970	68.905	68.925	5
2025-07-24 07:15	68.930	69.000	68.920	68.925	5
2025-07-24 07:20	68.930	68.955	68.895	68.905	5
2025-07-24 07:25	68.895	68.935	68.880	68.935	4
2025-07-24 07:30	68.930	69.045	68.868	69.015	5
2025-07-24 07:35	69.020	69.060	68.995	69.020	5
2025-07-24 07:40	69.025	69.080	68.995	69.020	5
2025-07-24 07:45	69.025	69.060	69.020	69.040	5
2025-07-24 07:50	69.035	69.035	68.925	68.955	5
2025-07-24 07:55	68.950	69.000	68.895	68.940	5
2025-07-24 08:00	68.945	69.035	68.925	68.985	5
2025-07-24 08:05	69.000	69.095	68.965	69.075	5
2025-07-24 08:10	69.080	69.085	68.995	68.995	5
2025-07-24 08:15	68.990	69.030	68.935	68.985	5
2025-07-24 08:20	68.990	69.045	68.905	68.915	5
2025-07-24 08:25	68.920	68.975	68.905	68.955	5
2025-07-24 08:30	68.913	68.990	68.895	68.985	5
2025-07-24 08:35	68.990	69.160	68.945	69.160	5
2025-07-24 08:40	69.165	69.275	69.165	69.190	5
2025-07-24 08:45	69.195	69.240	69.170	69.225	5
2025-07-24 08:50	69.220	69.235	69.120	69.125	5
2025-07-24 08:55	69.130	69.130	69.030	69.055	5
2025-07-24 09:00	69.060	69.115	69.030	69.075	5
2025-07-24 09:05	69.070	69.090	69.040	69.070	5
2025-07-24 09:10	69.075	69.165	69.065	69.165	5
2025-07-24 09:15	69.175	69.210	69.130	69.170	5
2025-07-24 09:20	69.165	69.260	69.165	69.245	5
2025-07-24 09:25	69.265	69.295	69.250	69.285	5
2025-07-24 09:30	69.280	69.300	69.225	69.275	5
2025-07-24 09:35	69.280	69.325	69.275	69.325	5
2025-07-24 09:40	69.335	69.395	69.320	69.340	5
2025-07-24 09:45	69.335	69.505	69.320	69.465	5
2025-07-24 09:50	69.475	69.485	69.325	69.355	5
2025-07-24 09:55	69.370	69.405	69.320	69.345	5
2025-07-24 10:00	69.340	69.340	69.240	69.255	5
2025-07-24 10:05	69.250	69.295	69.245	69.285	5
2025-07-24 10:10	69.290	69.310	69.155	69.175	5
2025-07-24 10:15	69.155	69.275	69.155	69.250	5
2025-07-24 10:20	69.255	69.280	69.235	69.235	5
2025-07-24 10:25	69.240	69.250	69.195	69.195	5
2025-07-24 10:30	69.190	69.225	69.180	69.190	5
2025-07-24 10:35	69.185	69.185	68.985	68.995	5
2025-07-24 10:40	68.990	69.015	68.935	68.975	5
2025-07-24 10:45	68.980	69.010	68.950	69.010	5
2025-07-24 10:50	69.015	69.060	68.995	69.005	5
2025-07-24 10:55	69.010	69.125	68.995	69.100	5
2025-07-24 11:00	69.085	69.125	69.065	69.100	5
2025-07-24 11:05	69.105	69.105	69.000	69.025	5
2025-07-24 11:10	69.015	69.090	68.925	69.035	5
2025-07-24 11:15	69.030	69.045	69.005	69.035	5
2025-07-24 11:20	69.030	69.045	68.935	68.940	5
2025-07-24 11:25	68.945	69.000	68.905	68.945	5
2025-07-24 11:30	68.940	68.945	68.910	68.925	5
2025-07-24 11:35	68.915	68.945	68.835	68.845	5
2025-07-24 11:40	68.860	68.880	68.815	68.825	5
2025-07-24 11:45	68.815	68.860	68.815	68.835	5
2025-07-24 11:50	68.850	68.950	68.830	68.925	5
2025-07-24 11:55	68.920	68.990	68.915	68.965	5
2025-07-24 12:00	68.945	68.950	68.805	68.815	5
2025-07-24 12:05	68.820	68.875	68.820	68.850	5
2025-07-24 12:10	68.845	68.875	68.785	68.860	5
2025-07-24 12:15	68.865	68.980	68.860	68.950	5
2025-07-24 12:20	68.955	69.105	68.955	69.100	5
2025-07-24 12:25	69.095	69.165	69.090	69.145	5
2025-07-24 12:30	69.160	69.205	69.125	69.135	5
2025-07-24 12:35	69.140	69.165	69.095	69.105	5
2025-07-24 12:40	69.080	69.150	69.045	69.105	5
2025-07-24 12:45	69.115	69.150	69.075	69.120	5
2025-07-24 12:50	69.115	69.160	69.075	69.095	5
2025-07-24 12:55	69.100	69.215	69.100	69.185	5
2025-07-24 13:00	69.190	69.260	69.100	69.220	5
2025-07-24 13:05	69.225	69.275	69.155	69.225	5
2025-07-24 13:10	69.215	69.245	69.075	69.115	5
2025-07-24 13:15	69.105	69.230	69.075	69.115	5
2025-07-24 13:20	69.120	69.320	69.120	69.170	5
2025-07-24 13:25	69.175	69.195	69.065	69.105	5
2025-07-24 13:30	69.085	69.095	68.915	68.955	5
2025-07-24 13:35	68.960	68.985	68.895	68.940	5
2025-07-24 13:40	68.950	68.955	68.835	68.955	5
2025-07-24 13:45	68.970	69.095	68.970	69.055	5
2025-07-24 13:50	69.050	69.155	69.025	69.095	5
2025-07-24 13:55	69.090	69.135	69.055	69.125	5
2025-07-24 14:00	69.130	69.220	69.090	69.135	5
2025-07-24 14:05	69.125	69.130	69.035	69.085	5
2025-07-24 14:10	69.090	69.165	69.030	69.055	5
2025-07-24 14:15	69.050	69.370	69.045	69.325	5
2025-07-24 14:20	69.330	69.340	69.175	69.305	5
2025-07-24 14:25	69.315	69.440	69.295	69.405	5
2025-07-24 14:30	69.410	69.475	69.365	69.405	5
2025-07-24 14:35	69.410	69.465	69.340	69.365	5
2025-07-24 14:40	69.370	69.395	69.295	69.365	5
2025-07-24 14:45	69.370	69.475	69.370	69.405	5
2025-07-24 14:50	69.410	69.475	69.385	69.395	5
2025-07-24 14:55	69.405	69.465	69.375	69.375	5
2025-07-24 15:00	69.365	69.375	69.245	69.310	5
2025-07-24 15:05	69.305	69.445	69.285	69.425	5
2025-07-24 15:10	69.435	69.515	69.215	69.240	5
2025-07-24 15:15	69.225	69.255	69.135	69.235	5
2025-07-24 15:20	69.225	69.240	69.035	69.195	5
2025-07-24 15:25	69.185	69.485	69.185	69.425	5
2025-07-24 15:30	69.430	69.435	69.285	69.305	5
2025-07-24 15:35	69.295	69.330	69.245	69.270	5
2025-07-24 15:40	69.265	69.295	69.195	69.205	5
2025-07-24 15:45	69.210	69.345	69.145	69.335	5
2025-07-24 15:50	69.340	69.410	69.265	69.405	5
2025-07-24 15:55	69.400	69.490	69.395	69.410	5
2025-07-24 16:00	69.405	69.445	69.355	69.385	5
2025-07-24 16:05	69.375	69.415	69.325	69.325	5
2025-07-24 16:10	69.320	69.325	69.115	69.140	5
2025-07-24 16:15	69.125	69.170	69.055	69.075	5
2025-07-24 16:20	69.080	69.115	69.055	69.110	5
2025-07-24 16:25	69.105	69.125	69.065	69.105	5
2025-07-24 16:30	69.100	69.205	68.585	68.735	5
2025-07-24 16:35	68.730	68.880	68.690	68.835	5
2025-07-24 16:40	68.830	68.920	68.825	68.905	5
2025-07-24 16:45	68.900	68.985	68.675	68.675	5
2025-07-24 16:50	68.680	68.725	68.575	68.645	5
2025-07-24 16:55	68.635	68.635	68.535	68.555	5
2025-07-24 17:00	68.575	68.695	68.500	68.555	5
2025-07-24 17:05	68.560	68.595	68.505	68.565	5
2025-07-24 17:10	68.560	68.675	68.545	68.620	5
2025-07-24 17:15	68.610	68.700	68.535	68.545	5
2025-07-24 17:20	68.550	68.565	68.485	68.515	5
2025-07-24 17:25	68.510	68.555	68.475	68.535	5
2025-07-24 17:30	68.525	68.605	68.515	68.525	5
2025-07-24 17:35	68.530	68.615	68.530	68.595	5
2025-07-24 17:40	68.600	68.695	68.600	68.635	5
2025-07-24 17:45	68.625	68.635	68.570	68.580	5
2025-07-24 17:50	68.570	68.590	68.535	68.550	5
2025-07-24 17:55	68.545	68.630	68.535	68.565	5
2025-07-24 18:00	68.560	68.770	68.545	68.695	5
2025-07-24 18:05	68.685	68.745	68.645	68.745	5
2025-07-24 18:10	68.740	68.835	68.740	68.815	5
2025-07-24 18:15	68.820	68.860	68.735	68.785	5
2025-07-24 18:20	68.780	68.925	68.770	68.885	5
2025-07-24 18:25	68.870	69.195	68.865	69.175	5
2025-07-24 18:30	69.165	69.260	69.165	69.205	5
2025-07-24 18:35	69.200	69.215	69.165	69.165	5
2025-07-24 18:40	69.175	69.220	69.175	69.195	5
2025-07-24 18:45	69.190	69.255	69.190	69.235	5
2025-07-24 18:50	69.240	69.260	69.225	69.235	5
2025-07-24 18:55	69.240	69.250	69.235	69.240	5
2025-07-24 19:00	69.245	69.330	69.235	69.305	5
2025-07-24 19:05	69.310	69.340	69.285	69.335	5
2025-07-24 19:10	69.340	69.385	69.290	69.320	5
2025-07-24 19:15	69.325	69.325	69.285	69.305	5
2025-07-24 19:20	69.310	69.335	69.305	69.335	4
2025-07-24 19:25	69.325	69.335	69.305	69.325	4
2025-07-24 19:30	69.320	69.345	69.315	69.335	5
2025-07-24 19:35	69.340	69.395	69.340	69.380	5
2025-07-24 19:40	69.375	69.395	69.325	69.345	5
2025-07-24 19:45	69.350	69.360	69.335	69.355	5
2025-07-24 19:50	69.365	69.385	69.355	69.375	3
2025-07-24 19:55	69.370	69.380	69.315	69.320	5
2025-07-24 20:00	69.315	69.320	69.267	69.277	5
2025-07-24 20:05	69.272	69.272	69.217	69.227	4
2025-07-24 20:10	69.237	69.247	69.212	69.212	5
2025-07-24 20:15	69.217	69.217	69.192	69.192	5
2025-07-24 20:20	69.177	69.177	69.142	69.167	5
2025-07-24 20:25	69.157	69.192	69.157	69.167	5
2025-07-24 20:30	69.172	69.212	69.172	69.202	5
2025-07-24 20:35	69.207	69.227	69.163	69.227	5
2025-07-24 20:40	69.217	69.257	69.203	69.252	5
2025-07-24 20:45	69.247	69.297	69.223	69.297	5
2025-07-24 20:50	69.302	69.312	69.287	69.302	5
2025-07-24 20:55	69.287	69.287	69.252	69.277	5
2025-07-25 00:00	69.332	69.385	69.330	69.340	5
2025-07-25 00:05	69.330	69.375	69.293	69.345	5
2025-07-25 00:10	69.298	69.360	69.293	69.330	5
2025-07-25 00:15	69.350	69.375	69.345	69.360	5
2025-07-25 00:20	69.355	69.360	69.303	69.340	5
2025-07-25 00:25	69.335	69.335	69.310	69.320	5
2025-07-25 00:30	69.315	69.320	69.300	69.320	5
2025-07-25 00:35	69.310	69.320	69.263	69.263	5
2025-07-25 00:40	69.300	69.320	69.300	69.310	4
2025-07-25 00:45	69.263	69.330	69.263	69.283	4
2025-07-25 00:50	69.335	69.335	69.290	69.290	5
2025-07-25 00:55	69.295	69.300	69.260	69.260	5
2025-07-25 01:00	69.265	69.440	69.250	69.355	5
2025-07-25 01:05	69.360	69.390	69.250	69.265	5
2025-07-25 01:10	69.260	69.275	69.210	69.215	5
2025-07-25 01:15	69.210	69.230	69.185	69.210	5
2025-07-25 01:20	69.220	69.275	69.220	69.255	5
2025-07-25 01:25	69.250	69.315	69.245	69.310	5
2025-07-25 01:30	69.305	69.410	69.270	69.375	5
2025-07-25 01:35	69.365	69.465	69.365	69.425	5
2025-07-25 01:40	69.435	69.515	69.435	69.510	5
2025-07-25 01:45	69.515	69.550	69.505	69.505	5
2025-07-25 01:50	69.515	69.540	69.510	69.535	5
2025-07-25 01:55	69.540	69.540	69.505	69.510	5
2025-07-25 02:00	69.505	69.630	69.505	69.610	5
2025-07-25 02:05	69.605	69.615	69.570	69.575	5
2025-07-25 02:10	69.570	69.610	69.560	69.600	5
2025-07-25 02:15	69.605	69.605	69.500	69.510	5
2025-07-25 02:20	69.505	69.520	69.490	69.490	5
2025-07-25 02:25	69.495	69.555	69.490	69.535	5
2025-07-25 02:30	69.530	69.585	69.530	69.550	5
2025-07-25 02:35	69.545	69.585	69.545	69.580	5
2025-07-25 02:40	69.570	69.595	69.565	69.580	5
2025-07-25 02:45	69.585	69.585	69.520	69.530	5
2025-07-25 02:50	69.525	69.525	69.490	69.510	5
2025-07-25 02:55	69.520	69.525	69.490	69.515	5
2025-07-25 03:00	69.510	69.560	69.510	69.530	5
2025-07-25 03:05	69.520	69.520	69.450	69.460	5
2025-07-25 03:10	69.470	69.500	69.450	69.500	5
2025-07-25 03:15	69.495	69.520	69.475	69.500	5
2025-07-25 03:20	69.495	69.515	69.470	69.470	5
2025-07-25 03:25	69.455	69.455	69.390	69.440	5
2025-07-25 03:30	69.435	69.435	69.355	69.355	5
2025-07-25 03:35	69.375	69.380	69.340	69.340	4
2025-07-25 03:40	69.325	69.355	69.270	69.295	5
2025-07-25 03:45	69.290	69.310	69.290	69.305	4
2025-07-25 03:50	69.310	69.310	69.280	69.290	4
2025-07-25 03:55	69.295	69.305	69.253	69.300	4
2025-07-25 04:00	69.310	69.380	69.310	69.380	4
2025-07-25 04:05	69.375	69.380	69.323	69.370	4
2025-07-25 04:10	69.375	69.375	69.365	69.370	3
2025-07-25 04:15	69.365	69.380	69.350	69.355	3
2025-07-25 04:20	69.360	69.415	69.355	69.410	5
2025-07-25 04:25	69.405	69.410	69.343	69.405	5
2025-07-25 04:30	69.410	69.410	69.303	69.320	5
2025-07-25 04:35	69.310	69.315	69.253	69.310	5
2025-07-25 04:40	69.320	69.330	69.320	69.330	4
2025-07-25 04:45	69.283	69.335	69.278	69.278	4
2025-07-25 04:50	69.330	69.340	69.293	69.340	5
2025-07-25 04:55	69.335	69.340	69.315	69.315	5
2025-07-25 05:00	69.268	69.360	69.268	69.355	5
2025-07-25 05:05	69.350	69.375	69.313	69.360	5
2025-07-25 05:10	69.313	69.360	69.313	69.350	5
2025-07-25 05:15	69.340	69.380	69.333	69.360	5
2025-07-25 05:20	69.313	69.430	69.313	69.430	5
2025-07-25 05:25	69.425	69.495	69.373	69.490	5
2025-07-25 05:30	69.495	69.530	69.490	69.510	5
2025-07-25 05:35	69.505	69.525	69.505	69.520	5
2025-07-25 05:40	69.515	69.580	69.515	69.580	5
2025-07-25 05:45	69.575	69.675	69.575	69.660	5
2025-07-25 05:50	69.665	69.725	69.665	69.680	5
2025-07-25 05:55	69.685	69.725	69.665	69.675	5
2025-07-25 06:00	69.690	69.830	69.680	69.820	5
2025-07-25 06:05	69.815	69.815	69.750	69.755	5
2025-07-25 06:10	69.750	69.755	69.690	69.690	5
2025-07-25 06:15	69.695	69.775	69.695	69.775	5
2025-07-25 06:20	69.770	69.775	69.660	69.670	5
2025-07-25 06:25	69.675	69.710	69.665	69.700	5
2025-07-25 06:30	69.695	69.740	69.690	69.695	5
2025-07-25 06:35	69.690	69.700	69.655	69.660	5
2025-07-25 06:40	69.665	69.675	69.570	69.610	5
2025-07-25 06:45	69.615	69.665	69.595	69.660	5
2025-07-25 06:50	69.665	69.735	69.655	69.725	5
2025-07-25 06:55	69.720	69.775	69.720	69.730	5
2025-07-25 07:00	69.720	69.730	69.625	69.710	5
2025-07-25 07:05	69.700	69.765	69.660	69.740	5
2025-07-25 07:10	69.745	69.775	69.740	69.755	5
2025-07-25 07:15	69.760	69.775	69.745	69.760	5
2025-07-25 07:20	69.755	69.760	69.705	69.710	5
2025-07-25 07:25	69.715	69.730	69.620	69.645	5
2025-07-25 07:30	69.665	69.670	69.600	69.650	5
2025-07-25 07:35	69.655	69.655	69.515	69.545	5
2025-07-25 07:40	69.530	69.530	69.440	69.460	5
2025-07-25 07:45	69.455	69.505	69.435	69.505	5
2025-07-25 07:50	69.515	69.555	69.500	69.530	5
2025-07-25 07:55	69.535	69.555	69.485	69.490	5
2025-07-25 08:00	69.500	69.565	69.460	69.530	5
2025-07-25 08:05	69.535	69.555	69.515	69.520	5
2025-07-25 08:10	69.510	69.550	69.500	69.530	5
2025-07-25 08:15	69.520	69.550	69.415	69.420	5
2025-07-25 08:20	69.425	69.505	69.370	69.500	5
2025-07-25 08:25	69.515	69.605	69.485	69.555	5
2025-07-25 08:30	69.550	69.665	69.520	69.650	5
2025-07-25 08:35	69.660	69.685	69.605	69.645	5
2025-07-25 08:40	69.635	69.645	69.565	69.600	5
2025-07-25 08:45	69.605	69.635	69.565	69.600	5
2025-07-25 08:50	69.590	69.610	69.425	69.495	5
2025-07-25 08:55	69.490	69.490	69.340	69.385	5
2025-07-25 09:00	69.395	69.435	69.335	69.390	5
2025-07-25 09:05	69.385	69.505	69.375	69.435	5
2025-07-25 09:10	69.440	69.445	69.395	69.420	5
2025-07-25 09:15	69.415	69.525	69.415	69.485	5
2025-07-25 09:20	69.490	69.525	69.460	69.485	5
2025-07-25 09:25	69.490	69.520	69.450	69.450	5
2025-07-25 09:30	69.455	69.455	69.200	69.295	5
2025-07-25 09:35	69.290	69.335	69.260	69.275	5
2025-07-25 09:40	69.270	69.405	69.240	69.405	5
2025-07-25 09:45	69.415	69.425	69.360	69.425	5
2025-07-25 09:50	69.410	69.480	69.345	69.470	5
2025-07-25 09:55	69.475	69.480	69.375	69.375	5
2025-07-25 10:00	69.370	69.385	69.245	69.315	5
2025-07-25 10:05	69.310	69.345	69.250	69.340	5
2025-07-25 10:10	69.335	69.365	69.305	69.350	5
2025-07-25 10:15	69.345	69.345	69.310	69.325	5
2025-07-25 10:20	69.330	69.395	69.325	69.325	5
2025-07-25 10:25	69.330	69.345	69.230	69.290	5
2025-07-25 10:30	69.295	69.355	69.295	69.350	5
2025-07-25 10:35	69.345	69.390	69.285	69.385	5
2025-07-25 10:40	69.405	69.415	69.320	69.360	5
2025-07-25 10:45	69.365	69.365	69.315	69.345	5
2025-07-25 10:50	69.340	69.450	69.340	69.425	5
2025-07-25 10:55	69.415	69.475	69.390	69.465	5
2025-07-25 11:00	69.475	69.475	69.360	69.370	5
2025-07-25 11:05	69.375	69.425	69.375	69.420	5
2025-07-25 11:10	69.425	69.425	69.380	69.380	5
2025-07-25 11:15	69.390	69.435	69.375	69.395	5
2025-07-25 11:20	69.400	69.400	69.350	69.380	5
2025-07-25 11:25	69.385	69.430	69.380	69.410	5
2025-07-25 11:30	69.405	69.435	69.375	69.400	5
2025-07-25 11:35	69.410	69.430	69.385	69.420	5
2025-07-25 11:40	69.415	69.425	69.335	69.355	5
2025-07-25 11:45	69.360	69.455	69.355	69.445	5
2025-07-25 11:50	69.440	69.465	69.420	69.445	5
2025-07-25 11:55	69.455	69.475	69.425	69.435	5
2025-07-25 12:00	69.440	69.475	69.410	69.410	5
2025-07-25 12:05	69.405	69.570	69.405	69.520	5
2025-07-25 12:10	69.530	69.560	69.465	69.470	5
2025-07-25 12:15	69.460	69.465	69.405	69.435	5
2025-07-25 12:20	69.450	69.565	69.445	69.505	5
2025-07-25 12:25	69.515	69.540	69.480	69.500	5
2025-07-25 12:30	69.505	69.550	69.350	69.365	5
2025-07-25 12:35	69.375	69.420	69.365	69.410	5
2025-07-25 12:40	69.415	69.540	69.395	69.530	5
2025-07-25 12:45	69.535	69.625	69.500	69.595	5
2025-07-25 12:50	69.605	69.620	69.575	69.610	5
2025-07-25 12:55	69.615	69.680	69.585	69.645	5
2025-07-25 13:00	69.650	69.685	69.368	69.430	5
2025-07-25 13:05	69.420	69.495	69.293	69.405	5
2025-07-25 13:10	69.420	69.510	69.405	69.490	5
2025-07-25 13:15	69.495	69.550	69.395	69.430	5
2025-07-25 13:20	69.440	69.470	69.370	69.440	5
2025-07-25 13:25	69.445	69.460	69.345	69.355	5
2025-07-25 13:30	69.350	69.350	69.145	69.145	5
2025-07-25 13:35	69.135	69.180	69.093	69.165	5
2025-07-25 13:40	69.155	69.185	69.055	69.055	5
2025-07-25 13:45	69.060	69.220	69.040	69.130	5
2025-07-25 13:50	69.125	69.145	69.035	69.065	5
2025-07-25 13:55	69.060	69.125	69.035	69.060	5
2025-07-25 14:00	69.055	69.125	68.835	68.870	5
2025-07-25 14:05	68.865	68.895	68.765	68.825	5
2025-07-25 14:10	68.820	68.875	68.740	68.765	5
2025-07-25 14:15	68.770	68.845	68.735	68.800	5
2025-07-25 14:20	68.795	68.870	68.760	68.855	5
2025-07-25 14:25	68.850	68.900	68.825	68.840	5
2025-07-25 14:30	68.845	68.870	68.713	68.755	5
2025-07-25 14:35	68.760	68.875	68.755	68.850	5
2025-07-25 14:40	68.845	68.890	68.805	68.865	5
2025-07-25 14:45	68.860	68.995	68.835	68.915	5
2025-07-25 14:50	68.910	68.935	68.840	68.840	5
2025-07-25 14:55	68.835	68.880	68.795	68.810	5
2025-07-25 15:00	68.815	68.865	68.735	68.770	5
2025-07-25 15:05	68.765	68.880	68.765	68.840	5
2025-07-25 15:10	68.835	68.835	68.715	68.765	5
2025-07-25 15:15	68.770	68.785	68.715	68.755	5
2025-07-25 15:20	68.750	68.780	68.715	68.740	5
2025-07-25 15:25	68.735	68.810	68.620	68.695	5
2025-07-25 15:30	68.705	68.720	68.620	68.675	5
2025-07-25 15:35	68.670	68.675	68.490	68.610	5
2025-07-25 15:40	68.605	68.615	68.545	68.555	5
2025-07-25 15:45	68.540	68.615	68.540	68.590	5
2025-07-25 15:50	68.595	68.620	68.535	68.605	5
2025-07-25 15:55	68.615	68.625	68.515	68.525	5
2025-07-25 16:00	68.555	68.585	68.555	68.575	5
2025-07-25 16:05	68.570	68.600	68.525	68.540	5
2025-07-25 16:10	68.550	68.605	68.545	68.590	5
2025-07-25 16:15	68.595	68.595	68.535	68.550	5
2025-07-25 16:20	68.555	68.560	68.510	68.510	5
2025-07-25 16:25	68.505	68.675	68.505	68.645	5
2025-07-25 16:30	68.655	68.695	68.640	68.650	5
2025-07-25 16:35	68.655	68.675	68.550	68.570	5
2025-07-25 16:40	68.565	68.615	68.540	68.550	5
2025-07-25 16:45	68.545	68.720	68.540	68.670	5
2025-07-25 16:50	68.665	68.670	68.575	68.580	5
2025-07-25 16:55	68.575	68.630	68.570	68.615	5
2025-07-25 17:00	68.625	68.755	68.625	68.745	5
2025-07-25 17:05	68.730	68.735	68.690	68.725	5
2025-07-25 17:10	68.715	68.770	68.705	68.705	5
2025-07-25 17:15	68.710	68.760	68.685	68.715	5
2025-07-25 17:20	68.730	68.730	68.675	68.695	5
2025-07-25 17:25	68.690	68.700	68.670	68.675	5
2025-07-25 17:30	68.665	68.685	68.355	68.415	5
2025-07-25 17:35	68.410	68.430	68.350	68.395	5
2025-07-25 17:40	68.385	68.425	68.385	68.385	5
2025-07-25 17:45	68.390	68.440	68.335	68.355	5
2025-07-25 17:50	68.360	68.450	68.355	68.405	5
2025-07-25 17:55	68.410	68.445	68.385	68.400	5
2025-07-25 18:00	68.395	68.465	68.370	68.435	5
2025-07-25 18:05	68.415	68.475	68.390	68.430	5
2025-07-25 18:10	68.440	68.450	68.380	68.415	5
2025-07-25 18:15	68.420	68.435	68.380	68.420	5
2025-07-25 18:20	68.425	68.510	68.420	68.500	5
2025-07-25 18:25	68.505	68.505	68.405	68.425	5
2025-07-25 18:30	68.420	68.420	68.335	68.345	5
2025-07-25 18:35	68.340	68.410	68.340	68.400	5
2025-07-25 18:40	68.410	68.425	68.405	68.405	5
2025-07-25 18:45	68.400	68.425	68.390	68.395	5
2025-07-25 18:50	68.390	68.395	68.360	68.380	5
2025-07-25 18:55	68.385	68.415	68.385	68.405	5
2025-07-25 19:00	68.400	68.405	68.353	68.400	5
2025-07-25 19:05	68.395	68.400	68.343	68.343	5
2025-07-25 19:10	68.380	68.385	68.355	68.370	5
2025-07-25 19:15	68.375	68.395	68.355	68.395	5
2025-07-25 19:20	68.390	68.395	68.380	68.380	5
2025-07-25 19:25	68.385	68.385	68.365	68.370	4
2025-07-25 19:30	68.380	68.480	68.380	68.470	5
2025-07-25 19:35	68.465	68.480	68.450	68.455	5
2025-07-25 19:40	68.460	68.475	68.435	68.450	5
2025-07-25 19:45	68.455	68.465	68.400	68.405	5
2025-07-25 19:50	68.400	68.410	68.345	68.345	4
2025-07-25 19:55	68.340	68.340	68.305	68.320	5
2025-07-25 20:00	68.330	68.330	68.297	68.297	5
2025-07-25 20:05	68.307	68.327	68.307	68.317	3
2025-07-25 20:10	68.322	68.327	68.312	68.317	5
2025-07-25 20:15	68.312	68.332	68.297	68.297	5
2025-07-25 20:20	68.307	68.307	68.282	68.287	4
2025-07-25 20:25	68.277	68.297	68.267	68.282	5
2025-07-25 20:30	68.287	68.287	68.262	68.262	5
2025-07-25 20:35	68.267	68.302	68.262	68.292	5
2025-07-25 20:40	68.297	68.312	68.292	68.302	5
2025-07-25 20:45	68.307	68.337	68.302	68.307	5
2025-07-25 20:50	68.302	68.327	68.292	68.322	5
2025-07-25 20:55	68.327	68.342	68.292	68.337	5
2025-07-28 00:00	68.585	68.615	68.550	68.600	5
2025-07-28 00:05	68.595	68.610	68.590	68.595	5
2025-07-28 00:10	68.600	68.640	68.595	68.630	5
2025-07-28 00:15	68.640	68.650	68.625	68.640	5
2025-07-28 00:20	68.650	68.650	68.603	68.635	5
2025-07-28 00:25	68.640	68.640	68.543	68.610	5
2025-07-28 00:30	68.600	68.640	68.583	68.640	5
2025-07-28 00:35	68.593	68.630	68.593	68.610	4
2025-07-28 00:40	68.615	68.630	68.610	68.630	5
2025-07-28 00:45	68.635	68.645	68.583	68.598	5
2025-07-28 00:50	68.640	68.660	68.588	68.645	5
2025-07-28 00:55	68.650	68.675	68.603	68.675	5
2025-07-28 01:00	68.660	68.705	68.610	68.690	5
2025-07-28 01:05	68.680	68.790	68.680	68.790	5
2025-07-28 01:10	68.785	68.790	68.755	68.785	5
2025-07-28 01:15	68.805	68.840	68.790	68.810	5
2025-07-28 01:20	68.815	68.825	68.795	68.810	5
2025-07-28 01:25	68.815	68.815	68.760	68.770	5
2025-07-28 01:30	68.775	68.775	68.665	68.670	5
2025-07-28 01:35	68.660	68.710	68.625	68.710	5
2025-07-28 01:40	68.727	68.865	68.727	68.775	5
2025-07-28 01:45	68.780	68.780	68.720	68.725	5
2025-07-28 01:50	68.730	68.750	68.690	68.720	5
2025-07-28 01:55	68.725	68.725	68.653	68.680	5
2025-07-28 02:00	68.685	68.685	68.645	68.660	5
2025-07-28 02:05	68.665	68.695	68.650	68.680	5
2025-07-28 02:10	68.685	68.715	68.670	68.710	5
2025-07-28 02:15	68.700	68.700	68.665	68.670	4
2025-07-28 02:20	68.665	68.670	68.655	68.670	5
2025-07-28 02:25	68.623	68.720	68.623	68.720	5
2025-07-28 02:30	68.725	68.780	68.720	68.780	5
2025-07-28 02:35	68.775	68.780	68.728	68.735	5
2025-07-28 02:40	68.740	68.760	68.730	68.740	5
2025-07-28 02:45	68.735	68.750	68.720	68.750	5
2025-07-28 02:50	68.745	68.790	68.745	68.780	5
2025-07-28 02:55	68.785	68.795	68.775	68.780	5
2025-07-28 03:00	68.775	68.780	68.740	68.750	5
2025-07-28 03:05	68.755	68.765	68.693	68.740	5
2025-07-28 03:10	68.730	68.740	68.680	68.700	5
2025-07-28 03:15	68.695	68.710	68.645	68.660	5
2025-07-28 03:20	68.650	68.650	68.600	68.630	5
2025-07-28 03:25	68.625	68.645	68.605	68.630	5
2025-07-28 03:30	68.635	68.645	68.600	68.620	5
2025-07-28 03:35	68.615	68.650	68.615	68.650	5
2025-07-28 03:40	68.655	68.695	68.608	68.690	5
2025-07-28 03:45	68.680	68.685	68.633	68.670	4
2025-07-28 03:50	68.623	68.670	68.623	68.660	5
2025-07-28 03:55	68.613	68.680	68.613	68.675	5
2025-07-28 04:00	68.670	68.695	68.623	68.690	5
2025-07-28 04:05	68.643	68.715	68.643	68.658	4
2025-07-28 04:10	68.720	68.720	68.673	68.720	4
2025-07-28 04:15	68.725	68.730	68.705	68.710	5
2025-07-28 04:20	68.705	68.730	68.658	68.730	5
2025-07-28 04:25	68.735	68.735	68.725	68.730	3
2025-07-28 04:30	68.683	68.745	68.683	68.745	4
2025-07-28 04:35	68.770	68.775	68.765	68.765	4
2025-07-28 04:40	68.750	68.795	68.750	68.790	3
2025-07-28 04:45	68.795	68.810	68.753	68.800	4
2025-07-28 04:50	68.805	68.830	68.795	68.825	5
2025-07-28 04:55	68.830	68.835	68.788	68.825	5
2025-07-28 05:00	68.835	68.880	68.818	68.880	5
2025-07-28 05:05	68.875	68.940	68.838	68.940	5
2025-07-28 05:10	68.930	68.945	68.920	68.925	4
2025-07-28 05:15	68.878	68.910	68.860	68.875	5
2025-07-28 05:20	68.828	68.895	68.828	68.860	4
2025-07-28 05:25	68.850	68.880	68.850	68.880	4
2025-07-28 05:30	68.860	68.870	68.815	68.830	5
2025-07-28 05:35	68.825	68.870	68.815	68.860	5
2025-07-28 05:40	68.855	68.870	68.750	68.755	5
2025-07-28 05:45	68.750	68.770	68.730	68.770	5
2025-07-28 05:50	68.775	68.800	68.733	68.790	5
2025-07-28 05:55	68.795	68.845	68.780	68.810	5
2025-07-28 06:00	68.820	68.855	68.790	68.800	5
2025-07-28 06:05	68.810	68.925	68.795	68.895	5
2025-07-28 06:10	68.890	68.980	68.885	68.970	5
2025-07-28 06:15	68.975	69.050	68.965	69.030	5
2025-07-28 06:20	69.025	69.075	69.025	69.065	5
2025-07-28 06:25	69.060	69.085	69.010	69.020	4
2025-07-28 06:30	69.025	69.080	69.020	69.075	5
2025-07-28 06:35	69.100	69.100	69.035	69.050	5
2025-07-28 06:40	69.045	69.070	69.020	69.035	5
2025-07-28 06:45	69.040	69.050	68.975	68.980	4
2025-07-28 06:50	68.970	68.995	68.940	68.940	5
2025-07-28 06:55	68.935	69.025	68.935	69.005	5
2025-07-28 07:00	69.000	69.055	68.970	69.055	5
2025-07-28 07:05	69.045	69.045	68.955	68.985	5
2025-07-28 07:10	68.990	69.015	68.865	68.875	5
2025-07-28 07:15	68.870	68.900	68.855	68.890	5
2025-07-28 07:20	68.885	68.885	68.810	68.820	5
2025-07-28 07:25	68.815	68.850	68.785	68.810	5
2025-07-28 07:30	68.805	68.815	68.615	68.730	5
2025-07-28 07:35	68.725	68.740	68.655	68.665	5
2025-07-28 07:40	68.655	68.705	68.630	68.680	5
2025-07-28 07:45	68.675	68.710	68.620	68.650	5
2025-07-28 07:50	68.660	68.660	68.585	68.585	5
2025-07-28 07:55	68.590	68.685	68.585	68.655	5
2025-07-28 08:00	68.665	68.740	68.655	68.690	5
2025-07-28 08:05	68.685	68.700	68.605	68.610	5
2025-07-28 08:10	68.615	68.755	68.605	68.675	5
2025-07-28 08:15	68.670	68.820	68.670	68.790	5
2025-07-28 08:20	68.795	68.805	68.750	68.765	5
2025-07-28 08:25	68.770	68.875	68.765	68.860	5
2025-07-28 08:30	68.855	68.875	68.765	68.770	5
2025-07-28 08:35	68.765	68.800	68.720	68.785	5
2025-07-28 08:40	68.790	68.840	68.765	68.840	5
2025-07-28 08:45	68.830	68.880	68.815	68.875	5
2025-07-28 08:50	68.880	68.930	68.865	68.920	5
2025-07-28 08:55	68.930	69.065	68.930	69.050	5
2025-07-28 09:00	69.035	69.105	69.020	69.055	5
2025-07-28 09:05	69.060	69.065	68.985	69.010	5
2025-07-28 09:10	69.005	69.025	68.960	68.960	5
2025-07-28 09:15	68.955	69.030	68.955	69.030	5
2025-07-28 09:20	69.035	69.055	68.955	68.965	5
2025-07-28 09:25	68.980	69.005	68.950	68.960	5
2025-07-28 09:30	68.965	68.985	68.880	68.975	5
2025-07-28 09:35	68.965	68.985	68.945	68.970	5
2025-07-28 09:40	68.975	68.980	68.890	68.920	5
2025-07-28 09:45	68.910	69.065	68.910	69.065	5
2025-07-28 09:50	69.060	69.060	68.970	69.040	5
2025-07-28 09:55	69.045	69.085	69.020	69.060	5
2025-07-28 10:00	69.065	69.080	69.010	69.015	5
2025-07-28 10:05	69.020	69.105	69.010	69.075	5
2025-07-28 10:10	69.080	69.120	69.070	69.085	5
2025-07-28 10:15	69.080	69.080	69.045	69.060	5
2025-07-28 10:20	69.055	69.115	69.055	69.115	5
2025-07-28 10:25	69.110	69.215	69.110	69.170	5
2025-07-28 10:30	69.175	69.180	69.135	69.170	5
2025-07-28 10:35	69.165	69.175	69.105	69.125	5
2025-07-28 10:40	69.135	69.155	69.110	69.120	5
2025-07-28 10:45	69.115	69.210	69.110	69.210	5
2025-07-28 10:50	69.205	69.240	69.135	69.135	5
2025-07-28 10:55	69.140	69.160	69.130	69.135	5
2025-07-28 11:00	69.125	69.210	69.125	69.200	5
2025-07-28 11:05	69.205	69.215	69.180	69.205	5
2025-07-28 11:10	69.200	69.250	69.185	69.240	5
2025-07-28 11:15	69.245	69.265	69.235	69.255	5
2025-07-28 11:20	69.260	69.265	69.225	69.245	5
2025-07-28 11:25	69.250	69.305	69.240	69.275	5
2025-07-28 11:30	69.280	69.315	69.275	69.300	4
2025-07-28 11:35	69.295	69.345	69.275	69.340	5
2025-07-28 11:40	69.335	69.345	69.280	69.330	5
2025-07-28 11:45	69.325	69.335	69.315	69.320	5
2025-07-28 11:50	69.325	69.335	69.295	69.320	5
2025-07-28 11:55	69.315	69.475	69.315	69.475	5
2025-07-28 12:00	69.517	69.700	69.505	69.620	5
2025-07-28 12:05	69.625	69.640	69.520	69.520	5
2025-07-28 12:10	69.525	69.635	69.505	69.605	5
2025-07-28 12:15	69.595	69.630	69.540	69.580	5
2025-07-28 12:20	69.575	69.630	69.570	69.580	5
2025-07-28 12:25	69.575	69.650	69.575	69.600	5
2025-07-28 12:30	69.605	69.710	69.605	69.680	5
2025-07-28 12:35	69.685	69.735	69.660	69.675	5
2025-07-28 12:40	69.665	69.755	69.665	69.745	5
2025-07-28 12:45	69.750	69.750	69.665	69.730	5
2025-07-28 12:50	69.725	69.785	69.715	69.765	5
2025-07-28 12:55	69.760	69.765	69.695	69.720	5
2025-07-28 13:00	69.700	70.017	69.575	69.930	5
2025-07-28 13:05	69.920	70.320	69.807	70.270	5
2025-07-28 13:10	70.275	70.300	70.095	70.155	5
2025-07-28 13:15	70.170	70.235	70.045	70.090	5
2025-07-28 13:20	70.085	70.130	69.875	70.020	5
2025-07-28 13:25	70.010	70.035	69.905	69.950	5
2025-07-28 13:30	69.955	70.035	69.850	69.930	5
2025-07-28 13:35	69.920	70.025	69.890	70.000	5
2025-07-28 13:40	70.005	70.025	69.835	69.875	5
2025-07-28 13:45	69.870	69.960	69.855	69.940	5
2025-07-28 13:50	69.945	70.120	69.930	70.090	5
2025-07-28 13:55	70.100	70.105	70.050	70.095	5
2025-07-28 14:00	70.075	70.215	70.020	70.195	5
2025-07-28 14:05	70.185	70.190	70.065	70.070	5
2025-07-28 14:10	70.065	70.070	69.885	69.905	5
2025-07-28 14:15	69.910	69.975	69.850	69.870	5
2025-07-28 14:20	69.875	69.910	69.815	69.870	5
2025-07-28 14:25	69.865	69.935	69.845	69.910	5
2025-07-28 14:30	69.925	69.960	69.815	69.890	5
2025-07-28 14:35	69.885	70.015	69.865	69.980	5
2025-07-28 14:40	69.975	69.975	69.825	69.850	5
2025-07-28 14:45	69.845	69.850	69.750	69.795	5
2025-07-28 14:50	69.800	69.825	69.755	69.795	5
2025-07-28 14:55	69.780	69.825	69.760	69.785	5
2025-07-28 15:00	69.780	69.785	69.630	69.690	5
2025-07-28 15:05	69.710	69.755	69.670	69.680	5
2025-07-28 15:10	69.675	69.750	69.595	69.605	5
2025-07-28 15:15	69.615	69.650	69.555	69.650	5
2025-07-28 15:20	69.640	69.710	69.615	69.705	5
2025-07-28 15:25	69.700	69.700	69.620	69.660	5
2025-07-28 15:30	69.670	69.825	69.575	69.780	5
2025-07-28 15:35	69.785	69.845	69.670	69.680	5
2025-07-28 15:40	69.685	69.760	69.680	69.750	5
2025-07-28 15:45	69.740	69.810	69.710	69.750	5
2025-07-28 15:50	69.755	69.875	69.745	69.790	5
2025-07-28 15:55	69.795	69.800	69.685	69.735	5
2025-07-28 16:00	69.740	69.850	69.735	69.820	5
2025-07-28 16:05	69.815	69.820	69.735	69.735	5
2025-07-28 16:10	69.730	69.770	69.710	69.745	5
2025-07-28 16:15	69.750	69.785	69.725	69.725	5
2025-07-28 16:20	69.720	69.810	69.720	69.805	5
2025-07-28 16:25	69.810	69.855	69.800	69.825	5
2025-07-28 16:30	69.820	69.850	69.780	69.845	5
2025-07-28 16:35	69.835	69.845	69.785	69.790	5
2025-07-28 16:40	69.775	69.820	69.720	69.780	5
2025-07-28 16:45	69.775	69.785	69.735	69.755	5
2025-07-28 16:50	69.740	69.775	69.735	69.765	5
2025-07-28 16:55	69.755	69.850	69.755	69.825	5
2025-07-28 17:00	69.830	69.845	69.750	69.765	5
2025-07-28 17:05	69.775	69.820	69.765	69.770	5
2025-07-28 17:10	69.765	69.810	69.745	69.770	5
2025-07-28 17:15	69.765	69.795	69.735	69.770	5
2025-07-28 17:20	69.755	69.765	69.690	69.715	5
2025-07-28 17:25	69.705	69.745	69.705	69.725	5
2025-07-28 17:30	69.715	69.745	69.690	69.705	5
2025-07-28 17:35	69.710	69.725	69.685	69.685	5
2025-07-28 17:40	69.690	69.745	69.665	69.745	5
2025-07-28 17:45	69.735	69.825	69.730	69.815	5
2025-07-28 17:50	69.810	69.865	69.795	69.860	5
2025-07-28 17:55	69.865	69.915	69.850	69.855	5
2025-07-28 18:00	69.850	69.860	69.720	69.765	5
2025-07-28 18:05	69.770	69.835	69.755	69.825	5
2025-07-28 18:10	69.815	69.865	69.730	69.775	5
2025-07-28 18:15	69.770	69.875	69.755	69.875	5
2025-07-28 18:20	69.865	69.965	69.865	69.955	5
2025-07-28 18:25	69.960	70.075	69.885	70.075	5
2025-07-28 18:30	70.070	70.235	70.060	70.215	5
2025-07-28 18:35	70.205	70.205	70.145	70.155	5
2025-07-28 18:40	70.160	70.175	70.145	70.175	5
2025-07-28 18:45	70.180	70.205	70.175	70.195	2
2025-07-28 18:50	70.200	70.210	70.185	70.205	5
2025-07-28 18:55	70.195	70.220	70.185	70.210	5
2025-07-28 19:00	70.205	70.215	70.160	70.165	5
2025-07-28 19:05	70.170	70.175	70.155	70.155	2
2025-07-28 19:10	70.145	70.155	70.130	70.140	4
2025-07-28 19:15	70.145	70.155	70.135	70.135	5
2025-07-28 19:20	70.093	70.145	70.093	70.135	5
2025-07-28 19:25	70.130	70.135	70.110	70.135	4
2025-07-28 19:30	70.160	70.205	70.160	70.195	3
2025-07-28 19:35	70.200	70.225	70.195	70.220	5
2025-07-28 19:40	70.225	70.230	70.195	70.225	5
2025-07-28 19:45	70.230	70.285	70.230	70.285	5
2025-07-28 19:50	70.300	70.375	70.295	70.375	5
2025-07-28 19:55	70.385	70.430	70.370	70.395	5
2025-07-28 20:00	70.390	70.390	70.312	70.357	5
2025-07-28 20:05	70.362	70.377	70.332	70.362	5
2025-07-28 20:10	70.367	70.367	70.332	70.337	5
2025-07-28 20:15	70.342	70.352	70.342	70.347	5
2025-07-28 20:20	70.342	70.347	70.332	70.342	5
2025-07-28 20:25	70.347	70.347	70.282	70.282	5
2025-07-28 20:30	70.272	70.272	70.212	70.247	3
2025-07-28 20:35	70.242	70.262	70.242	70.257	5
2025-07-28 20:40	70.252	70.252	70.227	70.252	4
2025-07-28 20:45	70.242	70.242	70.237	70.242	2
2025-07-29 00:00	69.512	69.550	69.445	69.450	5
2025-07-29 00:05	69.455	69.465	69.430	69.430	4
2025-07-29 00:10	69.440	69.440	69.378	69.425	4
2025-07-29 00:15	69.430	69.475	69.430	69.450	5
2025-07-29 00:20	69.403	69.450	69.403	69.435	5
2025-07-29 00:25	69.440	69.460	69.393	69.455	4
2025-07-29 00:30	69.408	69.480	69.408	69.460	5
2025-07-29 00:35	69.465	69.465	69.418	69.455	3
2025-07-29 00:40	69.445	69.445	69.425	69.430	5
2025-07-29 00:45	69.435	69.485	69.430	69.480	5
2025-07-29 00:50	69.485	69.490	69.445	69.455	5
2025-07-29 00:55	69.465	69.495	69.455	69.470	5
2025-07-29 01:00	69.455	69.455	69.385	69.390	5
2025-07-29 01:05	69.385	69.400	69.315	69.320	5
2025-07-29 01:10	69.325	69.345	69.300	69.305	5
2025-07-29 01:15	69.310	69.320	69.290	69.305	5
2025-07-29 01:20	69.310	69.345	69.305	69.315	5
2025-07-29 01:25	69.310	69.345	69.310	69.345	4
2025-07-29 01:30	69.350	69.395	69.335	69.335	5
2025-07-29 01:35	69.345	69.355	69.305	69.310	5
2025-07-29 01:40	69.305	69.340	69.300	69.325	5
2025-07-29 01:45	69.335	69.345	69.285	69.290	5
2025-07-29 01:50	69.295	69.320	69.285	69.295	5
2025-07-29 01:55	69.290	69.295	69.265	69.265	5
2025-07-29 02:00	69.255	69.300	69.245	69.300	5
2025-07-29 02:05	69.310	69.325	69.295	69.305	4
2025-07-29 02:10	69.295	69.335	69.295	69.335	5
2025-07-29 02:15	69.330	69.335	69.285	69.290	5
2025-07-29 02:20	69.285	69.295	69.243	69.243	4
2025-07-29 02:25	69.295	69.320	69.285	69.310	5
2025-07-29 02:30	69.315	69.335	69.305	69.315	5
2025-07-29 02:35	69.325	69.345	69.320	69.345	4
2025-07-29 02:40	69.355	69.365	69.350	69.355	5
2025-07-29 02:45	69.345	69.365	69.320	69.365	5
2025-07-29 02:50	69.375	69.420	69.375	69.405	5
2025-07-29 02:55	69.395	69.425	69.395	69.405	5
2025-07-29 03:00	69.410	69.410	69.345	69.345	5
2025-07-29 03:05	69.335	69.345	69.310	69.345	5
2025-07-29 03:10	69.350	69.360	69.335	69.360	4
2025-07-29 03:15	69.365	69.375	69.355	69.365	4
2025-07-29 03:20	69.355	69.390	69.355	69.360	5
2025-07-29 03:25	69.355	69.360	69.305	69.330	5
2025-07-29 03:30	69.335	69.335	69.315	69.320	5
2025-07-29 03:35	69.315	69.315	69.295	69.295	4
2025-07-29 03:40	69.290	69.315	69.290	69.295	5
2025-07-29 03:45	69.300	69.305	69.258	69.305	3
2025-07-29 03:50	69.280	69.280	69.245	69.255	4
2025-07-29 03:55	69.250	69.255	69.215	69.220	5
2025-07-29 04:00	69.215	69.225	69.205	69.205	3
2025-07-29 04:05	69.210	69.225	69.178	69.178	5
2025-07-29 04:10	69.245	69.245	69.215	69.225	4
2025-07-29 04:15	69.230	69.240	69.188	69.235	5
2025-07-29 04:20	69.230	69.255	69.188	69.255	5
2025-07-29 04:25	69.260	69.260	69.168	69.168	4
2025-07-29 04:30	69.210	69.225	69.205	69.205	5
2025-07-29 04:35	69.215	69.215	69.210	69.215	4
2025-07-29 04:40	69.168	69.215	69.168	69.210	4
2025-07-29 04:45	69.163	69.220	69.163	69.220	4
2025-07-29 04:50	69.225	69.255	69.225	69.255	5
2025-07-29 04:55	69.250	69.255	69.240	69.245	4
2025-07-29 05:00	69.235	69.245	69.225	69.225	5
2025-07-29 05:05	69.215	69.220	69.185	69.185	5
2025-07-29 05:10	69.180	69.205	69.165	69.200	5
2025-07-29 05:15	69.205	69.225	69.205	69.215	3
2025-07-29 05:20	69.210	69.225	69.195	69.205	5
2025-07-29 05:25	69.158	69.220	69.158	69.205	5
2025-07-29 05:30	69.225	69.260	69.195	69.215	5
2025-07-29 05:35	69.220	69.250	69.205	69.245	5
2025-07-29 05:40	69.235	69.300	69.235	69.285	5
2025-07-29 05:45	69.295	69.310	69.285	69.285	5
2025-07-29 05:50	69.295	69.300	69.275	69.295	4
2025-07-29 05:55	69.300	69.350	69.300	69.345	5
2025-07-29 06:00	69.335	69.385	69.320	69.380	5
2025-07-29 06:05	69.385	69.420	69.365	69.370	5
2025-07-29 06:10	69.360	69.360	69.315	69.350	5
2025-07-29 06:15	69.345	69.415	69.340	69.395	5
2025-07-29 06:20	69.390	69.390	69.335	69.365	4
2025-07-29 06:25	69.360	69.365	69.335	69.345	5
2025-07-29 06:30	69.350	69.365	69.325	69.355	5
2025-07-29 06:35	69.340	69.365	69.325	69.345	5
2025-07-29 06:40	69.355	69.415	69.345	69.390	5
2025-07-29 06:45	69.395	69.425	69.380	69.385	4
2025-07-29 06:50	69.375	69.400	69.285	69.285	5
2025-07-29 06:55	69.248	69.295	69.248	69.295	5
2025-07-29 07:00	69.290	69.345	69.223	69.320	5
2025-07-29 07:05	69.325	69.325	69.205	69.205	5
2025-07-29 07:10	69.215	69.375	69.215	69.270	5
2025-07-29 07:15	69.265	69.385	69.265	69.375	5
2025-07-29 07:20	69.380	69.440	69.330	69.415	5
2025-07-29 07:25	69.425	69.460	69.365	69.395	5
2025-07-29 07:30	69.375	69.470	69.375	69.435	5
2025-07-29 07:35	69.445	69.475	69.405	69.410	5
2025-07-29 07:40	69.395	69.435	69.380	69.380	5
2025-07-29 07:45	69.385	69.415	69.225	69.285	5
2025-07-29 07:50	69.275	69.285	69.195	69.210	5
2025-07-29 07:55	69.205	69.240	69.195	69.225	5
2025-07-29 08:00	69.245	69.295	69.215	69.235	5
2025-07-29 08:05	69.245	69.320	69.235	69.300	5
2025-07-29 08:10	69.310	69.315	69.235	69.310	5
2025-07-29 08:15	69.315	69.365	69.265	69.330	5
2025-07-29 08:20	69.325	69.475	69.325	69.460	5
2025-07-29 08:25	69.465	69.495	69.435	69.495	5
2025-07-29 08:30	69.505	69.645	69.505	69.640	5
2025-07-29 08:35	69.645	69.715	69.645	69.715	5
2025-07-29 08:40	69.730	69.770	69.665	69.735	5
2025-07-29 08:45	69.740	69.765	69.693	69.745	5
2025-07-29 08:50	69.755	69.800	69.725	69.775	5
2025-07-29 08:55	69.765	69.805	69.725	69.790	5
2025-07-29 09:00	69.795	69.805	69.735	69.775	5
2025-07-29 09:05	69.780	69.785	69.730	69.765	5
2025-07-29 09:10	69.775	69.775	69.735	69.775	5
2025-07-29 09:15	69.745	69.805	69.735	69.775	5
2025-07-29 09:20	69.780	69.805	69.745	69.805	5
2025-07-29 09:25	69.800	69.805	69.740	69.745	5
2025-07-29 09:30	69.755	69.755	69.635	69.655	5
2025-07-29 09:35	69.650	69.775	69.645	69.745	5
2025-07-29 09:40	69.755	69.775	69.735	69.770	5
2025-07-29 09:45	69.765	69.775	69.735	69.745	5
2025-07-29 09:50	69.735	69.735	69.650	69.655	5
2025-07-29 09:55	69.650	69.670	69.625	69.655	5
2025-07-29 10:00	69.650	69.775	69.645	69.685	5
2025-07-29 10:05	69.705	69.705	69.645	69.645	5
2025-07-29 10:10	69.635	69.675	69.635	69.655	5
2025-07-29 10:15	69.665	69.695	69.585	69.585	5
2025-07-29 10:20	69.595	69.625	69.565	69.625	5
2025-07-29 10:25	69.630	69.635	69.585	69.600	5
2025-07-29 10:30	69.605	69.650	69.585	69.635	5
2025-07-29 10:35	69.630	69.630	69.530	69.555	5
2025-07-29 10:40	69.550	69.565	69.445	69.455	5
2025-07-29 10:45	69.450	69.465	69.420	69.445	5
2025-07-29 10:50	69.440	69.455	69.385	69.385	5
2025-07-29 10:55	69.380	69.385	69.355	69.365	5
2025-07-29 11:00	69.375	69.375	69.325	69.365	5
2025-07-29 11:05	69.355	69.385	69.295	69.305	5
2025-07-29 11:10	69.300	69.325	69.290	69.315	5
2025-07-29 11:15	69.310	69.345	69.285	69.305	5
2025-07-29 11:20	69.315	69.365	69.305	69.365	5
2025-07-29 11:25	69.375	69.375	69.325	69.345	5
2025-07-29 11:30	69.355	69.360	69.325	69.330	5
2025-07-29 11:35	69.325	69.345	69.315	69.320	5
2025-07-29 11:40	69.325	69.345	69.310	69.335	5
2025-07-29 11:45	69.345	69.425	69.335	69.425	5
2025-07-29 11:50	69.435	69.505	69.435	69.490	5
2025-07-29 11:55	69.495	69.495	69.435	69.470	5
2025-07-29 12:00	69.450	69.525	69.415	69.505	5
2025-07-29 12:05	69.500	69.555	69.495	69.500	5
2025-07-29 12:10	69.505	69.580	69.505	69.575	5
2025-07-29 12:15	69.570	69.590	69.535	69.555	5
2025-07-29 12:20	69.550	69.665	69.550	69.655	5
2025-07-29 12:25	69.625	69.710	69.615	69.685	5
2025-07-29 12:30	69.695	69.765	69.665	69.755	5
2025-07-29 12:35	69.760	69.765	69.725	69.755	5
2025-07-29 12:40	69.745	69.765	69.710	69.765	5
2025-07-29 12:45	69.755	69.765	69.710	69.735	5
2025-07-29 12:50	69.740	69.755	69.705	69.735	5
2025-07-29 12:55	69.740	69.815	69.735	69.795	5
2025-07-29 13:00	69.785	69.825	69.680	69.825	5
2025-07-29 13:05	69.815	70.005	69.815	69.925	5
2025-07-29 13:10	69.935	69.965	69.868	69.950	5
2025-07-29 13:15	69.955	69.965	69.845	69.850	5
2025-07-29 13:20	69.845	69.935	69.825	69.910	5
2025-07-29 13:25	69.905	69.945	69.855	69.885	5
2025-07-29 13:30	69.890	69.945	69.870	69.895	5
2025-07-29 13:35	69.890	69.920	69.835	69.905	5
2025-07-29 13:40	69.910	69.920	69.835	69.915	5
2025-07-29 13:45	69.925	69.950	69.785	69.820	5
2025-07-29 13:50	69.815	69.960	69.815	69.935	5
2025-07-29 13:55	69.945	70.090	69.940	70.060	5
2025-07-29 14:00	70.065	70.115	70.055	70.075	5
2025-07-29 14:05	70.065	70.085	70.015	70.065	5
2025-07-29 14:10	70.060	70.095	70.030	70.055	5
2025-07-29 14:15	70.045	70.160	70.045	70.095	5
2025-07-29 14:20	70.105	70.190	70.065	70.090	5
2025-07-29 14:25	70.095	70.155	70.080	70.135	5
2025-07-29 14:30	70.140	70.175	70.113	70.145	5
2025-07-29 14:35	70.135	70.145	70.055	70.085	5
2025-07-29 14:40	70.090	70.165	70.065	70.115	5
2025-07-29 14:45	70.105	70.120	70.005	70.045	5
2025-07-29 14:50	70.050	70.100	69.995	70.045	5
2025-07-29 14:55	70.035	70.090	69.985	70.015	5
2025-07-29 15:00	69.990	70.215	69.945	70.185	5
2025-07-29 15:05	70.195	70.215	70.125	70.165	5
2025-07-29 15:10	70.155	70.250	70.155	70.165	5
2025-07-29 15:15	70.175	70.215	70.115	70.135	5
2025-07-29 15:20	70.125	70.125	69.995	70.055	5
2025-07-29 15:25	70.060	70.105	69.985	70.065	5
2025-07-29 15:30	70.075	70.215	70.030	70.155	5
2025-07-29 15:35	70.150	70.215	70.130	70.170	5
2025-07-29 15:40	70.165	70.285	70.155	70.255	5
2025-07-29 15:45	70.250	70.275	70.175	70.275	5
2025-07-29 15:50	70.260	70.275	70.215	70.265	5
2025-07-29 15:55	70.270	70.290	70.220	70.235	5
2025-07-29 16:00	70.245	70.285	70.205	70.285	5
2025-07-29 16:05	70.275	70.375	70.268	70.295	5
2025-07-29 16:10	70.285	70.325	70.255	70.325	5
2025-07-29 16:15	70.320	70.385	70.290	70.375	5
2025-07-29 16:20	70.385	70.385	70.325	70.355	5
2025-07-29 16:25	70.365	70.375	70.335	70.345	5
2025-07-29 16:30	70.350	70.355	70.265	70.285	5
2025-07-29 16:35	70.275	70.285	70.205	70.220	5
2025-07-29 16:40	70.215	70.250	70.195	70.205	5
2025-07-29 16:45	70.200	70.245	70.165	70.205	5
2025-07-29 16:50	70.200	70.260	70.195	70.255	5
2025-07-29 16:55	70.260	70.265	70.240	70.255	5
2025-07-29 17:00	70.250	70.275	70.183	70.235	4
2025-07-29 17:05	70.245	70.305	70.225	70.295	5
2025-07-29 17:10	70.285	70.325	70.280	70.295	5
2025-07-29 17:15	70.305	70.320	70.165	70.195	5
2025-07-29 17:20	70.200	70.290	70.195	70.285	5
2025-07-29 17:25	70.290	70.330	70.280	70.305	5
2025-07-29 17:30	70.300	70.325	70.290	70.315	5
2025-07-29 17:35	70.305	70.630	70.290	70.565	5
2025-07-29 17:40	70.570	71.165	70.565	71.165	5
2025-07-29 17:45	71.160	71.550	71.020	71.295	5
2025-07-29 17:50	71.285	71.445	71.185	71.235	5
2025-07-29 17:55	71.245	71.410	71.195	71.385	5
2025-07-29 18:00	71.395	71.510	71.275	71.465	5
2025-07-29 18:05	71.490	71.510	71.205	71.380	5
2025-07-29 18:10	71.375	71.475	71.325	71.450	5
2025-07-29 18:15	71.455	71.535	71.425	71.510	5
2025-07-29 18:20	71.520	71.680	71.495	71.675	5
2025-07-29 18:25	71.680	71.835	71.615	71.675	5
2025-07-29 18:30	71.665	71.765	71.615	71.730	5
2025-07-29 18:35	71.725	71.920	71.715	71.915	5
2025-07-29 18:40	71.925	71.975	71.870	71.880	5
2025-07-29 18:45	71.875	71.955	71.830	71.935	5
2025-07-29 18:50	71.930	72.185	71.910	72.115	5
2025-07-29 18:55	72.105	72.115	71.895	71.925	5
2025-07-29 19:00	71.915	71.965	71.865	71.870	5
2025-07-29 19:05	71.865	71.925	71.845	71.925	5
2025-07-29 19:10	71.915	71.940	71.885	71.915	5
2025-07-29 19:15	71.905	71.905	71.785	71.805	5
2025-07-29 19:20	71.800	71.815	71.775	71.775	5
2025-07-29 19:25	71.780	71.825	71.775	71.805	5
2025-07-29 19:30	71.815	71.815	71.745	71.790	5
2025-07-29 19:35	71.795	71.820	71.745	71.805	5
2025-07-29 19:40	71.800	71.810	71.765	71.765	5
2025-07-29 19:45	71.760	71.795	71.760	71.775	4
2025-07-29 19:50	71.795	71.830	71.795	71.815	5
2025-07-29 19:55	71.820	71.835	71.795	71.820	5
2025-07-29 20:00	71.815	71.882	71.772	71.882	5
2025-07-29 20:05	71.877	71.907	71.847	71.847	5
2025-07-29 20:10	71.852	71.887	71.792	71.867	5
2025-07-29 20:15	71.872	71.937	71.847	71.887	5
2025-07-29 20:20	71.882	71.902	71.822	71.832	5
2025-07-29 20:25	71.822	71.832	71.822	71.832	4
2025-07-29 20:30	71.837	71.852	71.772	71.782	5
2025-07-29 20:35	71.792	71.817	71.697	71.717	5
2025-07-29 20:40	71.712	71.727	71.602	71.602	5
2025-07-29 20:45	71.597	71.742	71.572	71.737	5
2025-07-29 20:50	71.742	71.762	71.687	71.712	5
2025-07-29 20:55	71.707	71.752	71.702	71.747	5
2025-07-30 00:00	71.637	71.715	71.610	71.705	5
2025-07-30 00:05	71.710	71.740	71.675	71.725	5
2025-07-30 00:10	71.735	71.770	71.705	71.735	5
2025-07-30 00:15	71.715	71.785	71.593	71.665	5
2025-07-30 00:20	71.660	71.680	71.645	71.665	5
2025-07-30 00:25	71.660	71.715	71.650	71.700	5
2025-07-30 00:30	71.695	71.740	71.680	71.700	4
2025-07-30 00:35	71.705	71.775	71.705	71.750	5
2025-07-30 00:40	71.755	71.760	71.695	71.745	5
2025-07-30 00:45	71.735	71.755	71.678	71.725	5
2025-07-30 00:50	71.678	71.795	71.678	71.765	5
2025-07-30 00:55	71.785	71.795	71.735	71.745	4
2025-07-30 01:00	71.705	71.705	71.565	71.665	5
2025-07-30 01:05	71.670	71.760	71.655	71.685	5
2025-07-30 01:10	71.675	71.695	71.655	71.670	5
2025-07-30 01:15	71.675	71.705	71.605	71.665	5
2025-07-30 01:20	71.650	71.675	71.580	71.590	5
2025-07-30 01:25	71.585	71.660	71.585	71.645	5
2025-07-30 01:30	71.635	71.655	71.540	71.640	5
2025-07-30 01:35	71.645	71.755	71.625	71.735	5
2025-07-30 01:40	71.730	71.735	71.685	71.725	5
2025-07-30 01:45	71.730	71.735	71.685	71.725	5
2025-07-30 01:50	71.730	71.745	71.725	71.725	5
2025-07-30 01:55	71.715	71.755	71.715	71.745	5
2025-07-30 02:00	71.755	71.755	71.685	71.705	5
2025-07-30 02:05	71.695	71.725	71.695	71.725	5
2025-07-30 02:10	71.730	71.765	71.725	71.745	5
2025-07-30 02:15	71.750	71.750	71.705	71.720	5
2025-07-30 02:20	71.715	71.755	71.715	71.725	5
2025-07-30 02:25	71.730	71.760	71.725	71.755	5
2025-07-30 02:30	71.750	71.765	71.725	71.735	4
2025-07-30 02:35	71.725	71.740	71.705	71.710	5
2025-07-30 02:40	71.705	71.725	71.685	71.705	5
2025-07-30 02:45	71.700	71.725	71.685	71.725	4
2025-07-30 02:50	71.720	71.725	71.635	71.655	4
2025-07-30 02:55	71.665	71.700	71.625	71.640	5
2025-07-30 03:00	71.645	71.655	71.585	71.605	5
2025-07-30 03:05	71.595	71.610	71.585	71.585	5
2025-07-30 03:10	71.590	71.615	71.585	71.585	4
2025-07-30 03:15	71.538	71.585	71.525	71.565	5
2025-07-30 03:20	71.555	71.575	71.550	71.575	5
2025-07-30 03:25	71.595	71.625	71.575	71.600	5
2025-07-30 03:30	71.595	71.605	71.570	71.570	5
2025-07-30 03:35	71.565	71.625	71.565	71.620	5
2025-07-30 03:40	71.615	71.665	71.575	71.650	5
2025-07-30 03:45	71.645	71.705	71.615	71.680	5
2025-07-30 03:50	71.685	71.705	71.685	71.705	3
2025-07-30 03:55	71.700	71.775	71.700	71.760	4
2025-07-30 04:00	71.765	71.810	71.745	71.810	5
2025-07-30 04:05	71.820	71.835	71.800	71.835	5
2025-07-30 04:10	71.830	71.835	71.790	71.810	4
2025-07-30 04:15	71.805	71.805	71.738	71.790	4
2025-07-30 04:20	71.785	71.815	71.785	71.810	5
2025-07-30 04:25	71.805	71.815	71.748	71.748	4
2025-07-30 04:30	71.795	71.795	71.748	71.785	4
2025-07-30 04:35	71.738	71.805	71.738	71.780	4
2025-07-30 04:40	71.775	71.775	71.728	71.775	5
2025-07-30 04:45	71.765	71.775	71.718	71.765	5
2025-07-30 04:50	71.770	71.800	71.770	71.785	5
2025-07-30 04:55	71.780	71.785	71.750	71.765	5
2025-07-30 05:00	71.760	71.770	71.708	71.765	5
2025-07-30 05:05	71.770	71.770	71.755	71.760	4
2025-07-30 05:10	71.755	71.765	71.708	71.755	5
2025-07-30 05:15	71.708	71.755	71.708	71.725	5
2025-07-30 05:20	71.715	71.745	71.698	71.735	5
2025-07-30 05:25	71.740	71.740	71.670	71.675	5
2025-07-30 05:30	71.685	71.735	71.685	71.730	5
2025-07-30 05:35	71.735	71.735	71.665	71.675	5
2025-07-30 05:40	71.680	71.680	71.645	71.660	5
2025-07-30 05:45	71.655	71.670	71.630	71.635	5
2025-07-30 05:50	71.630	71.635	71.595	71.610	5
2025-07-30 05:55	71.615	71.640	71.595	71.615	5
2025-07-30 06:00	71.605	71.605	71.515	71.515	5
2025-07-30 06:05	71.520	71.565	71.515	71.525	5
2025-07-30 06:10	71.535	71.575	71.510	71.550	5
2025-07-30 06:15	71.555	71.625	71.555	71.585	5
2025-07-30 06:20	71.595	71.600	71.545	71.565	5
2025-07-30 06:25	71.575	71.625	71.570	71.615	5
2025-07-30 06:30	71.620	71.700	71.615	71.670	5
2025-07-30 06:35	71.675	71.705	71.655	71.685	5
2025-07-30 06:40	71.690	71.695	71.665	71.675	5
2025-07-30 06:45	71.680	71.730	71.665	71.720	5
2025-07-30 06:50	71.725	71.815	71.715	71.745	5
2025-07-30 06:55	71.755	71.765	71.735	71.745	5
2025-07-30 07:00	71.755	71.755	71.685	71.745	5
2025-07-30 07:05	71.760	71.765	71.685	71.710	5
2025-07-30 07:10	71.715	71.745	71.705	71.725	5
2025-07-30 07:15	71.720	71.765	71.710	71.710	5
2025-07-30 07:20	71.715	71.735	71.680	71.730	5
2025-07-30 07:25	71.735	71.840	71.733	71.795	4
2025-07-30 07:30	71.805	71.895	71.795	71.865	5
2025-07-30 07:35	71.875	72.095	71.875	72.075	5
2025-07-30 07:40	72.065	72.145	72.055	72.130	5
2025-07-30 07:45	72.125	72.215	72.105	72.115	5
2025-07-30 07:50	72.125	72.140	72.075	72.105	5
2025-07-30 07:55	72.115	72.185	72.095	72.160	5
2025-07-30 08:00	72.175	72.195	72.095	72.140	5
2025-07-30 08:05	72.135	72.155	72.025	72.085	5
2025-07-30 08:10	72.080	72.105	71.920	71.925	5
2025-07-30 08:15	71.915	71.925	71.635	71.695	5
2025-07-30 08:20	71.685	71.755	71.595	71.745	5
2025-07-30 08:25	71.735	71.855	71.735	71.785	5
2025-07-30 08:30	71.775	71.775	71.610	71.670	5
2025-07-30 08:35	71.675	71.675	71.485	71.505	5
2025-07-30 08:40	71.495	71.515	71.275	71.275	5
2025-07-30 08:45	71.285	71.425	71.265	71.425	5
2025-07-30 08:50	71.420	71.475	71.350	71.355	5
2025-07-30 08:55	71.345	71.405	71.325	71.375	5
2025-07-30 09:00	71.365	71.365	71.265	71.330	5
2025-07-30 09:05	71.335	71.385	71.275	71.315	5
2025-07-30 09:10	71.320	71.360	71.265	71.270	5
2025-07-30 09:15	71.275	71.315	71.245	71.265	5
2025-07-30 09:20	71.255	71.315	71.235	71.270	5
2025-07-30 09:25	71.265	71.285	71.235	71.275	5
2025-07-30 09:30	71.270	71.355	71.255	71.335	5
2025-07-30 09:35	71.330	71.335	71.220	71.225	5
2025-07-30 09:40	71.230	71.265	71.230	71.255	5
2025-07-30 09:45	71.265	71.355	71.255	71.265	5
2025-07-30 09:50	71.260	71.265	71.155	71.225	5
2025-07-30 09:55	71.245	71.245	71.175	71.235	5
2025-07-30 10:00	71.230	71.255	71.165	71.255	4
2025-07-30 10:05	71.235	71.255	71.165	71.180	5
2025-07-30 10:10	71.175	71.175	71.060	71.080	5
2025-07-30 10:15	71.075	71.095	70.990	71.005	5
2025-07-30 10:20	71.015	71.070	71.005	71.025	5
2025-07-30 10:25	71.020	71.035	70.965	71.035	5
2025-07-30 10:30	71.030	71.055	70.920	70.920	5
2025-07-30 10:35	70.925	70.975	70.905	70.905	5
2025-07-30 10:40	70.910	70.950	70.905	70.930	5
2025-07-30 10:45	70.925	70.995	70.915	70.965	5
2025-07-30 10:50	70.970	70.985	70.960	70.980	5
2025-07-30 10:55	70.985	71.085	70.985	71.005	5
2025-07-30 11:00	71.015	71.045	70.955	70.955	5
2025-07-30 11:05	70.965	70.980	70.935	70.970	5
2025-07-30 11:10	70.965	71.085	70.965	71.075	5
2025-07-30 11:15	71.085	71.115	71.060	71.105	5
2025-07-30 11:20	71.115	71.135	71.105	71.115	5
2025-07-30 11:25	71.120	71.165	71.085	71.125	5
2025-07-30 11:30	71.130	71.185	71.085	71.165	5
2025-07-30 11:35	71.175	71.215	71.170	71.195	5
2025-07-30 11:40	71.210	71.295	71.205	71.295	5
2025-07-30 11:45	71.305	71.355	71.295	71.335	5
2025-07-30 11:50	71.325	71.415	71.325	71.385	5
2025-07-30 11:55	71.375	71.385	71.335	71.365	5
2025-07-30 12:00	71.395	71.475	71.375	71.465	5
2025-07-30 12:05	71.455	71.715	71.455	71.675	5
2025-07-30 12:10	71.665	71.945	71.610	71.780	5
2025-07-30 12:15	71.790	71.815	71.655	71.755	5
2025-07-30 12:20	71.750	71.765	71.690	71.710	5
2025-07-30 12:25	71.705	71.705	71.600	71.665	5
2025-07-30 12:30	71.670	71.820	71.665	71.805	5
2025-07-30 12:35	71.815	72.060	71.815	72.060	5
2025-07-30 12:40	72.055	72.065	71.935	71.975	5
2025-07-30 12:45	71.965	71.980	71.805	71.805	5
2025-07-30 12:50	71.795	71.875	71.725	71.865	5
2025-07-30 12:55	71.855	72.040	71.828	72.025	5
2025-07-30 13:00	72.020	72.020	71.805	71.860	5
2025-07-30 13:05	71.855	71.890	71.785	71.830	5
2025-07-30 13:10	71.825	71.940	71.805	71.875	5
2025-07-30 13:15	71.890	72.005	71.885	71.975	5
2025-07-30 13:20	71.980	72.025	71.940	72.010	5
2025-07-30 13:25	72.005	72.105	72.005	72.085	5
2025-07-30 13:30	72.075	72.075	71.945	72.035	5
2025-07-30 13:35	72.045	72.155	72.040	72.155	5
2025-07-30 13:40	72.145	72.155	72.025	72.045	5
2025-07-30 13:45	72.050	72.100	71.940	72.015	5
2025-07-30 13:50	72.010	72.095	71.925	71.960	5
2025-07-30 13:55	71.955	72.055	71.935	71.975	5
2025-07-30 14:00	71.980	72.070	71.975	72.005	5
2025-07-30 14:05	72.010	72.065	71.965	71.970	5
2025-07-30 14:10	71.965	72.020	71.935	71.975	5
2025-07-30 14:15	71.980	72.015	71.945	71.960	5
2025-07-30 14:20	71.965	72.025	71.905	71.965	5
2025-07-30 14:25	71.960	71.985	71.855	71.890	5
2025-07-30 14:30	71.885	71.900	71.705	71.840	5
2025-07-30 14:35	71.835	71.995	71.830	71.905	5
2025-07-30 14:40	71.895	72.010	71.885	71.925	5
2025-07-30 14:45	71.935	72.075	71.905	72.025	5
2025-07-30 14:50	72.030	72.095	71.995	71.995	5
2025-07-30 14:55	71.985	72.095	71.970	72.075	5
2025-07-30 15:00	72.085	72.225	72.053	72.155	5
2025-07-30 15:05	72.160	72.250	72.095	72.125	5
2025-07-30 15:10	72.135	72.165	72.055	72.070	5
2025-07-30 15:15	72.075	72.145	72.040	72.115	5
2025-07-30 15:20	72.125	72.190	71.995	72.030	5
2025-07-30 15:25	72.025	72.165	72.025	72.070	5
2025-07-30 15:30	72.060	72.250	72.060	72.205	5
2025-07-30 15:35	72.225	72.295	72.185	72.285	5
2025-07-30 15:40	72.275	72.325	72.260	72.305	5
2025-07-30 15:45	72.300	72.305	72.240	72.275	5
2025-07-30 15:50	72.285	72.515	72.245	72.485	5
2025-07-30 15:55	72.480	72.545	72.455	72.475	5
2025-07-30 16:00	72.465	72.635	72.465	72.625	5
2025-07-30 16:05	72.615	72.625	72.475	72.495	5
2025-07-30 16:10	72.490	72.600	72.465	72.565	5
2025-07-30 16:15	72.555	72.565	72.445	72.540	5
2025-07-30 16:20	72.535	72.565	72.410	72.425	5
2025-07-30 16:25	72.420	72.455	72.365	72.415	5
2025-07-30 16:30	72.420	72.485	72.405	72.450	5
2025-07-30 16:35	72.445	72.535	72.435	72.500	5
2025-07-30 16:40	72.505	72.575	72.490	72.535	5
2025-07-30 16:45	72.540	72.565	72.515	72.565	5
2025-07-30 16:50	72.560	72.575	72.495	72.545	5
2025-07-30 16:55	72.555	72.585	72.515	72.545	5
2025-07-30 17:00	72.540	72.595	72.470	72.575	5
2025-07-30 17:05	72.565	72.645	72.545	72.595	5
2025-07-30 17:10	72.585	72.625	72.580	72.585	5
2025-07-30 17:15	72.575	72.675	72.575	72.675	5
2025-07-30 17:20	72.665	72.685	72.655	72.675	5
2025-07-30 17:25	72.665	72.705	72.655	72.705	5
2025-07-30 17:30	72.715	72.750	72.680	72.720	5
2025-07-30 17:35	72.725	72.795	72.715	72.785	5
2025-07-30 17:40	72.790	72.805	72.765	72.785	5
2025-07-30 17:45	72.790	72.810	72.765	72.795	5
2025-07-30 17:50	72.785	72.805	72.715	72.735	5
2025-07-30 17:55	72.740	72.750	72.655	72.735	5
2025-07-30 18:00	72.720	72.740	72.580	72.615	5
2025-07-30 18:05	72.605	72.640	72.373	72.420	5
2025-07-30 18:10	72.415	72.535	72.385	72.495	5
2025-07-30 18:15	72.500	72.545	72.385	72.420	5
2025-07-30 18:20	72.415	72.525	72.400	72.435	5
2025-07-30 18:25	72.430	72.505	72.305	72.505	5
2025-07-30 18:30	72.485	72.525	72.383	72.435	5
2025-07-30 18:35	72.430	72.500	72.423	72.465	5
2025-07-30 18:40	72.455	72.615	72.445	72.575	5
2025-07-30 18:45	72.565	72.575	72.510	72.510	5
2025-07-30 18:50	72.515	72.615	72.485	72.600	5
2025-07-30 18:55	72.595	72.605	72.543	72.555	5
2025-07-30 19:00	72.545	72.555	72.450	72.555	5
2025-07-30 19:05	72.560	72.575	72.515	72.540	5
2025-07-30 19:10	72.545	72.585	72.535	72.555	5
2025-07-30 19:15	72.560	72.605	72.525	72.575	5
2025-07-30 19:20	72.580	72.640	72.565	72.570	5
2025-07-30 19:25	72.585	72.595	72.525	72.560	5
2025-07-30 19:30	72.555	72.585	72.535	72.560	5
2025-07-30 19:35	72.555	72.565	72.515	72.515	5
2025-07-30 19:40	72.510	72.575	72.505	72.575	5
2025-07-30 19:45	72.585	72.680	72.585	72.665	5
2025-07-30 19:50	72.670	72.765	72.635	72.755	5
2025-07-30 19:55	72.745	72.800	72.735	72.745	5
2025-07-30 20:00	72.740	72.740	72.657	72.682	5
2025-07-30 20:05	72.687	72.697	72.662	72.662	5
2025-07-30 20:10	72.667	72.687	72.662	72.677	5
2025-07-30 20:15	72.672	72.692	72.662	72.687	5
2025-07-30 20:20	72.677	72.687	72.637	72.667	5
2025-07-30 20:25	72.672	72.672	72.622	72.622	5
2025-07-30 20:30	72.612	72.652	72.602	72.647	5
2025-07-30 20:35	72.642	72.677	72.628	72.652	5
2025-07-30 20:40	72.662	72.682	72.632	72.637	5
2025-07-30 20:45	72.632	72.662	72.632	72.647	5
2025-07-30 20:50	72.642	72.687	72.622	72.637	5
2025-07-30 20:55	72.632	72.667	72.632	72.647	5
2025-07-31 00:00	72.727	72.805	72.685	72.725	5
2025-07-31 00:05	72.710	72.755	72.710	72.730	5
2025-07-31 00:10	72.735	72.735	72.720	72.720	5
2025-07-31 00:15	72.715	72.735	72.705	72.725	5
2025-07-31 00:20	72.720	72.745	72.695	72.735	5
2025-07-31 00:25	72.740	72.765	72.725	72.760	5
2025-07-31 00:30	72.765	72.790	72.735	72.740	5
2025-07-31 00:35	72.735	72.755	72.680	72.745	5
2025-07-31 00:40	72.740	72.745	72.715	72.730	5
2025-07-31 00:45	72.725	72.735	72.695	72.730	5
2025-07-31 00:50	72.735	72.735	72.685	72.705	5
2025-07-31 00:55	72.700	72.700	72.575	72.590	5
2025-07-31 01:00	72.600	72.610	72.535	72.560	5
2025-07-31 01:05	72.555	72.575	72.540	72.545	5
2025-07-31 01:10	72.540	72.560	72.535	72.545	5
2025-07-31 01:15	72.535	72.535	72.475	72.475	5
2025-07-31 01:20	72.480	72.525	72.475	72.475	5
2025-07-31 01:25	72.485	72.500	72.455	72.475	5
2025-07-31 01:30	72.490	72.525	72.435	72.450	5
2025-07-31 01:35	72.455	72.500	72.455	72.465	5
2025-07-31 01:40	72.475	72.475	72.435	72.445	5
2025-07-31 01:45	72.450	72.450	72.415	72.445	5
2025-07-31 01:50	72.440	72.445	72.365	72.380	5
2025-07-31 01:55	72.385	72.405	72.375	72.390	5
2025-07-31 02:00	72.395	72.395	72.325	72.390	5
2025-07-31 02:05	72.395	72.410	72.385	72.390	5
2025-07-31 02:10	72.395	72.395	72.340	72.340	5
2025-07-31 02:15	72.345	72.345	72.275	72.295	3
2025-07-31 02:20	72.300	72.340	72.295	72.330	5
2025-07-31 02:25	72.325	72.330	72.305	72.315	5
2025-07-31 02:30	72.310	72.320	72.285	72.310	5
2025-07-31 02:35	72.315	72.365	72.305	72.340	5
2025-07-31 02:40	72.345	72.395	72.340	72.385	4
2025-07-31 02:45	72.375	72.390	72.360	72.365	5
2025-07-31 02:50	72.355	72.370	72.355	72.365	5
2025-07-31 02:55	72.355	72.390	72.355	72.375	4
2025-07-31 03:00	72.385	72.390	72.330	72.340	5
2025-07-31 03:05	72.335	72.360	72.295	72.350	5
2025-07-31 03:10	72.340	72.365	72.320	72.360	5
2025-07-31 03:15	72.355	72.365	72.345	72.350	5
2025-07-31 03:20	72.345	72.375	72.340	72.345	5
2025-07-31 03:25	72.325	72.335	72.275	72.325	5
2025-07-31 03:30	72.330	72.375	72.325	72.375	5
2025-07-31 03:35	72.370	72.375	72.328	72.365	5
2025-07-31 03:40	72.330	72.340	72.295	72.305	4
2025-07-31 03:45	72.310	72.315	72.270	72.285	5
2025-07-31 03:50	72.290	72.315	72.268	72.268	4
2025-07-31 03:55	72.325	72.325	72.233	72.233	4
2025-07-31 04:00	72.285	72.295	72.255	72.260	5
2025-07-31 04:05	72.265	72.290	72.250	72.290	5
2025-07-31 04:10	72.295	72.340	72.285	72.295	5
2025-07-31 04:15	72.290	72.290	72.245	72.250	5
2025-07-31 04:20	72.255	72.280	72.250	72.270	5
2025-07-31 04:25	72.265	72.280	72.185	72.195	5
2025-07-31 04:30	72.200	72.215	72.180	72.210	5
2025-07-31 04:35	72.215	72.235	72.215	72.215	5
2025-07-31 04:40	72.210	72.235	72.185	72.210	5
2025-07-31 04:45	72.215	72.225	72.210	72.215	5
2025-07-31 04:50	72.168	72.225	72.168	72.205	3
2025-07-31 04:55	72.195	72.225	72.195	72.205	5
2025-07-31 05:00	72.210	72.225	72.178	72.200	5
2025-07-31 05:05	72.205	72.215	72.158	72.205	5
2025-07-31 05:10	72.210	72.225	72.195	72.210	5
2025-07-31 05:15	72.215	72.215	72.158	72.195	5
2025-07-31 05:20	72.180	72.180	72.128	72.160	5
2025-07-31 05:25	72.155	72.210	72.150	72.180	5
2025-07-31 05:30	72.185	72.225	72.165	72.170	5
2025-07-31 05:35	72.165	72.275	72.165	72.255	5
2025-07-31 05:40	72.250	72.265	72.210	72.250	5
2025-07-31 05:45	72.245	72.280	72.230	72.245	5
2025-07-31 05:50	72.255	72.275	72.250	72.265	5
2025-07-31 05:55	72.260	72.345	72.260	72.340	5
2025-07-31 06:00	72.345	72.475	72.325	72.470	5
2025-07-31 06:05	72.490	72.495	72.340	72.345	5
2025-07-31 06:10	72.335	72.375	72.285	72.295	5
2025-07-31 06:15	72.285	72.285	72.185	72.200	5
2025-07-31 06:20	72.205	72.265	72.205	72.245	5
2025-07-31 06:25	72.235	72.250	72.155	72.170	5
2025-07-31 06:30	72.175	72.205	72.155	72.170	5
2025-07-31 06:35	72.175	72.220	72.150	72.205	5
2025-07-31 06:40	72.210	72.235	72.155	72.190	5
2025-07-31 06:45	72.195	72.245	72.175	72.230	4
2025-07-31 06:50	72.225	72.225	72.160	72.200	5
2025-07-31 06:55	72.195	72.275	72.185	72.255	5
2025-07-31 07:00	72.260	72.265	72.190	72.235	5
2025-07-31 07:05	72.230	72.420	72.230	72.420	5
2025-07-31 07:10	72.430	72.445	72.325	72.395	5
2025-07-31 07:15	72.400	72.410	72.350	72.370	5
2025-07-31 07:20	72.365	72.385	72.325	72.345	5
2025-07-31 07:25	72.340	72.365	72.300	72.345	5
2025-07-31 07:30	72.355	72.410	72.335	72.410	5
2025-07-31 07:35	72.405	72.465	72.395	72.455	5
2025-07-31 07:40	72.465	72.490	72.425	72.470	5
2025-07-31 07:45	72.465	72.565	72.460	72.565	5
2025-07-31 07:50	72.555	72.605	72.525	72.565	5
2025-07-31 07:55	72.523	72.575	72.505	72.505	5
2025-07-31 08:00	72.495	72.540	72.405	72.455	5
2025-07-31 08:05	72.450	72.490	72.435	72.475	5
2025-07-31 08:10	72.465	72.475	72.335	72.360	5
2025-07-31 08:15	72.365	72.380	72.275	72.315	5
2025-07-31 08:20	72.325	72.425	72.315	72.415	5
2025-07-31 08:25	72.405	72.435	72.335	72.435	5
2025-07-31 08:30	72.445	72.445	72.355	72.415	5
2025-07-31 08:35	72.410	72.415	72.185	72.185	5
2025-07-31 08:40	72.195	72.330	72.135	72.265	5
2025-07-31 08:45	72.260	72.300	72.175	72.175	5
2025-07-31 08:50	72.185	72.275	72.135	72.245	5
2025-07-31 08:55	72.235	72.290	72.235	72.280	5
2025-07-31 09:00	72.275	72.285	72.205	72.215	5
2025-07-31 09:05	72.245	72.285	72.195	72.205	5
2025-07-31 09:10	72.200	72.280	72.155	72.165	5
2025-07-31 09:15	72.175	72.225	72.085	72.090	5
2025-07-31 09:20	72.095	72.210	72.090	72.145	5
2025-07-31 09:25	72.155	72.215	72.115	72.180	5
2025-07-31 09:30	72.175	72.175	72.045	72.055	5
2025-07-31 09:35	72.065	72.065	71.965	71.985	5
2025-07-31 09:40	71.995	72.005	71.785	71.795	5
2025-07-31 09:45	71.790	71.875	71.785	71.840	5
2025-07-31 09:50	71.835	71.885	71.815	71.845	5
2025-07-31 09:55	71.855	71.855	71.765	71.780	5
2025-07-31 10:00	71.775	71.825	71.750	71.805	5
2025-07-31 10:05	71.815	71.835	71.780	71.805	5
2025-07-31 10:10	71.815	71.910	71.805	71.895	5
2025-07-31 10:15	71.890	71.945	71.805	71.895	5
2025-07-31 10:20	71.890	71.990	71.885	71.990	5
2025-07-31 10:25	71.995	72.005	71.955	71.985	5
2025-07-31 10:30	71.990	72.060	71.965	72.045	5
2025-07-31 10:35	72.055	72.075	72.025	72.045	5
2025-07-31 10:40	72.035	72.055	72.035	72.035	4
2025-07-31 10:45	72.025	72.065	72.005	72.055	5
2025-07-31 10:50	72.060	72.060	71.965	71.970	5
2025-07-31 10:55	71.975	72.065	71.955	72.055	5
2025-07-31 11:00	72.050	72.075	71.985	71.985	5
2025-07-31 11:05	71.975	71.995	71.860	71.890	5
2025-07-31 11:10	71.895	71.945	71.885	71.945	5
2025-07-31 11:15	71.935	71.945	71.865	71.865	5
2025-07-31 11:20	71.860	71.990	71.805	71.980	5
2025-07-31 11:25	71.985	71.990	71.840	71.905	5
2025-07-31 11:30	71.915	72.025	71.910	72.000	5
2025-07-31 11:35	72.005	72.050	71.955	71.970	5
2025-07-31 11:40	71.985	72.065	71.985	72.005	5
2025-07-31 11:45	72.000	72.025	71.960	71.965	5
2025-07-31 11:50	71.960	72.095	71.955	72.085	5
2025-07-31 11:55	72.095	72.155	72.025	72.025	5
2025-07-31 12:00	72.030	72.050	71.990	72.000	5
2025-07-31 12:05	71.995	72.005	71.885	71.900	5
2025-07-31 12:10	71.895	71.905	71.855	71.875	5
2025-07-31 12:15	71.870	71.970	71.860	71.965	5
2025-07-31 12:20	71.970	71.975	71.925	71.965	5
2025-07-31 12:25	71.960	72.015	71.955	71.985	5
2025-07-31 12:30	71.960	72.040	71.935	71.960	5
2025-07-31 12:35	71.955	72.030	71.955	71.985	5
2025-07-31 12:40	71.980	72.010	71.905	71.965	5
2025-07-31 12:45	71.960	71.965	71.870	71.895	5
2025-07-31 12:50	71.890	71.990	71.885	71.980	5
2025-07-31 12:55	71.975	72.005	71.920	71.925	5
2025-07-31 13:00	71.935	72.015	71.765	71.765	5
2025-07-31 13:05	71.755	71.905	71.750	71.775	5
2025-07-31 13:10	71.790	71.815	71.585	71.605	5
2025-07-31 13:15	71.595	71.725	71.590	71.725	5
2025-07-31 13:20	71.735	71.810	71.665	71.680	5
2025-07-31 13:25	71.685	71.785	71.665	71.765	5
2025-07-31 13:30	71.760	71.805	71.680	71.695	5
2025-07-31 13:35	71.690	71.750	71.645	71.725	5
2025-07-31 13:40	71.735	71.735	71.620	71.705	5
2025-07-31 13:45	71.710	71.910	71.695	71.895	5
2025-07-31 13:50	71.905	71.925	71.845	71.855	5
2025-07-31 13:55	71.845	71.885	71.835	71.845	5
2025-07-31 14:00	71.835	71.845	71.775	71.805	5
2025-07-31 14:05	71.800	71.935	71.780	71.905	5
2025-07-31 14:10	71.920	72.185	71.920	72.140	5
2025-07-31 14:15	72.145	72.215	72.130	72.155	5
2025-07-31 14:20	72.165	72.195	72.105	72.125	5
2025-07-31 14:25	72.130	72.140	72.050	72.130	5
2025-07-31 14:30	72.125	72.125	71.965	72.020	5
2025-07-31 14:35	72.015	72.035	71.915	71.915	5
2025-07-31 14:40	71.925	71.935	71.785	71.855	5
2025-07-31 14:45	71.850	71.865	71.705	71.715	5
2025-07-31 14:50	71.725	71.725	71.655	71.660	5
2025-07-31 14:55	71.655	71.660	71.505	71.515	5
2025-07-31 15:00	71.473	71.575	71.285	71.335	5
2025-07-31 15:05	71.330	71.330	71.215	71.240	5
2025-07-31 15:10	71.245	71.260	71.135	71.175	5
2025-07-31 15:15	71.165	71.215	71.085	71.150	5
2025-07-31 15:20	71.145	71.270	71.140	71.205	5
2025-07-31 15:25	71.210	71.245	70.995	71.170	5
2025-07-31 15:30	71.175	71.235	71.090	71.195	5
2025-07-31 15:35	71.185	71.255	71.040	71.110	5
2025-07-31 15:40	71.115	71.155	71.045	71.135	5
2025-07-31 15:45	71.140	71.185	70.985	71.015	5
2025-07-31 15:50	71.035	71.145	71.030	71.135	5
2025-07-31 15:55	71.130	71.140	71.075	71.095	5
2025-07-31 16:00	71.105	71.255	71.075	71.255	5
2025-07-31 16:05	71.250	71.505	71.245	71.445	5
2025-07-31 16:10	71.440	71.470	71.340	71.345	5
2025-07-31 16:15	71.340	71.435	71.335	71.415	5
2025-07-31 16:20	71.410	71.475	71.390	71.470	5
2025-07-31 16:25	71.465	71.555	71.455	71.515	5
2025-07-31 16:30	71.520	71.655	71.520	71.625	5
2025-07-31 16:35	71.615	71.775	71.615	71.765	5
2025-07-31 16:40	71.795	71.835	71.745	71.755	5
2025-07-31 16:45	71.760	71.775	71.695	71.735	5
2025-07-31 16:50	71.745	71.765	71.670	71.695	5
2025-07-31 16:55	71.700	71.710	71.630	71.675	5
2025-07-31 17:00	71.645	71.665	71.555	71.605	5
2025-07-31 17:05	71.615	71.705	71.615	71.685	5
2025-07-31 17:10	71.690	71.715	71.635	71.685	5
2025-07-31 17:15	71.695	71.745	71.555	71.555	5
2025-07-31 17:20	71.565	71.585	71.515	71.550	5
2025-07-31 17:25	71.545	71.575	71.435	71.515	5
2025-07-31 17:30	71.505	71.535	71.375	71.375	5
2025-07-31 17:35	71.365	71.490	71.335	71.490	5
2025-07-31 17:40	71.495	71.495	71.405	71.465	5
2025-07-31 17:45	71.475	71.550	71.475	71.495	5
2025-07-31 17:50	71.485	71.490	71.355	71.395	5
2025-07-31 17:55	71.390	71.485	71.355	71.485	5
2025-07-31 18:00	71.490	71.575	71.405	71.445	5
2025-07-31 18:05	71.465	71.485	71.300	71.335	5
2025-07-31 18:10	71.330	71.455	71.330	71.415	5
2025-07-31 18:15	71.425	71.465	71.345	71.375	5
2025-07-31 18:20	71.380	71.485	71.375	71.480	5
2025-07-31 18:25	71.475	71.725	71.475	71.715	5
2025-07-31 18:30	71.705	71.855	71.695	71.720	5
2025-07-31 18:35	71.715	71.715	71.655	71.695	5
2025-07-31 18:40	71.690	71.715	71.675	71.680	5
2025-07-31 18:45	71.675	71.685	71.635	71.670	5
2025-07-31 18:50	71.675	71.675	71.605	71.635	5
2025-07-31 18:55	71.625	71.635	71.610	71.625	5
2025-07-31 19:00	71.620	71.625	71.565	71.565	5
2025-07-31 19:05	71.575	71.605	71.495	71.510	5
2025-07-31 19:10	71.505	71.510	71.475	71.485	5
2025-07-31 19:15	71.490	71.545	71.490	71.530	5
2025-07-31 19:20	71.535	71.555	71.500	71.515	5
2025-07-31 19:25	71.510	71.540	71.475	71.540	5
2025-07-31 19:30	71.545	71.565	71.520	71.535	5
2025-07-31 19:35	71.540	71.590	71.535	71.585	5
2025-07-31 19:40	71.575	71.605	71.555	71.565	5
2025-07-31 19:45	71.570	71.570	71.485	71.495	5
2025-07-31 19:50	71.490	71.525	71.460	71.525	5
2025-07-31 19:55	71.515	71.595	71.510	71.585	5
2025-07-31 20:00	71.538	71.662	71.522	71.662	5
2025-07-31 20:05	71.672	71.802	71.672	71.792	5
2025-07-31 20:10	71.797	71.837	71.772	71.837	5
2025-07-31 20:15	71.832	71.847	71.802	71.812	5
2025-07-31 20:20	71.817	71.837	71.772	71.797	5
2025-07-31 20:25	71.807	71.812	71.712	71.717	5
2025-07-31 20:30	71.693	71.782	71.693	71.737	5
2025-07-31 20:35	71.732	71.777	71.712	71.777	5
2025-07-31 20:40	71.782	71.812	71.762	71.767	5
2025-07-31 20:45	71.772	71.787	71.742	71.752	5
2025-07-31 20:50	71.757	71.812	71.737	71.797	5
2025-07-31 20:55	71.792	71.802	71.757	71.767	5
2025-08-01 00:00	71.810	71.825	71.655	71.745	5
2025-08-01 00:05	71.740	71.790	71.695	71.780	5
2025-08-01 00:10	71.785	71.785	71.725	71.750	5
2025-08-01 00:15	71.745	71.815	71.745	71.815	5
2025-08-01 00:20	71.820	71.825	71.785	71.785	5
2025-08-01 00:25	71.775	71.805	71.765	71.790	5
2025-08-01 00:30	71.785	71.815	71.768	71.815	5
2025-08-01 00:35	71.810	71.810	71.748	71.748	5
2025-08-01 00:40	71.815	71.835	71.758	71.825	3
2025-08-01 00:45	71.820	71.820	71.735	71.735	5
2025-08-01 00:50	71.740	71.755	71.705	71.705	5
2025-08-01 00:55	71.700	71.720	71.665	71.670	5
2025-08-01 01:00	71.665	71.740	71.630	71.710	5
2025-08-01 01:05	71.715	71.745	71.685	71.690	5
2025-08-01 01:10	71.695	71.730	71.690	71.725	5
2025-08-01 01:15	71.730	71.735	71.685	71.685	5
2025-08-01 01:20	71.700	71.715	71.648	71.705	5
2025-08-01 01:25	71.700	71.705	71.685	71.695	4
2025-08-01 01:30	71.710	71.740	71.695	71.740	5
2025-08-01 01:35	71.735	71.780	71.690	71.690	5
2025-08-01 01:40	71.695	71.705	71.620	71.655	5
2025-08-01 01:45	71.650	71.695	71.635	71.670	5
2025-08-01 01:50	71.665	71.700	71.615	71.645	5
2025-08-01 01:55	71.655	71.755	71.655	71.755	5
2025-08-01 02:00	71.750	71.825	71.745	71.770	5
2025-08-01 02:05	71.765	71.770	71.640	71.700	5
2025-08-01 02:10	71.705	71.725	71.690	71.705	5
2025-08-01 02:15	71.710	71.715	71.608	71.650	5
2025-08-01 02:20	71.655	71.660	71.575	71.605	5
2025-08-01 02:25	71.600	71.625	71.595	71.620	5
2025-08-01 02:30	71.630	71.630	71.570	71.585	5
2025-08-01 02:35	71.590	71.660	71.590	71.660	5
2025-08-01 02:40	71.650	71.650	71.565	71.605	5
2025-08-01 02:45	71.600	71.605	71.548	71.575	5
2025-08-01 02:50	71.565	71.630	71.555	71.620	5
2025-08-01 02:55	71.615	71.670	71.610	71.670	5
2025-08-01 03:00	71.680	71.695	71.635	71.655	5
2025-08-01 03:05	71.665	71.795	71.660	71.795	5
2025-08-01 03:10	71.785	71.825	71.760	71.775	5
2025-08-01 03:15	71.780	71.785	71.755	71.760	5
2025-08-01 03:20	71.770	71.805	71.738	71.790	5
2025-08-01 03:25	71.785	71.790	71.750	71.760	5
2025-08-01 03:30	71.755	71.780	71.750	71.775	5
2025-08-01 03:35	71.770	71.780	71.755	71.775	4
2025-08-01 03:40	71.780	71.835	71.765	71.835	5
2025-08-01 03:45	71.788	71.845	71.768	71.815	5
2025-08-01 03:50	71.810	71.825	71.800	71.800	4
2025-08-01 03:55	71.795	71.845	71.775	71.835	5
2025-08-01 04:00	71.830	71.890	71.820	71.885	5
2025-08-01 04:05	71.880	71.905	71.855	71.895	5
2025-08-01 04:10	71.848	71.925	71.848	71.895	5
2025-08-01 04:15	71.890	71.910	71.838	71.905	5
2025-08-01 04:20	71.895	71.930	71.895	71.915	5
2025-08-01 04:25	71.910	71.920	71.868	71.910	5
2025-08-01 04:30	71.915	71.915	71.868	71.910	5
2025-08-01 04:35	71.915	71.962	71.868	71.930	5
2025-08-01 04:40	71.925	71.925	71.858	71.885	5
2025-08-01 04:45	71.880	71.905	71.848	71.848	5
2025-08-01 04:50	71.885	71.885	71.818	71.860	5
2025-08-01 04:55	71.865	71.870	71.818	71.865	5
2025-08-01 05:00	71.870	71.900	71.865	71.870	5
2025-08-01 05:05	71.880	71.885	71.845	71.855	5
2025-08-01 05:10	71.860	71.865	71.795	71.825	5
2025-08-01 05:15	71.815	71.840	71.768	71.830	5
2025-08-01 05:20	71.835	71.840	71.748	71.805	5
2025-08-01 05:25	71.810	71.820	71.795	71.805	5
2025-08-01 05:30	71.800	71.800	71.755	71.770	5
2025-08-01 05:35	71.760	71.765	71.680	71.715	5
2025-08-01 05:40	71.710	71.735	71.690	71.730	5
2025-08-01 05:45	71.725	71.835	71.715	71.820	5
2025-08-01 05:50	71.825	71.835	71.800	71.820	5
2025-08-01 05:55	71.825	71.825	71.715	71.745	5
2025-08-01 06:00	71.750	71.905	71.750	71.865	5
2025-08-01 06:05	71.870	71.915	71.780	71.785	5
2025-08-01 06:10	71.775	71.775	71.720	71.745	5
2025-08-01 06:15	71.740	71.745	71.670	71.695	5
2025-08-01 06:20	71.710	71.710	71.655	71.685	5
2025-08-01 06:25	71.680	71.680	71.555	71.560	5
2025-08-01 06:30	71.570	71.580	71.525	71.575	5
2025-08-01 06:35	71.570	71.645	71.550	71.635	5
2025-08-01 06:40	71.630	71.635	71.600	71.620	5
2025-08-01 06:45	71.615	71.690	71.610	71.640	5
2025-08-01 06:50	71.635	71.655	71.600	71.635	5
2025-08-01 06:55	71.615	71.685	71.595	71.640	5
2025-08-01 07:00	71.655	71.745	71.605	71.720	5
2025-08-01 07:05	71.725	71.725	71.575	71.615	5
2025-08-01 07:10	71.625	71.650	71.580	71.630	5
2025-08-01 07:15	71.635	71.645	71.540	71.540	5
2025-08-01 07:20	71.525	71.555	71.425	71.545	5
2025-08-01 07:25	71.550	71.585	71.485	71.535	5
2025-08-01 07:30	71.520	71.740	71.485	71.735	5
2025-08-01 07:35	71.740	71.740	71.595	71.595	5
2025-08-01 07:40	71.565	71.645	71.535	71.625	5
2025-08-01 07:45	71.630	71.730	71.615	71.725	5
2025-08-01 07:50	71.730	71.755	71.650	71.665	5
2025-08-01 07:55	71.660	71.675	71.625	71.665	5
2025-08-01 08:00	71.635	71.725	71.625	71.725	5
2025-08-01 08:05	71.720	71.875	71.680	71.835	5
2025-08-01 08:10	71.840	71.895	71.780	71.805	5
2025-08-01 08:15	71.800	71.905	71.790	71.885	5
2025-08-01 08:20	71.890	71.895	71.820	71.845	5
2025-08-01 08:25	71.855	71.930	71.815	71.825	5
2025-08-01 08:30	71.815	71.905	71.705	71.705	5
2025-08-01 08:35	71.715	71.715	71.425	71.445	5
2025-08-01 08:40	71.440	71.440	71.250	71.370	5
2025-08-01 08:45	71.345	71.420	71.265	71.365	5
2025-08-01 08:50	71.355	71.365	71.205	71.325	5
2025-08-01 08:55	71.330	71.435	71.300	71.330	5
2025-08-01 09:00	71.335	71.450	71.280	71.415	5
2025-08-01 09:05	71.405	71.445	71.350	71.360	5
2025-08-01 09:10	71.365	71.395	71.270	71.275	5
2025-08-01 09:15	71.280	71.280	71.165	71.225	5
2025-08-01 09:20	71.235	71.350	71.195	71.350	5
2025-08-01 09:25	71.345	71.405	71.250	71.260	5
2025-08-01 09:30	71.265	71.295	71.195	71.230	5
2025-08-01 09:35	71.235	71.380	71.235	71.380	5
2025-08-01 09:40	71.375	71.425	71.355	71.400	5
2025-08-01 09:45	71.395	71.485	71.380	71.475	5
2025-08-01 09:50	71.465	71.475	71.370	71.375	5
2025-08-01 09:55	71.385	71.535	71.385	71.525	5
2025-08-01 10:00	71.535	71.545	71.335	71.420	5
2025-08-01 10:05	71.425	71.485	71.385	71.465	5
2025-08-01 10:10	71.470	71.490	71.410	71.485	5
2025-08-01 10:15	71.480	71.510	71.435	71.455	5
2025-08-01 10:20	71.460	71.460	71.400	71.435	5
2025-08-01 10:25	71.430	71.465	71.420	71.425	5
2025-08-01 10:30	71.420	71.605	71.410	71.535	5
2025-08-01 10:35	71.530	71.535	71.315	71.335	5
2025-08-01 10:40	71.340	71.340	71.245	71.275	5
2025-08-01 10:45	71.280	71.285	71.210	71.215	5
2025-08-01 10:50	71.240	71.240	71.045	71.075	5
2025-08-01 10:55	71.080	71.080	70.985	71.025	5
2025-08-01 11:00	71.035	71.165	71.035	71.065	5
2025-08-01 11:05	71.060	71.070	70.990	71.035	5
2025-08-01 11:10	71.045	71.135	70.995	71.095	5
2025-08-01 11:15	71.080	71.115	70.905	70.965	5
2025-08-01 11:20	70.955	71.070	70.910	71.045	5
2025-08-01 11:25	71.035	71.045	70.985	71.035	5
2025-08-01 11:30	71.040	71.075	71.035	71.065	5
2025-08-01 11:35	71.060	71.090	71.005	71.040	5
2025-08-01 11:40	71.035	71.065	71.015	71.035	5
2025-08-01 11:45	71.040	71.085	71.030	71.035	5
2025-08-01 11:50	71.030	71.195	71.025	71.155	5
2025-08-01 11:55	71.160	71.170	71.090	71.115	5
2025-08-01 12:00	71.105	71.220	71.075	71.190	5
2025-08-01 12:05	71.185	71.270	71.175	71.240	5
2025-08-01 12:10	71.250	71.465	71.220	71.405	5
2025-08-01 12:15	71.395	71.475	71.335	71.445	5
2025-08-01 12:20	71.450	71.465	71.335	71.465	5
2025-08-01 12:25	71.455	71.785	71.313	71.565	5
2025-08-01 12:30	71.567	71.655	71.450	71.545	5
2025-08-01 12:35	71.550	71.620	71.460	71.495	5
2025-08-01 12:40	71.490	71.730	71.480	71.725	5
2025-08-01 12:45	71.730	71.730	71.365	71.460	5
2025-08-01 12:50	71.465	71.555	71.415	71.525	5
2025-08-01 12:55	71.535	71.685	71.475	71.515	5
2025-08-01 13:00	71.540	71.760	71.465	71.645	5
2025-08-01 13:05	71.630	71.705	71.515	71.645	5
2025-08-01 13:10	71.640	71.680	71.535	71.670	5
2025-08-01 13:15	71.665	71.825	71.645	71.760	5
2025-08-01 13:20	71.730	71.745	71.400	71.555	5
2025-08-01 13:25	71.550	71.600	71.475	71.595	5
2025-08-01 13:30	71.533	71.660	71.235	71.290	5
2025-08-01 13:35	71.228	71.350	71.190	71.210	5
2025-08-01 13:40	71.215	71.285	71.195	71.260	5
2025-08-01 13:45	71.265	71.275	71.023	71.070	5
2025-08-01 13:50	71.065	71.105	70.795	70.865	5
2025-08-01 13:55	70.875	70.890	70.785	70.785	5
2025-08-01 14:00	70.743	70.745	70.255	70.315	5
2025-08-01 14:05	70.320	70.365	70.045	70.060	5
2025-08-01 14:10	70.050	70.255	69.995	70.045	5
2025-08-01 14:15	70.050	70.435	70.050	70.345	5
2025-08-01 14:20	70.355	70.460	70.285	70.340	5
2025-08-01 14:25	70.345	70.345	70.135	70.180	5
2025-08-01 14:30	70.175	70.275	70.085	70.145	5
2025-08-01 14:35	70.140	70.210	69.995	70.001	5
2025-08-01 14:40	69.999	69.999	69.605	69.645	5
2025-08-01 14:45	69.655	69.835	69.610	69.655	5
2025-08-01 14:50	69.650	69.815	69.635	69.685	5
2025-08-01 14:55	69.680	69.795	69.615	69.635	5
2025-08-01 15:00	69.685	69.835	69.685	69.760	5
2025-08-01 15:05	69.750	69.895	69.735	69.795	5
2025-08-01 15:10	69.805	69.915	69.735	69.765	5
2025-08-01 15:15	69.755	69.835	69.658	69.720	5
2025-08-01 15:20	69.715	69.740	69.655	69.675	5
2025-08-01 15:25	69.680	69.755	69.590	69.695	5
2025-08-01 15:30	69.700	69.795	69.615	69.705	5
2025-08-01 15:35	69.715	69.725	69.605	69.615	5
2025-08-01 15:40	69.610	69.715	69.595	69.685	5
2025-08-01 15:45	69.695	69.715	69.625	69.675	5
2025-08-01 15:50	69.685	69.775	69.650	69.735	5
2025-08-01 15:55	69.725	69.745	69.670	69.715	5
2025-08-01 16:00	69.673	69.855	69.663	69.795	5
2025-08-01 16:05	69.805	69.965	69.805	69.865	5
2025-08-01 16:10	69.855	69.885	69.615	69.645	5
2025-08-01 16:15	69.650	69.705	69.595	69.705	5
2025-08-01 16:20	69.695	69.775	69.675	69.725	5
2025-08-01 16:25	69.735	69.755	69.615	69.625	5
2025-08-01 16:30	69.620	69.625	69.400	69.505	5
2025-08-01 16:35	69.510	69.570	69.465	69.525	5
2025-08-01 16:40	69.505	69.525	69.455	69.475	5
2025-08-01 16:45	69.470	69.515	69.435	69.455	5
2025-08-01 16:50	69.460	69.825	69.425	69.760	5
2025-08-01 16:55	69.765	70.030	69.750	69.810	5
2025-08-01 17:00	69.815	69.975	69.810	69.870	5
2025-08-01 17:05	69.865	69.865	69.725	69.790	5
2025-08-01 17:10	69.785	69.835	69.605	69.635	5
2025-08-01 17:15	69.630	69.695	69.585	69.645	5
2025-08-01 17:20	69.650	69.735	69.635	69.645	5
2025-08-01 17:25	69.635	69.685	69.585	69.670	5
2025-08-01 17:30	69.675	69.695	69.595	69.595	5
2025-08-01 17:35	69.605	69.765	69.605	69.715	5
2025-08-01 17:40	69.720	69.725	69.615	69.655	5
2025-08-01 17:45	69.665	69.695	69.595	69.685	5
2025-08-01 17:50	69.695	69.735	69.685	69.715	5
2025-08-01 17:55	69.700	69.735	69.600	69.640	5
2025-08-01 18:00	69.655	69.665	69.600	69.625	5
2025-08-01 18:05	69.620	69.640	69.570	69.620	5
2025-08-01 18:10	69.625	69.650	69.590	69.600	5
2025-08-01 18:15	69.615	69.685	69.605	69.665	5
2025-08-01 18:20	69.660	69.705	69.645	69.685	5
2025-08-01 18:25	69.675	69.690	69.595	69.660	5
2025-08-01 18:30	69.655	69.675	69.435	69.465	5
2025-08-01 18:35	69.475	69.560	69.455	69.555	5
2025-08-01 18:40	69.545	69.620	69.510	69.615	5
2025-08-01 18:45	69.610	69.660	69.580	69.655	5
2025-08-01 18:50	69.660	69.660	69.555	69.555	5
2025-08-01 18:55	69.550	69.595	69.535	69.575	5
2025-08-01 19:00	69.585	69.615	69.565	69.585	5
2025-08-01 19:05	69.580	69.585	69.550	69.560	5
2025-08-01 19:10	69.565	69.570	69.535	69.540	5
2025-08-01 19:15	69.545	69.580	69.535	69.575	5
2025-08-01 19:20	69.570	69.570	69.485	69.485	5
2025-08-01 19:25	69.490	69.515	69.485	69.510	5
2025-08-01 19:30	69.505	69.540	69.473	69.515	5
2025-08-01 19:35	69.520	69.520	69.435	69.440	5
2025-08-01 19:40	69.425	69.445	69.405	69.410	5
2025-08-01 19:45	69.415	69.465	69.405	69.440	5
2025-08-01 19:50	69.450	69.520	69.435	69.515	5
2025-08-01 19:55	69.510	69.545	69.495	69.515	5
2025-08-01 20:00	69.520	69.607	69.502	69.537	5
2025-08-01 20:05	69.542	69.547	69.477	69.477	5
2025-08-01 20:10	69.482	69.512	69.482	69.482	5
2025-08-01 20:15	69.467	69.477	69.452	69.467	5
2025-08-01 20:20	69.462	69.472	69.432	69.437	5
2025-08-01 20:25	69.422	69.437	69.422	69.437	4
2025-08-01 20:30	69.432	69.432	69.402	69.422	5
2025-08-01 20:35	69.412	69.427	69.392	69.422	5
2025-08-01 20:40	69.417	69.442	69.412	69.417	5
2025-08-01 20:45	69.407	69.417	69.392	69.397	5
2025-08-01 20:50	69.387	69.422	69.377	69.422	5
2025-08-01 20:55	69.432	69.497	69.417	69.477	5
2025-08-04 00:00	69.275	69.275	69.190	69.245	5
2025-08-04 00:05	69.260	69.285	69.180	69.180	5
2025-08-04 00:10	69.175	69.260	69.155	69.240	5
2025-08-04 00:15	69.245	69.320	69.235	69.320	5
2025-08-04 00:20	69.325	69.330	69.275	69.290	5
2025-08-04 00:25	69.295	69.335	69.270	69.325	5
2025-08-04 00:30	69.305	69.305	69.240	69.255	5
2025-08-04 00:35	69.265	69.320	69.258	69.300	5
2025-08-04 00:40	69.295	69.310	69.285	69.295	5
2025-08-04 00:45	69.305	69.305	69.275	69.280	5
2025-08-04 00:50	69.285	69.355	69.285	69.340	5
2025-08-04 00:55	69.355	69.420	69.340	69.420	5
2025-08-04 01:00	69.415	69.500	69.385	69.415	5
2025-08-04 01:05	69.410	69.410	69.330	69.365	5
2025-08-04 01:10	69.360	69.360	69.220	69.245	5
2025-08-04 01:15	69.240	69.255	69.135	69.195	5
2025-08-04 01:20	69.200	69.240	69.165	69.210	5
2025-08-04 01:25	69.205	69.245	69.190	69.220	5
2025-08-04 01:30	69.215	69.315	69.215	69.285	5
2025-08-04 01:35	69.275	69.345	69.275	69.320	5
2025-08-04 01:40	69.325	69.415	69.325	69.405	5
2025-08-04 01:45	69.415	69.445	69.365	69.440	5
2025-08-04 01:50	69.435	69.445	69.358	69.395	5
2025-08-04 01:55	69.385	69.475	69.350	69.455	5
2025-08-04 02:00	69.460	69.545	69.460	69.495	5
2025-08-04 02:05	69.490	69.495	69.435	69.475	5
2025-08-04 02:10	69.470	69.475	69.410	69.410	5
2025-08-04 02:15	69.405	69.425	69.385	69.425	5
2025-08-04 02:20	69.430	69.460	69.425	69.455	5
2025-08-04 02:25	69.460	69.485	69.445	69.445	5
2025-08-04 02:30	69.440	69.455	69.420	69.430	5
2025-08-04 02:35	69.435	69.455	69.405	69.415	5
2025-08-04 02:40	69.425	69.530	69.415	69.520	5
2025-08-04 02:45	69.515	69.555	69.495	69.525	5
2025-08-04 02:50	69.515	69.520	69.490	69.510	5
2025-08-04 02:55	69.515	69.525	69.478	69.490	5
2025-08-04 03:00	69.485	69.520	69.465	69.505	5
2025-08-04 03:05	69.500	69.545	69.485	69.530	5
2025-08-04 03:10	69.525	69.530	69.490	69.505	5
2025-08-04 03:15	69.510	69.515	69.405	69.435	5
2025-08-04 03:20	69.440	69.470	69.430	69.465	5
2025-08-04 03:25	69.460	69.505	69.450	69.475	5
2025-08-04 03:30	69.480	69.490	69.418	69.480	5
2025-08-04 03:35	69.485	69.510	69.443	69.490	5
2025-08-04 03:40	69.495	69.500	69.460	69.465	5
2025-08-04 03:45	69.460	69.465	69.445	69.455	5
2025-08-04 03:50	69.470	69.475	69.435	69.455	5
2025-08-04 03:55	69.408	69.475	69.408	69.465	5
2025-08-04 04:00	69.460	69.485	69.438	69.450	5
2025-08-04 04:05	69.455	69.455	69.385	69.390	5
2025-08-04 04:10	69.395	69.395	69.360	69.395	5
2025-08-04 04:15	69.390	69.395	69.338	69.375	4
2025-08-04 04:20	69.385	69.395	69.380	69.395	5
2025-08-04 04:25	69.348	69.455	69.348	69.445	5
2025-08-04 04:30	69.430	69.435	69.415	69.420	4
2025-08-04 04:35	69.425	69.425	69.395	69.395	4
2025-08-04 04:40	69.400	69.430	69.395	69.425	5
2025-08-04 04:45	69.420	69.560	69.420	69.510	5
2025-08-04 04:50	69.515	69.515	69.443	69.470	5
2025-08-04 04:55	69.465	69.475	69.398	69.440	5
2025-08-04 05:00	69.445	69.455	69.408	69.445	5
2025-08-04 05:05	69.450	69.455	69.398	69.450	5
2025-08-04 05:10	69.445	69.455	69.425	69.435	5
2025-08-04 05:15	69.425	69.470	69.378	69.470	5
2025-08-04 05:20	69.465	69.505	69.460	69.500	5
2025-08-04 05:25	69.505	69.520	69.453	69.510	5
2025-08-04 05:30	69.505	69.540	69.470	69.480	5
2025-08-04 05:35	69.485	69.495	69.465	69.490	5
2025-08-04 05:40	69.510	69.520	69.485	69.500	5
2025-08-04 05:45	69.505	69.505	69.430	69.448	5
2025-08-04 05:50	69.500	69.625	69.500	69.615	5
2025-08-04 05:55	69.620	69.635	69.595	69.620	5
2025-08-04 06:00	69.625	69.655	69.620	69.655	5
2025-08-04 06:05	69.650	69.705	69.650	69.705	4
2025-08-04 06:10	69.700	69.805	69.680	69.795	5
2025-08-04 06:15	69.785	69.805	69.735	69.745	5
2025-08-04 06:20	69.740	69.775	69.715	69.720	5
2025-08-04 06:25	69.725	69.730	69.665	69.685	5
2025-08-04 06:30	69.638	69.720	69.638	69.695	5
2025-08-04 06:35	69.700	69.755	69.695	69.725	5
2025-08-04 06:40	69.720	69.750	69.710	69.740	5
2025-08-04 06:45	69.735	69.805	69.695	69.775	5
2025-08-04 06:50	69.765	69.850	69.745	69.845	5
2025-08-04 06:55	69.850	69.855	69.790	69.795	5
2025-08-04 07:00	69.785	69.795	69.755	69.790	5
2025-08-04 07:05	69.795	69.905	69.785	69.880	5
2025-08-04 07:10	69.885	69.885	69.665	69.675	5
2025-08-04 07:15	69.680	69.745	69.670	69.725	5
2025-08-04 07:20	69.720	69.875	69.715	69.875	5
2025-08-04 07:25	69.865	69.955	69.865	69.935	5
2025-08-04 07:30	69.945	69.945	69.790	69.795	5
2025-08-04 07:35	69.805	69.805	69.645	69.660	5
2025-08-04 07:40	69.645	69.725	69.635	69.725	5
2025-08-04 07:45	69.720	69.725	69.635	69.680	5
2025-08-04 07:50	69.685	69.695	69.665	69.665	5
2025-08-04 07:55	69.655	69.755	69.625	69.735	5
2025-08-04 08:00	69.725	69.755	69.645	69.695	5
2025-08-04 08:05	69.685	69.700	69.615	69.615	5
2025-08-04 08:10	69.600	69.600	69.465	69.470	5
2025-08-04 08:15	69.475	69.500	69.435	69.440	5
2025-08-04 08:20	69.445	69.445	69.335	69.405	5
2025-08-04 08:25	69.420	69.445	69.305	69.375	5
2025-08-04 08:30	69.365	69.475	69.115	69.145	5
2025-08-04 08:35	69.130	69.165	68.825	68.875	5
2025-08-04 08:40	68.880	68.905	68.795	68.885	5
2025-08-04 08:45	68.905	68.915	68.795	68.850	5
2025-08-04 08:50	68.845	68.860	68.755	68.795	5
2025-08-04 08:55	68.785	68.825	68.705	68.780	5
2025-08-04 09:00	68.775	68.910	68.755	68.815	5
2025-08-04 09:05	68.805	68.965	68.795	68.945	5
2025-08-04 09:10	68.960	68.995	68.895	68.965	5
2025-08-04 09:15	68.950	68.965	68.885	68.895	5
2025-08-04 09:20	68.900	68.985	68.895	68.925	5
2025-08-04 09:25	68.940	68.965	68.860	68.930	5
2025-08-04 09:30	68.925	68.935	68.785	68.850	5
2025-08-04 09:35	68.855	68.925	68.785	68.815	5
2025-08-04 09:40	68.800	68.925	68.765	68.920	5
2025-08-04 09:45	68.925	69.005	68.890	68.910	5
2025-08-04 09:50	68.915	68.935	68.835	68.850	5
2025-08-04 09:55	68.845	68.885	68.745	68.745	5
2025-08-04 10:00	68.740	68.845	68.715	68.755	5
2025-08-04 10:05	68.765	68.805	68.745	68.795	5
2025-08-04 10:10	68.805	68.865	68.795	68.855	5
2025-08-04 10:15	68.835	68.870	68.825	68.830	5
2025-08-04 10:20	68.825	68.865	68.825	68.835	5
2025-08-04 10:25	68.830	68.835	68.505	68.555	5
2025-08-04 10:30	68.550	68.585	68.535	68.550	5
2025-08-04 10:35	68.545	68.620	68.505	68.575	5
2025-08-04 10:40	68.580	68.645	68.535	68.575	5
2025-08-04 10:45	68.565	68.645	68.565	68.635	5
2025-08-04 10:50	68.615	68.650	68.590	68.630	5
2025-08-04 10:55	68.635	68.635	68.555	68.570	5
2025-08-04 11:00	68.585	68.585	68.425	68.505	5
2025-08-04 11:05	68.470	68.535	68.455	68.525	5
2025-08-04 11:10	68.535	68.535	68.485	68.515	5
2025-08-04 11:15	68.520	68.520	68.393	68.475	5
2025-08-04 11:20	68.465	68.550	68.465	68.520	5
2025-08-04 11:25	68.515	68.555	68.405	68.450	5
2025-08-04 11:30	68.445	68.565	68.395	68.525	5
2025-08-04 11:35	68.540	68.555	68.490	68.495	5
2025-08-04 11:40	68.485	68.535	68.415	68.450	5
2025-08-04 11:45	68.445	68.520	68.435	68.465	5
2025-08-04 11:50	68.475	68.515	68.435	68.435	5
2025-08-04 11:55	68.415	68.520	68.415	68.435	5
2025-08-04 12:00	68.425	68.425	68.195	68.215	5
2025-08-04 12:05	68.205	68.345	68.205	68.330	5
2025-08-04 12:10	68.325	68.355	68.275	68.335	5
2025-08-04 12:15	68.345	68.475	68.325	68.470	5
2025-08-04 12:20	68.465	68.505	68.390	68.405	5
2025-08-04 12:25	68.385	68.435	68.353	68.395	5
2025-08-04 12:30	68.385	68.385	68.305	68.305	5
2025-08-04 12:35	68.295	68.375	68.285	68.310	5
2025-08-04 12:40	68.305	68.310	68.205	68.225	5
2025-08-04 12:45	68.210	68.215	68.070	68.080	5
2025-08-04 12:50	68.085	68.125	68.045	68.085	5
2025-08-04 12:55	68.080	68.085	68.034	68.034	5
2025-08-04 13:00	68.045	68.275	68.040	68.145	5
2025-08-04 13:05	68.140	68.180	68.034	68.065	5
2025-08-04 13:10	68.075	68.090	68.025	68.055	5
2025-08-04 13:15	68.045	68.210	68.045	68.130	5
2025-08-04 13:20	68.135	68.245	68.100	68.210	5
2025-08-04 13:25	68.205	68.235	68.110	68.125	5
2025-08-04 13:30	68.120	68.165	68.063	68.085	5
2025-08-04 13:35	68.090	68.175	68.034	68.135	5
2025-08-04 13:40	68.130	68.175	68.055	68.095	5
2025-08-04 13:45	68.075	68.140	68.034	68.090	5
2025-08-04 13:50	68.085	68.185	68.065	68.155	5
2025-08-04 13:55	68.160	68.185	68.065	68.120	5
2025-08-04 14:00	68.125	68.270	68.065	68.210	5
2025-08-04 14:05	68.205	68.325	68.133	68.305	5
2025-08-04 14:10	68.300	68.515	68.295	68.480	5
2025-08-04 14:15	68.485	68.485	68.280	68.285	5
2025-08-04 14:20	68.290	68.555	68.275	68.525	5
2025-08-04 14:25	68.535	68.600	68.505	68.525	5
2025-08-04 14:30	68.535	68.645	68.505	68.505	5
2025-08-04 14:35	68.515	68.635	68.495	68.635	5
2025-08-04 14:40	68.625	68.695	68.615	68.640	5
2025-08-04 14:45	68.635	68.850	68.635	68.815	5
2025-08-04 14:50	68.810	69.267	68.773	69.170	5
2025-08-04 14:55	69.165	69.325	69.103	69.255	5
2025-08-04 15:00	69.235	69.240	69.065	69.115	5
2025-08-04 15:05	69.095	69.185	69.000	69.145	5
2025-08-04 15:10	69.160	69.260	69.110	69.185	5
2025-08-04 15:15	69.180	69.185	68.995	69.000	5
2025-08-04 15:20	69.005	69.095	68.985	69.090	5
2025-08-04 15:25	69.095	69.215	69.065	69.195	5
2025-08-04 15:30	69.205	69.360	69.195	69.305	5
2025-08-04 15:35	69.295	69.305	69.110	69.205	5
2025-08-04 15:40	69.210	69.225	69.130	69.225	5
2025-08-04 15:45	69.235	69.275	69.115	69.135	5
2025-08-04 15:50	69.125	69.205	69.080	69.185	5
2025-08-04 15:55	69.200	69.200	69.135	69.145	5
2025-08-04 16:00	69.150	69.205	69.085	69.155	5
2025-08-04 16:05	69.135	69.165	69.000	69.035	5
2025-08-04 16:10	69.025	69.035	68.870	68.965	5
2025-08-04 16:15	68.955	69.045	68.945	69.025	5
2025-08-04 16:20	69.015	69.040	68.930	68.975	5
2025-08-04 16:25	68.985	68.985	68.915	68.930	5
2025-08-04 16:30	68.935	68.935	68.855	68.900	5
2025-08-04 16:35	68.895	68.905	68.815	68.845	5
2025-08-04 16:40	68.855	68.865	68.785	68.785	5
2025-08-04 16:45	68.790	68.825	68.755	68.800	5
2025-08-04 16:50	68.795	68.795	68.710	68.725	5
2025-08-04 16:55	68.715	68.795	68.705	68.750	5
2025-08-04 17:00	68.765	68.815	68.705	68.780	5
2025-08-04 17:05	68.785	68.835	68.730	68.755	5
2025-08-04 17:10	68.765	68.855	68.760	68.775	5
2025-08-04 17:15	68.770	68.810	68.715	68.790	5
2025-08-04 17:20	68.785	68.795	68.725	68.775	5
2025-08-04 17:25	68.795	68.795	68.720	68.775	5
2025-08-04 17:30	68.800	68.880	68.725	68.735	5
2025-08-04 17:35	68.745	68.790	68.710	68.790	5
2025-08-04 17:40	68.785	68.845	68.770	68.845	5
2025-08-04 17:45	68.850	68.855	68.670	68.705	5
2025-08-04 17:50	68.720	68.760	68.705	68.755	5
2025-08-04 17:55	68.745	68.765	68.720	68.735	5
2025-08-04 18:00	68.730	68.765	68.695	68.750	5
2025-08-04 18:05	68.745	68.750	68.680	68.710	5
2025-08-04 18:10	68.715	68.730	68.700	68.715	5
2025-08-04 18:15	68.730	68.870	68.725	68.865	5
2025-08-04 18:20	68.870	68.885	68.685	68.695	5
2025-08-04 18:25	68.705	68.790	68.700	68.735	5
2025-08-04 18:30	68.755	68.765	68.635	68.650	5
2025-08-04 18:35	68.645	68.645	68.545	68.560	5
2025-08-04 18:40	68.555	68.575	68.540	68.565	5
2025-08-04 18:45	68.545	68.570	68.530	68.555	5
2025-08-04 18:50	68.550	68.625	68.525	68.615	5
2025-08-04 18:55	68.625	68.635	68.595	68.635	5
2025-08-04 19:00	68.625	68.695	68.620	68.685	5
2025-08-04 19:05	68.680	68.680	68.625	68.630	5
2025-08-04 19:10	68.635	68.645	68.600	68.600	5
2025-08-04 19:15	68.595	68.635	68.585	68.625	5
2025-08-04 19:20	68.630	68.690	68.630	68.685	5
2025-08-04 19:25	68.695	68.695	68.660	68.685	5
2025-08-04 19:30	68.680	68.690	68.655	68.655	4
2025-08-04 19:35	68.645	68.655	68.585	68.620	5
2025-08-04 19:40	68.625	68.625	68.600	68.620	4
2025-08-04 19:45	68.615	68.620	68.585	68.585	5
2025-08-04 19:50	68.580	68.585	68.450	68.540	5
2025-08-04 19:55	68.535	68.575	68.510	68.575	5
2025-08-04 20:00	68.570	68.587	68.547	68.567	5
2025-08-04 20:05	68.577	68.592	68.547	68.587	5
2025-08-04 20:10	68.592	68.602	68.578	68.587	5
2025-08-04 20:15	68.582	68.602	68.563	68.592	5
2025-08-04 20:20	68.602	68.602	68.563	68.563	5
2025-08-04 20:25	68.577	68.577	68.553	68.572	3
2025-08-04 20:30	68.548	68.587	68.548	68.582	5
2025-08-04 20:35	68.572	68.577	68.552	68.572	5
2025-08-04 20:40	68.548	68.617	68.548	68.587	5
2025-08-04 20:45	68.582	68.642	68.582	68.642	5
2025-08-04 20:50	68.652	68.672	68.637	68.662	5
2025-08-04 20:55	68.657	68.677	68.647	68.667	5
2025-08-05 00:00	68.750	68.835	68.720	68.825	5
2025-08-05 00:05	68.820	68.830	68.765	68.785	5
2025-08-05 00:10	68.765	68.765	68.715	68.740	5
2025-08-05 00:15	68.770	68.780	68.735	68.750	5
2025-08-05 00:20	68.755	68.755	68.708	68.730	5
2025-08-05 00:25	68.735	68.755	68.688	68.750	4
2025-08-05 00:30	68.755	68.755	68.683	68.735	5
2025-08-05 00:35	68.688	68.745	68.688	68.735	5
2025-08-05 00:40	68.745	68.755	68.708	68.735	5
2025-08-05 00:45	68.725	68.755	68.725	68.735	5
2025-08-05 00:50	68.730	68.730	68.690	68.695	5
2025-08-05 00:55	68.690	68.695	68.665	68.685	5
2025-08-05 01:00	68.680	68.805	68.680	68.795	5
2025-08-05 01:05	68.790	68.850	68.765	68.825	5
2025-08-05 01:10	68.820	68.835	68.725	68.740	5
2025-08-05 01:15	68.745	68.745	68.685	68.700	5
2025-08-05 01:20	68.695	68.710	68.685	68.705	5
2025-08-05 01:25	68.715	68.735	68.685	68.720	5
2025-08-05 01:30	68.725	68.855	68.715	68.830	5
2025-08-05 01:35	68.835	68.835	68.770	68.775	5
2025-08-05 01:40	68.770	68.790	68.750	68.760	5
2025-08-05 01:45	68.765	68.765	68.665	68.720	5
2025-08-05 01:50	68.715	68.725	68.705	68.725	5
2025-08-05 01:55	68.730	68.730	68.678	68.715	5
2025-08-05 02:00	68.725	68.735	68.695	68.695	5
2025-08-05 02:05	68.685	68.705	68.680	68.700	5
2025-08-05 02:10	68.705	68.710	68.685	68.685	5
2025-08-05 02:15	68.638	68.695	68.638	68.648	5
2025-08-05 02:20	68.685	68.685	68.675	68.675	1
2025-08-05 02:25	68.655	68.665	68.600	68.605	4
2025-08-05 02:30	68.595	68.610	68.565	68.600	5
2025-08-05 02:35	68.595	68.605	68.590	68.605	5
2025-08-05 02:40	68.600	68.660	68.600	68.645	5
2025-08-05 02:45	68.650	68.655	68.555	68.590	5
2025-08-05 02:50	68.600	68.620	68.580	68.615	5
2025-08-05 02:55	68.620	68.625	68.585	68.590	5
2025-08-05 03:00	68.585	68.585	68.545	68.545	5
2025-08-05 03:05	68.540	68.545	68.505	68.515	5
2025-08-05 03:10	68.520	68.535	68.485	68.505	5
2025-08-05 03:15	68.510	68.525	68.510	68.520	5
2025-08-05 03:20	68.515	68.565	68.515	68.535	5
2025-08-05 03:25	68.530	68.545	68.500	68.520	5
2025-08-05 03:30	68.525	68.555	68.515	68.550	5
2025-08-05 03:35	68.555	68.600	68.550	68.595	5
2025-08-05 03:40	68.590	68.630	68.585	68.625	5
2025-08-05 03:45	68.635	68.635	68.610	68.635	5
2025-08-05 03:50	68.625	68.645	68.568	68.640	5
2025-08-05 03:55	68.593	68.645	68.588	68.588	5
2025-08-05 04:00	68.645	68.670	68.635	68.640	4
2025-08-05 04:05	68.635	68.650	68.635	68.645	5
2025-08-05 04:10	68.640	68.650	68.578	68.645	5
2025-08-05 04:15	68.640	68.650	68.603	68.645	4
2025-08-05 04:20	68.640	68.640	68.583	68.588	5
2025-08-05 04:25	68.630	68.635	68.563	68.610	5
2025-08-05 04:30	68.615	68.620	68.563	68.563	5
2025-08-05 04:35	68.610	68.620	68.568	68.568	5
2025-08-05 04:40	68.625	68.635	68.625	68.630	2
2025-08-05 04:45	68.640	68.675	68.640	68.675	2
2025-08-05 04:50	68.665	68.675	68.650	68.655	5
2025-08-05 04:55	68.650	68.655	68.640	68.650	4
2025-08-05 05:00	68.640	68.660	68.640	68.660	4
2025-08-05 05:05	68.655	68.665	68.640	68.640	5
2025-08-05 05:10	68.645	68.645	68.598	68.610	5
2025-08-05 05:15	68.605	68.605	68.508	68.508	5
2025-08-05 05:20	68.540	68.545	68.505	68.515	5
2025-08-05 05:25	68.510	68.535	68.485	68.520	5
2025-08-05 05:30	68.515	68.700	68.515	68.695	5
2025-08-05 05:35	68.705	68.795	68.705	68.785	5
2025-08-05 05:40	68.790	68.795	68.730	68.740	5
2025-08-05 05:45	68.745	68.760	68.720	68.730	5
2025-08-05 05:50	68.735	68.755	68.690	68.730	5
2025-08-05 05:55	68.735	68.770	68.735	68.755	5
2025-08-05 06:00	68.740	68.795	68.705	68.770	5
2025-08-05 06:05	68.775	68.830	68.760	68.805	5
2025-08-05 06:10	68.810	68.815	68.785	68.805	5
2025-08-05 06:15	68.800	68.805	68.760	68.770	4
2025-08-05 06:20	68.775	68.775	68.725	68.740	5
2025-08-05 06:25	68.745	68.745	68.705	68.715	5
2025-08-05 06:30	68.720	68.805	68.715	68.805	5
2025-08-05 06:35	68.800	68.800	68.735	68.760	5
2025-08-05 06:40	68.770	68.790	68.740	68.765	5
2025-08-05 06:45	68.770	68.770	68.655	68.660	5
2025-08-05 06:50	68.665	68.665	68.595	68.605	5
2025-08-05 06:55	68.585	68.625	68.550	68.575	5
2025-08-05 07:00	68.585	68.645	68.560	68.575	5
2025-08-05 07:05	68.565	68.575	68.365	68.420	5
2025-08-05 07:10	68.425	68.470	68.415	68.430	5
2025-08-05 07:15	68.435	68.470	68.425	68.465	5
2025-08-05 07:20	68.455	68.460	68.355	68.355	5
2025-08-05 07:25	68.345	68.355	68.275	68.330	5
2025-08-05 07:30	68.335	68.460	68.335	68.415	5
2025-08-05 07:35	68.420	68.515	68.400	68.515	5
2025-08-05 07:40	68.510	68.675	68.510	68.660	5
2025-08-05 07:45	68.655	68.755	68.655	68.675	5
2025-08-05 07:50	68.665	68.675	68.490	68.495	5
2025-08-05 07:55	68.490	68.495	68.445	68.485	5
2025-08-05 08:00	68.500	68.525	68.435	68.465	5
2025-08-05 08:05	68.475	68.555	68.435	68.540	5
2025-08-05 08:10	68.535	68.635	68.508	68.620	5
2025-08-05 08:15	68.625	68.735	68.590	68.735	5
2025-08-05 08:20	68.725	68.805	68.715	68.765	5
2025-08-05 08:25	68.775	68.790	68.695	68.695	5
2025-08-05 08:30	68.700	68.735	68.485	68.535	5
2025-08-05 08:35	68.520	68.560	68.465	68.525	5
2025-08-05 08:40	68.520	68.565	68.425	68.525	5
2025-08-05 08:45	68.530	68.565	68.510	68.535	5
2025-08-05 08:50	68.555	68.555	68.315	68.385	5
2025-08-05 08:55	68.380	68.395	68.313	68.390	5
2025-08-05 09:00	68.395	68.475	68.335	68.405	5
2025-08-05 09:05	68.410	68.440	68.335	68.335	5
2025-08-05 09:10	68.325	68.335	68.195	68.215	5
2025-08-05 09:15	68.200	68.235	68.145	68.175	5
2025-08-05 09:20	68.185	68.195	68.105	68.125	5
2025-08-05 09:25	68.130	68.135	68.065	68.065	5
2025-08-05 09:30	68.060	68.245	68.035	68.165	5
2025-08-05 09:35	68.175	68.185	68.140	68.145	5
2025-08-05 09:40	68.150	68.210	68.135	68.195	5
2025-08-05 09:45	68.190	68.200	68.135	68.145	5
2025-08-05 09:50	68.140	68.145	68.045	68.065	5
2025-08-05 09:55	68.075	68.075	67.930	67.935	5
2025-08-05 10:00	67.930	68.070	67.920	67.985	5
2025-08-05 10:05	67.980	68.045	67.935	68.015	5
2025-08-05 10:10	68.025	68.115	67.985	68.085	5
2025-08-05 10:15	68.070	68.070	67.965	68.015	5
2025-08-05 10:20	68.020	68.125	68.020	68.125	5
2025-08-05 10:25	68.140	68.140	68.035	68.055	5
2025-08-05 10:30	68.075	68.100	68.065	68.085	5
2025-08-05 10:35	68.080	68.085	67.985	68.025	5
2025-08-05 10:40	68.035	68.157	68.015	68.125	5
2025-08-05 10:45	68.115	68.125	68.050	68.095	5
2025-08-05 10:50	68.085	68.090	68.030	68.040	5
2025-08-05 10:55	68.045	68.055	67.995	68.025	5
2025-08-05 11:00	68.030	68.065	68.005	68.065	5
2025-08-05 11:05	68.075	68.195	68.065	68.115	5
2025-08-05 11:10	68.120	68.145	68.085	68.140	5
2025-08-05 11:15	68.145	68.145	68.105	68.115	5
2025-08-05 11:20	68.110	68.115	68.085	68.095	5
2025-08-05 11:25	68.085	68.170	68.085	68.145	5
2025-08-05 11:30	68.150	68.255	68.150	68.230	5
2025-08-05 11:35	68.225	68.230	68.115	68.125	5
2025-08-05 11:40	68.120	68.180	68.105	68.175	5
2025-08-05 11:45	68.170	68.245	68.165	68.200	5
2025-08-05 11:50	68.210	68.235	68.160	68.160	5
2025-08-05 11:55	68.165	68.215	68.125	68.195	5
2025-08-05 12:00	68.190	68.255	68.150	68.160	5
2025-08-05 12:05	68.165	68.235	68.133	68.190	5
2025-08-05 12:10	68.185	68.230	68.045	68.065	5
2025-08-05 12:15	68.070	68.075	67.675	67.920	5
2025-08-05 12:20	67.915	68.270	67.833	67.945	5
2025-08-05 12:25	67.955	67.960	67.765	67.770	5
2025-08-05 12:30	67.765	67.945	67.750	67.925	5
2025-08-05 12:35	67.935	67.965	67.795	67.815	5
2025-08-05 12:40	67.820	67.935	67.810	67.875	5
2025-08-05 12:45	67.880	67.945	67.835	67.855	5
2025-08-05 12:50	67.850	67.855	67.755	67.800	5
2025-08-05 12:55	67.805	67.855	67.790	67.820	5
2025-08-05 13:00	67.835	67.975	67.793	67.840	5
2025-08-05 13:05	67.845	67.915	67.780	67.915	5
2025-08-05 13:10	67.885	67.945	67.835	67.835	5
2025-08-05 13:15	67.815	67.915	67.785	67.875	5
2025-08-05 13:20	67.870	68.120	67.830	68.045	5
2025-08-05 13:25	68.055	68.105	68.025	68.055	5
2025-08-05 13:30	68.020	68.080	67.940	68.065	5
2025-08-05 13:35	68.023	68.160	68.000	68.095	5
2025-08-05 13:40	68.090	68.130	67.980	68.015	5
2025-08-05 13:45	68.010	68.015	67.900	67.955	5
2025-08-05 13:50	67.945	68.090	67.925	68.025	5
2025-08-05 13:55	68.035	68.060	67.955	68.010	5
2025-08-05 14:00	68.005	68.035	67.825	67.905	5
2025-08-05 14:05	67.900	67.960	67.875	67.875	5
2025-08-05 14:10	67.855	67.935	67.775	67.810	5
2025-08-05 14:15	67.790	67.850	67.770	67.795	5
2025-08-05 14:20	67.790	67.805	67.685	67.715	5
2025-08-05 14:25	67.725	67.850	67.685	67.845	5
2025-08-05 14:30	67.840	67.955	67.815	67.895	5
2025-08-05 14:35	67.885	68.185	67.885	68.115	5
2025-08-05 14:40	68.120	68.145	68.045	68.050	5
2025-08-05 14:45	68.045	68.115	67.990	68.045	5
2025-08-05 14:50	68.055	68.090	67.983	68.000	5
2025-08-05 14:55	67.995	68.010	67.925	67.925	5
2025-08-05 15:00	67.915	67.985	67.740	67.745	5
2025-08-05 15:05	67.735	67.860	67.735	67.840	5
2025-08-05 15:10	67.845	67.850	67.785	67.835	5
2025-08-05 15:15	67.840	67.875	67.790	67.835	5
2025-08-05 15:20	67.840	67.895	67.785	67.805	5
2025-08-05 15:25	67.815	67.965	67.815	67.960	5
2025-08-05 15:30	67.965	68.065	67.925	68.015	5
2025-08-05 15:35	68.005	68.030	67.795	67.845	5
2025-08-05 15:40	67.850	67.910	67.820	67.870	5
2025-08-05 15:45	67.865	67.935	67.815	67.925	5
2025-08-05 15:50	67.920	67.925	67.835	67.885	5
2025-08-05 15:55	67.890	67.920	67.855	67.885	5
2025-08-05 16:00	67.880	68.040	67.880	68.035	5
2025-08-05 16:05	68.045	68.115	68.010	68.075	5
2025-08-05 16:10	68.080	68.135	68.075	68.125	5
2025-08-05 16:15	68.130	68.155	68.075	68.135	5
2025-08-05 16:20	68.140	68.145	68.095	68.135	5
2025-08-05 16:25	68.145	68.205	68.125	68.185	5
2025-08-05 16:30	68.195	68.195	67.715	67.720	5
2025-08-05 16:35	67.715	67.715	67.515	67.565	5
2025-08-05 16:40	67.555	67.615	67.505	67.585	5
2025-08-05 16:45	67.580	67.650	67.565	67.635	5
2025-08-05 16:50	67.640	67.835	67.615	67.795	5
2025-08-05 16:55	67.800	67.820	67.725	67.745	5
2025-08-05 17:00	67.760	67.855	67.705	67.715	5
2025-08-05 17:05	67.720	67.735	67.635	67.665	5
2025-08-05 17:10	67.660	67.680	67.590	67.615	5
2025-08-05 17:15	67.610	67.675	67.610	67.665	5
2025-08-05 17:20	67.675	67.685	67.645	67.665	5
2025-08-05 17:25	67.655	67.675	67.570	67.580	5
2025-08-05 17:30	67.585	67.660	67.585	67.650	5
2025-08-05 17:35	67.655	67.705	67.635	67.655	5
2025-08-05 17:40	67.665	68.025	67.603	67.875	5
2025-08-05 17:45	67.885	67.885	67.675	67.675	5
2025-08-05 17:50	67.685	67.825	67.640	67.810	5
2025-08-05 17:55	67.805	67.815	67.745	67.785	5
2025-08-05 18:00	67.795	67.845	67.675	67.695	5
2025-08-05 18:05	67.700	67.770	67.690	67.695	5
2025-08-05 18:10	67.690	67.715	67.630	67.680	5
2025-08-05 18:15	67.695	67.710	67.645	67.655	5
2025-08-05 18:20	67.665	67.675	67.635	67.660	5
2025-08-05 18:25	67.655	67.725	67.600	67.615	5
2025-08-05 18:30	67.625	67.645	67.545	67.615	5
2025-08-05 18:35	67.610	67.685	67.610	67.665	4
2025-08-05 18:40	67.655	67.665	67.635	67.655	5
2025-08-05 18:45	67.665	67.675	67.655	67.660	4
2025-08-05 18:50	67.665	67.665	67.610	67.615	5
2025-08-05 18:55	67.595	67.605	67.575	67.585	4
2025-08-05 19:00	67.575	67.585	67.555	67.575	5
2025-08-05 19:05	67.565	67.595	67.560	67.595	5
2025-08-05 19:10	67.605	67.605	67.563	67.605	3
2025-08-05 19:15	67.600	67.605	67.595	67.595	1
2025-08-05 19:20	67.590	67.595	67.580	67.595	3
2025-08-05 19:25	67.585	67.595	67.585	67.595	2
2025-08-05 19:30	67.585	67.595	67.585	67.595	2
2025-08-05 19:35	67.605	67.665	67.605	67.655	2
2025-08-05 19:40	67.660	67.660	67.625	67.635	5
2025-08-05 19:45	67.640	67.650	67.625	67.645	5
2025-08-05 19:50	67.650	67.665	67.640	67.650	5
2025-08-05 19:55	67.655	67.655	67.615	67.625	5
2025-08-05 20:00	67.615	67.615	67.522	67.522	5
2025-08-05 20:05	67.512	67.537	67.512	67.537	4
2025-08-05 20:10	67.532	67.592	67.532	67.592	5
2025-08-05 20:15	67.587	67.637	67.577	67.617	4
2025-08-05 20:20	67.612	67.612	67.588	67.602	3
2025-08-05 20:25	67.592	67.602	67.592	67.597	3
2025-08-05 20:30	67.573	67.697	67.573	67.667	5
2025-08-05 20:35	67.662	67.667	67.633	67.642	5
2025-08-05 20:40	67.637	67.657	67.632	67.637	5
2025-08-05 20:45	67.627	67.657	67.627	67.637	4
2025-08-05 20:50	67.632	67.642	67.592	67.627	5
2025-08-05 20:55	67.632	67.657	67.617	67.632	5
2025-08-06 00:00	67.720	67.815	67.720	67.795	5
2025-08-06 00:05	67.790	67.800	67.725	67.735	5
2025-08-06 00:10	67.745	67.780	67.740	67.760	5
2025-08-06 00:15	67.765	67.785	67.750	67.765	5
2025-08-06 00:20	67.760	67.765	67.708	67.708	4
2025-08-06 00:25	67.713	67.755	67.708	67.708	2
2025-08-06 00:30	67.755	67.780	67.708	67.765	5
2025-08-06 00:35	67.760	67.775	67.708	67.755	5
2025-08-06 00:40	67.765	67.785	67.728	67.728	5
2025-08-06 00:45	67.785	67.785	67.765	67.765	5
2025-08-06 00:50	67.775	67.795	67.728	67.785	5
2025-08-06 00:55	67.790	67.815	67.738	67.805	5
2025-08-06 01:00	67.800	67.835	67.790	67.810	5
2025-08-06 01:05	67.815	67.860	67.805	67.855	5
2025-08-06 01:10	67.850	67.865	67.845	67.860	5
2025-08-06 01:15	67.855	67.915	67.855	67.910	5
2025-08-06 01:20	67.915	67.935	67.843	67.930	5
2025-08-06 01:25	67.920	67.935	67.905	67.935	5
2025-08-06 01:30	67.930	67.945	67.915	67.930	5
2025-08-06 01:35	67.925	67.945	67.915	67.935	5
2025-08-06 01:40	67.940	67.970	67.940	67.965	5
2025-08-06 01:45	67.960	68.005	67.960	68.005	4
2025-08-06 01:50	67.995	68.015	67.950	67.950	5
2025-08-06 01:55	67.955	67.990	67.955	67.985	5
2025-08-06 02:00	67.980	67.990	67.935	67.955	5
2025-08-06 02:05	67.950	67.960	67.940	67.960	5
2025-08-06 02:10	67.950	67.965	67.930	67.955	5
2025-08-06 02:15	67.965	67.965	67.945	67.955	5
2025-08-06 02:20	67.950	67.965	67.908	67.965	5
2025-08-06 02:25	67.955	67.955	67.945	67.955	5
2025-08-06 02:30	67.960	68.015	67.960	68.015	5
2025-08-06 02:35	68.035	68.045	68.010	68.015	5
2025-08-06 02:40	68.020	68.040	67.995	68.005	4
2025-08-06 02:45	68.010	68.015	67.985	68.000	5
2025-08-06 02:50	67.995	68.005	67.980	67.985	5
2025-08-06 02:55	67.980	67.985	67.955	67.965	5
2025-08-06 03:00	67.960	68.010	67.948	68.010	5
2025-08-06 03:05	68.005	68.010	67.965	67.985	5
2025-08-06 03:10	67.995	68.005	67.948	68.000	5
2025-08-06 03:15	68.005	68.060	67.995	68.060	5
2025-08-06 03:20	68.055	68.075	68.055	68.065	5
2025-08-06 03:25	68.070	68.070	68.030	68.035	5
2025-08-06 03:30	68.040	68.040	68.000	68.020	4
2025-08-06 03:35	68.025	68.025	68.005	68.025	5
2025-08-06 03:40	68.020	68.040	68.020	68.040	3
2025-08-06 03:45	68.045	68.055	67.998	68.050	5
2025-08-06 03:50	68.055	68.055	67.998	67.998	5
2025-08-06 03:55	68.050	68.055	68.008	68.008	4
2025-08-06 04:00	68.065	68.105	68.058	68.095	4
2025-08-06 04:05	68.090	68.105	68.085	68.105	5
2025-08-06 04:10	68.100	68.105	68.058	68.095	5
2025-08-06 04:15	68.090	68.095	68.038	68.060	5
2025-08-06 04:20	68.055	68.065	68.008	68.030	5
2025-08-06 04:25	68.025	68.035	68.020	68.030	5
2025-08-06 04:30	68.035	68.045	67.993	68.040	5
2025-08-06 04:35	68.045	68.075	68.045	68.065	4
2025-08-06 04:40	68.055	68.055	68.045	68.045	4
2025-08-06 04:45	68.050	68.050	67.988	68.045	5
2025-08-06 04:50	67.998	68.055	67.998	68.008	3
2025-08-06 04:55	68.060	68.075	68.055	68.065	5
2025-08-06 05:00	68.060	68.065	68.008	68.060	4
2025-08-06 05:05	68.055	68.055	68.030	68.030	5
2025-08-06 05:10	68.015	68.050	67.990	68.025	5
2025-08-06 05:15	68.035	68.045	67.988	68.045	5
2025-08-06 05:20	67.998	68.065	67.998	68.065	5
2025-08-06 05:25	68.060	68.060	68.020	68.035	4
2025-08-06 05:30	68.030	68.075	68.015	68.070	5
2025-08-06 05:35	68.075	68.075	68.035	68.050	5
2025-08-06 05:40	68.045	68.055	67.980	67.985	5
2025-08-06 05:45	67.980	67.985	67.928	67.970	5
2025-08-06 05:50	67.965	67.975	67.950	67.960	5
2025-08-06 05:55	67.955	68.000	67.908	68.000	4
2025-08-06 06:00	68.005	68.120	68.005	68.090	5
2025-08-06 06:05	68.085	68.085	68.000	68.005	5
2025-08-06 06:10	68.015	68.025	67.990	68.000	5
2025-08-06 06:15	68.005	68.035	67.985	68.035	5
2025-08-06 06:20	68.030	68.115	68.030	68.105	5
2025-08-06 06:25	68.115	68.115	68.010	68.040	5
2025-08-06 06:30	68.035	68.085	68.035	68.070	5
2025-08-06 06:35	68.060	68.125	68.040	68.125	5
2025-08-06 06:40	68.140	68.140	68.065	68.085	5
2025-08-06 06:45	68.090	68.125	68.070	68.090	5
2025-08-06 06:50	68.085	68.120	68.085	68.110	5
2025-08-06 06:55	68.115	68.155	68.110	68.135	5
2025-08-06 07:00	68.130	68.345	68.105	68.345	5
2025-08-06 07:05	68.355	68.390	68.325	68.355	5
2025-08-06 07:10	68.360	68.370	68.255	68.290	5
2025-08-06 07:15	68.295	68.305	68.215	68.230	5
2025-08-06 07:20	68.235	68.275	68.225	68.235	5
2025-08-06 07:25	68.240	68.265	68.195	68.205	5
2025-08-06 07:30	68.210	68.215	68.165	68.190	5
2025-08-06 07:35	68.185	68.235	68.185	68.215	5
2025-08-06 07:40	68.220	68.220	68.165	68.185	5
2025-08-06 07:45	68.180	68.255	68.175	68.245	5
2025-08-06 07:50	68.235	68.305	68.215	68.240	5
2025-08-06 07:55	68.235	68.240	68.165	68.185	5
2025-08-06 08:00	68.165	68.240	68.135	68.225	5
2025-08-06 08:05	68.235	68.335	68.225	68.330	5
2025-08-06 08:10	68.335	68.385	68.330	68.365	5
2025-08-06 08:15	68.360	68.375	68.315	68.375	5
2025-08-06 08:20	68.370	68.425	68.365	68.410	5
2025-08-06 08:25	68.415	68.475	68.385	68.445	5
2025-08-06 08:30	68.435	68.615	68.410	68.575	5
2025-08-06 08:35	68.570	68.625	68.565	68.615	5
2025-08-06 08:40	68.605	68.625	68.585	68.595	5
2025-08-06 08:45	68.600	68.615	68.565	68.565	5
2025-08-06 08:50	68.555	68.565	68.470	68.500	5
2025-08-06 08:55	68.505	68.555	68.485	68.545	5
2025-08-06 09:00	68.560	68.675	68.555	68.675	5
2025-08-06 09:05	68.700	68.745	68.635	68.635	5
2025-08-06 09:10	68.640	68.655	68.595	68.610	5
2025-08-06 09:15	68.615	68.615	68.530	68.565	5
2025-08-06 09:20	68.560	68.575	68.495	68.515	5
2025-08-06 09:25	68.525	68.585	68.515	68.545	5
2025-08-06 09:30	68.555	68.565	68.425	68.495	5
2025-08-06 09:35	68.515	68.565	68.515	68.565	5
2025-08-06 09:40	68.570	68.615	68.560	68.605	5
2025-08-06 09:45	68.595	68.665	68.550	68.615	5
2025-08-06 09:50	68.635	68.645	68.605	68.625	5
2025-08-06 09:55	68.635	68.700	68.605	68.675	5
2025-08-06 10:00	68.655	68.690	68.590	68.665	5
2025-08-06 10:05	68.670	68.705	68.625	68.625	5
2025-08-06 10:10	68.630	68.675	68.590	68.660	5
2025-08-06 10:15	68.655	68.675	68.625	68.625	5
2025-08-06 10:20	68.630	68.645	68.605	68.635	5
2025-08-06 10:25	68.645	68.760	68.635	68.745	5
2025-08-06 10:30	68.755	68.775	68.735	68.745	5
2025-08-06 10:35	68.755	68.785	68.705	68.765	5
2025-08-06 10:40	68.760	68.775	68.730	68.750	5
2025-08-06 10:45	68.755	68.785	68.685	68.710	5
2025-08-06 10:50	68.715	68.745	68.685	68.705	5
2025-08-06 10:55	68.715	68.745	68.705	68.735	5
2025-08-06 11:00	68.710	68.755	68.665	68.675	5
2025-08-06 11:05	68.665	68.750	68.655	68.695	5
2025-08-06 11:10	68.690	68.730	68.685	68.695	5
2025-08-06 11:15	68.690	68.735	68.675	68.735	5
2025-08-06 11:20	68.730	68.745	68.695	68.735	5
2025-08-06 11:25	68.740	68.740	68.635	68.655	5
2025-08-06 11:30	68.665	68.675	68.575	68.605	5
2025-08-06 11:35	68.600	68.610	68.575	68.580	5
2025-08-06 11:40	68.585	68.635	68.575	68.625	5
2025-08-06 11:45	68.635	68.635	68.515	68.595	5
2025-08-06 11:50	68.605	68.660	68.600	68.645	5
2025-08-06 11:55	68.650	68.675	68.610	68.625	5
2025-08-06 12:00	68.635	68.690	68.540	68.550	5
2025-08-06 12:05	68.545	68.620	68.545	68.585	5
2025-08-06 12:10	68.580	68.615	68.550	68.550	5
2025-08-06 12:15	68.545	68.555	68.405	68.445	5
2025-08-06 12:20	68.440	68.525	68.250	68.435	5
2025-08-06 12:25	68.440	68.485	68.385	68.465	5
2025-08-06 12:30	68.460	68.560	68.415	68.540	5
2025-08-06 12:35	68.550	68.585	68.490	68.530	5
2025-08-06 12:40	68.535	68.575	68.475	68.575	5
2025-08-06 12:45	68.585	68.670	68.565	68.645	5
2025-08-06 12:50	68.650	68.675	68.625	68.640	5
2025-08-06 12:55	68.645	68.665	68.595	68.595	5
2025-08-06 13:00	68.615	68.680	68.535	68.665	5
2025-08-06 13:05	68.680	68.745	68.665	68.715	5
2025-08-06 13:10	68.725	68.855	68.725	68.845	5
2025-08-06 13:15	68.840	68.845	68.735	68.765	5
2025-08-06 13:20	68.755	68.755	68.690	68.735	5
2025-08-06 13:25	68.740	68.750	68.710	68.715	5
2025-08-06 13:30	68.720	68.805	68.695	68.795	5
2025-08-06 13:35	68.790	68.805	68.695	68.735	5
2025-08-06 13:40	68.740	68.825	68.735	68.775	5
2025-08-06 13:45	68.785	68.800	68.715	68.755	5
2025-08-06 13:50	68.735	68.835	68.715	68.725	5
2025-08-06 13:55	68.730	69.150	68.600	68.835	5
2025-08-06 14:00	68.825	69.002	68.240	68.385	5
2025-08-06 14:05	68.380	68.390	67.935	68.015	5
2025-08-06 14:10	68.025	68.320	67.985	68.230	5
2025-08-06 14:15	68.225	68.245	68.115	68.160	5
2025-08-06 14:20	68.155	68.200	68.035	68.130	5
2025-08-06 14:25	68.145	68.245	68.105	68.220	5
2025-08-06 14:30	68.245	68.420	68.160	68.320	5
2025-08-06 14:35	68.315	68.495	68.315	68.420	5
2025-08-06 14:40	68.415	68.490	68.340	68.360	5
2025-08-06 14:45	68.350	68.455	68.155	68.175	5
2025-08-06 14:50	68.185	68.270	68.180	68.255	5
2025-08-06 14:55	68.250	68.470	68.250	68.405	5
2025-08-06 15:00	68.420	68.455	68.315	68.385	5
2025-08-06 15:05	68.390	68.565	68.390	68.515	5
2025-08-06 15:10	68.505	68.505	68.305	68.325	5
2025-08-06 15:15	68.320	68.355	68.125	68.240	5
2025-08-06 15:20	68.235	68.265	68.170	68.205	5
2025-08-06 15:25	68.200	68.285	68.115	68.275	5
2025-08-06 15:30	68.265	68.390	68.235	68.345	5
2025-08-06 15:35	68.340	68.415	68.215	68.405	5
2025-08-06 15:40	68.395	68.425	68.333	68.375	5
2025-08-06 15:45	68.365	68.365	68.165	68.175	5
2025-08-06 15:50	68.165	68.165	67.785	67.785	5
2025-08-06 15:55	67.770	67.790	67.385	67.405	5
2025-08-06 16:00	67.415	67.505	67.195	67.265	5
2025-08-06 16:05	67.260	67.485	67.260	67.445	5
2025-08-06 16:10	67.410	67.440	67.200	67.265	5
2025-08-06 16:15	67.255	67.365	67.255	67.345	5
2025-08-06 16:20	67.340	67.435	67.300	67.390	5
2025-08-06 16:25	67.385	67.405	67.300	67.330	5
2025-08-06 16:30	67.325	67.555	67.325	67.435	5
2025-08-06 16:35	67.445	67.515	67.385	67.495	5
2025-08-06 16:40	67.490	67.930	67.340	67.810	5
2025-08-06 16:45	67.835	68.140	67.808	67.885	5
2025-08-06 16:50	67.880	67.880	67.655	67.655	5
2025-08-06 16:55	67.660	67.905	67.615	67.825	5
2025-08-06 17:00	67.820	67.870	67.510	67.585	5
2025-08-06 17:05	67.600	67.720	67.545	67.620	5
2025-08-06 17:10	67.615	67.665	67.545	67.630	5
2025-08-06 17:15	67.625	67.685	67.570	67.595	5
2025-08-06 17:20	67.600	67.705	67.595	67.685	5
2025-08-06 17:25	67.680	67.685	67.575	67.625	5
2025-08-06 17:30	67.635	67.675	67.590	67.595	5
2025-08-06 17:35	67.590	67.635	67.505	67.530	5
2025-08-06 17:40	67.535	67.595	67.525	67.595	5
2025-08-06 17:45	67.620	67.640	67.555	67.565	5
2025-08-06 17:50	67.575	67.580	67.490	67.505	5
2025-08-06 17:55	67.515	67.535	67.360	67.360	5
2025-08-06 18:00	67.350	67.455	67.080	67.095	5
2025-08-06 18:05	67.115	67.140	66.845	66.885	5
2025-08-06 18:10	66.870	67.070	66.800	66.945	5
2025-08-06 18:15	66.970	67.005	66.870	66.900	5
2025-08-06 18:20	66.895	66.925	66.765	66.870	5
2025-08-06 18:25	66.875	66.950	66.815	66.845	5
2025-08-06 18:30	66.855	66.885	66.650	66.740	5
2025-08-06 18:35	66.745	66.805	66.710	66.745	5
2025-08-06 18:40	66.750	66.775	66.680	66.720	5
2025-08-06 18:45	66.730	66.800	66.720	66.745	5
2025-08-06 18:50	66.740	66.820	66.735	66.815	5
2025-08-06 18:55	66.820	66.865	66.630	66.660	5
2025-08-06 19:00	66.645	66.685	66.200	66.325	5
2025-08-06 19:05	66.355	66.505	66.355	66.500	5
2025-08-06 19:10	66.510	66.635	66.505	66.630	5
2025-08-06 19:15	66.645	66.690	66.610	66.610	5
2025-08-06 19:20	66.615	66.615	66.470	66.500	5
2025-08-06 19:25	66.505	66.570	66.490	66.510	5
2025-08-06 19:30	66.515	66.535	66.430	66.485	5
2025-08-06 19:35	66.495	66.515	66.435	66.445	5
2025-08-06 19:40	66.450	66.570	66.450	66.565	5
2025-08-06 19:45	66.560	66.605	66.545	66.605	5
2025-08-06 19:50	66.600	66.645	66.595	66.625	5
2025-08-06 19:55	66.615	66.640	66.600	66.610	5
2025-08-06 20:00	66.605	66.617	66.582	66.587	5
2025-08-06 20:05	66.597	66.597	66.522	66.557	5
2025-08-06 20:10	66.562	66.582	66.537	66.582	5
2025-08-06 20:15	66.577	66.662	66.577	66.622	5
2025-08-06 20:20	66.617	66.657	66.617	66.642	5
2025-08-06 20:25	66.632	66.642	66.597	66.607	5
2025-08-06 20:30	66.612	66.652	66.607	66.617	5
2025-08-06 20:35	66.627	66.727	66.627	66.672	5
2025-08-06 20:40	66.682	66.732	66.663	66.702	5
2025-08-06 20:45	66.697	66.757	66.677	66.697	5
2025-08-06 20:50	66.702	66.742	66.682	66.742	5
2025-08-06 20:55	66.737	66.797	66.737	66.737	5
2025-08-07 00:00	66.827	66.965	66.820	66.925	5
2025-08-07 00:05	66.920	66.955	66.900	66.955	5
2025-08-07 00:10	66.935	66.955	66.905	66.950	5
2025-08-07 00:15	66.955	67.005	66.950	67.005	5
2025-08-07 00:20	66.995	67.025	66.990	67.015	5
2025-08-07 00:25	67.025	67.075	67.025	67.075	4
2025-08-07 00:30	67.085	67.105	67.060	67.065	5
2025-08-07 00:35	67.060	67.085	67.060	67.085	5
2025-08-07 00:40	67.080	67.085	67.028	67.075	5
2025-08-07 00:45	67.085	67.095	67.038	67.075	5
2025-08-07 00:50	67.028	67.110	67.028	67.110	5
2025-08-07 00:55	67.105	67.225	67.085	67.215	5
2025-08-07 01:00	67.210	67.335	67.195	67.325	5
2025-08-07 01:05	67.320	67.390	67.315	67.370	5
2025-08-07 01:10	67.365	67.405	67.335	67.385	5
2025-08-07 01:15	67.380	67.440	67.345	67.430	5
2025-08-07 01:20	67.425	67.460	67.415	67.450	5
2025-08-07 01:25	67.445	67.465	67.430	67.435	5
2025-08-07 01:30	67.440	67.460	67.435	67.435	5
2025-08-07 01:35	67.440	67.475	67.425	67.460	5
2025-08-07 01:40	67.455	67.465	67.425	67.425	5
2025-08-07 01:45	67.415	67.465	67.390	67.460	5
2025-08-07 01:50	67.465	67.485	67.450	67.450	5
2025-08-07 01:55	67.445	67.455	67.395	67.420	5
2025-08-07 02:00	67.415	67.435	67.405	67.420	5
2025-08-07 02:05	67.415	67.465	67.415	67.455	5
2025-08-07 02:10	67.465	67.515	67.455	67.480	5
2025-08-07 02:15	67.475	67.475	67.408	67.465	5
2025-08-07 02:20	67.470	67.470	67.445	67.465	5
2025-08-07 02:25	67.418	67.465	67.405	67.425	4
2025-08-07 02:30	67.415	67.440	67.365	67.440	5
2025-08-07 02:35	67.435	67.475	67.430	67.465	5
2025-08-07 02:40	67.455	67.565	67.455	67.535	5
2025-08-07 02:45	67.540	67.540	67.490	67.515	5
2025-08-07 02:50	67.505	67.540	67.497	67.535	5
2025-08-07 02:55	67.530	67.530	67.465	67.465	5
2025-08-07 03:00	67.470	67.485	67.420	67.435	5
2025-08-07 03:05	67.445	67.505	67.445	67.485	5
2025-08-07 03:10	67.475	67.490	67.460	67.475	5
2025-08-07 03:15	67.470	67.495	67.450	67.485	5
2025-08-07 03:20	67.480	67.510	67.480	67.510	5
2025-08-07 03:25	67.515	67.525	67.500	67.510	5
2025-08-07 03:30	67.495	67.495	67.438	67.460	5
2025-08-07 03:35	67.475	67.490	67.475	67.485	5
2025-08-07 03:40	67.490	67.515	67.485	67.510	4
2025-08-07 03:45	67.515	67.535	67.515	67.525	5
2025-08-07 03:50	67.520	67.525	67.468	67.520	5
2025-08-07 03:55	67.525	67.535	67.525	67.525	4
2025-08-07 04:00	67.515	67.515	67.435	67.455	5
2025-08-07 04:05	67.435	67.440	67.388	67.425	4
2025-08-07 04:10	67.430	67.445	67.360	67.375	4
2025-08-07 04:15	67.365	67.430	67.365	67.425	4
2025-08-07 04:20	67.420	67.435	67.378	67.435	5
2025-08-07 04:25	67.388	67.435	67.378	67.415	5
2025-08-07 04:30	67.425	67.475	67.420	67.430	4
2025-08-07 04:35	67.450	67.455	67.430	67.445	5
2025-08-07 04:40	67.450	67.495	67.408	67.480	5
2025-08-07 04:45	67.475	67.475	67.418	67.460	5
2025-08-07 04:50	67.455	67.455	67.415	67.420	5
2025-08-07 04:55	67.425	67.425	67.305	67.325	5
2025-08-07 05:00	67.330	67.330	67.280	67.300	5
2025-08-07 05:05	67.295	67.360	67.295	67.345	5
2025-08-07 05:10	67.298	67.345	67.285	67.300	5
2025-08-07 05:15	67.305	67.325	67.268	67.325	5
2025-08-07 05:20	67.335	67.355	67.320	67.335	5
2025-08-07 05:25	67.325	67.335	67.300	67.315	5
2025-08-07 05:30	67.320	67.345	67.280	67.280	5
2025-08-07 05:35	67.275	67.305	67.240	67.250	5
2025-08-07 05:40	67.245	67.255	67.210	67.210	5
2025-08-07 05:45	67.215	67.215	67.138	67.185	5
2025-08-07 05:50	67.195	67.235	67.190	67.235	5
2025-08-07 05:55	67.240	67.255	67.215	67.245	5
2025-08-07 06:00	67.265	67.355	67.255	67.310	5
2025-08-07 06:05	67.305	67.335	67.260	67.335	5
2025-08-07 06:10	67.330	67.375	67.325	67.335	5
2025-08-07 06:15	67.330	67.335	67.300	67.315	5
2025-08-07 06:20	67.320	67.350	67.290	67.290	5
2025-08-07 06:25	67.295	67.305	67.270	67.275	5
2025-08-07 06:30	67.280	67.280	67.215	67.240	5
2025-08-07 06:35	67.245	67.260	67.210	67.210	5
2025-08-07 06:40	67.215	67.325	67.215	67.310	5
2025-08-07 06:45	67.305	67.355	67.225	67.225	5
2025-08-07 06:50	67.230	67.250	67.210	67.240	5
2025-08-07 06:55	67.245	67.315	67.230	67.285	5
2025-08-07 07:00	67.290	67.350	67.225	67.300	5
2025-08-07 07:05	67.305	67.445	67.305	67.390	5
2025-08-07 07:10	67.380	67.410	67.355	67.375	5
2025-08-07 07:15	67.415	67.445	67.385	67.430	5
2025-08-07 07:20	67.425	67.455	67.325	67.355	5
2025-08-07 07:25	67.340	67.365	67.305	67.315	5
2025-08-07 07:30	67.305	67.420	67.305	67.375	5
2025-08-07 07:35	67.380	67.395	67.245	67.335	5
2025-08-07 07:40	67.330	67.395	67.325	67.375	5
2025-08-07 07:45	67.365	67.385	67.305	67.325	5
2025-08-07 07:50	67.315	67.315	67.215	67.285	5
2025-08-07 07:55	67.280	67.325	67.235	67.235	5
2025-08-07 08:00	67.245	67.275	66.860	66.890	5
2025-08-07 08:05	66.885	66.915	66.725	66.745	5
2025-08-07 08:10	66.755	66.830	66.685	66.790	5
2025-08-07 08:15	66.795	67.065	66.775	67.040	5
2025-08-07 08:20	67.045	67.115	66.965	67.015	5
2025-08-07 08:25	67.035	67.035	66.935	67.015	5
2025-08-07 08:30	67.005	67.005	66.685	66.775	5
2025-08-07 08:35	66.770	67.045	66.765	66.965	5
2025-08-07 08:40	66.960	67.085	66.950	67.045	5
2025-08-07 08:45	67.035	67.175	67.035	67.130	5
2025-08-07 08:50	67.125	67.135	67.085	67.115	5
2025-08-07 08:55	67.125	67.145	67.005	67.095	5
2025-08-07 09:00	67.120	67.150	67.065	67.125	5
2025-08-07 09:05	67.110	67.295	67.105	67.240	5
2025-08-07 09:10	67.225	67.285	67.205	67.205	5
2025-08-07 09:15	67.215	67.255	67.195	67.255	5
2025-08-07 09:20	67.250	67.250	67.185	67.210	5
2025-08-07 09:25	67.205	67.235	67.190	67.230	5
2025-08-07 09:30	67.220	67.235	67.090	67.105	5
2025-08-07 09:35	67.110	67.175	67.065	67.175	5
2025-08-07 09:40	67.170	67.195	67.100	67.115	5
2025-08-07 09:45	67.120	67.285	67.120	67.205	5
2025-08-07 09:50	67.195	67.230	67.185	67.225	5
2025-08-07 09:55	67.215	67.395	67.215	67.385	5
2025-08-07 10:00	67.405	67.475	67.385	67.415	5
2025-08-07 10:05	67.425	67.440	67.390	67.415	5
2025-08-07 10:10	67.405	67.415	67.285	67.345	5
2025-08-07 10:15	67.350	67.420	67.335	67.335	5
2025-08-07 10:20	67.340	67.345	67.255	67.280	5
2025-08-07 10:25	67.275	67.395	67.275	67.355	5
2025-08-07 10:30	67.360	67.455	67.345	67.360	5
2025-08-07 10:35	67.365	67.405	67.320	67.405	5
2025-08-07 10:40	67.415	67.485	67.415	67.470	5
2025-08-07 10:45	67.465	67.640	67.445	67.595	5
2025-08-07 10:50	67.600	67.605	67.455	67.465	5
2025-08-07 10:55	67.475	67.490	67.375	67.395	5
2025-08-07 11:00	67.370	67.470	67.355	67.400	5
2025-08-07 11:05	67.405	67.480	67.395	67.425	5
2025-08-07 11:10	67.415	67.425	67.315	67.340	5
2025-08-07 11:15	67.335	67.365	67.245	67.275	5
2025-08-07 11:20	67.265	67.275	67.150	67.195	5
2025-08-07 11:25	67.200	67.230	67.155	67.155	5
2025-08-07 11:30	67.165	67.205	67.085	67.195	5
2025-08-07 11:35	67.220	67.275	67.190	67.205	5
2025-08-07 11:40	67.170	67.275	67.165	67.240	5
2025-08-07 11:45	67.235	67.250	67.215	67.215	5
2025-08-07 11:50	67.220	67.260	67.215	67.225	5
2025-08-07 11:55	67.215	67.215	67.115	67.155	5
2025-08-07 12:00	67.165	67.265	67.145	67.230	5
2025-08-07 12:05	67.225	67.300	67.160	67.280	5
2025-08-07 12:10	67.275	67.365	67.250	67.355	5
2025-08-07 12:15	67.350	67.365	67.285	67.325	5
2025-08-07 12:20	67.315	67.360	67.255	67.315	5
2025-08-07 12:25	67.320	67.320	67.145	67.160	5
2025-08-07 12:30	67.150	67.225	67.150	67.180	5
2025-08-07 12:35	67.175	67.250	67.145	67.205	5
2025-08-07 12:40	67.200	67.320	67.195	67.285	5
2025-08-07 12:45	67.300	67.330	67.255	67.310	5
2025-08-07 12:50	67.305	67.315	67.215	67.280	5
2025-08-07 12:55	67.275	67.310	67.200	67.205	5
2025-08-07 13:00	67.210	67.245	67.070	67.130	5
2025-08-07 13:05	67.135	67.155	67.005	67.005	5
2025-08-07 13:10	67.000	67.005	66.910	66.910	5
2025-08-07 13:15	66.915	66.945	66.825	66.890	5
2025-08-07 13:20	66.895	66.925	66.825	66.825	5
2025-08-07 13:25	66.835	66.885	66.795	66.835	5
2025-08-07 13:30	66.830	66.960	66.743	66.930	5
2025-08-07 13:35	66.945	67.025	66.815	67.015	5
2025-08-07 13:40	67.025	67.180	67.025	67.105	5
2025-08-07 13:45	67.095	67.120	66.985	67.000	5
2025-08-07 13:50	66.990	67.005	66.915	66.950	5
2025-08-07 13:55	66.945	67.010	66.935	66.970	5
2025-08-07 14:00	66.975	67.015	66.865	66.975	5
2025-08-07 14:05	66.965	67.070	66.853	66.895	5
2025-08-07 14:10	66.890	66.905	66.818	66.875	5
2025-08-07 14:15	66.865	66.935	66.815	66.815	5
2025-08-07 14:20	66.820	66.835	66.655	66.675	5
2025-08-07 14:25	66.685	66.735	66.645	66.725	5
2025-08-07 14:30	66.720	66.770	66.685	66.705	5
2025-08-07 14:35	66.715	66.820	66.685	66.775	5
2025-08-07 14:40	66.770	66.905	66.765	66.825	5
2025-08-07 14:45	66.815	66.840	66.660	66.740	5
2025-08-07 14:50	66.735	66.735	66.593	66.685	5
2025-08-07 14:55	66.705	66.705	66.595	66.595	5
2025-08-07 15:00	66.605	66.710	66.593	66.665	5
2025-08-07 15:05	66.660	66.675	66.630	66.665	5
2025-08-07 15:10	66.660	66.695	66.605	66.615	5
2025-08-07 15:15	66.610	66.740	66.575	66.715	5
2025-08-07 15:20	66.720	66.725	66.635	66.685	5
2025-08-07 15:25	66.705	66.810	66.695	66.725	5
2025-08-07 15:30	66.720	66.745	66.525	66.525	5
2025-08-07 15:35	66.535	66.555	66.415	66.505	5
2025-08-07 15:40	66.495	66.515	66.465	66.515	5
2025-08-07 15:45	66.510	66.645	66.485	66.495	5
2025-08-07 15:50	66.490	66.570	66.485	66.535	5
2025-08-07 15:55	66.515	66.595	66.505	66.575	5
2025-08-07 16:00	66.565	66.685	66.565	66.635	5
2025-08-07 16:05	66.645	66.865	66.645	66.865	5
2025-08-07 16:10	66.875	66.950	66.845	66.925	5
2025-08-07 16:15	66.930	66.945	66.875	66.935	5
2025-08-07 16:20	66.945	66.945	66.780	66.815	5
2025-08-07 16:25	66.820	66.915	66.820	66.885	5
2025-08-07 16:30	66.880	66.975	66.865	66.910	5
2025-08-07 16:35	66.905	66.915	66.865	66.890	5
2025-08-07 16:40	66.885	66.895	66.805	66.825	5
2025-08-07 16:45	66.820	66.825	66.705	66.765	5
2025-08-07 16:50	66.755	66.825	66.735	66.745	5
2025-08-07 16:55	66.755	66.775	66.715	66.725	5
2025-08-07 17:00	66.735	66.785	66.658	66.705	5
2025-08-07 17:05	66.715	66.725	66.630	66.655	5
2025-08-07 17:10	66.635	66.660	66.615	66.620	5
2025-08-07 17:15	66.615	66.645	66.575	66.635	5
2025-08-07 17:20	66.625	66.640	66.565	66.585	5
2025-08-07 17:25	66.580	66.615	66.555	66.565	5
2025-08-07 17:30	66.560	66.620	66.555	66.615	5
2025-08-07 17:35	66.610	66.615	66.405	66.455	5
2025-08-07 17:40	66.465	66.555	66.415	66.535	5
2025-08-07 17:45	66.530	66.665	66.500	66.580	5
2025-08-07 17:50	66.575	66.610	66.505	66.610	5
2025-08-07 17:55	66.615	66.655	66.605	66.615	5
2025-08-07 18:00	66.578	66.685	66.578	66.585	5
2025-08-07 18:05	66.590	66.625	66.575	66.615	5
2025-08-07 18:10	66.605	66.615	66.570	66.575	5
2025-08-07 18:15	66.595	66.605	66.570	66.575	5
2025-08-07 18:20	66.580	66.580	66.485	66.500	5
2025-08-07 18:25	66.505	66.515	66.375	66.385	5
2025-08-07 18:30	66.390	66.395	66.315	66.325	5
2025-08-07 18:35	66.330	66.385	66.325	66.375	5
2025-08-07 18:40	66.365	66.400	66.355	66.380	5
2025-08-07 18:45	66.375	66.385	66.350	66.375	5
2025-08-07 18:50	66.370	66.385	66.360	66.365	4
2025-08-07 18:55	66.370	66.375	66.350	66.355	4
2025-08-07 19:00	66.345	66.365	66.325	66.325	5
2025-08-07 19:05	66.315	66.335	66.315	66.315	3
2025-08-07 19:10	66.325	66.325	66.315	66.315	4
2025-08-07 19:15	66.325	66.325	66.315	66.325	3
2025-08-07 19:20	66.330	66.345	66.315	66.325	4
2025-08-07 19:25	66.305	66.315	66.295	66.300	4
2025-08-07 19:30	66.305	66.305	66.275	66.285	5
2025-08-07 19:35	66.280	66.285	66.275	66.275	5
2025-08-07 19:40	66.265	66.280	66.255	66.270	3
2025-08-07 19:45	66.265	66.275	66.255	66.265	5
2025-08-07 19:50	66.270	66.275	66.265	66.265	3
2025-08-07 19:55	66.255	66.280	66.255	66.275	4
2025-08-07 20:00	66.265	66.277	66.247	66.262	5
2025-08-07 20:05	66.257	66.277	66.257	66.272	5
2025-08-07 20:10	66.282	66.332	66.272	66.332	5
2025-08-07 20:15	66.342	66.367	66.332	66.352	5
2025-08-07 20:20	66.347	66.362	66.332	66.347	5
2025-08-07 20:25	66.337	66.352	66.252	66.277	5
2025-08-07 20:30	66.282	66.302	66.268	66.297	5
2025-08-07 20:35	66.302	66.317	66.278	66.312	5
2025-08-07 20:40	66.317	66.327	66.273	66.312	5
2025-08-07 20:45	66.317	66.352	66.317	66.352	5
2025-08-07 20:50	66.342	66.347	66.317	66.327	5
2025-08-07 20:55	66.332	66.342	66.302	66.312	4
2025-08-08 00:00	66.345	66.420	66.330	66.390	5
2025-08-08 00:05	66.385	66.405	66.323	66.380	5
2025-08-08 00:10	66.375	66.385	66.330	66.360	5
2025-08-08 00:15	66.355	66.365	66.350	66.360	5
2025-08-08 00:20	66.365	66.385	66.355	66.365	5
2025-08-08 00:25	66.360	66.380	66.308	66.370	5
2025-08-08 00:30	66.365	66.375	66.360	66.365	5
2025-08-08 00:35	66.370	66.385	66.328	66.380	5
2025-08-08 00:40	66.333	66.395	66.333	66.380	5
2025-08-08 00:45	66.385	66.395	66.370	66.375	5
2025-08-08 00:50	66.380	66.380	66.345	66.365	5
2025-08-08 00:55	66.370	66.425	66.368	66.415	5
2025-08-08 01:00	66.405	66.440	66.380	66.420	5
2025-08-08 01:05	66.425	66.435	66.400	66.435	5
2025-08-08 01:10	66.425	66.455	66.415	66.455	5
2025-08-08 01:15	66.485	66.505	66.455	66.485	5
2025-08-08 01:20	66.475	66.475	66.405	66.440	5
2025-08-08 01:25	66.435	66.440	66.425	66.435	5
2025-08-08 01:30	66.388	66.480	66.388	66.460	5
2025-08-08 01:35	66.455	66.475	66.410	66.430	5
2025-08-08 01:40	66.425	66.485	66.405	66.470	5
2025-08-08 01:45	66.465	66.470	66.410	66.425	5
2025-08-08 01:50	66.420	66.445	66.420	66.430	5
2025-08-08 01:55	66.425	66.430	66.415	66.415	4
2025-08-08 02:00	66.420	66.505	66.415	66.475	5
2025-08-08 02:05	66.480	66.515	66.435	66.435	5
2025-08-08 02:10	66.440	66.445	66.395	66.420	5
2025-08-08 02:15	66.425	66.445	66.388	66.388	5
2025-08-08 02:20	66.430	66.445	66.425	66.445	5
2025-08-08 02:25	66.440	66.445	66.395	66.405	5
2025-08-08 02:30	66.395	66.395	66.315	66.330	5
2025-08-08 02:35	66.335	66.450	66.330	66.445	5
2025-08-08 02:40	66.440	66.440	66.380	66.390	5
2025-08-08 02:45	66.385	66.395	66.375	66.380	5
2025-08-08 02:50	66.385	66.415	66.385	66.405	5
2025-08-08 02:55	66.400	66.405	66.370	66.385	5
2025-08-08 03:00	66.390	66.415	66.385	66.395	5
2025-08-08 03:05	66.400	66.405	66.305	66.305	5
2025-08-08 03:10	66.295	66.325	66.285	66.305	5
2025-08-08 03:15	66.300	66.305	66.270	66.280	5
2025-08-08 03:20	66.275	66.315	66.275	66.305	5
2025-08-08 03:25	66.258	66.325	66.258	66.320	4
2025-08-08 03:30	66.325	66.355	66.325	66.355	5
2025-08-08 03:35	66.350	66.395	66.350	66.395	4
2025-08-08 03:40	66.348	66.415	66.348	66.410	5
2025-08-08 03:45	66.420	66.425	66.400	66.405	5
2025-08-08 03:50	66.410	66.410	66.348	66.348	5
2025-08-08 03:55	66.395	66.410	66.348	66.395	5
2025-08-08 04:00	66.385	66.395	66.375	66.380	4
2025-08-08 04:05	66.385	66.385	66.328	66.385	4
2025-08-08 04:10	66.338	66.390	66.338	66.360	4
2025-08-08 04:15	66.355	66.365	66.308	66.318	5
2025-08-08 04:20	66.370	66.370	66.318	66.318	2
2025-08-08 04:25	66.375	66.375	66.308	66.308	5
2025-08-08 04:30	66.355	66.365	66.308	66.308	5
2025-08-08 04:35	66.365	66.375	66.360	66.365	2
2025-08-08 04:40	66.360	66.360	66.308	66.308	5
2025-08-08 04:45	66.355	66.355	66.330	66.335	5
2025-08-08 04:50	66.288	66.335	66.288	66.288	3
2025-08-08 04:55	66.325	66.325	66.268	66.268	2
2025-08-08 05:00	66.315	66.330	66.295	66.305	5
2025-08-08 05:05	66.315	66.335	66.268	66.268	5
2025-08-08 05:10	66.320	66.325	66.268	66.315	5
2025-08-08 05:15	66.320	66.330	66.295	66.320	5
2025-08-08 05:20	66.315	66.315	66.305	66.310	4
2025-08-08 05:25	66.305	66.315	66.255	66.260	5
2025-08-08 05:30	66.255	66.255	66.195	66.195	5
2025-08-08 05:35	66.205	66.275	66.195	66.275	5
2025-08-08 05:40	66.265	66.265	66.225	66.245	5
2025-08-08 05:45	66.250	66.275	66.215	66.255	5
2025-08-08 05:50	66.260	66.270	66.165	66.205	5
2025-08-08 05:55	66.215	66.215	66.155	66.155	5
2025-08-08 06:00	66.145	66.160	66.115	66.125	5
2025-08-08 06:05	66.130	66.150	66.115	66.145	5
2025-08-08 06:10	66.140	66.175	66.115	66.155	5
2025-08-08 06:15	66.150	66.150	66.105	66.130	5
2025-08-08 06:20	66.125	66.125	66.035	66.035	5
2025-08-08 06:25	66.025	66.035	65.895	65.915	5
2025-08-08 06:30	65.905	65.915	65.845	65.895	5
2025-08-08 06:35	65.905	65.905	65.795	65.815	5
2025-08-08 06:40	65.820	65.855	65.785	65.815	5
2025-08-08 06:45	65.825	65.825	65.795	65.805	5
2025-08-08 06:50	65.815	65.880	65.800	65.865	5
2025-08-08 06:55	65.870	65.915	65.865	65.900	5
2025-08-08 07:00	65.905	65.915	65.855	65.885	5
2025-08-08 07:05	65.890	65.935	65.885	65.905	5
2025-08-08 07:10	65.915	66.140	65.915	66.115	5
2025-08-08 07:15	66.110	66.330	66.105	66.305	5
2025-08-08 07:20	66.300	66.350	66.275	66.285	5
2025-08-08 07:25	66.295	66.315	66.220	66.285	5
2025-08-08 07:30	66.300	66.305	66.155	66.275	5
2025-08-08 07:35	66.285	66.300	66.235	66.240	5
2025-08-08 07:40	66.245	66.270	66.165	66.205	5
2025-08-08 07:45	66.220	66.325	66.220	66.320	5
2025-08-08 07:50	66.315	66.505	66.310	66.485	5
2025-08-08 07:55	66.495	66.545	66.470	66.475	5
2025-08-08 08:00	66.470	66.505	66.365	66.395	5
2025-08-08 08:05	66.400	66.435	66.385	66.415	5
2025-08-08 08:10	66.395	66.410	66.230	66.230	5
2025-08-08 08:15	66.235	66.315	66.180	66.300	5
2025-08-08 08:20	66.295	66.340	66.210	66.315	5
2025-08-08 08:25	66.320	66.335	66.255	66.335	5
2025-08-08 08:30	66.345	66.575	66.305	66.555	5
2025-08-08 08:35	66.565	66.640	66.445	66.640	5
2025-08-08 08:40	66.630	66.665	66.555	66.645	5
2025-08-08 08:45	66.655	66.685	66.585	66.675	5
2025-08-08 08:50	66.685	66.690	66.595	66.605	5
2025-08-08 08:55	66.615	66.685	66.560	66.675	5
2025-08-08 09:00	66.660	66.670	66.595	66.600	5
2025-08-08 09:05	66.595	66.725	66.595	66.650	5
2025-08-08 09:10	66.645	66.725	66.635	66.670	5
2025-08-08 09:15	66.665	66.680	66.565	66.595	5
2025-08-08 09:20	66.585	66.600	66.525	66.525	4
2025-08-08 09:25	66.520	66.555	66.475	66.555	5
2025-08-08 09:30	66.560	66.560	66.465	66.530	5
2025-08-08 09:35	66.525	66.670	66.525	66.665	5
2025-08-08 09:40	66.655	66.660	66.550	66.595	5
2025-08-08 09:45	66.605	66.675	66.605	66.675	5
2025-08-08 09:50	66.690	66.750	66.685	66.740	5
2025-08-08 09:55	66.735	66.825	66.730	66.795	5
2025-08-08 10:00	66.785	66.835	66.765	66.835	5
2025-08-08 10:05	66.830	66.840	66.770	66.795	5
2025-08-08 10:10	66.800	66.825	66.775	66.775	5
2025-08-08 10:15	66.770	66.795	66.740	66.795	5
2025-08-08 10:20	66.785	66.805	66.715	66.775	5
2025-08-08 10:25	66.780	66.815	66.780	66.815	5
2025-08-08 10:30	66.820	66.905	66.738	66.775	4
2025-08-08 10:35	66.770	66.980	66.685	66.975	5
2025-08-08 10:40	66.965	67.025	66.925	66.995	5
2025-08-08 10:45	67.005	67.025	66.965	67.005	5
2025-08-08 10:50	66.995	67.052	66.975	66.990	5
2025-08-08 10:55	66.995	67.020	66.920	66.925	5
2025-08-08 11:00	66.915	66.965	66.895	66.925	5
2025-08-08 11:05	66.920	66.925	66.825	66.860	5
2025-08-08 11:10	66.865	66.865	66.770	66.785	5
2025-08-08 11:15	66.790	66.795	66.750	66.790	4
2025-08-08 11:20	66.795	66.855	66.770	66.855	5
2025-08-08 11:25	66.860	66.865	66.805	66.825	5
2025-08-08 11:30	66.830	66.900	66.825	66.885	5
2025-08-08 11:35	66.890	66.890	66.835	66.835	5
2025-08-08 11:40	66.840	66.865	66.820	66.850	5
2025-08-08 11:45	66.855	66.875	66.745	66.765	5
2025-08-08 11:50	66.755	66.755	66.640	66.655	5
2025-08-08 11:55	66.665	66.745	66.655	66.715	5
2025-08-08 12:00	66.710	66.765	66.695	66.750	5
2025-08-08 12:05	66.745	66.800	66.665	66.785	5
2025-08-08 12:10	66.800	66.875	66.790	66.800	5
2025-08-08 12:15	66.810	66.845	66.675	66.730	5
2025-08-08 12:20	66.735	66.750	66.685	66.720	5
2025-08-08 12:25	66.715	66.810	66.715	66.795	5
2025-08-08 12:30	66.790	66.805	66.755	66.775	5
2025-08-08 12:35	66.785	66.825	66.770	66.815	5
2025-08-08 12:40	66.825	66.915	66.810	66.890	5
2025-08-08 12:45	66.895	66.900	66.795	66.820	5
2025-08-08 12:50	66.825	66.825	66.740	66.760	5
2025-08-08 12:55	66.765	66.765	66.715	66.745	5
2025-08-08 13:00	66.755	66.785	66.655	66.705	5
2025-08-08 13:05	66.700	66.735	66.515	66.535	5
2025-08-08 13:10	66.530	66.585	66.500	66.565	5
2025-08-08 13:15	66.575	66.660	66.535	66.615	5
2025-08-08 13:20	66.620	66.735	66.590	66.735	5
2025-08-08 13:25	66.730	66.815	66.730	66.815	5
2025-08-08 13:30	66.805	66.810	66.665	66.715	5
2025-08-08 13:35	66.705	66.790	66.685	66.730	5
2025-08-08 13:40	66.725	66.765	66.705	66.745	5
2025-08-08 13:45	66.750	67.020	66.715	67.015	5
2025-08-08 13:50	67.010	67.185	67.005	67.065	5
2025-08-08 13:55	67.070	67.105	66.985	67.020	5
2025-08-08 14:00	67.025	67.045	66.825	66.835	5
2025-08-08 14:05	66.825	66.835	65.535	65.785	5
2025-08-08 14:10	65.795	65.870	65.515	65.795	5
2025-08-08 14:15	65.820	66.185	65.770	66.140	5
2025-08-08 14:20	66.145	66.170	65.910	65.995	5
2025-08-08 14:25	66.000	66.075	65.780	65.820	5
2025-08-08 14:30	65.825	65.945	65.773	65.820	5
2025-08-08 14:35	65.810	66.245	65.810	66.245	5
2025-08-08 14:40	66.250	66.335	66.095	66.095	5
2025-08-08 14:45	66.090	66.250	66.075	66.230	5
2025-08-08 14:50	66.235	66.245	66.080	66.235	5
2025-08-08 14:55	66.240	66.285	66.155	66.195	5
2025-08-08 15:00	66.185	66.310	66.145	66.280	5
2025-08-08 15:05	66.275	66.365	66.225	66.245	5
2025-08-08 15:10	66.225	66.410	66.185	66.280	5
2025-08-08 15:15	66.275	66.405	66.190	66.335	5
2025-08-08 15:20	66.325	66.570	66.310	66.500	5
2025-08-08 15:25	66.505	66.725	66.505	66.625	5
2025-08-08 15:30	66.635	66.780	66.620	66.675	5
2025-08-08 15:35	66.670	66.735	66.655	66.720	5
2025-08-08 15:40	66.715	66.860	66.685	66.815	5
2025-08-08 15:45	66.825	66.855	66.685	66.745	5
2025-08-08 15:50	66.750	66.850	66.685	66.815	5
2025-08-08 15:55	66.830	66.995	66.825	66.890	5
2025-08-08 16:00	66.900	66.945	66.840	66.925	5
2025-08-08 16:05	66.920	66.945	66.900	66.915	5
2025-08-08 16:10	66.910	66.975	66.880	66.880	5
2025-08-08 16:15	66.885	66.910	66.795	66.865	5
2025-08-08 16:20	66.870	66.935	66.775	66.805	5
2025-08-08 16:25	66.795	66.835	66.785	66.815	5
2025-08-08 16:30	66.820	66.825	66.675	66.745	5
2025-08-08 16:35	66.750	66.770	66.705	66.750	5
2025-08-08 16:40	66.755	66.820	66.715	66.765	5
2025-08-08 16:45	66.755	66.780	66.645	66.775	5
2025-08-08 16:50	66.765	66.820	66.745	66.755	5
2025-08-08 16:55	66.750	66.790	66.715	66.755	5
2025-08-08 17:00	66.735	66.785	66.690	66.715	5
2025-08-08 17:05	66.730	67.025	66.710	66.995	5
2025-08-08 17:10	67.000	67.065	66.925	67.025	5
2025-08-08 17:15	67.020	67.030	66.890	66.905	5
2025-08-08 17:20	66.895	66.920	66.700	66.760	5
2025-08-08 17:25	66.755	66.855	66.755	66.805	5
2025-08-08 17:30	66.800	66.805	66.585	66.595	5
2025-08-08 17:35	66.605	66.605	66.495	66.510	5
2025-08-08 17:40	66.515	66.560	66.485	66.515	5
2025-08-08 17:45	66.510	66.600	66.505	66.575	5
2025-08-08 17:50	66.565	66.605	66.535	66.600	5
2025-08-08 17:55	66.605	66.695	66.595	66.620	5
2025-08-08 18:00	66.600	66.710	66.535	66.670	5
2025-08-08 18:05	66.665	66.670	66.585	66.640	5
2025-08-08 18:10	66.645	66.650	66.555	66.600	5
2025-08-08 18:15	66.620	66.640	66.535	66.545	5
2025-08-08 18:20	66.535	66.605	66.535	66.575	5
2025-08-08 18:25	66.570	66.630	66.535	66.565	5
2025-08-08 18:30	66.545	66.555	66.445	66.495	5
2025-08-08 18:35	66.490	66.500	66.465	66.495	5
2025-08-08 18:40	66.490	66.505	66.465	66.465	4
2025-08-08 18:45	66.470	66.475	66.425	66.455	5
2025-08-08 18:50	66.460	66.475	66.440	66.440	4
2025-08-08 18:55	66.445	66.445	66.395	66.405	4
2025-08-08 19:00	66.410	66.420	66.355	66.380	5
2025-08-08 19:05	66.375	66.405	66.340	66.395	5
2025-08-08 19:10	66.400	66.500	66.395	66.475	5
2025-08-08 19:15	66.465	66.515	66.425	66.500	5
2025-08-08 19:20	66.495	66.505	66.455	66.470	5
2025-08-08 19:25	66.475	66.480	66.440	66.455	5
2025-08-08 19:30	66.460	66.480	66.445	66.470	5
2025-08-08 19:35	66.465	66.485	66.440	66.440	5
2025-08-08 19:40	66.435	66.455	66.413	66.435	5
2025-08-08 19:45	66.445	66.450	66.395	66.410	4
2025-08-08 19:50	66.405	66.410	66.345	66.405	5
2025-08-08 19:55	66.400	66.410	66.355	66.365	5
2025-08-08 20:00	66.370	66.370	66.342	66.342	4
2025-08-08 20:05	66.332	66.347	66.312	66.337	5
2025-08-08 20:10	66.332	66.332	66.252	66.282	5
2025-08-08 20:15	66.277	66.282	66.162	66.197	5
2025-08-08 20:20	66.192	66.237	66.127	66.227	5
2025-08-08 20:25	66.222	66.232	66.162	66.167	5
2025-08-08 20:30	66.172	66.207	66.167	66.192	5
2025-08-08 20:35	66.187	66.202	66.158	66.182	5
2025-08-08 20:40	66.158	66.172	66.082	66.087	5
2025-08-08 20:45	66.082	66.112	66.077	66.082	5
2025-08-08 20:50	66.092	66.102	66.047	66.067	5
2025-08-08 20:55	66.077	66.117	66.058	66.082	5
2025-08-11 00:00	66.157	66.190	66.110	66.130	5
2025-08-11 00:05	66.115	66.190	66.105	66.190	5
2025-08-11 00:10	66.200	66.210	66.135	66.155	5
2025-08-11 00:15	66.108	66.165	66.093	66.130	5
2025-08-11 00:20	66.140	66.170	66.110	66.115	5
2025-08-11 00:25	66.120	66.150	66.120	66.140	5
2025-08-11 00:30	66.145	66.145	66.070	66.080	5
2025-08-11 00:35	66.070	66.075	66.005	66.005	5
2025-08-11 00:40	66.015	66.065	66.015	66.050	5
2025-08-11 00:45	66.055	66.055	65.973	65.973	5
2025-08-11 00:50	66.020	66.020	65.820	65.890	5
2025-08-11 00:55	65.885	65.890	65.748	65.865	5
2025-08-11 01:00	65.875	66.190	65.875	66.185	5
2025-08-11 01:05	66.190	66.195	66.090	66.095	5
2025-08-11 01:10	66.090	66.125	66.080	66.115	5
2025-08-11 01:15	66.105	66.115	66.085	66.100	5
2025-08-11 01:20	66.095	66.120	66.065	66.070	5
2025-08-11 01:25	66.090	66.100	66.043	66.080	5
2025-08-11 01:30	66.075	66.120	66.015	66.065	5
2025-08-11 01:35	66.060	66.105	66.055	66.105	5
2025-08-11 01:40	66.100	66.105	66.055	66.095	5
2025-08-11 01:45	66.100	66.110	66.035	66.105	5
2025-08-11 01:50	66.110	66.225	66.100	66.225	5
2025-08-11 01:55	66.220	66.255	66.210	66.240	5
2025-08-11 02:00	66.250	66.300	66.220	66.270	5
2025-08-11 02:05	66.265	66.305	66.255	66.255	5
2025-08-11 02:10	66.250	66.250	66.185	66.210	5
2025-08-11 02:15	66.215	66.220	66.200	66.215	5
2025-08-11 02:20	66.210	66.225	66.155	66.160	5
2025-08-11 02:25	66.155	66.180	66.125	66.180	5
2025-08-11 02:30	66.170	66.180	66.150	66.150	5
2025-08-11 02:35	66.155	66.190	66.150	66.185	5
2025-08-11 02:40	66.205	66.265	66.205	66.265	5
2025-08-11 02:45	66.260	66.265	66.215	66.215	5
2025-08-11 02:50	66.225	66.275	66.188	66.260	5
2025-08-11 02:55	66.255	66.265	66.245	66.260	5
2025-08-11 03:00	66.265	66.295	66.238	66.290	5
2025-08-11 03:05	66.295	66.300	66.275	66.285	5
2025-08-11 03:10	66.238	66.290	66.238	66.285	5
2025-08-11 03:15	66.275	66.300	66.270	66.285	5
2025-08-11 03:20	66.280	66.285	66.235	66.265	5
2025-08-11 03:25	66.270	66.270	66.230	66.230	5
2025-08-11 03:30	66.235	66.310	66.198	66.290	5
2025-08-11 03:35	66.295	66.295	66.238	66.260	5
2025-08-11 03:40	66.265	66.275	66.218	66.275	5
2025-08-11 03:45	66.228	66.265	66.228	66.240	5
2025-08-11 03:50	66.250	66.275	66.220	66.265	5
2025-08-11 03:55	66.275	66.275	66.250	66.265	5
2025-08-11 04:00	66.285	66.295	66.223	66.275	5
2025-08-11 04:05	66.295	66.295	66.243	66.270	5
2025-08-11 04:10	66.265	66.290	66.223	66.223	5
2025-08-11 04:15	66.275	66.290	66.228	66.228	5
2025-08-11 04:20	66.285	66.290	66.245	66.255	5
2025-08-11 04:25	66.250	66.270	66.230	66.245	5
2025-08-11 04:30	66.240	66.255	66.178	66.230	5
2025-08-11 04:35	66.225	66.230	66.133	66.180	4
2025-08-11 04:40	66.185	66.185	66.103	66.165	4
2025-08-11 04:45	66.170	66.190	66.138	66.138	5
2025-08-11 04:50	66.180	66.185	66.140	66.150	4
2025-08-11 04:55	66.155	66.180	66.123	66.133	5
2025-08-11 05:00	66.180	66.185	66.130	66.170	5
2025-08-11 05:05	66.175	66.225	66.170	66.225	5
2025-08-11 05:10	66.215	66.230	66.168	66.200	5
2025-08-11 05:15	66.205	66.210	66.195	66.210	5
2025-08-11 05:20	66.205	66.225	66.163	66.210	3
2025-08-11 05:25	66.205	66.255	66.195	66.235	5
2025-08-11 05:30	66.225	66.255	66.205	66.245	5
2025-08-11 05:35	66.255	66.265	66.188	66.225	5
2025-08-11 05:40	66.220	66.220	66.185	66.210	5
2025-08-11 05:45	66.205	66.235	66.205	66.235	5
2025-08-11 05:50	66.188	66.275	66.188	66.265	5
2025-08-11 05:55	66.275	66.280	66.250	66.265	5
2025-08-11 06:00	66.260	66.430	66.245	66.385	5
2025-08-11 06:05	66.375	66.375	66.225	66.240	5
2025-08-11 06:10	66.235	66.235	66.125	66.125	5
2025-08-11 06:15	66.130	66.155	66.035	66.045	5
2025-08-11 06:20	66.050	66.090	65.990	65.995	5
2025-08-11 06:25	66.005	66.005	65.885	65.940	5
2025-08-11 06:30	65.935	66.025	65.930	65.975	5
2025-08-11 06:35	65.970	65.985	65.940	65.950	5
2025-08-11 06:40	65.945	66.060	65.930	66.050	5
2025-08-11 06:45	66.055	66.175	66.050	66.130	5
2025-08-11 06:50	66.125	66.140	66.105	66.120	5
2025-08-11 06:55	66.115	66.125	66.035	66.045	5
2025-08-11 07:00	66.035	66.035	65.885	65.910	5
2025-08-11 07:05	65.915	65.975	65.895	65.965	5
2025-08-11 07:10	65.950	66.030	65.950	66.010	5
2025-08-11 07:15	66.005	66.070	65.980	66.065	5
2025-08-11 07:20	66.060	66.125	66.010	66.100	5
2025-08-11 07:25	66.105	66.120	66.080	66.115	5
2025-08-11 07:30	66.125	66.125	65.965	66.040	5
2025-08-11 07:35	66.035	66.180	66.035	66.145	5
2025-08-11 07:40	66.140	66.175	66.105	66.145	5
2025-08-11 07:45	66.150	66.165	65.990	66.055	5
2025-08-11 07:50	66.045	66.120	66.005	66.055	5
2025-08-11 07:55	66.050	66.070	65.865	65.885	5
2025-08-11 08:00	65.915	66.045	65.905	65.965	5
2025-08-11 08:05	65.960	65.965	65.900	65.945	5
2025-08-11 08:10	65.940	66.015	65.940	65.985	5
2025-08-11 08:15	65.995	66.020	65.935	66.020	5
2025-08-11 08:20	66.035	66.225	66.015	66.100	5
2025-08-11 08:25	66.095	66.195	66.075	66.195	5
2025-08-11 08:30	66.205	66.265	66.090	66.260	5
2025-08-11 08:35	66.255	66.420	66.235	66.310	5
2025-08-11 08:40	66.315	66.385	66.295	66.360	5
2025-08-11 08:45	66.365	66.385	66.335	66.375	5
2025-08-11 08:50	66.365	66.375	66.295	66.340	5
2025-08-11 08:55	66.335	66.345	66.190	66.215	5
2025-08-11 09:00	66.210	66.325	66.170	66.255	5
2025-08-11 09:05	66.260	66.295	66.205	66.285	5
2025-08-11 09:10	66.275	66.395	66.275	66.335	5
2025-08-11 09:15	66.345	66.440	66.330	66.415	5
2025-08-11 09:20	66.425	66.550	66.415	66.525	5
2025-08-11 09:25	66.540	66.560	66.505	66.540	5
2025-08-11 09:30	66.545	66.555	66.455	66.465	5
2025-08-11 09:35	66.475	66.485	66.425	66.445	5
2025-08-11 09:40	66.455	66.485	66.435	66.455	5
2025-08-11 09:45	66.450	66.495	66.445	66.465	5
2025-08-11 09:50	66.460	66.525	66.460	66.525	5
2025-08-11 09:55	66.535	66.640	66.515	66.595	5
2025-08-11 10:00	66.590	66.645	66.585	66.615	5
2025-08-11 10:05	66.625	66.665	66.620	66.665	5
2025-08-11 10:10	66.655	66.715	66.640	66.695	5
2025-08-11 10:15	66.690	66.735	66.675	66.715	5
2025-08-11 10:20	66.720	66.735	66.665	66.675	5
2025-08-11 10:25	66.680	66.695	66.625	66.645	5
2025-08-11 10:30	66.650	66.690	66.640	66.685	5
2025-08-11 10:35	66.690	66.715	66.655	66.655	4
2025-08-11 10:40	66.665	66.715	66.660	66.705	4
2025-08-11 10:45	66.715	66.715	66.650	66.675	5
2025-08-11 10:50	66.665	66.685	66.660	66.675	5
2025-08-11 10:55	66.680	66.725	66.675	66.705	5
2025-08-11 11:00	66.685	66.765	66.675	66.745	5
2025-08-11 11:05	66.740	66.755	66.705	66.725	5
2025-08-11 11:10	66.720	66.735	66.700	66.710	5
2025-08-11 11:15	66.705	66.765	66.695	66.735	5
2025-08-11 11:20	66.755	66.885	66.750	66.840	5
2025-08-11 11:25	66.845	66.865	66.815	66.860	5
2025-08-11 11:30	66.865	66.920	66.840	66.915	5
2025-08-11 11:35	66.910	66.965	66.885	66.955	5
2025-08-11 11:40	66.960	66.975	66.905	66.905	5
2025-08-11 11:45	66.915	66.925	66.875	66.895	5
2025-08-11 11:50	66.905	66.905	66.855	66.895	5
2025-08-11 11:55	66.920	66.995	66.915	66.975	5
2025-08-11 12:00	66.965	66.985	66.930	66.965	5
2025-08-11 12:05	66.960	66.985	66.905	66.915	5
2025-08-11 12:10	66.925	66.965	66.915	66.960	5
2025-08-11 12:15	66.955	67.000	66.930	66.940	5
2025-08-11 12:20	66.935	66.935	66.865	66.905	5
2025-08-11 12:25	66.895	66.955	66.890	66.950	5
2025-08-11 12:30	66.945	66.955	66.905	66.920	5
2025-08-11 12:35	66.925	66.980	66.910	66.945	5
2025-08-11 12:40	66.935	66.935	66.865	66.905	5
2025-08-11 12:45	66.910	66.915	66.820	66.850	5
2025-08-11 12:50	66.845	66.945	66.845	66.925	5
2025-08-11 12:55	66.920	66.975	66.920	66.925	5
2025-08-11 13:00	66.905	66.975	66.815	66.920	5
2025-08-11 13:05	66.915	67.080	66.885	67.045	5
2025-08-11 13:10	67.055	67.095	66.940	66.970	5
2025-08-11 13:15	66.965	66.985	66.900	66.955	5
2025-08-11 13:20	66.950	66.950	66.858	66.875	5
2025-08-11 13:25	66.885	66.910	66.840	66.855	5
2025-08-11 13:30	66.860	67.065	66.845	67.025	5
2025-08-11 13:35	67.020	67.030	66.895	66.940	5
2025-08-11 13:40	66.935	66.940	66.765	66.800	5
2025-08-11 13:45	66.805	66.870	66.765	66.865	5
2025-08-11 13:50	66.860	66.885	66.795	66.845	5
2025-08-11 13:55	66.850	66.870	66.805	66.825	5
2025-08-11 14:00	66.840	67.065	66.785	67.045	5
2025-08-11 14:05	67.050	67.090	66.925	66.945	5
2025-08-11 14:10	66.940	66.955	66.675	66.745	5
2025-08-11 14:15	66.750	66.750	66.620	66.625	5
2025-08-11 14:20	66.635	66.635	66.505	66.505	5
2025-08-11 14:25	66.495	66.620	66.485	66.580	5
2025-08-11 14:30	66.575	66.640	66.513	66.640	5
2025-08-11 14:35	66.635	66.695	66.585	66.590	5
2025-08-11 14:40	66.585	66.595	66.390	66.420	5
2025-08-11 14:45	66.415	66.545	66.405	66.525	5
2025-08-11 14:50	66.515	66.555	66.415	66.420	5
2025-08-11 14:55	66.445	66.495	66.330	66.355	5
2025-08-11 15:00	66.365	66.485	66.360	66.410	5
2025-08-11 15:05	66.405	66.515	66.405	66.490	5
2025-08-11 15:10	66.495	66.535	66.430	66.445	5
2025-08-11 15:15	66.435	66.465	66.340	66.450	5
2025-08-11 15:20	66.445	66.855	66.445	66.775	5
2025-08-11 15:25	66.770	66.795	66.675	66.695	5
2025-08-11 15:30	66.705	66.845	66.675	66.725	5
2025-08-11 15:35	66.735	66.755	66.585	66.650	5
2025-08-11 15:40	66.655	66.705	66.545	66.635	5
2025-08-11 15:45	66.630	66.650	66.545	66.600	5
2025-08-11 15:50	66.605	66.605	66.485	66.485	5
2025-08-11 15:55	66.490	66.525	66.385	66.445	5
2025-08-11 16:00	66.450	66.600	66.420	66.575	5
2025-08-11 16:05	66.585	66.585	66.470	66.485	5
2025-08-11 16:10	66.495	66.515	66.465	66.485	5
2025-08-11 16:15	66.500	66.625	66.460	66.595	5
2025-08-11 16:20	66.580	66.635	66.560	66.590	5
2025-08-11 16:25	66.585	66.695	66.580	66.660	5
2025-08-11 16:30	66.655	66.705	66.635	66.705	5
2025-08-11 16:35	66.715	66.785	66.680	66.745	5
2025-08-11 16:40	66.735	66.745	66.695	66.735	5
2025-08-11 16:45	66.740	66.745	66.645	66.670	5
2025-08-11 16:50	66.680	66.680	66.625	66.650	5
2025-08-11 16:55	66.645	66.725	66.645	66.715	5
2025-08-11 17:00	66.710	66.745	66.685	66.710	5
2025-08-11 17:05	66.705	66.835	66.700	66.785	5
2025-08-11 17:10	66.790	66.820	66.780	66.815	5
2025-08-11 17:15	66.825	66.825	66.775	66.790	5
2025-08-11 17:20	66.785	66.785	66.705	66.740	5
2025-08-11 17:25	66.735	66.775	66.665	66.705	5
2025-08-11 17:30	66.710	66.725	66.645	66.655	5
2025-08-11 17:35	66.650	66.665	66.550	66.550	5
2025-08-11 17:40	66.545	66.610	66.515	66.585	5
2025-08-11 17:45	66.575	66.580	66.525	66.550	5
2025-08-11 17:50	66.555	66.575	66.515	66.575	5
2025-08-11 17:55	66.585	66.665	66.580	66.615	5
2025-08-11 18:00	66.605	66.615	66.560	66.590	5
2025-08-11 18:05	66.595	66.625	66.575	66.615	5
2025-08-11 18:10	66.610	66.745	66.610	66.730	5
2025-08-11 18:15	66.725	66.775	66.705	66.715	5
2025-08-11 18:20	66.705	66.740	66.685	66.685	5
2025-08-11 18:25	66.680	66.720	66.565	66.645	5
2025-08-11 18:30	66.655	66.760	66.655	66.725	5
2025-08-11 18:35	66.730	66.805	66.725	66.775	5
2025-08-11 18:40	66.770	66.790	66.735	66.750	5
2025-08-11 18:45	66.755	66.755	66.655	66.665	5
2025-08-11 18:50	66.660	66.675	66.600	66.655	5
2025-08-11 18:55	66.650	66.685	66.645	66.665	4
2025-08-11 19:00	66.670	66.715	66.670	66.685	4
2025-08-11 19:05	66.690	66.705	66.685	66.695	5
2025-08-11 19:10	66.685	66.685	66.665	66.670	5
2025-08-11 19:15	66.665	66.720	66.665	66.705	5
2025-08-11 19:20	66.710	66.725	66.700	66.720	4
2025-08-11 19:25	66.715	66.725	66.715	66.725	3
2025-08-11 19:30	66.755	66.775	66.745	66.745	5
2025-08-11 19:35	66.755	66.805	66.755	66.780	5
2025-08-11 19:40	66.785	66.785	66.760	66.765	5
2025-08-11 19:45	66.755	66.770	66.755	66.755	5
2025-08-11 19:50	66.745	66.770	66.705	66.705	5
2025-08-11 19:55	66.695	66.715	66.690	66.715	5
2025-08-11 20:00	66.710	66.722	66.687	66.722	5
2025-08-11 20:05	66.717	66.722	66.668	66.692	5
2025-08-11 20:10	66.687	66.702	66.663	66.702	5
2025-08-11 20:15	66.697	66.697	66.657	66.662	5
2025-08-11 20:20	66.657	66.677	66.657	66.677	4
2025-08-11 20:25	66.672	66.677	66.643	66.677	5
2025-08-11 20:30	66.672	66.672	66.638	66.662	5
2025-08-11 20:35	66.638	66.672	66.638	66.662	5
2025-08-11 20:40	66.672	66.672	66.638	66.638	4
2025-08-11 20:45	66.657	66.667	66.652	66.667	5
2025-08-11 20:50	66.672	66.672	66.622	66.627	5
2025-08-11 20:55	66.632	66.662	66.627	66.647	5
2025-08-12 00:00	66.772	66.840	66.760	66.810	5
2025-08-12 00:05	66.805	66.835	66.768	66.830	5
2025-08-12 00:10	66.840	66.875	66.798	66.875	5
2025-08-12 00:15	66.870	66.890	66.818	66.885	5
2025-08-12 00:20	66.890	66.905	66.875	66.880	5
2025-08-12 00:25	66.875	66.885	66.815	66.825	5
2025-08-12 00:30	66.830	66.840	66.785	66.790	5
2025-08-12 00:35	66.785	66.825	66.768	66.815	5
2025-08-12 00:40	66.830	66.830	66.810	66.815	5
2025-08-12 00:45	66.820	66.825	66.815	66.825	4
2025-08-12 00:50	66.778	66.855	66.778	66.840	5
2025-08-12 00:55	66.830	66.830	66.755	66.755	2
2025-08-12 01:00	66.765	66.770	66.600	66.610	5
2025-08-12 01:05	66.605	66.660	66.593	66.650	5
2025-08-12 01:10	66.665	66.680	66.645	66.655	5
2025-08-12 01:15	66.660	66.695	66.655	66.680	5
2025-08-12 01:20	66.675	66.680	66.580	66.590	5
2025-08-12 01:25	66.595	66.625	66.595	66.600	5
2025-08-12 01:30	66.590	66.635	66.590	66.625	5
2025-08-12 01:35	66.620	66.635	66.585	66.635	5
2025-08-12 01:40	66.630	66.665	66.630	66.655	5
2025-08-12 01:45	66.660	66.750	66.655	66.710	5
2025-08-12 01:50	66.715	66.735	66.705	66.710	5
2025-08-12 01:55	66.705	66.710	66.685	66.685	5
2025-08-12 02:00	66.690	66.690	66.620	66.665	5
2025-08-12 02:05	66.670	66.700	66.665	66.685	5
2025-08-12 02:10	66.690	66.695	66.670	66.680	5
2025-08-12 02:15	66.675	66.695	66.675	66.690	5
2025-08-12 02:20	66.685	66.735	66.670	66.730	5
2025-08-12 02:25	66.720	66.765	66.720	66.755	4
2025-08-12 02:30	66.745	66.755	66.690	66.695	5
2025-08-12 02:35	66.700	66.730	66.690	66.715	5
2025-08-12 02:40	66.710	66.710	66.655	66.660	5
2025-08-12 02:45	66.665	66.690	66.655	66.690	5
2025-08-12 02:50	66.695	66.730	66.695	66.725	5
2025-08-12 02:55	66.730	66.785	66.725	66.755	5
2025-08-12 03:00	66.760	66.765	66.708	66.755	5
2025-08-12 03:05	66.780	66.880	66.780	66.860	5
2025-08-12 03:10	66.855	66.860	66.830	66.840	5
2025-08-12 03:15	66.835	66.875	66.818	66.870	5
2025-08-12 03:20	66.865	66.875	66.855	66.860	5
2025-08-12 03:25	66.870	66.875	66.805	66.830	5
2025-08-12 03:30	66.825	66.845	66.778	66.840	5
2025-08-12 03:35	66.845	66.850	66.815	66.835	5
2025-08-12 03:40	66.830	66.845	66.820	66.825	4
2025-08-12 03:45	66.778	66.840	66.778	66.835	4
2025-08-12 03:50	66.825	66.825	66.795	66.810	3
2025-08-12 03:55	66.805	66.825	66.805	66.820	4
2025-08-12 04:00	66.815	66.820	66.758	66.810	5
2025-08-12 04:05	66.815	66.860	66.815	66.860	3
2025-08-12 04:10	66.855	66.870	66.850	66.870	5
2025-08-12 04:15	66.875	66.895	66.865	66.875	4
2025-08-12 04:20	66.885	66.890	66.838	66.875	4
2025-08-12 04:25	66.860	66.870	66.808	66.808	5
2025-08-12 04:30	66.850	66.855	66.805	66.840	5
2025-08-12 04:35	66.845	66.880	66.845	66.870	5
2025-08-12 04:40	66.850	66.850	66.798	66.845	4
2025-08-12 04:45	66.840	66.875	66.835	66.860	5
2025-08-12 04:50	66.865	66.950	66.860	66.935	5
2025-08-12 04:55	66.955	66.985	66.938	66.960	5
2025-08-12 05:00	66.965	66.965	66.880	66.890	5
2025-08-12 05:05	66.895	66.935	66.890	66.895	5
2025-08-12 05:10	66.848	66.955	66.848	66.950	4
2025-08-12 05:15	66.945	66.970	66.925	66.935	5
2025-08-12 05:20	66.925	66.930	66.900	66.905	5
2025-08-12 05:25	66.858	66.915	66.858	66.895	5
2025-08-12 05:30	66.905	66.905	66.865	66.895	5
2025-08-12 05:35	66.890	66.915	66.855	66.875	5
2025-08-12 05:40	66.885	66.915	66.875	66.915	5
2025-08-12 05:45	66.905	66.930	66.885	66.905	5
2025-08-12 05:50	66.915	66.925	66.885	66.900	5
2025-08-12 05:55	66.895	66.905	66.838	66.890	5
2025-08-12 06:00	66.895	66.905	66.865	66.875	5
2025-08-12 06:05	66.880	66.945	66.870	66.880	5
2025-08-12 06:10	66.875	66.885	66.795	66.805	5
2025-08-12 06:15	66.763	66.855	66.763	66.835	5
2025-08-12 06:20	66.845	66.980	66.845	66.930	5
2025-08-12 06:25	66.940	66.985	66.940	66.980	5
2025-08-12 06:30	66.975	66.995	66.915	66.915	5
2025-08-12 06:35	66.895	66.895	66.745	66.755	5
2025-08-12 06:40	66.750	66.755	66.685	66.750	5
2025-08-12 06:45	66.755	66.815	66.740	66.745	5
2025-08-12 06:50	66.740	66.910	66.740	66.895	5
2025-08-12 06:55	66.900	66.925	66.825	66.830	5
2025-08-12 07:00	66.825	66.900	66.805	66.865	5
2025-08-12 07:05	66.830	66.830	66.785	66.785	5
2025-08-12 07:10	66.805	66.840	66.785	66.800	5
2025-08-12 07:15	66.795	66.875	66.775	66.855	5
2025-08-12 07:20	66.845	66.845	66.775	66.830	5
2025-08-12 07:25	66.835	66.865	66.800	66.835	5
2025-08-12 07:30	66.845	66.845	66.785	66.795	5
2025-08-12 07:35	66.805	66.875	66.805	66.850	5
2025-08-12 07:40	66.855	66.915	66.795	66.885	5
2025-08-12 07:45	66.865	66.925	66.855	66.925	5
2025-08-12 07:50	66.935	66.945	66.823	66.835	5
2025-08-12 07:55	66.830	66.885	66.815	66.860	5
2025-08-12 08:00	66.865	66.900	66.825	66.865	5
2025-08-12 08:05	66.860	66.900	66.825	66.825	5
2025-08-12 08:10	66.820	66.885	66.795	66.825	5
2025-08-12 08:15	66.835	66.845	66.705	66.785	5
2025-08-12 08:20	66.795	66.865	66.755	66.785	5
2025-08-12 08:25	66.790	66.815	66.685	66.745	5
2025-08-12 08:30	66.735	66.920	66.705	66.805	5
2025-08-12 08:35	66.800	66.805	66.555	66.585	5
2025-08-12 08:40	66.590	66.635	66.525	66.625	5
2025-08-12 08:45	66.635	66.635	66.560	66.590	5
2025-08-12 08:50	66.585	66.605	66.555	66.565	5
2025-08-12 08:55	66.570	66.595	66.495	66.565	5
2025-08-12 09:00	66.575	66.625	66.505	66.615	5
2025-08-12 09:05	66.630	66.695	66.595	66.665	5
2025-08-12 09:10	66.670	66.685	66.605	66.660	5
2025-08-12 09:15	66.650	66.730	66.635	66.705	5
2025-08-12 09:20	66.715	66.775	66.695	66.745	5
2025-08-12 09:25	66.760	66.765	66.725	66.735	5
2025-08-12 09:30	66.740	66.765	66.685	66.705	5
2025-08-12 09:35	66.710	66.760	66.705	66.755	5
2025-08-12 09:40	66.750	66.785	66.690	66.735	5
2025-08-12 09:45	66.725	66.725	66.645	66.645	5
2025-08-12 09:50	66.635	66.655	66.605	66.640	5
2025-08-12 09:55	66.635	66.755	66.630	66.745	5
2025-08-12 10:00	66.735	67.040	66.735	66.900	5
2025-08-12 10:05	66.890	66.950	66.885	66.920	5
2025-08-12 10:10	66.925	66.935	66.890	66.905	5
2025-08-12 10:15	66.895	66.905	66.815	66.835	5
2025-08-12 10:20	66.840	66.840	66.785	66.805	5
2025-08-12 10:25	66.800	66.825	66.775	66.825	5
2025-08-12 10:30	66.815	66.865	66.780	66.790	5
2025-08-12 10:35	66.785	66.800	66.610	66.610	5
2025-08-12 10:40	66.605	66.645	66.520	66.635	5
2025-08-12 10:45	66.630	66.700	66.615	66.695	5
2025-08-12 10:50	66.700	66.755	66.700	66.745	5
2025-08-12 10:55	66.755	66.765	66.675	66.685	5
2025-08-12 11:00	66.680	66.695	66.570	66.595	5
2025-08-12 11:05	66.605	66.630	66.600	66.615	5
2025-08-12 11:10	66.610	66.625	66.583	66.605	5
2025-08-12 11:15	66.600	66.600	66.455	66.500	5
2025-08-12 11:20	66.505	66.515	66.405	66.455	5
2025-08-12 11:25	66.445	66.455	66.355	66.365	5
2025-08-12 11:30	66.355	66.355	66.285	66.325	5
2025-08-12 11:35	66.315	66.315	66.265	66.290	5
2025-08-12 11:40	66.285	66.340	66.275	66.305	5
2025-08-12 11:45	66.290	66.345	66.275	66.275	5
2025-08-12 11:50	66.265	66.315	66.245	66.295	5
2025-08-12 11:55	66.300	66.305	66.255	66.265	5
2025-08-12 12:00	66.270	66.300	66.220	66.295	5
2025-08-12 12:05	66.290	66.355	66.255	66.255	5
2025-08-12 12:10	66.265	66.285	66.255	66.255	5
2025-08-12 12:15	66.260	66.285	66.240	66.255	5
2025-08-12 12:20	66.250	66.260	66.205	66.215	5
2025-08-12 12:25	66.235	66.325	66.230	66.320	4
2025-08-12 12:30	66.330	66.395	66.295	66.305	5
2025-08-12 12:35	66.295	66.375	66.240	66.240	5
2025-08-12 12:40	66.245	66.325	66.090	66.115	5
2025-08-12 12:45	66.110	66.240	66.090	66.210	5
2025-08-12 12:50	66.205	66.255	66.143	66.185	5
2025-08-12 12:55	66.180	66.235	66.175	66.185	5
2025-08-12 13:00	66.200	66.315	66.143	66.305	5
2025-08-12 13:05	66.310	66.420	66.215	66.235	5
2025-08-12 13:10	66.245	66.270	66.195	66.250	5
2025-08-12 13:15	66.245	66.320	66.205	66.255	5
2025-08-12 13:20	66.275	66.300	66.185	66.295	5
2025-08-12 13:25	66.290	66.310	66.240	66.265	5
2025-08-12 13:30	66.270	66.355	66.085	66.090	5
2025-08-12 13:35	66.095	66.205	66.050	66.175	5
2025-08-12 13:40	66.185	66.220	66.123	66.158	5
2025-08-12 13:45	66.163	66.280	66.143	66.240	5
2025-08-12 13:50	66.235	66.405	66.235	66.295	5
2025-08-12 13:55	66.305	66.320	66.185	66.285	5
2025-08-12 14:00	66.295	66.345	66.245	66.320	5
2025-08-12 14:05	66.325	66.350	66.265	66.305	5
2025-08-12 14:10	66.310	66.335	66.275	66.315	5
2025-08-12 14:15	66.310	66.425	66.290	66.345	5
2025-08-12 14:20	66.350	66.400	66.270	66.385	5
2025-08-12 14:25	66.380	66.395	66.340	66.385	5
2025-08-12 14:30	66.380	66.455	66.375	66.395	5
2025-08-12 14:35	66.400	66.405	66.325	66.335	5
2025-08-12 14:40	66.330	66.380	66.290	66.320	5
2025-08-12 14:45	66.315	66.435	66.285	66.400	5
2025-08-12 14:50	66.405	66.425	66.345	66.370	5
2025-08-12 14:55	66.365	66.385	66.305	66.380	5
2025-08-12 15:00	66.385	66.595	66.380	66.535	5
2025-08-12 15:05	66.545	66.595	66.475	66.540	5
2025-08-12 15:10	66.535	66.575	66.455	66.495	5
2025-08-12 15:15	66.500	66.575	66.495	66.555	5
2025-08-12 15:20	66.545	66.545	66.425	66.435	5
2025-08-12 15:25	66.440	66.440	66.265	66.275	5
2025-08-12 15:30	66.295	66.455	66.270	66.405	5
2025-08-12 15:35	66.410	66.420	66.285	66.285	5
2025-08-12 15:40	66.275	66.275	66.055	66.095	5
2025-08-12 15:45	66.105	66.195	66.105	66.170	5
2025-08-12 15:50	66.175	66.195	66.105	66.120	5
2025-08-12 15:55	66.125	66.160	66.115	66.145	5
2025-08-12 16:00	66.130	66.165	66.115	66.155	5
2025-08-12 16:05	66.165	66.245	66.125	66.125	5
2025-08-12 16:10	66.110	66.185	66.085	66.155	5
2025-08-12 16:15	66.150	66.190	66.120	66.180	5
2025-08-12 16:20	66.185	66.185	66.120	66.145	5
2025-08-12 16:25	66.155	66.165	66.105	66.155	5
2025-08-12 16:30	66.160	66.165	66.015	66.035	5
2025-08-12 16:35	66.040	66.045	65.965	66.005	5
2025-08-12 16:40	66.010	66.075	66.005	66.035	5
2025-08-12 16:45	66.045	66.075	66.035	66.045	5
2025-08-12 16:50	66.050	66.125	66.040	66.105	5
2025-08-12 16:55	66.115	66.115	66.075	66.085	5
2025-08-12 17:00	66.075	66.295	66.035	66.125	5
2025-08-12 17:05	66.130	66.130	66.085	66.105	4
2025-08-12 17:10	66.100	66.125	66.075	66.085	5
2025-08-12 17:15	66.090	66.155	66.055	66.155	5
2025-08-12 17:20	66.165	66.185	66.115	66.175	5
2025-08-12 17:25	66.185	66.215	66.115	66.140	5
2025-08-12 17:30	66.135	66.195	66.110	66.160	5
2025-08-12 17:35	66.155	66.195	66.135	66.185	5
2025-08-12 17:40	66.175	66.205	66.175	66.185	5
2025-08-12 17:45	66.190	66.195	66.135	66.145	5
2025-08-12 17:50	66.140	66.180	66.115	66.135	5
2025-08-12 17:55	66.145	66.185	66.125	66.130	5
2025-08-12 18:00	66.135	66.175	66.110	66.120	5
2025-08-12 18:05	66.125	66.145	66.070	66.125	5
2025-08-12 18:10	66.130	66.165	66.080	66.080	5
2025-08-12 18:15	66.085	66.125	66.065	66.075	5
2025-08-12 18:20	66.080	66.100	66.065	66.095	5
2025-08-12 18:25	66.100	66.140	66.065	66.095	5
2025-08-12 18:30	66.085	66.105	66.035	66.060	5
2025-08-12 18:35	66.065	66.075	66.035	66.050	5
2025-08-12 18:40	66.055	66.125	66.045	66.105	5
2025-08-12 18:45	66.110	66.135	66.110	66.120	5
2025-08-12 18:50	66.125	66.150	66.120	66.145	4
2025-08-12 18:55	66.155	66.155	66.095	66.125	5
2025-08-12 19:00	66.135	66.145	66.120	66.140	5
2025-08-12 19:05	66.145	66.160	66.125	66.155	5
2025-08-12 19:10	66.145	66.155	66.130	66.150	4
2025-08-12 19:15	66.155	66.155	66.103	66.150	5
2025-08-12 19:20	66.155	66.165	66.105	66.160	5
2025-08-12 19:25	66.165	66.165	66.140	66.140	4
2025-08-12 19:30	66.145	66.165	66.093	66.165	5
2025-08-12 19:35	66.155	66.155	66.125	66.145	5
2025-08-12 19:40	66.150	66.165	66.140	66.160	3
2025-08-12 19:45	66.155	66.155	66.120	66.135	5
2025-08-12 19:50	66.145	66.155	66.085	66.085	5
2025-08-12 19:55	66.095	66.095	66.085	66.095	3
2025-08-12 20:00	66.110	66.125	66.092	66.092	3
2025-08-12 20:05	66.073	66.102	66.073	66.087	3
2025-08-12 20:10	66.082	66.087	66.053	66.053	5
2025-08-12 20:15	66.048	66.072	66.043	66.062	5
2025-08-12 20:20	66.072	66.072	66.043	66.062	5
2025-08-12 20:25	66.072	66.082	66.053	66.082	4
2025-08-12 20:30	66.087	66.092	66.042	66.062	5
2025-08-12 20:35	66.067	66.092	66.047	66.067	5
2025-08-12 20:40	66.077	66.107	66.072	66.092	5
2025-08-12 20:45	66.087	66.102	66.058	66.058	5
2025-08-12 20:50	66.082	66.092	66.048	66.048	5
2025-08-12 20:55	66.062	66.082	66.052	66.067	5
2025-08-13 00:00	66.127	66.155	66.110	66.145	5
2025-08-13 00:05	66.140	66.155	66.098	66.145	5
2025-08-13 00:10	66.098	66.135	66.098	66.115	2
2025-08-13 00:15	66.125	66.135	66.078	66.135	4
2025-08-13 00:20	66.088	66.135	66.088	66.115	4
2025-08-13 00:25	66.120	66.125	66.068	66.078	4
2025-08-13 00:30	66.125	66.155	66.088	66.155	5
2025-08-13 00:35	66.108	66.155	66.108	66.155	4
2025-08-13 00:40	66.150	66.155	66.098	66.098	3
2025-08-13 00:45	66.145	66.145	66.135	66.135	2
2025-08-13 00:50	66.088	66.145	66.088	66.135	4
2025-08-13 00:55	66.140	66.145	66.078	66.145	5
2025-08-13 01:00	66.135	66.145	66.050	66.145	5
2025-08-13 01:05	66.155	66.185	66.125	66.140	5
2025-08-13 01:10	66.135	66.155	66.115	66.120	5
2025-08-13 01:15	66.115	66.125	66.040	66.060	5
2025-08-13 01:20	66.055	66.075	66.035	66.070	5
2025-08-13 01:25	66.075	66.130	66.055	66.115	5
2025-08-13 01:30	66.130	66.135	66.035	66.080	5
2025-08-13 01:35	66.075	66.115	66.075	66.105	5
2025-08-13 01:40	66.058	66.105	66.040	66.045	5
2025-08-13 01:45	66.040	66.085	66.035	66.060	5
2025-08-13 01:50	66.055	66.075	66.045	66.045	5
2025-08-13 01:55	66.050	66.140	66.040	66.140	5
2025-08-13 02:00	66.145	66.145	66.060	66.085	5
2025-08-13 02:05	66.080	66.090	66.035	66.045	5
2025-08-13 02:10	66.050	66.055	66.035	66.035	5
2025-08-13 02:15	66.035	66.050	66.035	66.045	4
2025-08-13 02:20	66.035	66.040	66.035	66.035	4
2025-08-13 02:25	66.035	66.035	66.035	66.035	5
2025-08-13 02:30	66.035	66.035	66.030	66.035	5
2025-08-13 02:35	66.035	66.035	66.030	66.035	5
2025-08-13 02:40	66.035	66.035	66.035	66.035	5
2025-08-13 02:45	66.035	66.035	65.990	66.035	5
2025-08-13 02:50	66.035	66.035	65.955	65.955	5
2025-08-13 02:55	65.960	65.975	65.955	65.975	5
2025-08-13 03:00	65.970	66.005	65.965	65.995	5
2025-08-13 03:05	66.000	66.025	65.990	66.020	5
2025-08-13 03:10	66.025	66.085	66.025	66.075	5
2025-08-13 03:15	66.080	66.080	66.018	66.065	5
2025-08-13 03:20	66.018	66.080	66.018	66.065	4
2025-08-13 03:25	66.018	66.090	66.018	66.080	5
2025-08-13 03:30	66.085	66.155	66.080	66.150	5
2025-08-13 03:35	66.145	66.160	66.088	66.145	5
2025-08-13 03:40	66.155	66.165	66.098	66.098	5
2025-08-13 03:45	66.135	66.135	66.083	66.120	4
2025-08-13 03:50	66.125	66.125	66.068	66.125	5
2025-08-13 03:55	66.130	66.170	66.108	66.165	5
2025-08-13 04:00	66.175	66.190	66.118	66.190	5
2025-08-13 04:05	66.175	66.175	66.145	66.155	5
2025-08-13 04:10	66.165	66.170	66.108	66.145	4
2025-08-13 04:15	66.155	66.160	66.108	66.155	3
2025-08-13 04:20	66.108	66.165	66.098	66.155	5
2025-08-13 04:25	66.108	66.170	66.108	66.155	3
2025-08-13 04:30	66.108	66.215	66.108	66.215	4
2025-08-13 04:35	66.225	66.225	66.143	66.185	5
2025-08-13 04:40	66.205	66.205	66.143	66.143	5
2025-08-13 04:45	66.190	66.190	66.138	66.175	5
2025-08-13 04:50	66.128	66.185	66.128	66.175	5
2025-08-13 04:55	66.128	66.185	66.128	66.180	5
2025-08-13 05:00	66.185	66.245	66.178	66.178	5
2025-08-13 05:05	66.215	66.220	66.168	66.190	5
2025-08-13 05:10	66.195	66.215	66.158	66.210	5
2025-08-13 05:15	66.215	66.215	66.168	66.200	5
2025-08-13 05:20	66.185	66.185	66.145	66.155	5
2025-08-13 05:25	66.108	66.165	66.108	66.155	4
2025-08-13 05:30	66.140	66.155	66.130	66.150	5
2025-08-13 05:35	66.155	66.185	66.108	66.175	4
2025-08-13 05:40	66.128	66.165	66.108	66.130	5
2025-08-13 05:45	66.135	66.150	66.115	66.120	3
2025-08-13 05:50	66.125	66.125	66.095	66.105	5
2025-08-13 05:55	66.058	66.100	66.035	66.050	5
2025-08-13 06:00	66.013	66.065	66.013	66.065	5
2025-08-13 06:05	66.060	66.145	66.055	66.100	5
2025-08-13 06:10	66.090	66.090	65.983	65.983	5
2025-08-13 06:15	66.025	66.025	65.945	65.945	5
2025-08-13 06:20	65.935	65.935	65.895	65.935	5
2025-08-13 06:25	65.920	65.935	65.890	65.890	5
2025-08-13 06:30	65.885	65.955	65.845	65.955	5
2025-08-13 06:35	65.950	66.070	65.930	66.065	5
2025-08-13 06:40	66.080	66.175	66.075	66.170	5
2025-08-13 06:45	66.185	66.300	66.180	66.255	5
2025-08-13 06:50	66.250	66.275	66.225	66.235	5
2025-08-13 06:55	66.230	66.235	66.135	66.150	5
2025-08-13 07:00	66.145	66.145	66.015	66.095	5
2025-08-13 07:05	66.090	66.130	66.065	66.065	5
2025-08-13 07:10	66.070	66.105	66.035	66.035	5
2025-08-13 07:15	66.020	66.035	65.990	65.995	5
2025-08-13 07:20	66.000	66.025	65.945	66.000	5
2025-08-13 07:25	66.005	66.065	65.965	66.025	5
2025-08-13 07:30	66.030	66.030	65.965	65.975	5
2025-08-13 07:35	65.965	65.995	65.955	65.965	5
2025-08-13 07:40	65.975	65.980	65.885	65.900	5
2025-08-13 07:45	65.905	65.925	65.865	65.870	5
2025-08-13 07:50	65.865	65.915	65.860	65.905	5
2025-08-13 07:55	65.900	65.965	65.890	65.935	5
2025-08-13 08:00	65.940	65.985	65.805	65.815	5
2025-08-13 08:05	65.805	65.925	65.785	65.865	5
2025-08-13 08:10	65.855	65.930	65.845	65.870	5
2025-08-13 08:15	65.875	65.885	65.835	65.860	5
2025-08-13 08:20	65.865	65.865	65.785	65.790	5
2025-08-13 08:25	65.795	65.795	65.610	65.670	5
2025-08-13 08:30	65.665	65.745	65.635	65.695	5
2025-08-13 08:35	65.685	65.705	65.645	65.645	5
2025-08-13 08:40	65.655	65.665	65.585	65.615	5
2025-08-13 08:45	65.605	65.615	65.555	65.565	5
2025-08-13 08:50	65.555	65.645	65.540	65.610	5
2025-08-13 08:55	65.615	65.860	65.610	65.835	5
2025-08-13 09:00	65.830	66.025	65.830	65.865	5
2025-08-13 09:05	65.845	65.885	65.810	65.855	5
2025-08-13 09:10	65.865	65.955	65.865	65.925	5
2025-08-13 09:15	65.905	65.955	65.875	65.930	5
2025-08-13 09:20	65.935	66.005	65.885	65.955	5
2025-08-13 09:25	65.960	66.010	65.955	65.955	5
2025-08-13 09:30	65.950	65.965	65.895	65.930	5
2025-08-13 09:35	65.925	65.930	65.880	65.925	5
2025-08-13 09:40	65.935	65.935	65.915	65.915	5
2025-08-13 09:45	65.920	65.925	65.815	65.835	5
2025-08-13 09:50	65.845	65.855	65.815	65.815	5
2025-08-13 09:55	65.820	65.820	65.725	65.755	5
2025-08-13 10:00	65.765	65.815	65.740	65.745	5
2025-08-13 10:05	65.740	65.785	65.655	65.670	5
2025-08-13 10:10	65.675	65.725	65.665	65.675	5
2025-08-13 10:15	65.685	65.720	65.665	65.690	5
2025-08-13 10:20	65.675	65.775	65.675	65.775	5
2025-08-13 10:25	65.790	65.790	65.735	65.735	5
2025-08-13 10:30	65.745	65.745	65.655	65.660	5
2025-08-13 10:35	65.665	65.775	65.665	65.760	5
2025-08-13 10:40	65.765	65.765	65.710	65.725	5
2025-08-13 10:45	65.720	65.725	65.695	65.695	5
2025-08-13 10:50	65.685	65.685	65.625	65.665	5
2025-08-13 10:55	65.670	65.685	65.635	65.645	5
2025-08-13 11:00	65.635	65.705	65.635	65.665	5
2025-08-13 11:05	65.670	65.695	65.645	65.645	5
2025-08-13 11:10	65.655	65.690	65.655	65.675	5
2025-08-13 11:15	65.680	65.690	65.665	65.685	4
2025-08-13 11:20	65.680	65.700	65.665	65.695	5
2025-08-13 11:25	65.690	65.735	65.690	65.735	5
2025-08-13 11:30	65.725	65.825	65.725	65.755	5
2025-08-13 11:35	65.765	65.800	65.755	65.770	5
2025-08-13 11:40	65.780	65.835	65.780	65.830	5
2025-08-13 11:45	65.825	65.905	65.815	65.840	5
2025-08-13 11:50	65.835	65.845	65.770	65.810	5
2025-08-13 11:55	65.805	65.885	65.770	65.865	5
2025-08-13 12:00	65.860	65.890	65.850	65.875	5
2025-08-13 12:05	65.865	65.925	65.820	65.900	5
2025-08-13 12:10	65.905	65.975	65.870	65.965	5
2025-08-13 12:15	65.960	66.015	65.945	65.985	5
2025-08-13 12:20	65.975	66.065	65.935	66.055	5
2025-08-13 12:25	66.045	66.075	66.025	66.070	5
2025-08-13 12:30	66.075	66.165	66.065	66.150	5
2025-08-13 12:35	66.155	66.225	66.115	66.150	5
2025-08-13 12:40	66.155	66.205	66.105	66.205	5
2025-08-13 12:45	66.215	66.300	66.195	66.235	5
2025-08-13 12:50	66.225	66.255	66.120	66.175	5
2025-08-13 12:55	66.165	66.195	66.145	66.155	5
2025-08-13 13:00	66.165	66.185	65.970	66.015	5
2025-08-13 13:05	66.025	66.120	65.995	66.115	5
2025-08-13 13:10	66.110	66.125	65.985	66.010	5
2025-08-13 13:15	66.015	66.055	65.995	66.020	5
2025-08-13 13:20	66.025	66.105	66.005	66.045	5
2025-08-13 13:25	66.040	66.065	66.005	66.035	5
2025-08-13 13:30	66.025	66.045	65.940	65.995	5
2025-08-13 13:35	66.000	66.020	65.955	65.995	5
2025-08-13 13:40	66.000	66.015	65.930	65.970	5
2025-08-13 13:45	65.975	66.105	65.948	66.045	5
2025-08-13 13:50	66.050	66.050	65.875	65.895	5
2025-08-13 13:55	65.885	65.985	65.875	65.915	5
2025-08-13 14:00	65.910	65.950	65.880	65.925	5
2025-08-13 14:05	65.920	65.940	65.790	65.815	5
2025-08-13 14:10	65.820	65.925	65.810	65.845	5
2025-08-13 14:15	65.835	65.850	65.795	65.835	5
2025-08-13 14:20	65.840	65.905	65.825	65.890	5
2025-08-13 14:25	65.885	66.000	65.875	65.975	5
2025-08-13 14:30	65.970	65.980	65.845	65.905	5
2025-08-13 14:35	65.910	65.935	65.755	65.840	5
2025-08-13 14:40	65.845	65.885	65.495	65.495	5
2025-08-13 14:45	65.485	65.505	65.235	65.275	5
2025-08-13 14:50	65.265	65.470	65.220	65.445	5
2025-08-13 14:55	65.440	65.445	65.290	65.325	5
2025-08-13 15:00	65.335	65.410	65.280	65.305	5
2025-08-13 15:05	65.295	65.375	65.220	65.255	5
2025-08-13 15:10	65.260	65.380	65.250	65.355	5
2025-08-13 15:15	65.360	65.385	65.315	65.365	5
2025-08-13 15:20	65.370	65.535	65.370	65.525	5
2025-08-13 15:25	65.530	65.565	65.425	65.445	5
2025-08-13 15:30	65.455	65.515	65.285	65.305	5
2025-08-13 15:35	65.295	65.335	65.275	65.295	5
2025-08-13 15:40	65.290	65.305	65.135	65.155	5
2025-08-13 15:45	65.160	65.265	65.155	65.200	5
2025-08-13 15:50	65.195	65.225	65.025	65.055	5
2025-08-13 15:55	65.065	65.075	64.995	65.035	5
2025-08-13 16:00	65.045	65.065	64.990	65.055	5
2025-08-13 16:05	65.065	65.175	65.065	65.175	5
2025-08-13 16:10	65.165	65.165	65.115	65.115	5
2025-08-13 16:15	65.125	65.185	65.105	65.185	5
2025-08-13 16:20	65.180	65.195	65.125	65.165	5
2025-08-13 16:25	65.155	65.165	65.045	65.055	5
2025-08-13 16:30	65.060	65.165	65.055	65.145	5
2025-08-13 16:35	65.135	65.155	65.025	65.095	5
2025-08-13 16:40	65.090	65.180	65.090	65.125	5
2025-08-13 16:45	65.140	65.320	65.135	65.305	5
2025-08-13 16:50	65.315	65.375	65.285	65.305	5
2025-08-13 16:55	65.300	65.305	65.195	65.235	5
2025-08-13 17:00	65.240	65.355	65.240	65.275	5
2025-08-13 17:05	65.295	65.375	65.295	65.340	5
2025-08-13 17:10	65.335	65.345	65.205	65.205	5
2025-08-13 17:15	65.210	65.275	65.210	65.265	5
2025-08-13 17:20	65.270	65.305	65.235	65.275	5
2025-08-13 17:25	65.280	65.445	65.280	65.435	5
2025-08-13 17:30	65.440	65.600	65.440	65.595	5
2025-08-13 17:35	65.590	65.695	65.565	65.615	5
2025-08-13 17:40	65.605	65.655	65.530	65.565	5
2025-08-13 17:45	65.575	65.585	65.530	65.545	5
2025-08-13 17:50	65.555	65.615	65.555	65.575	5
2025-08-13 17:55	65.570	65.595	65.520	65.535	5
2025-08-13 18:00	65.545	65.545	65.455	65.495	5
2025-08-13 18:05	65.505	65.610	65.505	65.595	5
2025-08-13 18:10	65.585	65.645	65.585	65.635	5
2025-08-13 18:15	65.640	65.645	65.545	65.545	5
2025-08-13 18:20	65.535	65.595	65.510	65.580	5
2025-08-13 18:25	65.575	65.675	65.535	65.595	5
2025-08-13 18:30	65.605	65.675	65.525	65.525	5
2025-08-13 18:35	65.520	65.615	65.515	65.515	5
2025-08-13 18:40	65.520	65.530	65.465	65.495	5
2025-08-13 18:45	65.500	65.510	65.455	65.485	5
2025-08-13 18:50	65.480	65.500	65.475	65.485	5
2025-08-13 18:55	65.443	65.495	65.443	65.475	5
2025-08-13 19:00	65.495	65.535	65.490	65.530	5
2025-08-13 19:05	65.535	65.580	65.530	65.560	5
2025-08-13 19:10	65.555	65.615	65.555	65.615	4
2025-08-13 19:15	65.625	65.735	65.625	65.725	5
2025-08-13 19:20	65.735	65.735	65.690	65.715	5
2025-08-13 19:25	65.720	65.720	65.665	65.685	5
2025-08-13 19:30	65.690	65.735	65.685	65.735	5
2025-08-13 19:35	65.745	65.775	65.725	65.765	5
2025-08-13 19:40	65.770	65.780	65.765	65.765	4
2025-08-13 19:50	65.785	65.790	65.775	65.785	2
2025-08-13 19:55	65.765	65.785	65.710	65.710	5
2025-08-13 20:00	65.720	65.720	65.682	65.702	4
2025-08-13 20:05	65.707	65.722	65.688	65.712	5
2025-08-13 20:10	65.707	65.707	65.672	65.677	4
2025-08-13 20:15	65.682	65.692	65.677	65.687	4
2025-08-13 20:20	65.692	65.692	65.672	65.692	5
2025-08-13 20:25	65.702	65.717	65.678	65.707	5
2025-08-13 20:30	65.702	65.712	65.672	65.672	5
2025-08-13 20:35	65.677	65.687	65.648	65.682	4
2025-08-13 20:40	65.658	65.702	65.648	65.702	4
2025-08-13 20:45	65.692	65.702	65.658	65.677	5
2025-08-13 20:50	65.682	65.712	65.672	65.707	5
2025-08-13 20:55	65.702	65.722	65.678	65.722	5
2025-08-14 00:00	65.747	65.815	65.745	65.815	5
2025-08-14 00:05	65.810	65.860	65.810	65.815	5
2025-08-14 00:10	65.810	65.820	65.738	65.795	5
2025-08-14 00:15	65.785	65.810	65.738	65.810	5
2025-08-14 00:20	65.805	65.855	65.805	65.845	5
2025-08-14 00:25	65.850	65.850	65.778	65.815	5
2025-08-14 00:30	65.820	65.825	65.778	65.815	5
2025-08-14 00:35	65.820	65.835	65.805	65.815	5
2025-08-14 00:40	65.805	65.815	65.795	65.810	5
2025-08-14 00:45	65.815	65.875	65.768	65.860	5
2025-08-14 00:50	65.865	65.880	65.855	65.865	5
2025-08-14 00:55	65.860	65.895	65.855	65.880	5
2025-08-14 01:00	65.875	65.875	65.760	65.850	5
2025-08-14 01:05	65.845	65.875	65.815	65.855	5
2025-08-14 01:10	65.845	65.865	65.765	65.775	5
2025-08-14 01:15	65.760	65.780	65.725	65.765	5
2025-08-14 01:20	65.770	65.815	65.765	65.785	5
2025-08-14 01:25	65.790	65.845	65.790	65.815	5
2025-08-14 01:30	65.825	65.865	65.810	65.825	5
2025-08-14 01:35	65.815	65.875	65.800	65.835	5
2025-08-14 01:40	65.830	65.870	65.830	65.865	4
2025-08-14 01:45	65.875	65.880	65.845	65.855	5
2025-08-14 01:50	65.860	65.885	65.840	65.840	5
2025-08-14 01:55	65.845	65.870	65.840	65.870	5
2025-08-14 02:00	65.875	65.890	65.865	65.865	5
2025-08-14 02:05	65.870	65.880	65.805	65.840	5
2025-08-14 02:10	65.845	65.855	65.820	65.820	5
2025-08-14 02:15	65.825	65.900	65.825	65.900	5
2025-08-14 02:20	65.885	65.955	65.885	65.945	5
2025-08-14 02:25	65.940	65.965	65.935	65.965	5
2025-08-14 02:30	65.955	65.955	65.890	65.905	5
2025-08-14 02:35	65.915	65.945	65.895	65.895	5
2025-08-14 02:40	65.900	65.925	65.895	65.905	5
2025-08-14 02:45	65.910	65.920	65.875	65.900	5
2025-08-14 02:50	65.905	65.905	65.890	65.895	5
2025-08-14 02:55	65.905	65.925	65.868	65.895	5
2025-08-14 03:00	65.900	65.905	65.848	65.895	5
2025-08-14 03:05	65.900	65.905	65.890	65.895	5
2025-08-14 03:10	65.900	65.900	65.865	65.890	5
2025-08-14 03:15	65.885	65.885	65.865	65.880	5
2025-08-14 03:20	65.885	65.925	65.880	65.910	5
2025-08-14 03:25	65.905	65.905	65.855	65.875	5
2025-08-14 03:30	65.880	65.880	65.825	65.845	5
2025-08-14 03:35	65.798	65.850	65.798	65.850	5
2025-08-14 03:40	65.845	65.905	65.845	65.880	5
2025-08-14 03:45	65.875	65.880	65.828	65.855	5
2025-08-14 03:50	65.850	65.850	65.830	65.840	5
2025-08-14 03:55	65.835	65.845	65.825	65.840	5
2025-08-14 04:00	65.793	65.845	65.793	65.845	5
2025-08-14 04:05	65.860	65.890	65.823	65.880	4
2025-08-14 04:10	65.885	65.895	65.875	65.880	4
2025-08-14 04:15	65.870	65.870	65.798	65.850	5
2025-08-14 04:20	65.845	65.860	65.808	65.860	5
2025-08-14 04:25	65.855	65.875	65.818	65.818	5
2025-08-14 04:30	65.860	65.880	65.818	65.860	5
2025-08-14 04:35	65.813	65.880	65.813	65.875	5
2025-08-14 04:40	65.828	65.875	65.818	65.865	5
2025-08-14 04:45	65.860	65.875	65.860	65.875	5
2025-08-14 04:50	65.828	65.880	65.828	65.880	5
2025-08-14 04:55	65.875	65.885	65.828	65.828	5
2025-08-14 05:00	65.875	65.880	65.828	65.875	3
2025-08-14 05:05	65.870	65.895	65.838	65.875	5
2025-08-14 05:10	65.885	65.945	65.885	65.920	5
2025-08-14 05:15	65.925	65.925	65.858	65.900	5
2025-08-14 05:20	65.910	65.910	65.875	65.885	5
2025-08-14 05:25	65.880	65.895	65.855	65.885	4
2025-08-14 05:30	65.880	65.880	65.785	65.790	5
2025-08-14 05:35	65.795	65.855	65.770	65.830	5
2025-08-14 05:40	65.825	65.845	65.805	65.840	5
2025-08-14 05:45	65.835	66.025	65.820	65.985	5
2025-08-14 05:50	66.005	66.025	65.985	66.015	5
2025-08-14 05:55	66.005	66.015	65.915	65.915	5
2025-08-14 06:00	65.920	65.990	65.895	65.955	5
2025-08-14 06:05	65.950	65.965	65.865	65.890	5
2025-08-14 06:10	65.885	65.885	65.790	65.810	5
2025-08-14 06:15	65.805	65.830	65.765	65.775	5
2025-08-14 06:20	65.770	65.815	65.745	65.805	5
2025-08-14 06:25	65.815	65.985	65.815	65.975	5
2025-08-14 06:30	65.985	66.050	65.935	65.935	5
2025-08-14 06:35	65.945	65.955	65.895	65.905	5
2025-08-14 06:40	65.915	65.935	65.875	65.875	5
2025-08-14 06:45	65.870	65.975	65.865	65.970	5
2025-08-14 06:50	65.965	66.055	65.955	65.955	5
2025-08-14 06:55	65.965	65.970	65.915	65.960	5
2025-08-14 07:00	65.945	66.045	65.895	66.010	5
2025-08-14 07:05	66.015	66.040	65.985	66.005	5
2025-08-14 07:10	66.010	66.025	65.960	65.980	5
2025-08-14 07:15	65.975	66.035	65.965	66.015	5
2025-08-14 07:20	66.010	66.025	65.965	66.015	5
2025-08-14 07:25	66.020	66.035	65.895	66.005	5
2025-08-14 07:30	66.015	66.050	65.945	65.950	5
2025-08-14 07:35	65.955	65.980	65.935	65.945	5
2025-08-14 07:40	65.940	65.945	65.895	65.905	4
2025-08-14 07:45	65.895	65.905	65.785	65.825	5
2025-08-14 07:50	65.810	65.825	65.745	65.815	5
2025-08-14 07:55	65.810	65.815	65.765	65.795	5
2025-08-14 08:00	65.805	65.875	65.795	65.855	5
2025-08-14 08:05	65.850	65.925	65.840	65.880	5
2025-08-14 08:10	65.865	65.875	65.805	65.855	5
2025-08-14 08:15	65.845	65.850	65.735	65.805	5
2025-08-14 08:20	65.800	65.845	65.785	65.815	5
2025-08-14 08:25	65.810	65.835	65.705	65.775	5
2025-08-14 08:30	65.780	65.905	65.725	65.895	5
2025-08-14 08:35	65.920	65.985	65.915	65.980	5
2025-08-14 08:40	65.990	66.000	65.880	65.905	5
2025-08-14 08:45	65.915	65.925	65.835	65.865	5
2025-08-14 08:50	65.860	65.900	65.795	65.795	5
2025-08-14 08:55	65.785	65.825	65.755	65.795	5
2025-08-14 09:00	65.790	65.925	65.790	65.885	5
2025-08-14 09:05	65.880	65.940	65.830	65.935	5
2025-08-14 09:10	65.925	65.965	65.883	65.925	5
2025-08-14 09:15	65.930	65.930	65.815	65.835	5
2025-08-14 09:20	65.845	65.880	65.815	65.865	5
2025-08-14 09:25	65.855	65.895	65.800	65.875	5
2025-08-14 09:30	65.880	65.895	65.800	65.825	5
2025-08-14 09:35	65.830	65.895	65.815	65.885	5
2025-08-14 09:40	65.915	65.960	65.915	65.940	5
2025-08-14 09:45	65.945	65.960	65.895	65.895	5
2025-08-14 09:50	65.900	65.975	65.890	65.960	5
2025-08-14 09:55	65.965	66.007	65.935	65.965	5
2025-08-14 10:00	65.975	66.005	65.900	65.905	5
2025-08-14 10:05	65.895	65.945	65.870	65.900	5
2025-08-14 10:10	65.895	65.920	65.865	65.910	5
2025-08-14 10:15	65.905	65.930	65.900	65.905	5
2025-08-14 10:20	65.910	65.930	65.830	65.845	5
2025-08-14 10:25	65.835	65.885	65.835	65.855	5
2025-08-14 10:30	65.860	65.895	65.845	65.845	5
2025-08-14 10:35	65.850	65.855	65.760	65.765	5
2025-08-14 10:40	65.760	65.815	65.725	65.730	5
2025-08-14 10:45	65.725	65.735	65.685	65.695	5
2025-08-14 10:50	65.705	65.705	65.595	65.605	5
2025-08-14 10:55	65.595	65.630	65.555	65.615	5
2025-08-14 11:00	65.610	65.720	65.595	65.675	5
2025-08-14 11:05	65.665	65.815	65.660	65.815	5
2025-08-14 11:10	65.820	65.865	65.785	65.860	5
2025-08-14 11:15	65.865	65.905	65.835	65.850	5
2025-08-14 11:20	65.845	65.920	65.845	65.875	5
2025-08-14 11:25	65.865	65.895	65.815	65.850	5
2025-08-14 11:30	65.855	65.905	65.845	65.875	5
2025-08-14 11:35	65.880	65.895	65.845	65.855	5
2025-08-14 11:40	65.845	65.890	65.835	65.885	5
2025-08-14 11:45	65.880	65.915	65.865	65.915	4
2025-08-14 11:50	65.910	65.945	65.905	65.915	5
2025-08-14 11:55	65.910	65.925	65.875	65.890	5
2025-08-14 12:00	65.875	65.890	65.825	65.855	5
2025-08-14 12:05	65.845	65.935	65.830	65.935	5
2025-08-14 12:10	65.945	65.965	65.900	65.925	5
2025-08-14 12:15	65.940	65.970	65.925	65.925	5
2025-08-14 12:20	65.930	65.945	65.905	65.925	5
2025-08-14 12:25	65.930	65.930	65.875	65.910	5
2025-08-14 12:30	65.905	65.955	65.865	65.875	5
2025-08-14 12:35	65.870	65.875	65.773	65.825	5
2025-08-14 12:40	65.820	65.975	65.815	65.955	5
2025-08-14 12:45	65.960	66.150	65.955	66.145	5
2025-08-14 12:50	66.150	66.175	66.080	66.085	5
2025-08-14 12:55	66.090	66.095	66.035	66.050	5
2025-08-14 13:00	66.045	66.255	66.005	66.220	5
2025-08-14 13:05	66.215	66.300	66.185	66.265	5
2025-08-14 13:10	66.270	66.315	66.255	66.285	5
2025-08-14 13:15	66.295	66.565	66.295	66.565	5
2025-08-14 13:20	66.570	66.675	66.475	66.475	5
2025-08-14 13:25	66.465	66.545	66.425	66.540	5
2025-08-14 13:30	66.503	66.600	66.445	66.480	5
2025-08-14 13:35	66.485	66.525	66.408	66.515	5
2025-08-14 13:40	66.505	66.515	66.460	66.485	5
2025-08-14 13:45	66.475	66.485	66.385	66.425	5
2025-08-14 13:50	66.435	66.455	66.245	66.355	5
2025-08-14 13:55	66.365	66.455	66.355	66.430	5
2025-08-14 14:00	66.435	66.505	66.410	66.505	5
2025-08-14 14:05	66.500	66.515	66.393	66.485	5
2025-08-14 14:10	66.500	66.515	66.455	66.515	5
2025-08-14 14:15	66.535	66.545	66.435	66.455	5
2025-08-14 14:20	66.460	66.465	66.325	66.345	5
2025-08-14 14:25	66.350	66.445	66.305	66.330	5
2025-08-14 14:30	66.325	66.405	66.275	66.355	5
2025-08-14 14:35	66.360	66.365	66.280	66.305	5
2025-08-14 14:40	66.295	66.295	66.175	66.235	5
2025-08-14 14:45	66.240	66.445	66.225	66.430	5
2025-08-14 14:50	66.435	66.505	66.410	66.440	5
2025-08-14 14:55	66.445	66.465	66.395	66.405	5
2025-08-14 15:00	66.420	66.495	66.395	66.465	5
2025-08-14 15:05	66.445	66.535	66.425	66.525	5
2025-08-14 15:10	66.510	66.515	66.455	66.485	5
2025-08-14 15:15	66.480	66.545	66.465	66.525	5
2025-08-14 15:20	66.520	66.585	66.475	66.585	5
2025-08-14 15:25	66.595	66.715	66.575	66.645	5
2025-08-14 15:30	66.655	66.825	66.655	66.755	5
2025-08-14 15:35	66.770	66.775	66.715	66.735	5
2025-08-14 15:40	66.725	66.755	66.655	66.665	5
2025-08-14 15:45	66.655	66.775	66.625	66.735	5
2025-08-14 15:50	66.740	66.745	66.635	66.675	5
2025-08-14 15:55	66.680	66.715	66.665	66.705	5
2025-08-14 16:00	66.710	66.755	66.645	66.725	5
2025-08-14 16:05	66.730	66.735	66.665	66.710	5
2025-08-14 16:10	66.705	66.740	66.685	66.685	5
2025-08-14 16:15	66.695	66.740	66.665	66.725	5
2025-08-14 16:20	66.730	66.805	66.725	66.770	5
2025-08-14 16:25	66.765	66.845	66.720	66.835	5
2025-08-14 16:30	66.845	66.845	66.650	66.705	5
2025-08-14 16:35	66.710	66.725	66.685	66.700	5
2025-08-14 16:40	66.695	66.735	66.685	66.735	5
2025-08-14 16:45	66.725	66.735	66.665	66.690	5
2025-08-14 16:50	66.695	66.725	66.665	66.695	5
2025-08-14 16:55	66.705	66.705	66.665	66.675	5
2025-08-14 17:00	66.670	66.705	66.665	66.675	5
2025-08-14 17:05	66.665	66.705	66.570	66.585	5
2025-08-14 17:10	66.575	66.580	66.470	66.475	5
2025-08-14 17:15	66.495	66.535	66.445	66.460	5
2025-08-14 17:20	66.465	66.550	66.455	66.515	5
2025-08-14 17:25	66.510	66.560	66.505	66.540	5
2025-08-14 17:30	66.535	66.685	66.535	66.685	5
2025-08-14 17:35	66.715	66.765	66.675	66.695	5
2025-08-14 17:40	66.685	66.775	66.675	66.765	5
2025-08-14 17:45	66.770	66.770	66.670	66.705	5
2025-08-14 17:50	66.700	66.795	66.700	66.785	5
2025-08-14 17:55	66.790	66.800	66.745	66.745	5
2025-08-14 18:00	66.750	66.815	66.745	66.780	5
2025-08-14 18:05	66.775	66.775	66.645	66.710	5
2025-08-14 18:10	66.705	66.745	66.663	66.710	5
2025-08-14 18:15	66.700	66.795	66.695	66.765	5
2025-08-14 18:20	66.775	66.780	66.725	66.745	5
2025-08-14 18:25	66.740	66.860	66.735	66.825	5
2025-08-14 18:30	66.830	66.930	66.815	66.895	5
2025-08-14 18:35	66.900	66.900	66.860	66.875	5
2025-08-14 18:40	66.865	66.935	66.845	66.905	5
2025-08-14 18:45	66.915	66.930	66.885	66.905	4
2025-08-14 18:50	66.910	66.935	66.885	66.920	5
2025-08-14 18:55	66.915	66.945	66.915	66.925	5
2025-08-14 19:00	66.930	66.965	66.895	66.895	5
2025-08-14 19:05	66.905	66.945	66.905	66.945	5
2025-08-14 19:10	66.950	66.965	66.945	66.945	5
2025-08-14 19:15	66.955	66.955	66.905	66.925	5
2025-08-14 19:20	66.930	66.950	66.930	66.945	4
2025-08-14 19:25	66.940	66.940	66.905	66.910	5
2025-08-14 19:30	66.905	66.930	66.895	66.925	4
2025-08-14 19:35	66.930	66.935	66.900	66.910	4
2025-08-14 19:40	66.915	66.950	66.905	66.935	5
2025-08-14 19:45	66.940	66.940	66.925	66.935	5
2025-08-14 19:50	66.925	66.965	66.925	66.955	5
2025-08-14 19:55	66.945	66.955	66.925	66.925	5
2025-08-14 20:00	66.902	66.912	66.882	66.902	5
2025-08-14 20:05	66.892	66.892	66.857	66.857	5
2025-08-14 20:10	66.862	66.862	66.832	66.837	5
2025-08-14 20:15	66.842	66.847	66.817	66.817	5
2025-08-14 20:20	66.822	66.832	66.793	66.822	4
2025-08-14 20:25	66.832	66.862	66.817	66.862	5
2025-08-14 20:30	66.867	66.877	66.838	66.867	5
2025-08-14 20:35	66.872	66.872	66.838	66.862	5
2025-08-14 20:40	66.857	66.857	66.818	66.842	5
2025-08-14 20:45	66.837	66.852	66.818	66.852	5
2025-08-14 20:50	66.828	66.847	66.818	66.847	5
2025-08-14 20:55	66.842	66.842	66.782	66.792	5
2025-08-15 00:00	66.845	66.945	66.820	66.945	5
2025-08-15 00:05	66.940	66.965	66.910	66.945	5
2025-08-15 00:10	66.955	67.010	66.925	67.000	4
2025-08-15 00:15	67.015	67.030	66.975	66.995	5
2025-08-15 00:20	67.000	67.015	66.965	67.005	5
2025-08-15 00:25	66.995	67.000	66.915	66.920	5
2025-08-15 00:30	66.915	66.930	66.873	66.885	4
2025-08-15 00:35	66.880	66.885	66.860	66.880	5
2025-08-15 00:40	66.885	66.900	66.880	66.895	5
2025-08-15 00:45	66.900	66.905	66.833	66.875	5
2025-08-15 00:50	66.870	66.880	66.815	66.835	5
2025-08-15 00:55	66.825	66.830	66.730	66.760	5
2025-08-15 01:00	66.765	66.785	66.735	66.760	5
2025-08-15 01:05	66.755	66.785	66.735	66.765	5
2025-08-15 01:10	66.760	66.780	66.755	66.765	5
2025-08-15 01:15	66.770	66.790	66.730	66.740	5
2025-08-15 01:20	66.735	66.755	66.725	66.745	5
2025-08-15 01:25	66.740	66.750	66.720	66.725	5
2025-08-15 01:30	66.730	66.780	66.695	66.765	5
2025-08-15 01:35	66.760	66.785	66.755	66.770	5
2025-08-15 01:40	66.775	66.775	66.715	66.730	5
2025-08-15 01:45	66.725	66.780	66.710	66.780	5
2025-08-15 01:50	66.775	66.805	66.760	66.795	5
2025-08-15 01:55	66.800	66.855	66.785	66.850	5
2025-08-15 02:00	66.845	66.875	66.790	66.795	5
2025-08-15 02:05	66.800	66.830	66.755	66.755	5
2025-08-15 02:10	66.760	66.790	66.755	66.785	5
2025-08-15 02:15	66.780	66.785	66.765	66.770	5
2025-08-15 02:20	66.765	66.775	66.755	66.770	5
2025-08-15 02:25	66.775	66.790	66.760	66.765	5
2025-08-15 02:30	66.760	66.765	66.725	66.735	5
2025-08-15 02:35	66.740	66.770	66.688	66.755	5
2025-08-15 02:40	66.760	66.765	66.745	66.755	4
2025-08-15 02:45	66.750	66.800	66.750	66.790	5
2025-08-15 02:50	66.785	66.795	66.765	66.785	5
2025-08-15 02:55	66.780	66.790	66.770	66.775	5
2025-08-15 03:00	66.780	66.785	66.765	66.775	5
2025-08-15 03:05	66.770	66.810	66.770	66.775	5
2025-08-15 03:10	66.770	66.780	66.745	66.755	5
2025-08-15 03:15	66.708	66.755	66.708	66.725	5
2025-08-15 03:20	66.720	66.725	66.685	66.725	5
2025-08-15 03:25	66.720	66.755	66.720	66.735	5
2025-08-15 03:30	66.688	66.720	66.680	66.710	4
2025-08-15 03:35	66.715	66.745	66.695	66.695	5
2025-08-15 03:40	66.700	66.730	66.668	66.730	5
2025-08-15 03:45	66.740	66.775	66.740	66.765	5
2025-08-15 03:50	66.760	66.775	66.725	66.730	5
2025-08-15 03:55	66.715	66.730	66.678	66.678	4
2025-08-15 04:00	66.720	66.745	66.678	66.745	5
2025-08-15 04:05	66.698	66.765	66.698	66.735	5
2025-08-15 04:10	66.688	66.720	66.688	66.715	5
2025-08-15 04:15	66.710	66.725	66.673	66.720	5
2025-08-15 04:20	66.725	66.750	66.720	66.720	4
2025-08-15 04:25	66.725	66.740	66.678	66.725	4
2025-08-15 04:30	66.678	66.760	66.678	66.705	5
2025-08-15 04:35	66.710	66.735	66.705	66.725	5
2025-08-15 04:40	66.710	66.710	66.628	66.665	5
2025-08-15 04:45	66.618	66.655	66.618	66.640	5
2025-08-15 04:50	66.630	66.645	66.595	66.625	3
2025-08-15 04:55	66.635	66.655	66.588	66.598	5
2025-08-15 05:00	66.630	66.650	66.615	66.645	5
2025-08-15 05:05	66.640	66.645	66.595	66.605	5
2025-08-15 05:10	66.558	66.625	66.558	66.605	5
2025-08-15 05:15	66.615	66.615	66.595	66.610	4
2025-08-15 05:20	66.605	66.605	66.558	66.558	2
2025-08-15 05:25	66.615	66.625	66.568	66.568	4
2025-08-15 05:30	66.625	66.685	66.625	66.625	5
2025-08-15 05:35	66.620	66.665	66.615	66.640	5
2025-08-15 05:40	66.635	66.745	66.635	66.740	5
2025-08-15 05:45	66.750	66.805	66.750	66.780	5
2025-08-15 05:50	66.785	66.785	66.695	66.730	5
2025-08-15 05:55	66.735	66.740	66.705	66.720	5
2025-08-15 06:00	66.730	66.730	66.560	66.560	5
2025-08-15 06:05	66.545	66.585	66.510	66.535	5
2025-08-15 06:10	66.530	66.560	66.495	66.555	5
2025-08-15 06:15	66.550	66.600	66.530	66.555	5
2025-08-15 06:20	66.550	66.575	66.515	66.520	5
2025-08-15 06:25	66.515	66.595	66.515	66.590	5
2025-08-15 06:30	66.595	66.595	66.565	66.585	5
2025-08-15 06:35	66.570	66.620	66.555	66.610	5
2025-08-15 06:40	66.615	66.630	66.595	66.615	5
2025-08-15 06:45	66.610	66.655	66.605	66.650	5
2025-08-15 06:50	66.645	66.665	66.600	66.625	5
2025-08-15 06:55	66.620	66.625	66.550	66.555	5
2025-08-15 07:00	66.515	66.515	66.405	66.475	5
2025-08-15 07:05	66.485	66.485	66.405	66.415	5
2025-08-15 07:10	66.420	66.475	66.405	66.455	5
2025-08-15 07:15	66.445	66.485	66.375	66.385	5
2025-08-15 07:20	66.405	66.422	66.340	66.422	5
2025-08-15 07:25	66.415	66.540	66.400	66.535	5
2025-08-15 07:30	66.530	66.555	66.495	66.500	5
2025-08-15 07:35	66.495	66.495	66.425	66.435	5
2025-08-15 07:40	66.430	66.565	66.425	66.525	5
2025-08-15 07:45	66.520	66.520	66.405	66.405	5
2025-08-15 07:50	66.425	66.435	66.380	66.425	4
2025-08-15 07:55	66.420	66.460	66.395	66.410	5
2025-08-15 08:00	66.435	66.480	66.395	66.415	5
2025-08-15 08:05	66.410	66.410	66.365	66.400	5
2025-08-15 08:10	66.395	66.405	66.315	66.365	5
2025-08-15 08:15	66.370	66.385	66.315	66.385	5
2025-08-15 08:20	66.400	66.415	66.285	66.305	5
2025-08-15 08:25	66.300	66.315	66.145	66.295	5
2025-08-15 08:30	66.305	66.360	66.265	66.295	5
2025-08-15 08:35	66.305	66.365	66.265	66.365	5
2025-08-15 08:40	66.355	66.375	66.235	66.245	5
2025-08-15 08:45	66.240	66.245	66.155	66.195	5
2025-08-15 08:50	66.205	66.215	66.135	66.135	5
2025-08-15 08:55	66.145	66.180	66.145	66.145	5
2025-08-15 09:00	66.155	66.235	66.155	66.235	5
2025-08-15 09:05	66.230	66.290	66.205	66.285	5
2025-08-15 09:10	66.295	66.360	66.265	66.355	5
2025-08-15 09:15	66.345	66.405	66.265	66.295	5
2025-08-15 09:20	66.290	66.375	66.270	66.320	5
2025-08-15 09:25	66.325	66.385	66.280	66.370	5
2025-08-15 09:30	66.365	66.375	66.305	66.340	5
2025-08-15 09:35	66.335	66.475	66.315	66.420	5
2025-08-15 09:40	66.425	66.475	66.375	66.435	5
2025-08-15 09:45	66.430	66.465	66.415	66.435	5
2025-08-15 09:50	66.445	66.450	66.415	66.415	5
2025-08-15 09:55	66.425	66.505	66.410	66.475	5
2025-08-15 10:00	66.465	66.485	66.355	66.355	5
2025-08-15 10:05	66.360	66.425	66.355	66.425	5
2025-08-15 10:10	66.415	66.465	66.405	66.455	5
2025-08-15 10:15	66.445	66.515	66.405	66.410	5
2025-08-15 10:20	66.415	66.455	66.390	66.440	5
2025-08-15 10:25	66.435	66.465	66.435	66.445	5
2025-08-15 10:30	66.440	66.535	66.435	66.475	5
2025-08-15 10:35	66.470	66.545	66.460	66.525	5
2025-08-15 10:40	66.535	66.545	66.475	66.535	5
2025-08-15 10:45	66.545	66.565	66.465	66.475	5
2025-08-15 10:50	66.470	66.485	66.455	66.485	5
2025-08-15 10:55	66.495	66.545	66.455	66.500	5
2025-08-15 11:00	66.490	66.495	66.315	66.315	5
2025-08-15 11:05	66.325	66.370	66.255	66.360	5
2025-08-15 11:10	66.355	66.390	66.320	66.365	5
2025-08-15 11:15	66.360	66.385	66.315	66.325	5
2025-08-15 11:20	66.345	66.375	66.315	66.375	5
2025-08-15 11:25	66.385	66.395	66.365	66.380	5
2025-08-15 11:30	66.375	66.445	66.365	66.400	5
2025-08-15 11:35	66.405	66.460	66.395	66.445	5
2025-08-15 11:40	66.480	66.495	66.410	66.450	5
2025-08-15 11:45	66.445	66.475	66.415	66.475	5
2025-08-15 11:50	66.470	66.525	66.465	66.505	5
2025-08-15 11:55	66.500	66.610	66.495	66.585	5
2025-08-15 12:00	66.590	66.605	66.550	66.575	5
2025-08-15 12:05	66.570	66.575	66.525	66.555	5
2025-08-15 12:10	66.550	66.585	66.525	66.555	5
2025-08-15 12:15	66.560	66.600	66.470	66.475	5
2025-08-15 12:20	66.465	66.575	66.445	66.550	5
2025-08-15 12:25	66.545	66.555	66.465	66.505	5
2025-08-15 12:30	66.510	66.540	66.480	66.495	5
2025-08-15 12:35	66.485	66.505	66.455	66.465	5
2025-08-15 12:40	66.475	66.485	66.395	66.440	5
2025-08-15 12:45	66.435	66.465	66.340	66.385	5
2025-08-15 12:50	66.390	66.395	66.315	66.320	5
2025-08-15 12:55	66.325	66.365	66.295	66.315	5
2025-08-15 13:00	66.305	66.305	65.935	66.035	5
2025-08-15 13:05	66.040	66.170	66.005	66.055	5
2025-08-15 13:10	66.070	66.075	65.985	65.990	5
2025-08-15 13:15	65.995	66.015	65.853	65.945	5
2025-08-15 13:20	65.940	66.045	65.925	66.030	5
2025-08-15 13:25	66.025	66.095	66.025	66.075	5
2025-08-15 13:30	66.065	66.215	66.065	66.115	5
2025-08-15 13:35	66.110	66.125	66.015	66.075	5
2025-08-15 13:40	66.065	66.145	66.025	66.125	5
2025-08-15 13:45	66.135	66.255	66.015	66.015	5
2025-08-15 13:50	66.025	66.125	66.025	66.065	5
2025-08-15 13:55	66.075	66.250	66.065	66.250	5
2025-08-15 14:00	66.220	66.275	66.055	66.060	5
2025-08-15 14:05	66.050	66.140	66.015	66.135	5
2025-08-15 14:10	66.150	66.205	66.105	66.180	5
2025-08-15 14:15	66.175	66.245	66.113	66.195	5
2025-08-15 14:20	66.200	66.230	66.140	66.180	5
2025-08-15 14:25	66.175	66.285	66.165	66.280	5
2025-08-15 14:30	66.270	66.505	66.265	66.385	5
2025-08-15 14:35	66.395	66.400	66.225	66.255	5
2025-08-15 14:40	66.250	66.255	66.175	66.215	5
2025-08-15 14:45	66.220	66.235	66.105	66.225	5
2025-08-15 14:50	66.200	66.305	66.200	66.305	5
2025-08-15 14:55	66.300	66.405	66.275	66.370	5
2025-08-15 15:00	66.360	66.465	66.350	66.395	5
2025-08-15 15:05	66.405	66.495	66.400	66.455	5
2025-08-15 15:10	66.445	66.485	66.425	66.465	5
2025-08-15 15:15	66.470	66.495	66.375	66.415	5
2025-08-15 15:20	66.425	66.465	66.360	66.455	5
2025-08-15 15:25	66.445	66.445	66.325	66.330	5
2025-08-15 15:30	66.325	66.380	66.215	66.315	5
2025-08-15 15:35	66.305	66.430	66.265	66.425	5
2025-08-15 15:40	66.435	66.445	66.345	66.350	5
2025-08-15 15:45	66.345	66.345	66.200	66.205	5
2025-08-15 15:50	66.200	66.235	66.165	66.170	5
2025-08-15 15:55	66.165	66.185	66.135	66.150	5
2025-08-15 16:00	66.155	66.170	66.025	66.085	5
2025-08-15 16:05	66.080	66.125	66.055	66.065	5
2025-08-15 16:10	66.075	66.085	66.015	66.070	5
2025-08-15 16:15	66.090	66.165	66.075	66.135	5
2025-08-15 16:20	66.140	66.165	66.095	66.115	5
2025-08-15 16:25	66.125	66.175	66.095	66.145	5
2025-08-15 16:30	66.135	66.215	66.125	66.155	5
2025-08-15 16:35	66.160	66.215	66.095	66.105	5
2025-08-15 16:40	66.115	66.140	66.095	66.115	5
2025-08-15 16:45	66.120	66.135	66.095	66.110	5
2025-08-15 16:50	66.105	66.215	66.105	66.195	5
2025-08-15 16:55	66.185	66.225	66.185	66.205	5
2025-08-15 17:00	66.215	66.245	66.165	66.245	5
2025-08-15 17:05	66.250	66.250	66.195	66.200	5
2025-08-15 17:10	66.205	66.265	66.205	66.255	5
2025-08-15 17:15	66.260	66.275	66.175	66.240	5
2025-08-15 17:20	66.225	66.235	66.120	66.125	5
2025-08-15 17:25	66.130	66.145	66.080	66.085	5
2025-08-15 17:30	66.080	66.135	66.075	66.105	5
2025-08-15 17:35	66.100	66.165	66.100	66.135	5
2025-08-15 17:40	66.125	66.130	66.020	66.035	5
2025-08-15 17:45	66.065	66.080	66.055	66.055	5
2025-08-15 17:50	66.060	66.085	66.045	66.065	5
2025-08-15 17:55	66.060	66.085	66.035	66.040	5
2025-08-15 18:00	66.035	66.035	65.895	65.900	5
2025-08-15 18:05	65.895	65.935	65.895	65.915	5
2025-08-15 18:10	65.925	65.940	65.895	65.935	5
2025-08-15 18:15	65.940	66.000	65.910	65.950	5
2025-08-15 18:20	65.945	65.965	65.885	65.900	5
2025-08-15 18:25	65.905	65.955	65.755	65.765	5
2025-08-15 18:30	65.755	65.810	65.715	65.795	5
2025-08-15 18:35	65.785	65.825	65.785	65.815	5
2025-08-15 18:40	65.805	65.905	65.805	65.900	5
2025-08-15 18:45	65.895	65.955	65.895	65.930	5
2025-08-15 18:50	65.925	65.945	65.910	65.925	5
2025-08-15 18:55	65.920	66.070	65.920	66.060	5
2025-08-15 19:00	66.055	66.055	65.890	65.900	5
2025-08-15 19:05	65.895	65.905	65.820	65.840	5
2025-08-15 19:10	65.835	65.855	65.795	65.805	5
2025-08-15 19:15	65.825	65.850	65.820	65.835	5
2025-08-15 19:20	65.830	65.995	65.830	65.985	5
2025-08-15 19:25	65.990	66.075	65.985	66.010	5
2025-08-15 19:30	66.015	66.050	66.005	66.040	5
2025-08-15 19:35	66.035	66.040	66.020	66.035	5
2025-08-15 19:40	66.040	66.045	66.020	66.025	5
2025-08-15 19:45	66.035	66.095	66.015	66.090	5
2025-08-15 19:50	66.095	66.130	66.090	66.100	5
2025-08-15 19:55	66.095	66.150	66.085	66.115	5
2025-08-15 20:00	66.110	66.132	66.062	66.087	5
2025-08-15 20:05	66.082	66.097	66.062	66.082	5
2025-08-15 20:10	66.092	66.127	66.083	66.112	5
2025-08-15 20:15	66.117	66.142	66.107	66.122	5
2025-08-15 20:20	66.112	66.137	66.103	66.137	5
2025-08-15 20:25	66.132	66.142	66.092	66.112	5
2025-08-15 20:30	66.117	66.127	66.078	66.127	5
2025-08-15 20:35	66.122	66.132	66.103	66.122	5
2025-08-15 20:40	66.132	66.147	66.102	66.127	5
2025-08-15 20:45	66.112	66.132	66.107	66.122	4
2025-08-15 20:50	66.117	66.132	66.107	66.122	5
2025-08-15 20:55	66.112	66.122	66.092	66.102	5
2025-08-18 00:00	65.525	65.555	65.485	65.505	5
2025-08-18 00:05	65.490	65.555	65.485	65.520	5
2025-08-18 00:10	65.525	65.625	65.520	65.605	5
2025-08-18 00:15	65.600	65.615	65.568	65.605	5
2025-08-18 00:20	65.600	65.615	65.585	65.585	5
2025-08-18 00:25	65.538	65.580	65.535	65.575	5
2025-08-18 00:30	65.565	65.585	65.550	65.570	5
2025-08-18 00:35	65.575	65.610	65.538	65.605	4
2025-08-18 00:40	65.615	65.710	65.615	65.695	3
2025-08-18 00:45	65.690	65.710	65.648	65.648	5
2025-08-18 00:50	65.705	65.765	65.705	65.708	5
2025-08-18 00:55	65.765	65.775	65.740	65.755	5
2025-08-18 01:00	65.765	65.765	65.465	65.570	5
2025-08-18 01:05	65.565	65.605	65.470	65.480	5
2025-08-18 01:10	65.485	65.615	65.485	65.575	5
2025-08-18 01:15	65.570	65.700	65.565	65.700	5
2025-08-18 01:20	65.695	65.735	65.685	65.705	5
2025-08-18 01:25	65.700	65.705	65.625	65.645	5
2025-08-18 01:30	65.655	65.705	65.645	65.695	5
2025-08-18 01:35	65.685	65.685	65.605	65.650	5
2025-08-18 01:40	65.655	65.675	65.625	65.675	5
2025-08-18 01:45	65.680	65.775	65.670	65.750	5
2025-08-18 01:50	65.745	65.775	65.745	65.755	5
2025-08-18 01:55	65.760	65.775	65.750	65.755	5
2025-08-18 02:00	65.760	65.780	65.735	65.745	5
2025-08-18 02:05	65.735	65.790	65.725	65.740	5
2025-08-18 02:10	65.745	65.760	65.720	65.725	5
2025-08-18 02:15	65.740	65.760	65.703	65.740	5
2025-08-18 02:20	65.735	65.765	65.725	65.755	5
2025-08-18 02:25	65.750	65.755	65.703	65.730	5
2025-08-18 02:30	65.725	65.780	65.695	65.750	5
2025-08-18 02:35	65.755	65.760	65.690	65.720	5
2025-08-18 02:40	65.715	65.775	65.715	65.765	5
2025-08-18 02:45	65.770	65.815	65.745	65.760	5
2025-08-18 02:50	65.755	65.780	65.685	65.685	5
2025-08-18 02:55	65.695	65.760	65.690	65.740	5
2025-08-18 03:00	65.735	65.790	65.735	65.740	5
2025-08-18 03:05	65.745	65.745	65.665	65.700	5
2025-08-18 03:10	65.705	65.775	65.695	65.770	5
2025-08-18 03:15	65.765	65.780	65.715	65.730	5
2025-08-18 03:20	65.725	65.785	65.725	65.765	5
2025-08-18 03:25	65.780	65.815	65.765	65.765	5
2025-08-18 03:30	65.760	65.775	65.725	65.770	5
2025-08-18 03:35	65.775	65.810	65.775	65.795	4
2025-08-18 03:40	65.800	65.800	65.755	65.780	5
2025-08-18 03:45	65.785	65.785	65.730	65.780	5
2025-08-18 03:50	65.785	65.805	65.738	65.795	5
2025-08-18 03:55	65.748	65.855	65.748	65.835	5
2025-08-18 04:00	65.840	65.855	65.783	65.830	5
2025-08-18 04:05	65.825	65.855	65.798	65.798	5
2025-08-18 04:10	65.850	65.855	65.793	65.845	5
2025-08-18 04:15	65.835	65.855	65.830	65.850	5
2025-08-18 04:20	65.855	65.860	65.808	65.845	4
2025-08-18 04:25	65.855	65.875	65.855	65.870	5
2025-08-18 04:30	65.875	65.895	65.870	65.885	5
2025-08-18 04:35	65.875	65.890	65.828	65.885	5
2025-08-18 04:40	65.838	65.885	65.828	65.880	5
2025-08-18 04:45	65.875	65.875	65.845	65.850	5
2025-08-18 04:50	65.845	65.850	65.788	65.835	5
2025-08-18 04:55	65.820	65.835	65.805	65.820	5
2025-08-18 05:00	65.825	65.880	65.825	65.825	5
2025-08-18 05:05	65.830	65.855	65.830	65.830	5
2025-08-18 05:10	65.825	65.845	65.788	65.835	5
2025-08-18 05:15	65.830	65.885	65.825	65.875	5
2025-08-18 05:20	65.870	65.875	65.855	65.855	5
2025-08-18 05:25	65.845	65.870	65.775	65.805	5
2025-08-18 05:30	65.810	65.895	65.790	65.855	5
2025-08-18 05:35	65.860	65.885	65.845	65.850	5
2025-08-18 05:40	65.855	65.875	65.830	65.835	5
2025-08-18 05:45	65.830	65.855	65.825	65.835	5
2025-08-18 05:50	65.825	65.870	65.815	65.865	5
2025-08-18 05:55	65.860	65.870	65.825	65.850	5
2025-08-18 06:00	65.855	65.935	65.840	65.930	5
2025-08-18 06:05	65.920	65.920	65.870	65.900	5
2025-08-18 06:10	65.895	66.030	65.890	65.995	5
2025-08-18 06:15	66.000	66.075	65.990	66.075	5
2025-08-18 06:20	66.070	66.205	66.055	66.185	5
2025-08-18 06:25	66.175	66.190	66.095	66.135	5
2025-08-18 06:30	66.145	66.215	66.135	66.185	5
2025-08-18 06:35	66.175	66.215	66.165	66.215	5
2025-08-18 06:40	66.205	66.205	66.120	66.175	5
2025-08-18 06:45	66.170	66.215	66.110	66.110	5
2025-08-18 06:50	66.115	66.130	66.025	66.055	5
2025-08-18 06:55	66.045	66.145	66.045	66.090	5
2025-08-18 07:00	66.070	66.070	65.945	65.950	5
2025-08-18 07:05	65.940	65.950	65.855	65.860	5
2025-08-18 07:10	65.865	65.925	65.835	65.865	5
2025-08-18 07:15	65.875	65.915	65.865	65.900	5
2025-08-18 07:20	65.905	65.945	65.890	65.940	5
2025-08-18 07:25	65.945	65.945	65.900	65.920	5
2025-08-18 07:30	65.935	65.975	65.835	65.850	5
2025-08-18 07:35	65.845	65.845	65.733	65.795	5
2025-08-18 07:40	65.790	65.795	65.715	65.755	5
2025-08-18 07:45	65.745	65.765	65.655	65.670	5
2025-08-18 07:50	65.675	65.730	65.650	65.730	5
2025-08-18 07:55	65.725	65.775	65.655	65.665	5
2025-08-18 08:00	65.670	65.765	65.670	65.745	5
2025-08-18 08:05	65.750	65.785	65.655	65.675	5
2025-08-18 08:10	65.665	65.750	65.665	65.705	5
2025-08-18 08:15	65.710	65.715	65.615	65.670	5
2025-08-18 08:20	65.665	65.815	65.640	65.765	5
2025-08-18 08:25	65.760	65.775	65.665	65.735	5
2025-08-18 08:30	65.745	65.825	65.730	65.785	5
2025-08-18 08:35	65.790	65.825	65.775	65.805	5
2025-08-18 08:40	65.810	65.875	65.805	65.855	5
2025-08-18 08:45	65.850	65.885	65.820	65.825	5
2025-08-18 08:50	65.830	65.855	65.825	65.830	5
2025-08-18 08:55	65.835	66.005	65.830	65.875	5
2025-08-18 09:00	65.870	65.890	65.815	65.865	5
2025-08-18 09:05	65.870	65.955	65.870	65.940	5
2025-08-18 09:10	65.945	66.045	65.945	66.015	5
2025-08-18 09:15	66.025	66.092	66.005	66.085	5
2025-08-18 09:20	66.080	66.250	66.075	66.215	5
2025-08-18 09:25	66.220	66.285	66.165	66.175	5
2025-08-18 09:30	66.185	66.215	66.115	66.215	5
2025-08-18 09:35	66.220	66.245	66.205	66.230	5
2025-08-18 09:40	66.235	66.235	66.210	66.225	5
2025-08-18 09:45	66.215	66.270	66.215	66.235	5
2025-08-18 09:50	66.240	66.305	66.240	66.250	5
2025-08-18 09:55	66.245	66.285	66.200	66.205	5
2025-08-18 10:00	66.185	66.235	66.125	66.135	5
2025-08-18 10:05	66.140	66.145	66.075	66.115	5
2025-08-18 10:10	66.125	66.135	66.080	66.080	4
2025-08-18 10:15	66.075	66.075	65.995	66.010	5
2025-08-18 10:20	66.015	66.025	65.920	65.960	5
2025-08-18 10:25	65.955	66.035	65.905	66.035	5
2025-08-18 10:30	66.040	66.085	66.005	66.050	5
2025-08-18 10:35	66.055	66.130	66.050	66.075	5
2025-08-18 10:40	66.065	66.075	66.020	66.040	5
2025-08-18 10:45	66.045	66.045	66.000	66.030	5
2025-08-18 10:50	66.035	66.055	65.960	65.965	5
2025-08-18 10:55	65.955	66.155	65.955	66.155	5
2025-08-18 11:00	66.140	66.185	66.135	66.145	5
2025-08-18 11:05	66.135	66.145	66.065	66.065	5
2025-08-18 11:10	66.050	66.050	65.935	65.985	5
2025-08-18 11:15	65.990	66.000	65.945	65.985	5
2025-08-18 11:20	65.995	66.055	65.995	66.035	5
2025-08-18 11:25	66.040	66.055	66.015	66.040	5
2025-08-18 11:30	66.045	66.175	66.040	66.125	5
2025-08-18 11:35	66.130	66.175	66.125	66.165	5
2025-08-18 11:40	66.160	66.180	66.155	66.160	5
2025-08-18 11:45	66.165	66.185	66.095	66.095	5
2025-08-18 11:50	66.105	66.105	66.015	66.050	4
2025-08-18 11:55	66.045	66.085	66.035	66.050	5
2025-08-18 12:00	66.045	66.075	66.015	66.060	5
2025-08-18 12:05	66.065	66.070	66.000	66.070	5
2025-08-18 12:10	66.075	66.085	66.055	66.075	5
2025-08-18 12:15	66.070	66.075	66.035	66.065	5
2025-08-18 12:20	66.055	66.075	66.020	66.075	5
2025-08-18 12:25	66.070	66.125	66.035	66.055	5
2025-08-18 12:30	66.045	66.070	65.955	65.975	5
2025-08-18 12:35	65.965	65.975	65.835	65.900	5
2025-08-18 12:40	65.895	65.970	65.885	65.935	5
2025-08-18 12:45	65.930	66.005	65.905	65.930	5
2025-08-18 12:50	65.935	66.005	65.915	65.975	5
2025-08-18 12:55	65.970	65.975	65.885	65.925	5
2025-08-18 13:00	65.900	65.935	65.785	65.885	5
2025-08-18 13:05	65.870	65.870	65.735	65.795	5
2025-08-18 13:10	65.790	65.815	65.715	65.800	5
2025-08-18 13:15	65.795	65.865	65.700	65.720	5
2025-08-18 13:20	65.710	65.815	65.690	65.755	5
2025-08-18 13:25	65.750	65.775	65.700	65.725	5
2025-08-18 13:30	65.710	65.710	65.340	65.340	5
2025-08-18 13:35	65.345	65.485	65.290	65.475	5
2025-08-18 13:40	65.485	65.615	65.455	65.535	5
2025-08-18 13:45	65.545	65.575	65.480	65.545	5
2025-08-18 13:50	65.535	65.665	65.505	65.560	5
2025-08-18 13:55	65.555	65.595	65.505	65.555	5
2025-08-18 14:00	65.535	65.615	65.495	65.525	5
2025-08-18 14:05	65.520	65.575	65.425	65.465	5
2025-08-18 14:10	65.450	65.465	65.415	65.420	5
2025-08-18 14:15	65.425	65.545	65.405	65.530	5
2025-08-18 14:20	65.545	65.650	65.515	65.590	5
2025-08-18 14:25	65.580	65.595	65.515	65.515	5
2025-08-18 14:30	65.505	65.747	65.495	65.725	5
2025-08-18 14:35	65.740	65.890	65.700	65.885	5
2025-08-18 14:40	65.890	66.005	65.885	65.940	5
2025-08-18 14:45	65.945	65.985	65.895	65.905	5
2025-08-18 14:50	65.915	65.925	65.855	65.855	5
2025-08-18 14:55	65.865	65.925	65.845	65.905	5
2025-08-18 15:00	65.915	66.005	65.885	65.950	5
2025-08-18 15:05	65.955	66.055	65.865	65.885	5
2025-08-18 15:10	65.890	65.900	65.840	65.840	5
2025-08-18 15:15	65.845	65.955	65.835	65.950	5
2025-08-18 15:20	65.955	66.125	65.945	66.085	5
2025-08-18 15:25	66.090	66.160	66.045	66.065	5
2025-08-18 15:30	66.075	66.105	65.915	65.915	5
2025-08-18 15:35	65.925	66.035	65.915	65.995	5
2025-08-18 15:40	66.005	66.025	65.965	66.000	5
2025-08-18 15:45	65.995	66.025	65.915	66.025	5
2025-08-18 15:50	66.030	66.115	66.025	66.095	5
2025-08-18 15:55	66.105	66.105	66.070	66.105	5
2025-08-18 16:00	66.115	66.205	66.090	66.115	5
2025-08-18 16:05	66.110	66.115	66.030	66.060	5
2025-08-18 16:10	66.065	66.135	66.065	66.095	5
2025-08-18 16:15	66.080	66.100	66.035	66.045	5
2025-08-18 16:20	66.055	66.115	66.055	66.070	5
2025-08-18 16:25	66.065	66.145	66.035	66.135	5
2025-08-18 16:30	66.130	66.140	66.035	66.105	5
2025-08-18 16:35	66.115	66.175	66.115	66.165	5
2025-08-18 16:40	66.170	66.175	66.135	66.135	5
2025-08-18 16:45	66.145	66.175	66.125	66.145	5
2025-08-18 16:50	66.135	66.175	66.135	66.155	5
2025-08-18 16:55	66.165	66.175	66.145	66.175	5
2025-08-18 17:00	66.170	66.215	66.135	66.205	5
2025-08-18 17:05	66.215	66.405	66.215	66.355	5
2025-08-18 17:10	66.365	66.425	66.310	66.355	5
2025-08-18 17:15	66.365	66.735	66.365	66.710	5
2025-08-18 17:20	66.715	66.795	66.415	66.425	5
2025-08-18 17:25	66.430	66.525	66.405	66.490	5
2025-08-18 17:30	66.495	66.595	66.470	66.565	5
2025-08-18 17:35	66.575	66.600	66.475	66.495	5
2025-08-18 17:40	66.500	66.555	66.500	66.505	5
2025-08-18 17:45	66.510	66.520	66.435	66.465	5
2025-08-18 17:50	66.470	66.515	66.430	66.485	5
2025-08-18 17:55	66.490	66.540	66.465	66.505	5
2025-08-18 18:00	66.495	66.560	66.475	66.505	5
2025-08-18 18:05	66.525	66.555	66.485	66.515	4
2025-08-18 18:10	66.505	66.545	66.495	66.495	5
2025-08-18 18:15	66.470	66.585	66.445	66.565	5
2025-08-18 18:20	66.555	66.675	66.515	66.550	5
2025-08-18 18:25	66.545	66.635	66.505	66.625	5
2025-08-18 18:30	66.615	66.670	66.575	66.635	5
2025-08-18 18:35	66.625	66.655	66.615	66.630	5
2025-08-18 18:40	66.625	66.690	66.593	66.660	5
2025-08-18 18:45	66.655	66.665	66.625	66.625	5
2025-08-18 18:50	66.635	66.635	66.565	66.590	5
2025-08-18 18:55	66.585	66.590	66.545	66.565	5
2025-08-18 19:00	66.555	66.575	66.443	66.525	5
2025-08-18 19:05	66.520	66.520	66.413	66.415	5
2025-08-18 19:10	66.420	66.460	66.420	66.460	5
2025-08-18 19:15	66.445	66.445	66.385	66.430	5
2025-08-18 19:20	66.435	66.505	66.430	66.505	5
2025-08-18 19:25	66.510	66.555	66.495	66.510	5
2025-08-18 19:30	66.515	66.515	66.485	66.495	5
2025-08-18 19:35	66.500	66.515	66.425	66.505	5
2025-08-18 19:40	66.510	66.525	66.445	66.445	5
2025-08-18 19:45	66.460	66.495	66.445	66.495	5
2025-08-18 19:50	66.500	66.540	66.495	66.530	5
2025-08-18 19:55	66.535	66.555	66.475	66.515	5
2025-08-18 20:00	66.510	66.510	66.472	66.477	4
2025-08-18 20:05	66.482	66.492	66.462	66.487	5
2025-08-18 20:10	66.472	66.477	66.452	66.467	5
2025-08-18 20:15	66.462	66.477	66.443	66.477	4
2025-08-18 20:20	66.487	66.502	66.482	66.488	5
2025-08-18 20:25	66.507	66.527	66.493	66.522	4
2025-08-18 20:30	66.512	66.547	66.512	66.532	5
2025-08-18 20:35	66.527	66.537	66.487	66.492	5
2025-08-18 20:40	66.487	66.492	66.462	66.492	5
2025-08-18 20:45	66.497	66.512	66.492	66.492	5
2025-08-18 20:50	66.497	66.522	66.468	66.507	5
2025-08-18 20:55	66.502	66.507	66.432	66.452	5
2025-08-19 00:00	66.512	66.555	66.455	66.505	5
2025-08-19 00:05	66.500	66.520	66.480	66.505	5
2025-08-19 00:10	66.510	66.520	66.428	66.428	5
2025-08-19 00:15	66.475	66.490	66.428	66.455	4
2025-08-19 00:20	66.465	66.465	66.418	66.465	5
2025-08-19 00:25	66.470	66.470	66.418	66.455	5
2025-08-19 00:30	66.440	66.465	66.413	66.465	5
2025-08-19 00:35	66.475	66.485	66.428	66.455	5
2025-08-19 00:40	66.450	66.455	66.398	66.445	4
2025-08-19 00:45	66.398	66.475	66.398	66.455	5
2025-08-19 00:50	66.460	66.470	66.408	66.460	5
2025-08-19 00:55	66.455	66.465	66.413	66.450	5
2025-08-19 01:00	66.445	66.450	66.295	66.315	5
2025-08-19 01:05	66.310	66.335	66.285	66.320	5
2025-08-19 01:10	66.330	66.335	66.275	66.280	5
2025-08-19 01:15	66.285	66.345	66.285	66.325	5
2025-08-19 01:20	66.330	66.405	66.330	66.375	5
2025-08-19 01:25	66.370	66.400	66.370	66.375	5
2025-08-19 01:30	66.385	66.410	66.355	66.365	5
2025-08-19 01:35	66.370	66.375	66.315	66.315	5
2025-08-19 01:40	66.310	66.335	66.310	66.320	5
2025-08-19 01:45	66.325	66.335	66.268	66.295	5
2025-08-19 01:50	66.305	66.315	66.268	66.315	5
2025-08-19 01:55	66.320	66.320	66.275	66.300	5
2025-08-19 02:00	66.295	66.300	66.195	66.205	5
2025-08-19 02:05	66.195	66.280	66.195	66.280	5
2025-08-19 02:10	66.275	66.295	66.265	66.275	5
2025-08-19 02:15	66.280	66.280	66.245	66.250	5
2025-08-19 02:20	66.245	66.280	66.245	66.265	5
2025-08-19 02:25	66.260	66.265	66.250	66.250	5
2025-08-19 02:30	66.255	66.295	66.198	66.295	4
2025-08-19 02:35	66.300	66.325	66.248	66.295	5
2025-08-19 02:40	66.290	66.290	66.238	66.260	5
2025-08-19 02:45	66.265	66.265	66.210	66.240	5
2025-08-19 02:50	66.235	66.245	66.225	66.230	5
2025-08-19 02:55	66.235	66.240	66.205	66.220	5
2025-08-19 03:00	66.225	66.295	66.205	66.290	5
2025-08-19 03:05	66.295	66.295	66.275	66.275	5
2025-08-19 03:10	66.290	66.320	66.280	66.305	5
2025-08-19 03:15	66.300	66.320	66.275	66.310	5
2025-08-19 03:20	66.320	66.330	66.305	66.310	5
2025-08-19 03:25	66.315	66.315	66.280	66.290	5
2025-08-19 03:30	66.295	66.295	66.245	66.250	5
2025-08-19 03:35	66.203	66.250	66.198	66.210	5
2025-08-19 03:40	66.215	66.240	66.205	66.240	5
2025-08-19 03:45	66.193	66.250	66.193	66.250	2
2025-08-19 03:50	66.245	66.245	66.225	66.225	4
2025-08-19 03:55	66.230	66.230	66.178	66.230	2
2025-08-19 04:00	66.225	66.225	66.168	66.205	5
2025-08-19 04:05	66.158	66.220	66.158	66.190	5
2025-08-19 04:10	66.185	66.200	66.148	66.185	5
2025-08-19 04:15	66.175	66.185	66.128	66.180	5
2025-08-19 04:20	66.185	66.185	66.128	66.128	3
2025-08-19 04:25	66.175	66.180	66.115	66.135	5
2025-08-19 04:30	66.145	66.145	66.098	66.098	4
2025-08-19 04:35	66.145	66.165	66.108	66.150	5
2025-08-19 04:40	66.145	66.155	66.120	66.155	5
2025-08-19 04:45	66.160	66.165	66.145	66.165	4
2025-08-19 04:50	66.118	66.165	66.098	66.135	4
2025-08-19 04:55	66.088	66.140	66.088	66.135	2
2025-08-19 05:00	66.100	66.155	66.095	66.145	5
2025-08-19 05:05	66.140	66.185	66.130	66.185	5
2025-08-19 05:10	66.180	66.185	66.165	66.175	4
2025-08-19 05:15	66.170	66.175	66.160	66.165	4
2025-08-19 05:20	66.175	66.175	66.145	66.155	4
2025-08-19 05:25	66.150	66.155	66.125	66.140	4
2025-08-19 05:30	66.145	66.160	66.095	66.095	5
2025-08-19 05:35	66.085	66.115	66.080	66.115	5
2025-08-19 05:40	66.105	66.115	66.040	66.045	5
2025-08-19 05:45	66.035	66.085	66.025	66.055	5
2025-08-19 05:50	66.045	66.065	66.020	66.060	5
2025-08-19 05:55	66.050	66.155	66.045	66.145	5
2025-08-19 06:00	66.150	66.295	66.140	66.290	5
2025-08-19 06:05	66.295	66.315	66.270	66.280	5
2025-08-19 06:10	66.275	66.275	66.140	66.170	5
2025-08-19 06:15	66.165	66.195	66.150	66.170	5
2025-08-19 06:20	66.165	66.250	66.165	66.215	5
2025-08-19 06:25	66.210	66.245	66.185	66.230	5
2025-08-19 06:30	66.225	66.245	66.170	66.190	5
2025-08-19 06:35	66.185	66.255	66.185	66.245	5
2025-08-19 06:40	66.250	66.350	66.245	66.315	5
2025-08-19 06:45	66.325	66.350	66.285	66.285	5
2025-08-19 06:50	66.290	66.305	66.153	66.195	5
2025-08-19 06:55	66.190	66.215	66.175	66.175	5
2025-08-19 07:00	66.180	66.185	65.990	66.035	5
2025-08-19 07:05	66.030	66.095	65.985	66.020	5
2025-08-19 07:10	66.025	66.060	65.985	65.990	5
2025-08-19 07:15	65.995	66.075	65.985	65.995	5
2025-08-19 07:20	65.990	65.995	65.930	65.985	5
2025-08-19 07:25	65.990	66.040	65.985	66.005	5
2025-08-19 07:30	66.000	66.000	65.915	65.975	5
2025-08-19 07:35	65.985	66.075	65.975	66.020	5
2025-08-19 07:40	66.015	66.025	65.960	65.995	5
2025-08-19 07:45	65.990	66.090	65.990	66.065	5
2025-08-19 07:50	66.075	66.075	66.025	66.050	5
2025-08-19 07:55	66.045	66.055	66.015	66.025	5
2025-08-19 08:00	66.035	66.135	65.985	66.125	5
2025-08-19 08:05	66.105	66.105	66.035	66.060	5
2025-08-19 08:10	66.055	66.095	66.015	66.075	5
2025-08-19 08:15	66.080	66.165	66.065	66.105	5
2025-08-19 08:20	66.100	66.105	65.965	66.030	5
2025-08-19 08:25	66.035	66.085	65.955	65.955	5
2025-08-19 08:30	65.945	66.055	65.945	66.025	5
2025-08-19 08:35	66.020	66.035	65.865	65.875	5
2025-08-19 08:40	65.870	65.925	65.845	65.915	5
2025-08-19 08:45	65.920	65.995	65.875	65.895	5
2025-08-19 08:50	65.890	65.935	65.845	65.850	5
2025-08-19 08:55	65.855	65.885	65.835	65.845	5
2025-08-19 09:00	65.840	65.905	65.835	65.905	5
2025-08-19 09:05	65.915	65.915	65.753	65.845	5
2025-08-19 09:10	65.840	65.875	65.765	65.775	5
2025-08-19 09:15	65.770	65.825	65.740	65.745	5
2025-08-19 09:20	65.755	65.900	65.745	65.895	5
2025-08-19 09:25	65.905	65.915	65.865	65.880	5
2025-08-19 09:30	65.865	65.905	65.855	65.875	5
2025-08-19 09:35	65.865	65.890	65.805	65.860	5
2025-08-19 09:40	65.855	65.950	65.850	65.945	5
2025-08-19 09:45	65.940	66.005	65.920	65.940	5
2025-08-19 09:50	65.935	65.945	65.793	65.885	5
2025-08-19 09:55	65.910	65.970	65.890	65.945	5
2025-08-19 10:00	65.955	65.995	65.905	65.945	5
2025-08-19 10:05	65.955	66.015	65.915	65.955	5
2025-08-19 10:10	65.950	66.005	65.945	65.975	5
2025-08-19 10:15	65.990	66.015	65.945	65.950	5
2025-08-19 10:20	65.955	65.975	65.895	65.915	5
2025-08-19 10:25	65.905	65.905	65.805	65.845	5
2025-08-19 10:30	65.855	65.935	65.830	65.915	5
2025-08-19 10:35	65.895	65.895	65.825	65.845	5
2025-08-19 10:40	65.835	65.925	65.785	65.825	5
2025-08-19 10:45	65.820	65.845	65.745	65.755	5
2025-08-19 10:50	65.745	65.785	65.710	65.760	5
2025-08-19 10:55	65.765	65.795	65.745	65.770	5
2025-08-19 11:00	65.765	65.795	65.745	65.785	5
2025-08-19 11:05	65.790	65.805	65.715	65.735	5
2025-08-19 11:10	65.740	65.815	65.740	65.795	5
2025-08-19 11:15	65.800	65.895	65.770	65.835	5
2025-08-19 11:20	65.840	65.850	65.815	65.835	5
2025-08-19 11:25	65.825	65.865	65.825	65.845	5
2025-08-19 11:30	65.840	65.870	65.780	65.865	5
2025-08-19 11:35	65.855	65.945	65.840	65.845	5
2025-08-19 11:40	65.865	66.015	65.855	66.015	5
2025-08-19 11:45	66.010	66.095	65.990	66.005	5
2025-08-19 11:50	66.000	66.005	65.945	65.975	5
2025-08-19 11:55	65.985	66.105	65.980	66.050	5
2025-08-19 12:00	66.055	66.085	66.025	66.065	5
2025-08-19 12:05	66.075	66.125	65.995	66.075	5
2025-08-19 12:10	66.080	66.115	66.000	66.010	5
2025-08-19 12:15	66.015	66.115	65.995	66.005	5
2025-08-19 12:20	66.000	66.015	65.915	65.965	5
2025-08-19 12:25	65.970	65.985	65.935	65.965	5
2025-08-19 12:30	65.970	65.970	65.870	65.905	5
2025-08-19 12:35	65.925	65.975	65.845	65.850	5
2025-08-19 12:40	65.845	65.880	65.805	65.825	5
2025-08-19 12:45	65.835	65.865	65.815	65.860	5
2025-08-19 12:50	65.855	65.875	65.805	65.810	5
2025-08-19 12:55	65.805	65.885	65.805	65.865	5
2025-08-19 13:00	65.875	65.875	65.715	65.760	5
2025-08-19 13:05	65.755	65.765	65.695	65.715	5
2025-08-19 13:10	65.710	65.735	65.635	65.730	5
2025-08-19 13:15	65.725	65.780	65.715	65.755	5
2025-08-19 13:20	65.760	65.855	65.755	65.855	5
2025-08-19 13:25	65.860	65.945	65.860	65.915	5
2025-08-19 13:30	65.910	65.935	65.855	65.885	5
2025-08-19 13:35	65.895	65.910	65.875	65.875	5
2025-08-19 13:40	65.865	65.925	65.835	65.895	5
2025-08-19 13:45	65.900	65.995	65.895	65.990	5
2025-08-19 13:50	65.985	66.165	65.975	66.050	5
2025-08-19 13:55	66.045	66.055	65.885	65.935	5
2025-08-19 14:00	65.945	65.955	65.910	65.935	5
2025-08-19 14:05	65.930	65.945	65.873	65.935	5
2025-08-19 14:10	65.915	65.945	65.855	65.935	5
2025-08-19 14:15	65.925	66.155	65.920	66.105	5
2025-08-19 14:20	66.115	66.195	66.055	66.075	5
2025-08-19 14:25	66.085	66.165	65.985	66.100	5
2025-08-19 14:30	66.105	66.155	66.063	66.115	5
2025-08-19 14:35	66.110	66.125	66.010	66.010	5
2025-08-19 14:40	66.015	66.045	65.955	66.025	5
2025-08-19 14:45	66.035	66.075	65.980	66.065	5
2025-08-19 14:50	66.070	66.115	66.015	66.035	5
2025-08-19 14:55	66.045	66.065	66.010	66.035	5
2025-08-19 15:00	66.030	66.065	65.995	66.040	5
2025-08-19 15:05	66.035	66.105	66.000	66.005	5
2025-08-19 15:10	66.000	66.155	65.985	66.145	5
2025-08-19 15:15	66.150	66.175	66.085	66.135	5
2025-08-19 15:20	66.145	66.185	66.075	66.105	5
2025-08-19 15:25	66.115	66.130	66.055	66.065	5
2025-08-19 15:30	66.055	66.075	65.995	66.045	5
2025-08-19 15:35	66.055	66.080	66.015	66.075	5
2025-08-19 15:40	66.085	66.155	66.035	66.035	5
2025-08-19 15:45	66.025	66.055	65.950	65.985	5
2025-08-19 15:50	65.975	66.000	65.805	65.815	5
2025-08-19 15:55	65.820	65.835	65.735	65.745	5
2025-08-19 16:00	65.735	65.810	65.715	65.805	5
2025-08-19 16:05	65.795	65.955	65.795	65.875	5
2025-08-19 16:10	65.860	65.870	65.805	65.805	5
2025-08-19 16:15	65.800	65.855	65.785	65.845	5
2025-08-19 16:20	65.835	65.865	65.815	65.855	5
2025-08-19 16:25	65.860	65.905	65.855	65.870	5
2025-08-19 16:30	65.875	65.875	65.805	65.835	5
2025-08-19 16:35	65.845	65.855	65.815	65.845	5
2025-08-19 16:40	65.855	65.865	65.815	65.825	5
2025-08-19 16:45	65.830	65.845	65.765	65.795	5
2025-08-19 16:50	65.790	65.805	65.755	65.770	5
2025-08-19 16:55	65.775	65.775	65.725	65.740	5
2025-08-19 17:00	65.735	65.800	65.725	65.765	5
2025-08-19 17:05	65.760	65.775	65.735	65.775	5
2025-08-19 17:10	65.765	65.765	65.585	65.615	5
2025-08-19 17:15	65.625	65.695	65.625	65.675	5
2025-08-19 17:20	65.665	65.675	65.650	65.665	5
2025-08-19 17:25	65.660	65.675	65.635	65.655	5
2025-08-19 17:30	65.650	65.665	65.615	65.615	5
2025-08-19 17:35	65.635	65.705	65.625	65.695	5
2025-08-19 17:40	65.705	65.755	65.695	65.715	5
2025-08-19 17:45	65.735	65.735	65.655	65.665	5
2025-08-19 17:50	65.670	65.715	65.660	65.685	5
2025-08-19 17:55	65.695	65.705	65.655	65.665	5
2025-08-19 18:00	65.660	65.695	65.640	65.675	5
2025-08-19 18:05	65.695	65.735	65.685	65.715	5
2025-08-19 18:10	65.705	65.735	65.695	65.715	5
2025-08-19 18:15	65.725	65.735	65.635	65.645	5
2025-08-19 18:20	65.640	65.755	65.635	65.730	5
2025-08-19 18:25	65.735	65.785	65.710	65.775	5
2025-08-19 18:30	65.765	65.835	65.765	65.830	5
2025-08-19 18:35	65.835	65.875	65.825	65.875	5
2025-08-19 18:40	65.865	65.865	65.835	65.855	5
2025-08-19 18:45	65.865	65.875	65.850	65.875	5
2025-08-19 18:50	65.895	65.955	65.890	65.895	5
2025-08-19 18:55	65.890	65.895	65.875	65.895	5
2025-08-19 19:00	65.905	65.920	65.890	65.895	5
2025-08-19 19:05	65.885	65.900	65.870	65.895	5
2025-08-19 19:10	65.890	65.910	65.890	65.900	5
2025-08-19 19:15	65.895	65.950	65.895	65.945	5
2025-08-19 19:20	65.950	65.960	65.925	65.960	5
2025-08-19 19:25	65.965	65.985	65.925	65.935	5
2025-08-19 19:30	65.930	65.940	65.915	65.920	5
2025-08-19 19:35	65.925	65.955	65.905	65.935	5
2025-08-19 19:40	65.893	65.940	65.890	65.895	5
2025-08-19 19:45	65.900	65.905	65.835	65.840	4
2025-08-19 19:50	65.835	65.850	65.820	65.820	5
2025-08-19 19:55	65.825	65.890	65.815	65.885	5
2025-08-19 20:00	65.890	65.897	65.852	65.852	4
2025-08-19 20:05	65.847	65.887	65.837	65.887	5
2025-08-19 20:10	65.897	65.907	65.883	65.907	5
2025-08-19 20:15	65.902	65.907	65.867	65.867	5
2025-08-19 20:20	65.872	65.907	65.872	65.907	5
2025-08-19 20:25	65.917	65.942	65.912	65.937	4
2025-08-19 20:30	65.922	65.992	65.922	65.972	5
2025-08-19 20:35	65.967	65.982	65.937	65.942	5
2025-08-19 20:40	65.947	65.967	65.922	65.962	5
2025-08-19 20:45	65.957	65.972	65.933	65.972	5
2025-08-19 20:50	65.967	65.982	65.922	65.937	5
2025-08-19 20:55	65.942	65.952	65.927	65.937	4
2025-08-20 00:00	66.035	66.090	66.015	66.055	5
2025-08-20 00:05	66.060	66.065	66.018	66.050	5
2025-08-20 00:10	66.055	66.060	66.015	66.025	5
2025-08-20 00:15	66.035	66.050	65.988	66.045	5
2025-08-20 00:20	65.998	66.055	65.998	66.030	5
2025-08-20 00:25	66.025	66.060	65.978	66.055	5
2025-08-20 00:30	66.060	66.075	66.060	66.070	5
2025-08-20 00:35	66.023	66.075	66.023	66.055	5
2025-08-20 00:40	66.008	66.075	66.008	66.070	5
2025-08-20 00:45	66.065	66.065	66.018	66.060	4
2025-08-20 00:50	66.065	66.080	66.018	66.018	4
2025-08-20 00:55	66.085	66.100	66.038	66.085	4
2025-08-20 01:00	66.075	66.170	66.045	66.150	5
2025-08-20 01:05	66.145	66.160	66.055	66.065	5
2025-08-20 01:10	66.060	66.070	66.035	66.045	5
2025-08-20 01:15	66.050	66.065	65.985	65.995	5
2025-08-20 01:20	66.000	66.010	65.975	65.980	5
2025-08-20 01:25	65.975	65.985	65.945	65.945	5
2025-08-20 01:30	65.940	65.940	65.855	65.915	5
2025-08-20 01:35	65.920	65.925	65.880	65.910	5
2025-08-20 01:40	65.915	65.965	65.910	65.935	5
2025-08-20 01:45	65.940	65.940	65.885	65.915	5
2025-08-20 01:50	65.910	65.935	65.895	65.895	4
2025-08-20 01:55	65.890	65.910	65.875	65.875	5
2025-08-20 02:00	65.865	65.885	65.830	65.835	5
2025-08-20 02:05	65.850	65.875	65.835	65.870	5
2025-08-20 02:10	65.865	65.895	65.860	65.870	5
2025-08-20 02:15	65.865	65.905	65.855	65.890	5
2025-08-20 02:20	65.895	65.915	65.858	65.900	5
2025-08-20 02:25	65.905	65.925	65.905	65.925	3
2025-08-20 02:30	65.920	65.935	65.900	65.905	5
2025-08-20 02:35	65.910	65.935	65.858	65.915	5
2025-08-20 02:40	65.920	65.920	65.845	65.850	5
2025-08-20 02:45	65.855	65.920	65.850	65.905	5
2025-08-20 02:50	65.910	65.920	65.895	65.900	5
2025-08-20 02:55	65.895	65.900	65.885	65.885	5
2025-08-20 03:00	65.880	65.905	65.865	65.905	5
2025-08-20 03:05	65.910	65.955	65.878	65.920	5
2025-08-20 03:10	65.925	65.935	65.915	65.930	5
2025-08-20 03:15	65.935	65.940	65.810	65.850	5
2025-08-20 03:20	65.855	65.865	65.825	65.850	5
2025-08-20 03:25	65.845	65.870	65.810	65.845	5
2025-08-20 03:30	65.840	65.865	65.808	65.845	5
2025-08-20 03:35	65.850	65.850	65.798	65.845	5
2025-08-20 03:40	65.850	65.855	65.798	65.850	5
2025-08-20 03:45	65.803	65.855	65.803	65.840	5
2025-08-20 03:50	65.835	65.845	65.793	65.840	4
2025-08-20 03:55	65.845	65.870	65.798	65.865	5
2025-08-20 04:00	65.860	65.885	65.823	65.875	4
2025-08-20 04:05	65.870	65.875	65.870	65.875	5
2025-08-20 04:10	65.870	65.875	65.828	65.870	3
2025-08-20 04:15	65.875	65.885	65.818	65.818	4
2025-08-20 04:20	65.813	65.865	65.813	65.865	3
2025-08-20 04:25	65.818	65.875	65.818	65.875	4
2025-08-20 04:30	65.870	65.885	65.828	65.828	4
2025-08-20 04:35	65.865	65.960	65.855	65.955	5
2025-08-20 04:40	65.950	65.975	65.918	65.965	4
2025-08-20 04:45	65.918	66.005	65.918	65.985	5
2025-08-20 04:50	65.980	65.980	65.928	65.970	5
2025-08-20 04:55	65.965	65.990	65.965	65.980	5
2025-08-20 05:00	65.985	65.985	65.965	65.970	4
2025-08-20 05:05	65.975	65.980	65.933	65.975	4
2025-08-20 05:10	65.970	66.040	65.965	66.030	4
2025-08-20 05:15	66.025	66.040	65.988	66.025	5
2025-08-20 05:20	66.030	66.030	66.005	66.005	4
2025-08-20 05:25	65.958	66.005	65.958	66.005	1
2025-08-20 05:30	66.000	66.015	65.975	66.015	5
2025-08-20 05:35	66.010	66.050	65.995	66.040	5
2025-08-20 05:40	66.035	66.045	66.015	66.035	5
2025-08-20 05:45	66.025	66.045	66.015	66.030	5
2025-08-20 05:50	66.035	66.145	66.035	66.130	5
2025-08-20 05:55	66.135	66.195	66.135	66.190	5
2025-08-20 06:00	66.195	66.310	66.185	66.285	5
2025-08-20 06:05	66.280	66.285	66.165	66.185	5
2025-08-20 06:10	66.175	66.275	66.175	66.250	5
2025-08-20 06:15	66.255	66.265	66.210	66.255	5
2025-08-20 06:20	66.260	66.285	66.245	66.285	5
2025-08-20 06:25	66.280	66.295	66.245	66.265	5
2025-08-20 06:30	66.275	66.305	66.245	66.285	5
2025-08-20 06:35	66.280	66.345	66.280	66.345	5
2025-08-20 06:40	66.340	66.355	66.305	66.320	5
2025-08-20 06:45	66.325	66.325	66.305	66.315	5
2025-08-20 06:50	66.305	66.315	66.290	66.305	2
2025-08-20 06:55	66.295	66.340	66.295	66.300	4
2025-08-20 07:00	66.285	66.285	66.185	66.225	5
2025-08-20 07:05	66.230	66.330	66.230	66.305	5
2025-08-20 07:10	66.310	66.355	66.300	66.325	5
2025-08-20 07:15	66.315	66.330	66.305	66.315	5
2025-08-20 07:20	66.320	66.405	66.315	66.405	5
2025-08-20 07:25	66.415	66.455	66.415	66.440	5
2025-08-20 07:30	66.450	66.540	66.405	66.455	5
2025-08-20 07:35	66.465	66.505	66.415	66.465	5
2025-08-20 07:40	66.460	66.490	66.415	66.415	5
2025-08-20 07:45	66.420	66.435	66.375	66.415	5
2025-08-20 07:50	66.410	66.460	66.390	66.450	5
2025-08-20 07:55	66.445	66.480	66.425	66.440	5
2025-08-20 08:00	66.455	66.475	66.365	66.390	5
2025-08-20 08:05	66.395	66.405	66.345	66.345	5
2025-08-20 08:10	66.350	66.350	66.265	66.305	5
2025-08-20 08:15	66.315	66.320	66.285	66.300	5
2025-08-20 08:20	66.295	66.395	66.285	66.335	5
2025-08-20 08:25	66.340	66.395	66.305	66.385	5
2025-08-20 08:30	66.405	66.565	66.400	66.535	5
2025-08-20 08:35	66.540	66.565	66.460	66.535	5
2025-08-20 08:40	66.540	66.705	66.535	66.685	5
2025-08-20 08:45	66.690	66.695	66.610	66.630	5
2025-08-20 08:50	66.635	66.640	66.580	66.600	5
2025-08-20 08:55	66.605	66.635	66.600	66.615	5
2025-08-20 09:00	66.605	66.605	66.515	66.520	5
2025-08-20 09:05	66.525	66.575	66.515	66.570	5
2025-08-20 09:10	66.565	66.570	66.535	66.570	5
2025-08-20 09:15	66.565	66.575	66.505	66.505	5
2025-08-20 09:20	66.525	66.525	66.465	66.495	5
2025-08-20 09:25	66.500	66.545	66.485	66.540	5
2025-08-20 09:30	66.535	66.565	66.505	66.535	5
2025-08-20 09:35	66.530	66.535	66.475	66.480	5
2025-08-20 09:40	66.475	66.515	66.420	66.425	5
2025-08-20 09:45	66.420	66.420	66.315	66.325	5
2025-08-20 09:50	66.320	66.365	66.250	66.250	5
2025-08-20 09:55	66.245	66.250	66.195	66.205	5
2025-08-20 10:00	66.210	66.210	66.115	66.145	5
2025-08-20 10:05	66.150	66.305	66.145	66.295	5
2025-08-20 10:10	66.305	66.320	66.225	66.235	5
2025-08-20 10:15	66.245	66.245	66.170	66.205	5
2025-08-20 10:20	66.225	66.285	66.205	66.265	5
2025-08-20 10:25	66.260	66.375	66.260	66.375	5
2025-08-20 10:30	66.370	66.395	66.350	66.395	5
2025-08-20 10:35	66.385	66.515	66.385	66.425	5
2025-08-20 10:40	66.420	66.470	66.420	66.445	5
2025-08-20 10:45	66.435	66.495	66.430	66.475	3
2025-08-20 10:50	66.495	66.525	66.435	66.455	5
2025-08-20 10:55	66.450	66.475	66.445	66.465	5
2025-08-20 11:00	66.475	66.515	66.470	66.515	5
2025-08-20 11:05	66.525	66.540	66.485	66.485	3
2025-08-20 11:10	66.505	66.535	66.495	66.505	5
2025-08-20 11:15	66.500	66.535	66.470	66.485	5
2025-08-20 11:20	66.490	66.505	66.485	66.500	5
2025-08-20 11:25	66.505	66.505	66.465	66.505	5
2025-08-20 11:30	66.515	66.605	66.495	66.580	5
2025-08-20 11:35	66.575	66.605	66.535	66.585	5
2025-08-20 11:40	66.580	66.605	66.535	66.535	5
2025-08-20 11:45	66.540	66.625	66.540	66.605	5
2025-08-20 11:50	66.595	66.595	66.520	66.540	5
2025-08-20 11:55	66.535	66.575	66.535	66.555	5
2025-08-20 12:00	66.575	66.590	66.545	66.550	5
2025-08-20 12:05	66.545	66.545	66.475	66.505	5
2025-08-20 12:10	66.500	66.515	66.395	66.405	5
2025-08-20 12:15	66.395	66.455	66.360	66.435	5
2025-08-20 12:20	66.440	66.475	66.415	66.425	5
2025-08-20 12:25	66.415	66.445	66.385	66.430	5
2025-08-20 12:30	66.425	66.445	66.365	66.365	5
2025-08-20 12:35	66.375	66.415	66.355	66.405	5
2025-08-20 12:40	66.410	66.455	66.385	66.435	5
2025-08-20 12:45	66.440	66.495	66.415	66.455	5
2025-08-20 12:50	66.465	66.490	66.440	66.490	5
2025-08-20 12:55	66.480	66.535	66.480	66.530	5
2025-08-20 13:00	66.525	66.575	66.415	66.485	5
2025-08-20 13:05	66.490	66.565	66.435	66.560	5
2025-08-20 13:10	66.565	66.565	66.505	66.565	5
2025-08-20 13:15	66.575	66.575	66.485	66.560	5
2025-08-20 13:20	66.565	66.565	66.505	66.515	5
2025-08-20 13:25	66.510	66.575	66.490	66.565	5
2025-08-20 13:30	66.550	66.555	66.375	66.410	5
2025-08-20 13:35	66.405	66.550	66.405	66.545	5
2025-08-20 13:40	66.555	66.645	66.505	66.575	5
2025-08-20 13:45	66.595	66.675	66.515	66.565	5
2025-08-20 13:50	66.560	66.580	66.353	66.395	5
2025-08-20 13:55	66.400	66.515	66.390	66.485	5
2025-08-20 14:00	66.490	66.655	66.465	66.590	5
2025-08-20 14:05	66.605	66.615	66.450	66.500	5
2025-08-20 14:10	66.495	66.535	66.425	66.435	5
2025-08-20 14:15	66.430	66.500	66.415	66.475	5
2025-08-20 14:20	66.470	66.595	66.460	66.555	5
2025-08-20 14:25	66.545	66.565	66.465	66.490	5
2025-08-20 14:30	66.500	66.735	66.448	66.590	5
2025-08-20 14:35	66.595	66.595	66.413	66.470	5
2025-08-20 14:40	66.490	66.545	66.415	66.415	5
2025-08-20 14:45	66.405	66.405	66.288	66.375	5
2025-08-20 14:50	66.385	66.385	66.285	66.345	5
2025-08-20 14:55	66.350	66.380	66.325	66.330	5
2025-08-20 15:00	66.335	66.335	66.175	66.245	5
2025-08-20 15:05	66.255	66.345	66.225	66.345	5
2025-08-20 15:10	66.340	66.485	66.335	66.445	5
2025-08-20 15:15	66.450	66.535	66.445	66.515	5
2025-08-20 15:20	66.520	66.640	66.485	66.535	5
2025-08-20 15:25	66.540	66.735	66.525	66.725	5
2025-08-20 15:30	66.715	66.855	66.615	66.685	5
2025-08-20 15:35	66.675	66.695	66.655	66.685	5
2025-08-20 15:40	66.695	66.835	66.665	66.825	5
2025-08-20 15:45	66.830	66.835	66.775	66.815	5
2025-08-20 15:50	66.805	66.895	66.785	66.865	5
2025-08-20 15:55	66.870	66.915	66.825	66.895	5
2025-08-20 16:00	66.880	67.025	66.880	66.955	5
2025-08-20 16:05	66.960	66.960	66.835	66.855	5
2025-08-20 16:10	66.850	66.885	66.795	66.805	5
2025-08-20 16:15	66.810	66.835	66.725	66.745	5
2025-08-20 16:20	66.755	66.775	66.705	66.750	5
2025-08-20 16:25	66.755	66.850	66.725	66.825	5
2025-08-20 16:30	66.820	66.825	66.760	66.765	5
2025-08-20 16:35	66.760	66.785	66.730	66.785	5
2025-08-20 16:40	66.790	66.865	66.785	66.865	5
2025-08-20 16:45	66.855	66.915	66.845	66.885	5
2025-08-20 16:50	66.890	66.890	66.795	66.815	5
2025-08-20 16:55	66.820	66.910	66.820	66.885	5
2025-08-20 17:00	66.880	66.890	66.785	66.790	5
2025-08-20 17:05	66.785	66.835	66.785	66.805	5
2025-08-20 17:10	66.815	66.815	66.755	66.795	5
2025-08-20 17:15	66.790	66.855	66.785	66.850	5
2025-08-20 17:20	66.845	66.855	66.785	66.825	5
2025-08-20 17:25	66.830	66.885	66.830	66.870	5
2025-08-20 17:30	66.865	66.925	66.855	66.875	5
2025-08-20 17:35	66.865	66.875	66.825	66.845	5
2025-08-20 17:40	66.850	66.920	66.835	66.915	5
2025-08-20 17:45	66.920	66.920	66.745	66.795	5
2025-08-20 17:50	66.790	66.845	66.775	66.835	5
2025-08-20 17:55	66.825	66.830	66.705	66.725	5
2025-08-20 18:00	66.720	66.820	66.695	66.775	5
2025-08-20 18:05	66.770	66.835	66.755	66.775	5
2025-08-20 18:10	66.770	66.875	66.770	66.800	5
2025-08-20 18:15	66.795	66.865	66.780	66.835	5
2025-08-20 18:20	66.845	66.885	66.795	66.825	5
2025-08-20 18:25	66.830	66.860	66.745	66.825	5
2025-08-20 18:30	66.835	66.975	66.830	66.965	5
2025-08-20 18:35	66.955	66.975	66.925	66.935	5
2025-08-20 18:40	66.925	66.935	66.895	66.900	5
2025-08-20 18:45	66.905	66.935	66.885	66.930	4
2025-08-20 18:50	66.935	66.985	66.930	66.970	5
2025-08-20 18:55	66.975	66.975	66.955	66.970	5
2025-08-20 19:00	66.975	66.975	66.965	66.975	4
2025-08-20 19:05	66.985	67.005	66.965	67.005	5
2025-08-20 19:10	67.010	67.015	66.995	66.995	4
2025-08-20 19:15	66.985	67.005	66.985	67.005	5
2025-08-20 19:20	67.020	67.020	67.000	67.015	4
2025-08-20 19:25	67.025	67.035	67.015	67.025	5
2025-08-20 19:30	67.020	67.020	66.995	66.995	5
2025-08-20 19:35	67.000	67.015	66.965	67.015	5
2025-08-20 19:40	67.020	67.020	66.995	67.000	5
2025-08-20 19:45	66.995	67.015	66.995	67.015	5
2025-08-20 19:50	67.010	67.010	66.970	66.970	4
2025-08-20 19:55	66.965	66.975	66.965	66.975	4
2025-08-20 20:00	66.952	67.022	66.952	67.002	5
2025-08-20 20:05	66.992	66.992	66.972	66.977	4
2025-08-20 20:10	66.982	66.987	66.977	66.977	3
2025-08-20 20:15	66.972	66.982	66.962	66.977	3
2025-08-20 20:20	66.958	66.982	66.958	66.972	4
2025-08-20 20:25	66.967	66.982	66.962	66.982	4
2025-08-20 20:30	66.977	66.977	66.918	66.942	4
2025-08-20 20:35	66.917	66.932	66.902	66.917	4
2025-08-20 20:40	66.922	66.937	66.907	66.917	5
2025-08-20 20:45	66.907	66.917	66.882	66.892	5
2025-08-20 20:50	66.902	66.902	66.858	66.897	5
2025-08-20 20:55	66.902	66.922	66.887	66.902	5
2025-08-21 00:00	66.970	66.985	66.915	66.985	5
2025-08-21 00:05	66.980	67.030	66.980	67.010	5
2025-08-21 00:10	67.005	67.010	66.948	66.985	5
2025-08-21 00:15	66.995	66.995	66.908	66.945	4
2025-08-21 00:20	66.898	66.955	66.898	66.955	5
2025-08-21 00:25	66.950	66.965	66.898	66.965	5
2025-08-21 00:30	66.918	67.000	66.918	66.995	5
2025-08-21 00:35	67.000	67.015	66.945	66.960	5
2025-08-21 00:40	66.965	66.965	66.955	66.960	3
2025-08-21 00:45	66.965	66.980	66.918	66.965	5
2025-08-21 00:50	66.960	66.960	66.935	66.950	5
2025-08-21 00:55	66.955	66.960	66.888	66.930	5
2025-08-21 01:00	66.925	66.955	66.865	66.945	5
2025-08-21 01:05	66.950	66.955	66.905	66.915	5
2025-08-21 01:10	66.920	66.930	66.900	66.915	5
2025-08-21 01:15	66.920	66.925	66.895	66.895	4
2025-08-21 01:20	66.905	66.945	66.885	66.925	5
2025-08-21 01:25	66.930	67.050	66.925	67.040	5
2025-08-21 01:30	67.045	67.175	67.035	67.135	5
2025-08-21 01:35	67.140	67.220	67.135	67.215	5
2025-08-21 01:40	67.235	67.270	67.210	67.215	5
2025-08-21 01:45	67.210	67.215	67.170	67.195	5
2025-08-21 01:50	67.185	67.195	67.135	67.135	5
2025-08-21 01:55	67.145	67.155	67.065	67.065	5
2025-08-21 02:00	67.018	67.075	67.018	67.055	5
2025-08-21 02:05	67.065	67.095	67.065	67.095	5
2025-08-21 02:10	67.085	67.105	67.075	67.085	5
2025-08-21 02:15	67.080	67.085	67.035	67.060	5
2025-08-21 02:20	67.065	67.080	67.055	67.055	5
2025-08-21 02:25	67.065	67.075	67.045	67.065	5
2025-08-21 02:30	67.070	67.120	67.070	67.095	5
2025-08-21 02:35	67.090	67.125	67.065	67.105	5
2025-08-21 02:40	67.100	67.105	67.055	67.090	5
2025-08-21 02:45	67.085	67.105	67.065	67.075	5
2025-08-21 02:50	67.080	67.105	67.080	67.090	5
2025-08-21 02:55	67.085	67.085	67.025	67.025	5
2025-08-21 03:00	67.030	67.060	67.025	67.060	5
2025-08-21 03:05	67.065	67.065	67.025	67.050	5
2025-08-21 03:10	67.055	67.075	67.035	67.040	5
2025-08-21 03:15	67.035	67.065	67.035	67.050	5
2025-08-21 03:20	67.055	67.055	66.990	67.030	5
2025-08-21 03:25	67.040	67.095	67.040	67.080	5
2025-08-21 03:30	67.075	67.075	67.055	67.065	5
2025-08-21 03:35	67.070	67.100	67.065	67.100	4
2025-08-21 03:40	67.095	67.105	67.048	67.105	5
2025-08-21 03:45	67.100	67.100	67.018	67.070	4
2025-08-21 03:50	67.075	67.075	67.028	67.028	2
2025-08-21 03:55	67.080	67.085	67.038	67.085	4
2025-08-21 04:00	67.075	67.075	67.028	67.070	5
2025-08-21 04:05	67.023	67.070	67.018	67.065	5
2025-08-21 04:10	67.055	67.080	67.040	67.080	4
2025-08-21 04:15	67.085	67.140	67.080	67.125	5
2025-08-21 04:20	67.130	67.130	67.073	67.110	5
2025-08-21 04:25	67.115	67.115	67.100	67.110	5
2025-08-21 04:30	67.115	67.115	67.100	67.105	5
2025-08-21 04:35	67.110	67.110	67.058	67.080	5
2025-08-21 04:40	67.085	67.135	67.043	67.135	3
2025-08-21 04:45	67.110	67.165	67.110	67.140	5
2025-08-21 04:50	67.135	67.140	67.125	67.130	4
2025-08-21 04:55	67.135	67.140	67.068	67.120	4
2025-08-21 05:00	67.125	67.130	67.033	67.075	4
2025-08-21 05:05	67.080	67.080	67.055	67.060	4
2025-08-21 05:10	67.065	67.080	67.060	67.070	5
2025-08-21 05:15	67.065	67.135	67.065	67.130	5
2025-08-21 05:20	67.135	67.135	67.053	67.100	4
2025-08-21 05:25	67.110	67.110	67.085	67.100	4
2025-08-21 05:30	67.110	67.215	67.110	67.200	5
2025-08-21 05:35	67.205	67.215	67.160	67.165	5
2025-08-21 05:40	67.160	67.170	67.135	67.155	5
2025-08-21 05:45	67.160	67.200	67.155	67.190	5
2025-08-21 05:50	67.195	67.195	67.150	67.165	5
2025-08-21 05:55	67.170	67.205	67.118	67.185	5
2025-08-21 06:00	67.190	67.190	67.130	67.130	5
2025-08-21 06:05	67.135	67.175	67.130	67.160	5
2025-08-21 06:10	67.165	67.235	67.160	67.235	5
2025-08-21 06:15	67.230	67.300	67.228	67.245	5
2025-08-21 06:20	67.240	67.245	67.150	67.160	5
2025-08-21 06:25	67.165	67.230	67.145	67.195	5
2025-08-21 06:30	67.200	67.215	67.153	67.153	5
2025-08-21 06:35	67.200	67.325	67.195	67.315	5
2025-08-21 06:40	67.305	67.335	67.265	67.295	5
2025-08-21 06:45	67.305	67.320	67.275	67.290	5
2025-08-21 06:50	67.285	67.295	67.220	67.225	5
2025-08-21 06:55	67.220	67.295	67.215	67.290	5
2025-08-21 07:00	67.295	67.370	67.243	67.315	5
2025-08-21 07:05	67.320	67.365	67.305	67.350	5
2025-08-21 07:10	67.345	67.455	67.345	67.420	5
2025-08-21 07:15	67.425	67.460	67.393	67.455	5
2025-08-21 07:20	67.445	67.455	67.385	67.395	5
2025-08-21 07:25	67.400	67.425	67.365	67.405	5
2025-08-21 07:30	67.400	67.460	67.400	67.445	5
2025-08-21 07:35	67.440	67.465	67.415	67.415	5
2025-08-21 07:40	67.420	67.425	67.345	67.365	5
2025-08-21 07:45	67.360	67.395	67.345	67.345	5
2025-08-21 07:50	67.335	67.335	67.265	67.275	5
2025-08-21 07:55	67.285	67.285	67.245	67.260	5
2025-08-21 08:00	67.265	67.295	67.225	67.245	5
2025-08-21 08:05	67.255	67.285	67.245	67.260	5
2025-08-21 08:10	67.255	67.315	67.255	67.315	5
2025-08-21 08:15	67.305	67.305	67.220	67.275	5
2025-08-21 08:20	67.270	67.285	67.245	67.270	5
2025-08-21 08:25	67.265	67.325	67.255	67.305	5
2025-08-21 08:30	67.315	67.320	67.255	67.315	5
2025-08-21 08:35	67.285	67.395	67.285	67.355	5
2025-08-21 08:40	67.360	67.365	67.320	67.350	5
2025-08-21 08:45	67.355	67.385	67.295	67.365	5
2025-08-21 08:50	67.355	67.375	67.310	67.320	5
2025-08-21 08:55	67.325	67.430	67.295	67.405	5
2025-08-21 09:00	67.415	67.420	67.315	67.320	5
2025-08-21 09:05	67.325	67.370	67.320	67.335	5
2025-08-21 09:10	67.330	67.330	67.265	67.310	5
2025-08-21 09:15	67.305	67.425	67.305	67.425	5
2025-08-21 09:20	67.435	67.460	67.410	67.440	5
2025-08-21 09:25	67.435	67.440	67.415	67.435	5
2025-08-21 09:30	67.425	67.465	67.395	67.460	5
2025-08-21 09:35	67.465	67.475	67.435	67.455	5
2025-08-21 09:40	67.445	67.470	67.395	67.455	5
2025-08-21 09:45	67.445	67.455	67.405	67.435	5
2025-08-21 09:50	67.425	67.445	67.390	67.395	5
2025-08-21 09:55	67.400	67.465	67.395	67.455	5
2025-08-21 10:00	67.445	67.515	67.445	67.515	5
2025-08-21 10:05	67.525	67.525	67.450	67.470	5
2025-08-21 10:10	67.475	67.475	67.445	67.450	5
2025-08-21 10:15	67.455	67.500	67.455	67.475	5
2025-08-21 10:20	67.480	67.525	67.475	67.515	5
2025-08-21 10:25	67.505	67.545	67.465	67.540	5
2025-08-21 10:30	67.545	67.575	67.515	67.535	5
2025-08-21 10:35	67.540	67.540	67.420	67.425	5
2025-08-21 10:40	67.420	67.430	67.365	67.385	5
2025-08-21 10:45	67.390	67.415	67.355	67.385	5
2025-08-21 10:50	67.380	67.380	67.335	67.345	5
2025-08-21 10:55	67.365	67.395	67.350	67.365	5
2025-08-21 11:00	67.370	67.390	67.315	67.335	5
2025-08-21 11:05	67.340	67.415	67.340	67.415	5
2025-08-21 11:10	67.420	67.420	67.365	67.380	5
2025-08-21 11:15	67.385	67.400	67.345	67.375	5
2025-08-21 11:20	67.370	67.400	67.360	67.365	5
2025-08-21 11:25	67.345	67.365	67.295	67.305	5
2025-08-21 11:30	67.295	67.305	67.105	67.155	5
2025-08-21 11:35	67.160	67.195	67.110	67.130	5
2025-08-21 11:40	67.135	67.175	67.115	67.175	5
2025-08-21 11:45	67.180	67.225	67.175	67.210	5
2025-08-21 11:50	67.215	67.225	67.165	67.205	5
2025-08-21 11:55	67.200	67.205	67.165	67.190	5
2025-08-21 12:00	67.205	67.265	67.205	67.245	5
2025-08-21 12:05	67.240	67.265	67.215	67.255	5
2025-08-21 12:10	67.260	67.370	67.260	67.305	5
2025-08-21 12:15	67.300	67.325	67.235	67.325	5
2025-08-21 12:20	67.315	67.315	67.240	67.250	5
2025-08-21 12:25	67.245	67.250	67.150	67.150	5
2025-08-21 12:30	67.140	67.140	67.035	67.075	5
2025-08-21 12:35	67.070	67.075	66.975	67.055	5
2025-08-21 12:40	67.045	67.070	66.990	67.035	5
2025-08-21 12:45	67.030	67.105	67.020	67.100	5
2025-08-21 12:50	67.095	67.105	67.025	67.055	5
2025-08-21 12:55	67.065	67.075	67.005	67.015	5
2025-08-21 13:00	67.005	67.035	66.890	67.035	5
2025-08-21 13:05	67.055	67.090	66.955	66.965	5
2025-08-21 13:10	66.970	66.990	66.855	66.875	5
2025-08-21 13:15	66.880	66.930	66.835	66.895	5
2025-08-21 13:20	66.900	67.000	66.895	66.955	5
2025-08-21 13:25	66.960	67.005	66.895	66.905	5
2025-08-21 13:30	66.895	66.975	66.870	66.885	5
2025-08-21 13:35	66.875	66.925	66.795	66.875	5
2025-08-21 13:40	66.880	66.895	66.725	66.750	5
2025-08-21 13:45	66.723	66.875	66.723	66.775	5
2025-08-21 13:50	66.780	66.820	66.755	66.805	5
2025-08-21 13:55	66.810	66.855	66.765	66.775	5
2025-08-21 14:00	66.770	66.925	66.740	66.890	5
2025-08-21 14:05	66.885	67.015	66.870	66.935	5
2025-08-21 14:10	66.925	67.075	66.895	67.055	5
2025-08-21 14:15	67.065	67.105	67.025	67.090	5
2025-08-21 14:20	67.095	67.240	67.075	67.175	5
2025-08-21 14:25	67.165	67.175	67.073	67.145	5
2025-08-21 14:30	67.150	67.195	67.115	67.145	5
2025-08-21 14:35	67.155	67.180	67.090	67.110	5
2025-08-21 14:40	67.115	67.200	67.095	67.105	5
2025-08-21 14:45	67.110	67.230	67.105	67.215	5
2025-08-21 14:50	67.225	67.260	67.055	67.080	5
2025-08-21 14:55	67.085	67.195	67.085	67.130	5
2025-08-21 15:00	67.125	67.180	67.075	67.145	5
2025-08-21 15:05	67.150	67.200	67.135	67.155	5
2025-08-21 15:10	67.150	67.200	67.135	67.190	5
2025-08-21 15:15	67.200	67.255	67.175	67.215	5
2025-08-21 15:20	67.210	67.255	67.020	67.165	5
2025-08-21 15:25	67.170	67.325	67.130	67.275	5
2025-08-21 15:30	67.270	67.270	67.045	67.060	5
2025-08-21 15:35	67.055	67.230	67.045	67.215	5
2025-08-21 15:40	67.220	67.435	67.205	67.415	5
2025-08-21 15:45	67.410	67.425	67.313	67.405	5
2025-08-21 15:50	67.395	67.475	67.375	67.385	5
2025-08-21 15:55	67.395	67.425	67.365	67.370	5
2025-08-21 16:00	67.375	67.475	67.370	67.430	5
2025-08-21 16:05	67.435	67.445	67.355	67.365	5
2025-08-21 16:10	67.375	67.385	67.265	67.285	5
2025-08-21 16:15	67.290	67.405	67.265	67.375	5
2025-08-21 16:20	67.370	67.380	67.305	67.380	5
2025-08-21 16:25	67.375	67.445	67.365	67.435	5
2025-08-21 16:30	67.430	67.495	67.430	67.475	5
2025-08-21 16:35	67.470	67.490	67.440	67.475	5
2025-08-21 16:40	67.485	67.515	67.450	67.485	5
2025-08-21 16:45	67.500	67.545	67.475	67.540	5
2025-08-21 16:50	67.545	67.645	67.540	67.595	5
2025-08-21 16:55	67.600	67.605	67.555	67.580	5
2025-08-21 17:00	67.585	67.605	67.555	67.605	5
2025-08-21 17:05	67.625	67.655	67.620	67.630	5
2025-08-21 17:10	67.625	67.635	67.480	67.495	5
2025-08-21 17:15	67.500	67.545	67.495	67.530	5
2025-08-21 17:20	67.525	67.575	67.515	67.540	5
2025-08-21 17:25	67.545	67.605	67.515	67.605	5
2025-08-21 17:30	67.615	67.715	67.595	67.675	5
2025-08-21 17:35	67.685	67.705	67.655	67.675	5
2025-08-21 17:40	67.680	67.705	67.665	67.695	5
2025-08-21 17:45	67.685	67.685	67.605	67.620	5
2025-08-21 17:50	67.625	67.625	67.565	67.600	5
2025-08-21 17:55	67.605	67.635	67.600	67.635	5
2025-08-21 18:00	67.625	67.670	67.600	67.655	5
2025-08-21 18:05	67.645	67.675	67.605	67.640	5
2025-08-21 18:10	67.645	67.690	67.625	67.685	5
2025-08-21 18:15	67.680	67.775	67.655	67.730	5
2025-08-21 18:20	67.725	67.725	67.660	67.685	5
2025-08-21 18:25	67.680	67.715	67.625	67.635	5
2025-08-21 18:30	67.625	67.655	67.610	67.625	5
2025-08-21 18:35	67.640	67.645	67.560	67.575	4
2025-08-21 18:40	67.595	67.605	67.565	67.570	5
2025-08-21 18:45	67.580	67.625	67.575	67.605	5
2025-08-21 18:50	67.610	67.615	67.580	67.595	5
2025-08-21 18:55	67.600	67.615	67.585	67.615	5
2025-08-21 19:00	67.620	67.620	67.540	67.545	5
2025-08-21 19:05	67.540	67.540	67.475	67.475	5
2025-08-21 19:10	67.485	67.545	67.475	67.535	5
2025-08-21 19:15	67.530	67.545	67.505	67.535	5
2025-08-21 19:20	67.540	67.575	67.540	67.565	4
2025-08-21 19:25	67.560	67.560	67.525	67.545	4
2025-08-21 19:30	67.540	67.550	67.535	67.545	5
2025-08-21 19:35	67.540	67.555	67.505	67.505	5
2025-08-21 19:40	67.510	67.525	67.505	67.525	5
2025-08-21 19:45	67.520	67.560	67.515	67.560	5
2025-08-21 19:50	67.565	67.570	67.520	67.525	5
2025-08-21 19:55	67.535	67.535	67.500	67.535	4
2025-08-21 20:00	67.512	67.512	67.482	67.487	5
2025-08-21 20:05	67.492	67.502	67.482	67.497	5
2025-08-21 20:10	67.502	67.532	67.497	67.532	5
2025-08-21 20:15	67.522	67.552	67.517	67.532	4
2025-08-21 20:20	67.537	67.542	67.532	67.542	2
2025-08-21 20:25	67.547	67.547	67.523	67.542	2
2025-08-21 20:30	67.547	67.547	67.527	67.532	5
2025-08-21 20:35	67.537	67.562	67.537	67.562	4
2025-08-21 20:40	67.552	67.562	67.542	67.542	4
2025-08-21 20:45	67.552	67.572	67.542	67.552	4
2025-08-21 20:50	67.542	67.557	67.537	67.552	4
2025-08-21 20:55	67.547	67.572	67.542	67.562	5
2025-08-22 00:00	67.547	67.635	67.547	67.630	5
2025-08-22 00:05	67.620	67.630	67.573	67.620	5
2025-08-22 00:10	67.610	67.625	67.548	67.580	5
2025-08-22 00:15	67.590	67.600	67.543	67.590	5
2025-08-22 00:20	67.595	67.640	67.588	67.630	5
2025-08-22 00:25	67.640	67.640	67.610	67.620	5
2025-08-22 00:30	67.625	67.630	67.615	67.615	4
2025-08-22 00:35	67.568	67.630	67.568	67.630	5
2025-08-22 00:40	67.625	67.625	67.605	67.610	4
2025-08-22 00:45	67.605	67.610	67.553	67.600	5
2025-08-22 00:50	67.553	67.615	67.553	67.590	5
2025-08-22 00:55	67.585	67.620	67.543	67.610	5
2025-08-22 01:00	67.615	67.625	67.520	67.525	5
2025-08-22 01:05	67.530	67.560	67.515	67.530	5
2025-08-22 01:10	67.525	67.550	67.485	67.485	5
2025-08-22 01:15	67.490	67.500	67.460	67.480	5
2025-08-22 01:20	67.495	67.495	67.425	67.445	5
2025-08-22 01:25	67.440	67.480	67.435	67.465	5
2025-08-22 01:30	67.470	67.485	67.450	67.485	5
2025-08-22 01:35	67.490	67.495	67.450	67.470	5
2025-08-22 01:40	67.465	67.480	67.435	67.455	5
2025-08-22 01:45	67.460	67.460	67.425	67.440	5
2025-08-22 01:50	67.455	67.475	67.435	67.435	5
2025-08-22 01:55	67.440	67.465	67.425	67.450	5
2025-08-22 02:00	67.455	67.455	67.420	67.445	5
2025-08-22 02:05	67.450	67.485	67.450	67.485	5
2025-08-22 02:10	67.490	67.545	67.485	67.505	5
2025-08-22 02:15	67.510	67.510	67.475	67.510	5
2025-08-22 02:20	67.500	67.505	67.490	67.490	3
2025-08-22 02:25	67.495	67.500	67.480	67.495	4
2025-08-22 02:30	67.500	67.540	67.490	67.505	5
2025-08-22 02:35	67.510	67.535	67.458	67.458	5
2025-08-22 02:40	67.500	67.555	67.500	67.555	5
2025-08-22 02:45	67.545	67.555	67.530	67.540	5
2025-08-22 02:50	67.535	67.550	67.525	67.530	4
2025-08-22 02:55	67.535	67.535	67.500	67.515	5
2025-08-22 03:00	67.520	67.520	67.455	67.460	5
2025-08-22 03:05	67.450	67.530	67.440	67.520	5
2025-08-22 03:10	67.515	67.575	67.510	67.570	5
2025-08-22 03:15	67.580	67.590	67.550	67.560	5
2025-08-22 03:20	67.550	67.560	67.525	67.535	5
2025-08-22 03:25	67.530	67.555	67.520	67.550	5
2025-08-22 03:30	67.560	67.570	67.550	67.550	5
2025-08-22 03:35	67.560	67.560	67.530	67.535	5
2025-08-22 03:40	67.530	67.540	67.520	67.530	4
2025-08-22 03:45	67.535	67.535	67.473	67.525	4
2025-08-22 03:50	67.530	67.530	67.500	67.510	5
2025-08-22 03:55	67.515	67.525	67.453	67.525	5
2025-08-22 04:00	67.530	67.540	67.525	67.525	4
2025-08-22 04:05	67.478	67.530	67.473	67.520	5
2025-08-22 04:10	67.525	67.540	67.515	67.520	5
2025-08-22 04:15	67.525	67.525	67.468	67.468	5
2025-08-22 04:20	67.515	67.555	67.468	67.550	5
2025-08-22 04:25	67.555	67.585	67.530	67.580	5
2025-08-22 04:30	67.575	67.600	67.570	67.595	5
2025-08-22 04:35	67.585	67.615	67.548	67.605	5
2025-08-22 04:40	67.610	67.660	67.598	67.640	4
2025-08-22 04:45	67.645	67.645	67.630	67.645	4
2025-08-22 04:50	67.640	67.655	67.610	67.610	5
2025-08-22 04:55	67.615	67.630	67.573	67.630	5
2025-08-22 05:00	67.625	67.640	67.615	67.640	4
2025-08-22 05:05	67.635	67.635	67.565	67.610	5
2025-08-22 05:10	67.600	67.610	67.548	67.610	5
2025-08-22 05:15	67.630	67.665	67.630	67.640	5
2025-08-22 05:20	67.635	67.640	67.595	67.595	5
2025-08-22 05:25	67.580	67.610	67.565	67.605	5
2025-08-22 05:30	67.610	67.665	67.565	67.665	5
2025-08-22 05:35	67.655	67.670	67.630	67.660	5
2025-08-22 05:40	67.665	67.665	67.635	67.660	5
2025-08-22 05:45	67.655	67.705	67.655	67.695	5
2025-08-22 05:50	67.700	67.710	67.680	67.700	5
2025-08-22 05:55	67.705	67.750	67.690	67.725	5
2025-08-22 06:00	67.730	67.760	67.705	67.755	5
2025-08-22 06:05	67.760	67.765	67.690	67.690	5
2025-08-22 06:10	67.680	67.735	67.680	67.720	5
2025-08-22 06:15	67.725	67.745	67.705	67.740	5
2025-08-22 06:20	67.735	67.765	67.730	67.760	5
2025-08-22 06:25	67.765	67.805	67.760	67.805	5
2025-08-22 06:30	67.810	67.815	67.755	67.760	5
2025-08-22 06:35	67.770	67.785	67.755	67.785	5
2025-08-22 06:40	67.780	67.780	67.715	67.720	5
2025-08-22 06:45	67.725	67.750	67.720	67.730	5
2025-08-22 06:50	67.725	67.790	67.720	67.770	5
2025-08-22 06:55	67.765	67.805	67.745	67.770	5
2025-08-22 07:00	67.765	67.855	67.655	67.705	5
2025-08-22 07:05	67.700	67.705	67.625	67.635	5
2025-08-22 07:10	67.615	67.615	67.530	67.530	5
2025-08-22 07:15	67.515	67.615	67.510	67.615	5
2025-08-22 07:20	67.610	67.685	67.585	67.625	5
2025-08-22 07:25	67.620	67.780	67.620	67.770	5
2025-08-22 07:30	67.760	67.910	67.745	67.875	5
2025-08-22 07:35	67.870	67.915	67.828	67.855	5
2025-08-22 07:40	67.860	67.885	67.820	67.850	5
2025-08-22 07:45	67.845	67.885	67.815	67.820	5
2025-08-22 07:50	67.825	67.825	67.755	67.770	5
2025-08-22 07:55	67.765	67.795	67.705	67.705	5
2025-08-22 08:00	67.715	67.750	67.645	67.690	5
2025-08-22 08:05	67.685	67.775	67.670	67.745	5
2025-08-22 08:10	67.750	67.760	67.715	67.745	5
2025-08-22 08:15	67.735	67.810	67.735	67.740	5
2025-08-22 08:20	67.745	67.745	67.610	67.620	5
2025-08-22 08:25	67.615	67.695	67.595	67.665	5
2025-08-22 08:30	67.675	67.690	67.520	67.565	5
2025-08-22 08:35	67.570	67.575	67.465	67.485	5
2025-08-22 08:40	67.500	67.540	67.455	67.525	5
2025-08-22 08:45	67.520	67.565	67.485	67.555	5
2025-08-22 08:50	67.550	67.575	67.515	67.530	5
2025-08-22 08:55	67.535	67.560	67.525	67.535	5
2025-08-22 09:00	67.525	67.535	67.485	67.485	5
2025-08-22 09:05	67.475	67.520	67.470	67.515	5
2025-08-22 09:10	67.520	67.660	67.505	67.655	5
2025-08-22 09:15	67.665	67.665	67.595	67.640	5
2025-08-22 09:20	67.635	67.675	67.555	67.575	5
2025-08-22 09:25	67.595	67.630	67.570	67.590	5
2025-08-22 09:30	67.600	67.605	67.580	67.585	5
2025-08-22 09:35	67.595	67.605	67.555	67.555	5
2025-08-22 09:40	67.545	67.550	67.425	67.455	5
2025-08-22 09:45	67.450	67.470	67.430	67.465	5
2025-08-22 09:50	67.460	67.490	67.435	67.485	5
2025-08-22 09:55	67.490	67.500	67.465	67.480	5
2025-08-22 10:00	67.475	67.495	67.470	67.475	5
2025-08-22 10:05	67.470	67.475	67.395	67.455	5
2025-08-22 10:10	67.460	67.510	67.460	67.475	4
2025-08-22 10:15	67.480	67.515	67.450	67.470	5
2025-08-22 10:20	67.465	67.475	67.440	67.475	5
2025-08-22 10:25	67.500	67.600	67.500	67.595	5
2025-08-22 10:30	67.585	67.585	67.515	67.520	5
2025-08-22 10:35	67.525	67.555	67.500	67.535	5
2025-08-22 10:40	67.530	67.575	67.525	67.540	5
2025-08-22 10:45	67.535	67.545	67.495	67.525	4
2025-08-22 10:50	67.535	67.655	67.525	67.645	5
2025-08-22 10:55	67.630	67.635	67.580	67.625	5
2025-08-22 11:00	67.630	67.660	67.600	67.635	5
2025-08-22 11:05	67.645	67.805	67.625	67.785	5
2025-08-22 11:10	67.795	67.815	67.775	67.795	5
2025-08-22 11:15	67.800	67.825	67.775	67.820	5
2025-08-22 11:20	67.815	67.885	67.810	67.885	5
2025-08-22 11:25	67.895	67.905	67.855	67.870	5
2025-08-22 11:30	67.865	67.865	67.710	67.775	5
2025-08-22 11:35	67.780	67.800	67.715	67.735	5
2025-08-22 11:40	67.740	67.785	67.705	67.715	5
2025-08-22 11:45	67.705	67.750	67.695	67.725	5
2025-08-22 11:50	67.730	67.765	67.730	67.755	5
2025-08-22 11:55	67.750	67.760	67.705	67.730	5
2025-08-22 12:00	67.725	67.770	67.710	67.730	5
2025-08-22 12:05	67.725	67.745	67.670	67.685	5
2025-08-22 12:10	67.665	67.725	67.625	67.685	5
2025-08-22 12:15	67.695	67.710	67.625	67.635	5
2025-08-22 12:20	67.645	67.680	67.625	67.650	5
2025-08-22 12:25	67.645	67.695	67.640	67.645	5
2025-08-22 12:30	67.665	67.720	67.665	67.700	5
2025-08-22 12:35	67.705	67.720	67.645	67.685	5
2025-08-22 12:40	67.695	67.705	67.650	67.695	5
2025-08-22 12:45	67.700	67.745	67.695	67.745	5
2025-08-22 12:50	67.735	67.755	67.695	67.705	5
2025-08-22 12:55	67.710	67.785	67.705	67.720	5
2025-08-22 13:00	67.715	67.740	67.575	67.645	5
2025-08-22 13:05	67.640	67.715	67.620	67.655	5
2025-08-22 13:10	67.660	67.755	67.630	67.645	5
2025-08-22 13:15	67.640	67.675	67.605	67.625	5
2025-08-22 13:20	67.630	67.670	67.575	67.600	5
2025-08-22 13:25	67.595	67.610	67.560	67.590	5
2025-08-22 13:30	67.585	67.740	67.570	67.690	5
2025-08-22 13:35	67.695	67.720	67.625	67.655	5
2025-08-22 13:40	67.660	67.760	67.620	67.735	5
2025-08-22 13:45	67.745	67.825	67.735	67.785	5
2025-08-22 13:50	67.795	67.835	67.760	67.765	5
2025-08-22 13:55	67.775	67.780	67.710	67.710	5
2025-08-22 14:00	67.668	67.970	67.588	67.915	5
2025-08-22 14:05	67.910	67.935	67.818	67.910	5
2025-08-22 14:10	67.915	67.935	67.815	67.910	5
2025-08-22 14:15	67.915	67.965	67.828	67.840	5
2025-08-22 14:20	67.850	67.865	67.700	67.750	5
2025-08-22 14:25	67.740	67.815	67.715	67.805	5
2025-08-22 14:30	67.810	67.905	67.800	67.830	5
2025-08-22 14:35	67.825	67.940	67.825	67.930	5
2025-08-22 14:40	67.935	67.955	67.865	67.865	5
2025-08-22 14:45	67.860	67.870	67.623	67.755	5
2025-08-22 14:50	67.740	67.845	67.705	67.840	5
2025-08-22 14:55	67.845	67.865	67.770	67.775	5
2025-08-22 15:00	67.785	67.885	67.610	67.665	5
2025-08-22 15:05	67.660	67.745	67.660	67.710	5
2025-08-22 15:10	67.715	67.765	67.510	67.545	5
2025-08-22 15:15	67.550	67.680	67.550	67.680	5
2025-08-22 15:20	67.675	67.680	67.575	67.650	5
2025-08-22 15:25	67.655	67.710	67.575	67.705	5
2025-08-22 15:30	67.710	67.715	67.533	67.605	5
2025-08-22 15:35	67.595	67.595	67.475	67.515	5
2025-08-22 15:40	67.505	67.540	67.455	67.475	5
2025-08-22 15:45	67.485	67.525	67.455	67.495	5
2025-08-22 15:50	67.505	67.575	67.505	67.575	5
2025-08-22 15:55	67.580	67.715	67.580	67.675	5
2025-08-22 16:00	67.670	67.690	67.585	67.680	5
2025-08-22 16:05	67.675	67.680	67.570	67.625	5
2025-08-22 16:10	67.620	67.695	67.515	67.515	5
2025-08-22 16:15	67.520	67.625	67.495	67.615	5
2025-08-22 16:20	67.610	67.610	67.470	67.535	5
2025-08-22 16:25	67.545	67.630	67.525	67.565	5
2025-08-22 16:30	67.550	67.640	67.545	67.625	5
2025-08-22 16:35	67.620	67.735	67.620	67.670	5
2025-08-22 16:40	67.665	67.695	67.633	67.670	5
2025-08-22 16:45	67.675	67.675	67.645	67.655	5
2025-08-22 16:50	67.660	67.725	67.660	67.725	5
2025-08-22 16:55	67.720	67.725	67.635	67.645	5
2025-08-22 17:00	67.670	67.675	67.600	67.655	5
2025-08-22 17:05	67.660	67.725	67.655	67.695	5
2025-08-22 17:10	67.685	67.725	67.670	67.725	5
2025-08-22 17:15	67.720	67.720	67.620	67.635	5
2025-08-22 17:20	67.625	67.660	67.585	67.660	5
2025-08-22 17:25	67.665	67.685	67.615	67.635	5
2025-08-22 17:30	67.625	67.710	67.625	67.645	5
2025-08-22 17:35	67.640	67.700	67.625	67.680	5
2025-08-22 17:40	67.638	67.825	67.638	67.765	5
2025-08-22 17:45	67.770	67.840	67.710	67.745	5
2025-08-22 17:50	67.735	67.765	67.705	67.755	5
2025-08-22 17:55	67.740	67.780	67.690	67.695	5
2025-08-22 18:00	67.705	67.765	67.675	67.750	5
2025-08-22 18:05	67.745	67.765	67.725	67.755	5
2025-08-22 18:10	67.750	67.825	67.715	67.825	5
2025-08-22 18:15	67.815	67.825	67.775	67.785	5
2025-08-22 18:20	67.790	67.815	67.785	67.800	5
2025-08-22 18:25	67.790	67.835	67.665	67.715	5
2025-08-22 18:30	67.720	67.735	67.685	67.725	5
2025-08-22 18:35	67.720	67.810	67.720	67.795	5
2025-08-22 18:40	67.790	67.805	67.780	67.790	5
2025-08-22 18:45	67.800	67.825	67.800	67.825	5
2025-08-22 18:50	67.820	67.825	67.795	67.815	4
2025-08-22 18:55	67.820	67.825	67.810	67.815	4
2025-08-22 19:00	67.805	67.825	67.790	67.825	5
2025-08-22 19:05	67.840	67.840	67.805	67.815	5
2025-08-22 19:10	67.810	67.835	67.795	67.825	5
2025-08-22 19:15	67.820	67.825	67.795	67.820	5
2025-08-22 19:20	67.815	67.835	67.810	67.815	5
2025-08-22 19:25	67.820	67.865	67.820	67.865	5
2025-08-22 19:30	67.860	67.860	67.805	67.810	5
2025-08-22 19:35	67.805	67.825	67.805	67.825	5
2025-08-22 19:40	67.820	67.835	67.810	67.830	4
2025-08-22 19:45	67.825	67.835	67.810	67.830	4
2025-08-22 19:50	67.825	67.845	67.805	67.825	5
2025-08-22 19:55	67.815	67.835	67.805	67.830	4
2025-08-22 20:00	67.807	67.817	67.792	67.797	5
2025-08-22 20:05	67.792	67.807	67.792	67.802	5
2025-08-22 20:10	67.787	67.807	67.777	67.792	4
2025-08-22 20:15	67.787	67.797	67.773	67.792	5
2025-08-22 20:20	67.773	67.802	67.773	67.797	4
2025-08-22 20:25	67.802	67.802	67.767	67.787	5
2025-08-22 20:30	67.772	67.802	67.738	67.802	5
2025-08-22 20:35	67.797	67.812	67.773	67.787	4
2025-08-22 20:40	67.782	67.787	67.767	67.772	4
2025-08-22 20:45	67.777	67.812	67.772	67.802	5
2025-08-22 20:50	67.792	67.792	67.747	67.762	5
2025-08-22 20:55	67.738	67.777	67.738	67.772	5
2025-08-25 00:00	67.742	67.800	67.742	67.780	5
2025-08-25 00:05	67.775	67.790	67.765	67.780	5
2025-08-25 00:10	67.770	67.780	67.728	67.728	5
2025-08-25 00:15	67.770	67.775	67.760	67.770	5
2025-08-25 00:20	67.765	67.775	67.750	67.760	4
2025-08-25 00:25	67.770	67.775	67.760	67.770	4
2025-08-25 00:30	67.775	67.780	67.755	67.755	5
2025-08-25 00:35	67.760	67.770	67.723	67.770	5
2025-08-25 00:40	67.775	67.775	67.723	67.770	3
2025-08-25 00:45	67.760	67.775	67.723	67.770	5
2025-08-25 00:50	67.780	67.830	67.780	67.830	5
2025-08-25 00:55	67.825	67.830	67.810	67.830	5
2025-08-25 01:00	67.835	67.835	67.745	67.760	5
2025-08-25 01:05	67.750	67.760	67.715	67.740	5
2025-08-25 01:10	67.750	67.785	67.750	67.770	5
2025-08-25 01:15	67.775	67.780	67.740	67.750	5
2025-08-25 01:20	67.755	67.785	67.745	67.785	5
2025-08-25 01:25	67.780	67.785	67.755	67.765	5
2025-08-25 01:30	67.770	67.770	67.650	67.660	5
2025-08-25 01:35	67.655	67.660	67.545	67.570	5
2025-08-25 01:40	67.560	67.660	67.560	67.650	5
2025-08-25 01:45	67.640	67.700	67.640	67.660	5
2025-08-25 01:50	67.655	67.655	67.620	67.645	5
2025-08-25 01:55	67.598	67.665	67.598	67.650	5
2025-08-25 02:00	67.655	67.700	67.650	67.690	5
2025-08-25 02:05	67.685	67.720	67.650	67.710	5
2025-08-25 02:10	67.715	67.800	67.700	67.790	5
2025-08-25 02:15	67.800	67.830	67.795	67.805	5
2025-08-25 02:20	67.795	67.810	67.748	67.810	5
2025-08-25 02:25	67.815	67.870	67.788	67.850	4
2025-08-25 02:30	67.855	67.890	67.810	67.820	5
2025-08-25 02:35	67.815	67.855	67.805	67.835	5
2025-08-25 02:40	67.830	67.860	67.820	67.820	5
2025-08-25 02:45	67.825	67.845	67.775	67.780	5
2025-08-25 02:50	67.785	67.800	67.700	67.710	5
2025-08-25 02:55	67.715	67.740	67.700	67.740	5
2025-08-25 03:00	67.735	67.745	67.668	67.710	5
2025-08-25 03:05	67.715	67.770	67.695	67.760	5
2025-08-25 03:10	67.770	67.785	67.705	67.760	5
2025-08-25 03:15	67.755	67.780	67.735	67.760	5
2025-08-25 03:20	67.765	67.770	67.750	67.760	5
2025-08-25 03:25	67.755	67.780	67.730	67.765	5
2025-08-25 03:30	67.755	67.760	67.698	67.735	5
2025-08-25 03:35	67.740	67.760	67.703	67.760	3
2025-08-25 03:40	67.755	67.780	67.755	67.770	2
2025-08-25 03:45	67.765	67.770	67.718	67.718	3
2025-08-25 03:50	67.770	67.810	67.770	67.790	3
2025-08-25 03:55	67.795	67.815	67.748	67.810	4
2025-08-25 04:00	67.763	67.840	67.763	67.778	2
2025-08-25 04:05	67.820	67.820	67.768	67.768	3
2025-08-25 04:10	67.840	67.845	67.835	67.840	2
2025-08-25 04:15	67.793	67.860	67.793	67.850	4
2025-08-25 04:20	67.845	67.860	67.803	67.840	4
2025-08-25 04:25	67.835	67.850	67.788	67.840	4
2025-08-25 04:30	67.793	67.840	67.793	67.825	5
2025-08-25 04:35	67.820	67.840	67.788	67.788	5
2025-08-25 04:40	67.820	67.820	67.770	67.780	5
2025-08-25 04:45	67.770	67.795	67.770	67.785	5
2025-08-25 04:50	67.780	67.805	67.780	67.800	4
2025-08-25 04:55	67.790	67.795	67.728	67.728	3
2025-08-25 05:00	67.775	67.795	67.748	67.795	5
2025-08-25 05:05	67.790	67.790	67.723	67.770	4
2025-08-25 05:10	67.775	67.805	67.740	67.740	5
2025-08-25 05:15	67.735	67.740	67.715	67.720	5
2025-08-25 05:20	67.730	67.740	67.730	67.740	5
2025-08-25 05:25	67.735	67.735	67.695	67.700	4
2025-08-25 05:30	67.695	67.705	67.675	67.685	5
2025-08-25 05:35	67.695	67.730	67.690	67.720	5
2025-08-25 05:40	67.715	67.765	67.710	67.755	5
2025-08-25 05:45	67.765	67.775	67.760	67.770	5
2025-08-25 05:50	67.765	67.780	67.725	67.780	5
2025-08-25 05:55	67.785	67.895	67.775	67.885	5
2025-08-25 06:00	67.890	67.960	67.865	67.885	5
2025-08-25 06:05	67.900	67.915	67.875	67.895	5
2025-08-25 06:10	67.890	67.895	67.860	67.875	5
2025-08-25 06:15	67.890	67.890	67.865	67.875	5
2025-08-25 06:20	67.870	67.890	67.865	67.885	5
2025-08-25 06:25	67.895	67.915	67.880	67.915	5
2025-08-25 06:30	67.910	67.925	67.880	67.880	5
2025-08-25 06:35	67.890	67.925	67.860	67.865	5
2025-08-25 06:40	67.870	67.875	67.770	67.770	5
2025-08-25 06:45	67.775	67.840	67.700	67.835	5
2025-08-25 06:50	67.830	67.895	67.820	67.865	5
2025-08-25 06:55	67.850	67.855	67.808	67.820	5
2025-08-25 07:00	67.815	67.830	67.705	67.740	5
2025-08-25 07:05	67.730	67.765	67.725	67.755	5
2025-08-25 07:10	67.750	67.790	67.730	67.740	5
2025-08-25 07:15	67.735	67.740	67.665	67.690	5
2025-08-25 07:20	67.685	67.685	67.645	67.675	5
2025-08-25 07:25	67.665	67.750	67.665	67.745	5
2025-08-25 07:30	67.750	67.810	67.745	67.760	5
2025-08-25 07:35	67.755	67.755	67.705	67.745	5
2025-08-25 07:40	67.750	67.815	67.740	67.815	4
2025-08-25 07:45	67.810	67.880	67.805	67.870	5
2025-08-25 07:50	67.865	67.895	67.830	67.865	5
2025-08-25 07:55	67.845	67.845	67.785	67.795	5
2025-08-25 08:00	67.800	67.825	67.780	67.810	5
2025-08-25 08:05	67.800	67.895	67.790	67.865	5
2025-08-25 08:10	67.850	67.890	67.835	67.860	5
2025-08-25 08:15	67.865	67.955	67.855	67.945	5
2025-08-25 08:20	67.935	67.945	67.885	67.915	5
2025-08-25 08:25	67.910	67.945	67.875	67.905	5
2025-08-25 08:30	67.915	67.955	67.875	67.920	5
2025-08-25 08:35	67.925	68.010	67.915	68.005	5
2025-08-25 08:40	68.000	68.010	67.945	67.955	5
2025-08-25 08:45	67.950	67.950	67.890	67.925	5
2025-08-25 08:50	67.920	67.920	67.865	67.915	5
2025-08-25 08:55	67.905	67.975	67.900	67.960	5
2025-08-25 09:00	67.965	67.965	67.855	67.865	5
2025-08-25 09:05	67.870	67.875	67.825	67.865	5
2025-08-25 09:10	67.875	67.900	67.875	67.890	5
2025-08-25 09:15	67.885	67.885	67.815	67.875	5
2025-08-25 09:20	67.865	67.880	67.855	67.880	5
2025-08-25 09:25	67.875	67.960	67.875	67.950	5
2025-08-25 09:30	67.955	67.975	67.895	67.940	4
2025-08-25 09:35	67.945	67.960	67.935	67.960	5
2025-08-25 09:40	67.955	67.985	67.935	67.935	5
2025-08-25 09:45	67.940	67.945	67.935	67.935	3
2025-08-25 09:50	67.905	67.920	67.880	67.905	5
2025-08-25 09:55	67.910	67.975	67.910	67.960	5
2025-08-25 10:00	67.970	68.000	67.955	67.995	5
2025-08-25 10:05	68.000	68.120	67.985	68.115	5
2025-08-25 10:10	68.110	68.185	68.105	68.145	5
2025-08-25 10:15	68.125	68.155	68.070	68.075	5
2025-08-25 10:20	68.085	68.120	68.085	68.085	5
2025-08-25 10:25	68.100	68.110	68.035	68.075	5
2025-08-25 10:30	68.080	68.140	68.080	68.130	5
2025-08-25 10:35	68.135	68.195	68.135	68.175	5
2025-08-25 10:40	68.170	68.175	68.125	68.130	5
2025-08-25 10:45	68.135	68.135	68.090	68.110	5
2025-08-25 10:50	68.120	68.135	68.080	68.080	5
2025-08-25 10:55	68.085	68.095	68.055	68.090	3
2025-08-25 11:00	68.075	68.150	68.070	68.130	5
2025-08-25 11:05	68.125	68.145	68.125	68.135	4
2025-08-25 11:10	68.140	68.195	68.140	68.175	5
2025-08-25 11:15	68.180	68.195	68.165	68.165	5
2025-08-25 11:20	68.160	68.185	68.145	68.185	2
2025-08-25 11:25	68.195	68.215	68.145	68.180	5
2025-08-25 11:30	68.185	68.200	68.125	68.150	5
2025-08-25 11:35	68.145	68.180	68.135	68.140	5
2025-08-25 11:40	68.145	68.175	68.135	68.145	5
2025-08-25 11:45	68.150	68.155	68.120	68.125	5
2025-08-25 11:50	68.120	68.140	68.090	68.115	5
2025-08-25 11:55	68.110	68.120	68.105	68.105	5
2025-08-25 12:00	68.095	68.125	68.095	68.125	4
2025-08-25 12:05	68.135	68.140	68.115	68.135	5
2025-08-25 12:10	68.125	68.140	68.100	68.135	5
2025-08-25 12:15	68.125	68.135	68.095	68.115	5
2025-08-25 12:20	68.105	68.110	68.020	68.030	5
2025-08-25 12:25	68.025	68.075	68.020	68.055	5
2025-08-25 12:30	68.040	68.065	68.035	68.065	4
2025-08-25 12:35	68.070	68.135	68.060	68.065	5
2025-08-25 12:40	68.070	68.135	68.065	68.130	5
2025-08-25 12:45	68.125	68.125	68.040	68.075	4
2025-08-25 12:50	68.065	68.095	68.060	68.075	5
2025-08-25 12:55	68.080	68.095	68.050	68.055	5
2025-08-25 13:00	68.060	68.125	67.975	68.110	5
2025-08-25 13:05	68.105	68.125	68.020	68.075	5
2025-08-25 13:10	68.070	68.125	68.060	68.115	5
2025-08-25 13:15	68.110	68.205	68.100	68.195	5
2025-08-25 13:20	68.215	68.305	68.205	68.255	5
2025-08-25 13:25	68.260	68.315	68.250	68.300	5
2025-08-25 13:30	68.305	68.435	68.280	68.405	5
2025-08-25 13:35	68.395	68.415	68.345	68.360	5
2025-08-25 13:40	68.365	68.680	68.355	68.620	5
2025-08-25 13:45	68.625	68.655	68.565	68.645	5
2025-08-25 13:50	68.620	68.650	68.570	68.640	5
2025-08-25 13:55	68.630	68.635	68.465	68.470	5
2025-08-25 14:00	68.475	68.510	68.455	68.485	5
2025-08-25 14:05	68.475	68.565	68.475	68.540	5
2025-08-25 14:10	68.525	68.525	68.495	68.515	5
2025-08-25 14:15	68.525	68.525	68.480	68.485	5
2025-08-25 14:20	68.490	68.555	68.475	68.530	5
2025-08-25 14:25	68.535	68.595	68.525	68.590	5
2025-08-25 14:30	68.595	68.655	68.575	68.625	5
2025-08-25 14:35	68.620	68.625	68.575	68.610	5
2025-08-25 14:40	68.615	68.660	68.605	68.625	5
2025-08-25 14:45	68.630	68.660	68.625	68.625	5
2025-08-25 14:50	68.635	68.670	68.605	68.605	5
2025-08-25 14:55	68.615	68.625	68.550	68.620	5
2025-08-25 15:00	68.625	68.705	68.625	68.690	5
2025-08-25 15:05	68.695	68.705	68.635	68.670	5
2025-08-25 15:10	68.665	68.675	68.635	68.645	5
2025-08-25 15:15	68.650	68.735	68.645	68.690	5
2025-08-25 15:20	68.695	68.705	68.615	68.625	5
2025-08-25 15:25	68.630	68.675	68.615	68.660	5
2025-08-25 15:30	68.655	68.745	68.640	68.745	5
2025-08-25 15:35	68.750	68.925	68.745	68.905	5
2025-08-25 15:40	68.890	68.910	68.875	68.905	5
2025-08-25 15:45	68.895	68.905	68.875	68.890	5
2025-08-25 15:50	68.895	68.935	68.860	68.895	5
2025-08-25 15:55	68.900	68.925	68.870	68.895	5
2025-08-25 16:00	68.900	68.930	68.875	68.910	5
2025-08-25 16:05	68.890	68.890	68.825	68.855	5
2025-08-25 16:10	68.870	68.885	68.855	68.885	5
2025-08-25 16:15	68.905	68.915	68.840	68.845	5
2025-08-25 16:20	68.850	68.900	68.845	68.890	5
2025-08-25 16:25	68.895	68.910	68.885	68.900	4
2025-08-25 16:30	68.905	69.025	68.905	68.970	5
2025-08-25 16:35	68.965	69.010	68.960	69.005	5
2025-08-25 16:40	69.000	69.020	68.955	68.995	5
2025-08-25 16:45	69.000	69.025	68.985	69.015	5
2025-08-25 16:50	69.005	69.025	69.005	69.015	4
2025-08-25 16:55	69.020	69.040	68.985	68.995	5
2025-08-25 17:00	69.000	69.010	68.940	68.965	5
2025-08-25 17:05	68.975	68.975	68.905	68.925	5
2025-08-25 17:10	68.915	68.965	68.905	68.935	5
2025-08-25 17:15	68.940	68.965	68.915	68.925	5
2025-08-25 17:20	68.910	68.915	68.855	68.910	5
2025-08-25 17:25	68.915	68.955	68.915	68.955	5
2025-08-25 17:30	68.950	68.975	68.925	68.950	5
2025-08-25 17:35	68.945	68.975	68.900	68.905	5
2025-08-25 17:40	68.915	68.930	68.895	68.930	5
2025-08-25 17:45	68.925	68.950	68.895	68.895	5
2025-08-25 17:50	68.885	68.940	68.885	68.940	5
2025-08-25 17:55	68.935	68.945	68.905	68.925	4
2025-08-25 18:00	68.930	68.945	68.870	68.895	5
2025-08-25 18:05	68.875	68.880	68.735	68.770	5
2025-08-25 18:10	68.775	68.815	68.760	68.800	5
2025-08-25 18:15	68.795	68.865	68.780	68.845	5
2025-08-25 18:20	68.830	68.855	68.810	68.850	5
2025-08-25 18:25	68.845	68.845	68.700	68.775	5
2025-08-25 18:30	68.785	68.790	68.705	68.755	5
2025-08-25 18:35	68.770	68.855	68.755	68.825	5
2025-08-25 18:40	68.830	68.830	68.745	68.770	5
2025-08-25 18:45	68.765	68.795	68.745	68.780	5
2025-08-25 18:50	68.785	68.785	68.735	68.740	5
2025-08-25 18:55	68.735	68.745	68.715	68.740	4
2025-08-25 19:00	68.735	68.750	68.715	68.740	5
2025-08-25 19:05	68.735	68.755	68.680	68.685	5
2025-08-25 19:10	68.695	68.695	68.650	68.665	4
2025-08-25 19:15	68.660	68.665	68.655	68.660	4
2025-08-25 19:20	68.665	68.700	68.660	68.685	3
2025-08-25 19:25	68.680	68.685	68.660	68.665	5
2025-08-25 19:30	68.670	68.680	68.645	68.645	5
2025-08-25 19:35	68.650	68.675	68.645	68.670	5
2025-08-25 19:40	68.665	68.705	68.650	68.705	5
2025-08-25 19:45	68.700	68.700	68.665	68.695	5
2025-08-25 19:50	68.705	68.765	68.700	68.760	5
2025-08-25 19:55	68.765	68.780	68.750	68.770	5
2025-08-25 20:00	68.765	68.765	68.727	68.752	5
2025-08-25 20:05	68.747	68.757	68.742	68.742	5
2025-08-25 20:10	68.742	68.742	68.712	68.712	5
2025-08-25 20:15	68.707	68.707	68.687	68.702	4
2025-08-25 20:20	68.697	68.702	68.682	68.682	5
2025-08-25 20:25	68.687	68.707	68.682	68.702	5
2025-08-25 20:30	68.707	68.727	68.707	68.717	3
2025-08-25 20:35	68.707	68.717	68.707	68.717	3
2025-08-25 20:40	68.722	68.722	68.717	68.717	5
2025-08-25 20:45	68.712	68.752	68.712	68.752	4
2025-08-25 20:50	68.757	68.757	68.722	68.722	3
2025-08-25 20:55	68.712	68.727	68.702	68.717	4
2025-08-26 00:00	68.692	68.715	68.610	68.630	5
2025-08-26 00:05	68.635	68.665	68.605	68.610	5
2025-08-26 00:10	68.615	68.630	68.605	68.625	4
2025-08-26 00:15	68.620	68.625	68.585	68.590	5
2025-08-26 00:20	68.580	68.585	68.545	68.575	5
2025-08-26 00:25	68.570	68.570	68.510	68.520	5
2025-08-26 00:30	68.525	68.545	68.505	68.525	5
2025-08-26 00:35	68.520	68.525	68.505	68.505	5
2025-08-26 00:40	68.485	68.500	68.415	68.425	5
2025-08-26 00:45	68.420	68.445	68.415	68.415	5
2025-08-26 00:50	68.420	68.425	68.375	68.375	5
2025-08-26 00:55	68.400	68.445	68.385	68.415	5
2025-08-26 01:00	68.420	68.465	68.395	68.420	5
2025-08-26 01:05	68.425	68.455	68.420	68.440	5
2025-08-26 01:10	68.430	68.460	68.420	68.460	5
2025-08-26 01:15	68.465	68.480	68.450	68.460	5
2025-08-26 01:20	68.450	68.470	68.415	68.425	5
2025-08-26 01:25	68.440	68.455	68.430	68.450	5
2025-08-26 01:30	68.440	68.450	68.415	68.445	5
2025-08-26 01:35	68.450	68.460	68.425	68.430	5
2025-08-26 01:40	68.435	68.450	68.430	68.450	4
2025-08-26 01:45	68.440	68.470	68.440	68.470	5
2025-08-26 01:50	68.480	68.480	68.445	68.470	4
2025-08-26 01:55	68.480	68.500	68.450	68.450	5
2025-08-26 02:00	68.455	68.510	68.450	68.490	5
2025-08-26 02:05	68.480	68.490	68.445	68.470	4
2025-08-26 02:10	68.465	68.470	68.420	68.450	5
2025-08-26 02:15	68.445	68.455	68.425	68.450	5
2025-08-26 02:20	68.445	68.470	68.440	68.460	4
2025-08-26 02:25	68.455	68.465	68.430	68.450	4
2025-08-26 02:30	68.445	68.525	68.440	68.520	5
2025-08-26 02:35	68.510	68.535	68.495	68.520	5
2025-08-26 02:40	68.515	68.570	68.510	68.550	5
2025-08-26 02:45	68.545	68.560	68.525	68.540	4
2025-08-26 02:50	68.545	68.555	68.515	68.525	5
2025-08-26 02:55	68.530	68.540	68.515	68.520	5
2025-08-26 03:00	68.525	68.530	68.460	68.470	5
2025-08-26 03:05	68.480	68.480	68.440	68.455	5
2025-08-26 03:10	68.450	68.500	68.450	68.500	5
2025-08-26 03:15	68.495	68.500	68.470	68.470	5
2025-08-26 03:20	68.475	68.490	68.460	68.490	5
2025-08-26 03:25	68.480	68.490	68.465	68.480	5
2025-08-26 03:30	68.470	68.490	68.460	68.465	5
2025-08-26 03:35	68.470	68.480	68.465	68.480	3
2025-08-26 03:40	68.495	68.515	68.495	68.500	2
2025-08-26 03:45	68.505	68.505	68.495	68.495	2
2025-08-26 03:50	68.500	68.500	68.495	68.500	3
2025-08-26 03:55	68.495	68.515	68.495	68.500	5
2025-08-26 04:00	68.495	68.500	68.460	68.470	3
2025-08-26 04:05	68.475	68.490	68.475	68.480	3
2025-08-26 04:10	68.490	68.500	68.485	68.485	5
2025-08-26 04:15	68.480	68.490	68.480	68.490	3
2025-08-26 04:20	68.500	68.510	68.485	68.490	4
2025-08-26 04:25	68.480	68.480	68.470	68.480	5
2025-08-26 04:30	68.480	68.480	68.460	68.470	4
2025-08-26 04:35	68.480	68.480	68.460	68.460	4
2025-08-26 04:40	68.455	68.475	68.450	68.450	5
2025-08-26 04:45	68.455	68.475	68.455	68.470	3
2025-08-26 04:50	68.475	68.475	68.460	68.460	3
2025-08-26 04:55	68.460	68.470	68.450	68.455	3
2025-08-26 05:00	68.450	68.485	68.430	68.480	5
2025-08-26 05:05	68.470	68.480	68.465	68.465	4
2025-08-26 05:10	68.475	68.485	68.465	68.465	4
2025-08-26 05:15	68.475	68.485	68.470	68.470	5
2025-08-26 05:20	68.480	68.510	68.480	68.500	5
2025-08-26 05:25	68.500	68.500	68.470	68.470	5
2025-08-26 05:30	68.440	68.465	68.420	68.460	5
2025-08-26 05:35	68.465	68.480	68.450	68.460	5
2025-08-26 05:40	68.450	68.470	68.440	68.455	5
2025-08-26 05:45	68.450	68.460	68.435	68.445	5
2025-08-26 05:50	68.435	68.465	68.420	68.420	5
2025-08-26 05:55	68.425	68.445	68.425	68.445	5
2025-08-26 06:00	68.450	68.510	68.415	68.510	5
2025-08-26 06:05	68.530	68.530	68.435	68.440	5
2025-08-26 06:10	68.450	68.490	68.425	68.425	5
2025-08-26 06:15	68.435	68.440	68.355	68.355	4
2025-08-26 06:20	68.370	68.415	68.370	68.400	5
2025-08-26 06:25	68.405	68.440	68.395	68.440	5
2025-08-26 06:30	68.435	68.450	68.385	68.415	5
2025-08-26 06:35	68.400	68.400	68.315	68.330	5
2025-08-26 06:40	68.335	68.380	68.330	68.360	5
2025-08-26 06:45	68.355	68.405	68.340	68.380	5
2025-08-26 06:50	68.385	68.410	68.375	68.395	5
2025-08-26 06:55	68.390	68.440	68.390	68.425	5
2025-08-26 07:00	68.420	68.475	68.330	68.350	5
2025-08-26 07:05	68.345	68.375	68.285	68.305	5
2025-08-26 07:10	68.310	68.315	68.270	68.295	5
2025-08-26 07:15	68.300	68.315	68.260	68.265	5
2025-08-26 07:20	68.260	68.360	68.245	68.315	5
2025-08-26 07:25	68.310	68.355	68.300	68.350	5
2025-08-26 07:30	68.340	68.365	68.305	68.360	5
2025-08-26 07:35	68.355	68.375	68.305	68.365	5
2025-08-26 07:40	68.370	68.380	68.345	68.375	5
2025-08-26 07:45	68.365	68.370	68.300	68.300	5
2025-08-26 07:50	68.295	68.300	68.245	68.270	5
2025-08-26 07:55	68.265	68.270	68.185	68.195	5
2025-08-26 08:00	68.210	68.265	68.040	68.255	5
2025-08-26 08:05	68.270	68.280	68.240	68.260	5
2025-08-26 08:10	68.265	68.285	68.205	68.220	5
2025-08-26 08:15	68.225	68.265	68.205	68.235	5
2025-08-26 08:20	68.240	68.360	68.225	68.345	5
2025-08-26 08:25	68.340	68.340	68.215	68.245	5
2025-08-26 08:30	68.240	68.290	68.180	68.205	5
2025-08-26 08:35	68.215	68.215	68.095	68.095	5
2025-08-26 08:40	68.085	68.135	68.085	68.130	5
2025-08-26 08:45	68.135	68.145	68.100	68.115	5
2025-08-26 08:50	68.110	68.115	68.055	68.075	5
2025-08-26 08:55	68.065	68.080	68.025	68.065	5
2025-08-26 09:00	68.060	68.060	67.985	67.985	5
2025-08-26 09:05	67.995	68.020	67.910	68.010	5
2025-08-26 09:10	68.015	68.055	67.995	68.035	5
2025-08-26 09:15	68.030	68.105	68.030	68.070	5
2025-08-26 09:20	68.060	68.070	68.005	68.005	5
2025-08-26 09:25	68.010	68.050	67.995	68.020	5
2025-08-26 09:30	68.015	68.020	67.925	67.925	5
2025-08-26 09:35	67.915	67.925	67.705	67.715	5
2025-08-26 09:40	67.725	67.775	67.695	67.765	5
2025-08-26 09:45	67.760	67.780	67.735	67.745	5
2025-08-26 09:50	67.740	67.790	67.735	67.745	5
2025-08-26 09:55	67.750	67.755	67.735	67.750	5
2025-08-26 10:00	67.750	67.765	67.750	67.760	5
2025-08-26 10:05	67.750	67.795	67.675	67.690	5
2025-08-26 10:10	67.695	67.725	67.690	67.710	5
2025-08-26 10:15	67.715	67.765	67.710	67.760	5
2025-08-26 10:20	67.755	67.795	67.735	67.765	5
2025-08-26 10:25	67.755	67.770	67.735	67.750	5
2025-08-26 10:30	67.745	67.755	67.715	67.755	5
2025-08-26 10:35	67.760	67.760	67.715	67.715	5
2025-08-26 10:40	67.700	67.705	67.635	67.645	5
2025-08-26 10:45	67.640	67.685	67.625	67.645	5
2025-08-26 10:50	67.640	67.710	67.625	67.675	5
2025-08-26 10:55	67.680	67.685	67.625	67.650	5
2025-08-26 11:00	67.660	67.695	67.620	67.680	5
2025-08-26 11:05	67.685	67.715	67.665	67.665	5
2025-08-26 11:10	67.660	67.750	67.660	67.745	5
2025-08-26 11:15	67.765	67.815	67.735	67.785	5
2025-08-26 11:20	67.775	67.790	67.755	67.785	5
2025-08-26 11:25	67.780	67.785	67.745	67.765	5
2025-08-26 11:30	67.760	67.800	67.745	67.765	5
2025-08-26 11:35	67.770	67.785	67.710	67.745	4
2025-08-26 11:40	67.740	67.740	67.700	67.710	5
2025-08-26 11:45	67.705	67.710	67.655	67.675	5
2025-08-26 11:50	67.680	67.740	67.680	67.720	5
2025-08-26 11:55	67.715	67.715	67.680	67.680	5
2025-08-26 12:00	67.680	67.715	67.680	67.700	5
2025-08-26 12:05	67.695	67.705	67.630	67.665	5
2025-08-26 12:10	67.655	67.715	67.655	67.715	5
2025-08-26 12:15	67.705	67.715	67.665	67.685	5
2025-08-26 12:20	67.690	67.775	67.685	67.735	5
2025-08-26 12:25	67.725	67.745	67.695	67.720	5
2025-08-26 12:30	67.725	67.735	67.665	67.665	5
2025-08-26 12:35	67.670	67.770	67.665	67.765	5
2025-08-26 12:40	67.740	67.745	67.690	67.715	5
2025-08-26 12:45	67.710	67.725	67.665	67.685	5
2025-08-26 12:50	67.695	67.725	67.665	67.710	5
2025-08-26 12:55	67.715	67.765	67.705	67.725	5
2025-08-26 13:00	67.745	67.855	67.735	67.835	5
2025-08-26 13:05	67.830	67.835	67.770	67.795	5
2025-08-26 13:10	67.785	67.825	67.775	67.780	5
2025-08-26 13:15	67.785	67.835	67.760	67.820	5
2025-08-26 13:20	67.815	67.850	67.775	67.790	5
2025-08-26 13:25	67.785	67.850	67.785	67.815	5
2025-08-26 13:30	67.805	67.895	67.740	67.885	5
2025-08-26 13:35	67.890	67.895	67.815	67.870	5
2025-08-26 13:40	67.865	67.885	67.795	67.835	5
2025-08-26 13:45	67.840	67.925	67.840	67.900	5
2025-08-26 13:50	67.895	67.945	67.855	67.920	5
2025-08-26 13:55	67.915	67.930	67.865	67.895	5
2025-08-26 14:00	67.890	68.025	67.890	68.000	5
2025-08-26 14:05	67.995	68.090	67.980	68.085	5
2025-08-26 14:10	68.080	68.125	68.045	68.095	5
2025-08-26 14:15	68.105	68.105	67.985	68.060	5
2025-08-26 14:20	68.055	68.120	68.055	68.110	5
2025-08-26 14:25	68.115	68.165	68.095	68.150	5
2025-08-26 14:30	68.135	68.190	68.120	68.175	5
2025-08-26 14:35	68.185	68.230	68.150	68.150	5
2025-08-26 14:40	68.145	68.160	68.085	68.120	5
2025-08-26 14:45	68.115	68.115	68.015	68.085	5
2025-08-26 14:50	68.080	68.085	67.950	67.950	5
2025-08-26 14:55	67.955	67.960	67.825	67.875	5
2025-08-26 15:00	67.870	67.870	67.455	67.515	5
2025-08-26 15:05	67.525	67.525	67.295	67.490	5
2025-08-26 15:10	67.495	67.505	67.385	67.455	5
2025-08-26 15:15	67.450	67.575	67.450	67.505	5
2025-08-26 15:20	67.515	67.605	67.515	67.540	5
2025-08-26 15:25	67.545	67.545	67.385	67.470	5
2025-08-26 15:30	67.465	67.525	67.345	67.425	5
2025-08-26 15:35	67.415	67.425	67.360	67.390	5
2025-08-26 15:40	67.395	67.435	67.355	67.410	5
2025-08-26 15:45	67.420	67.465	67.350	67.360	5
2025-08-26 15:50	67.355	67.415	67.325	67.410	5
2025-08-26 15:55	67.415	67.425	67.370	67.400	5
2025-08-26 16:00	67.405	67.455	67.300	67.345	5
2025-08-26 16:05	67.330	67.385	67.300	67.325	5
2025-08-26 16:10	67.330	67.365	67.275	67.300	5
2025-08-26 16:15	67.305	67.355	67.210	67.225	5
2025-08-26 16:20	67.220	67.295	67.220	67.250	5
2025-08-26 16:25	67.245	67.270	67.215	67.255	5
2025-08-26 16:30	67.265	67.330	67.235	67.310	5
2025-08-26 16:35	67.305	67.305	67.225	67.245	5
2025-08-26 16:40	67.240	67.310	67.210	67.305	5
2025-08-26 16:45	67.300	67.315	67.260	67.270	5
2025-08-26 16:50	67.265	67.305	67.265	67.275	5
2025-08-26 16:55	67.280	67.300	67.240	67.240	5
2025-08-26 17:00	67.250	67.320	67.245	67.295	5
2025-08-26 17:05	67.280	67.285	67.235	67.265	5
2025-08-26 17:10	67.275	67.275	67.235	67.260	5
2025-08-26 17:15	67.265	67.275	67.250	67.265	5
2025-08-26 17:20	67.255	67.255	67.195	67.205	5
2025-08-26 17:25	67.200	67.255	67.200	67.215	5
2025-08-26 17:30	67.220	67.285	67.215	67.245	5
2025-08-26 17:35	67.235	67.265	67.220	67.260	5
2025-08-26 17:40	67.265	67.295	67.255	67.265	5
2025-08-26 17:45	67.275	67.320	67.255	67.310	5
2025-08-26 17:50	67.305	67.315	67.285	67.300	5
2025-08-26 17:55	67.305	67.315	67.260	67.285	5
2025-08-26 18:00	67.275	67.290	67.255	67.285	5
2025-08-26 18:05	67.290	67.345	67.275	67.305	5
2025-08-26 18:10	67.300	67.315	67.275	67.295	5
2025-08-26 18:15	67.290	67.315	67.245	67.305	5
2025-08-26 18:20	67.300	67.305	67.225	67.235	5
2025-08-26 18:25	67.240	67.265	67.090	67.205	5
2025-08-26 18:30	67.195	67.255	67.165	67.245	5
2025-08-26 18:35	67.240	67.260	67.235	67.260	5
2025-08-26 18:40	67.255	67.260	67.235	67.235	5
2025-08-26 18:45	67.240	67.245	67.200	67.225	5
2025-08-26 18:50	67.230	67.265	67.225	67.245	5
2025-08-26 18:55	67.230	67.250	67.230	67.245	3
2025-08-26 19:00	67.240	67.240	67.200	67.210	5
2025-08-26 19:05	67.215	67.250	67.215	67.240	4
2025-08-26 19:10	67.245	67.245	67.195	67.205	5
2025-08-26 19:15	67.210	67.230	67.210	67.220	5
2025-08-26 19:20	67.215	67.240	67.215	67.215	5
2025-08-26 19:25	67.220	67.240	67.220	67.240	5
2025-08-26 19:30	67.245	67.285	67.245	67.250	5
2025-08-26 19:35	67.255	67.255	67.235	67.240	5
2025-08-26 19:40	67.235	67.315	67.235	67.300	5
2025-08-26 19:45	67.295	67.295	67.285	67.285	5
2025-08-26 19:50	67.295	67.295	67.260	67.280	5
2025-08-26 19:55	67.285	67.290	67.245	67.255	5
2025-08-26 20:00	67.260	67.260	67.227	67.257	5
2025-08-26 20:05	67.267	67.292	67.252	67.267	5
2025-08-26 20:10	67.272	67.297	67.267	67.267	5
2025-08-26 20:15	67.262	67.277	67.262	67.267	5
2025-08-26 20:20	67.257	67.277	67.257	67.277	5
2025-08-26 20:25	67.287	67.287	67.272	67.277	4
2025-08-26 20:30	67.272	67.297	67.267	67.277	5
2025-08-26 20:35	67.282	67.282	67.247	67.257	5
2025-08-27 00:00	66.865	66.880	66.835	66.850	5
2025-08-27 00:05	66.845	66.850	66.815	66.815	5
2025-08-27 00:10	66.825	66.835	66.805	66.805	4
2025-08-27 00:15	66.810	66.815	66.790	66.795	5
2025-08-27 00:20	66.805	66.825	66.805	66.810	5
2025-08-27 00:25	66.820	66.820	66.765	66.780	5
2025-08-27 00:30	66.790	66.790	66.738	66.738	5
2025-08-27 00:35	66.790	66.795	66.738	66.790	5
2025-08-27 00:40	66.785	66.805	66.748	66.748	5
2025-08-27 00:45	66.795	66.805	66.748	66.800	5
2025-08-27 00:50	66.795	66.805	66.785	66.805	3
2025-08-27 00:55	66.795	66.800	66.770	66.770	4
2025-08-27 01:00	66.775	66.780	66.675	66.690	5
2025-08-27 01:05	66.685	66.705	66.635	66.655	5
2025-08-27 01:10	66.650	66.665	66.608	66.635	5
2025-08-27 01:15	66.645	66.695	66.640	66.665	5
2025-08-27 01:20	66.675	66.685	66.635	66.655	5
2025-08-27 01:25	66.650	66.660	66.625	66.645	5
2025-08-27 01:30	66.640	66.695	66.640	66.650	5
2025-08-27 01:35	66.645	66.670	66.595	66.640	5
2025-08-27 01:40	66.645	66.645	66.575	66.585	5
2025-08-27 01:45	66.595	66.605	66.575	66.595	3
2025-08-27 01:50	66.590	66.595	66.575	66.595	5
2025-08-27 01:55	66.600	66.625	66.565	66.610	5
2025-08-27 02:00	66.615	66.625	66.585	66.625	4
2025-08-27 02:05	66.635	66.635	66.595	66.615	5
2025-08-27 02:10	66.620	66.635	66.585	66.595	4
2025-08-27 02:15	66.605	66.655	66.605	66.645	5
2025-08-27 02:20	66.650	66.650	66.635	66.645	4
2025-08-27 02:25	66.665	66.665	66.645	66.650	3
2025-08-27 02:30	66.645	66.645	66.605	66.625	5
2025-08-27 02:35	66.630	66.670	66.630	66.655	5
2025-08-27 02:40	66.650	66.675	66.645	66.645	5
2025-08-27 02:45	66.660	66.665	66.645	66.665	5
2025-08-27 02:50	66.670	66.745	66.670	66.735	5
2025-08-27 02:55	66.745	66.785	66.740	66.755	5
2025-08-27 03:00	66.745	66.760	66.715	66.725	5
2025-08-27 03:05	66.715	66.740	66.705	66.720	5
2025-08-27 03:10	66.725	66.735	66.710	66.725	4
2025-08-27 03:15	66.730	66.730	66.700	66.710	5
2025-08-27 03:20	66.705	66.715	66.680	66.690	4
2025-08-27 03:25	66.695	66.710	66.690	66.710	5
2025-08-27 03:30	66.705	66.710	66.663	66.700	5
2025-08-27 03:35	66.653	66.715	66.648	66.658	5
2025-08-27 03:40	66.705	66.710	66.658	66.705	5
2025-08-27 03:45	66.710	66.715	66.695	66.705	5
2025-08-27 03:50	66.715	66.730	66.705	66.730	4
2025-08-27 03:55	66.725	66.725	66.675	66.675	5
2025-08-27 04:00	66.650	66.690	66.650	66.675	3
2025-08-27 04:05	66.690	66.705	66.690	66.700	4
2025-08-27 04:10	66.705	66.705	66.653	66.705	4
2025-08-27 04:15	66.725	66.730	66.663	66.705	3
2025-08-27 04:20	66.690	66.695	66.675	66.680	5
2025-08-27 04:25	66.675	66.690	66.675	66.690	5
2025-08-27 04:30	66.695	66.695	66.648	66.685	3
2025-08-27 04:35	66.690	66.690	66.643	66.665	4
2025-08-27 04:40	66.670	66.675	66.665	66.675	3
2025-08-27 04:45	66.665	66.665	66.603	66.645	4
2025-08-27 04:50	66.650	66.655	66.603	66.608	4
2025-08-27 04:55	66.655	66.665	66.608	66.660	3
2025-08-27 05:00	66.665	66.705	66.618	66.700	5
2025-08-27 05:05	66.695	66.695	66.638	66.665	5
2025-08-27 05:10	66.675	66.675	66.645	66.645	5
2025-08-27 05:15	66.650	66.705	66.645	66.705	5
2025-08-27 05:20	66.690	66.705	66.648	66.690	4
2025-08-27 05:25	66.695	66.695	66.675	66.680	4
2025-08-27 05:30	66.675	66.675	66.635	66.645	5
2025-08-27 05:35	66.650	66.660	66.645	66.650	5
2025-08-27 05:40	66.655	66.660	66.615	66.620	5
2025-08-27 05:45	66.615	66.665	66.615	66.635	5
2025-08-27 05:50	66.630	66.635	66.540	66.575	5
2025-08-27 05:55	66.570	66.585	66.555	66.575	5
2025-08-27 06:00	66.580	66.685	66.580	66.685	5
2025-08-27 06:05	66.690	66.710	66.635	66.660	5
2025-08-27 06:10	66.665	66.685	66.655	66.660	5
2025-08-27 06:15	66.665	66.665	66.595	66.615	5
2025-08-27 06:20	66.610	66.615	66.580	66.595	5
2025-08-27 06:25	66.590	66.590	66.480	66.480	5
2025-08-27 06:30	66.480	66.635	66.480	66.630	5
2025-08-27 06:35	66.620	66.650	66.515	66.525	5
2025-08-27 06:40	66.530	66.595	66.515	66.560	5
2025-08-27 06:45	66.555	66.635	66.515	66.635	5
2025-08-27 06:50	66.630	66.730	66.605	66.610	5
2025-08-27 06:55	66.615	66.615	66.585	66.610	5
2025-08-27 07:00	66.625	66.690	66.575	66.630	5
2025-08-27 07:05	66.635	66.635	66.575	66.585	5
2025-08-27 07:10	66.580	66.585	66.485	66.485	5
2025-08-27 07:15	66.480	66.505	66.410	66.425	5
2025-08-27 07:20	66.430	66.480	66.425	66.475	5
2025-08-27 07:25	66.485	66.515	66.455	66.470	5
2025-08-27 07:30	66.465	66.555	66.440	66.515	5
2025-08-27 07:35	66.520	66.525	66.445	66.480	5
2025-08-27 07:40	66.475	66.495	66.445	66.475	5
2025-08-27 07:45	66.465	66.565	66.465	66.540	5
2025-08-27 07:50	66.535	66.565	66.505	66.545	5
2025-08-27 07:55	66.535	66.660	66.535	66.615	5
2025-08-27 08:00	66.610	66.620	66.555	66.615	5
2025-08-27 08:05	66.610	66.685	66.610	66.625	5
2025-08-27 08:10	66.630	66.670	66.605	66.615	5
2025-08-27 08:15	66.605	66.705	66.605	66.625	5
2025-08-27 08:20	66.620	66.665	66.565	66.595	5
2025-08-27 08:25	66.605	66.675	66.535	66.535	5
2025-08-27 08:30	66.530	66.565	66.455	66.505	5
2025-08-27 08:35	66.515	66.525	66.495	66.505	5
2025-08-27 08:40	66.510	66.535	66.435	66.450	5
2025-08-27 08:45	66.455	66.465	66.355	66.425	5
2025-08-27 08:50	66.430	66.445	66.380	66.395	5
2025-08-27 08:55	66.385	66.435	66.365	66.405	5
2025-08-27 09:00	66.395	66.435	66.365	66.435	5
2025-08-27 09:05	66.445	66.445	66.410	66.425	5
2025-08-27 09:10	66.420	66.430	66.365	66.365	5
2025-08-27 09:15	66.375	66.415	66.365	66.405	5
2025-08-27 09:20	66.395	66.415	66.365	66.415	5
2025-08-27 09:25	66.425	66.455	66.385	66.395	5
2025-08-27 09:30	66.385	66.455	66.375	66.425	5
2025-08-27 09:35	66.410	66.525	66.390	66.480	5
2025-08-27 09:40	66.485	66.485	66.385	66.400	5
2025-08-27 09:45	66.395	66.555	66.395	66.535	5
2025-08-27 09:50	66.525	66.545	66.465	66.475	5
2025-08-27 09:55	66.495	66.635	66.495	66.605	5
2025-08-27 10:00	66.585	66.605	66.455	66.500	5
2025-08-27 10:05	66.495	66.515	66.445	66.505	5
2025-08-27 10:10	66.495	66.605	66.495	66.535	5
2025-08-27 10:15	66.545	66.635	66.545	66.610	5
2025-08-27 10:20	66.605	66.605	66.565	66.570	5
2025-08-27 10:25	66.575	66.575	66.520	66.555	5
2025-08-27 10:30	66.560	66.580	66.485	66.485	5
2025-08-27 10:35	66.465	66.500	66.405	66.495	5
2025-08-27 10:40	66.505	66.525	66.465	66.470	5
2025-08-27 10:45	66.475	66.495	66.450	66.475	5
2025-08-27 10:50	66.465	66.525	66.455	66.515	5
2025-08-27 10:55	66.510	66.570	66.505	66.540	5
2025-08-27 11:00	66.525	66.595	66.495	66.575	5
2025-08-27 11:05	66.570	66.590	66.525	66.525	5
2025-08-27 11:10	66.520	66.550	66.505	66.510	5
2025-08-27 11:15	66.515	66.605	66.515	66.600	5
2025-08-27 11:20	66.605	66.625	66.595	66.615	5
2025-08-27 11:25	66.610	66.675	66.600	66.650	5
2025-08-27 11:30	66.655	66.705	66.625	66.660	5
2025-08-27 11:35	66.665	66.730	66.645	66.715	5
2025-08-27 11:40	66.725	66.785	66.715	66.785	4
2025-08-27 11:45	66.795	66.875	66.785	66.815	5
2025-08-27 11:50	66.810	66.840	66.765	66.770	5
2025-08-27 11:55	66.775	66.855	66.765	66.835	5
2025-08-27 12:00	66.810	66.860	66.785	66.815	5
2025-08-27 12:05	66.820	66.865	66.820	66.850	5
2025-08-27 12:10	66.855	66.855	66.805	66.825	5
2025-08-27 12:15	66.820	66.845	66.775	66.785	5
2025-08-27 12:20	66.780	66.805	66.755	66.765	5
2025-08-27 12:25	66.760	66.855	66.725	66.845	5
2025-08-27 12:30	66.860	66.905	66.835	66.845	5
2025-08-27 12:35	66.830	66.875	66.830	66.850	5
2025-08-27 12:40	66.855	66.935	66.850	66.895	5
2025-08-27 12:45	66.885	66.895	66.825	66.870	5
2025-08-27 12:50	66.865	66.880	66.840	66.855	5
2025-08-27 12:55	66.850	66.965	66.845	66.955	5
2025-08-27 13:00	66.970	67.125	66.847	66.865	5
2025-08-27 13:05	66.875	66.905	66.785	66.805	5
2025-08-27 13:10	66.810	66.835	66.780	66.805	5
2025-08-27 13:15	66.820	66.825	66.710	66.755	5
2025-08-27 13:20	66.745	66.855	66.720	66.785	5
2025-08-27 13:25	66.780	66.815	66.780	66.805	5
2025-08-27 13:30	66.785	66.920	66.785	66.855	5
2025-08-27 13:35	66.860	66.885	66.775	66.835	5
2025-08-27 13:40	66.830	66.875	66.785	66.805	5
2025-08-27 13:45	66.810	66.960	66.810	66.875	5
2025-08-27 13:50	66.870	67.035	66.870	66.995	5
2025-08-27 13:55	67.000	67.065	66.985	67.015	5
2025-08-27 14:00	67.005	67.025	66.955	67.005	5
2025-08-27 14:05	67.010	67.025	66.970	67.005	5
2025-08-27 14:10	67.000	67.035	66.975	67.010	5
2025-08-27 14:15	67.015	67.045	66.995	67.040	5
2025-08-27 14:20	67.035	67.045	66.965	67.035	5
2025-08-27 14:25	67.045	67.060	67.003	67.040	5
2025-08-27 14:30	67.055	67.325	67.025	67.305	5
2025-08-27 14:35	67.310	67.325	67.190	67.190	5
2025-08-27 14:40	67.185	67.195	67.100	67.125	5
2025-08-27 14:45	67.105	67.110	67.035	67.065	5
2025-08-27 14:50	67.070	67.125	67.055	67.080	5
2025-08-27 14:55	67.075	67.125	67.065	67.095	5
2025-08-27 15:00	67.105	67.125	67.005	67.035	5
2025-08-27 15:05	67.040	67.155	66.913	67.145	5
2025-08-27 15:10	67.135	67.135	67.015	67.050	5
2025-08-27 15:15	67.045	67.075	66.960	66.975	5
2025-08-27 15:20	66.965	66.970	66.815	66.905	5
2025-08-27 15:25	66.910	66.985	66.865	66.885	5
2025-08-27 15:30	66.895	66.985	66.865	66.895	5
2025-08-27 15:35	66.900	66.965	66.900	66.955	5
2025-08-27 15:40	66.960	66.995	66.935	66.995	5
2025-08-27 15:45	66.990	67.030	66.970	67.005	5
2025-08-27 15:50	67.010	67.015	66.950	67.015	5
2025-08-27 15:55	67.005	67.145	67.005	67.115	5
2025-08-27 16:00	67.125	67.195	67.115	67.190	5
2025-08-27 16:05	67.195	67.205	67.140	67.155	5
2025-08-27 16:10	67.160	67.225	67.160	67.210	5
2025-08-27 16:15	67.215	67.235	67.205	67.210	5
2025-08-27 16:20	67.205	67.235	67.165	67.175	5
2025-08-27 16:25	67.180	67.195	67.165	67.175	5
2025-08-27 16:30	67.180	67.210	67.105	67.105	5
2025-08-27 16:35	67.110	67.115	67.025	67.070	5
2025-08-27 16:40	67.065	67.225	67.065	67.175	5
2025-08-27 16:45	67.180	67.195	67.055	67.075	5
2025-08-27 16:50	67.070	67.160	67.045	67.105	5
2025-08-27 16:55	67.100	67.175	67.085	67.165	5
2025-08-27 17:00	67.160	67.165	67.085	67.105	5
2025-08-27 17:05	67.115	67.175	67.115	67.145	5
2025-08-27 17:10	67.150	67.195	67.135	67.185	5
2025-08-27 17:15	67.175	67.205	67.135	67.175	5
2025-08-27 17:20	67.180	67.220	67.165	67.205	5
2025-08-27 17:25	67.210	67.245	67.185	67.240	5
2025-08-27 17:30	67.245	67.255	67.190	67.255	5
2025-08-27 17:35	67.250	67.265	67.175	67.205	5
2025-08-27 17:40	67.210	67.225	67.185	67.195	5
2025-08-27 17:45	67.200	67.245	67.195	67.235	5
2025-08-27 17:50	67.240	67.245	67.215	67.220	5
2025-08-27 17:55	67.225	67.255	67.180	67.190	5
2025-08-27 18:00	67.185	67.305	67.185	67.295	5
2025-08-27 18:05	67.300	67.450	67.295	67.385	5
2025-08-27 18:10	67.390	67.410	67.365	67.395	5
2025-08-27 18:15	67.400	67.400	67.315	67.360	5
2025-08-27 18:20	67.355	67.380	67.345	67.370	5
2025-08-27 18:25	67.375	67.440	67.345	67.435	5
2025-08-27 18:30	67.425	67.475	67.395	67.465	5
2025-08-27 18:35	67.460	67.485	67.425	67.425	5
2025-08-27 18:40	67.430	67.430	67.355	67.365	5
2025-08-27 18:45	67.355	67.375	67.345	67.375	5
2025-08-27 18:50	67.365	67.365	67.320	67.325	5
2025-08-27 18:55	67.320	67.320	67.255	67.265	4
2025-08-27 19:00	67.255	67.265	67.230	67.245	5
2025-08-27 19:05	67.240	67.245	67.215	67.225	5
2025-08-27 19:10	67.215	67.245	67.210	67.220	5
2025-08-27 19:15	67.215	67.235	67.195	67.195	5
2025-08-27 19:20	67.185	67.235	67.185	67.235	5
2025-08-27 19:25	67.240	67.240	67.225	67.235	5
2025-08-27 19:30	67.230	67.235	67.195	67.210	5
2025-08-27 19:35	67.205	67.245	67.205	67.245	5
2025-08-27 19:40	67.240	67.240	67.220	67.225	4
2025-08-27 19:45	67.220	67.230	67.210	67.215	5
2025-08-27 19:50	67.210	67.215	67.165	67.195	4
2025-08-27 19:55	67.190	67.195	67.165	67.175	5
2025-08-27 20:00	67.152	67.152	67.132	67.142	4
2025-08-27 20:05	67.137	67.137	67.127	67.137	4
2025-08-27 20:10	67.132	67.142	67.113	67.137	4
2025-08-27 20:15	67.132	67.142	67.122	67.137	5
2025-08-27 20:20	67.142	67.142	67.063	67.102	5
2025-08-27 20:25	67.097	67.122	67.092	67.102	5
2025-08-27 20:30	67.107	67.117	67.092	67.102	3
2025-08-27 20:35	67.078	67.112	67.078	67.107	4
2025-08-27 20:40	67.102	67.107	67.092	67.097	5
2025-08-27 20:45	67.102	67.157	67.097	67.157	4
2025-08-27 20:50	67.162	67.162	67.118	67.142	4
2025-08-27 20:55	67.147	67.167	67.142	67.167	1
2025-08-28 00:00	67.120	67.130	67.045	67.095	5
2025-08-28 00:05	67.090	67.140	67.065	67.135	5
2025-08-28 00:10	67.125	67.155	67.125	67.135	5
2025-08-28 00:15	67.140	67.155	67.105	67.120	5
2025-08-28 00:20	67.135	67.140	67.078	67.078	4
2025-08-28 00:25	67.125	67.130	67.100	67.100	5
2025-08-28 00:30	67.105	67.130	67.058	67.120	5
2025-08-28 00:35	67.115	67.140	67.088	67.088	5
2025-08-28 00:40	67.130	67.140	67.110	67.115	5
2025-08-28 00:45	67.110	67.120	67.105	67.115	5
2025-08-28 00:50	67.068	67.115	67.058	67.058	5
2025-08-28 00:55	67.100	67.115	67.048	67.105	5
2025-08-28 01:00	67.110	67.135	67.025	67.070	5
2025-08-28 01:05	67.075	67.095	67.065	67.085	5
2025-08-28 01:10	67.080	67.105	67.080	67.105	5
2025-08-28 01:15	67.100	67.120	67.060	67.070	5
2025-08-28 01:20	67.075	67.095	67.075	67.095	3
2025-08-28 01:25	67.115	67.130	67.095	67.105	5
2025-08-28 01:30	67.110	67.110	67.035	67.060	5
2025-08-28 01:35	67.055	67.105	67.055	67.065	5
2025-08-28 01:40	67.070	67.075	67.035	67.045	5
2025-08-28 01:45	67.040	67.110	67.040	67.090	5
2025-08-28 01:50	67.095	67.105	67.065	67.065	5
2025-08-28 01:55	67.050	67.080	67.015	67.080	5
2025-08-28 02:00	67.085	67.085	67.035	67.040	5
2025-08-28 02:05	67.035	67.055	67.005	67.055	5
2025-08-28 02:10	67.060	67.065	67.035	67.040	5
2025-08-28 02:15	67.045	67.045	66.985	66.995	5
2025-08-28 02:20	67.000	67.015	67.000	67.010	5
2025-08-28 02:25	67.015	67.025	66.963	67.000	4
2025-08-28 02:30	66.990	67.000	66.945	66.970	5
2025-08-28 02:35	66.965	66.980	66.925	66.965	5
2025-08-28 02:40	66.970	66.975	66.965	66.970	5
2025-08-28 02:45	66.975	67.005	66.955	67.000	5
2025-08-28 02:50	66.995	66.995	66.955	66.965	5
2025-08-28 02:55	66.960	66.965	66.955	66.960	4
2025-08-28 03:00	66.965	66.985	66.965	66.980	5
2025-08-28 03:05	66.985	67.025	66.970	66.970	5
2025-08-28 03:10	66.965	66.975	66.945	66.955	5
2025-08-28 03:15	66.950	66.955	66.935	66.935	5
2025-08-28 03:20	66.930	66.945	66.920	66.945	5
2025-08-28 03:25	66.940	66.970	66.940	66.955	4
2025-08-28 03:30	66.945	66.960	66.935	66.950	4
2025-08-28 03:35	66.903	66.960	66.903	66.945	2
2025-08-28 03:40	66.898	66.965	66.898	66.965	4
2025-08-28 03:45	66.918	66.965	66.913	66.965	4
2025-08-28 03:50	66.960	66.965	66.930	66.935	5
2025-08-28 03:55	66.930	66.940	66.888	66.940	4
2025-08-28 04:00	66.945	66.945	66.868	66.910	5
2025-08-28 04:05	66.915	66.925	66.885	66.895	5
2025-08-28 04:10	66.900	66.900	66.865	66.875	5
2025-08-28 04:15	66.865	66.875	66.855	66.875	5
2025-08-28 04:20	66.885	66.950	66.885	66.935	5
2025-08-28 04:25	66.930	66.945	66.925	66.940	5
2025-08-28 04:30	66.935	66.945	66.935	66.935	4
2025-08-28 04:35	66.930	66.960	66.930	66.945	5
2025-08-28 04:40	66.950	66.955	66.945	66.950	3
2025-08-28 04:45	66.955	66.960	66.903	66.945	4
2025-08-28 04:50	66.935	66.935	66.905	66.910	5
2025-08-28 04:55	66.905	66.905	66.818	66.865	5
2025-08-28 05:00	66.818	66.865	66.805	66.855	5
2025-08-28 05:05	66.860	66.890	66.860	66.890	5
2025-08-28 05:10	66.885	66.910	66.880	66.890	5
2025-08-28 05:15	66.885	66.885	66.845	66.860	5
2025-08-28 05:20	66.870	66.870	66.835	66.840	5
2025-08-28 05:25	66.835	66.865	66.835	66.860	5
2025-08-28 05:30	66.855	66.880	66.845	66.875	5
2025-08-28 05:35	66.870	66.885	66.865	66.875	5
2025-08-28 05:40	66.880	66.885	66.825	66.825	5
2025-08-28 05:45	66.830	66.845	66.810	66.820	5
2025-08-28 05:50	66.825	66.840	66.805	66.840	5
2025-08-28 05:55	66.845	66.905	66.845	66.875	5
2025-08-28 06:00	66.880	66.965	66.870	66.885	5
2025-08-28 06:05	66.890	66.930	66.890	66.905	4
2025-08-28 06:10	66.915	66.935	66.870	66.870	5
2025-08-28 06:15	66.845	66.855	66.825	66.855	5
2025-08-28 06:20	66.845	66.880	66.845	66.845	5
2025-08-28 06:25	66.835	66.875	66.835	66.875	4
2025-08-28 06:30	66.885	67.015	66.885	67.005	5
2025-08-28 06:35	67.000	67.000	66.935	66.945	5
2025-08-28 06:40	66.940	66.945	66.910	66.925	5
2025-08-28 06:45	66.945	66.970	66.935	66.965	5
2025-08-28 06:50	66.975	66.985	66.925	66.945	5
2025-08-28 06:55	66.940	67.005	66.930	66.985	5
2025-08-28 07:00	66.975	66.975	66.865	66.925	5
2025-08-28 07:05	66.920	66.920	66.830	66.870	5
2025-08-28 07:10	66.865	66.905	66.835	66.900	5
2025-08-28 07:15	66.905	67.035	66.905	67.035	5
2025-08-28 07:20	67.030	67.060	66.950	66.995	5
2025-08-28 07:25	66.990	67.047	66.960	67.005	5
2025-08-28 07:30	67.000	67.125	66.995	67.125	5
2025-08-28 07:35	67.130	67.195	67.115	67.195	5
2025-08-28 07:40	67.215	67.265	67.180	67.255	5
2025-08-28 07:45	67.245	67.265	67.215	67.235	5
2025-08-28 07:50	67.245	67.245	67.095	67.100	5
2025-08-28 07:55	67.095	67.115	67.045	67.050	5
2025-08-28 08:00	67.080	67.165	67.035	67.155	5
2025-08-28 08:05	67.145	67.195	67.130	67.165	5
2025-08-28 08:10	67.170	67.245	67.165	67.215	5
2025-08-28 08:15	67.225	67.245	67.135	67.165	5
2025-08-28 08:20	67.155	67.155	67.035	67.055	5
2025-08-28 08:25	67.050	67.075	66.905	66.955	5
2025-08-28 08:30	66.965	67.015	66.935	66.985	5
2025-08-28 08:35	66.975	67.015	66.955	66.985	5
2025-08-28 08:40	66.975	66.985	66.915	66.930	5
2025-08-28 08:45	66.935	66.935	66.835	66.870	5
2025-08-28 08:50	66.875	66.925	66.865	66.895	5
2025-08-28 08:55	66.900	66.935	66.885	66.935	4
2025-08-28 09:00	66.930	67.065	66.930	67.065	5
2025-08-28 09:05	67.055	67.145	67.045	67.140	5
2025-08-28 09:10	67.135	67.155	67.085	67.095	5
2025-08-28 09:15	67.100	67.115	67.075	67.090	5
2025-08-28 09:20	67.095	67.095	67.035	67.045	5
2025-08-28 09:25	67.040	67.050	66.995	66.995	5
2025-08-28 09:30	66.985	67.045	66.975	67.025	5
2025-08-28 09:35	67.035	67.035	66.995	67.025	4
2025-08-28 09:40	67.030	67.130	67.025	67.025	5
2025-08-28 09:45	67.015	67.035	66.950	66.950	5
2025-08-28 09:50	66.945	67.045	66.945	67.040	5
2025-08-28 09:55	67.035	67.070	67.005	67.065	4
2025-08-28 10:00	67.070	67.195	67.045	67.185	5
2025-08-28 10:05	67.190	67.255	67.180	67.255	5
2025-08-28 10:10	67.245	67.265	67.185	67.195	5
2025-08-28 10:15	67.185	67.215	67.165	67.185	5
2025-08-28 10:20	67.180	67.225	67.180	67.195	5
2025-08-28 10:25	67.210	67.230	67.195	67.210	5
2025-08-28 10:30	67.215	67.220	67.095	67.095	5
2025-08-28 10:35	67.105	67.160	67.073	67.145	5
2025-08-28 10:40	67.135	67.155	67.105	67.155	5
2025-08-28 10:45	67.150	67.160	67.120	67.125	4
2025-08-28 10:50	67.130	67.165	67.095	67.165	5
2025-08-28 10:55	67.175	67.185	67.145	67.155	5
2025-08-28 11:00	67.135	67.205	67.095	67.195	5
2025-08-28 11:05	67.200	67.250	67.185	67.245	5
2025-08-28 11:10	67.260	67.305	67.245	67.255	5
2025-08-28 11:15	67.245	67.345	67.245	67.335	5
2025-08-28 11:20	67.340	67.365	67.325	67.350	5
2025-08-28 11:25	67.355	67.375	67.335	67.340	4
2025-08-28 11:30	67.350	67.375	67.335	67.355	5
2025-08-28 11:35	67.365	67.420	67.325	67.395	5
2025-08-28 11:40	67.385	67.390	67.345	67.370	5
2025-08-28 11:45	67.365	67.380	67.325	67.365	5
2025-08-28 11:50	67.370	67.375	67.325	67.350	5
2025-08-28 11:55	67.355	67.355	67.295	67.325	5
2025-08-28 12:00	67.330	67.355	67.285	67.285	5
2025-08-28 12:05	67.275	67.305	67.275	67.295	5
2025-08-28 12:10	67.305	67.315	67.295	67.305	5
2025-08-28 12:15	67.325	67.345	67.285	67.300	5
2025-08-28 12:20	67.305	67.325	67.235	67.250	5
2025-08-28 12:25	67.255	67.295	67.255	67.275	5
2025-08-28 12:30	67.295	67.325	67.265	67.285	5
2025-08-28 12:35	67.290	67.305	67.225	67.225	5
2025-08-28 12:40	67.215	67.255	67.175	67.235	5
2025-08-28 12:45	67.240	67.320	67.240	67.315	5
2025-08-28 12:50	67.310	67.375	67.305	67.375	5
2025-08-28 12:55	67.370	67.385	67.345	67.370	5
2025-08-28 13:00	67.375	67.380	67.255	67.260	5
2025-08-28 13:05	67.255	67.340	67.235	67.285	5
2025-08-28 13:10	67.295	67.350	67.245	67.280	5
2025-08-28 13:15	67.285	67.295	67.230	67.295	5
2025-08-28 13:20	67.285	67.295	67.255	67.295	5
2025-08-28 13:25	67.290	67.365	67.270	67.325	5
2025-08-28 13:30	67.320	67.325	67.075	67.085	5
2025-08-28 13:35	67.095	67.175	67.045	67.165	5
2025-08-28 13:40	67.155	67.195	67.130	67.165	5
2025-08-28 13:45	67.155	67.165	67.093	67.120	5
2025-08-28 13:50	67.125	67.135	67.050	67.075	5
2025-08-28 13:55	67.090	67.115	67.035	67.085	5
2025-08-28 14:00	67.075	67.135	67.045	67.085	5
2025-08-28 14:05	67.095	67.095	66.865	66.895	5
2025-08-28 14:10	66.900	66.905	66.805	66.825	5
2025-08-28 14:15	66.820	66.945	66.805	66.915	5
2025-08-28 14:20	66.910	66.955	66.840	66.845	5
2025-08-28 14:25	66.840	66.865	66.768	66.845	5
2025-08-28 14:30	66.850	66.985	66.825	66.925	5
2025-08-28 14:35	66.920	67.025	66.915	66.925	5
2025-08-28 14:40	66.920	67.045	66.920	66.980	5
2025-08-28 14:45	66.975	66.995	66.925	66.945	5
2025-08-28 14:50	66.935	67.035	66.935	67.020	5
2025-08-28 14:55	67.015	67.085	67.000	67.025	5
2025-08-28 15:00	67.030	67.060	66.985	67.055	5
2025-08-28 15:05	67.065	67.125	67.045	67.115	5
2025-08-28 15:10	67.125	67.155	67.065	67.135	5
2025-08-28 15:15	67.125	67.210	67.100	67.115	5
2025-08-28 15:20	67.120	67.145	67.075	67.115	5
2025-08-28 15:25	67.105	67.150	67.085	67.135	5
2025-08-28 15:30	67.145	67.145	66.985	66.990	5
2025-08-28 15:35	66.995	67.000	66.835	66.915	5
2025-08-28 15:40	66.910	66.995	66.900	66.985	5
2025-08-28 15:45	66.975	66.985	66.935	66.955	5
2025-08-28 15:50	66.950	67.025	66.920	67.025	5
2025-08-28 15:55	67.035	67.085	67.025	67.045	5
2025-08-28 16:00	67.025	67.035	66.955	66.985	5
2025-08-28 16:05	66.965	67.030	66.965	67.015	5
2025-08-28 16:10	67.010	67.055	66.980	66.990	5
2025-08-28 16:15	66.995	67.005	66.965	66.990	5
2025-08-28 16:20	66.995	67.095	66.995	67.055	5
2025-08-28 16:25	67.065	67.065	66.945	66.965	5
2025-08-28 16:30	66.955	66.965	66.895	66.945	5
2025-08-28 16:35	66.950	67.025	66.945	66.995	5
2025-08-28 16:40	66.985	67.025	66.925	66.965	5
2025-08-28 16:45	66.970	67.035	66.950	66.975	5
2025-08-28 16:50	66.980	66.995	66.955	66.990	5
2025-08-28 16:55	66.985	67.015	66.945	66.945	5
2025-08-28 17:00	66.950	66.990	66.935	66.945	5
2025-08-28 17:05	66.950	67.025	66.945	66.985	5
2025-08-28 17:10	66.975	66.985	66.910	66.985	5
2025-08-28 17:15	66.980	67.010	66.965	66.990	5
2025-08-28 17:20	66.995	66.995	66.915	66.970	5
2025-08-28 17:25	66.965	66.975	66.940	66.945	5
2025-08-28 17:30	66.950	67.175	66.945	67.155	5
2025-08-28 17:35	67.150	67.150	67.105	67.145	5
2025-08-28 17:40	67.155	67.255	67.155	67.245	5
2025-08-28 17:45	67.240	67.355	67.235	67.325	5
2025-08-28 17:50	67.320	67.375	67.270	67.375	5
2025-08-28 17:55	67.365	67.685	67.365	67.655	5
2025-08-28 18:00	67.650	67.775	67.645	67.675	5
2025-08-28 18:05	67.685	67.865	67.675	67.785	5
2025-08-28 18:10	67.795	67.865	67.795	67.835	5
2025-08-28 18:15	67.840	67.935	67.820	67.915	5
2025-08-28 18:20	67.910	67.915	67.830	67.905	5
2025-08-28 18:25	67.900	68.005	67.885	67.985	5
2025-08-28 18:30	67.975	68.045	67.935	67.945	5
2025-08-28 18:35	67.950	67.955	67.875	67.905	5
2025-08-28 18:40	67.910	67.915	67.785	67.790	5
2025-08-28 18:45	67.795	67.805	67.665	67.685	5
2025-08-28 18:50	67.690	67.715	67.595	67.595	5
2025-08-28 18:55	67.585	67.615	67.565	67.605	5
2025-08-28 19:00	67.610	67.670	67.600	67.655	5
2025-08-28 19:05	67.650	67.675	67.635	67.665	5
2025-08-28 19:10	67.660	67.690	67.635	67.645	5
2025-08-28 19:15	67.640	67.695	67.635	67.685	5
2025-08-28 19:20	67.690	67.720	67.685	67.715	5
2025-08-28 19:25	67.720	67.770	67.715	67.725	5
2025-08-28 19:30	67.715	67.715	67.633	67.675	5
2025-08-28 19:35	67.690	67.695	67.645	67.665	5
2025-08-28 19:40	67.670	67.675	67.585	67.605	5
2025-08-28 19:45	67.600	67.665	67.600	67.635	5
2025-08-28 19:50	67.645	67.665	67.635	67.660	4
2025-08-28 19:55	67.665	67.695	67.655	67.660	5
2025-08-28 20:00	67.655	67.682	67.632	67.682	5
2025-08-28 20:05	67.672	67.677	67.642	67.652	5
2025-08-28 20:10	67.642	67.662	67.642	67.652	5
2025-08-28 20:15	67.662	67.692	67.652	67.652	5
2025-08-28 20:20	67.642	67.662	67.637	67.657	4
2025-08-28 20:25	67.652	67.662	67.627	67.642	4
2025-08-28 20:30	67.637	67.642	67.607	67.617	5
2025-08-28 20:35	67.627	67.637	67.602	67.637	5
2025-08-28 20:40	67.632	67.637	67.612	67.622	4
2025-08-28 20:45	67.627	67.627	67.612	67.617	4
2025-08-28 20:50	67.612	67.622	67.612	67.612	3
2025-08-28 20:55	67.602	67.632	67.572	67.627	5
2025-08-29 00:00	67.547	67.595	67.505	67.525	5
2025-08-29 00:05	67.530	67.595	67.513	67.585	5
2025-08-29 00:10	67.580	67.615	67.548	67.615	5
2025-08-29 00:15	67.568	67.625	67.568	67.615	4
2025-08-29 00:20	67.568	67.595	67.548	67.585	3
2025-08-29 00:25	67.590	67.620	67.590	67.610	5
2025-08-29 00:30	67.615	67.615	67.538	67.538	5
2025-08-29 00:35	67.575	67.585	67.528	67.570	5
2025-08-29 00:40	67.575	67.605	67.528	67.600	5
2025-08-29 00:45	67.605	67.605	67.585	67.595	5
2025-08-29 00:50	67.590	67.605	67.538	67.538	5
2025-08-29 00:55	67.585	67.595	67.538	67.565	4
2025-08-29 01:00	67.570	67.595	67.535	67.535	5
2025-08-29 01:05	67.540	67.550	67.515	67.515	5
2025-08-29 01:10	67.520	67.530	67.515	67.525	2
2025-08-29 01:15	67.530	67.555	67.455	67.465	5
2025-08-29 01:20	67.460	67.500	67.460	67.495	5
2025-08-29 01:25	67.500	67.525	67.495	67.505	5
2025-08-29 01:30	67.495	67.540	67.478	67.535	5
2025-08-29 01:35	67.530	67.565	67.525	67.525	5
2025-08-29 01:40	67.535	67.535	67.465	67.480	5
2025-08-29 01:45	67.485	67.495	67.465	67.485	5
2025-08-29 01:50	67.490	67.525	67.448	67.475	5
2025-08-29 01:55	67.428	67.505	67.428	67.490	5
2025-08-29 02:00	67.485	67.505	67.465	67.495	5
2025-08-29 02:05	67.485	67.485	67.445	67.445	5
2025-08-29 02:10	67.435	67.445	67.425	67.435	5
2025-08-29 02:15	67.440	67.445	67.435	67.435	5
2025-08-29 02:20	67.425	67.445	67.388	67.440	4
2025-08-29 02:25	67.445	67.480	67.398	67.445	5
2025-08-29 02:30	67.450	67.475	67.435	67.445	5
2025-08-29 02:35	67.455	67.485	67.445	67.475	4
2025-08-29 02:40	67.485	67.525	67.485	67.515	4
2025-08-29 02:45	67.535	67.535	67.465	67.475	5
2025-08-29 02:50	67.485	67.535	67.465	67.475	5
2025-08-29 02:55	67.470	67.490	67.465	67.490	5
2025-08-29 03:00	67.485	67.525	67.480	67.515	5
2025-08-29 03:05	67.525	67.530	67.505	67.515	4
2025-08-29 03:10	67.520	67.535	67.515	67.525	5
2025-08-29 03:15	67.530	67.535	67.500	67.510	5
2025-08-29 03:20	67.505	67.580	67.505	67.565	5
2025-08-29 03:25	67.560	67.560	67.545	67.555	5
2025-08-29 03:30	67.550	67.555	67.535	67.540	5
2025-08-29 03:35	67.545	67.585	67.545	67.575	4
2025-08-29 03:40	67.565	67.565	67.508	67.508	5
2025-08-29 03:45	67.560	67.585	67.518	67.580	5
2025-08-29 03:50	67.570	67.570	67.555	67.565	5
2025-08-29 03:55	67.560	67.600	67.508	67.580	5
2025-08-29 04:00	67.575	67.605	67.575	67.600	5
2025-08-29 04:05	67.605	67.605	67.558	67.605	5
2025-08-29 04:10	67.600	67.620	67.600	67.615	5
2025-08-29 04:15	67.605	67.625	67.558	67.615	4
2025-08-29 04:20	67.605	67.615	67.563	67.595	4
2025-08-29 04:25	67.548	67.610	67.548	67.610	4
2025-08-29 04:30	67.605	67.610	67.585	67.590	3
2025-08-29 04:35	67.595	67.595	67.575	67.590	5
2025-08-29 04:40	67.543	67.590	67.543	67.590	5
2025-08-29 04:45	67.595	67.600	67.585	67.585	5
2025-08-29 04:50	67.538	67.585	67.528	67.560	5
2025-08-29 04:55	67.565	67.585	67.560	67.585	5
2025-08-29 05:00	67.580	67.585	67.570	67.570	4
2025-08-29 05:05	67.575	67.595	67.537	67.545	5
2025-08-29 05:10	67.550	67.565	67.550	67.555	4
2025-08-29 05:15	67.545	67.560	67.535	67.540	5
2025-08-29 05:20	67.535	67.555	67.535	67.535	5
2025-08-29 05:25	67.540	67.575	67.530	67.570	5
2025-08-29 05:30	67.565	67.615	67.560	67.610	5
2025-08-29 05:35	67.615	67.650	67.595	67.635	5
2025-08-29 05:40	67.645	67.705	67.645	67.660	5
2025-08-29 05:45	67.665	67.675	67.665	67.675	5
2025-08-29 05:50	67.685	67.685	67.620	67.620	5
2025-08-29 05:55	67.625	67.660	67.625	67.645	5
2025-08-29 06:00	67.655	67.675	67.620	67.645	5
2025-08-29 06:05	67.635	67.710	67.630	67.705	5
2025-08-29 06:10	67.715	67.755	67.705	67.735	5
2025-08-29 06:15	67.720	67.745	67.710	67.735	5
2025-08-29 06:20	67.720	67.745	67.715	67.740	5
2025-08-29 06:25	67.735	67.755	67.705	67.725	5
2025-08-29 06:30	67.720	67.755	67.645	67.655	5
2025-08-29 06:35	67.645	67.645	67.565	67.585	5
2025-08-29 06:40	67.580	67.585	67.520	67.530	5
2025-08-29 06:45	67.525	67.585	67.520	67.525	5
2025-08-29 06:50	67.535	67.535	67.485	67.535	5
2025-08-29 06:55	67.545	67.605	67.535	67.590	5
2025-08-29 07:00	67.585	67.590	67.415	67.475	5
2025-08-29 07:05	67.485	67.545	67.485	67.525	5
2025-08-29 07:10	67.520	67.560	67.495	67.515	5
2025-08-29 07:15	67.500	67.525	67.485	67.525	5
2025-08-29 07:20	67.505	67.525	67.495	67.515	5
2025-08-29 07:25	67.525	67.525	67.435	67.435	5
2025-08-29 07:30	67.425	67.465	67.415	67.455	5
2025-08-29 07:35	67.460	67.565	67.445	67.545	5
2025-08-29 07:40	67.540	67.550	67.515	67.550	5
2025-08-29 07:45	67.545	67.555	67.510	67.555	5
2025-08-29 07:50	67.545	67.685	67.525	67.680	5
2025-08-29 07:55	67.685	67.705	67.565	67.605	5
2025-08-29 08:00	67.630	67.705	67.615	67.655	5
2025-08-29 08:05	67.645	67.645	67.575	67.575	5
2025-08-29 08:10	67.580	67.685	67.555	67.645	5
2025-08-29 08:15	67.650	67.675	67.545	67.595	5
2025-08-29 08:20	67.585	67.625	67.575	67.600	5
2025-08-29 08:25	67.605	67.725	67.585	67.645	5
2025-08-29 08:30	67.650	67.745	67.565	67.570	5
2025-08-29 08:35	67.565	67.655	67.515	67.515	5
2025-08-29 08:40	67.525	67.635	67.495	67.575	5
2025-08-29 08:45	67.590	67.665	67.505	67.665	5
2025-08-29 08:50	67.660	67.705	67.605	67.625	5
2025-08-29 08:55	67.615	67.630	67.515	67.535	5
2025-08-29 09:00	67.545	67.655	67.535	67.615	5
2025-08-29 09:05	67.625	67.635	67.550	67.560	5
2025-08-29 09:10	67.555	67.555	67.475	67.495	5
2025-08-29 09:15	67.490	67.545	67.485	67.505	5
2025-08-29 09:20	67.515	67.515	67.465	67.465	4
2025-08-29 09:25	67.460	67.475	67.335	67.385	5
2025-08-29 09:30	67.380	67.490	67.355	67.485	5
2025-08-29 09:35	67.480	67.625	67.455	67.615	5
2025-08-29 09:40	67.605	67.675	67.590	67.615	5
2025-08-29 09:45	67.610	67.640	67.585	67.595	5
2025-08-29 09:50	67.575	67.645	67.550	67.635	5
2025-08-29 09:55	67.625	67.635	67.585	67.585	5
2025-08-29 10:00	67.575	67.585	67.455	67.515	5
2025-08-29 10:05	67.525	67.590	67.520	67.555	5
2025-08-29 10:10	67.550	67.625	67.550	67.585	5
2025-08-29 10:15	67.575	67.675	67.575	67.650	5
2025-08-29 10:20	67.635	67.675	67.610	67.645	5
2025-08-29 10:25	67.655	67.675	67.520	67.525	5
2025-08-29 10:30	67.535	67.565	67.505	67.525	5
2025-08-29 10:35	67.535	67.635	67.535	67.635	5
2025-08-29 10:40	67.645	67.670	67.615	67.665	5
2025-08-29 10:45	67.675	67.725	67.655	67.675	5
2025-08-29 10:50	67.670	67.755	67.660	67.710	5
2025-08-29 10:55	67.715	67.720	67.665	67.695	5
2025-08-29 11:00	67.680	67.755	67.675	67.745	5
2025-08-29 11:05	67.750	67.755	67.675	67.700	5
2025-08-29 11:10	67.705	67.725	67.695	67.715	5
2025-08-29 11:15	67.720	67.735	67.665	67.715	5
2025-08-29 11:20	67.720	67.725	67.685	67.715	4
2025-08-29 11:25	67.735	67.775	67.685	67.695	5
2025-08-29 11:30	67.705	67.725	67.615	67.645	5
2025-08-29 11:35	67.655	67.675	67.625	67.660	5
2025-08-29 11:40	67.665	67.755	67.665	67.755	5
2025-08-29 11:45	67.765	67.765	67.715	67.725	5
2025-08-29 11:50	67.730	67.740	67.705	67.710	5
2025-08-29 11:55	67.715	67.790	67.635	67.775	5
2025-08-29 12:00	67.765	67.775	67.705	67.715	5
2025-08-29 12:05	67.705	67.745	67.683	67.745	4
2025-08-29 12:10	67.740	67.740	67.720	67.740	5
2025-08-29 12:15	67.745	67.755	67.690	67.715	5
2025-08-29 12:20	67.725	67.815	67.720	67.725	5
2025-08-29 12:25	67.715	67.735	67.705	67.725	5
2025-08-29 12:30	67.715	67.780	67.710	67.765	5
2025-08-29 12:35	67.770	67.800	67.755	67.795	5
2025-08-29 12:40	67.800	67.815	67.785	67.810	5
2025-08-29 12:45	67.805	67.875	67.805	67.865	5
2025-08-29 12:50	67.875	67.905	67.865	67.870	5
2025-08-29 12:55	67.865	67.895	67.840	67.850	5
2025-08-29 13:00	67.845	67.875	67.705	67.765	5
2025-08-29 13:05	67.760	67.805	67.665	67.675	5
2025-08-29 13:10	67.680	67.740	67.680	67.740	5
2025-08-29 13:15	67.735	67.780	67.715	67.745	5
2025-08-29 13:20	67.750	67.815	67.725	67.765	5
2025-08-29 13:25	67.775	67.795	67.715	67.790	5
2025-08-29 13:30	67.805	67.815	67.745	67.755	5
2025-08-29 13:35	67.760	67.765	67.715	67.755	5
2025-08-29 13:40	67.750	67.835	67.720	67.785	5
2025-08-29 13:45	67.790	67.825	67.655	67.775	5
2025-08-29 13:50	67.770	67.775	67.685	67.705	5
2025-08-29 13:55	67.700	67.750	67.635	67.740	5
2025-08-29 14:00	67.730	67.835	67.680	67.765	5
2025-08-29 14:05	67.770	67.770	67.500	67.645	5
2025-08-29 14:10	67.655	67.695	67.535	67.575	5
2025-08-29 14:15	67.565	67.565	67.455	67.455	5
2025-08-29 14:20	67.440	67.545	67.425	67.505	5
2025-08-29 14:25	67.510	67.515	67.415	67.485	5
2025-08-29 14:30	67.505	67.525	67.335	67.335	5
2025-08-29 14:35	67.325	67.405	67.325	67.330	5
2025-08-29 14:40	67.325	67.435	67.305	67.385	5
2025-08-29 14:45	67.390	67.445	67.375	67.435	5
2025-08-29 14:50	67.405	67.420	67.330	67.355	5
2025-08-29 14:55	67.365	67.495	67.355	67.485	5
2025-08-29 15:00	67.505	67.505	67.320	67.335	5
2025-08-29 15:05	67.355	67.470	67.355	67.440	5
2025-08-29 15:10	67.445	67.450	67.405	67.435	5
2025-08-29 15:15	67.420	67.455	67.395	67.450	5
2025-08-29 15:20	67.445	67.495	67.375	67.395	5
2025-08-29 15:25	67.400	67.450	67.375	67.430	5
2025-08-29 15:30	67.405	67.430	67.355	67.385	5
2025-08-29 15:35	67.380	67.435	67.345	67.415	5
2025-08-29 15:40	67.410	67.465	67.360	67.465	5
2025-08-29 15:45	67.470	67.515	67.455	67.475	5
2025-08-29 15:50	67.485	67.675	67.435	67.665	5
2025-08-29 15:55	67.655	67.710	67.560	67.565	4
2025-08-29 16:00	67.580	67.585	67.485	67.515	5
2025-08-29 16:05	67.505	67.505	67.415	67.425	5
2025-08-29 16:10	67.430	67.460	67.405	67.445	5
2025-08-29 16:15	67.440	67.495	67.420	67.450	5
2025-08-29 16:20	67.455	67.480	67.445	67.475	5
2025-08-29 16:25	67.465	67.495	67.450	67.475	5
2025-08-29 16:30	67.480	67.495	67.375	67.385	5
2025-08-29 16:35	67.375	67.395	67.275	67.335	5
2025-08-29 16:40	67.330	67.335	67.305	67.330	5
2025-08-29 16:45	67.335	67.395	67.335	67.395	5
2025-08-29 16:50	67.385	67.385	67.335	67.365	5
2025-08-29 16:55	67.375	67.415	67.375	67.395	5
2025-08-29 17:00	67.390	67.395	67.340	67.340	5
2025-08-29 17:05	67.345	67.460	67.335	67.430	5
2025-08-29 17:10	67.425	67.465	67.410	67.420	5
2025-08-29 17:15	67.425	67.515	67.420	67.475	5
2025-08-29 17:20	67.470	67.475	67.340	67.380	5
2025-08-29 17:25	67.375	67.435	67.345	67.435	5
2025-08-29 17:30	67.430	67.435	67.385	67.395	5
2025-08-29 17:35	67.385	67.415	67.365	67.370	5
2025-08-29 17:40	67.355	67.415	67.340	67.395	5
2025-08-29 17:45	67.390	67.460	67.385	67.445	5
2025-08-29 17:50	67.450	67.475	67.415	67.455	5
2025-08-29 17:55	67.465	67.465	67.390	67.435	5
2025-08-29 18:00	67.440	67.475	67.415	67.445	5
2025-08-29 18:05	67.435	67.445	67.385	67.415	5
2025-08-29 18:10	67.410	67.445	67.405	67.430	5
2025-08-29 18:15	67.435	67.435	67.410	67.435	5
2025-08-29 18:20	67.430	67.515	67.405	67.505	5
2025-08-29 18:25	67.495	67.545	67.435	67.445	5
2025-08-29 18:30	67.455	67.455	67.405	67.435	5
2025-08-29 18:35	67.425	67.455	67.385	67.445	5
2025-08-29 18:40	67.435	67.465	67.425	67.435	4
2025-08-29 18:45	67.440	67.445	67.385	67.385	5
2025-08-29 18:50	67.375	67.420	67.370	67.415	5
2025-08-29 18:55	67.410	67.440	67.405	67.435	4
2025-08-29 19:00	67.440	67.440	67.415	67.420	5
2025-08-29 19:05	67.425	67.435	67.420	67.425	4
2025-08-29 19:10	67.415	67.415	67.385	67.385	5
2025-08-29 19:15	67.390	67.415	67.385	67.415	5
2025-08-29 19:20	67.425	67.465	67.425	67.430	5
2025-08-29 19:25	67.435	67.445	67.405	67.425	4
2025-08-29 19:30	67.415	67.415	67.365	67.375	5
2025-08-29 19:35	67.370	67.395	67.370	67.395	4
2025-08-29 19:40	67.385	67.405	67.385	67.405	5
2025-08-29 19:45	67.395	67.425	67.363	67.363	3
2025-08-29 19:50	67.405	67.405	67.375	67.400	5
2025-08-29 19:55	67.405	67.405	67.385	67.385	4
2025-08-29 20:00	67.390	67.405	67.362	67.382	4
2025-08-29 20:05	67.377	67.432	67.377	67.412	5
2025-08-29 20:10	67.417	67.427	67.398	67.422	5
2025-08-29 20:15	67.427	67.432	67.422	67.427	5
2025-08-29 20:20	67.422	67.422	67.393	67.417	4
2025-08-29 20:25	67.412	67.422	67.393	67.407	5
2025-08-29 20:30	67.412	67.412	67.352	67.372	5
2025-08-29 20:35	67.348	67.382	67.348	67.358	4
2025-08-29 20:40	67.387	67.402	67.377	67.377	5
2025-08-29 20:45	67.382	67.382	67.347	67.362	5
2025-08-29 20:50	67.357	67.377	67.352	67.367	5
2025-08-29 20:55	67.372	67.427	67.357	67.402	5
2025-09-01 00:00	67.400	67.405	67.340	67.370	5
2025-09-01 00:05	67.360	67.380	67.355	67.375	5
2025-09-01 00:10	67.380	67.405	67.380	67.405	5
2025-09-01 00:15	67.358	67.405	67.358	67.395	5
2025-09-01 00:20	67.400	67.405	67.358	67.385	5
2025-09-01 00:25	67.390	67.390	67.375	67.390	5
2025-09-01 00:30	67.385	67.385	67.328	67.335	4
2025-09-01 00:35	67.330	67.340	67.310	67.335	5
2025-09-01 00:40	67.340	67.345	67.335	67.335	4
2025-09-01 00:45	67.345	67.350	67.298	67.350	4
2025-09-01 00:50	67.345	67.365	67.298	67.365	5
2025-09-01 00:55	67.360	67.380	67.360	67.365	5
2025-09-01 01:00	67.360	67.360	67.235	67.335	5
2025-09-01 01:05	67.340	67.340	67.295	67.295	5
2025-09-01 01:10	67.300	67.305	67.235	67.260	5
2025-09-01 01:15	67.255	67.265	67.180	67.200	5
2025-09-01 01:20	67.205	67.230	67.195	67.200	5
2025-09-01 01:25	67.205	67.225	67.195	67.215	5
2025-09-01 01:30	67.225	67.225	67.195	67.195	5
2025-09-01 01:35	67.185	67.185	67.105	67.135	4
2025-09-01 01:40	67.088	67.185	67.088	67.170	5
2025-09-01 01:45	67.175	67.215	67.148	67.195	5
2025-09-01 01:50	67.148	67.195	67.148	67.165	5
2025-09-01 01:55	67.155	67.170	67.145	67.155	5
2025-09-01 02:00	67.150	67.155	67.095	67.145	5
2025-09-01 02:05	67.135	67.185	67.125	67.180	5
2025-09-01 02:10	67.185	67.185	67.155	67.170	5
2025-09-01 02:15	67.165	67.180	67.128	67.165	5
2025-09-01 02:20	67.155	67.175	67.118	67.175	5
2025-09-01 02:25	67.138	67.245	67.138	67.230	5
2025-09-01 02:30	67.235	67.235	67.158	67.205	4
2025-09-01 02:35	67.200	67.200	67.185	67.195	3
2025-09-01 02:40	67.205	67.235	67.175	67.230	5
2025-09-01 02:45	67.235	67.235	67.175	67.175	5
2025-09-01 02:50	67.170	67.205	67.155	67.195	5
2025-09-01 02:55	67.190	67.200	67.148	67.148	5
2025-09-01 03:00	67.195	67.205	67.170	67.185	4
2025-09-01 03:05	67.175	67.205	67.175	67.185	5
2025-09-01 03:10	67.190	67.205	67.175	67.205	5
2025-09-01 03:15	67.215	67.240	67.200	67.230	5
2025-09-01 03:20	67.235	67.235	67.195	67.195	5
2025-09-01 03:25	67.200	67.205	67.175	67.190	4
2025-09-01 03:30	67.195	67.195	67.148	67.190	5
2025-09-01 03:35	67.195	67.195	67.185	67.190	4
2025-09-01 03:40	67.195	67.205	67.148	67.200	4
2025-09-01 03:45	67.195	67.215	67.148	67.205	4
2025-09-01 03:50	67.195	67.195	67.143	67.170	4
2025-09-01 03:55	67.175	67.175	67.128	67.128	4
2025-09-01 04:00	67.180	67.180	67.118	67.118	4
2025-09-01 04:05	67.165	67.165	67.145	67.160	5
2025-09-01 04:10	67.165	67.170	67.118	67.170	5
2025-09-01 04:15	67.165	67.165	67.113	67.165	4
2025-09-01 04:20	67.118	67.175	67.118	67.170	4
2025-09-01 04:25	67.165	67.165	67.113	67.113	5
2025-09-01 04:30	67.155	67.170	67.118	67.165	5
2025-09-01 04:35	67.160	67.170	67.123	67.165	4
2025-09-01 04:40	67.118	67.170	67.118	67.165	4
2025-09-01 04:45	67.160	67.170	67.118	67.118	4
2025-09-01 04:50	67.175	67.175	67.118	67.118	4
2025-09-01 04:55	67.170	67.175	67.123	67.170	5
2025-09-01 05:00	67.175	67.185	67.128	67.180	5
2025-09-01 05:05	67.185	67.195	67.148	67.195	4
2025-09-01 05:10	67.148	67.195	67.148	67.180	4
2025-09-01 05:15	67.175	67.205	67.138	67.205	5
2025-09-01 05:20	67.215	67.215	67.190	67.190	5
2025-09-01 05:25	67.185	67.205	67.185	67.205	4
2025-09-01 05:30	67.200	67.225	67.200	67.225	4
2025-09-01 05:35	67.215	67.235	67.215	67.230	5
2025-09-01 05:40	67.225	67.225	67.145	67.195	5
2025-09-01 05:45	67.185	67.185	67.125	67.165	5
2025-09-01 05:50	67.170	67.200	67.170	67.195	5
2025-09-01 05:55	67.230	67.255	67.225	67.230	4
2025-09-01 06:00	67.235	67.345	67.220	67.320	5
2025-09-01 06:05	67.325	67.335	67.290	67.320	5
2025-09-01 06:10	67.335	67.465	67.335	67.455	5
2025-09-01 06:15	67.460	67.545	67.455	67.515	5
2025-09-01 06:20	67.510	67.565	67.495	67.495	5
2025-09-01 06:25	67.505	67.535	67.485	67.525	5
2025-09-01 06:30	67.535	67.555	67.500	67.505	5
2025-09-01 06:35	67.510	67.545	67.485	67.545	5
2025-09-01 06:40	67.550	67.595	67.535	67.590	5
2025-09-01 06:45	67.585	67.615	67.585	67.585	5
2025-09-01 06:50	67.595	67.595	67.545	67.550	5
2025-09-01 06:55	67.545	67.580	67.535	67.565	5
2025-09-01 07:00	67.560	67.575	67.505	67.570	5
2025-09-01 07:05	67.575	67.690	67.565	67.650	5
2025-09-01 07:10	67.655	67.755	67.645	67.735	5
2025-09-01 07:15	67.730	67.765	67.715	67.745	5
2025-09-01 07:20	67.750	67.775	67.745	67.760	5
2025-09-01 07:25	67.750	67.775	67.725	67.755	5
2025-09-01 07:30	67.760	67.825	67.755	67.805	5
2025-09-01 07:35	67.785	67.815	67.755	67.795	5
2025-09-01 07:40	67.800	67.805	67.780	67.795	5
2025-09-01 07:45	67.805	67.840	67.805	67.805	5
2025-09-01 07:50	67.800	67.815	67.755	67.785	5
2025-09-01 07:55	67.775	67.780	67.715	67.740	5
2025-09-01 08:00	67.745	67.780	67.635	67.650	5
2025-09-01 08:05	67.645	67.680	67.615	67.675	5
2025-09-01 08:10	67.670	67.725	67.645	67.725	5
2025-09-01 08:15	67.720	67.775	67.720	67.760	5
2025-09-01 08:20	67.755	67.785	67.745	67.765	5
2025-09-01 08:25	67.770	67.785	67.705	67.725	5
2025-09-01 08:30	67.715	67.755	67.715	67.755	5
2025-09-01 08:35	67.745	67.745	67.690	67.715	4
2025-09-01 08:40	67.725	67.755	67.725	67.745	4
2025-09-01 08:45	67.750	67.785	67.745	67.775	4
2025-09-01 08:50	67.770	67.805	67.765	67.795	4
2025-09-01 08:55	67.805	67.915	67.805	67.915	5
2025-09-01 09:00	67.905	68.065	67.905	68.065	5
2025-09-01 09:05	68.107	68.165	68.105	68.155	5
2025-09-01 09:10	68.145	68.165	68.145	68.165	4
2025-09-01 09:15	68.185	68.185	68.155	68.155	5
2025-09-01 09:20	68.165	68.215	68.165	68.210	4
2025-09-01 09:25	68.215	68.215	68.050	68.105	5
2025-09-01 09:30	68.110	68.125	68.095	68.105	5
2025-09-01 09:35	68.110	68.125	68.075	68.090	5
2025-09-01 09:40	68.085	68.150	68.085	68.120	5
2025-09-01 09:45	68.115	68.155	68.105	68.125	4
2025-09-01 09:50	68.115	68.145	68.095	68.100	5
2025-09-01 09:55	68.095	68.160	68.085	68.140	5
2025-09-01 10:00	68.135	68.135	68.050	68.075	4
2025-09-01 10:05	68.070	68.070	68.025	68.055	4
2025-09-01 10:10	68.070	68.105	68.050	68.065	5
2025-09-01 10:15	68.055	68.085	68.050	68.085	4
2025-09-01 10:20	68.075	68.095	68.065	68.085	5
2025-09-01 10:25	68.075	68.085	68.065	68.075	5
2025-09-01 10:30	68.065	68.065	67.995	68.015	5
2025-09-01 10:35	68.005	68.040	68.005	68.015	5
2025-09-01 10:40	68.010	68.015	67.985	68.005	5
2025-09-01 10:45	68.000	68.025	68.000	68.005	5
2025-09-01 10:50	68.025	68.055	68.025	68.045	2
2025-09-01 10:55	68.040	68.065	68.035	68.045	5
2025-09-01 11:00	68.035	68.125	68.035	68.105	5
2025-09-01 11:05	68.095	68.125	68.085	68.095	5
2025-09-01 11:10	68.090	68.135	68.085	68.130	5
2025-09-01 11:15	68.115	68.130	68.065	68.105	5
2025-09-01 11:20	68.095	68.105	68.065	68.085	4
2025-09-01 11:25	68.080	68.105	68.055	68.070	5
2025-09-01 11:30	68.065	68.085	68.065	68.075	4
2025-09-01 11:35	68.080	68.110	68.075	68.105	5
2025-09-01 11:40	68.110	68.115	68.095	68.095	5
2025-09-01 11:45	68.085	68.095	68.075	68.095	3
2025-09-01 11:50	68.085	68.105	68.085	68.105	4
2025-09-01 11:55	68.110	68.155	68.095	68.155	4
2025-09-01 12:00	68.165	68.250	68.165	68.185	5
2025-09-01 12:05	68.195	68.245	68.190	68.235	5
2025-09-01 12:10	68.230	68.305	68.215	68.290	5
2025-09-01 12:15	68.285	68.315	68.250	68.255	4
2025-09-01 12:20	68.245	68.305	68.225	68.295	5
2025-09-01 12:25	68.285	68.295	68.255	68.275	5
2025-09-01 12:30	68.280	68.295	68.240	68.265	5
2025-09-01 12:35	68.270	68.305	68.265	68.305	5
2025-09-01 12:40	68.295	68.325	68.285	68.305	4
2025-09-01 12:45	68.295	68.305	68.265	68.275	5
2025-09-01 12:50	68.280	68.305	68.260	68.300	5
2025-09-01 12:55	68.295	68.295	68.250	68.285	5
2025-09-01 13:00	68.275	68.275	68.155	68.155	5
2025-09-01 13:05	68.165	68.235	68.150	68.185	5
2025-09-01 13:10	68.190	68.195	68.145	68.155	5
2025-09-01 13:15	68.165	68.295	68.155	68.265	5
2025-09-01 13:20	68.275	68.335	68.255	68.310	5
2025-09-01 13:25	68.305	68.305	68.215	68.265	5
2025-09-01 13:30	68.275	68.305	68.245	68.265	5
2025-09-01 13:35	68.255	68.275	68.195	68.215	5
2025-09-01 13:40	68.225	68.225	68.165	68.225	5
2025-09-01 13:45	68.230	68.315	68.210	68.295	5
2025-09-01 13:50	68.300	68.335	68.265	68.265	5
2025-09-01 13:55	68.270	68.300	68.255	68.295	5
2025-09-01 14:00	68.285	68.315	68.255	68.255	5
2025-09-01 14:05	68.250	68.250	68.205	68.235	5
2025-09-01 14:10	68.240	68.250	68.215	68.235	5
2025-09-01 14:15	68.230	68.245	68.145	68.185	5
2025-09-01 14:20	68.180	68.185	68.125	68.175	5
2025-09-01 14:25	68.185	68.215	68.165	68.170	5
2025-09-01 14:30	68.165	68.190	68.155	68.175	5
2025-09-01 14:35	68.170	68.195	68.135	68.150	5
2025-09-01 14:40	68.155	68.195	68.145	68.175	5
2025-09-01 14:45	68.180	68.195	68.135	68.155	4
2025-09-01 14:50	68.165	68.195	68.155	68.165	3
2025-09-01 14:55	68.155	68.155	68.125	68.140	5
2025-09-01 15:00	68.135	68.185	68.130	68.185	5
2025-09-01 15:05	68.175	68.285	68.175	68.275	5
2025-09-01 15:10	68.285	68.315	68.270	68.305	5
2025-09-01 15:15	68.315	68.335	68.215	68.215	5
2025-09-01 15:20	68.225	68.225	68.125	68.125	5
2025-09-01 15:25	68.115	68.200	68.070	68.105	5
2025-09-01 15:30	68.110	68.185	68.105	68.185	5
2025-09-01 15:35	68.195	68.235	68.155	68.185	5
2025-09-01 15:40	68.195	68.205	68.165	68.200	5
2025-09-01 15:45	68.205	68.265	68.195	68.235	5
2025-09-01 15:50	68.215	68.245	68.195	68.225	5
2025-09-01 15:55	68.230	68.245	68.175	68.175	5
2025-09-01 16:00	68.165	68.175	68.105	68.105	5
2025-09-01 16:05	68.110	68.175	68.110	68.145	5
2025-09-01 16:10	68.140	68.145	68.115	68.115	5
2025-09-01 16:15	68.110	68.155	68.085	68.155	5
2025-09-01 16:20	68.160	68.185	68.145	68.145	4
2025-09-01 16:25	68.140	68.160	68.130	68.135	5
2025-09-01 16:30	68.130	68.135	68.085	68.105	5
2025-09-01 16:35	68.110	68.110	68.065	68.075	5
2025-09-01 16:40	68.070	68.105	68.070	68.075	5
2025-09-01 16:45	68.085	68.090	68.065	68.065	5
2025-09-01 16:50	68.070	68.135	68.070	68.110	5
2025-09-01 16:55	68.105	68.155	68.085	68.120	5
2025-09-01 17:00	68.110	68.135	68.075	68.115	5
2025-09-01 17:05	68.125	68.170	68.103	68.103	5
2025-09-01 17:10	68.145	68.150	68.103	68.135	4
2025-09-01 17:15	68.145	68.145	68.103	68.125	3
2025-09-01 17:20	68.130	68.135	68.093	68.093	4
2025-09-01 17:25	68.135	68.150	68.125	68.135	4
2025-09-02 00:00	68.150	68.240	68.130	68.225	5
2025-09-02 00:05	68.178	68.230	68.178	68.225	5
2025-09-02 00:10	68.235	68.265	68.225	68.260	5
2025-09-02 00:15	68.255	68.285	68.255	68.275	5
2025-09-02 00:20	68.285	68.315	68.248	68.300	5
2025-09-02 00:25	68.295	68.320	68.258	68.315	4
2025-09-02 00:30	68.268	68.350	68.268	68.278	5
2025-09-02 00:35	68.288	68.335	68.288	68.335	4
2025-09-02 00:40	68.315	68.315	68.251	68.275	5
2025-09-02 00:45	68.280	68.310	68.275	68.305	5
2025-09-02 00:50	68.300	68.325	68.295	68.315	5
2025-09-02 00:55	68.305	68.345	68.268	68.335	4
2025-09-02 01:00	68.325	68.410	68.325	68.380	5
2025-09-02 01:05	68.375	68.415	68.375	68.400	5
2025-09-02 01:10	68.405	68.445	68.395	68.415	5
2025-09-02 01:15	68.420	68.455	68.405	68.415	5
2025-09-02 01:20	68.425	68.435	68.405	68.435	5
2025-09-02 01:25	68.430	68.465	68.425	68.445	5
2025-09-02 01:30	68.440	68.495	68.425	68.485	5
2025-09-02 01:35	68.490	68.560	68.490	68.515	5
2025-09-02 01:40	68.510	68.515	68.475	68.495	4
2025-09-02 01:45	68.505	68.540	68.505	68.515	4
2025-09-02 01:50	68.520	68.535	68.505	68.505	5
2025-09-02 01:55	68.515	68.520	68.470	68.470	5
2025-09-02 02:00	68.475	68.475	68.370	68.375	5
2025-09-02 02:05	68.370	68.455	68.370	68.435	5
2025-09-02 02:10	68.430	68.435	68.395	68.425	5
2025-09-02 02:15	68.420	68.430	68.358	68.358	5
2025-09-02 02:20	68.410	68.415	68.358	68.415	5
2025-09-02 02:25	68.410	68.425	68.395	68.425	5
2025-09-02 02:30	68.430	68.435	68.368	68.368	5
2025-09-02 02:35	68.415	68.450	68.410	68.435	5
2025-09-02 02:40	68.430	68.445	68.380	68.425	5
2025-09-02 02:45	68.420	68.460	68.415	68.445	5
2025-09-02 02:50	68.450	68.485	68.445	68.465	5
2025-09-02 02:55	68.475	68.475	68.425	68.440	5
2025-09-02 03:00	68.435	68.455	68.425	68.450	5
2025-09-02 03:05	68.445	68.485	68.420	68.485	5
2025-09-02 03:10	68.475	68.475	68.435	68.440	5
2025-09-02 03:15	68.435	68.435	68.385	68.400	5
2025-09-02 03:20	68.405	68.460	68.405	68.455	5
2025-09-02 03:25	68.460	68.465	68.410	68.415	5
2025-09-02 03:30	68.410	68.425	68.378	68.378	5
2025-09-02 03:35	68.415	68.435	68.415	68.420	5
2025-09-02 03:40	68.425	68.435	68.383	68.430	5
2025-09-02 03:45	68.435	68.450	68.415	68.430	5
2025-09-02 03:50	68.425	68.445	68.420	68.425	4
2025-09-02 03:55	68.430	68.465	68.425	68.435	4
2025-09-02 04:00	68.430	68.455	68.398	68.440	5
2025-09-02 04:05	68.435	68.435	68.388	68.388	4
2025-09-02 04:10	68.435	68.435	68.425	68.425	4
2025-09-02 04:15	68.378	68.435	68.378	68.430	4
2025-09-02 04:20	68.425	68.435	68.415	68.420	5
2025-09-02 04:25	68.415	68.430	68.378	68.425	5
2025-09-02 04:30	68.420	68.425	68.378	68.410	5
2025-09-02 04:35	68.415	68.425	68.368	68.420	5
2025-09-02 04:40	68.415	68.415	68.370	68.395	5
2025-09-02 04:45	68.400	68.420	68.368	68.420	4
2025-09-02 04:50	68.415	68.435	68.405	68.415	5
2025-09-02 04:55	68.368	68.410	68.358	68.370	5
2025-09-02 05:00	68.375	68.405	68.345	68.385	5
2025-09-02 05:05	68.380	68.385	68.365	68.365	5
2025-09-02 05:10	68.375	68.410	68.365	68.410	5
2025-09-02 05:15	68.405	68.410	68.395	68.405	5
2025-09-02 05:20	68.358	68.435	68.358	68.430	5
2025-09-02 05:25	68.425	68.440	68.425	68.430	4
2025-09-02 05:30	68.435	68.445	68.405	68.430	5
2025-09-02 05:35	68.425	68.430	68.410	68.420	5
2025-09-02 05:40	68.373	68.435	68.373	68.415	5
2025-09-02 05:45	68.420	68.485	68.420	68.455	5
2025-09-02 05:50	68.460	68.480	68.450	68.465	5
2025-09-02 05:55	68.470	68.480	68.455	68.455	5
2025-09-02 06:00	68.460	68.540	68.455	68.535	5
2025-09-02 06:05	68.540	68.590	68.515	68.525	5
2025-09-02 06:10	68.520	68.525	68.453	68.495	5
2025-09-02 06:15	68.490	68.505	68.380	68.380	5
2025-09-02 06:20	68.375	68.475	68.355	68.455	5
2025-09-02 06:25	68.460	68.485	68.435	68.440	5
2025-09-02 06:30	68.450	68.505	68.440	68.490	5
2025-09-02 06:35	68.495	68.520	68.475	68.500	5
2025-09-02 06:40	68.505	68.535	68.475	68.495	4
2025-09-02 06:45	68.505	68.520	68.425	68.435	5
2025-09-02 06:50	68.425	68.525	68.425	68.515	5
2025-09-02 06:55	68.505	68.565	68.505	68.565	4
2025-09-02 07:00	68.555	68.685	68.555	68.675	5
2025-09-02 07:05	68.685	68.755	68.680	68.695	5
2025-09-02 07:10	68.705	68.715	68.665	68.685	4
2025-09-02 07:15	68.675	68.705	68.665	68.670	5
2025-09-02 07:20	68.675	68.735	68.665	68.715	5
2025-09-02 07:25	68.720	68.745	68.670	68.705	5
2025-09-02 07:30	68.700	68.730	68.690	68.705	5
2025-09-02 07:35	68.720	68.745	68.660	68.660	5
2025-09-02 07:40	68.665	68.665	68.615	68.650	5
2025-09-02 07:45	68.655	68.655	68.615	68.615	4
2025-09-02 07:50	68.625	68.690	68.625	68.665	5
2025-09-02 07:55	68.655	68.680	68.625	68.665	5
2025-09-02 08:00	68.660	68.795	68.618	68.765	5
2025-09-02 08:05	68.755	68.805	68.740	68.785	5
2025-09-02 08:10	68.790	68.810	68.660	68.695	5
2025-09-02 08:15	68.710	68.765	68.695	68.735	5
2025-09-02 08:20	68.740	68.770	68.725	68.745	5
2025-09-02 08:25	68.755	68.845	68.755	68.805	5
2025-09-02 08:30	68.815	68.940	68.775	68.925	5
2025-09-02 08:35	68.935	68.975	68.905	68.925	5
2025-09-02 08:40	68.935	69.165	68.925	69.145	5
2025-09-02 08:45	69.150	69.200	69.075	69.165	5
2025-09-02 08:50	69.170	69.255	69.120	69.235	5
2025-09-02 08:55	69.245	69.285	69.225	69.245	5
2025-09-02 09:00	69.240	69.240	69.115	69.185	5
2025-09-02 09:05	69.180	69.195	69.145	69.185	5
2025-09-02 09:10	69.195	69.210	69.175	69.195	5
2025-09-02 09:15	69.200	69.275	69.195	69.275	5
2025-09-02 09:20	69.270	69.355	69.255	69.265	5
2025-09-02 09:25	69.260	69.365	69.255	69.355	5
2025-09-02 09:30	69.360	69.360	69.270	69.285	5
2025-09-02 09:35	69.290	69.315	69.265	69.295	5
2025-09-02 09:40	69.305	69.315	69.245	69.300	5
2025-09-02 09:45	69.295	69.375	69.295	69.365	5
2025-09-02 09:50	69.375	69.485	69.345	69.455	5
2025-09-02 09:55	69.445	69.475	69.375	69.440	5
2025-09-02 10:00	69.445	69.460	69.375	69.455	5
2025-09-02 10:05	69.465	69.505	69.455	69.485	5
2025-09-02 10:10	69.495	69.495	69.405	69.435	5
2025-09-02 10:15	69.425	69.455	69.395	69.415	5
2025-09-02 10:20	69.425	69.435	69.340	69.355	5
2025-09-02 10:25	69.365	69.415	69.345	69.355	5
2025-09-02 10:30	69.360	69.415	69.340	69.395	5
2025-09-02 10:35	69.385	69.395	69.355	69.385	5
2025-09-02 10:40	69.405	69.405	69.335	69.355	4
2025-09-02 10:45	69.360	69.385	69.335	69.375	4
2025-09-02 10:50	69.365	69.425	69.365	69.385	4
2025-09-02 10:55	69.390	69.415	69.365	69.395	5
2025-09-02 11:00	69.400	69.425	69.255	69.265	5
2025-09-02 11:05	69.260	69.265	69.200	69.225	5
2025-09-02 11:10	69.230	69.315	69.195	69.205	5
2025-09-02 11:15	69.215	69.220	69.180	69.205	5
2025-09-02 11:20	69.215	69.245	69.205	69.225	5
2025-09-02 11:25	69.220	69.225	69.185	69.215	5
2025-09-02 11:30	69.220	69.295	69.215	69.245	5
2025-09-02 11:35	69.240	69.275	69.225	69.275	5
2025-09-02 11:40	69.280	69.280	69.225	69.235	5
2025-09-02 11:45	69.245	69.255	69.195	69.215	5
2025-09-02 11:50	69.205	69.245	69.205	69.245	5
2025-09-02 11:55	69.250	69.255	69.200	69.220	5
2025-09-02 12:00	69.215	69.275	69.215	69.265	5
2025-09-02 12:05	69.275	69.285	69.260	69.275	5
2025-09-02 12:10	69.280	69.280	69.153	69.175	5
2025-09-02 12:15	69.180	69.235	69.125	69.175	5
2025-09-02 12:20	69.180	69.185	69.125	69.155	5
2025-09-02 12:25	69.160	69.165	68.825	68.870	5
2025-09-02 12:30	68.875	68.940	68.850	68.865	5
2025-09-02 12:35	68.880	68.880	68.605	68.625	5
2025-09-02 12:40	68.630	68.635	68.375	68.375	5
2025-09-02 12:45	68.365	68.475	68.310	68.400	5
2025-09-02 12:50	68.395	68.450	68.203	68.208	5
2025-09-02 12:55	68.250	68.280	68.043	68.070	5
2025-09-02 13:00	68.065	68.275	68.045	68.215	5
2025-09-02 13:05	68.220	68.300	68.075	68.295	5
2025-09-02 13:10	68.300	68.375	68.275	68.355	5
2025-09-02 13:15	68.345	68.525	68.345	68.495	5
2025-09-02 13:20	68.520	68.625	68.435	68.465	5
2025-09-02 13:25	68.460	68.500	68.425	68.495	5
2025-09-02 13:30	68.475	68.515	68.185	68.300	5
2025-09-02 13:35	68.305	68.345	68.245	68.285	5
2025-09-02 13:40	68.290	68.290	68.155	68.285	5
2025-09-02 13:45	68.275	68.395	68.270	68.365	5
2025-09-02 13:50	68.385	68.500	68.365	68.455	5
2025-09-02 13:55	68.460	68.480	68.400	68.440	5
2025-09-02 14:00	68.435	68.515	68.385	68.465	5
2025-09-02 14:05	68.475	68.545	68.430	68.505	5
2025-09-02 14:10	68.515	68.585	68.405	68.455	5
2025-09-02 14:15	68.460	68.555	68.425	68.535	5
2025-09-02 14:20	68.545	68.575	68.465	68.495	5
2025-09-02 14:25	68.485	68.485	68.345	68.365	5
2025-09-02 14:30	68.360	68.360	68.255	68.305	5
2025-09-02 14:35	68.300	68.410	68.285	68.315	5
2025-09-02 14:40	68.325	68.425	68.325	68.400	5
2025-09-02 14:45	68.410	68.585	68.410	68.585	5
2025-09-02 14:50	68.553	68.715	68.553	68.655	5
2025-09-02 14:55	68.650	68.815	68.645	68.735	5
2025-09-02 15:00	68.725	68.895	68.675	68.875	5
2025-09-02 15:05	68.885	68.925	68.785	68.805	5
2025-09-02 15:10	68.795	68.860	68.795	68.815	5
2025-09-02 15:15	68.805	68.815	68.700	68.735	5
2025-09-02 15:20	68.745	68.865	68.735	68.855	5
2025-09-02 15:25	68.850	68.870	68.745	68.790	5
2025-09-02 15:30	68.795	68.905	68.765	68.855	5
2025-09-02 15:35	68.865	68.965	68.865	68.965	5
2025-09-02 15:40	68.975	69.075	68.965	69.015	5
2025-09-02 15:45	69.025	69.045	68.905	68.915	5
2025-09-02 15:50	68.920	68.965	68.895	68.945	5
2025-09-02 15:55	68.955	68.975	68.915	68.945	5
2025-09-02 16:00	68.925	68.995	68.915	68.980	5
2025-09-02 16:05	68.985	69.030	68.905	69.025	5
2025-09-02 16:10	69.030	69.155	69.015	69.155	5
2025-09-02 16:15	69.160	69.165	69.075	69.105	5
2025-09-02 16:20	69.115	69.135	69.075	69.085	5
2025-09-02 16:25	69.075	69.105	69.055	69.095	5
2025-09-02 16:30	69.105	69.125	69.060	69.125	5
2025-09-02 16:35	69.135	69.135	69.095	69.125	5
2025-09-02 16:40	69.135	69.165	69.125	69.165	5
2025-09-02 16:45	69.155	69.155	69.105	69.110	5
2025-09-02 16:50	69.115	69.265	69.110	69.255	5
2025-09-02 16:55	69.245	69.245	69.175	69.185	5
2025-09-02 17:00	69.190	69.215	69.185	69.205	5
2025-09-02 17:05	69.195	69.205	69.025	69.035	5
2025-09-02 17:10	69.045	69.135	69.030	69.105	5
2025-09-02 17:15	69.100	69.165	69.095	69.155	5
2025-09-02 17:20	69.160	69.175	69.105	69.150	5
2025-09-02 17:25	69.155	69.215	69.115	69.190	5
2025-09-02 17:30	69.195	69.225	69.140	69.225	5
2025-09-02 17:35	69.230	69.235	69.165	69.180	5
2025-09-02 17:40	69.185	69.225	69.145	69.215	5
2025-09-02 17:45	69.205	69.215	69.180	69.195	5
2025-09-02 17:50	69.205	69.255	69.195	69.230	5
2025-09-02 17:55	69.225	69.235	69.085	69.105	5
2025-09-02 18:00	69.115	69.215	69.035	69.205	5
2025-09-02 18:05	69.200	69.215	69.155	69.195	5
2025-09-02 18:10	69.180	69.185	69.100	69.125	5
2025-09-02 18:15	69.120	69.145	69.105	69.125	5
2025-09-02 18:20	69.120	69.160	69.115	69.120	5
2025-09-02 18:25	69.125	69.175	69.025	69.125	5
2025-09-02 18:30	69.135	69.155	69.015	69.105	5
2025-09-02 18:35	69.100	69.105	69.035	69.080	5
2025-09-02 18:40	69.085	69.100	69.065	69.065	5
2025-09-02 18:45	69.055	69.055	69.015	69.045	5
2025-09-02 18:50	69.040	69.075	69.035	69.070	5
2025-09-02 18:55	69.075	69.075	69.013	69.055	4
2025-09-02 19:00	69.060	69.080	69.045	69.055	5
2025-09-02 19:05	69.065	69.155	69.065	69.155	5
2025-09-02 19:10	69.170	69.185	69.155	69.165	5
2025-09-02 19:15	69.160	69.185	69.143	69.175	5
2025-09-02 19:20	69.165	69.170	69.135	69.155	5
2025-09-02 19:25	69.145	69.165	69.135	69.135	4
2025-09-02 19:30	69.140	69.165	69.105	69.105	5
2025-09-02 19:35	69.110	69.135	69.105	69.125	5
2025-09-02 19:40	69.115	69.125	69.115	69.120	3
2025-09-02 19:45	69.125	69.140	69.115	69.115	5
2025-09-02 19:50	69.125	69.125	69.095	69.095	4
2025-09-02 19:55	69.100	69.135	69.095	69.115	5
2025-09-02 20:00	69.110	69.132	69.087	69.112	5
2025-09-02 20:05	69.122	69.127	69.117	69.127	3
2025-09-02 20:10	69.122	69.122	69.092	69.092	5
2025-09-02 20:15	69.087	69.092	69.013	69.022	4
2025-09-02 20:20	69.012	69.042	69.002	69.007	4
2025-09-02 20:25	69.002	69.037	69.002	69.032	4
2025-09-02 20:30	69.037	69.062	69.037	69.037	5
2025-09-02 20:35	69.042	69.042	68.992	68.997	4
2025-09-02 20:40	68.992	69.002	68.972	69.002	5
2025-09-02 20:45	69.012	69.037	69.012	69.027	5
2025-09-02 20:50	69.042	69.062	69.042	69.057	5
2025-09-02 20:55	69.062	69.087	69.052	69.062	5
2025-09-03 00:00	69.080	69.115	69.080	69.080	5
2025-09-03 00:05	69.085	69.095	69.040	69.040	5
2025-09-03 00:10	69.035	69.065	69.008	69.008	5
2025-09-03 00:15	69.095	69.120	69.058	69.095	4
2025-09-03 00:20	69.085	69.100	69.070	69.100	5
2025-09-03 00:25	69.105	69.115	69.058	69.110	5
2025-09-03 00:30	69.115	69.115	69.058	69.095	5
2025-09-03 00:35	69.105	69.135	69.068	69.115	3
2025-09-03 00:40	69.120	69.120	69.105	69.110	4
2025-09-03 00:45	69.105	69.105	69.058	69.058	2
2025-09-03 00:50	69.105	69.145	69.105	69.125	5
2025-09-03 00:55	69.120	69.130	69.110	69.120	5
2025-09-03 01:00	69.125	69.155	69.080	69.120	5
2025-09-03 01:05	69.125	69.125	69.085	69.100	5
2025-09-03 01:10	69.095	69.145	69.085	69.120	5
2025-09-03 01:15	69.125	69.135	69.085	69.105	5
2025-09-03 01:20	69.110	69.145	69.105	69.115	5
2025-09-03 01:25	69.068	69.185	69.068	69.185	5
2025-09-03 01:30	69.138	69.215	69.138	69.175	5
2025-09-03 01:35	69.180	69.190	69.125	69.125	5
2025-09-03 01:40	69.130	69.135	69.085	69.095	5
2025-09-03 01:45	69.100	69.110	69.080	69.095	5
2025-09-03 01:50	69.100	69.105	69.070	69.095	4
2025-09-03 01:55	69.105	69.105	69.055	69.065	4
2025-09-03 02:00	69.060	69.065	69.035	69.050	5
2025-09-03 02:05	69.045	69.085	69.045	69.065	5
2025-09-03 02:10	69.018	69.070	69.018	69.050	5
2025-09-03 02:15	69.055	69.085	69.055	69.070	4
2025-09-03 02:20	69.075	69.105	69.075	69.100	5
2025-09-03 02:25	69.105	69.105	69.075	69.075	4
2025-09-03 02:30	69.070	69.070	68.995	69.015	5
2025-09-03 02:35	69.020	69.045	68.995	69.040	5
2025-09-03 02:40	69.035	69.035	69.005	69.010	5
2025-09-03 02:45	69.015	69.055	69.010	69.035	5
2025-09-03 02:50	69.040	69.045	68.995	69.000	5
2025-09-03 02:55	69.005	69.020	68.968	69.015	4
2025-09-03 03:00	69.020	69.025	68.960	68.970	5
2025-09-03 03:05	68.975	68.985	68.955	68.965	5
2025-09-03 03:10	68.970	68.970	68.955	68.965	3
2025-09-03 03:15	68.955	68.980	68.950	68.955	5
2025-09-03 03:20	68.965	68.965	68.935	68.945	5
2025-09-03 03:25	68.930	68.935	68.910	68.915	3
2025-09-03 03:30	68.905	68.935	68.895	68.905	4
2025-09-03 03:35	68.895	68.895	68.845	68.850	5
2025-09-03 03:40	68.845	68.875	68.845	68.875	4
2025-09-03 03:45	68.880	68.895	68.875	68.895	4
2025-09-03 03:50	68.885	68.905	68.828	68.895	2
2025-09-03 03:55	68.890	68.905	68.828	68.875	5
2025-09-03 04:00	68.890	68.915	68.875	68.905	5
2025-09-03 04:05	68.900	68.900	68.885	68.885	2
2025-09-03 04:10	68.880	68.880	68.875	68.880	1
2025-09-03 04:15	68.875	68.910	68.875	68.905	4
2025-09-03 04:20	68.895	68.920	68.868	68.868	4
2025-09-03 04:25	68.910	68.925	68.905	68.905	4
2025-09-03 04:30	68.915	68.935	68.868	68.915	5
2025-09-03 04:35	68.905	68.915	68.868	68.915	4
2025-09-03 04:40	68.910	68.920	68.858	68.900	4
2025-09-03 04:45	68.905	68.950	68.905	68.935	4
2025-09-03 04:50	68.888	68.935	68.878	68.935	4
2025-09-03 04:55	68.930	68.935	68.920	68.920	5
2025-09-03 05:00	68.915	68.935	68.905	68.935	5
2025-09-03 05:05	68.930	68.935	68.878	68.935	3
2025-09-03 05:10	68.930	68.935	68.878	68.935	5
2025-09-03 05:15	68.945	68.955	68.945	68.945	2
2025-09-03 05:20	68.955	68.960	68.935	68.945	2
2025-09-03 05:25	68.955	68.965	68.950	68.955	3
2025-09-03 05:30	68.965	68.970	68.935	68.935	4
2025-09-03 05:35	68.945	68.945	68.935	68.935	3
2025-09-03 05:40	68.925	68.925	68.875	68.895	5
2025-09-03 05:45	68.885	68.890	68.835	68.855	5
2025-09-03 05:50	68.845	68.895	68.845	68.890	5
2025-09-03 05:55	68.885	68.900	68.865	68.870	5
2025-09-03 06:00	68.865	68.940	68.835	68.940	5
2025-09-03 06:05	68.945	68.960	68.880	68.920	5
2025-09-03 06:10	68.915	68.925	68.885	68.885	5
2025-09-03 06:15	68.890	68.890	68.845	68.855	5
2025-09-03 06:20	68.845	68.885	68.845	68.875	5
2025-09-03 06:25	68.870	68.895	68.845	68.885	5
2025-09-03 06:30	68.875	68.905	68.865	68.890	5
2025-09-03 06:35	68.895	68.905	68.855	68.870	5
2025-09-03 06:40	68.875	68.965	68.875	68.955	5
2025-09-03 06:45	68.960	68.985	68.875	68.900	5
2025-09-03 06:50	68.905	68.935	68.895	68.895	5
2025-09-03 06:55	68.905	68.925	68.865	68.915	5
2025-09-03 07:00	68.920	68.975	68.875	68.930	5
2025-09-03 07:05	68.925	68.965	68.790	68.835	5
2025-09-03 07:10	68.830	68.885	68.830	68.855	5
2025-09-03 07:15	68.845	68.875	68.835	68.845	5
2025-09-03 07:20	68.840	68.855	68.815	68.825	5
2025-09-03 07:25	68.835	68.845	68.775	68.795	5
2025-09-03 07:30	68.800	68.825	68.765	68.795	5
2025-09-03 07:35	68.790	68.855	68.745	68.755	5
2025-09-03 07:40	68.760	68.815	68.755	68.780	5
2025-09-03 07:45	68.775	68.820	68.770	68.805	5
2025-09-03 07:50	68.800	68.815	68.745	68.795	5
2025-09-03 07:55	68.785	68.835	68.785	68.835	5
2025-09-03 08:00	68.830	68.835	68.710	68.725	5
2025-09-03 08:05	68.730	68.810	68.725	68.805	5
2025-09-03 08:10	68.810	68.875	68.805	68.860	5
2025-09-03 08:15	68.855	68.870	68.795	68.855	5
2025-09-03 08:20	68.865	68.965	68.855	68.965	5
2025-09-03 08:25	68.975	68.995	68.895	68.910	5
2025-09-03 08:30	68.905	68.955	68.895	68.935	5
2025-09-03 08:35	68.930	68.955	68.875	68.945	5
2025-09-03 08:40	68.955	69.075	68.950	69.050	5
2025-09-03 08:45	69.055	69.055	68.935	68.955	5
2025-09-03 08:50	68.945	69.045	68.935	68.955	5
2025-09-03 08:55	68.950	68.955	68.885	68.935	5
2025-09-03 09:00	68.930	68.930	68.825	68.855	5
2025-09-03 09:05	68.860	68.875	68.770	68.865	5
2025-09-03 09:10	68.860	68.870	68.705	68.745	5
2025-09-03 09:15	68.735	68.885	68.715	68.810	5
2025-09-03 09:20	68.805	68.835	68.765	68.795	5
2025-09-03 09:25	68.790	68.835	68.755	68.755	5
2025-09-03 09:30	68.745	68.745	67.880	68.115	5
2025-09-03 09:35	68.105	68.390	68.105	68.195	5
2025-09-03 09:40	68.185	68.190	68.055	68.145	5
2025-09-03 09:45	68.140	68.170	67.995	68.035	5
2025-09-03 09:50	68.030	68.065	67.945	67.995	5
2025-09-03 09:55	67.985	68.035	67.945	67.995	5
2025-09-03 10:00	68.000	68.055	67.785	67.805	5
2025-09-03 10:05	67.795	67.825	67.740	67.805	5
2025-09-03 10:10	67.795	68.030	67.790	67.945	5
2025-09-03 10:15	67.935	67.975	67.875	67.895	5
2025-09-03 10:20	67.890	68.020	67.850	68.015	5
2025-09-03 10:25	68.010	68.015	67.925	67.935	5
2025-09-03 10:30	67.930	67.965	67.865	67.875	5
2025-09-03 10:35	67.870	67.945	67.870	67.905	5
2025-09-03 10:40	67.895	67.920	67.840	67.900	5
2025-09-03 10:45	67.895	67.915	67.805	67.810	5
2025-09-03 10:50	67.815	67.825	67.685	67.700	5
2025-09-03 10:55	67.695	67.820	67.695	67.785	5
2025-09-03 11:00	67.805	67.835	67.785	67.815	5
2025-09-03 11:05	67.805	67.950	67.785	67.945	5
2025-09-03 11:10	67.935	68.000	67.825	67.825	5
2025-09-03 11:15	67.835	67.905	67.795	67.845	5
2025-09-03 11:20	67.840	67.970	67.815	67.935	5
2025-09-03 11:25	67.945	67.995	67.915	67.965	5
2025-09-03 11:30	67.960	68.025	67.955	67.955	5
2025-09-03 11:35	67.935	68.025	67.935	68.005	5
2025-09-03 11:40	67.995	68.065	67.945	67.975	5
2025-09-03 11:45	67.970	67.975	67.855	67.875	5
2025-09-03 11:50	67.895	67.915	67.875	67.910	5
2025-09-03 11:55	67.915	67.930	67.880	67.890	5
2025-09-03 12:00	67.843	67.905	67.785	67.860	5
2025-09-03 12:05	67.855	67.935	67.845	67.915	5
2025-09-03 12:10	67.910	67.915	67.800	67.820	5
2025-09-03 12:15	67.805	67.815	67.715	67.725	5
2025-09-03 12:20	67.720	67.825	67.720	67.765	5
2025-09-03 12:25	67.775	67.795	67.745	67.745	5
2025-09-03 12:30	67.740	67.865	67.735	67.860	5
2025-09-03 12:35	67.865	67.895	67.830	67.890	5
2025-09-03 12:40	67.885	67.955	67.850	67.940	5
2025-09-03 12:45	67.945	68.035	67.925	68.015	5
2025-09-03 12:50	68.005	68.045	67.985	68.015	5
2025-09-03 12:55	68.020	68.050	68.005	68.045	5
2025-09-03 13:00	68.065	68.085	67.970	68.005	5
2025-09-03 13:05	68.010	68.080	67.920	68.020	5
2025-09-03 13:10	68.015	68.065	67.940	67.950	5
2025-09-03 13:15	67.945	68.065	67.875	68.035	5
2025-09-03 13:20	68.025	68.105	67.995	68.080	5
2025-09-03 13:25	68.075	68.205	68.065	68.195	5
2025-09-03 13:30	68.185	68.280	68.065	68.095	5
2025-09-03 13:35	68.105	68.145	68.070	68.125	5
2025-09-03 13:40	68.130	68.205	68.005	68.015	5
2025-09-03 13:45	68.020	68.040	67.820	67.845	5
2025-09-03 13:50	67.855	67.890	67.775	67.835	5
2025-09-03 13:55	67.845	67.885	67.782	67.835	5
2025-09-03 14:00	67.830	67.830	67.532	67.602	5
2025-09-03 14:05	67.595	67.625	67.532	67.535	5
2025-09-03 14:10	67.522	67.635	67.495	67.560	5
2025-09-03 14:15	67.565	67.700	67.565	67.597	5
2025-09-03 14:20	67.585	67.700	67.582	67.612	5
2025-09-03 14:25	67.625	67.725	67.562	67.562	5
2025-09-03 14:30	67.575	67.655	67.522	67.590	5
2025-09-03 14:35	67.595	67.625	67.532	67.582	5
2025-09-03 14:40	67.600	67.640	67.542	67.640	5
2025-09-03 14:45	67.632	67.712	67.602	67.615	5
2025-09-03 14:50	67.605	67.695	67.562	67.632	5
2025-09-03 14:55	67.645	67.685	67.600	67.602	5
2025-09-03 15:00	67.600	67.655	67.552	67.590	5
2025-09-03 15:05	67.582	67.645	67.562	67.605	5
2025-09-03 15:10	67.600	67.615	67.552	67.575	5
2025-09-03 15:15	67.565	67.605	67.540	67.555	5
2025-09-03 15:20	67.545	67.555	67.442	67.455	5
2025-09-03 15:25	67.465	67.522	67.448	67.465	5
2025-09-03 15:30	67.475	67.542	67.457	67.505	5
2025-09-03 15:35	67.515	67.615	67.492	67.540	5
2025-09-03 15:40	67.535	67.655	67.512	67.642	5
2025-09-03 15:45	67.635	67.685	67.612	67.612	5
2025-09-03 15:50	67.610	68.085	67.592	68.035	5
2025-09-03 15:55	68.030	68.382	68.030	68.300	5
2025-09-03 16:00	68.315	68.355	68.152	68.190	5
2025-09-03 16:05	68.192	68.210	67.905	67.905	5
2025-09-03 16:10	67.912	67.990	67.840	67.942	5
2025-09-03 16:15	67.925	67.992	67.822	67.830	5
2025-09-03 16:20	67.835	67.850	67.732	67.812	5
2025-09-03 16:25	67.820	67.885	67.792	67.820	5
2025-09-03 16:30	67.825	67.845	67.782	67.825	5
2025-09-03 16:35	67.835	67.885	67.772	67.855	5
2025-09-03 16:40	67.850	67.855	67.765	67.827	5
2025-09-03 16:45	67.822	67.830	67.672	67.672	5
2025-09-03 16:50	67.695	67.725	67.615	67.672	5
2025-09-03 16:55	67.665	67.695	67.622	67.632	5
2025-09-03 17:00	67.640	67.675	67.555	67.620	5
2025-09-03 17:05	67.625	67.655	67.582	67.625	5
2025-09-03 17:10	67.615	67.635	67.595	67.632	5
2025-09-03 17:15	67.645	67.675	67.600	67.672	5
2025-09-03 17:20	67.685	67.695	67.592	67.597	5
2025-09-03 17:25	67.605	67.615	67.542	67.555	5
2025-09-03 17:30	67.565	67.590	67.532	67.555	5
2025-09-03 17:35	67.565	67.605	67.547	67.600	5
2025-09-03 17:40	67.592	67.615	67.512	67.522	5
2025-09-03 17:45	67.515	67.535	67.372	67.470	5
2025-09-03 17:50	67.462	67.472	67.400	67.452	5
2025-09-03 17:55	67.460	67.515	67.432	67.460	5
2025-09-03 18:00	67.465	67.572	67.465	67.552	5
2025-09-03 18:05	67.545	67.555	67.472	67.475	5
2025-09-03 18:10	67.485	67.525	67.472	67.472	5
2025-09-03 18:15	67.485	67.522	67.472	67.492	5
2025-09-03 18:20	67.505	67.535	67.472	67.532	5
2025-09-03 18:25	67.545	67.620	67.510	67.612	5
2025-09-03 18:30	67.605	67.615	67.502	67.542	5
2025-09-03 18:35	67.535	67.545	67.442	67.452	5
2025-09-03 18:40	67.460	67.505	67.442	67.502	5
2025-09-03 18:45	67.500	67.505	67.435	67.442	4
2025-09-03 18:50	67.450	67.495	67.445	67.465	4
2025-09-03 18:55	67.467	67.475	67.450	67.455	3
2025-09-03 19:00	67.460	67.465	67.412	67.462	5
2025-09-03 19:05	67.470	67.470	67.442	67.462	4
2025-09-03 19:10	67.467	67.472	67.448	67.455	5
2025-09-03 19:15	67.465	67.465	67.432	67.442	3
2025-09-03 19:20	67.455	67.455	67.412	67.422	5
2025-09-03 19:25	67.430	67.430	67.392	67.395	5
2025-09-03 19:30	67.405	67.422	67.390	67.420	5
2025-09-03 19:35	67.425	67.445	67.412	67.422	5
2025-09-03 19:40	67.435	67.455	67.422	67.450	5
2025-09-03 19:45	67.445	67.500	67.442	67.477	5
2025-09-03 19:50	67.500	67.550	67.482	67.525	5
2025-09-03 19:55	67.530	67.530	67.502	67.512	5
2025-09-03 20:00	67.492	67.502	67.482	67.492	5
2025-09-03 20:05	67.497	67.502	67.492	67.497	5
2025-09-03 20:10	67.497	67.512	67.482	67.482	4
2025-09-03 20:15	67.487	67.487	67.472	67.472	2
2025-09-03 20:20	67.462	67.467	67.452	67.462	5
2025-09-03 20:25	67.472	67.492	67.462	67.492	4
2025-09-03 20:30	67.492	67.498	67.402	67.437	5
2025-09-03 20:35	67.437	67.502	67.437	67.497	5
2025-09-03 20:40	67.492	67.517	67.452	67.457	5
2025-09-03 20:45	67.432	67.452	67.427	67.452	4
2025-09-03 20:50	67.452	67.452	67.347	67.352	5
2025-09-03 20:55	67.357	67.357	67.322	67.342	5
2025-09-04 00:00	67.385	67.390	67.350	67.372	4
2025-09-04 00:05	67.370	67.375	67.310	67.312	5
2025-09-04 00:10	67.325	67.365	67.322	67.357	4
2025-09-04 00:15	67.352	67.352	67.282	67.320	5
2025-09-04 00:20	67.322	67.322	67.290	67.320	5
2025-09-04 00:25	67.313	67.335	67.307	67.327	5
2025-09-04 00:30	67.325	67.340	67.312	67.330	5
2025-09-04 00:35	67.340	67.367	67.332	67.363	5
2025-09-04 00:40	67.362	67.372	67.320	67.332	5
2025-09-04 00:45	67.340	67.385	67.340	67.362	5
2025-09-04 00:50	67.358	67.375	67.342	67.362	5
2025-09-04 00:55	67.360	67.370	67.347	67.360	5
2025-09-04 01:00	67.345	67.345	67.236	67.305	5
2025-09-04 01:05	67.300	67.345	67.288	67.312	5
2025-09-04 01:10	67.325	67.335	67.295	67.302	5
2025-09-04 01:15	67.310	67.325	67.295	67.295	4
2025-09-04 01:20	67.297	67.305	67.236	67.245	5
2025-09-04 01:25	67.255	67.265	67.236	67.240	5
2025-09-04 01:30	67.242	67.275	67.237	67.260	5
2025-09-04 01:35	67.255	67.257	67.235	67.236	5
2025-09-04 01:40	67.236	67.236	67.185	67.212	5
2025-09-04 01:45	67.220	67.222	67.182	67.182	5
2025-09-04 01:50	67.190	67.225	67.185	67.212	5
2025-09-04 01:55	67.210	67.245	67.200	67.242	5
2025-09-04 02:00	67.255	67.262	67.205	67.232	5
2025-09-04 02:05	67.230	67.230	67.182	67.200	5
2025-09-04 02:10	67.202	67.210	67.182	67.182	4
2025-09-04 02:15	67.175	67.200	67.157	67.180	5
2025-09-04 02:20	67.185	67.200	67.182	67.197	5
2025-09-04 02:25	67.195	67.200	67.182	67.187	5
2025-09-04 02:30	67.182	67.225	67.175	67.195	5
2025-09-04 02:35	67.190	67.205	67.172	67.200	5
2025-09-04 02:40	67.205	67.245	67.192	67.242	5
2025-09-04 02:45	67.250	67.265	67.202	67.210	5
2025-09-04 02:50	67.205	67.305	67.205	67.282	5
2025-09-04 02:55	67.290	67.292	67.257	67.280	5
2025-09-04 03:00	67.275	67.290	67.240	67.265	5
2025-09-04 03:05	67.255	67.275	67.237	67.242	5
2025-09-04 03:10	67.255	67.265	67.225	67.245	5
2025-09-04 03:15	67.240	67.250	67.220	67.220	5
2025-09-04 03:20	67.222	67.275	67.222	67.252	5
2025-09-04 03:25	67.250	67.265	67.232	67.260	5
2025-09-04 03:30	67.252	67.252	67.188	67.202	5
2025-09-04 03:35	67.210	67.210	67.182	67.182	5
2025-09-04 03:40	67.165	67.185	67.152	67.177	5
2025-09-04 03:45	67.182	67.190	67.172	67.182	5
2025-09-04 03:50	67.178	67.185	67.097	67.152	5
2025-09-04 03:55	67.165	67.180	67.145	67.177	4
2025-09-04 04:00	67.185	67.185	67.117	67.132	5
2025-09-04 04:05	67.127	67.127	67.092	67.100	5
2025-09-04 04:10	67.102	67.127	67.100	67.117	5
2025-09-04 04:15	67.122	67.123	67.110	67.120	5
2025-09-04 04:20	67.115	67.150	67.110	67.147	5
2025-09-04 04:25	67.145	67.150	67.138	67.145	5
2025-09-04 04:30	67.138	67.165	67.138	67.140	4
2025-09-04 04:35	67.135	67.155	67.128	67.152	4
2025-09-04 04:40	67.148	67.165	67.140	67.140	5
2025-09-04 04:45	67.145	67.150	67.137	67.150	3
2025-09-04 04:50	67.155	67.160	67.150	67.160	3
2025-09-04 04:55	67.152	67.157	67.147	67.155	4
2025-09-04 05:00	67.160	67.160	67.137	67.140	5
2025-09-04 05:05	67.132	67.142	67.130	67.142	4
2025-09-04 05:10	67.140	67.150	67.117	67.135	4
2025-09-04 05:15	67.130	67.165	67.130	67.160	5
2025-09-04 05:20	67.155	67.160	67.117	67.125	5
2025-09-04 05:25	67.117	67.127	67.107	67.110	5
2025-09-04 05:30	67.105	67.140	67.067	67.085	5
2025-09-04 05:35	67.080	67.095	67.072	67.085	5
2025-09-04 05:40	67.075	67.092	67.022	67.090	5
2025-09-04 05:45	67.082	67.105	67.062	67.092	5
2025-09-04 05:50	67.110	67.195	67.102	67.162	5
2025-09-04 05:55	67.175	67.175	67.072	67.110	5
2025-09-04 06:00	67.115	67.135	67.072	67.075	5
2025-09-04 06:05	67.085	67.105	67.018	67.095	4
2025-09-04 06:10	67.100	67.160	67.080	67.142	5
2025-09-04 06:15	67.135	67.135	67.072	67.075	5
2025-09-04 06:20	67.065	67.095	67.015	67.025	5
2025-09-04 06:25	67.015	67.060	66.995	67.035	5
2025-09-04 06:30	67.020	67.035	66.882	66.892	5
2025-09-04 06:35	66.885	66.925	66.867	66.912	5
2025-09-04 06:40	66.910	66.965	66.905	66.945	5
2025-09-04 06:45	66.935	66.935	66.902	66.920	5
2025-09-04 06:50	66.915	66.930	66.830	66.832	5
2025-09-04 06:55	66.845	66.895	66.830	66.852	5
2025-09-04 07:00	66.845	66.875	66.682	66.715	5
2025-09-04 07:05	66.720	66.770	66.655	66.765	5
2025-09-04 07:10	66.767	66.915	66.762	66.892	5
2025-09-04 07:15	66.900	66.935	66.862	66.912	5
2025-09-04 07:20	66.925	66.962	66.892	66.912	5
2025-09-04 07:25	66.925	66.975	66.832	66.845	5
2025-09-04 07:30	66.865	66.865	66.792	66.802	5
2025-09-04 07:35	66.800	66.905	66.792	66.887	5
2025-09-04 07:40	66.895	66.965	66.877	66.952	3
2025-09-04 07:45	66.935	66.935	66.842	66.842	5
2025-09-04 07:50	66.855	66.865	66.732	66.742	5
2025-09-04 07:55	66.747	66.755	66.707	66.752	5
2025-09-04 08:00	66.765	66.820	66.732	66.775	5
2025-09-04 08:05	66.765	66.865	66.722	66.855	5
2025-09-04 08:10	66.865	66.915	66.840	66.840	5
2025-09-04 08:15	66.842	67.095	66.825	67.092	5
2025-09-04 08:20	67.090	67.342	67.055	67.175	5
2025-09-04 08:25	67.167	67.167	66.912	67.045	5
2025-09-04 08:30	67.035	67.060	66.982	66.995	5
2025-09-04 08:35	67.005	67.055	66.982	66.987	5
2025-09-04 08:40	67.005	67.035	66.925	66.925	5
2025-09-04 08:45	66.930	66.985	66.922	66.972	5
2025-09-04 08:50	66.985	67.025	66.972	67.002	5
2025-09-04 08:55	67.025	67.035	66.952	66.972	5
2025-09-04 09:00	66.965	67.025	66.862	66.902	5
2025-09-04 09:05	66.895	66.895	66.808	66.852	5
2025-09-04 09:10	66.842	66.885	66.842	66.862	5
2025-09-04 09:15	66.855	66.865	66.752	66.802	5
2025-09-04 09:20	66.815	66.832	66.787	66.832	5
2025-09-04 09:25	66.845	66.945	66.828	66.905	5
2025-09-04 09:30	66.915	66.920	66.782	66.845	5
2025-09-04 09:35	66.855	66.875	66.812	66.862	5
2025-09-04 09:40	66.860	66.892	66.827	66.862	5
2025-09-04 09:45	66.875	66.875	66.827	66.852	5
2025-09-04 09:50	66.850	66.925	66.822	66.915	5
2025-09-04 09:55	66.920	66.920	66.802	66.832	5
2025-09-04 10:00	66.835	66.935	66.802	66.810	5
2025-09-04 10:05	66.815	66.845	66.812	66.822	5
2025-09-04 10:10	66.835	66.875	66.802	66.832	5
2025-09-04 10:15	66.830	66.830	66.742	66.750	5
2025-09-04 10:20	66.755	66.815	66.742	66.762	5
2025-09-04 10:25	66.775	66.790	66.752	66.772	5
2025-09-04 10:30	66.770	66.785	66.662	66.662	5
2025-09-04 10:35	66.655	66.655	66.510	66.592	5
2025-09-04 10:40	66.605	66.625	66.532	66.582	5
2025-09-04 10:45	66.580	66.635	66.572	66.632	5
2025-09-04 10:50	66.640	66.650	66.572	66.622	5
2025-09-04 10:55	66.620	66.625	66.542	66.562	5
2025-09-04 11:00	66.570	66.600	66.527	66.585	5
2025-09-04 11:05	66.590	66.705	66.550	66.675	5
2025-09-04 11:10	66.665	66.825	66.642	66.805	5
2025-09-04 11:15	66.800	66.835	66.780	66.782	5
2025-09-04 11:20	66.780	66.890	66.780	66.885	5
2025-09-04 11:25	66.895	66.915	66.872	66.907	5
2025-09-04 11:30	66.915	67.015	66.915	67.002	5
2025-09-04 11:35	66.995	67.025	66.962	67.012	5
2025-09-04 11:40	67.025	67.035	66.957	66.982	5
2025-09-04 11:45	66.975	66.980	66.882	66.900	5
2025-09-04 11:50	66.902	66.925	66.892	66.920	5
2025-09-04 11:55	66.922	66.965	66.922	66.952	5
2025-09-04 12:00	66.965	66.965	66.885	66.935	5
2025-09-04 12:05	66.922	67.005	66.902	66.947	5
2025-09-04 12:10	66.950	66.955	66.880	66.897	5
2025-09-04 12:15	66.915	66.915	66.825	66.875	5
2025-09-04 12:20	66.865	66.935	66.855	66.925	5
2025-09-04 12:25	66.935	66.935	66.892	66.905	5
2025-09-04 12:30	66.900	66.915	66.845	66.852	5
2025-09-04 12:35	66.845	66.860	66.750	66.797	5
2025-09-04 12:40	66.795	66.805	66.735	66.772	5
2025-09-04 12:45	66.782	66.782	66.732	66.740	5
2025-09-04 12:50	66.745	66.790	66.717	66.755	5
2025-09-04 12:55	66.760	66.805	66.737	66.770	5
2025-09-04 13:00	66.775	66.855	66.630	66.657	5
2025-09-04 13:05	66.665	66.695	66.532	66.542	5
2025-09-04 13:10	66.535	66.590	66.325	66.577	5
2025-09-04 13:15	66.572	66.725	66.538	66.620	5
2025-09-04 13:20	66.625	66.700	66.602	66.642	5
2025-09-04 13:25	66.655	66.715	66.642	66.675	5
2025-09-04 13:30	66.665	66.765	66.652	66.672	5
2025-09-04 13:35	66.685	66.855	66.682	66.850	5
2025-09-04 13:40	66.855	66.865	66.712	66.765	5
2025-09-04 13:45	66.755	66.765	66.655	66.702	5
2025-09-04 13:50	66.715	66.715	66.652	66.662	5
2025-09-04 13:55	66.675	66.715	66.602	66.655	5
2025-09-04 14:00	66.665	66.720	66.522	66.542	5
2025-09-04 14:05	66.555	66.825	66.522	66.632	5
2025-09-04 14:10	66.645	66.660	66.547	66.595	5
2025-09-04 14:15	66.605	66.695	66.557	66.625	5
2025-09-04 14:20	66.620	66.795	66.602	66.715	5
2025-09-04 14:25	66.697	66.945	66.697	66.865	5
2025-09-04 14:30	66.875	66.895	66.755	66.845	5
2025-09-04 14:35	66.852	66.905	66.785	66.885	5
2025-09-04 14:40	66.895	66.895	66.740	66.875	5
2025-09-04 14:45	66.865	66.955	66.865	66.955	5
2025-09-04 14:50	66.942	66.965	66.910	66.952	5
2025-09-04 14:55	66.950	67.075	66.950	67.030	5
2025-09-04 15:00	67.025	67.045	66.992	66.992	5
2025-09-04 15:05	66.985	67.072	66.972	67.022	5
2025-09-04 15:10	67.015	67.075	66.992	67.032	5
2025-09-04 15:15	67.030	67.070	66.988	67.052	5
2025-09-04 15:20	67.050	67.055	66.982	67.045	5
2025-09-04 15:25	67.055	67.075	67.012	67.042	5
2025-09-04 15:30	67.055	67.165	67.002	67.112	5
2025-09-04 15:35	67.125	67.125	67.050	67.062	5
2025-09-04 15:40	67.070	67.095	66.962	66.962	5
2025-09-04 15:45	66.955	66.995	66.897	66.952	5
2025-09-04 15:50	66.950	66.985	66.932	66.975	5
2025-09-04 15:55	66.985	66.985	66.950	66.972	5
2025-09-04 16:00	66.945	67.035	66.822	66.925	5
2025-09-04 16:05	66.935	67.085	66.880	67.085	5
2025-09-04 16:10	67.095	67.115	66.995	67.032	5
2025-09-04 16:15	67.040	67.040	66.930	67.015	5
2025-09-04 16:20	67.012	67.142	66.982	67.102	5
2025-09-04 16:25	67.115	67.155	67.092	67.102	5
2025-09-04 16:30	67.110	67.125	67.092	67.107	5
2025-09-04 16:35	67.120	67.145	67.092	67.112	5
2025-09-04 16:40	67.102	67.145	67.102	67.122	5
2025-09-04 16:45	67.130	67.155	67.102	67.155	5
2025-09-04 16:50	67.142	67.155	67.072	67.122	5
2025-09-04 16:55	67.115	67.135	67.090	67.095	5
2025-09-04 17:00	67.100	67.135	67.075	67.125	5
2025-09-04 17:05	67.130	67.155	67.110	67.137	5
2025-09-04 17:10	67.145	67.155	67.072	67.135	5
2025-09-04 17:15	67.132	67.145	67.102	67.125	5
2025-09-04 17:20	67.130	67.135	67.075	67.120	5
2025-09-04 17:25	67.112	67.125	66.920	67.022	5
2025-09-04 17:30	67.015	67.015	66.930	66.952	5
2025-09-04 17:35	66.960	66.975	66.932	66.965	5
2025-09-04 17:40	66.970	67.012	66.965	66.972	5
2025-09-04 17:45	66.980	67.095	66.975	67.005	5
2025-09-04 17:50	66.995	67.060	66.992	67.045	5
2025-09-04 17:55	67.050	67.065	67.030	67.042	5
2025-09-04 18:00	67.040	67.105	67.022	67.080	5
2025-09-04 18:05	67.075	67.080	66.995	67.042	5
2025-09-04 18:10	67.040	67.050	66.957	66.975	5
2025-09-04 18:15	66.985	67.005	66.952	66.982	5
2025-09-04 18:20	66.990	67.005	66.855	66.890	5
2025-09-04 18:25	66.895	67.035	66.872	66.952	5
2025-09-04 18:30	66.945	66.955	66.892	66.925	5
2025-09-04 18:35	66.915	66.925	66.882	66.912	5
2025-09-04 18:40	66.905	66.925	66.892	66.925	3
2025-09-04 18:45	66.935	66.950	66.897	66.930	5
2025-09-04 18:50	66.932	66.932	66.872	66.902	4
2025-09-04 18:55	66.895	66.925	66.890	66.902	5
2025-09-04 19:00	66.900	66.900	66.832	66.845	5
2025-09-04 19:05	66.855	66.880	66.835	66.872	5
2025-09-04 19:10	66.865	66.865	66.832	66.832	4
2025-09-04 19:15	66.845	66.855	66.822	66.842	4
2025-09-04 19:20	66.835	66.865	66.812	66.852	4
2025-09-04 19:25	66.845	66.855	66.822	66.845	5
2025-09-04 19:30	66.840	66.842	66.767	66.812	3
2025-09-04 19:35	66.825	66.855	66.822	66.855	5
2025-09-04 19:40	66.865	66.865	66.762	66.770	5
2025-09-04 19:45	66.762	66.805	66.745	66.792	5
2025-09-04 19:50	66.790	66.805	66.782	66.800	5
2025-09-04 19:55	66.792	66.825	66.792	66.822	4
2025-09-04 20:00	66.812	66.822	66.807	66.807	5
2025-09-04 20:05	66.792	66.792	66.772	66.772	5
2025-09-04 20:10	66.772	66.772	66.762	66.772	3
2025-09-04 20:15	66.762	66.782	66.762	66.762	5
2025-09-04 20:20	66.752	66.762	66.742	66.762	4
2025-09-04 20:25	66.777	66.807	66.762	66.807	5
2025-09-04 20:30	66.802	66.822	66.742	66.752	5
2025-09-04 20:35	66.763	66.782	66.752	66.782	4
2025-09-04 20:40	66.782	66.782	66.732	66.737	4
2025-09-04 20:45	66.732	66.757	66.732	66.752	5
2025-09-04 20:50	66.757	66.778	66.757	66.757	4
2025-09-04 20:55	66.757	66.802	66.752	66.802	5
2025-09-05 00:00	66.797	66.797	66.702	66.730	5
2025-09-05 00:05	66.723	66.755	66.723	66.738	5
2025-09-05 00:10	66.745	66.790	66.742	66.790	5
2025-09-05 00:15	66.792	66.807	66.740	66.767	5
2025-09-05 00:20	66.765	66.790	66.758	66.770	5
2025-09-05 00:25	66.762	66.770	66.747	66.747	3
2025-09-05 00:30	66.760	66.815	66.757	66.812	5
2025-09-05 00:35	66.808	66.820	66.798	66.812	5
2025-09-05 00:40	66.805	66.810	66.780	66.795	5
2025-09-05 00:45	66.788	66.800	66.788	66.790	5
2025-09-05 00:50	66.785	66.800	66.770	66.772	5
2025-09-05 00:55	66.790	66.800	66.765	66.772	5
2025-09-05 01:00	66.780	66.807	66.752	66.795	5
2025-09-05 01:05	66.785	66.790	66.722	66.740	5
2025-09-05 01:10	66.735	66.737	66.682	66.682	5
2025-09-05 01:15	66.695	66.710	66.682	66.707	4
2025-09-05 01:20	66.702	66.702	66.607	66.630	4
2025-09-05 01:25	66.620	66.655	66.597	66.645	4
2025-09-05 01:30	66.635	66.655	66.612	66.640	5
2025-09-05 01:35	66.632	66.687	66.632	66.682	5
2025-09-05 01:40	66.680	66.715	66.662	66.692	5
2025-09-05 01:45	66.690	66.695	66.652	66.675	4
2025-09-05 01:50	66.667	66.712	66.662	66.695	5
2025-09-05 01:55	66.700	66.745	66.682	66.725	5
2025-09-05 02:00	66.715	66.745	66.680	66.735	5
2025-09-05 02:05	66.730	66.745	66.717	66.735	5
2025-09-05 02:10	66.728	66.745	66.702	66.702	5
2025-09-05 02:15	66.715	66.735	66.712	66.728	4
2025-09-05 02:20	66.735	66.735	66.712	66.727	5
2025-09-05 02:25	66.735	66.790	66.725	66.775	5
2025-09-05 02:30	66.785	66.785	66.737	66.765	5
2025-09-05 02:35	66.758	66.865	66.758	66.835	5
2025-09-05 02:40	66.840	66.845	66.792	66.817	5
2025-09-05 02:45	66.822	66.825	66.812	66.817	5
2025-09-05 02:50	66.815	66.825	66.802	66.802	5
2025-09-05 02:55	66.810	66.860	66.805	66.837	5
2025-09-05 03:00	66.835	66.845	66.812	66.837	5
2025-09-05 03:05	66.842	66.860	66.832	66.857	5
2025-09-05 03:10	66.852	66.865	66.842	66.865	4
2025-09-05 03:15	66.850	66.850	66.817	66.840	5
2025-09-05 03:20	66.842	66.862	66.837	66.852	5
2025-09-05 03:25	66.860	66.860	66.832	66.835	5
2025-09-05 03:30	66.840	66.870	66.840	66.852	5
2025-09-05 03:35	66.860	66.860	66.835	66.840	5
2025-09-05 03:40	66.835	66.842	66.822	66.842	4
2025-09-05 03:45	66.830	66.840	66.818	66.840	5
2025-09-05 03:50	66.832	66.840	66.828	66.832	3
2025-09-05 03:55	66.828	66.835	66.828	66.828	4
2025-09-05 04:00	66.835	66.865	66.828	66.850	4
2025-09-05 04:05	66.845	66.862	66.837	66.855	5
2025-09-05 04:10	66.845	66.862	66.837	66.855	4
2025-09-05 04:15	66.860	66.875	66.855	66.875	5
2025-09-05 04:20	66.885	66.915	66.877	66.895	5
2025-09-05 04:25	66.900	66.900	66.852	66.852	4
2025-09-05 04:30	66.835	66.865	66.822	66.862	4
2025-09-05 04:35	66.860	66.860	66.847	66.855	3
2025-09-05 04:40	66.848	66.870	66.848	66.870	4
2025-09-05 04:45	66.862	66.862	66.848	66.848	4
2025-09-05 04:50	66.845	66.855	66.838	66.855	4
2025-09-05 04:55	66.860	66.860	66.842	66.850	4
2025-09-05 05:00	66.845	66.855	66.817	66.827	4
2025-09-05 05:05	66.825	66.875	66.825	66.870	3
2025-09-05 05:10	66.865	66.865	66.830	66.835	4
2025-09-05 05:15	66.828	66.840	66.817	66.827	3
2025-09-05 05:20	66.825	66.842	66.812	66.827	5
2025-09-05 05:25	66.825	66.857	66.817	66.852	5
2025-09-05 05:30	66.875	66.875	66.812	66.830	5
2025-09-05 05:35	66.832	66.915	66.832	66.892	4
2025-09-05 05:40	66.890	66.895	66.840	66.877	4
2025-09-05 05:45	66.875	66.935	66.863	66.917	5
2025-09-05 05:50	66.912	66.920	66.852	66.865	5
2025-09-05 05:55	66.870	66.890	66.857	66.862	5
2025-09-05 06:00	66.852	66.950	66.852	66.890	5
2025-09-05 06:05	66.875	66.875	66.775	66.782	5
2025-09-05 06:10	66.795	66.815	66.755	66.812	5
2025-09-05 06:15	66.820	66.840	66.745	66.750	5
2025-09-05 06:20	66.752	66.755	66.662	66.702	5
2025-09-05 06:25	66.710	66.810	66.702	66.792	5
2025-09-05 06:30	66.810	66.875	66.797	66.855	5
2025-09-05 06:35	66.845	66.865	66.760	66.772	5
2025-09-05 06:40	66.780	66.795	66.757	66.775	5
2025-09-05 06:45	66.785	66.785	66.697	66.705	5
2025-09-05 06:50	66.710	66.710	66.597	66.642	5
2025-09-05 06:55	66.635	66.740	66.612	66.732	5
2025-09-05 07:00	66.725	66.725	66.582	66.690	5
2025-09-05 07:05	66.695	66.725	66.665	66.722	5
2025-09-05 07:10	66.715	66.735	66.642	66.727	5
2025-09-05 07:15	66.715	66.762	66.702	66.722	5
2025-09-05 07:20	66.720	66.725	66.632	66.640	5
2025-09-05 07:25	66.642	66.695	66.615	66.665	5
2025-09-05 07:30	66.675	66.770	66.672	66.762	5
2025-09-05 07:35	66.775	66.805	66.722	66.722	5
2025-09-05 07:40	66.735	66.815	66.732	66.745	5
2025-09-05 07:45	66.750	66.805	66.732	66.772	5
2025-09-05 07:50	66.755	66.770	66.645	66.645	5
2025-09-05 07:55	66.655	66.700	66.627	66.692	5
2025-09-05 08:00	66.705	66.730	66.595	66.707	5
2025-09-05 08:05	66.705	66.712	66.585	66.662	5
2025-09-05 08:10	66.670	66.725	66.640	66.642	5
2025-09-05 08:15	66.650	66.685	66.632	66.662	5
2025-09-05 08:20	66.670	66.747	66.652	66.742	5
2025-09-05 08:25	66.735	66.775	66.685	66.755	5
2025-09-05 08:30	66.745	66.850	66.730	66.765	5
2025-09-05 08:35	66.775	66.895	66.735	66.842	5
2025-09-05 08:40	66.835	66.835	66.752	66.762	5
2025-09-05 08:45	66.775	66.922	66.762	66.920	5
2025-09-05 08:50	66.915	66.917	66.852	66.882	5
2025-09-05 08:55	66.895	66.925	66.885	66.915	5
2025-09-05 09:00	66.920	66.955	66.862	66.915	5
2025-09-05 09:05	66.920	66.985	66.892	66.942	5
2025-09-05 09:10	66.940	67.025	66.932	66.932	5
2025-09-05 09:15	66.940	66.945	66.902	66.905	5
2025-09-05 09:20	66.910	66.910	66.840	66.875	5
2025-09-05 09:25	66.880	66.880	66.762	66.845	5
2025-09-05 09:30	66.840	66.850	66.715	66.762	5
2025-09-05 09:35	66.770	66.870	66.762	66.852	5
2025-09-05 09:40	66.860	66.990	66.855	66.927	5
2025-09-05 09:45	66.920	67.005	66.907	66.975	5
2025-09-05 09:50	66.980	66.980	66.912	66.920	5
2025-09-05 09:55	66.925	66.975	66.922	66.932	5
2025-09-05 10:00	66.930	66.935	66.872	66.890	5
2025-09-05 10:05	66.885	66.895	66.832	66.835	5
2025-09-05 10:10	66.840	66.915	66.815	66.892	5
2025-09-05 10:15	66.875	66.875	66.762	66.822	5
2025-09-05 10:20	66.815	66.815	66.740	66.752	5
2025-09-05 10:25	66.765	66.815	66.732	66.735	5
2025-09-05 10:30	66.715	66.775	66.715	66.775	5
2025-09-05 10:35	66.770	66.775	66.642	66.655	5
2025-09-05 10:40	66.645	66.655	66.585	66.602	5
2025-09-05 10:45	66.615	66.625	66.522	66.585	5
2025-09-05 10:50	66.582	66.585	66.402	66.420	5
2025-09-05 10:55	66.415	66.435	66.355	66.417	5
2025-09-05 11:00	66.435	66.505	66.432	66.485	5
2025-09-05 11:05	66.475	66.505	66.432	66.502	5
2025-09-05 11:10	66.515	66.565	66.502	66.532	5
2025-09-05 11:15	66.525	66.560	66.522	66.552	5
2025-09-05 11:20	66.547	66.625	66.547	66.622	5
2025-09-05 11:25	66.635	66.665	66.622	66.625	5
2025-09-05 11:30	66.622	66.635	66.572	66.592	5
2025-09-05 11:35	66.585	66.610	66.562	66.592	4
2025-09-05 11:40	66.600	66.675	66.592	66.672	5
2025-09-05 11:45	66.685	66.695	66.612	66.625	5
2025-09-05 11:50	66.615	66.615	66.482	66.485	5
2025-09-05 11:55	66.470	66.485	66.392	66.415	5
2025-09-05 12:00	66.435	66.485	66.402	66.462	5
2025-09-05 12:05	66.457	66.490	66.222	66.242	5
2025-09-05 12:10	66.237	66.295	66.205	66.262	5
2025-09-05 12:15	66.255	66.315	66.222	66.252	5
2025-09-05 12:20	66.245	66.305	66.232	66.262	5
2025-09-05 12:25	66.260	66.290	66.192	66.265	5
2025-09-05 12:30	66.252	66.375	66.193	66.252	5
2025-09-05 12:35	66.245	66.295	66.110	66.185	5
2025-09-05 12:40	66.175	66.175	66.085	66.120	5
2025-09-05 12:45	66.122	66.205	66.097	66.182	5
2025-09-05 12:50	66.180	66.185	65.332	65.625	5
2025-09-05 12:55	65.632	66.155	65.535	65.695	5
2025-09-05 13:00	65.687	65.855	65.655	65.670	5
2025-09-05 13:05	65.665	65.725	65.602	65.685	5
2025-09-05 13:10	65.690	65.700	65.487	65.495	5
2025-09-05 13:15	65.485	65.615	65.482	65.505	5
2025-09-05 13:20	65.515	65.675	65.512	65.555	5
2025-09-05 13:25	65.560	65.935	65.560	65.892	5
2025-09-05 13:30	65.885	65.887	65.715	65.725	5
2025-09-05 13:35	65.735	65.765	65.637	65.687	5
2025-09-05 13:40	65.692	65.725	65.648	65.660	5
2025-09-05 13:45	65.665	65.725	65.615	65.632	5
2025-09-05 13:50	65.620	65.695	65.550	65.612	5
2025-09-05 13:55	65.620	65.705	65.600	65.645	5
2025-09-05 14:00	65.638	65.645	65.450	65.455	5
2025-09-05 14:05	65.445	65.625	65.442	65.485	5
2025-09-05 14:10	65.487	65.572	65.462	65.485	5
2025-09-05 14:15	65.480	65.585	65.455	65.495	5
2025-09-05 14:20	65.505	65.572	65.482	65.530	5
2025-09-05 14:25	65.523	65.575	65.395	65.425	5
2025-09-05 14:30	65.425	65.515	65.397	65.432	5
2025-09-05 14:35	65.445	65.482	65.400	65.425	5
2025-09-05 14:40	65.415	65.455	65.352	65.365	5
2025-09-05 14:45	65.362	65.375	65.315	65.322	5
2025-09-05 14:50	65.335	65.535	65.320	65.412	5
2025-09-05 14:55	65.410	65.465	65.265	65.372	5
2025-09-05 15:00	65.385	65.495	65.340	65.342	5
2025-09-05 15:05	65.350	65.365	65.252	65.265	5
2025-09-05 15:10	65.255	65.265	65.150	65.192	5
2025-09-05 15:15	65.185	65.235	65.102	65.102	5
2025-09-05 15:20	65.115	65.185	65.092	65.165	5
2025-09-05 15:25	65.155	65.155	65.072	65.112	5
2025-09-05 15:30	65.105	65.220	65.052	65.192	5
2025-09-05 15:35	65.205	65.255	65.155	65.247	5
2025-09-05 15:40	65.245	65.335	65.232	65.232	5
2025-09-05 15:45	65.255	65.265	65.102	65.110	5
2025-09-05 15:50	65.102	65.165	65.062	65.082	5
2025-09-05 15:55	65.095	65.145	65.072	65.092	5
2025-09-05 16:00	65.085	65.135	65.072	65.102	5
2025-09-05 16:05	65.125	65.170	65.112	65.152	5
2025-09-05 16:10	65.145	65.155	65.102	65.132	5
2025-09-05 16:15	65.140	65.175	65.095	65.155	5
2025-09-05 16:20	65.145	65.155	65.085	65.155	5
2025-09-05 16:25	65.145	65.210	65.130	65.205	5
2025-09-05 16:30	65.200	65.280	65.197	65.252	5
2025-09-05 16:35	65.265	65.325	65.212	65.212	5
2025-09-05 16:40	65.200	65.310	65.197	65.292	5
2025-09-05 16:45	65.290	65.355	65.277	65.312	5
2025-09-05 16:50	65.325	65.435	65.305	65.412	5
2025-09-05 16:55	65.405	65.475	65.350	65.462	5
2025-09-05 17:00	65.455	65.485	65.432	65.457	5
2025-09-05 17:05	65.470	65.470	65.362	65.405	5
2025-09-05 17:10	65.415	65.445	65.382	65.405	5
2025-09-05 17:15	65.415	65.452	65.412	65.425	5
2025-09-05 17:20	65.435	65.440	65.345	65.355	5
2025-09-05 17:25	65.362	65.370	65.305	65.342	5
2025-09-05 17:30	65.335	65.355	65.282	65.282	5
2025-09-05 17:35	65.275	65.325	65.242	65.280	5
2025-09-05 17:40	65.275	65.295	65.250	65.295	5
2025-09-05 17:45	65.290	65.330	65.272	65.310	5
2025-09-05 17:50	65.305	65.375	65.302	65.362	5
2025-09-05 17:55	65.355	65.435	65.332	65.385	5
2025-09-05 18:00	65.385	65.445	65.385	65.432	5
2025-09-05 18:05	65.420	65.435	65.370	65.407	5
2025-09-05 18:10	65.405	65.445	65.402	65.425	5
2025-09-05 18:15	65.435	65.485	65.422	65.485	5
2025-09-05 18:20	65.475	65.485	65.422	65.452	5
2025-09-05 18:25	65.465	65.555	65.445	65.482	5
2025-09-05 18:30	65.475	65.555	65.472	65.532	5
2025-09-05 18:35	65.525	65.595	65.522	65.582	5
2025-09-05 18:40	65.595	65.615	65.580	65.602	5
2025-09-05 18:45	65.615	65.675	65.605	65.652	5
2025-09-05 18:50	65.657	65.675	65.632	65.662	5
2025-09-05 18:55	65.652	65.685	65.652	65.675	5
2025-09-05 19:00	65.662	65.665	65.642	65.662	5
2025-09-05 19:05	65.675	65.695	65.642	65.642	5
2025-09-05 19:10	65.650	65.675	65.642	65.662	5
2025-09-05 19:15	65.670	65.675	65.642	65.662	5
2025-09-05 19:20	65.660	65.662	65.632	65.632	4
2025-09-05 19:25	65.640	65.645	65.612	65.625	4
2025-09-05 19:30	65.635	65.635	65.577	65.580	5
2025-09-05 19:35	65.582	65.595	65.552	65.592	5
2025-09-05 19:40	65.605	65.635	65.605	65.630	4
2025-09-05 19:45	65.622	65.665	65.622	65.642	5
2025-09-05 19:50	65.650	65.685	65.642	65.682	5
2025-09-05 19:55	65.680	65.680	65.597	65.645	5
2025-09-05 20:00	65.655	65.655	65.622	65.632	5
2025-09-05 20:05	65.632	65.662	65.632	65.647	5
2025-09-05 20:10	65.642	65.642	65.627	65.642	4
2025-09-05 20:15	65.647	65.647	65.612	65.622	5
2025-09-05 20:20	65.627	65.627	65.552	65.602	5
2025-09-05 20:25	65.602	65.612	65.597	65.607	5
2025-09-05 20:30	65.612	65.622	65.582	65.617	5
2025-09-05 20:35	65.602	65.617	65.592	65.607	5
2025-09-05 20:40	65.602	65.612	65.567	65.572	5
2025-09-05 20:45	65.562	65.592	65.562	65.577	5
2025-09-05 20:50	65.577	65.577	65.512	65.557	4
2025-09-05 20:55	65.557	65.567	65.547	65.562	5
2025-09-08 00:00	65.895	65.945	65.845	65.855	5
2025-09-08 00:05	65.850	65.895	65.842	65.870	5
2025-09-08 00:10	65.872	65.885	65.825	65.842	5
2025-09-08 00:15	65.840	65.855	65.815	65.840	5
2025-09-08 00:20	65.842	65.850	65.792	65.792	5
2025-09-08 00:25	65.802	65.825	65.802	65.812	4
2025-09-08 00:30	65.807	65.855	65.802	65.848	5
2025-09-08 00:35	65.855	65.855	65.782	65.812	5
2025-09-08 00:40	65.805	65.845	65.802	65.832	5
2025-09-08 00:45	65.835	65.835	65.808	65.808	5
2025-09-08 00:50	65.825	65.852	65.818	65.852	5
2025-09-08 00:55	65.870	65.880	65.842	65.855	5
2025-09-08 01:00	65.845	65.890	65.762	65.887	5
2025-09-08 01:05	65.920	66.042	65.883	66.022	5
2025-09-08 01:10	66.035	66.085	66.025	66.042	5
2025-09-08 01:15	66.037	66.080	65.998	66.077	5
2025-09-08 01:20	66.075	66.132	66.017	66.112	5
2025-09-08 01:25	66.105	66.125	66.090	66.115	5
2025-09-08 01:30	66.110	66.175	66.102	66.152	5
2025-09-08 01:35	66.165	66.230	66.132	66.215	5
2025-09-08 01:40	66.220	66.330	66.215	66.290	5
2025-09-08 01:45	66.292	66.315	66.262	66.290	5
2025-09-08 01:50	66.285	66.312	66.257	66.265	5
2025-09-08 01:55	66.260	66.290	66.222	66.252	5
2025-09-08 02:00	66.260	66.295	66.235	66.235	5
2025-09-08 02:05	66.240	66.255	66.192	66.202	5
2025-09-08 02:10	66.200	66.235	66.192	66.225	5
2025-09-08 02:15	66.220	66.225	66.192	66.202	5
2025-09-08 02:20	66.200	66.212	66.185	66.200	5
2025-09-08 02:25	66.190	66.225	66.182	66.202	5
2025-09-08 02:30	66.215	66.255	66.212	66.245	5
2025-09-08 02:35	66.252	66.275	66.250	66.255	4
2025-09-08 02:40	66.265	66.290	66.252	66.257	5
2025-09-08 02:45	66.265	66.275	66.232	66.262	5
2025-09-08 02:50	66.260	66.265	66.242	66.247	4
2025-09-08 02:55	66.255	66.290	66.235	66.275	5
2025-09-08 03:00	66.280	66.285	66.242	66.247	5
2025-09-08 03:05	66.255	66.272	66.247	66.260	5
2025-09-08 03:10	66.252	66.260	66.242	66.247	4
2025-09-08 03:15	66.242	66.285	66.237	66.272	5
2025-09-08 03:20	66.277	66.295	66.252	66.292	5
2025-09-08 03:25	66.285	66.305	66.272	66.282	5
2025-09-08 03:30	66.277	66.285	66.252	66.267	5
2025-09-08 03:35	66.285	66.285	66.262	66.270	5
2025-09-08 03:40	66.272	66.290	66.272	66.290	4
2025-09-08 03:45	66.285	66.305	66.272	66.287	5
2025-09-08 03:50	66.280	66.290	66.267	66.282	5
2025-09-08 03:55	66.290	66.290	66.280	66.282	2
2025-09-08 04:00	66.282	66.320	66.282	66.317	5
2025-09-08 04:05	66.305	66.320	66.302	66.310	4
2025-09-08 04:10	66.305	66.310	66.277	66.287	4
2025-09-08 04:15	66.295	66.295	66.262	66.280	4
2025-09-08 04:20	66.285	66.295	66.252	66.272	5
2025-09-08 04:25	66.268	66.285	66.262	66.280	5
2025-09-08 04:30	66.282	66.290	66.240	66.245	5
2025-09-08 04:35	66.247	66.255	66.232	66.255	4
2025-09-08 04:40	66.250	66.252	66.250	66.252	1
2025-09-08 04:45	66.250	66.252	66.242	66.252	2
2025-09-08 04:50	66.248	66.265	66.242	66.260	4
2025-09-08 04:55	66.255	66.265	66.248	66.255	4
2025-09-08 05:00	66.260	66.265	66.232	66.245	5
2025-09-08 05:05	66.250	66.265	66.232	66.265	4
2025-09-08 05:10	66.258	66.302	66.258	66.302	5
2025-09-08 05:15	66.307	66.307	66.285	66.295	5
2025-09-08 05:20	66.290	66.292	66.265	66.290	5
2025-09-08 05:25	66.282	66.292	66.255	66.282	5
2025-09-08 05:30	66.280	66.302	66.262	66.285	5
2025-09-08 05:35	66.290	66.305	66.262	66.272	5
2025-09-08 05:40	66.270	66.312	66.262	66.312	4
2025-09-08 05:45	66.305	66.455	66.292	66.450	5
2025-09-08 05:50	66.440	66.465	66.392	66.442	5
2025-09-08 05:55	66.435	66.505	66.420	66.475	5
2025-09-08 06:00	66.465	66.475	66.412	66.412	5
2025-09-08 06:05	66.407	66.515	66.405	66.515	5
2025-09-08 06:10	66.505	66.630	66.500	66.625	5
2025-09-08 06:15	66.620	66.725	66.617	66.635	5
2025-09-08 06:20	66.630	66.665	66.622	66.660	5
2025-09-08 06:25	66.662	66.715	66.652	66.687	5
2025-09-08 06:30	66.692	66.715	66.682	66.707	5
2025-09-08 06:35	66.715	66.755	66.707	66.732	5
2025-09-08 06:40	66.730	66.745	66.682	66.682	5
2025-09-08 06:45	66.695	66.705	66.632	66.632	5
2025-09-08 06:50	66.640	66.722	66.635	66.690	5
2025-09-08 06:55	66.682	66.705	66.632	66.640	5
2025-09-08 07:00	66.628	66.655	66.575	66.640	5
2025-09-08 07:05	66.642	66.675	66.620	66.622	5
2025-09-08 07:10	66.615	66.645	66.602	66.622	5
2025-09-08 07:15	66.635	66.665	66.582	66.602	5
2025-09-08 07:20	66.615	66.615	66.520	66.542	5
2025-09-08 07:25	66.555	66.595	66.532	66.542	5
2025-09-08 07:30	66.535	66.545	66.470	66.522	5
2025-09-08 07:35	66.530	66.542	66.472	66.480	5
2025-09-08 07:40	66.482	66.560	66.472	66.512	5
2025-09-08 07:45	66.505	66.525	66.475	66.510	5
2025-09-08 07:50	66.515	66.525	66.435	66.442	5
2025-09-08 07:55	66.435	66.455	66.425	66.447	5
2025-09-08 08:00	66.455	66.472	66.382	66.412	5
2025-09-08 08:05	66.425	66.485	66.392	66.462	5
2025-09-08 08:10	66.457	66.555	66.452	66.542	5
2025-09-08 08:15	66.535	66.560	66.522	66.532	5
2025-09-08 08:20	66.545	66.555	66.462	66.492	5
2025-09-08 08:25	66.500	66.570	66.442	66.565	5
2025-09-08 08:30	66.550	66.610	66.492	66.592	5
2025-09-08 08:35	66.585	66.605	66.472	66.602	5
2025-09-08 08:40	66.610	66.615	66.532	66.582	5
2025-09-08 08:45	66.575	66.605	66.542	66.572	5
2025-09-08 08:50	66.570	66.620	66.552	66.602	5
2025-09-08 08:55	66.575	66.675	66.572	66.595	5
2025-09-08 09:00	66.600	66.670	66.587	66.602	5
2025-09-08 09:05	66.615	66.735	66.602	66.702	5
2025-09-08 09:10	66.715	66.795	66.685	66.782	5
2025-09-08 09:15	66.780	66.805	66.742	66.772	5
2025-09-08 09:20	66.780	66.800	66.762	66.795	5
2025-09-08 09:25	66.800	66.800	66.727	66.750	5
2025-09-08 09:30	66.755	66.765	66.705	66.705	5
2025-09-08 09:35	66.702	66.722	66.667	66.702	5
2025-09-08 09:40	66.695	66.790	66.695	66.772	5
2025-09-08 09:45	66.765	66.795	66.732	66.772	5
2025-09-08 09:50	66.785	66.795	66.752	66.785	5
2025-09-08 09:55	66.795	66.805	66.782	66.782	5
2025-09-08 10:00	66.775	66.805	66.725	66.802	5
2025-09-08 10:05	66.815	66.865	66.812	66.825	5
2025-09-08 10:10	66.835	66.840	66.772	66.782	5
2025-09-08 10:15	66.775	66.805	66.772	66.800	5
2025-09-08 10:20	66.805	66.815	66.785	66.805	4
2025-09-08 10:25	66.810	66.820	66.742	66.742	5
2025-09-08 10:30	66.750	66.775	66.692	66.772	5
2025-09-08 10:35	66.765	66.905	66.672	66.812	5
2025-09-08 10:40	66.820	66.832	66.750	66.812	5
2025-09-08 10:45	66.817	66.875	66.725	66.735	5
2025-09-08 10:50	66.740	66.780	66.642	66.755	5
2025-09-08 10:55	66.765	66.845	66.742	66.812	5
2025-09-08 11:00	66.805	66.825	66.792	66.822	3
2025-09-08 11:05	66.820	66.825	66.772	66.795	5
2025-09-08 11:10	66.800	66.800	66.732	66.790	5
2025-09-08 11:15	66.785	66.825	66.782	66.825	4
2025-09-08 11:20	66.855	66.855	66.782	66.805	5
2025-09-08 11:25	66.795	66.815	66.752	66.802	5
2025-09-08 11:30	66.800	66.805	66.725	66.742	5
2025-09-08 11:35	66.735	66.735	66.662	66.682	5
2025-09-08 11:40	66.695	66.705	66.622	66.690	5
2025-09-08 11:45	66.695	66.875	66.682	66.875	5
2025-09-08 11:50	66.895	67.015	66.882	66.995	5
2025-09-08 11:55	67.005	67.005	66.900	66.905	5
2025-09-08 12:00	66.915	66.935	66.882	66.915	5
2025-09-08 12:05	66.905	66.915	66.872	66.895	5
2025-09-08 12:10	66.885	66.925	66.870	66.892	5
2025-09-08 12:15	66.905	66.907	66.870	66.905	5
2025-09-08 12:20	66.910	66.932	66.897	66.922	4
2025-09-08 12:25	66.905	66.925	66.882	66.892	5
2025-09-08 12:30	66.900	66.915	66.732	66.832	5
2025-09-08 12:35	66.830	66.845	66.785	66.822	5
2025-09-08 12:40	66.820	66.820	66.772	66.797	5
2025-09-08 12:45	66.805	66.825	66.750	66.772	5
2025-09-08 12:50	66.780	66.825	66.752	66.775	5
2025-09-08 12:55	66.760	66.765	66.672	66.712	5
2025-09-08 13:00	66.700	66.715	66.590	66.695	5
2025-09-08 13:05	66.705	66.775	66.592	66.625	5
2025-09-08 13:10	66.645	66.662	66.552	66.605	5
2025-09-08 13:15	66.620	66.650	66.502	66.535	5
2025-09-08 13:20	66.545	66.585	66.522	66.562	5
2025-09-08 13:25	66.570	66.585	66.492	66.502	5
2025-09-08 13:30	66.495	66.525	66.442	66.500	5
2025-09-08 13:35	66.505	66.520	66.252	66.257	5
2025-09-08 13:40	66.255	66.315	66.187	66.192	5
2025-09-08 13:45	66.185	66.195	66.015	66.032	5
2025-09-08 13:50	66.015	66.050	65.800	65.922	5
2025-09-08 13:55	65.915	65.935	65.805	65.842	5
2025-09-08 14:00	65.840	65.945	65.715	65.935	5
2025-09-08 14:05	65.930	66.095	65.922	65.992	5
2025-09-08 14:10	65.987	66.055	65.935	65.985	5
2025-09-08 14:15	66.000	66.025	65.952	65.982	5
2025-09-08 14:20	65.995	66.005	65.905	65.952	5
2025-09-08 14:25	65.950	65.985	65.922	65.935	5
2025-09-08 14:30	65.925	65.935	65.870	65.875	5
2025-09-08 14:35	65.895	65.990	65.880	65.905	5
2025-09-08 14:40	65.895	66.025	65.882	66.002	5
2025-09-08 14:45	66.010	66.065	65.922	66.062	5
2025-09-08 14:50	66.075	66.135	66.025	66.132	5
2025-09-08 14:55	66.125	66.160	65.955	65.967	5
2025-09-08 15:00	65.980	66.155	65.967	66.147	5
2025-09-08 15:05	66.165	66.165	66.102	66.142	5
2025-09-08 15:10	66.150	66.282	66.132	66.282	5
2025-09-08 15:15	66.305	66.325	66.195	66.320	5
2025-09-08 15:20	66.312	66.325	66.262	66.322	5
2025-09-08 15:25	66.315	66.365	66.202	66.205	5
2025-09-08 15:30	66.210	66.305	66.122	66.292	5
2025-09-08 15:35	66.285	66.295	66.162	66.165	5
2025-09-08 15:40	66.155	66.165	66.072	66.102	5
2025-09-08 15:45	66.100	66.175	66.092	66.155	5
2025-09-08 15:50	66.185	66.215	66.112	66.200	5
2025-09-08 15:55	66.192	66.225	66.142	66.142	5
2025-09-08 16:00	66.135	66.225	66.092	66.165	5
2025-09-08 16:05	66.178	66.215	66.132	66.135	5
2025-09-08 16:10	66.127	66.127	66.060	66.075	5
2025-09-08 16:15	66.065	66.072	65.997	66.010	5
2025-09-08 16:20	66.015	66.040	65.972	66.022	5
2025-09-08 16:25	66.035	66.035	66.002	66.015	5
2025-09-08 16:30	66.020	66.020	65.965	66.005	5
2025-09-08 16:35	65.995	66.005	65.932	65.957	5
2025-09-08 16:40	65.965	66.002	65.932	65.965	5
2025-09-08 16:45	65.955	65.960	65.912	65.920	5
2025-09-08 16:50	65.922	65.965	65.885	65.930	5
2025-09-08 16:55	65.925	65.945	65.902	65.925	5
2025-09-08 17:00	65.917	66.020	65.912	65.972	5
2025-09-08 17:05	65.985	66.042	65.975	66.012	5
2025-09-08 17:10	66.010	66.015	65.985	66.012	4
2025-09-08 17:15	66.010	66.015	65.972	65.995	5
2025-09-08 17:20	65.990	66.055	65.985	66.020	5
2025-09-08 17:25	66.012	66.085	66.002	66.075	5
2025-09-08 17:30	66.070	66.135	66.032	66.032	5
2025-09-08 17:35	66.027	66.065	66.022	66.062	5
2025-09-08 17:40	66.075	66.075	66.042	66.065	5
2025-09-08 17:45	66.057	66.075	65.992	66.007	5
2025-09-08 17:50	66.012	66.012	65.912	65.972	5
2025-09-08 17:55	65.967	66.000	65.942	65.955	5
2025-09-08 18:00	65.950	65.957	65.902	65.932	5
2025-09-08 18:05	65.930	65.955	65.902	65.915	5
2025-09-08 18:10	65.925	65.945	65.892	65.922	5
2025-09-08 18:15	65.935	65.955	65.902	65.942	5
2025-09-08 18:20	65.955	66.055	65.945	66.035	5
2025-09-08 18:25	66.045	66.110	65.952	66.002	5
2025-09-08 18:30	66.000	66.105	65.992	66.102	5
2025-09-08 18:35	66.095	66.105	66.052	66.102	5
2025-09-08 18:40	66.100	66.105	66.075	66.102	5
2025-09-08 18:45	66.100	66.105	66.082	66.082	5
2025-09-08 18:50	66.090	66.105	66.082	66.082	5
2025-09-08 18:55	66.075	66.095	66.065	66.065	5
2025-09-08 19:00	66.075	66.085	66.045	66.052	3
2025-09-08 19:05	66.045	66.100	66.038	66.092	4
2025-09-08 19:10	66.105	66.105	66.080	66.082	4
2025-09-08 19:15	66.090	66.145	66.090	66.135	5
2025-09-08 19:20	66.125	66.125	66.105	66.110	3
2025-09-08 19:25	66.105	66.125	66.102	66.110	5
2025-09-08 19:30	66.115	66.120	66.085	66.105	5
2025-09-08 19:35	66.095	66.115	66.092	66.102	4
2025-09-08 19:40	66.115	66.115	66.090	66.095	2
2025-09-08 19:45	66.100	66.100	66.082	66.085	4
2025-09-08 19:50	66.090	66.095	66.080	66.092	4
2025-09-08 19:55	66.105	66.115	66.082	66.105	5
2025-09-08 20:00	66.100	66.110	66.082	66.097	5
2025-09-08 20:05	66.092	66.112	66.082	66.107	5
2025-09-08 20:10	66.102	66.132	66.102	66.132	5
2025-09-08 20:15	66.142	66.162	66.142	66.162	4
2025-09-08 20:20	66.172	66.182	66.172	66.182	4
2025-09-08 20:25	66.162	66.162	66.152	66.152	2
2025-09-08 20:30	66.157	66.182	66.157	66.167	3
2025-09-08 20:35	66.157	66.162	66.152	66.152	3
2025-09-08 20:40	66.162	66.172	66.162	66.172	3
2025-09-08 20:45	66.172	66.172	66.162	66.162	3
2025-09-08 20:50	66.142	66.162	66.137	66.162	5
2025-09-08 20:55	66.162	66.172	66.162	66.167	4
2025-09-09 00:00	66.202	66.260	66.197	66.220	5
2025-09-09 00:05	66.225	66.225	66.160	66.198	5
2025-09-09 00:10	66.200	66.200	66.160	66.165	5
2025-09-09 00:15	66.167	66.185	66.162	66.182	4
2025-09-09 00:20	66.180	66.185	66.135	66.150	5
2025-09-09 00:25	66.145	66.165	66.123	66.150	5
2025-09-09 00:30	66.152	66.152	66.125	66.137	4
2025-09-09 00:35	66.133	66.165	66.133	66.142	4
2025-09-09 00:40	66.140	66.175	66.140	66.168	4
2025-09-09 00:45	66.170	66.175	66.157	66.157	4
2025-09-09 00:50	66.165	66.180	66.157	66.168	5
2025-09-09 00:55	66.175	66.180	66.155	66.170	5
2025-09-09 01:00	66.172	66.180	66.105	66.172	5
2025-09-09 01:05	66.170	66.172	66.132	66.162	5
2025-09-09 01:10	66.170	66.185	66.142	66.150	5
2025-09-09 01:15	66.145	66.190	66.132	66.180	5
2025-09-09 01:20	66.172	66.185	66.112	66.122	5
2025-09-09 01:25	66.135	66.175	66.125	66.172	5
2025-09-09 01:30	66.170	66.227	66.167	66.202	5
2025-09-09 01:35	66.207	66.250	66.202	66.245	5
2025-09-09 01:40	66.237	66.292	66.232	66.272	5
2025-09-09 01:45	66.270	66.300	66.252	66.260	5
2025-09-09 01:50	66.265	66.305	66.252	66.260	5
2025-09-09 01:55	66.252	66.275	66.247	66.265	5
2025-09-09 02:00	66.275	66.285	66.258	66.272	5
2025-09-09 02:05	66.267	66.285	66.262	66.262	5
2025-09-09 02:10	66.275	66.302	66.262	66.300	5
2025-09-09 02:15	66.295	66.365	66.292	66.347	5
2025-09-09 02:20	66.345	66.345	66.305	66.335	5
2025-09-09 02:25	66.332	66.340	66.267	66.330	5
2025-09-09 02:30	66.317	66.365	66.317	66.352	5
2025-09-09 02:35	66.345	66.375	66.342	66.365	5
2025-09-09 02:40	66.360	66.365	66.352	66.362	5
2025-09-09 02:45	66.370	66.370	66.342	66.342	5
2025-09-09 02:50	66.350	66.375	66.342	66.355	5
2025-09-09 02:55	66.345	66.350	66.338	66.345	4
2025-09-09 03:00	66.338	66.355	66.338	66.352	4
2025-09-09 03:05	66.348	66.375	66.342	66.372	4
2025-09-09 03:10	66.400	66.405	66.338	66.338	4
2025-09-09 03:15	66.345	66.345	66.292	66.320	3
2025-09-09 03:20	66.312	66.365	66.307	66.355	5
2025-09-09 03:25	66.345	66.345	66.292	66.310	5
2025-09-09 03:30	66.312	66.345	66.310	66.340	5
2025-09-09 03:35	66.335	66.337	66.312	66.327	5
2025-09-09 03:40	66.340	66.350	66.332	66.342	4
2025-09-09 03:45	66.350	66.352	66.342	66.348	5
2025-09-09 03:50	66.350	66.365	66.350	66.357	4
2025-09-09 03:55	66.352	66.360	66.348	66.355	5
2025-09-09 04:00	66.348	66.352	66.342	66.347	5
2025-09-09 04:05	66.355	66.417	66.352	66.405	5
2025-09-09 04:10	66.410	66.425	66.405	66.420	5
2025-09-09 04:15	66.422	66.422	66.402	66.405	5
2025-09-09 04:20	66.407	66.415	66.402	66.412	4
2025-09-09 04:25	66.408	66.435	66.408	66.422	3
2025-09-09 04:30	66.430	66.440	66.422	66.440	5
2025-09-09 04:35	66.432	66.440	66.425	66.432	5
2025-09-09 04:40	66.440	66.465	66.432	66.462	5
2025-09-09 04:45	66.455	66.465	66.452	66.457	5
2025-09-09 04:50	66.470	66.490	66.458	66.472	5
2025-09-09 04:55	66.467	66.490	66.452	66.490	4
2025-09-09 05:00	66.495	66.495	66.452	66.467	5
2025-09-09 05:05	66.462	66.485	66.457	66.482	3
2025-09-09 05:10	66.478	66.495	66.472	66.472	3
2025-09-09 05:15	66.468	66.485	66.468	66.485	2
2025-09-09 05:20	66.475	66.485	66.468	66.482	4
2025-09-09 05:25	66.487	66.487	66.437	66.452	2
2025-09-09 05:30	66.450	66.455	66.410	66.442	5
2025-09-09 05:35	66.455	66.455	66.422	66.422	4
2025-09-09 05:40	66.420	66.470	66.415	66.462	4
2025-09-09 05:45	66.445	66.445	66.392	66.422	5
2025-09-09 05:50	66.415	66.427	66.382	66.427	5
2025-09-09 05:55	66.435	66.440	66.382	66.392	5
2025-09-09 06:00	66.410	66.535	66.355	66.527	5
2025-09-09 06:05	66.525	66.555	66.520	66.542	5
2025-09-09 06:10	66.550	66.585	66.492	66.527	5
2025-09-09 06:15	66.525	66.525	66.407	66.482	5
2025-09-09 06:20	66.480	66.480	66.442	66.450	5
2025-09-09 06:25	66.442	66.480	66.435	66.467	5
2025-09-09 06:30	66.462	66.525	66.432	66.522	5
2025-09-09 06:35	66.530	66.625	66.492	66.622	5
2025-09-09 06:40	66.605	66.610	66.502	66.542	5
2025-09-09 06:45	66.540	66.562	66.502	66.552	5
2025-09-09 06:50	66.535	66.605	66.522	66.562	5
2025-09-09 06:55	66.570	66.575	66.518	66.527	5
2025-09-09 07:00	66.535	66.552	66.462	66.542	5
2025-09-09 07:05	66.550	66.592	66.525	66.560	5
2025-09-09 07:10	66.562	66.605	66.542	66.560	5
2025-09-09 07:15	66.552	66.690	66.532	66.657	5
2025-09-09 07:20	66.662	66.705	66.657	66.682	5
2025-09-09 07:25	66.690	66.745	66.682	66.742	4
2025-09-09 07:30	66.755	66.765	66.697	66.710	5
2025-09-09 07:35	66.702	66.735	66.670	66.725	5
2025-09-09 07:40	66.720	66.735	66.665	66.675	5
2025-09-09 07:45	66.665	66.675	66.582	66.602	5
2025-09-09 07:50	66.600	66.635	66.552	66.622	5
2025-09-09 07:55	66.615	66.685	66.590	66.630	5
2025-09-09 08:00	66.635	66.725	66.622	66.725	5
2025-09-09 08:05	66.740	66.775	66.720	66.720	5
2025-09-09 08:10	66.715	66.745	66.700	66.737	5
2025-09-09 08:15	66.745	66.775	66.718	66.762	5
2025-09-09 08:20	66.755	66.872	66.732	66.732	5
2025-09-09 08:25	66.725	66.855	66.725	66.837	5
2025-09-09 08:30	66.835	66.915	66.792	66.875	5
2025-09-09 08:35	66.875	66.880	66.812	66.840	5
2025-09-09 08:40	66.842	66.895	66.842	66.877	5
2025-09-09 08:45	66.875	66.900	66.850	66.865	5
2025-09-09 08:50	66.845	66.865	66.742	66.755	5
2025-09-09 08:55	66.750	66.780	66.720	66.742	5
2025-09-09 09:00	66.725	66.732	66.522	66.552	5
2025-09-09 09:05	66.545	66.550	66.435	66.462	5
2025-09-09 09:10	66.455	66.600	66.442	66.585	5
2025-09-09 09:15	66.582	66.665	66.575	66.602	5
2025-09-09 09:20	66.600	66.675	66.575	66.662	5
2025-09-09 09:25	66.655	66.740	66.602	66.655	5
2025-09-09 09:30	66.645	66.675	66.520	66.572	5
2025-09-09 09:35	66.570	66.595	66.512	66.535	5
2025-09-09 09:40	66.530	66.555	66.522	66.530	5
2025-09-09 09:45	66.522	66.545	66.442	66.455	5
2025-09-09 09:50	66.460	66.462	66.382	66.392	5
2025-09-09 09:55	66.390	66.445	66.382	66.442	5
2025-09-09 10:00	66.432	66.515	66.372	66.505	5
2025-09-09 10:05	66.497	66.505	66.442	66.462	5
2025-09-09 10:10	66.470	66.505	66.442	66.502	5
2025-09-09 10:15	66.535	66.535	66.462	66.505	5
2025-09-09 10:20	66.500	66.500	66.422	66.470	4
2025-09-09 10:25	66.472	66.492	66.422	66.475	5
2025-09-09 10:30	66.470	66.500	66.442	66.482	5
2025-09-09 10:35	66.495	66.515	66.432	66.435	5
2025-09-09 10:40	66.425	66.452	66.425	66.435	4
2025-09-09 10:45	66.425	66.425	66.337	66.402	5
2025-09-09 10:50	66.420	66.460	66.402	66.435	5
2025-09-09 10:55	66.450	66.480	66.430	66.460	5
2025-09-09 11:00	66.465	66.545	66.442	66.455	5
2025-09-09 11:05	66.465	66.475	66.422	66.430	5
2025-09-09 11:10	66.435	66.490	66.402	66.490	5
2025-09-09 11:15	66.485	66.545	66.482	66.487	5
2025-09-09 11:20	66.495	66.505	66.462	66.492	5
2025-09-09 11:25	66.500	66.530	66.485	66.520	5
2025-09-09 11:30	66.525	66.555	66.512	66.535	5
2025-09-09 11:35	66.530	66.585	66.530	66.542	5
2025-09-09 11:40	66.525	66.535	66.490	66.492	5
2025-09-09 11:45	66.495	66.560	66.490	66.552	5
2025-09-09 11:50	66.560	66.605	66.512	66.590	5
2025-09-09 11:55	66.585	66.605	66.532	66.557	5
2025-09-09 12:00	66.580	66.590	66.532	66.575	5
2025-09-09 12:05	66.595	66.645	66.542	66.620	5
2025-09-09 12:10	66.622	66.660	66.612	66.637	5
2025-09-09 12:15	66.635	66.660	66.632	66.655	5
2025-09-09 12:20	66.660	66.715	66.642	66.700	5
2025-09-09 12:25	66.695	66.722	66.662	66.665	5
2025-09-09 12:30	66.667	66.725	66.660	66.685	5
2025-09-09 12:35	66.675	66.682	66.552	66.585	5
2025-09-09 12:40	66.590	66.600	66.560	66.572	5
2025-09-09 12:45	66.580	66.650	66.580	66.622	5
2025-09-09 12:50	66.630	66.765	66.622	66.665	5
2025-09-09 12:55	66.635	66.655	66.552	66.590	5
2025-09-09 13:00	66.585	67.225	66.555	67.082	5
2025-09-09 13:05	67.090	67.090	66.765	66.885	5
2025-09-09 13:10	66.895	67.045	66.872	67.042	5
2025-09-09 13:15	67.055	67.195	66.930	66.950	5
2025-09-09 13:20	66.955	67.070	66.920	67.042	5
2025-09-09 13:25	67.040	67.115	66.942	66.975	5
2025-09-09 13:30	66.980	67.075	66.895	67.002	5
2025-09-09 13:35	67.010	67.065	66.802	66.830	5
2025-09-09 13:40	66.827	67.015	66.822	67.015	5
2025-09-09 13:45	67.020	67.025	66.882	67.010	5
2025-09-09 13:50	67.012	67.100	66.995	67.012	5
2025-09-09 13:55	66.995	67.115	66.952	67.075	5
2025-09-09 14:00	67.085	67.105	66.912	66.912	5
2025-09-09 14:05	66.920	66.925	66.812	66.852	5
2025-09-09 14:10	66.875	66.975	66.828	66.962	5
2025-09-09 14:15	66.970	66.995	66.910	66.970	5
2025-09-09 14:20	66.965	67.075	66.940	67.052	5
2025-09-09 14:25	67.050	67.070	66.975	67.055	5
2025-09-09 14:30	67.045	67.225	67.032	67.112	5
2025-09-09 14:35	67.110	67.110	66.932	67.027	5
2025-09-09 14:40	67.035	67.085	67.022	67.055	5
2025-09-09 14:45	67.062	67.115	67.055	67.105	5
2025-09-09 14:50	67.097	67.115	66.972	67.065	5
2025-09-09 14:55	67.075	67.125	67.035	67.100	5
2025-09-09 15:00	67.105	67.350	67.072	67.212	5
2025-09-09 15:05	67.210	67.220	67.022	67.025	5
2025-09-09 15:10	67.030	67.130	67.002	67.115	5
2025-09-09 15:15	67.120	67.130	67.002	67.035	5
2025-09-09 15:20	67.045	67.075	66.962	66.992	5
2025-09-09 15:25	66.997	67.035	66.882	66.900	5
2025-09-09 15:30	66.897	66.897	66.642	66.697	5
2025-09-09 15:35	66.705	66.775	66.692	66.740	5
2025-09-09 15:40	66.742	66.752	66.672	66.695	5
2025-09-09 15:45	66.685	66.745	66.649	66.735	5
2025-09-09 15:50	66.730	66.730	66.652	66.682	5
2025-09-09 15:55	66.675	66.705	66.649	66.662	5
2025-09-09 16:00	66.675	66.685	66.542	66.592	5
2025-09-09 16:05	66.605	66.605	66.545	66.570	5
2025-09-09 16:10	66.575	66.575	66.497	66.535	5
2025-09-09 16:15	66.527	66.535	66.492	66.530	5
2025-09-09 16:20	66.525	66.615	66.515	66.582	5
2025-09-09 16:25	66.580	66.595	66.515	66.517	5
2025-09-09 16:30	66.515	66.625	66.515	66.592	5
2025-09-09 16:35	66.590	66.605	66.495	66.522	5
2025-09-09 16:40	66.530	66.542	66.512	66.535	5
2025-09-09 16:45	66.525	66.532	66.442	66.472	5
2025-09-09 16:50	66.465	66.505	66.435	66.480	5
2025-09-09 16:55	66.485	66.515	66.462	66.515	5
2025-09-09 17:00	66.525	66.572	66.492	66.505	5
2025-09-09 17:05	66.515	66.515	66.482	66.505	5
2025-09-09 17:10	66.500	66.555	66.492	66.517	5
2025-09-09 17:15	66.522	66.565	66.512	66.552	5
2025-09-09 17:20	66.547	66.635	66.545	66.605	5
2025-09-09 17:25	66.615	66.650	66.602	66.625	5
2025-09-09 17:30	66.630	66.635	66.562	66.582	5
2025-09-09 17:35	66.575	66.600	66.542	66.555	5
2025-09-09 17:40	66.547	66.552	66.462	66.502	5
2025-09-09 17:45	66.515	66.525	66.442	66.455	5
2025-09-09 17:50	66.450	66.505	66.432	66.440	5
2025-09-09 17:55	66.435	66.445	66.412	66.422	5
2025-09-09 18:00	66.415	66.440	66.382	66.422	4
2025-09-09 18:05	66.420	66.425	66.362	66.395	5
2025-09-09 18:10	66.390	66.445	66.390	66.420	5
2025-09-09 18:15	66.425	66.435	66.352	66.375	5
2025-09-09 18:20	66.365	66.440	66.340	66.402	5
2025-09-09 18:25	66.410	66.415	66.342	66.372	5
2025-09-09 18:30	66.385	66.445	66.340	66.435	5
2025-09-09 18:35	66.430	66.475	66.407	66.465	5
2025-09-09 18:40	66.455	66.460	66.422	66.452	5
2025-09-09 18:45	66.450	66.475	66.435	66.440	5
2025-09-09 18:50	66.432	66.460	66.432	66.450	5
2025-09-09 18:55	66.445	66.455	66.437	66.455	5
2025-09-09 19:00	66.450	66.465	66.440	66.440	4
2025-09-09 19:05	66.435	66.465	66.427	66.445	5
2025-09-09 19:10	66.450	66.462	66.445	66.450	5
2025-09-09 19:15	66.442	66.460	66.432	66.432	5
2025-09-09 19:20	66.440	66.455	66.435	66.440	4
2025-09-09 19:25	66.445	66.460	66.442	66.457	5
2025-09-09 19:30	66.465	66.465	66.430	66.440	5
2025-09-09 19:35	66.432	66.445	66.432	66.437	4
2025-09-09 19:40	66.432	66.505	66.432	66.482	5
2025-09-09 19:45	66.477	66.495	66.462	66.465	5
2025-09-09 19:50	66.470	66.470	66.412	66.427	4
2025-09-09 19:55	66.425	66.445	66.402	66.405	5
2025-09-09 20:00	66.395	66.395	66.352	66.362	4
2025-09-09 20:05	66.367	66.403	66.362	66.382	4
2025-09-09 20:10	66.377	66.393	66.367	66.367	5
2025-09-09 20:15	66.372	66.382	66.372	66.382	4
2025-09-09 20:20	66.392	66.407	66.382	66.387	5
2025-09-09 20:25	66.387	66.402	66.377	66.393	4
2025-09-09 20:30	66.382	66.432	66.352	66.422	5
2025-09-09 20:35	66.407	66.442	66.402	66.427	5
2025-09-09 20:40	66.427	66.427	66.397	66.407	5
2025-09-09 20:45	66.412	66.437	66.402	66.437	4
2025-09-09 20:50	66.432	66.502	66.422	66.482	5
2025-09-09 20:55	66.477	66.502	66.452	66.487	5
2025-09-10 00:00	66.765	66.785	66.710	66.750	5
2025-09-10 00:05	66.752	66.752	66.667	66.695	5
2025-09-10 00:10	66.690	66.690	66.648	66.652	5
2025-09-10 00:15	66.645	66.690	66.645	66.672	5
2025-09-10 00:20	66.677	66.715	66.675	66.710	5
2025-09-10 00:25	66.715	66.715	66.698	66.698	4
2025-09-10 00:30	66.710	66.725	66.702	66.722	5
2025-09-10 00:35	66.715	66.745	66.695	66.725	5
2025-09-10 00:40	66.730	66.765	66.725	66.730	5
2025-09-10 00:45	66.732	66.742	66.697	66.730	5
2025-09-10 00:50	66.740	66.775	66.735	66.775	5
2025-09-10 00:55	66.777	66.810	66.755	66.802	5
2025-09-10 01:00	66.790	66.855	66.732	66.820	5
2025-09-10 01:05	66.812	66.830	66.785	66.815	5
2025-09-10 01:10	66.810	66.835	66.772	66.772	5
2025-09-10 01:15	66.780	66.795	66.757	66.757	5
2025-09-10 01:20	66.772	66.785	66.732	66.782	4
2025-09-10 01:25	66.778	66.800	66.765	66.765	5
2025-09-10 01:30	66.755	66.785	66.730	66.785	5
2025-09-10 01:35	66.780	66.805	66.770	66.792	4
2025-09-10 01:40	66.805	66.820	66.782	66.807	5
2025-09-10 01:45	66.815	66.845	66.802	66.830	5
2025-09-10 01:50	66.835	66.855	66.815	66.842	5
2025-09-10 01:55	66.875	66.885	66.845	66.850	5
2025-09-10 02:00	66.855	66.905	66.842	66.887	5
2025-09-10 02:05	66.895	66.955	66.890	66.942	5
2025-09-10 02:10	66.950	66.965	66.902	66.917	5
2025-09-10 02:15	66.912	66.930	66.908	66.915	5
2025-09-10 02:20	66.905	66.905	66.872	66.882	5
2025-09-10 02:25	66.890	66.905	66.890	66.892	5
2025-09-10 02:30	66.888	66.905	66.882	66.892	5
2025-09-10 02:35	66.887	66.905	66.875	66.882	5
2025-09-10 02:40	66.875	66.885	66.832	66.842	5
2025-09-10 02:45	66.855	66.870	66.842	66.862	5
2025-09-10 02:50	66.870	66.875	66.842	66.868	4
2025-09-10 02:55	66.877	66.880	66.848	66.872	5
2025-09-10 03:00	66.880	66.905	66.875	66.897	5
2025-09-10 03:05	66.892	66.905	66.862	66.867	5
2025-09-10 03:10	66.872	66.895	66.852	66.875	5
2025-09-10 03:15	66.880	66.930	66.872	66.930	5
2025-09-10 03:20	66.875	66.930	66.865	66.922	5
2025-09-10 03:25	66.927	66.950	66.902	66.902	5
2025-09-10 03:30	66.910	66.955	66.902	66.947	5
2025-09-10 03:35	66.942	66.955	66.928	66.938	4
2025-09-10 03:40	66.935	66.935	66.912	66.925	5
2025-09-10 03:45	66.917	66.925	66.910	66.910	5
2025-09-10 03:50	66.912	66.935	66.912	66.930	5
2025-09-10 03:55	66.932	66.965	66.932	66.960	5
2025-09-10 04:00	66.952	66.952	66.935	66.947	5
2025-09-10 04:05	66.955	66.965	66.948	66.948	4
2025-09-10 04:10	66.945	66.955	66.942	66.955	2
2025-09-10 04:15	66.965	66.990	66.960	66.967	5
2025-09-10 04:20	66.972	66.975	66.935	66.965	5
2025-09-10 04:25	66.955	67.005	66.952	66.972	5
2025-09-10 04:30	66.980	66.980	66.958	66.958	5
2025-09-10 04:35	66.955	66.985	66.952	66.985	4
2025-09-10 04:40	66.990	67.030	66.982	67.018	5
2025-09-10 04:45	67.020	67.020	66.998	67.005	5
2025-09-10 04:50	67.010	67.020	67.002	67.010	4
2025-09-10 04:55	67.005	67.040	67.002	67.040	3
2025-09-10 05:00	67.045	67.075	67.032	67.058	5
2025-09-10 05:05	67.065	67.075	67.045	67.045	5
2025-09-10 05:10	67.035	67.105	67.035	67.087	5
2025-09-10 05:15	67.095	67.120	67.072	67.092	5
2025-09-10 05:20	67.087	67.105	67.082	67.090	5
2025-09-10 05:25	67.105	67.115	67.092	67.112	5
2025-09-10 05:30	67.110	67.125	67.052	67.052	5
2025-09-10 05:35	67.047	67.065	67.032	67.045	5
2025-09-10 05:40	67.040	67.045	66.982	67.022	5
2025-09-10 05:45	67.030	67.055	66.992	67.050	5
2025-09-10 05:50	67.055	67.100	67.052	67.077	5
2025-09-10 05:55	67.075	67.082	67.022	67.030	5
2025-09-10 06:00	67.035	67.035	66.967	66.975	5
2025-09-10 06:05	66.965	66.995	66.962	66.972	5
2025-09-10 06:10	66.980	66.985	66.945	66.975	5
2025-09-10 06:15	66.965	66.982	66.890	66.965	5
2025-09-10 06:20	66.975	67.075	66.972	67.047	5
2025-09-10 06:25	67.065	67.115	67.022	67.105	5
2025-09-10 06:30	67.110	67.155	67.082	67.142	5
2025-09-10 06:35	67.155	67.175	67.022	67.025	5
2025-09-10 06:40	67.020	67.025	66.952	66.960	5
2025-09-10 06:45	66.965	67.035	66.962	66.982	5
2025-09-10 06:50	66.977	66.995	66.932	66.990	5
2025-09-10 06:55	66.995	67.005	66.942	66.990	5
2025-09-10 07:00	66.995	67.042	66.950	66.975	5
2025-09-10 07:05	66.965	66.995	66.932	66.982	5
2025-09-10 07:10	66.980	67.065	66.930	67.040	5
2025-09-10 07:15	67.025	67.040	66.992	67.025	5
2025-09-10 07:20	67.035	67.085	66.975	66.990	5
2025-09-10 07:25	66.992	67.015	66.862	66.875	5
2025-09-10 07:30	66.867	66.875	66.802	66.845	5
2025-09-10 07:35	66.850	66.855	66.822	66.835	5
2025-09-10 07:40	66.825	66.885	66.822	66.852	5
2025-09-10 07:45	66.850	66.865	66.832	66.852	5
2025-09-10 07:50	66.845	66.955	66.842	66.925	5
2025-09-10 07:55	66.920	66.935	66.852	66.870	5
2025-09-10 08:00	66.885	66.900	66.785	66.835	5
2025-09-10 08:05	66.830	66.890	66.812	66.875	5
2025-09-10 08:10	66.877	66.905	66.852	66.905	5
2025-09-10 08:15	66.895	66.975	66.892	66.972	5
2025-09-10 08:20	66.985	67.055	66.945	67.045	5
2025-09-10 08:25	67.055	67.075	66.997	67.010	5
2025-09-10 08:30	66.995	67.040	66.932	66.945	5
2025-09-10 08:35	66.955	66.955	66.842	66.862	5
2025-09-10 08:40	66.855	67.005	66.852	67.005	5
2025-09-10 08:45	66.995	67.045	66.962	67.030	5
2025-09-10 08:50	67.035	67.055	66.962	67.002	5
2025-09-10 08:55	66.995	67.010	66.972	66.982	5
2025-09-10 09:00	66.987	67.025	66.965	67.010	5
2025-09-10 09:05	67.005	67.025	66.982	67.000	5
2025-09-10 09:10	67.005	67.025	66.992	66.995	5
2025-09-10 09:15	66.985	67.025	66.977	66.992	5
2025-09-10 09:20	66.990	66.992	66.912	66.942	5
2025-09-10 09:25	66.940	66.940	66.710	66.752	5
2025-09-10 09:30	66.765	66.830	66.702	66.820	5
2025-09-10 09:35	66.825	66.825	66.772	66.805	5
2025-09-10 09:40	66.815	66.822	66.775	66.822	5
2025-09-10 09:45	66.815	66.835	66.777	66.785	5
2025-09-10 09:50	66.775	66.822	66.772	66.815	5
2025-09-10 09:55	66.805	66.845	66.752	66.765	5
2025-09-10 10:00	66.755	66.775	66.672	66.672	5
2025-09-10 10:05	66.685	66.755	66.672	66.742	5
2025-09-10 10:10	66.755	66.815	66.742	66.795	5
2025-09-10 10:15	66.805	66.885	66.792	66.860	5
2025-09-10 10:20	66.865	66.875	66.822	66.872	5
2025-09-10 10:25	66.895	66.925	66.882	66.905	5
2025-09-10 10:30	66.892	66.915	66.867	66.872	5
2025-09-10 10:35	66.880	66.915	66.872	66.912	5
2025-09-10 10:40	66.920	66.945	66.902	66.935	5
2025-09-10 10:45	66.945	66.965	66.880	66.902	5
2025-09-10 10:50	66.915	67.000	66.912	66.962	5
2025-09-10 10:55	66.975	67.015	66.962	67.015	4
2025-09-10 11:00	67.005	67.015	66.992	67.012	4
2025-09-10 11:05	67.000	67.025	66.972	67.005	5
2025-09-10 11:10	66.995	67.062	66.982	67.042	5
2025-09-10 11:15	67.035	67.045	66.992	67.007	4
2025-09-10 11:20	67.020	67.075	67.012	67.072	5
2025-09-10 11:25	67.065	67.075	66.992	67.022	5
2025-09-10 11:30	67.015	67.035	66.990	66.995	5
2025-09-10 11:35	66.985	66.995	66.962	66.975	5
2025-09-10 11:40	66.985	66.995	66.952	66.972	4
2025-09-10 11:45	66.970	67.005	66.942	66.952	5
2025-09-10 11:50	66.960	66.995	66.952	66.982	5
2025-09-10 11:55	66.975	66.990	66.957	66.980	5
2025-09-10 12:00	66.985	66.992	66.952	66.992	5
2025-09-10 12:05	66.985	67.062	66.982	67.045	5
2025-09-10 12:10	67.035	67.035	66.987	67.005	5
2025-09-10 12:15	66.992	67.145	66.992	67.142	5
2025-09-10 12:20	67.150	67.165	67.085	67.095	5
2025-09-10 12:25	67.100	67.100	67.050	67.067	5
2025-09-10 12:30	67.080	67.085	66.990	67.062	5
2025-09-10 12:35	67.060	67.095	67.002	67.002	5
2025-09-10 12:40	67.010	67.075	66.975	67.067	5
2025-09-10 12:45	67.075	67.075	66.992	67.010	5
2025-09-10 12:50	67.002	67.020	66.932	66.985	5
2025-09-10 12:55	66.990	67.055	66.950	67.012	5
2025-09-10 13:00	67.020	67.045	66.975	67.042	5
2025-09-10 13:05	67.035	67.075	67.012	67.032	5
2025-09-10 13:10	67.045	67.200	67.042	67.122	5
2025-09-10 13:15	67.115	67.125	66.985	66.985	5
2025-09-10 13:20	66.982	67.015	66.980	66.982	5
2025-09-10 13:25	66.990	66.990	66.822	66.882	5
2025-09-10 13:30	66.895	66.905	66.832	66.882	5
2025-09-10 13:35	66.895	66.945	66.860	66.872	5
2025-09-10 13:40	66.880	66.925	66.855	66.917	5
2025-09-10 13:45	66.915	67.025	66.900	66.975	5
2025-09-10 13:50	66.965	66.975	66.930	66.945	5
2025-09-10 13:55	66.935	67.035	66.925	67.012	5
2025-09-10 14:00	67.035	67.105	67.012	67.050	5
2025-09-10 14:05	67.055	67.075	67.022	67.042	5
2025-09-10 14:10	67.055	67.075	67.032	67.055	5
2025-09-10 14:15	67.060	67.115	67.060	67.102	5
2025-09-10 14:20	67.120	67.175	67.092	67.155	5
2025-09-10 14:25	67.145	67.145	67.057	67.057	5
2025-09-10 14:30	67.053	67.053	66.825	66.872	5
2025-09-10 14:35	66.870	67.005	66.842	66.842	5
2025-09-10 14:40	66.835	66.865	66.715	66.745	5
2025-09-10 14:45	66.750	66.845	66.742	66.825	5
2025-09-10 14:50	66.830	67.105	66.795	67.035	5
2025-09-10 14:55	67.045	67.080	66.985	66.990	5
2025-09-10 15:00	66.985	67.052	66.932	67.002	5
2025-09-10 15:05	66.995	67.455	66.985	67.435	5
2025-09-10 15:10	67.410	67.465	67.185	67.262	5
2025-09-10 15:15	67.255	67.395	67.252	67.335	5
2025-09-10 15:20	67.330	67.375	67.282	67.355	5
2025-09-10 15:25	67.357	67.375	67.260	67.285	5
2025-09-10 15:30	67.290	67.345	67.232	67.282	5
2025-09-10 15:35	67.280	67.395	67.245	67.372	5
2025-09-10 15:40	67.382	67.472	67.342	67.345	5
2025-09-10 15:45	67.340	67.560	67.335	67.532	5
2025-09-10 15:50	67.545	67.612	67.485	67.545	5
2025-09-10 15:55	67.550	67.685	67.532	67.652	5
2025-09-10 16:00	67.665	67.755	67.660	67.712	5
2025-09-10 16:05	67.720	67.735	67.632	67.685	5
2025-09-10 16:10	67.690	67.705	67.642	67.672	5
2025-09-10 16:15	67.670	67.702	67.635	67.692	5
2025-09-10 16:20	67.685	67.715	67.655	67.672	5
2025-09-10 16:25	67.665	67.735	67.652	67.675	5
2025-09-10 16:30	67.685	67.695	67.652	67.690	5
2025-09-10 16:35	67.685	67.745	67.682	67.702	5
2025-09-10 16:40	67.695	67.695	67.642	67.642	5
2025-09-10 16:45	67.625	67.695	67.615	67.675	5
2025-09-10 16:50	67.680	67.690	67.652	67.682	5
2025-09-10 16:55	67.675	67.700	67.662	67.695	5
2025-09-10 17:00	67.685	67.685	67.572	67.572	5
2025-09-10 17:05	67.580	67.595	67.535	67.545	5
2025-09-10 17:10	67.550	67.560	67.512	67.542	4
2025-09-10 17:15	67.555	67.565	67.535	67.562	4
2025-09-10 17:20	67.555	67.585	67.542	67.552	5
2025-09-10 17:25	67.565	67.652	67.552	67.587	5
2025-09-10 17:30	67.585	67.595	67.512	67.552	5
2025-09-10 17:35	67.557	67.615	67.552	67.612	5
2025-09-10 17:40	67.595	67.605	67.535	67.562	5
2025-09-10 17:45	67.570	67.575	67.532	67.535	5
2025-09-10 17:50	67.540	67.565	67.532	67.540	5
2025-09-10 17:55	67.535	67.605	67.535	67.555	5
2025-09-10 18:00	67.535	67.575	67.532	67.565	5
2025-09-10 18:05	67.555	67.560	67.517	67.555	5
2025-09-10 18:10	67.565	67.565	67.535	67.562	4
2025-09-10 18:15	67.575	67.575	67.492	67.495	5
2025-09-10 18:20	67.485	67.515	67.482	67.495	5
2025-09-10 18:25	67.485	67.515	67.432	67.462	5
2025-09-10 18:30	67.475	67.555	67.462	67.542	5
2025-09-10 18:35	67.555	67.585	67.542	67.582	4
2025-09-10 18:40	67.575	67.595	67.562	67.562	4
2025-09-10 18:45	67.570	67.570	67.535	67.552	4
2025-09-10 18:50	67.550	67.560	67.537	67.555	5
2025-09-10 18:55	67.545	67.575	67.542	67.575	3
2025-09-10 19:00	67.585	67.585	67.552	67.555	3
2025-09-10 19:05	67.565	67.632	67.555	67.625	5
2025-09-10 19:10	67.635	67.655	67.600	67.605	5
2025-09-10 19:15	67.615	67.635	67.605	67.622	4
2025-09-10 19:20	67.615	67.625	67.585	67.592	5
2025-09-10 19:25	67.585	67.595	67.570	67.582	4
2025-09-10 19:30	67.592	67.605	67.585	67.602	3
2025-09-10 19:35	67.615	67.625	67.592	67.622	4
2025-09-10 19:40	67.615	67.625	67.602	67.622	4
2025-09-10 19:45	67.630	67.635	67.605	67.612	5
2025-09-10 19:50	67.605	67.625	67.602	67.602	3
2025-09-10 19:55	67.610	67.635	67.585	67.585	5
2025-09-10 20:00	67.562	67.572	67.552	67.557	5
2025-09-10 20:05	67.552	67.552	67.542	67.552	5
2025-09-10 20:10	67.547	67.547	67.522	67.527	4
2025-09-10 20:15	67.532	67.547	67.522	67.547	5
2025-09-10 20:20	67.552	67.552	67.537	67.542	5
2025-09-10 20:25	67.547	67.547	67.537	67.542	3
2025-09-10 20:30	67.542	67.542	67.542	67.542	1
2025-09-10 20:35	67.532	67.542	67.532	67.542	4
2025-09-10 20:40	67.537	67.537	67.522	67.522	5
2025-09-10 20:45	67.522	67.522	67.522	67.522	1
2025-09-10 20:50	67.527	67.532	67.502	67.517	4
2025-09-10 20:55	67.512	67.542	67.512	67.532	5
2025-09-11 00:00	67.570	67.595	67.542	67.585	5
2025-09-11 00:05	67.590	67.590	67.565	67.570	5
2025-09-11 00:10	67.565	67.575	67.565	67.565	5
2025-09-11 00:15	67.570	67.570	67.542	67.548	4
2025-09-11 00:20	67.560	67.562	67.542	67.545	5
2025-09-11 00:25	67.550	67.565	67.542	67.547	5
2025-09-11 00:30	67.545	67.572	67.545	67.555	5
2025-09-11 00:35	67.548	67.560	67.538	67.545	4
2025-09-11 00:40	67.550	67.552	67.522	67.540	3
2025-09-11 00:45	67.532	67.555	67.532	67.540	4
2025-09-11 00:50	67.545	67.550	67.530	67.532	5
2025-09-11 00:55	67.545	67.545	67.518	67.532	4
2025-09-11 01:00	67.525	67.525	67.427	67.432	5
2025-09-11 01:05	67.440	67.465	67.432	67.452	5
2025-09-11 01:10	67.450	67.465	67.432	67.432	4
2025-09-11 01:15	67.425	67.445	67.420	67.435	4
2025-09-11 01:20	67.440	67.455	67.432	67.437	5
2025-09-11 01:25	67.442	67.485	67.440	67.467	5
2025-09-11 01:30	67.462	67.462	67.442	67.452	4
2025-09-11 01:35	67.457	67.465	67.452	67.452	4
2025-09-11 01:40	67.450	67.475	67.442	67.472	3
2025-09-11 01:45	67.485	67.505	67.457	67.467	5
2025-09-11 01:50	67.465	67.480	67.442	67.472	5
2025-09-11 01:55	67.485	67.505	67.480	67.482	5
2025-09-11 02:00	67.490	67.512	67.482	67.488	5
2025-09-11 02:05	67.505	67.505	67.472	67.492	3
2025-09-11 02:10	67.490	67.495	67.482	67.485	2
2025-09-11 02:15	67.487	67.497	67.482	67.482	4
2025-09-11 02:20	67.478	67.495	67.478	67.495	4
2025-09-11 02:25	67.488	67.495	67.488	67.495	4
2025-09-11 02:30	67.485	67.515	67.462	67.465	5
2025-09-11 02:35	67.455	67.465	67.422	67.432	5
2025-09-11 02:40	67.440	67.445	67.407	67.445	5
2025-09-11 02:45	67.435	67.450	67.425	67.440	4
2025-09-11 02:50	67.442	67.442	67.415	67.425	5
2025-09-11 02:55	67.430	67.445	67.425	67.442	5
2025-09-11 03:00	67.455	67.465	67.442	67.445	5
2025-09-11 03:05	67.455	67.455	67.412	67.420	5
2025-09-11 03:10	67.412	67.435	67.410	67.417	5
2025-09-11 03:15	67.425	67.430	67.402	67.402	4
2025-09-11 03:20	67.385	67.412	67.362	67.372	5
2025-09-11 03:25	67.368	67.415	67.368	67.402	5
2025-09-11 03:30	67.400	67.415	67.397	67.410	4
2025-09-11 03:35	67.415	67.435	67.412	67.425	4
2025-09-11 03:40	67.420	67.425	67.412	67.425	3
2025-09-11 03:45	67.412	67.412	67.402	67.402	4
2025-09-11 03:50	67.395	67.425	67.392	67.412	3
2025-09-11 03:55	67.410	67.412	67.360	67.360	5
2025-09-11 04:00	67.355	67.370	67.342	67.367	5
2025-09-11 04:05	67.375	67.395	67.368	67.375	4
2025-09-11 04:10	67.370	67.390	67.362	67.362	5
2025-09-11 04:15	67.370	67.370	67.342	67.350	5
2025-09-11 04:20	67.352	67.352	67.333	67.340	4
2025-09-11 04:25	67.335	67.335	67.312	67.330	5
2025-09-11 04:30	67.340	67.340	67.318	67.322	4
2025-09-11 04:35	67.318	67.335	67.318	67.332	3
2025-09-11 04:40	67.330	67.335	67.323	67.327	5
2025-09-11 04:45	67.335	67.345	67.328	67.335	3
2025-09-11 04:50	67.345	67.345	67.332	67.335	4
2025-09-11 04:55	67.328	67.335	67.322	67.322	3
2025-09-11 05:00	67.330	67.332	67.292	67.292	5
2025-09-11 05:05	67.297	67.325	67.272	67.272	4
2025-09-11 05:10	67.265	67.265	67.222	67.240	5
2025-09-11 05:15	67.232	67.255	67.232	67.250	5
2025-09-11 05:20	67.242	67.275	67.235	67.265	5
2025-09-11 05:25	67.275	67.285	67.262	67.272	5
2025-09-11 05:30	67.265	67.290	67.220	67.257	5
2025-09-11 05:35	67.265	67.265	67.212	67.250	5
2025-09-11 05:40	67.240	67.250	67.232	67.245	5
2025-09-11 05:45	67.250	67.305	67.242	67.267	5
2025-09-11 05:50	67.262	67.300	67.262	67.295	5
2025-09-11 05:55	67.287	67.315	67.272	67.282	5
2025-09-11 06:00	67.295	67.365	67.292	67.325	5
2025-09-11 06:05	67.335	67.385	67.327	67.380	4
2025-09-11 06:10	67.375	67.385	67.350	67.352	5
2025-09-11 06:15	67.360	67.385	67.342	67.372	5
2025-09-11 06:20	67.385	67.405	67.372	67.385	4
2025-09-11 06:25	67.380	67.405	67.380	67.402	4
2025-09-11 06:30	67.415	67.435	67.375	67.402	5
2025-09-11 06:35	67.415	67.425	67.332	67.342	5
2025-09-11 06:40	67.340	67.415	67.322	67.392	5
2025-09-11 06:45	67.405	67.415	67.397	67.410	5
2025-09-11 06:50	67.415	67.455	67.410	67.435	5
2025-09-11 06:55	67.425	67.425	67.342	67.392	5
2025-09-11 07:00	67.400	67.440	67.332	67.370	5
2025-09-11 07:05	67.375	67.405	67.332	67.385	5
2025-09-11 07:10	67.370	67.402	67.352	67.395	5
2025-09-11 07:15	67.390	67.402	67.352	67.362	5
2025-09-11 07:20	67.360	67.375	67.332	67.355	5
2025-09-11 07:25	67.350	67.355	67.332	67.352	5
2025-09-11 07:30	67.345	67.432	67.332	67.385	5
2025-09-11 07:35	67.375	67.405	67.355	67.392	5
2025-09-11 07:40	67.375	67.425	67.370	67.400	5
2025-09-11 07:45	67.395	67.400	67.342	67.365	5
2025-09-11 07:50	67.360	67.375	67.332	67.352	5
2025-09-11 07:55	67.345	67.405	67.312	67.405	5
2025-09-11 08:00	67.420	67.485	67.407	67.445	5
2025-09-11 08:05	67.435	67.452	67.385	67.430	5
2025-09-11 08:10	67.422	67.445	67.372	67.405	5
2025-09-11 08:15	67.400	67.405	67.232	67.295	5
2025-09-11 08:20	67.285	67.305	67.242	67.252	5
2025-09-11 08:25	67.260	67.325	67.182	67.235	5
2025-09-11 08:30	67.232	67.290	67.182	67.212	5
2025-09-11 08:35	67.210	67.255	67.152	67.202	5
2025-09-11 08:40	67.200	67.200	67.027	67.062	5
2025-09-11 08:45	67.067	67.135	67.052	67.112	5
2025-09-11 08:50	67.105	67.145	67.105	67.135	5
2025-09-11 08:55	67.145	67.265	67.112	67.222	5
2025-09-11 09:00	67.215	67.240	67.135	67.225	5
2025-09-11 09:05	67.235	67.255	67.222	67.232	4
2025-09-11 09:10	67.230	67.275	67.225	67.275	5
2025-09-11 09:15	67.265	67.275	67.250	67.272	5
2025-09-11 09:20	67.270	67.350	67.262	67.342	5
2025-09-11 09:25	67.350	67.420	67.332	67.350	5
2025-09-11 09:30	67.345	67.362	67.262	67.302	5
2025-09-11 09:35	67.310	67.345	67.310	67.332	5
2025-09-11 09:40	67.325	67.330	67.252	67.252	5
2025-09-11 09:45	67.260	67.292	67.252	67.282	5
2025-09-11 09:50	67.275	67.295	67.232	67.285	5
2025-09-11 09:55	67.280	67.285	67.202	67.220	5
2025-09-11 10:00	67.225	67.225	67.002	67.025	5
2025-09-11 10:05	67.030	67.095	67.005	67.020	5
2025-09-11 10:10	67.012	67.072	67.002	67.062	5
2025-09-11 10:15	67.055	67.105	67.052	67.085	5
2025-09-11 10:20	67.080	67.105	67.072	67.082	5
2025-09-11 10:25	67.095	67.115	67.075	67.075	5
2025-09-11 10:30	67.085	67.085	66.942	66.955	5
2025-09-11 10:35	66.960	67.015	66.960	66.992	5
2025-09-11 10:40	67.005	67.005	66.952	66.982	5
2025-09-11 10:45	66.975	66.995	66.952	66.990	5
2025-09-11 10:50	66.985	67.065	66.967	67.007	5
2025-09-11 10:55	67.015	67.045	66.982	66.992	5
2025-09-11 11:00	67.002	67.040	66.978	67.025	5
2025-09-11 11:05	67.022	67.025	66.990	67.002	5
2025-09-11 11:10	66.995	67.005	66.972	66.982	5
2025-09-11 11:15	66.995	66.995	66.902	66.902	4
2025-09-11 11:20	66.915	66.935	66.892	66.905	5
2025-09-11 11:25	66.910	66.945	66.887	66.915	5
2025-09-11 11:30	66.910	66.912	66.732	66.822	5
2025-09-11 11:35	66.835	66.875	66.782	66.850	5
2025-09-11 11:40	66.845	66.875	66.822	66.832	5
2025-09-11 11:45	66.845	66.872	66.842	66.852	4
2025-09-11 11:50	66.850	66.852	66.792	66.810	5
2025-09-11 11:55	66.810	66.855	66.810	66.850	5
2025-09-11 12:00	66.820	66.830	66.805	66.810	5
2025-09-11 12:05	66.810	66.855	66.810	66.825	5
2025-09-11 12:10	66.815	66.835	66.810	66.810	5
2025-09-11 12:15	66.810	66.835	66.745	66.755	5
2025-09-11 12:20	66.765	66.795	66.582	66.692	5
2025-09-11 12:25	66.705	66.755	66.692	66.732	5
2025-09-11 12:30	66.730	66.765	66.592	66.625	5
2025-09-11 12:35	66.615	66.665	66.612	66.620	5
2025-09-11 12:40	66.615	66.655	66.612	66.645	5
2025-09-11 12:45	66.635	66.695	66.635	66.665	5
2025-09-11 12:50	66.660	66.665	66.542	66.592	5
2025-09-11 12:55	66.585	66.630	66.522	66.592	5
2025-09-11 13:00	66.588	66.588	66.430	66.510	5
2025-09-11 13:05	66.515	66.550	66.252	66.265	5
2025-09-11 13:10	66.250	66.295	66.132	66.240	5
2025-09-11 13:15	66.245	66.402	66.235	66.302	5
2025-09-11 13:20	66.310	66.335	66.252	66.272	5
2025-09-11 13:25	66.265	66.315	66.245	66.255	5
2025-09-11 13:30	66.265	66.285	66.162	66.240	5
2025-09-11 13:35	66.245	66.295	66.225	66.262	5
2025-09-11 13:40	66.285	66.377	66.232	66.332	5
2025-09-11 13:45	66.340	66.395	66.292	66.385	5
2025-09-11 13:50	66.380	66.510	66.322	66.492	5
2025-09-11 13:55	66.490	66.570	66.452	66.542	5
2025-09-11 14:00	66.540	66.575	66.492	66.505	5
2025-09-11 14:05	66.510	66.515	66.372	66.372	5
2025-09-11 14:10	66.385	66.485	66.332	66.375	5
2025-09-11 14:15	66.380	66.475	66.372	66.460	5
2025-09-11 14:20	66.465	66.465	66.352	66.372	5
2025-09-11 14:25	66.385	66.472	66.345	66.355	5
2025-09-11 14:30	66.360	66.420	66.295	66.332	5
2025-09-11 14:35	66.340	66.372	66.252	66.257	5
2025-09-11 14:40	66.255	66.345	66.240	66.335	5
2025-09-11 14:45	66.325	66.355	66.265	66.275	5
2025-09-11 14:50	66.270	66.385	66.252	66.342	5
2025-09-11 14:55	66.335	66.390	66.302	66.362	5
2025-09-11 15:00	66.360	66.382	66.302	66.352	5
2025-09-11 15:05	66.345	66.445	66.325	66.405	5
2025-09-11 15:10	66.405	66.450	66.398	66.435	5
2025-09-11 15:15	66.425	66.505	66.372	66.390	5
2025-09-11 15:20	66.395	66.520	66.382	66.432	5
2025-09-11 15:25	66.430	66.432	66.355	66.360	5
2025-09-11 15:30	66.365	66.375	66.302	66.365	5
2025-09-11 15:35	66.355	66.430	66.342	66.382	5
2025-09-11 15:40	66.375	66.375	66.202	66.282	5
2025-09-11 15:45	66.295	66.345	66.272	66.315	5
2025-09-11 15:50	66.322	66.352	66.252	66.332	5
2025-09-11 15:55	66.350	66.425	66.322	66.375	5
2025-09-11 16:00	66.385	66.385	66.315	66.372	5
2025-09-11 16:05	66.365	66.400	66.297	66.325	5
2025-09-11 16:10	66.315	66.345	66.250	66.290	5
2025-09-11 16:15	66.295	66.332	66.280	66.312	5
2025-09-11 16:20	66.310	66.335	66.292	66.322	5
2025-09-11 16:25	66.315	66.330	66.285	66.307	5
2025-09-11 16:30	66.325	66.355	66.302	66.347	5
2025-09-11 16:35	66.355	66.405	66.315	66.395	5
2025-09-11 16:40	66.390	66.425	66.372	66.412	5
2025-09-11 16:45	66.420	66.425	66.342	66.400	5
2025-09-11 16:50	66.392	66.430	66.392	66.422	5
2025-09-11 16:55	66.415	66.415	66.342	66.415	5
2025-09-11 17:00	66.410	66.415	66.312	66.362	5
2025-09-11 17:05	66.360	66.365	66.312	66.362	5
2025-09-11 17:10	66.375	66.415	66.372	66.397	5
2025-09-11 17:15	66.395	66.405	66.385	66.392	5
2025-09-11 17:20	66.390	66.405	66.335	66.342	5
2025-09-11 17:25	66.355	66.395	66.352	66.375	5
2025-09-11 17:30	66.367	66.440	66.367	66.422	5
2025-09-11 17:35	66.412	66.515	66.412	66.515	5
2025-09-11 17:40	66.510	66.512	66.442	66.462	5
2025-09-11 17:45	66.460	66.515	66.455	66.507	5
2025-09-11 17:50	66.502	66.515	66.427	66.432	4
2025-09-11 17:55	66.425	66.435	66.352	66.392	5
2025-09-11 18:00	66.385	66.385	66.300	66.302	5
2025-09-11 18:05	66.295	66.305	66.190	66.272	5
2025-09-11 18:10	66.270	66.275	66.197	66.270	5
2025-09-11 18:15	66.290	66.325	66.277	66.325	5
2025-09-11 18:20	66.320	66.425	66.302	66.415	5
2025-09-11 18:25	66.410	66.410	66.322	66.342	5
2025-09-11 18:30	66.335	66.375	66.292	66.355	5
2025-09-11 18:35	66.365	66.375	66.305	66.315	5
2025-09-11 18:40	66.305	66.305	66.222	66.275	5
2025-09-11 18:45	66.285	66.295	66.265	66.265	5
2025-09-11 18:50	66.275	66.275	66.245	66.255	5
2025-09-11 18:55	66.265	66.265	66.242	66.252	5
2025-09-11 19:00	66.255	66.295	66.255	66.275	5
2025-09-11 19:05	66.265	66.285	66.235	66.275	5
2025-09-11 19:10	66.265	66.265	66.250	66.262	5
2025-09-11 19:15	66.255	66.255	66.232	66.242	5
2025-09-11 19:20	66.247	66.285	66.245	66.282	5
2025-09-11 19:25	66.280	66.280	66.252	66.255	5
2025-09-11 19:30	66.250	66.265	66.250	66.262	5
2025-09-11 19:35	66.258	66.265	66.245	66.265	4
2025-09-11 19:40	66.260	66.265	66.250	66.252	4
2025-09-11 19:45	66.260	66.265	66.212	66.225	5
2025-09-11 19:50	66.235	66.240	66.202	66.240	5
2025-09-11 19:55	66.245	66.245	66.212	66.230	5
2025-09-11 20:00	66.235	66.247	66.212	66.247	4
2025-09-11 20:05	66.232	66.257	66.232	66.242	5
2025-09-11 20:10	66.247	66.257	66.242	66.242	4
2025-09-11 20:15	66.247	66.247	66.242	66.242	1
2025-09-11 20:20	66.253	66.253	66.232	66.232	2
2025-09-11 20:25	66.242	66.242	66.217	66.227	4
2025-09-11 20:30	66.222	66.232	66.222	66.232	2
2025-09-11 20:35	66.242	66.257	66.242	66.257	3
2025-09-11 20:40	66.247	66.262	66.247	66.262	3
2025-09-11 20:45	66.283	66.283	66.242	66.252	5
2025-09-11 20:50	66.262	66.262	66.242	66.247	3
2025-09-11 20:55	66.242	66.262	66.222	66.222	5
2025-09-12 00:00	66.185	66.210	66.087	66.210	5
2025-09-12 00:05	66.205	66.215	66.110	66.117	5
2025-09-12 00:10	66.122	66.125	66.077	66.090	5
2025-09-12 00:15	66.092	66.115	66.082	66.100	4
2025-09-12 00:20	66.092	66.095	66.057	66.065	5
2025-09-12 00:25	66.060	66.085	66.052	66.062	5
2025-09-12 00:30	66.070	66.085	66.065	66.070	5
2025-09-12 00:35	66.080	66.080	66.032	66.047	5
2025-09-12 00:40	66.060	66.060	66.042	66.048	5
2025-09-12 00:45	66.055	66.055	66.042	66.048	4
2025-09-12 00:50	66.047	66.095	66.038	66.095	4
2025-09-12 00:55	66.090	66.092	66.058	66.065	4
2025-09-12 01:00	66.075	66.095	66.032	66.065	5
2025-09-12 01:05	66.070	66.080	66.012	66.065	5
2025-09-12 01:10	66.052	66.072	66.042	66.045	5
2025-09-12 01:15	66.055	66.065	66.035	66.055	5
2025-09-12 01:20	66.060	66.075	66.052	66.052	5
2025-09-12 01:25	66.057	66.062	66.002	66.030	5
2025-09-12 01:30	66.035	66.035	65.970	66.002	5
2025-09-12 01:35	66.015	66.020	65.995	66.012	4
2025-09-12 01:40	66.008	66.020	65.982	66.020	5
2025-09-12 01:45	66.025	66.040	65.992	66.005	5
2025-09-12 01:50	66.000	66.020	65.945	65.962	5
2025-09-12 01:55	65.960	65.965	65.855	65.875	5
2025-09-12 02:00	65.880	65.912	65.867	65.867	5
2025-09-12 02:05	65.875	65.885	65.862	65.862	5
2025-09-12 02:10	65.875	65.895	65.852	65.885	5
2025-09-12 02:15	65.890	65.910	65.882	65.892	4
2025-09-12 02:20	65.890	65.910	65.885	65.890	5
2025-09-12 02:25	65.895	65.930	65.892	65.925	5
2025-09-12 02:30	65.920	65.920	65.862	65.862	5
2025-09-12 02:35	65.870	65.875	65.852	65.865	5
2025-09-12 02:40	65.860	65.895	65.842	65.885	5
2025-09-12 02:45	65.875	65.880	65.812	65.822	5
2025-09-12 02:50	65.835	65.845	65.820	65.820	5
2025-09-12 02:55	65.825	65.830	65.800	65.800	5
2025-09-12 03:00	65.800	65.800	65.800	65.800	5
2025-09-12 03:05	65.800	65.800	65.800	65.800	5
2025-09-12 03:10	65.800	65.800	65.800	65.800	4
2025-09-12 03:15	65.800	65.845	65.800	65.830	5
2025-09-12 03:20	65.825	65.855	65.810	65.840	5
2025-09-12 03:25	65.835	65.845	65.800	65.800	5
2025-09-12 03:30	65.805	65.835	65.795	65.800	5
2025-09-12 03:35	65.800	65.800	65.800	65.800	5
2025-09-12 03:40	65.800	65.815	65.800	65.815	5
2025-09-12 03:45	65.810	65.845	65.805	65.840	5
2025-09-12 03:50	65.842	65.842	65.825	65.825	4
2025-09-12 03:55	65.827	65.835	65.827	65.832	4
2025-09-12 04:00	65.855	65.870	65.832	65.835	5
2025-09-12 04:05	65.830	65.855	65.822	65.852	4
2025-09-12 04:10	65.860	65.870	65.842	65.842	3
2025-09-12 04:15	65.855	65.865	65.852	65.865	3
2025-09-12 04:20	65.858	65.875	65.858	65.875	5
2025-09-12 04:25	65.868	65.875	65.852	65.865	4
2025-09-12 04:30	65.857	65.885	65.855	65.875	5
2025-09-12 04:35	65.870	65.870	65.832	65.850	4
2025-09-12 04:40	65.845	65.852	65.845	65.850	3
2025-09-12 04:45	65.845	65.855	65.832	65.852	5
2025-09-12 04:50	65.845	65.850	65.820	65.828	5
2025-09-12 04:55	65.840	65.840	65.825	65.830	5
2025-09-12 05:00	65.832	65.840	65.812	65.835	4
2025-09-12 05:05	65.840	65.855	65.832	65.852	3
2025-09-12 05:10	65.865	65.872	65.848	65.872	5
2025-09-12 05:15	65.868	65.920	65.862	65.902	5
2025-09-12 05:20	65.892	65.905	65.882	65.892	4
2025-09-12 05:25	65.880	65.905	65.862	65.895	5
2025-09-12 05:30	65.875	65.885	65.832	65.882	5
2025-09-12 05:35	65.875	65.905	65.872	65.892	5
2025-09-12 05:40	65.900	65.915	65.892	65.912	4
2025-09-12 05:45	65.905	65.955	65.892	65.895	5
2025-09-12 05:50	65.900	65.910	65.887	65.905	5
2025-09-12 05:55	65.897	65.910	65.875	65.887	5
2025-09-12 06:00	65.885	65.900	65.862	65.865	5
2025-09-12 06:05	65.860	65.905	65.765	65.775	5
2025-09-12 06:10	65.770	65.855	65.752	65.820	5
2025-09-12 06:15	65.815	65.905	65.815	65.877	5
2025-09-12 06:20	65.875	65.875	65.800	65.815	5
2025-09-12 06:25	65.825	65.850	65.815	65.825	5
2025-09-12 06:30	65.820	65.860	65.812	65.835	5
2025-09-12 06:35	65.825	65.845	65.812	65.815	5
2025-09-12 06:40	65.795	65.805	65.757	65.805	5
2025-09-12 06:45	65.795	65.805	65.712	65.757	5
2025-09-12 06:50	65.755	65.775	65.692	65.735	5
2025-09-12 06:55	65.740	65.765	65.732	65.747	5
2025-09-12 07:00	65.735	65.865	65.685	65.860	5
2025-09-12 07:05	65.855	65.915	65.842	65.897	5
2025-09-12 07:10	65.892	65.955	65.882	65.920	5
2025-09-12 07:15	65.912	65.955	65.892	65.942	5
2025-09-12 07:20	65.935	65.955	65.782	65.822	5
2025-09-12 07:25	65.835	65.865	65.797	65.855	5
2025-09-12 07:30	65.860	65.925	65.825	65.892	5
2025-09-12 07:35	65.885	65.925	65.835	65.882	5
2025-09-12 07:40	65.905	65.955	65.872	65.925	5
2025-09-12 07:45	65.935	65.985	65.882	65.972	5
2025-09-12 07:50	65.965	66.115	65.960	66.105	5
2025-09-12 07:55	66.102	66.150	66.057	66.092	5
2025-09-12 08:00	66.100	66.185	66.092	66.122	5
2025-09-12 08:05	66.135	66.172	66.082	66.165	5
2025-09-12 08:10	66.175	66.200	66.172	66.192	5
2025-09-12 08:15	66.185	66.192	66.092	66.122	5
2025-09-12 08:20	66.120	66.220	66.120	66.170	5
2025-09-12 08:25	66.162	66.245	66.142	66.242	5
2025-09-12 08:30	66.250	66.375	66.182	66.325	5
2025-09-12 08:35	66.330	66.375	66.305	66.312	5
2025-09-12 08:40	66.305	66.320	66.265	66.312	5
2025-09-12 08:45	66.317	66.395	66.312	66.372	5
2025-09-12 08:50	66.365	66.475	66.365	66.452	5
2025-09-12 08:55	66.475	66.495	66.395	66.407	5
2025-09-12 09:00	66.405	66.450	66.390	66.447	5
2025-09-12 09:05	66.455	66.555	66.445	66.542	5
2025-09-12 09:10	66.535	66.635	66.530	66.582	5
2025-09-12 09:15	66.595	66.715	66.562	66.702	5
2025-09-12 09:20	66.695	66.895	66.692	66.800	5
2025-09-12 09:25	66.795	66.805	66.762	66.785	5
2025-09-12 09:30	66.795	66.860	66.742	66.860	5
2025-09-12 09:35	66.855	66.885	66.835	66.842	5
2025-09-12 09:40	66.840	66.885	66.792	66.822	5
2025-09-12 09:45	66.820	66.832	66.715	66.780	5
2025-09-12 09:50	66.785	66.795	66.702	66.712	5
2025-09-12 09:55	66.720	66.720	66.632	66.632	5
2025-09-12 10:00	66.645	66.725	66.642	66.672	5
2025-09-12 10:05	66.685	66.735	66.672	66.692	5
2025-09-12 10:10	66.700	66.755	66.685	66.745	5
2025-09-12 10:15	66.735	66.795	66.722	66.795	5
2025-09-12 10:20	66.785	66.825	66.762	66.805	5
2025-09-12 10:25	66.815	66.865	66.812	66.842	5
2025-09-12 10:30	66.840	66.875	66.832	66.872	5
2025-09-12 10:35	66.865	66.875	66.832	66.852	5
2025-09-12 10:40	66.845	66.920	66.842	66.892	5
2025-09-12 10:45	66.885	67.020	66.882	67.005	5
2025-09-12 10:50	66.995	67.110	66.982	67.102	5
2025-09-12 10:55	67.110	67.162	67.100	67.132	5
2025-09-12 11:00	67.125	67.265	67.088	67.232	5
2025-09-12 11:05	67.240	67.305	67.222	67.272	5
2025-09-12 11:10	67.280	67.325	67.242	67.265	5
2025-09-12 11:15	67.260	67.300	67.220	67.242	5
2025-09-12 11:20	67.230	67.330	67.222	67.262	5
2025-09-12 11:25	67.280	67.357	67.280	67.335	5
2025-09-12 11:30	67.325	67.415	67.315	67.362	5
2025-09-12 11:35	67.370	67.475	67.365	67.455	5
2025-09-12 11:40	67.465	67.565	67.442	67.472	5
2025-09-12 11:45	67.485	67.520	67.432	67.512	5
2025-09-12 11:50	67.510	67.525	67.482	67.502	5
2025-09-12 11:55	67.507	67.635	67.507	67.635	5
2025-09-12 12:00	67.640	67.715	67.615	67.655	5
2025-09-12 12:05	67.645	67.680	67.582	67.665	5
2025-09-12 12:10	67.660	67.685	67.622	67.635	5
2025-09-12 12:15	67.640	67.655	67.562	67.582	5
2025-09-12 12:20	67.590	67.775	67.585	67.642	5
2025-09-12 12:25	67.655	68.145	67.652	67.920	5
2025-09-12 12:30	67.925	68.100	67.635	67.672	5
2025-09-12 12:35	67.677	67.890	67.582	67.682	5
2025-09-12 12:40	67.695	67.775	67.562	67.765	5
2025-09-12 12:45	67.790	67.810	67.692	67.745	5
2025-09-12 12:50	67.750	67.825	67.672	67.785	5
2025-09-12 12:55	67.780	67.840	67.692	67.692	5
2025-09-12 13:00	67.700	67.700	67.432	67.670	5
2025-09-12 13:05	67.672	67.685	67.525	67.585	5
2025-09-12 13:10	67.592	67.682	67.552	67.640	5
2025-09-12 13:15	67.645	67.650	67.440	67.440	5
2025-09-12 13:20	67.437	67.465	67.302	67.367	5
2025-09-12 13:25	67.372	67.415	67.332	67.392	5
2025-09-12 13:30	67.385	67.600	67.348	67.565	5
2025-09-12 13:35	67.560	67.635	67.482	67.495	5
2025-09-12 13:40	67.505	67.530	67.400	67.472	5
2025-09-12 13:45	67.455	67.465	67.395	67.455	4
2025-09-12 13:50	67.465	67.520	67.412	67.412	5
2025-09-12 13:55	67.425	67.495	67.410	67.490	5
2025-09-12 14:00	67.475	67.495	67.417	67.435	5
2025-09-12 14:05	67.432	67.485	67.380	67.432	5
2025-09-12 14:10	67.425	67.555	67.412	67.510	5
2025-09-12 14:15	67.505	67.562	67.482	67.552	5
2025-09-12 14:20	67.540	67.575	67.532	67.560	5
2025-09-12 14:25	67.555	67.595	67.512	67.585	5
2025-09-12 14:30	67.595	67.595	67.415	67.452	5
2025-09-12 14:35	67.460	67.460	67.382	67.435	5
2025-09-12 14:40	67.430	67.430	67.322	67.375	5
2025-09-12 14:45	67.362	67.395	67.292	67.292	5
2025-09-12 14:50	67.305	67.330	67.292	67.305	5
2025-09-12 14:55	67.310	67.455	67.298	67.432	5
2025-09-12 15:00	67.415	67.545	67.412	67.505	5
2025-09-12 15:05	67.510	67.545	67.472	67.492	5
2025-09-12 15:10	67.490	67.535	67.472	67.522	5
2025-09-12 15:15	67.515	67.625	67.512	67.605	5
2025-09-12 15:20	67.610	67.635	67.512	67.522	5
2025-09-12 15:25	67.520	67.565	67.482	67.515	5
2025-09-12 15:30	67.520	67.590	67.520	67.555	5
2025-09-12 15:35	67.565	67.605	67.522	67.532	5
2025-09-12 15:40	67.530	67.535	67.402	67.412	5
2025-09-12 15:45	67.420	67.435	67.380	67.405	5
2025-09-12 15:50	67.415	67.485	67.412	67.462	5
2025-09-12 15:55	67.455	67.495	67.412	67.445	5
2025-09-12 16:00	67.450	67.490	67.432	67.475	5
2025-09-12 16:05	67.472	67.485	67.432	67.477	5
2025-09-12 16:10	67.472	67.485	67.422	67.437	5
2025-09-12 16:15	67.445	67.455	67.372	67.405	5
2025-09-12 16:20	67.395	67.412	67.350	67.410	5
2025-09-12 16:25	67.412	67.425	67.232	67.242	5
2025-09-12 16:30	67.240	67.245	67.065	67.065	5
2025-09-12 16:35	67.045	67.075	67.022	67.052	5
2025-09-12 16:40	67.035	67.070	66.965	66.985	5
2025-09-12 16:45	66.995	67.035	66.950	66.995	5
2025-09-12 16:50	66.985	66.995	66.832	66.842	5
2025-09-12 16:55	66.840	66.875	66.812	66.812	5
2025-09-12 17:00	66.805	66.850	66.780	66.782	5
2025-09-12 17:05	66.795	66.875	66.782	66.870	5
2025-09-12 17:10	66.865	66.905	66.862	66.882	4
2025-09-12 17:15	66.872	66.885	66.852	66.882	5
2025-09-12 17:20	66.875	66.875	66.842	66.872	5
2025-09-12 17:25	66.870	66.895	66.792	66.792	5
2025-09-12 17:30	66.795	66.825	66.792	66.822	5
2025-09-12 17:35	66.835	66.875	66.787	66.795	5
2025-09-12 17:40	66.785	66.805	66.680	66.702	5
2025-09-12 17:45	66.715	66.775	66.705	66.755	5
2025-09-12 17:50	66.765	66.820	66.755	66.805	5
2025-09-12 17:55	66.795	66.825	66.770	66.770	5
2025-09-12 18:00	66.745	66.855	66.742	66.835	5
2025-09-12 18:05	66.845	66.860	66.802	66.802	5
2025-09-12 18:10	66.815	66.845	66.802	66.832	5
2025-09-12 18:15	66.845	66.925	66.830	66.900	5
2025-09-12 18:20	66.895	66.965	66.882	66.942	5
2025-09-12 18:25	66.940	67.005	66.892	66.952	5
2025-09-12 18:30	66.965	66.975	66.845	66.902	5
2025-09-12 18:35	66.895	66.905	66.852	66.862	5
2025-09-12 18:40	66.855	66.885	66.842	66.852	5
2025-09-12 18:45	66.865	66.865	66.832	66.832	5
2025-09-12 18:50	66.845	66.875	66.842	66.862	4
2025-09-12 18:55	66.875	66.875	66.842	66.842	4
2025-09-12 19:00	66.870	66.895	66.802	66.812	5
2025-09-12 19:05	66.810	66.855	66.792	66.807	5
2025-09-12 19:10	66.802	66.860	66.802	66.860	5
2025-09-12 19:15	66.865	66.895	66.860	66.882	5
2025-09-12 19:20	66.880	66.885	66.862	66.862	5
2025-09-12 19:25	66.860	66.865	66.810	66.822	5
2025-09-12 19:30	66.835	66.845	66.795	66.842	5
2025-09-12 19:35	66.855	66.865	66.832	66.842	5
2025-09-12 19:40	66.850	66.865	66.830	66.855	5
2025-09-12 19:45	66.860	66.865	66.792	66.792	5
2025-09-12 19:50	66.785	66.815	66.772	66.802	5
2025-09-12 19:55	66.795	66.805	66.782	66.782	4
2025-09-12 20:00	66.775	66.793	66.752	66.782	4
2025-09-12 20:05	66.772	66.807	66.772	66.792	4
2025-09-12 20:10	66.802	66.822	66.797	66.822	4
2025-09-12 20:15	66.822	66.842	66.822	66.832	4
2025-09-12 20:20	66.832	66.857	66.832	66.852	5
2025-09-12 20:25	66.862	66.922	66.852	66.912	5
2025-09-12 20:30	66.902	66.902	66.852	66.857	5
2025-09-12 20:35	66.857	66.862	66.827	66.837	4
2025-09-12 20:40	66.837	66.837	66.807	66.812	5
2025-09-12 20:45	66.807	66.842	66.802	66.832	5
2025-09-12 20:50	66.827	66.847	66.822	66.832	5
2025-09-12 20:55	66.827	66.852	66.812	66.837	5
2025-09-15 00:00	66.890	66.955	66.882	66.952	5
2025-09-15 00:05	66.965	67.010	66.962	67.010	5
2025-09-15 00:10	67.015	67.070	67.002	67.047	5
2025-09-15 00:15	67.035	67.040	67.010	67.027	5
2025-09-15 00:20	67.023	67.050	67.022	67.035	5
2025-09-15 00:25	67.037	67.045	67.018	67.018	3
2025-09-15 00:30	67.035	67.055	67.028	67.037	5
2025-09-15 00:35	67.045	67.045	67.028	67.042	5
2025-09-15 00:40	67.038	67.062	67.038	67.057	5
2025-09-15 00:45	67.052	67.090	67.052	67.085	4
2025-09-15 00:50	67.095	67.125	67.082	67.092	5
2025-09-15 00:55	67.100	67.122	67.095	67.122	5
2025-09-15 01:00	67.135	67.230	67.120	67.222	5
2025-09-15 01:05	67.215	67.225	67.152	67.190	5
2025-09-15 01:10	67.185	67.215	67.162	67.192	5
2025-09-15 01:15	67.190	67.202	67.162	67.172	4
2025-09-15 01:20	67.177	67.210	67.172	67.180	5
2025-09-15 01:25	67.175	67.230	67.175	67.230	5
2025-09-15 01:30	67.235	67.280	67.217	67.275	5
2025-09-15 01:35	67.265	67.285	67.242	67.247	5
2025-09-15 01:40	67.252	67.290	67.242	67.267	5
2025-09-15 01:45	67.262	67.275	67.242	67.242	5
2025-09-15 01:50	67.250	67.270	67.242	67.270	5
2025-09-15 01:55	67.265	67.275	67.242	67.260	5
2025-09-15 02:00	67.252	67.265	67.232	67.237	5
2025-09-15 02:05	67.235	67.260	67.227	67.235	5
2025-09-15 02:10	67.237	67.265	67.235	67.250	5
2025-09-15 02:15	67.245	67.250	67.232	67.245	5
2025-09-15 02:20	67.255	67.255	67.232	67.232	4
2025-09-15 02:25	67.245	67.260	67.235	67.240	4
2025-09-15 02:30	67.245	67.265	67.200	67.245	5
2025-09-15 02:35	67.250	67.270	67.250	67.260	5
2025-09-15 02:40	67.255	67.275	67.252	67.270	5
2025-09-15 02:45	67.275	67.285	67.252	67.280	5
2025-09-15 02:50	67.272	67.285	67.262	67.270	5
2025-09-15 02:55	67.275	67.275	67.252	67.265	5
2025-09-15 03:00	67.260	67.275	67.245	67.252	5
2025-09-15 03:05	67.250	67.265	67.242	67.247	4
2025-09-15 03:10	67.242	67.295	67.242	67.282	5
2025-09-15 03:15	67.280	67.335	67.275	67.330	5
2025-09-15 03:20	67.325	67.390	67.317	67.375	5
2025-09-15 03:25	67.380	67.405	67.360	67.400	5
2025-09-15 03:30	67.395	67.395	67.368	67.380	5
2025-09-15 03:35	67.372	67.385	67.348	67.348	5
2025-09-15 03:40	67.365	67.380	67.362	67.378	3
2025-09-15 03:45	67.385	67.385	67.342	67.342	4
2025-09-15 03:50	67.355	67.355	67.342	67.342	4
2025-09-15 03:55	67.350	67.350	67.332	67.350	5
2025-09-15 04:00	67.345	67.355	67.335	67.335	2
2025-09-15 04:05	67.330	67.345	67.322	67.330	4
2025-09-15 04:10	67.335	67.340	67.322	67.322	4
2025-09-15 04:15	67.318	67.335	67.318	67.318	4
2025-09-15 04:20	67.315	67.320	67.295	67.320	4
2025-09-15 04:25	67.312	67.335	67.302	67.330	5
2025-09-15 04:30	67.322	67.335	67.322	67.330	4
2025-09-15 04:35	67.350	67.350	67.332	67.338	5
2025-09-15 04:40	67.330	67.335	67.297	67.310	5
2025-09-15 04:45	67.305	67.325	67.302	67.322	5
2025-09-15 04:50	67.318	67.325	67.318	67.320	3
2025-09-15 04:55	67.315	67.315	67.302	67.310	4
2025-09-15 05:00	67.305	67.310	67.282	67.282	5
2025-09-15 05:05	67.290	67.330	67.282	67.322	5
2025-09-15 05:10	67.327	67.330	67.307	67.308	4
2025-09-15 05:15	67.325	67.335	67.317	67.330	5
2025-09-15 05:20	67.335	67.345	67.318	67.318	5
2025-09-15 05:25	67.330	67.335	67.325	67.332	4
2025-09-15 05:30	67.327	67.365	67.312	67.355	5
2025-09-15 05:35	67.360	67.360	67.307	67.332	5
2025-09-15 05:40	67.330	67.345	67.312	67.325	5
2025-09-15 05:45	67.330	67.345	67.322	67.330	5
2025-09-15 05:50	67.325	67.355	67.325	67.352	5
2025-09-15 05:55	67.347	67.375	67.342	67.360	3
2025-09-15 06:00	67.355	67.420	67.352	67.395	4
2025-09-15 06:05	67.405	67.492	67.402	67.485	5
2025-09-15 06:10	67.475	67.495	67.402	67.415	5
2025-09-15 06:15	67.417	67.430	67.350	67.392	5
2025-09-15 06:20	67.415	67.452	67.402	67.430	5
2025-09-15 06:25	67.432	67.435	67.362	67.385	5
2025-09-15 06:30	67.395	67.445	67.385	67.437	5
2025-09-15 06:35	67.435	67.435	67.362	67.375	5
2025-09-15 06:40	67.380	67.425	67.380	67.402	5
2025-09-15 06:45	67.397	67.405	67.265	67.275	5
2025-09-15 06:50	67.255	67.275	67.210	67.212	5
2025-09-15 06:55	67.220	67.245	67.167	67.175	5
2025-09-15 07:00	67.170	67.200	67.092	67.170	5
2025-09-15 07:05	67.160	67.215	67.157	67.202	5
2025-09-15 07:10	67.215	67.225	67.172	67.220	5
2025-09-15 07:15	67.212	67.275	67.202	67.272	5
2025-09-15 07:20	67.285	67.325	67.272	67.290	5
2025-09-15 07:25	67.285	67.295	67.245	67.260	5
2025-09-15 07:30	67.255	67.327	67.235	67.315	5
2025-09-15 07:35	67.310	67.335	67.300	67.305	5
2025-09-15 07:40	67.300	67.305	67.212	67.250	5
2025-09-15 07:45	67.242	67.242	67.142	67.202	5
2025-09-15 07:50	67.215	67.280	67.192	67.210	5
2025-09-15 07:55	67.212	67.272	67.200	67.272	5
2025-09-15 08:00	67.295	67.305	67.252	67.292	5
2025-09-15 08:05	67.285	67.330	67.222	67.262	5
2025-09-15 08:10	67.260	67.305	67.242	67.295	5
2025-09-15 08:15	67.300	67.345	67.265	67.265	5
2025-09-15 08:20	67.255	67.315	67.225	67.250	5
2025-09-15 08:25	67.252	67.285	67.182	67.280	5
2025-09-15 08:30	67.277	67.295	67.175	67.217	5
2025-09-15 08:35	67.225	67.235	67.172	67.232	5
2025-09-15 08:40	67.215	67.235	67.182	67.202	5
2025-09-15 08:45	67.215	67.235	67.190	67.232	5
2025-09-15 08:50	67.225	67.295	67.192	67.262	5
2025-09-15 08:55	67.275	67.295	67.212	67.255	5
2025-09-15 09:00	67.245	67.260	67.110	67.130	5
2025-09-15 09:05	67.125	67.170	67.025	67.065	5
2025-09-15 09:10	67.060	67.150	67.042	67.140	5
2025-09-15 09:15	67.132	67.140	67.087	67.125	5
2025-09-15 09:20	67.145	67.207	67.122	67.197	5
2025-09-15 09:25	67.195	67.197	67.100	67.145	5
2025-09-15 09:30	67.140	67.167	67.112	67.162	5
2025-09-15 09:35	67.155	67.210	67.152	67.185	5
2025-09-15 09:40	67.180	67.285	67.177	67.275	5
2025-09-15 09:45	67.285	67.325	67.265	67.282	5
2025-09-15 09:50	67.275	67.275	67.245	67.255	5
2025-09-15 09:55	67.250	67.275	67.222	67.222	5
2025-09-15 10:00	67.215	67.255	67.182	67.220	5
2025-09-15 10:05	67.215	67.235	67.214	67.214	5
2025-09-15 10:10	67.214	67.214	67.112	67.150	5
2025-09-15 10:15	67.152	67.175	67.130	67.152	5
2025-09-15 10:20	67.150	67.175	67.112	67.130	5
2025-09-15 10:25	67.135	67.180	67.122	67.162	5
2025-09-15 10:30	67.170	67.187	67.122	67.132	5
2025-09-15 10:35	67.127	67.150	67.040	67.052	5
2025-09-15 10:40	67.045	67.075	66.982	66.982	5
2025-09-15 10:45	66.995	67.015	66.982	66.995	5
2025-09-15 10:50	66.990	67.015	66.982	67.012	5
2025-09-15 10:55	67.005	67.012	66.982	66.995	5
2025-09-15 11:00	66.985	67.012	66.982	66.995	5
2025-09-15 11:05	67.000	67.005	66.982	66.985	5
2025-09-15 11:10	66.995	67.055	66.982	67.035	5
2025-09-15 11:15	67.030	67.045	67.012	67.020	5
2025-09-15 11:20	67.015	67.095	67.015	67.052	5
2025-09-15 11:25	67.065	67.082	67.042	67.065	5
2025-09-15 11:30	67.075	67.080	67.045	67.055	5
2025-09-15 11:35	67.050	67.187	67.050	67.182	5
2025-09-15 11:40	67.195	67.260	67.148	67.230	5
2025-09-15 11:45	67.222	67.222	67.132	67.132	5
2025-09-15 11:50	67.125	67.235	67.122	67.202	5
2025-09-15 11:55	67.195	67.215	67.132	67.142	5
2025-09-15 12:00	67.150	67.200	67.102	67.152	5
2025-09-15 12:05	67.145	67.175	67.142	67.175	5
2025-09-15 12:10	67.185	67.230	67.180	67.220	5
2025-09-15 12:15	67.215	67.225	67.152	67.165	5
2025-09-15 12:20	67.155	67.200	67.132	67.180	5
2025-09-15 12:25	67.175	67.185	67.145	67.147	5
2025-09-15 12:30	67.147	67.160	67.082	67.120	5
2025-09-15 12:35	67.125	67.195	67.102	67.175	5
2025-09-15 12:40	67.170	67.227	67.157	67.207	5
2025-09-15 12:45	67.212	67.212	67.150	67.150	5
2025-09-15 12:50	67.155	67.165	67.120	67.150	5
2025-09-15 12:55	67.152	67.165	67.065	67.095	5
2025-09-15 13:00	67.105	67.242	67.072	67.242	5
2025-09-15 13:05	67.250	67.345	67.205	67.295	5
2025-09-15 13:10	67.305	67.405	67.300	67.367	5
2025-09-15 13:15	67.375	67.430	67.350	67.425	5
2025-09-15 13:20	67.415	67.435	67.352	67.392	5
2025-09-15 13:25	67.387	67.515	67.387	67.502	5
2025-09-15 13:30	67.500	67.535	67.392	67.415	5
2025-09-15 13:35	67.405	67.415	67.352	67.375	5
2025-09-15 13:40	67.385	67.425	67.382	67.392	5
2025-09-15 13:45	67.405	67.465	67.402	67.455	5
2025-09-15 13:50	67.475	67.490	67.422	67.442	5
2025-09-15 13:55	67.455	67.555	67.442	67.525	5
2025-09-15 14:00	67.535	67.580	67.522	67.572	5
2025-09-15 14:05	67.577	67.625	67.552	67.575	5
2025-09-15 14:10	67.585	67.585	67.512	67.545	5
2025-09-15 14:15	67.550	67.610	67.532	67.562	5
2025-09-15 14:20	67.570	67.595	67.562	67.572	5
2025-09-15 14:25	67.570	67.615	67.562	67.605	5
2025-09-15 14:30	67.610	67.800	67.610	67.650	5
2025-09-15 14:35	67.645	67.692	67.562	67.575	5
2025-09-15 14:40	67.580	67.675	67.572	67.605	5
2025-09-15 14:45	67.600	67.725	67.600	67.712	5
2025-09-15 14:50	67.710	67.775	67.602	67.615	5
2025-09-15 14:55	67.617	67.645	67.567	67.590	5
2025-09-15 15:00	67.595	67.595	67.390	67.480	5
2025-09-15 15:05	67.472	67.485	67.402	67.445	5
2025-09-15 15:10	67.450	67.540	67.422	67.502	5
2025-09-15 15:15	67.510	67.545	67.412	67.415	5
2025-09-15 15:20	67.410	67.415	67.387	67.405	5
2025-09-15 15:25	67.410	67.415	67.380	67.385	5
2025-09-15 15:30	67.387	67.430	67.352	67.405	5
2025-09-15 15:35	67.395	67.445	67.387	67.445	5
2025-09-15 15:40	67.455	67.455	67.387	67.442	5
2025-09-15 15:45	67.450	67.460	67.387	67.412	5
2025-09-15 15:50	67.410	67.415	67.207	67.212	5
2025-09-15 15:55	67.210	67.250	67.207	67.232	5
2025-09-15 16:00	67.230	67.265	67.180	67.185	5
2025-09-15 16:05	67.190	67.230	67.180	67.210	5
2025-09-15 16:10	67.205	67.285	67.192	67.235	5
2025-09-15 16:15	67.245	67.275	67.242	67.252	5
2025-09-15 16:20	67.250	67.325	67.230	67.320	5
2025-09-15 16:25	67.322	67.375	67.302	67.365	5
2025-09-15 16:30	67.375	67.405	67.372	67.375	5
2025-09-15 16:35	67.385	67.405	67.320	67.322	5
2025-09-15 16:40	67.315	67.355	67.302	67.312	5
2025-09-15 16:45	67.307	67.347	67.302	67.332	5
2025-09-15 16:50	67.340	67.340	67.302	67.310	4
2025-09-15 16:55	67.305	67.340	67.292	67.322	5
2025-09-15 17:00	67.330	67.435	67.330	67.402	5
2025-09-15 17:05	67.410	67.415	67.362	67.370	5
2025-09-15 17:10	67.372	67.425	67.352	67.412	5
2025-09-15 17:15	67.417	67.495	67.417	67.482	5
2025-09-15 17:20	67.480	67.480	67.430	67.432	5
2025-09-15 17:25	67.425	67.460	67.425	67.455	5
2025-09-15 17:30	67.450	67.535	67.395	67.515	5
2025-09-15 17:35	67.507	67.552	67.490	67.542	5
2025-09-15 17:40	67.540	67.592	67.540	67.592	4
2025-09-15 17:45	67.590	67.595	67.512	67.512	5
2025-09-15 17:50	67.520	67.555	67.512	67.535	5
2025-09-15 17:55	67.530	67.535	67.425	67.435	5
2025-09-15 18:00	67.440	67.452	67.372	67.372	5
2025-09-15 18:05	67.395	67.400	67.332	67.352	5
2025-09-15 18:10	67.360	67.365	67.312	67.335	5
2025-09-15 18:15	67.345	67.355	67.332	67.352	5
2025-09-15 18:20	67.345	67.375	67.342	67.362	5
2025-09-15 18:25	67.375	67.435	67.340	67.422	5
2025-09-15 18:30	67.435	67.495	67.412	67.462	5
2025-09-15 18:35	67.475	67.490	67.442	67.442	4
2025-09-15 18:40	67.455	67.475	67.432	67.432	5
2025-09-15 18:45	67.445	67.450	67.422	67.435	5
2025-09-15 18:50	67.440	67.465	67.435	67.442	4
2025-09-15 18:55	67.440	67.465	67.440	67.460	5
2025-09-15 19:00	67.455	67.455	67.427	67.435	5
2025-09-15 19:05	67.440	67.440	67.392	67.400	4
2025-09-15 19:10	67.402	67.425	67.402	67.415	5
2025-09-15 19:15	67.420	67.420	67.402	67.405	5
2025-09-15 19:20	67.395	67.400	67.372	67.380	5
2025-09-15 19:25	67.382	67.407	67.382	67.392	4
2025-09-15 19:30	67.385	67.415	67.382	67.405	5
2025-09-15 19:35	67.400	67.425	67.392	67.425	4
2025-09-15 19:40	67.430	67.440	67.412	67.420	5
2025-09-15 19:45	67.425	67.460	67.412	67.460	5
2025-09-15 19:50	67.455	67.485	67.455	67.472	4
2025-09-15 19:55	67.470	67.475	67.435	67.442	5
2025-09-15 20:00	67.440	67.440	67.412	67.432	4
2025-09-15 20:05	67.437	67.442	67.432	67.437	5
2025-09-15 20:10	67.457	67.457	67.442	67.442	3
2025-09-15 20:15	67.447	67.462	67.447	67.452	4
2025-09-15 20:20	67.452	67.452	67.442	67.452	3
2025-09-15 20:25	67.462	67.462	67.442	67.447	3
2025-09-15 20:30	67.442	67.452	67.442	67.452	2
2025-09-15 20:35	67.452	67.452	67.452	67.452	1
2025-09-15 20:40	67.442	67.447	67.432	67.442	3
2025-09-15 20:45	67.442	67.452	67.437	67.437	5
2025-09-15 20:50	67.442	67.442	67.402	67.402	5
2025-09-15 20:55	67.412	67.417	67.392	67.407	5
2025-09-16 00:00	67.455	67.497	67.437	67.480	5
2025-09-16 00:05	67.475	67.515	67.462	67.502	5
2025-09-16 00:10	67.497	67.505	67.487	67.490	5
2025-09-16 00:15	67.495	67.520	67.492	67.500	4
2025-09-16 00:20	67.502	67.520	67.497	67.515	5
2025-09-16 00:25	67.525	67.530	67.492	67.502	5
2025-09-16 00:30	67.515	67.525	67.512	67.515	4
2025-09-16 00:35	67.505	67.512	67.492	67.500	5
2025-09-16 00:40	67.505	67.510	67.498	67.500	5
2025-09-16 00:45	67.492	67.497	67.472	67.485	4
2025-09-16 00:50	67.478	67.500	67.478	67.482	5
2025-09-16 00:55	67.472	67.500	67.472	67.492	5
2025-09-16 01:00	67.500	67.555	67.485	67.537	5
2025-09-16 01:05	67.535	67.570	67.532	67.557	5
2025-09-16 01:10	67.555	67.665	67.555	67.615	5
2025-09-16 01:15	67.625	67.642	67.597	67.597	5
2025-09-16 01:20	67.602	67.615	67.567	67.572	5
2025-09-16 01:25	67.570	67.615	67.570	67.600	5
2025-09-16 01:30	67.605	67.650	67.605	67.647	5
2025-09-16 01:35	67.655	67.655	67.632	67.632	5
2025-09-16 01:40	67.640	67.640	67.575	67.595	5
2025-09-16 01:45	67.597	67.645	67.595	67.617	5
2025-09-16 01:50	67.615	67.635	67.595	67.612	5
2025-09-16 01:55	67.610	67.612	67.562	67.590	5
2025-09-16 02:00	67.582	67.625	67.572	67.602	4
2025-09-16 02:05	67.597	67.650	67.597	67.622	5
2025-09-16 02:10	67.615	67.630	67.610	67.615	5
2025-09-16 02:15	67.610	67.630	67.605	67.625	5
2025-09-16 02:20	67.615	67.645	67.615	67.628	5
2025-09-16 02:25	67.645	67.645	67.600	67.615	5
2025-09-16 02:30	67.620	67.635	67.555	67.562	5
2025-09-16 02:35	67.570	67.575	67.552	67.572	5
2025-09-16 02:40	67.570	67.585	67.565	67.572	5
2025-09-16 02:45	67.585	67.585	67.542	67.562	5
2025-09-16 02:50	67.557	67.585	67.520	67.540	5
2025-09-16 02:55	67.545	67.555	67.540	67.547	5
2025-09-16 03:00	67.555	67.565	67.522	67.555	5
2025-09-16 03:05	67.542	67.595	67.542	67.562	5
2025-09-16 03:10	67.575	67.580	67.562	67.572	5
2025-09-16 03:15	67.570	67.575	67.547	67.572	5
2025-09-16 03:20	67.565	67.575	67.552	67.557	5
2025-09-16 03:25	67.565	67.575	67.552	67.562	5
2025-09-16 03:30	67.575	67.575	67.515	67.515	4
2025-09-16 03:35	67.520	67.555	67.512	67.538	5
2025-09-16 03:40	67.540	67.560	67.538	67.557	3
2025-09-16 03:45	67.552	67.552	67.517	67.535	4
2025-09-16 03:50	67.540	67.575	67.538	67.560	5
2025-09-16 03:55	67.565	67.565	67.558	67.558	4
2025-09-16 04:00	67.570	67.575	67.560	67.568	4
2025-09-16 04:05	67.585	67.595	67.582	67.585	5
2025-09-16 04:10	67.595	67.595	67.588	67.588	2
2025-09-16 04:15	67.605	67.605	67.587	67.605	5
2025-09-16 04:20	67.598	67.615	67.597	67.605	3
2025-09-16 04:25	67.597	67.597	67.555	67.560	5
2025-09-16 04:30	67.555	67.575	67.555	67.572	3
2025-09-16 04:35	67.585	67.590	67.582	67.582	3
2025-09-16 04:40	67.590	67.590	67.565	67.578	4
2025-09-16 04:45	67.585	67.590	67.562	67.582	5
2025-09-16 04:50	67.590	67.597	67.577	67.577	5
2025-09-16 04:55	67.573	67.590	67.567	67.575	4
2025-09-16 05:00	67.570	67.582	67.557	67.570	5
2025-09-16 05:05	67.565	67.575	67.555	67.560	5
2025-09-16 05:10	67.555	67.565	67.540	67.545	5
2025-09-16 05:15	67.540	67.545	67.490	67.495	5
2025-09-16 05:20	67.497	67.505	67.492	67.502	3
2025-09-16 05:25	67.497	67.522	67.485	67.502	3
2025-09-16 05:30	67.515	67.520	67.435	67.445	5
2025-09-16 05:35	67.452	67.515	67.450	67.505	5
2025-09-16 05:40	67.510	67.542	67.505	67.510	5
2025-09-16 05:45	67.505	67.515	67.450	67.465	5
2025-09-16 05:50	67.470	67.510	67.470	67.497	5
2025-09-16 05:55	67.505	67.542	67.500	67.540	5
2025-09-16 06:00	67.535	67.625	67.532	67.550	5
2025-09-16 06:05	67.555	67.595	67.522	67.532	5
2025-09-16 06:10	67.530	67.550	67.487	67.510	5
2025-09-16 06:15	67.502	67.555	67.495	67.552	5
2025-09-16 06:20	67.550	67.565	67.515	67.515	5
2025-09-16 06:25	67.525	67.555	67.520	67.545	4
2025-09-16 06:30	67.540	67.540	67.482	67.505	5
2025-09-16 06:35	67.530	67.552	67.512	67.550	5
2025-09-16 06:40	67.545	67.560	67.505	67.512	5
2025-09-16 06:45	67.520	67.520	67.417	67.435	5
2025-09-16 06:50	67.425	67.425	67.312	67.362	5
2025-09-16 06:55	67.375	67.445	67.372	67.392	5
2025-09-16 07:00	67.385	67.385	67.265	67.265	5
2025-09-16 07:05	67.270	67.275	67.125	67.140	5
2025-09-16 07:10	67.135	67.182	67.052	67.065	5
2025-09-16 07:15	67.075	67.185	67.072	67.182	5
2025-09-16 07:20	67.175	67.245	67.152	67.192	5
2025-09-16 07:25	67.190	67.225	67.182	67.205	5
2025-09-16 07:30	67.215	67.225	67.075	67.117	5
2025-09-16 07:35	67.125	67.145	67.105	67.122	5
2025-09-16 07:40	67.115	67.145	67.092	67.142	5
2025-09-16 07:45	67.150	67.192	67.112	67.187	5
2025-09-16 07:50	67.192	67.215	67.175	67.190	5
2025-09-16 07:55	67.182	67.205	67.162	67.165	5
2025-09-16 08:00	67.175	67.215	67.140	67.147	5
2025-09-16 08:05	67.142	67.185	67.107	67.152	5
2025-09-16 08:10	67.150	67.182	67.145	67.172	5
2025-09-16 08:15	67.165	67.265	67.162	67.215	5
2025-09-16 08:20	67.205	67.270	67.152	67.252	5
2025-09-16 08:25	67.265	67.365	67.210	67.362	5
2025-09-16 08:30	67.385	67.395	67.112	67.215	5
2025-09-16 08:35	67.230	67.272	67.077	67.085	5
2025-09-16 08:40	67.075	67.115	67.035	67.041	5
2025-09-16 08:45	67.041	67.082	67.041	67.041	5
2025-09-16 08:50	67.045	67.075	67.041	67.045	5
2025-09-16 08:55	67.041	67.105	67.041	67.062	5
2025-09-16 09:00	67.060	67.070	67.041	67.041	5
2025-09-16 09:05	67.041	67.041	66.985	67.025	5
2025-09-16 09:10	67.035	67.125	67.002	67.120	5
2025-09-16 09:15	67.110	67.205	67.105	67.162	5
2025-09-16 09:20	67.160	67.162	67.042	67.065	5
2025-09-16 09:25	67.075	67.095	67.032	67.032	5
2025-09-16 09:30	67.020	67.075	67.012	67.050	5
2025-09-16 09:35	67.052	67.125	67.042	67.095	5
2025-09-16 09:40	67.090	67.195	67.072	67.182	5
2025-09-16 09:45	67.192	67.195	67.152	67.192	5
2025-09-16 09:50	67.190	67.275	67.182	67.275	5
2025-09-16 09:55	67.265	67.265	67.200	67.225	5
2025-09-16 10:00	67.235	67.265	67.212	67.240	5
2025-09-16 10:05	67.242	67.290	67.232	67.240	5
2025-09-16 10:10	67.245	67.315	67.235	67.305	5
2025-09-16 10:15	67.315	67.325	67.272	67.315	5
2025-09-16 10:20	67.310	67.310	67.247	67.295	5
2025-09-16 10:25	67.305	67.305	67.235	67.255	5
2025-09-16 10:30	67.270	67.330	67.252	67.310	5
2025-09-16 10:35	67.315	67.325	67.292	67.312	5
2025-09-16 10:40	67.320	67.345	67.310	67.322	5
2025-09-16 10:45	67.335	67.355	67.317	67.350	5
2025-09-16 10:50	67.342	67.430	67.342	67.392	5
2025-09-16 10:55	67.387	67.395	67.372	67.382	4
2025-09-16 11:00	67.380	67.457	67.355	67.450	4
2025-09-16 11:05	67.465	67.475	67.445	67.462	5
2025-09-16 11:10	67.475	67.625	67.472	67.622	5
2025-09-16 11:15	67.617	67.665	67.595	67.632	5
2025-09-16 11:20	67.645	67.742	67.642	67.732	5
2025-09-16 11:25	67.745	67.755	67.700	67.742	5
2025-09-16 11:30	67.755	67.805	67.752	67.795	5
2025-09-16 11:35	67.800	67.800	67.750	67.762	5
2025-09-16 11:40	67.760	67.775	67.732	67.732	5
2025-09-16 11:45	67.740	67.775	67.710	67.710	5
2025-09-16 11:50	67.715	67.740	67.622	67.630	5
2025-09-16 11:55	67.635	67.665	67.592	67.635	5
2025-09-16 12:00	67.645	67.680	67.622	67.642	5
2025-09-16 12:05	67.655	67.695	67.645	67.685	5
2025-09-16 12:10	67.680	67.895	67.652	67.852	5
2025-09-16 12:15	67.850	67.975	67.812	67.955	5
2025-09-16 12:20	67.952	67.975	67.862	67.905	5
2025-09-16 12:25	67.910	67.972	67.902	67.940	5
2025-09-16 12:30	67.945	68.030	67.922	68.030	5
2025-09-16 12:35	68.022	68.092	67.960	68.035	5
2025-09-16 12:40	68.040	68.055	68.002	68.032	5
2025-09-16 12:45	68.025	68.080	68.022	68.050	5
2025-09-16 12:50	68.065	68.155	68.060	68.115	5
2025-09-16 12:55	68.125	68.145	68.042	68.090	5
2025-09-16 13:00	68.095	68.135	68.042	68.072	5
2025-09-16 13:05	68.070	68.075	67.897	68.012	5
2025-09-16 13:10	68.025	68.065	67.992	68.060	5
2025-09-16 13:15	68.065	68.105	67.997	68.052	5
2025-09-16 13:20	68.055	68.125	68.055	68.065	5
2025-09-16 13:25	68.055	68.065	68.012	68.045	5
2025-09-16 13:30	68.055	68.245	68.027	68.202	5
2025-09-16 13:35	68.200	68.220	68.105	68.125	5
2025-09-16 13:40	68.135	68.145	68.005	68.105	5
2025-09-16 13:45	68.110	68.135	68.052	68.075	5
2025-09-16 13:50	68.085	68.115	68.040	68.095	5
2025-09-16 13:55	68.090	68.095	67.997	68.025	5
2025-09-16 14:00	68.035	68.085	67.992	68.012	5
2025-09-16 14:05	68.025	68.035	67.757	67.882	5
2025-09-16 14:10	67.890	67.975	67.875	67.945	5
2025-09-16 14:15	67.940	68.120	67.940	68.115	5
2025-09-16 14:20	68.110	68.122	68.052	68.072	5
2025-09-16 14:25	68.070	68.095	68.045	68.080	5
2025-09-16 14:30	68.075	68.165	68.062	68.102	5
2025-09-16 14:35	68.115	68.165	68.102	68.162	5
2025-09-16 14:40	68.160	68.190	68.112	68.142	5
2025-09-16 14:45	68.135	68.215	68.112	68.152	5
2025-09-16 14:50	68.150	68.155	68.042	68.155	5
2025-09-16 14:55	68.160	68.215	68.132	68.215	5
2025-09-16 15:00	68.210	68.255	68.175	68.252	5
2025-09-16 15:05	68.285	68.365	68.248	68.342	5
2025-09-16 15:10	68.355	68.405	68.322	68.350	5
2025-09-16 15:15	68.342	68.385	68.285	68.305	5
2025-09-16 15:20	68.310	68.325	68.182	68.220	5
2025-09-16 15:25	68.215	68.325	68.212	68.302	5
2025-09-16 15:30	68.310	68.375	68.302	68.342	5
2025-09-16 15:35	68.350	68.355	68.332	68.345	5
2025-09-16 15:40	68.350	68.365	68.295	68.332	5
2025-09-16 15:45	68.345	68.385	68.302	68.375	5
2025-09-16 15:50	68.365	68.455	68.362	68.432	5
2025-09-16 15:55	68.425	68.465	68.402	68.435	5
2025-09-16 16:00	68.440	68.455	68.392	68.392	5
2025-09-16 16:05	68.385	68.395	68.342	68.372	5
2025-09-16 16:10	68.390	68.395	68.342	68.385	5
2025-09-16 16:15	68.390	68.465	68.390	68.435	5
2025-09-16 16:20	68.430	68.470	68.402	68.450	5
2025-09-16 16:25	68.445	68.445	68.400	68.435	5
2025-09-16 16:30	68.445	68.455	68.422	68.445	5
2025-09-16 16:35	68.440	68.460	68.412	68.432	5
2025-09-16 16:40	68.420	68.435	68.402	68.425	5
2025-09-16 16:45	68.435	68.465	68.412	68.412	5
2025-09-16 16:50	68.422	68.475	68.402	68.455	5
2025-09-16 16:55	68.460	68.492	68.402	68.420	5
2025-09-16 17:00	68.422	68.485	68.417	68.475	5
2025-09-16 17:05	68.465	68.470	68.432	68.442	5
2025-09-16 17:10	68.455	68.475	68.442	68.442	5
2025-09-16 17:15	68.450	68.490	68.442	68.462	4
2025-09-16 17:20	68.470	68.485	68.442	68.472	5
2025-09-16 17:25	68.485	68.635	68.472	68.622	5
2025-09-16 17:30	68.630	68.635	68.562	68.562	5
2025-09-16 17:35	68.570	68.585	68.525	68.545	5
2025-09-16 17:40	68.535	68.645	68.535	68.635	5
2025-09-16 17:45	68.625	68.645	68.605	68.632	5
2025-09-16 17:50	68.630	68.660	68.612	68.655	5
2025-09-16 17:55	68.650	68.670	68.582	68.605	5
2025-09-16 18:00	68.595	68.605	68.502	68.502	5
2025-09-16 18:05	68.510	68.535	68.432	68.522	5
2025-09-16 18:10	68.515	68.530	68.472	68.485	5
2025-09-16 18:15	68.495	68.510	68.452	68.465	5
2025-09-16 18:20	68.470	68.475	68.442	68.455	5
2025-09-16 18:25	68.445	68.475	68.430	68.460	5
2025-09-16 18:30	68.457	68.505	68.452	68.492	5
2025-09-16 18:35	68.505	68.515	68.482	68.505	5
2025-09-16 18:40	68.507	68.515	68.425	68.442	4
2025-09-16 18:45	68.435	68.462	68.432	68.452	5
2025-09-16 18:50	68.445	68.445	68.425	68.425	4
2025-09-16 18:55	68.412	68.435	68.392	68.395	5
2025-09-16 19:00	68.375	68.395	68.332	68.372	5
2025-09-16 19:05	68.365	68.430	68.365	68.425	5
2025-09-16 19:10	68.420	68.435	68.397	68.402	5
2025-09-16 19:15	68.397	68.405	68.395	68.405	4
2025-09-16 19:20	68.400	68.455	68.395	68.445	5
2025-09-16 19:25	68.440	68.440	68.420	68.420	5
2025-09-16 19:30	68.415	68.435	68.412	68.430	5
2025-09-16 19:35	68.425	68.455	68.422	68.445	5
2025-09-16 19:40	68.455	68.515	68.445	68.470	5
2025-09-16 19:45	68.472	68.505	68.470	68.490	5
2025-09-16 19:50	68.495	68.510	68.480	68.510	5
2025-09-16 19:55	68.515	68.515	68.462	68.480	5
2025-09-16 20:00	68.475	68.492	68.452	68.482	5
2025-09-16 20:05	68.477	68.492	68.472	68.472	4
2025-09-16 20:10	68.472	68.483	68.437	68.462	4
2025-09-16 20:15	68.457	68.462	68.452	68.462	4
2025-09-16 20:20	68.457	68.462	68.437	68.462	3
2025-09-16 20:25	68.452	68.468	68.447	68.447	4
2025-09-16 20:30	68.447	68.477	68.447	68.462	5
2025-09-16 20:35	68.452	68.457	68.442	68.452	5
2025-09-16 20:40	68.442	68.457	68.432	68.457	4
2025-09-16 20:45	68.442	68.462	68.442	68.452	4
2025-09-16 20:50	68.457	68.492	68.447	68.447	5
2025-09-16 20:55	68.452	68.457	68.432	68.457	4
2025-09-17 00:00	68.527	68.570	68.480	68.480	5
2025-09-17 00:05	68.485	68.495	68.472	68.485	5
2025-09-17 00:10	68.475	68.510	68.472	68.495	5
2025-09-17 00:15	68.490	68.515	68.490	68.512	5
2025-09-17 00:20	68.505	68.505	68.487	68.492	4
2025-09-17 00:25	68.488	68.510	68.478	68.478	4
2025-09-17 00:30	68.475	68.502	68.472	68.490	5
2025-09-17 00:35	68.485	68.485	68.442	68.467	5
2025-09-17 00:40	68.462	68.475	68.458	68.462	4
2025-09-17 00:45	68.460	68.460	68.432	68.442	4
2025-09-17 00:50	68.435	68.475	68.432	68.467	5
2025-09-17 00:55	68.470	68.470	68.438	68.450	5
2025-09-17 01:00	68.455	68.465	68.385	68.412	5
2025-09-17 01:05	68.420	68.440	68.392	68.397	5
2025-09-17 01:10	68.405	68.450	68.400	68.425	5
2025-09-17 01:15	68.420	68.430	68.387	68.427	5
2025-09-17 01:20	68.422	68.470	68.422	68.435	5
2025-09-17 01:25	68.440	68.455	68.432	68.442	5
2025-09-17 01:30	68.450	68.455	68.422	68.450	5
2025-09-17 01:35	68.455	68.460	68.422	68.427	5
2025-09-17 01:40	68.432	68.435	68.347	68.355	5
2025-09-17 01:45	68.360	68.395	68.355	68.372	5
2025-09-17 01:50	68.380	68.420	68.370	68.407	5
2025-09-17 01:55	68.412	68.435	68.380	68.395	5
2025-09-17 02:00	68.400	68.420	68.347	68.410	5
2025-09-17 02:05	68.415	68.415	68.387	68.390	5
2025-09-17 02:10	68.382	68.395	68.375	68.385	5
2025-09-17 02:15	68.380	68.390	68.352	68.355	5
2025-09-17 02:20	68.360	68.370	68.342	68.362	5
2025-09-17 02:25	68.375	68.377	68.322	68.345	5
2025-09-17 02:30	68.335	68.345	68.322	68.342	5
2025-09-17 02:35	68.350	68.355	68.332	68.345	5
2025-09-17 02:40	68.355	68.355	68.332	68.345	5
2025-09-17 02:45	68.355	68.355	68.342	68.342	5
2025-09-17 02:50	68.347	68.355	68.332	68.352	4
2025-09-17 03:00	68.345	68.355	68.332	68.337	4
2025-09-17 03:05	68.342	68.345	68.327	68.332	4
2025-09-17 03:10	68.330	68.340	68.327	68.327	5
2025-09-17 03:15	68.335	68.355	68.330	68.352	4
2025-09-17 03:20	68.345	68.345	68.302	68.325	4
2025-09-17 03:25	68.335	68.345	68.318	68.342	5
2025-09-17 03:30	68.350	68.355	68.307	68.325	5
2025-09-17 03:35	68.315	68.335	68.312	68.328	4
2025-09-17 03:40	68.345	68.350	68.327	68.342	5
2025-09-17 03:45	68.335	68.335	68.318	68.325	5
2025-09-17 03:50	68.318	68.320	68.302	68.315	5
2025-09-17 03:55	68.320	68.322	68.292	68.310	4
2025-09-17 04:00	68.315	68.320	68.298	68.315	5
2025-09-17 04:05	68.320	68.325	68.313	68.325	3
2025-09-17 04:10	68.318	68.335	68.312	68.325	3
2025-09-17 04:15	68.335	68.335	68.328	68.328	3
2025-09-17 04:20	68.335	68.355	68.318	68.325	5
2025-09-17 04:25	68.330	68.340	68.323	68.330	5
2025-09-17 04:30	68.325	68.335	68.318	68.318	4
2025-09-17 04:35	68.325	68.355	68.322	68.350	4
2025-09-17 04:40	68.380	68.380	68.352	68.355	5
2025-09-17 04:45	68.348	68.365	68.335	68.357	4
2025-09-17 04:50	68.355	68.360	68.342	68.345	5
2025-09-17 04:55	68.338	68.350	68.338	68.345	3
2025-09-17 05:00	68.340	68.345	68.335	68.345	4
2025-09-17 05:05	68.338	68.338	68.322	68.328	4
2025-09-17 05:10	68.340	68.345	68.315	68.315	5
2025-09-17 05:15	68.310	68.325	68.310	68.325	3
2025-09-17 05:20	68.320	68.335	68.310	68.310	5
2025-09-17 05:25	68.303	68.320	68.303	68.320	3
2025-09-17 05:30	68.322	68.325	68.235	68.270	5
2025-09-17 05:35	68.280	68.322	68.267	68.320	5
2025-09-17 05:40	68.322	68.330	68.312	68.315	5
2025-09-17 05:45	68.308	68.335	68.308	68.335	5
2025-09-17 05:50	68.330	68.355	68.330	68.345	5
2025-09-17 05:55	68.350	68.375	68.325	68.327	5
2025-09-17 06:00	68.325	68.432	68.325	68.432	5
2025-09-17 06:05	68.445	68.465	68.390	68.422	5
2025-09-17 06:10	68.435	68.460	68.385	68.390	5
2025-09-17 06:15	68.392	68.392	68.242	68.262	5
2025-09-17 06:20	68.252	68.357	68.252	68.357	5
2025-09-17 06:25	68.365	68.385	68.332	68.340	5
2025-09-17 06:30	68.350	68.370	68.325	68.340	5
2025-09-17 06:35	68.342	68.395	68.332	68.385	5
2025-09-17 06:40	68.380	68.390	68.357	68.367	5
2025-09-17 06:45	68.382	68.425	68.342	68.415	5
2025-09-17 06:50	68.417	68.475	68.415	68.450	5
2025-09-17 06:55	68.442	68.455	68.390	68.390	5
2025-09-17 07:00	68.385	68.400	68.292	68.305	5
2025-09-17 07:05	68.300	68.300	68.225	68.295	5
2025-09-17 07:10	68.285	68.315	68.222	68.262	5
2025-09-17 07:15	68.270	68.310	68.262	68.282	5
2025-09-17 07:20	68.272	68.285	68.222	68.242	5
2025-09-17 07:25	68.250	68.295	68.222	68.237	5
2025-09-17 07:30	68.235	68.265	68.232	68.237	5
2025-09-17 07:35	68.240	68.270	68.167	68.190	5
2025-09-17 07:40	68.195	68.220	68.182	68.212	5
2025-09-17 07:45	68.205	68.235	68.172	68.222	5
2025-09-17 07:50	68.205	68.230	68.115	68.125	5
2025-09-17 07:55	68.120	68.155	68.082	68.095	5
2025-09-17 08:00	68.105	68.160	68.095	68.107	5
2025-09-17 08:05	68.102	68.155	68.100	68.112	5
2025-09-17 08:10	68.125	68.125	68.062	68.077	5
2025-09-17 08:15	68.082	68.105	68.058	68.102	5
2025-09-17 08:20	68.095	68.155	68.092	68.112	5
2025-09-17 08:25	68.110	68.135	68.042	68.065	5
2025-09-17 08:30	68.055	68.115	67.942	67.972	5
2025-09-17 08:35	67.985	67.985	67.912	67.922	5
2025-09-17 08:40	67.920	67.965	67.905	67.930	5
2025-09-17 08:45	67.922	68.030	67.922	67.990	5
2025-09-17 08:50	67.980	68.050	67.980	67.995	5
2025-09-17 08:55	67.985	68.005	67.975	68.005	5
2025-09-17 09:00	67.997	68.085	67.992	68.065	5
2025-09-17 09:05	68.055	68.115	68.052	68.105	5
2025-09-17 09:10	68.110	68.160	68.107	68.125	5
2025-09-17 09:15	68.115	68.125	68.055	68.055	5
2025-09-17 09:20	68.065	68.075	67.982	67.990	5
2025-09-17 09:25	67.995	67.995	67.932	67.975	5
2025-09-17 09:30	67.985	68.055	67.982	68.015	5
2025-09-17 09:35	68.010	68.065	68.002	68.062	5
2025-09-17 09:40	68.050	68.072	68.025	68.072	4
2025-09-17 09:45	68.065	68.065	68.012	68.022	5
2025-09-17 09:50	68.035	68.040	67.982	67.992	5
2025-09-17 09:55	67.985	68.012	67.972	67.985	5
2025-09-17 10:00	67.975	68.015	67.952	67.980	5
2025-09-17 10:05	67.982	68.040	67.972	67.982	5
2025-09-17 10:10	67.990	68.035	67.975	68.032	5
2025-09-17 10:15	68.045	68.045	67.980	68.000	5
2025-09-17 10:20	68.002	68.017	67.972	68.017	5
2025-09-17 10:25	68.015	68.020	67.902	67.950	4
2025-09-17 10:30	67.942	67.955	67.802	67.815	5
2025-09-17 10:35	67.825	67.825	67.772	67.802	5
2025-09-17 10:40	67.797	67.845	67.792	67.812	5
2025-09-17 10:45	67.820	67.895	67.812	67.835	5
2025-09-17 10:50	67.830	67.880	67.825	67.880	5
2025-09-17 10:55	67.882	67.915	67.862	67.915	5
2025-09-17 11:00	67.890	67.985	67.882	67.955	5
2025-09-17 11:05	67.940	67.945	67.832	67.852	5
2025-09-17 11:10	67.847	67.925	67.832	67.915	5
2025-09-17 11:15	67.925	67.945	67.912	67.922	5
2025-09-17 11:20	67.935	67.975	67.892	67.925	5
2025-09-17 11:25	67.930	67.930	67.895	67.915	5
2025-09-17 11:30	67.910	67.990	67.893	67.972	5
2025-09-17 11:35	67.970	67.975	67.942	67.975	5
2025-09-17 11:40	67.985	68.055	67.967	68.025	5
2025-09-17 11:45	68.015	68.055	68.005	68.052	5
2025-09-17 11:50	68.035	68.075	68.002	68.072	5
2025-09-17 11:55	68.077	68.165	68.075	68.152	5
2025-09-17 12:00	68.150	68.190	68.145	68.190	5
2025-09-17 12:05	68.195	68.245	68.182	68.232	5
2025-09-17 12:10	68.225	68.280	68.192	68.272	5
2025-09-17 12:15	68.260	68.260	68.192	68.242	5
2025-09-17 12:20	68.240	68.245	68.182	68.230	5
2025-09-17 12:25	68.235	68.255	68.232	68.255	5
2025-09-17 12:30	68.240	68.240	68.155	68.172	5
2025-09-17 12:35	68.170	68.205	68.135	68.152	5
2025-09-17 12:40	68.155	68.190	68.122	68.185	5
2025-09-17 12:45	68.175	68.195	68.150	68.182	5
2025-09-17 12:50	68.180	68.245	68.150	68.207	5
2025-09-17 12:55	68.205	68.215	68.162	68.165	3
2025-09-17 13:00	68.155	68.255	68.145	68.185	5
2025-09-17 13:05	68.195	68.235	68.155	68.202	5
2025-09-17 13:10	68.200	68.285	68.180	68.275	5
2025-09-17 13:15	68.270	68.330	68.252	68.315	5
2025-09-17 13:20	68.325	68.355	68.292	68.327	5
2025-09-17 13:25	68.325	68.340	68.252	68.300	5
2025-09-17 13:30	68.295	68.335	68.262	68.335	5
2025-09-17 13:35	68.325	68.395	68.322	68.342	5
2025-09-17 13:40	68.347	68.355	68.202	68.265	5
2025-09-17 13:45	68.255	68.295	68.225	68.295	5
2025-09-17 13:50	68.290	68.340	68.275	68.310	5
2025-09-17 13:55	68.315	68.345	68.292	68.340	5
2025-09-17 14:00	68.345	68.405	68.312	68.395	5
2025-09-17 14:05	68.385	68.425	68.372	68.402	5
2025-09-17 14:10	68.410	68.445	68.402	68.422	5
2025-09-17 14:15	68.435	68.495	68.430	68.450	5
2025-09-17 14:20	68.452	68.475	68.435	68.445	5
2025-09-17 14:25	68.452	68.480	68.387	68.402	5
2025-09-17 14:30	68.398	68.540	68.335	68.335	5
2025-09-17 14:35	68.332	68.360	68.085	68.142	5
2025-09-17 14:40	68.130	68.235	68.082	68.210	5
2025-09-17 14:45	68.220	68.325	68.172	68.307	5
2025-09-17 14:50	68.315	68.350	68.145	68.152	5
2025-09-17 14:55	68.165	68.305	68.147	68.305	5
2025-09-17 15:00	68.300	68.345	68.242	68.265	5
2025-09-17 15:05	68.270	68.280	68.115	68.142	5
2025-09-17 15:10	68.137	68.162	68.072	68.082	5
2025-09-17 15:15	68.070	68.085	68.012	68.025	5
2025-09-17 15:20	68.027	68.060	67.978	68.060	5
2025-09-17 15:25	68.052	68.105	67.992	68.012	5
2025-09-17 15:30	68.005	68.075	67.912	68.075	5
2025-09-17 15:35	68.070	68.215	68.057	68.202	5
2025-09-17 15:40	68.190	68.265	68.185	68.212	5
2025-09-17 15:45	68.210	68.350	68.205	68.337	5
2025-09-17 15:50	68.332	68.340	68.222	68.250	5
2025-09-17 15:55	68.252	68.270	68.222	68.230	5
2025-09-17 16:00	68.235	68.345	68.235	68.295	5
2025-09-17 16:05	68.300	68.325	68.252	68.295	5
2025-09-17 16:10	68.305	68.305	68.202	68.262	5
2025-09-17 16:15	68.267	68.292	68.245	68.262	5
2025-09-17 16:20	68.270	68.355	68.258	68.285	5
2025-09-17 16:25	68.290	68.295	68.232	68.240	5
2025-09-17 16:30	68.245	68.255	68.132	68.182	5
2025-09-17 16:35	68.195	68.215	68.182	68.192	5
2025-09-17 16:40	68.190	68.195	68.132	68.170	4
2025-09-17 16:45	68.165	68.172	68.152	68.165	5
2025-09-17 16:50	68.170	68.215	68.132	68.192	5
2025-09-17 16:55	68.197	68.222	68.175	68.185	5
2025-09-17 17:00	68.190	68.205	68.152	68.182	5
2025-09-17 17:05	68.175	68.240	68.170	68.202	5
2025-09-17 17:10	68.195	68.260	68.192	68.242	5
2025-09-17 17:15	68.255	68.255	68.202	68.205	5
2025-09-17 17:20	68.200	68.235	68.190	68.230	5
2025-09-17 17:25	68.225	68.255	68.185	68.202	5
2025-09-17 17:30	68.210	68.255	68.202	68.202	5
2025-09-17 17:35	68.210	68.250	68.202	68.235	5
2025-09-17 17:40	68.245	68.250	68.162	68.175	5
2025-09-17 17:45	68.177	68.182	68.112	68.167	5
2025-09-17 17:50	68.175	68.252	68.172	68.252	5
2025-09-17 17:55	68.245	68.255	68.182	68.220	5
2025-09-17 18:00	68.215	68.230	68.050	68.142	5
2025-09-17 18:05	68.150	68.165	68.005	68.015	5
2025-09-17 18:10	68.010	68.035	67.852	67.855	5
2025-09-17 18:15	67.865	67.915	67.850	67.912	5
2025-09-17 18:20	67.900	67.915	67.852	67.895	5
2025-09-17 18:25	67.900	67.965	67.865	67.952	5
2025-09-17 18:30	67.960	68.015	67.917	67.955	5
2025-09-17 18:35	67.965	68.035	67.910	67.912	5
2025-09-17 18:40	67.917	67.945	67.832	67.855	5
2025-09-17 18:45	67.860	67.900	67.802	67.852	5
2025-09-17 18:50	67.842	67.850	67.605	67.645	5
2025-09-17 18:55	67.640	67.702	67.617	67.695	5
2025-09-17 19:00	67.685	67.770	67.677	67.762	5
2025-09-17 19:05	67.775	67.825	67.762	67.795	4
2025-09-17 19:10	67.800	67.815	67.722	67.735	5
2025-09-17 19:15	67.745	67.795	67.732	67.755	5
2025-09-17 19:20	67.745	67.815	67.742	67.812	5
2025-09-17 19:25	67.802	67.885	67.788	67.862	5
2025-09-17 19:30	67.860	67.885	67.795	67.802	5
2025-09-17 19:35	67.812	67.845	67.797	67.840	5
2025-09-17 19:40	67.845	67.855	67.815	67.837	5
2025-09-17 19:45	67.850	67.895	67.792	67.887	5
2025-09-17 19:50	67.895	67.895	67.850	67.867	5
2025-09-17 19:55	67.875	67.882	67.812	67.850	5
2025-09-17 20:00	67.845	67.867	67.807	67.862	5
2025-09-17 20:05	67.862	67.877	67.862	67.877	5
2025-09-17 20:10	67.887	67.912	67.887	67.892	5
2025-09-17 20:15	67.892	67.942	67.892	67.942	4
2025-09-17 20:20	67.937	67.942	67.922	67.937	5
2025-09-17 20:25	67.937	67.937	67.912	67.927	5
2025-09-17 20:30	67.927	67.942	67.927	67.937	4
2025-09-17 20:35	67.942	67.947	67.927	67.927	4
2025-09-17 20:40	67.927	67.932	67.892	67.892	5
2025-09-17 20:45	67.887	67.897	67.877	67.882	4
2025-09-17 20:50	67.882	67.892	67.867	67.887	5
2025-09-17 20:55	67.862	67.872	67.847	67.852	5
2025-09-18 00:00	67.990	67.990	67.910	67.930	5
2025-09-18 00:05	67.935	67.965	67.920	67.927	5
2025-09-18 00:10	67.922	67.932	67.902	67.907	5
2025-09-18 00:15	67.895	67.920	67.868	67.890	5
2025-09-18 00:20	67.882	67.882	67.840	67.850	5
2025-09-18 00:25	67.852	67.855	67.842	67.842	5
2025-09-18 00:30	67.835	67.845	67.785	67.822	5
2025-09-18 00:35	67.818	67.845	67.807	67.840	5
2025-09-18 00:40	67.845	67.865	67.835	67.845	5
2025-09-18 00:45	67.840	67.847	67.790	67.815	5
2025-09-18 00:50	67.810	67.815	67.735	67.737	5
2025-09-18 00:55	67.732	67.750	67.727	67.727	5
2025-09-18 01:00	67.725	67.727	67.642	67.685	5
2025-09-18 01:05	67.680	67.705	67.592	67.657	5
2025-09-18 01:10	67.662	67.680	67.632	67.670	5
2025-09-18 01:15	67.675	67.677	67.645	67.665	5
2025-09-18 01:20	67.655	67.665	67.627	67.645	5
2025-09-18 01:25	67.640	67.650	67.592	67.630	5
2025-09-18 01:30	67.625	67.645	67.590	67.637	5
2025-09-18 01:35	67.632	67.632	67.522	67.547	5
2025-09-18 01:40	67.555	67.565	67.528	67.542	5
2025-09-18 01:45	67.538	67.555	67.485	67.505	5
2025-09-18 01:50	67.500	67.540	67.497	67.540	5
2025-09-18 01:55	67.535	67.610	67.522	67.600	5
2025-09-18 02:00	67.595	67.605	67.577	67.587	5
2025-09-18 02:05	67.595	67.635	67.587	67.605	5
2025-09-18 02:10	67.610	67.660	67.602	67.650	5
2025-09-18 02:15	67.642	67.655	67.642	67.647	5
2025-09-18 02:20	67.652	67.675	67.648	67.657	5
2025-09-18 02:25	67.662	67.665	67.655	67.662	5
2025-09-18 02:30	67.675	67.725	67.667	67.722	5
2025-09-18 02:35	67.720	67.725	67.675	67.700	5
2025-09-18 02:40	67.695	67.715	67.682	67.700	4
2025-09-18 02:45	67.695	67.735	67.695	67.727	5
2025-09-18 02:50	67.725	67.755	67.725	67.750	5
2025-09-18 02:55	67.755	67.765	67.737	67.742	5
2025-09-18 03:00	67.755	67.785	67.747	67.770	5
2025-09-18 03:05	67.775	67.805	67.767	67.775	4
2025-09-18 03:10	67.770	67.825	67.767	67.812	5
2025-09-18 03:15	67.810	67.815	67.790	67.800	5
2025-09-18 03:20	67.792	67.825	67.782	67.820	5
2025-09-18 03:25	67.810	67.850	67.802	67.825	5
2025-09-18 03:30	67.845	67.845	67.825	67.830	5
2025-09-18 03:35	67.825	67.835	67.822	67.822	4
2025-09-18 03:40	67.818	67.855	67.818	67.842	5
2025-09-18 03:45	67.840	67.885	67.838	67.865	5
2025-09-18 03:50	67.857	67.870	67.827	67.835	5
2025-09-18 03:55	67.830	67.830	67.812	67.820	4
2025-09-18 04:00	67.815	67.850	67.802	67.850	5
2025-09-18 04:05	67.845	67.845	67.830	67.830	4
2025-09-18 04:10	67.832	67.832	67.815	67.820	5
2025-09-18 04:15	67.825	67.825	67.785	67.795	5
2025-09-18 04:20	67.788	67.795	67.778	67.792	4
2025-09-18 04:25	67.787	67.787	67.738	67.738	4
2025-09-18 04:30	67.755	67.770	67.747	67.760	5
2025-09-18 04:35	67.755	67.755	67.722	67.727	5
2025-09-18 04:40	67.735	67.755	67.722	67.735	5
2025-09-18 04:45	67.730	67.755	67.722	67.737	4
2025-09-18 04:50	67.715	67.735	67.712	67.715	5
2025-09-18 04:55	67.720	67.735	67.715	67.722	3
2025-09-18 05:00	67.715	67.725	67.702	67.720	5
2025-09-18 05:05	67.715	67.717	67.692	67.692	5
2025-09-18 05:10	67.688	67.705	67.688	67.702	4
2025-09-18 05:15	67.700	67.702	67.692	67.692	3
2025-09-18 05:20	67.705	67.705	67.682	67.682	4
2025-09-18 05:25	67.675	67.675	67.650	67.675	5
2025-09-18 05:30	67.665	67.695	67.642	67.650	5
2025-09-18 05:35	67.645	67.705	67.645	67.702	5
2025-09-18 05:40	67.720	67.745	67.690	67.702	4
2025-09-18 05:45	67.700	67.700	67.602	67.635	5
2025-09-18 05:50	67.645	67.675	67.612	67.632	5
2025-09-18 05:55	67.645	67.670	67.627	67.660	5
2025-09-18 06:00	67.650	67.665	67.612	67.612	5
2025-09-18 06:05	67.605	67.645	67.565	67.630	5
2025-09-18 06:10	67.635	67.655	67.575	67.652	5
2025-09-18 06:15	67.650	67.775	67.642	67.752	5
2025-09-18 06:20	67.750	67.765	67.665	67.685	5
2025-09-18 06:25	67.695	67.695	67.650	67.660	5
2025-09-18 06:30	67.662	67.745	67.645	67.742	5
2025-09-18 06:35	67.735	67.755	67.635	67.635	5
2025-09-18 06:40	67.640	67.685	67.602	67.655	5
2025-09-18 06:45	67.645	67.717	67.640	67.717	5
2025-09-18 06:50	67.715	67.720	67.665	67.672	5
2025-09-18 06:55	67.680	67.685	67.642	67.677	5
2025-09-18 07:00	67.685	67.797	67.685	67.772	5
2025-09-18 07:05	67.780	67.822	67.732	67.732	5
2025-09-18 07:10	67.725	67.775	67.642	67.685	5
2025-09-18 07:15	67.675	67.675	67.507	67.585	5
2025-09-18 07:20	67.577	67.635	67.525	67.555	5
2025-09-18 07:25	67.545	67.565	67.505	67.535	5
2025-09-18 07:30	67.530	67.530	67.492	67.507	5
2025-09-18 07:35	67.515	67.600	67.498	67.570	5
2025-09-18 07:40	67.565	67.595	67.542	67.587	5
2025-09-18 07:45	67.585	67.595	67.552	67.580	5
2025-09-18 07:50	67.572	67.585	67.542	67.582	4
2025-09-18 07:55	67.595	67.635	67.572	67.582	5
2025-09-18 08:00	67.600	67.610	67.542	67.562	5
2025-09-18 08:05	67.560	67.675	67.548	67.672	5
2025-09-18 08:10	67.670	67.712	67.650	67.685	5
2025-09-18 08:15	67.675	67.832	67.672	67.815	5
2025-09-18 08:20	67.810	67.975	67.763	67.862	5
2025-09-18 08:25	67.872	67.895	67.828	67.837	5
2025-09-18 08:30	67.835	67.910	67.822	67.877	5
2025-09-18 08:35	67.885	67.945	67.862	67.930	5
2025-09-18 08:40	67.925	68.025	67.892	68.005	5
2025-09-18 08:45	68.000	68.025	67.977	68.005	5
2025-09-18 08:50	68.015	68.135	68.012	68.092	5
2025-09-18 08:55	68.085	68.115	68.062	68.070	5
2025-09-18 09:00	68.065	68.080	67.860	67.865	5
2025-09-18 09:05	67.855	67.885	67.720	67.742	5
2025-09-18 09:10	67.750	67.822	67.602	67.602	5
2025-09-18 09:15	67.615	67.725	67.572	67.690	5
2025-09-18 09:20	67.685	67.695	67.650	67.672	5
2025-09-18 09:25	67.670	67.670	67.632	67.642	5
2025-09-18 09:30	67.640	67.682	67.602	67.635	5
2025-09-18 09:35	67.640	67.655	67.555	67.565	5
2025-09-18 09:40	67.557	67.565	67.442	67.502	5
2025-09-18 09:45	67.495	67.505	67.382	67.382	5
2025-09-18 09:50	67.375	67.455	67.365	67.372	5
2025-09-18 09:55	67.365	67.385	67.332	67.365	5
2025-09-18 10:00	67.360	67.415	67.325	67.325	5
2025-09-18 10:05	67.330	67.465	67.323	67.460	5
2025-09-18 10:10	67.455	67.480	67.435	67.472	5
2025-09-18 10:15	67.480	67.620	67.470	67.612	5
2025-09-18 10:20	67.610	67.797	67.602	67.790	5
2025-09-18 10:25	67.805	67.875	67.782	67.870	5
2025-09-18 10:30	67.875	67.945	67.815	67.837	5
2025-09-18 10:35	67.832	67.890	67.805	67.822	5
2025-09-18 10:40	67.815	67.855	67.785	67.795	5
2025-09-18 10:45	67.785	67.805	67.745	67.772	5
2025-09-18 10:50	67.780	67.795	67.750	67.795	5
2025-09-18 10:55	67.790	67.830	67.782	67.790	5
2025-09-18 11:00	67.810	67.935	67.783	67.930	5
2025-09-18 11:05	67.935	68.005	67.910	67.977	5
2025-09-18 11:10	67.982	68.015	67.942	67.955	5
2025-09-18 11:15	67.950	68.005	67.950	67.972	5
2025-09-18 11:20	67.985	67.990	67.952	67.980	5
2025-09-18 11:25	67.975	68.025	67.962	68.025	5
2025-09-18 11:30	68.035	68.175	68.032	68.152	5
2025-09-18 11:35	68.147	68.275	68.147	68.260	5
2025-09-18 11:40	68.252	68.295	68.232	68.280	5
2025-09-18 11:45	68.272	68.305	68.210	68.265	5
2025-09-18 11:50	68.260	68.270	68.212	68.235	5
2025-09-18 11:55	68.240	68.275	68.222	68.222	5
2025-09-18 12:00	68.220	68.250	68.150	68.227	5
2025-09-18 12:05	68.232	68.345	68.227	68.300	5
2025-09-18 12:10	68.305	68.320	68.282	68.310	5
2025-09-18 12:15	68.305	68.305	68.242	68.290	5
2025-09-18 12:20	68.285	68.312	68.277	68.302	5
2025-09-18 12:25	68.300	68.300	68.215	68.245	5
2025-09-18 12:30	68.260	68.285	68.192	68.205	5
2025-09-18 12:35	68.215	68.237	68.162	68.165	5
2025-09-18 12:40	68.175	68.275	68.132	68.265	5
2025-09-18 12:45	68.260	68.265	68.182	68.222	5
2025-09-18 12:50	68.220	68.225	68.185	68.205	5
2025-09-18 12:55	68.200	68.202	68.050	68.050	5
2025-09-18 13:00	68.055	68.115	67.902	67.952	5
2025-09-18 13:05	67.965	68.005	67.820	67.980	5
2025-09-18 13:10	67.985	68.075	67.977	68.052	5
2025-09-18 13:15	68.060	68.135	68.042	68.052	5
2025-09-18 13:20	68.045	68.045	67.920	67.952	5
2025-09-18 13:25	67.957	67.995	67.937	67.982	5
2025-09-18 13:30	68.000	68.035	67.912	68.022	5
2025-09-18 13:35	68.020	68.115	67.990	67.992	5
2025-09-18 13:40	67.997	68.110	67.992	68.032	5
2025-09-18 13:45	68.030	68.030	67.892	67.892	5
2025-09-18 13:50	67.891	67.940	67.822	67.900	5
2025-09-18 13:55	67.895	67.975	67.895	67.950	5
2025-09-18 14:00	67.945	68.025	67.945	68.015	5
2025-09-18 14:05	68.025	68.175	68.022	68.165	5
2025-09-18 14:10	68.160	68.320	68.135	68.315	5
2025-09-18 14:15	68.310	68.395	68.282	68.282	5
2025-09-18 14:20	68.295	68.295	68.215	68.232	5
2025-09-18 14:25	68.240	68.255	68.160	68.162	5
2025-09-18 14:30	68.175	68.222	68.150	68.192	5
2025-09-18 14:35	68.205	68.215	68.097	68.172	5
2025-09-18 14:40	68.190	68.195	68.132	68.162	5
2025-09-18 14:45	68.175	68.185	68.130	68.165	5
2025-09-18 14:50	68.170	68.170	68.078	68.150	5
2025-09-18 14:55	68.145	68.165	67.972	68.025	5
2025-09-18 15:00	68.015	68.075	67.892	67.895	5
2025-09-18 15:05	67.900	68.190	67.595	67.665	5
2025-09-18 15:10	67.660	67.665	67.492	67.577	5
2025-09-18 15:15	67.582	67.630	67.432	67.450	5
2025-09-18 15:20	67.455	67.512	67.402	67.512	5
2025-09-18 15:25	67.510	67.595	67.462	67.500	5
2025-09-18 15:30	67.515	67.530	67.415	67.470	5
2025-09-18 15:35	67.465	67.515	67.452	67.492	5
2025-09-18 15:40	67.485	67.585	67.482	67.525	5
2025-09-18 15:45	67.515	67.645	67.497	67.560	5
2025-09-18 15:50	67.555	67.575	67.462	67.522	5
2025-09-18 15:55	67.545	67.665	67.540	67.625	5
2025-09-18 16:00	67.635	67.645	67.414	67.414	5
2025-09-18 16:05	67.415	67.475	67.414	67.452	5
2025-09-18 16:10	67.445	67.495	67.442	67.452	5
2025-09-18 16:15	67.445	67.455	67.414	67.455	5
2025-09-18 16:20	67.445	67.475	67.422	67.457	5
2025-09-18 16:25	67.465	67.500	67.437	67.465	5
2025-09-18 16:30	67.460	67.485	67.432	67.482	5
2025-09-18 16:35	67.480	67.545	67.480	67.540	5
2025-09-18 16:40	67.545	67.545	67.482	67.522	5
2025-09-18 16:45	67.535	67.535	67.500	67.500	5
2025-09-18 16:50	67.502	67.505	67.422	67.425	5
2025-09-18 16:55	67.420	67.485	67.414	67.414	5
2025-09-18 17:00	67.414	67.440	67.342	67.365	5
2025-09-18 17:05	67.370	67.405	67.337	67.360	5
2025-09-18 17:10	67.355	67.375	67.252	67.292	5
2025-09-18 17:15	67.285	67.345	67.282	67.332	5
2025-09-18 17:20	67.325	67.335	67.262	67.277	5
2025-09-18 17:25	67.275	67.275	67.232	67.232	5
2025-09-18 17:30	67.225	67.245	67.172	67.195	5
2025-09-18 17:35	67.215	67.257	67.205	67.240	5
2025-09-18 17:40	67.235	67.252	67.172	67.175	5
2025-09-18 17:45	67.185	67.255	67.185	67.205	5
2025-09-18 17:50	67.195	67.265	67.190	67.242	5
2025-09-18 17:55	67.235	67.265	67.232	67.245	5
2025-09-18 18:00	67.255	67.305	67.242	67.295	5
2025-09-18 18:05	67.292	67.445	67.282	67.410	5
2025-09-18 18:10	67.405	67.405	67.352	67.365	5
2025-09-18 18:15	67.370	67.430	67.362	67.392	5
2025-09-18 18:20	67.385	67.445	67.342	67.425	5
2025-09-18 18:25	67.430	67.445	67.380	67.422	5
2025-09-18 18:30	67.435	67.465	67.412	67.462	5
2025-09-18 18:35	67.475	67.535	67.452	67.492	5
2025-09-18 18:40	67.500	67.505	67.472	67.492	5
2025-09-18 18:45	67.490	67.525	67.482	67.512	5
2025-09-18 18:50	67.510	67.555	67.495	67.550	5
2025-09-18 18:55	67.552	67.585	67.542	67.572	5
2025-09-18 19:00	67.570	67.595	67.567	67.570	5
2025-09-18 19:05	67.572	67.575	67.562	67.570	5
2025-09-18 19:10	67.562	67.570	67.522	67.540	5
2025-09-18 19:15	67.545	67.555	67.512	67.535	5
2025-09-18 19:20	67.525	67.545	67.522	67.532	5
2025-09-18 19:25	67.540	67.545	67.522	67.542	5
2025-09-18 19:30	67.550	67.565	67.530	67.535	4
2025-09-18 19:35	67.530	67.550	67.522	67.535	5
2025-09-18 19:40	67.545	67.550	67.525	67.532	4
2025-09-18 19:45	67.530	67.545	67.517	67.535	5
2025-09-18 19:50	67.530	67.550	67.527	67.537	4
2025-09-18 19:55	67.535	67.555	67.522	67.545	5
2025-09-18 20:00	67.522	67.557	67.522	67.532	5
2025-09-18 20:05	67.532	67.542	67.527	67.542	5
2025-09-18 20:10	67.532	67.532	67.512	67.522	5
2025-09-18 20:15	67.512	67.522	67.482	67.497	5
2025-09-18 20:20	67.497	67.502	67.492	67.492	2
2025-09-18 20:25	67.503	67.503	67.472	67.472	5
2025-09-18 20:30	67.477	67.477	67.452	67.467	5
2025-09-18 20:35	67.472	67.472	67.447	67.447	3
2025-09-18 20:40	67.452	67.482	67.442	67.462	4
2025-09-18 20:45	67.457	67.467	67.452	67.452	4
2025-09-18 20:50	67.452	67.487	67.447	67.472	5
2025-09-18 20:55	67.472	67.477	67.452	67.457	4
2025-09-19 00:00	67.430	67.445	67.392	67.397	5
2025-09-19 00:05	67.405	67.455	67.387	67.455	5
2025-09-19 00:10	67.447	67.480	67.440	67.462	4
2025-09-19 00:15	67.470	67.470	67.415	67.430	5
2025-09-19 00:20	67.425	67.435	67.422	67.430	4
2025-09-19 00:25	67.423	67.442	67.422	67.440	4
2025-09-19 00:30	67.445	67.452	67.433	67.445	4
2025-09-19 00:35	67.438	67.450	67.425	67.435	4
2025-09-19 00:40	67.430	67.435	67.392	67.392	5
2025-09-19 00:45	67.400	67.515	67.393	67.482	5
2025-09-19 00:50	67.495	67.500	67.445	67.448	5
2025-09-19 00:55	67.465	67.465	67.447	67.447	4
2025-09-19 01:00	67.435	67.495	67.382	67.470	5
2025-09-19 01:05	67.465	67.530	67.465	67.485	5
2025-09-19 01:10	67.480	67.500	67.470	67.475	5
2025-09-19 01:15	67.470	67.485	67.447	67.477	5
2025-09-19 01:20	67.472	67.550	67.465	67.512	5
2025-09-19 01:25	67.520	67.520	67.492	67.505	5
2025-09-19 01:30	67.520	67.527	67.480	67.507	5
2025-09-19 01:35	67.515	67.530	67.505	67.505	5
2025-09-19 01:40	67.495	67.527	67.492	67.507	5
2025-09-19 01:45	67.515	67.545	67.498	67.515	5
2025-09-19 01:50	67.502	67.510	67.482	67.500	5
2025-09-19 01:55	67.495	67.515	67.480	67.490	5
2025-09-19 02:00	67.495	67.505	67.432	67.442	5
2025-09-19 02:05	67.435	67.445	67.337	67.360	5
2025-09-19 02:10	67.355	67.372	67.325	67.345	5
2025-09-19 02:15	67.350	67.355	67.327	67.337	5
2025-09-19 02:20	67.345	67.385	67.345	67.377	5
2025-09-19 02:25	67.372	67.405	67.372	67.385	5
2025-09-19 02:30	67.387	67.415	67.370	67.387	5
2025-09-19 02:35	67.392	67.395	67.350	67.350	5
2025-09-19 02:40	67.355	67.395	67.355	67.372	5
2025-09-19 02:45	67.370	67.382	67.362	67.382	5
2025-09-19 02:50	67.395	67.425	67.357	67.400	5
2025-09-19 02:55	67.405	67.405	67.342	67.375	5
2025-09-19 03:00	67.365	67.385	67.348	67.352	5
2025-09-19 03:05	67.360	67.365	67.335	67.342	5
2025-09-19 03:10	67.355	67.355	67.332	67.332	5
2025-09-19 03:15	67.337	67.357	67.337	67.342	5
2025-09-19 03:20	67.340	67.355	67.322	67.327	5
2025-09-19 03:25	67.322	67.335	67.292	67.305	5
2025-09-19 03:30	67.307	67.355	67.307	67.340	4
2025-09-19 03:35	67.342	67.380	67.325	67.380	5
2025-09-19 03:40	67.375	67.390	67.375	67.378	5
2025-09-19 03:45	67.380	67.380	67.347	67.362	4
2025-09-19 03:50	67.360	67.385	67.360	67.365	5
2025-09-19 03:55	67.358	67.365	67.350	67.362	5
2025-09-19 04:00	67.367	67.367	67.322	67.330	5
2025-09-19 04:05	67.332	67.342	67.315	67.327	5
2025-09-19 04:10	67.322	67.325	67.317	67.318	3
2025-09-19 04:15	67.312	67.327	67.245	67.265	5
2025-09-19 04:20	67.260	67.305	67.260	67.267	5
2025-09-19 04:25	67.275	67.282	67.262	67.270	5
2025-09-19 04:30	67.272	67.285	67.262	67.270	5
2025-09-19 04:35	67.272	67.275	67.265	67.275	4
2025-09-19 04:40	67.267	67.275	67.257	67.265	2
2025-09-19 04:45	67.258	67.292	67.258	67.285	5
2025-09-19 04:50	67.290	67.295	67.278	67.287	5
2025-09-19 04:55	67.285	67.310	67.272	67.297	5
2025-09-19 05:00	67.310	67.350	67.302	67.350	5
2025-09-19 05:05	67.360	67.380	67.347	67.355	4
2025-09-19 05:10	67.350	67.355	67.327	67.340	5
2025-09-19 05:15	67.345	67.355	67.322	67.335	4
2025-09-19 05:20	67.340	67.340	67.292	67.305	5
2025-09-19 05:25	67.295	67.325	67.292	67.298	5
2025-09-19 05:30	67.295	67.295	67.207	67.217	5
2025-09-19 05:35	67.212	67.215	67.125	67.142	5
2025-09-19 05:40	67.140	67.142	67.092	67.120	5
2025-09-19 05:45	67.112	67.165	67.112	67.152	5
2025-09-19 05:50	67.145	67.190	67.142	67.175	5
2025-09-19 05:55	67.180	67.195	67.157	67.162	5
2025-09-19 06:00	67.170	67.295	67.162	67.295	5
2025-09-19 06:05	67.290	67.290	67.250	67.252	5
2025-09-19 06:10	67.260	67.285	67.252	67.275	5
2025-09-19 06:15	67.285	67.320	67.260	67.265	5
2025-09-19 06:20	67.275	67.290	67.252	67.270	5
2025-09-19 06:25	67.262	67.295	67.222	67.265	5
2025-09-19 06:30	67.270	67.275	67.250	67.255	4
2025-09-19 06:35	67.242	67.255	67.217	67.227	5
2025-09-19 06:40	67.225	67.295	67.225	67.247	5
2025-09-19 06:45	67.255	67.312	67.207	67.312	5
2025-09-19 06:50	67.307	67.345	67.253	67.282	5
2025-09-19 06:55	67.280	67.330	67.242	67.300	5
2025-09-19 07:00	67.295	67.502	67.292	67.447	5
2025-09-19 07:05	67.442	67.475	67.325	67.380	5
2025-09-19 07:10	67.372	67.450	67.372	67.447	5
2025-09-19 07:15	67.445	67.455	67.422	67.437	5
2025-09-19 07:20	67.435	67.495	67.430	67.460	5
2025-09-19 07:25	67.455	67.470	67.422	67.422	5
2025-09-19 07:30	67.430	67.435	67.352	67.362	5
2025-09-19 07:35	67.367	67.405	67.332	67.385	5
2025-09-19 07:40	67.380	67.385	67.332	67.340	5
2025-09-19 07:45	67.335	67.360	67.262	67.272	5
2025-09-19 07:50	67.270	67.302	67.212	67.262	5
2025-09-19 07:55	67.270	67.275	67.162	67.172	5
2025-09-19 08:00	67.165	67.175	67.122	67.162	5
2025-09-19 08:05	67.170	67.235	67.165	67.175	5
2025-09-19 08:10	67.170	67.215	67.135	67.202	5
2025-09-19 08:15	67.170	67.275	67.152	67.212	5
2025-09-19 08:20	67.205	67.222	67.162	67.182	5
2025-09-19 08:25	67.195	67.195	67.122	67.165	5
2025-09-19 08:30	67.155	67.155	67.005	67.005	5
2025-09-19 08:35	67.025	67.060	66.992	67.022	5
2025-09-19 08:40	67.030	67.135	67.012	67.107	5
2025-09-19 08:45	67.112	67.125	67.072	67.110	5
2025-09-19 08:50	67.115	67.115	67.002	67.015	5
2025-09-19 08:55	67.010	67.055	66.982	67.022	5
2025-09-19 09:00	67.015	67.105	66.987	67.005	5
2025-09-19 09:05	66.995	67.005	66.882	66.895	5
2025-09-19 09:10	66.890	66.950	66.882	66.892	5
2025-09-19 09:15	66.885	66.975	66.882	66.957	5
2025-09-19 09:20	66.955	66.955	66.915	66.942	5
2025-09-19 09:25	66.940	67.015	66.932	67.012	5
2025-09-19 09:30	67.035	67.095	66.987	67.092	5
2025-09-19 09:35	67.080	67.095	67.010	67.010	5
2025-09-19 09:40	67.015	67.015	66.892	66.905	5
2025-09-19 09:45	66.910	67.005	66.902	66.995	5
2025-09-19 09:50	67.000	67.040	66.982	67.005	5
2025-09-19 09:55	67.000	67.030	66.980	66.982	4
2025-09-19 10:00	66.975	66.980	66.920	66.965	5
2025-09-19 10:05	66.975	66.995	66.912	66.932	5
2025-09-19 10:10	66.940	66.945	66.892	66.915	5
2025-09-19 10:15	66.925	66.935	66.842	66.855	5
2025-09-19 10:20	66.875	66.895	66.832	66.832	5
2025-09-19 10:25	66.845	66.895	66.842	66.882	5
2025-09-19 10:30	66.875	66.965	66.872	66.945	5
2025-09-19 10:35	66.940	66.975	66.892	66.972	5
2025-09-19 10:40	66.995	67.210	66.990	67.205	5
2025-09-19 10:45	67.185	67.280	67.180	67.242	5
2025-09-19 10:50	67.260	67.390	67.197	67.202	5
2025-09-19 10:55	67.200	67.212	67.122	67.212	5
2025-09-19 11:00	67.205	67.232	67.132	67.215	5
2025-09-19 11:05	67.220	67.260	67.212	67.255	5
2025-09-19 11:10	67.265	67.315	67.252	67.295	5
2025-09-19 11:15	67.285	67.355	67.282	67.340	5
2025-09-19 11:20	67.335	67.375	67.335	67.355	5
2025-09-19 11:25	67.345	67.355	67.287	67.325	5
2025-09-19 11:30	67.335	67.415	67.332	67.407	5
2025-09-19 11:35	67.405	67.410	67.307	67.322	5
2025-09-19 11:40	67.335	67.335	67.285	67.302	5
2025-09-19 11:45	67.325	67.475	67.287	67.472	5
2025-09-19 11:50	67.470	67.475	67.270	67.275	5
2025-09-19 11:55	67.280	67.285	67.182	67.205	5
2025-09-19 12:00	67.195	67.205	67.095	67.142	5
2025-09-19 12:05	67.140	67.210	67.112	67.192	5
2025-09-19 12:10	67.185	67.195	67.065	67.075	5
2025-09-19 12:15	67.085	67.185	67.082	67.135	5
2025-09-19 12:20	67.110	67.125	67.075	67.112	5
2025-09-19 12:25	67.110	67.135	67.070	67.080	5
2025-09-19 12:30	67.085	67.195	67.072	67.185	5
2025-09-19 12:35	67.180	67.235	67.152	67.182	5
2025-09-19 12:40	67.180	67.205	67.142	67.182	5
2025-09-19 12:45	67.175	67.185	67.102	67.160	5
2025-09-19 12:50	67.145	67.205	67.135	67.175	4
2025-09-19 12:55	67.165	67.290	67.165	67.262	5
2025-09-19 13:00	67.275	67.285	66.970	66.970	5
2025-09-19 13:05	66.965	67.035	66.882	67.002	5
2025-09-19 13:10	66.995	67.005	66.872	66.902	5
2025-09-19 13:15	66.910	66.995	66.892	66.970	5
2025-09-19 13:20	66.965	67.040	66.952	66.992	5
2025-09-19 13:25	67.000	67.025	66.962	66.982	5
2025-09-19 13:30	66.990	67.142	66.945	67.075	5
2025-09-19 13:35	67.080	67.122	67.032	67.032	5
2025-09-19 13:40	67.030	67.085	66.907	66.950	5
2025-09-19 13:45	66.945	67.015	66.912	66.992	5
2025-09-19 13:50	66.985	67.065	66.972	66.990	5
2025-09-19 13:55	66.985	67.050	66.985	67.015	5
2025-09-19 14:00	67.005	67.010	66.832	66.892	5
2025-09-19 14:05	66.905	67.035	66.892	66.982	5
2025-09-19 14:10	66.990	67.085	66.948	67.065	5
2025-09-19 14:15	67.052	67.205	67.040	67.162	5
2025-09-19 14:20	67.170	67.185	67.122	67.132	5
2025-09-19 14:25	67.130	67.245	67.122	67.232	5
2025-09-19 14:30	67.245	67.385	67.232	67.232	5
2025-09-19 14:35	67.225	67.235	66.942	66.942	5
2025-09-19 14:40	66.955	67.025	66.892	66.907	5
2025-09-19 14:45	66.915	67.025	66.915	66.992	5
2025-09-19 14:50	66.990	67.025	66.970	66.980	5
2025-09-19 14:55	66.975	67.025	66.932	66.952	5
2025-09-19 15:00	66.965	66.980	66.897	66.905	5
2025-09-19 15:05	66.897	66.945	66.895	66.897	5
2025-09-19 15:10	66.897	66.897	66.822	66.850	5
2025-09-19 15:15	66.845	66.932	66.812	66.902	5
2025-09-19 15:20	66.895	66.895	66.692	66.712	5
2025-09-19 15:25	66.710	66.740	66.652	66.692	5
2025-09-19 15:30	66.690	66.690	66.417	66.530	5
2025-09-19 15:35	66.535	66.740	66.527	66.682	5
2025-09-19 15:40	66.695	66.695	66.572	66.610	5
2025-09-19 15:45	66.615	66.715	66.598	66.675	5
2025-09-19 15:50	66.665	66.765	66.662	66.720	5
2025-09-19 15:55	66.715	66.755	66.652	66.682	5
2025-09-19 16:00	66.675	66.715	66.622	66.715	5
2025-09-19 16:05	66.688	66.765	66.662	66.695	5
2025-09-19 16:10	66.700	66.700	66.630	66.660	5
2025-09-19 16:15	66.665	66.745	66.642	66.700	5
2025-09-19 16:20	66.695	66.700	66.602	66.632	5
2025-09-19 16:25	66.630	66.710	66.622	66.682	5
2025-09-19 16:30	66.705	66.715	66.652	66.655	5
2025-09-19 16:35	66.630	66.660	66.582	66.655	5
2025-09-19 16:40	66.645	66.650	66.622	66.632	5
2025-09-19 16:45	66.640	66.695	66.612	66.615	5
2025-09-19 16:50	66.625	66.660	66.607	66.607	5
2025-09-19 16:55	66.625	66.655	66.612	66.632	5
2025-09-19 17:00	66.645	66.685	66.582	66.682	5
2025-09-19 17:05	66.690	66.745	66.657	66.712	5
2025-09-19 17:10	66.710	66.725	66.655	66.675	5
2025-09-19 17:15	66.680	66.680	66.612	66.612	5
2025-09-19 17:20	66.595	66.615	66.582	66.612	5
2025-09-19 17:25	66.625	66.690	66.602	66.655	5
2025-09-19 17:30	66.665	66.695	66.640	66.662	5
2025-09-19 17:35	66.675	66.740	66.667	66.710	5
2025-09-19 17:40	66.712	66.725	66.682	66.707	5
2025-09-19 17:45	66.702	66.745	66.662	66.670	5
2025-09-19 17:50	66.675	66.725	66.675	66.712	5
2025-09-19 17:55	66.705	66.755	66.702	66.732	5
2025-09-19 18:00	66.725	66.775	66.695	66.715	5
2025-09-19 18:05	66.710	66.735	66.682	66.702	5
2025-09-19 18:10	66.695	66.705	66.662	66.675	5
2025-09-19 18:15	66.690	66.700	66.632	66.642	5
2025-09-19 18:20	66.650	66.665	66.640	66.655	5
2025-09-19 18:25	66.645	66.677	66.612	66.662	5
2025-09-19 18:30	66.655	66.665	66.595	66.645	5
2025-09-19 18:35	66.650	66.665	66.632	66.642	5
2025-09-19 18:40	66.650	66.675	66.632	66.675	5
2025-09-19 18:45	66.670	66.675	66.632	66.632	4
2025-09-19 18:50	66.640	66.655	66.632	66.645	5
2025-09-19 18:55	66.655	66.685	66.650	66.675	4
2025-09-19 19:00	66.685	66.685	66.652	66.655	4
2025-09-19 19:05	66.660	66.675	66.652	66.652	4
2025-09-19 19:10	66.660	66.690	66.660	66.687	5
2025-09-19 19:15	66.685	66.695	66.652	66.670	5
2025-09-19 19:20	66.665	66.672	66.652	66.655	5
2025-09-19 19:25	66.660	66.680	66.652	66.670	5
2025-09-19 19:30	66.665	66.670	66.632	66.645	4
2025-09-19 19:35	66.640	66.640	66.622	66.622	3
2025-09-19 19:40	66.630	66.645	66.630	66.642	3
2025-09-19 19:45	66.655	66.655	66.597	66.612	4
2025-09-19 19:50	66.620	66.635	66.602	66.620	5
2025-09-19 19:55	66.625	66.625	66.592	66.615	5
2025-09-19 20:00	66.592	66.597	66.582	66.597	5
2025-09-19 20:05	66.597	66.602	66.592	66.602	3
2025-09-19 20:10	66.602	66.607	66.592	66.607	5
2025-09-19 20:15	66.597	66.602	66.592	66.602	4
2025-09-19 20:20	66.602	66.617	66.592	66.592	4
2025-09-19 20:25	66.602	66.622	66.602	66.612	5
2025-09-19 20:30	66.607	66.612	66.602	66.602	4
2025-09-19 20:35	66.602	66.602	66.592	66.597	4
2025-09-19 20:40	66.592	66.592	66.587	66.592	5
2025-09-19 20:45	66.587	66.592	66.582	66.582	3
2025-09-19 20:50	66.572	66.592	66.572	66.582	4
2025-09-19 20:55	66.587	66.607	66.587	66.592	5
2025-09-22 00:00	66.805	66.855	66.797	66.842	5
2025-09-22 00:05	66.835	66.840	66.790	66.822	5
2025-09-22 00:10	66.820	66.840	66.817	66.817	5
2025-09-22 00:15	66.825	66.845	66.817	66.842	5
2025-09-22 00:20	66.837	66.855	66.837	66.838	5
2025-09-22 00:25	66.830	66.835	66.827	66.830	3
2025-09-22 00:30	66.822	66.830	66.813	66.825	5
2025-09-22 00:35	66.830	66.835	66.817	66.825	5
2025-09-22 00:40	66.818	66.867	66.818	66.865	5
2025-09-22 00:45	66.860	66.872	66.847	66.860	5
2025-09-22 00:50	66.862	66.897	66.860	66.890	5
2025-09-22 00:55	66.885	66.890	66.872	66.878	5
2025-09-22 01:00	66.885	66.885	66.842	66.870	5
2025-09-22 01:05	66.862	66.890	66.852	66.890	5
2025-09-22 01:10	66.895	66.942	66.882	66.942	5
2025-09-22 01:15	66.940	66.960	66.922	66.955	5
2025-09-22 01:20	66.950	67.000	66.950	66.997	5
2025-09-22 01:25	67.010	67.040	66.992	67.012	5
2025-09-22 01:30	67.012	67.045	66.970	67.010	5
2025-09-22 01:35	67.015	67.057	67.000	67.045	5
2025-09-22 01:40	67.040	67.055	67.012	67.022	5
2025-09-22 01:45	67.017	67.032	66.997	67.017	5
2025-09-22 01:50	67.025	67.030	66.992	66.995	5
2025-09-22 01:55	66.990	67.005	66.982	66.990	4
2025-09-22 02:00	66.995	67.045	66.995	67.040	5
2025-09-22 02:05	67.035	67.052	67.035	67.040	4
2025-09-22 02:10	67.035	67.085	67.035	67.075	5
2025-09-22 02:15	67.068	67.075	67.042	67.055	5
2025-09-22 02:20	67.060	67.065	67.042	67.052	5
2025-09-22 02:25	67.065	67.075	67.047	67.075	5
2025-09-22 02:30	67.070	67.075	67.057	67.070	3
2025-09-22 02:35	67.065	67.065	67.018	67.022	5
2025-09-22 02:40	67.015	67.025	66.997	67.010	5
2025-09-22 02:45	67.005	67.020	66.992	67.010	5
2025-09-22 02:50	67.005	67.040	66.992	67.030	4
2025-09-22 02:55	67.035	67.045	66.992	66.992	5
2025-09-22 03:00	66.990	67.020	66.982	67.015	5
2025-09-22 03:05	67.020	67.060	67.012	67.032	5
2025-09-22 03:10	67.045	67.075	67.032	67.052	3
2025-09-22 03:15	67.048	67.055	67.032	67.032	5
2025-09-22 03:20	67.030	67.055	67.030	67.050	5
2025-09-22 03:25	67.052	67.075	67.052	67.062	5
2025-09-22 03:30	67.067	67.070	67.058	67.070	3
2025-09-22 03:35	67.063	67.115	67.062	67.102	5
2025-09-22 03:40	67.100	67.105	67.092	67.102	4
2025-09-22 03:45	67.115	67.115	67.100	67.112	5
2025-09-22 03:50	67.095	67.100	67.092	67.093	3
2025-09-22 03:55	67.100	67.100	67.080	67.080	5
2025-09-22 04:00	67.085	67.092	67.072	67.082	5
2025-09-22 04:05	67.095	67.095	67.060	67.060	4
2025-09-22 04:10	67.065	67.080	67.057	67.070	5
2025-09-22 04:15	67.065	67.080	67.065	67.073	3
2025-09-22 04:20	67.080	67.080	67.057	67.070	4
2025-09-22 04:25	67.075	67.080	67.067	67.075	3
2025-09-22 04:30	67.070	67.085	67.045	67.082	5
2025-09-22 04:35	67.078	67.085	67.078	67.085	2
2025-09-22 04:40	67.070	67.075	67.070	67.072	1
2025-09-22 04:45	67.080	67.090	67.078	67.085	5
2025-09-22 04:50	67.078	67.095	67.078	67.092	4
2025-09-22 04:55	67.100	67.105	67.088	67.088	4
2025-09-22 05:00	67.100	67.115	67.082	67.100	5
2025-09-22 05:05	67.115	67.145	67.112	67.140	3
2025-09-22 05:10	67.135	67.155	67.122	67.152	5
2025-09-22 05:15	67.160	67.165	67.145	67.145	5
2025-09-22 05:20	67.140	67.145	67.127	67.127	5
2025-09-22 05:25	67.120	67.147	67.120	67.145	5
2025-09-22 05:30	67.150	67.205	67.142	67.152	5
2025-09-22 05:35	67.165	67.165	67.092	67.097	5
2025-09-22 05:40	67.095	67.150	67.072	67.072	5
2025-09-22 05:45	67.080	67.105	67.072	67.097	5
2025-09-22 05:50	67.095	67.105	67.055	67.060	5
2025-09-22 05:55	67.055	67.080	67.055	67.080	5
2025-09-22 06:00	67.085	67.095	67.035	67.045	5
2025-09-22 06:05	67.040	67.055	67.025	67.042	5
2025-09-22 06:10	67.050	67.075	67.035	67.065	5
2025-09-22 06:15	67.057	67.067	67.025	67.030	5
2025-09-22 06:20	67.032	67.105	67.022	67.102	5
2025-09-22 06:25	67.115	67.125	67.070	67.075	5
2025-09-22 06:30	67.085	67.115	67.085	67.112	5
2025-09-22 06:35	67.125	67.275	67.117	67.270	5
2025-09-22 06:40	67.265	67.285	67.195	67.202	5
2025-09-22 06:45	67.195	67.235	67.192	67.232	5
2025-09-22 06:50	67.220	67.225	67.147	67.152	5
2025-09-22 06:55	67.160	67.175	67.115	67.130	5
2025-09-22 07:00	67.135	67.175	67.082	67.125	5
2025-09-22 07:05	67.130	67.145	67.060	67.085	5
2025-09-22 07:10	67.077	67.090	67.012	67.037	5
2025-09-22 07:15	67.035	67.040	66.980	66.997	5
2025-09-22 07:20	67.005	67.005	66.922	66.985	5
2025-09-22 07:25	66.987	67.085	66.982	67.072	5
2025-09-22 07:30	67.085	67.100	67.045	67.075	5
2025-09-22 07:35	67.095	67.200	67.092	67.152	5
2025-09-22 07:40	67.150	67.205	67.142	67.192	5
2025-09-22 07:45	67.190	67.195	67.135	67.155	5
2025-09-22 07:50	67.150	67.155	66.992	67.005	5
2025-09-22 07:55	66.995	67.045	66.962	67.002	5
2025-09-22 08:00	67.015	67.025	66.912	66.992	5
2025-09-22 08:05	66.990	67.035	66.972	66.990	5
2025-09-22 08:10	66.995	67.010	66.962	66.992	5
2025-09-22 08:15	66.990	67.005	66.902	66.950	5
2025-09-22 08:20	66.955	67.000	66.952	66.982	5
2025-09-22 08:25	66.975	67.025	66.920	67.025	5
2025-09-22 08:30	67.015	67.030	66.852	66.912	5
2025-09-22 08:35	66.905	66.950	66.802	66.805	5
2025-09-22 08:40	66.815	66.815	66.725	66.752	5
2025-09-22 08:45	66.750	66.767	66.715	66.742	5
2025-09-22 08:50	66.750	66.785	66.742	66.785	5
2025-09-22 08:55	66.780	66.815	66.710	66.730	5
2025-09-22 09:00	66.745	66.785	66.742	66.755	5
2025-09-22 09:05	66.750	66.770	66.730	66.742	5
2025-09-22 09:10	66.735	66.735	66.672	66.680	5
2025-09-22 09:15	66.675	66.725	66.675	66.695	5
2025-09-22 09:20	66.705	66.715	66.652	66.662	5
2025-09-22 09:25	66.655	66.705	66.652	66.662	5
2025-09-22 09:30	66.660	66.660	66.562	66.605	5
2025-09-22 09:35	66.615	66.640	66.562	66.600	5
2025-09-22 09:40	66.595	66.615	66.552	66.567	5
2025-09-22 09:45	66.575	66.595	66.560	66.572	4
2025-09-22 09:50	66.567	66.585	66.512	66.512	5
2025-09-22 09:55	66.525	66.575	66.512	66.542	5
2025-09-22 10:00	66.540	66.545	66.410	66.425	5
2025-09-22 10:05	66.430	66.455	66.392	66.452	5
2025-09-22 10:10	66.445	66.495	66.440	66.475	5
2025-09-22 10:15	66.470	66.475	66.405	66.410	5
2025-09-22 10:20	66.402	66.405	66.362	66.372	5
2025-09-22 10:25	66.370	66.385	66.312	66.322	5
2025-09-22 10:30	66.315	66.385	66.312	66.362	5
2025-09-22 10:35	66.355	66.375	66.332	66.352	4
2025-09-22 10:40	66.345	66.345	66.262	66.262	5
2025-09-22 10:45	66.275	66.285	66.222	66.242	5
2025-09-22 10:50	66.235	66.255	66.162	66.172	5
2025-09-22 10:55	66.185	66.262	66.182	66.192	5
2025-09-22 11:00	66.205	66.205	66.152	66.155	5
2025-09-22 11:05	66.145	66.155	66.112	66.112	5
2025-09-22 11:10	66.105	66.205	66.105	66.205	5
2025-09-22 11:15	66.195	66.215	66.162	66.192	5
2025-09-22 11:20	66.205	66.205	66.180	66.185	5
2025-09-22 11:25	66.180	66.285	66.172	66.252	5
2025-09-22 11:30	66.250	66.275	66.225	66.252	5
2025-09-22 11:35	66.260	66.295	66.205	66.205	5
2025-09-22 11:40	66.215	66.215	66.142	66.165	5
2025-09-22 11:45	66.175	66.182	66.152	66.172	5
2025-09-22 11:50	66.180	66.205	66.135	66.135	5
2025-09-22 11:55	66.125	66.125	66.082	66.095	5
2025-09-22 12:00	66.085	66.165	66.065	66.140	5
2025-09-22 12:05	66.135	66.165	66.132	66.145	5
2025-09-22 12:10	66.140	66.250	66.132	66.172	5
2025-09-22 12:15	66.185	66.235	66.182	66.212	5
2025-09-22 12:20	66.205	66.205	66.090	66.092	5
2025-09-22 12:25	66.100	66.105	66.052	66.052	5
2025-09-22 12:30	66.065	66.125	66.062	66.112	5
2025-09-22 12:35	66.110	66.115	66.082	66.102	4
2025-09-22 12:40	66.100	66.135	66.082	66.132	5
2025-09-22 12:45	66.145	66.185	66.122	66.135	5
2025-09-22 12:50	66.125	66.145	66.012	66.012	5
2025-09-22 12:55	66.025	66.085	66.002	66.052	5
2025-09-22 13:00	66.035	66.105	65.937	65.972	5
2025-09-22 13:05	65.970	65.995	65.922	65.982	5
2025-09-22 13:10	65.975	66.035	65.962	66.007	5
2025-09-22 13:15	66.005	66.065	65.977	65.985	5
2025-09-22 13:20	65.980	66.025	65.952	66.002	5
2025-09-22 13:25	66.000	66.055	65.972	66.032	5
2025-09-22 13:30	66.025	66.165	65.980	66.132	5
2025-09-22 13:35	66.145	66.225	66.132	66.207	5
2025-09-22 13:40	66.205	66.255	66.172	66.202	5
2025-09-22 13:45	66.195	66.265	66.140	66.182	5
2025-09-22 13:50	66.175	66.235	66.157	66.185	5
2025-09-22 13:55	66.195	66.215	66.182	66.205	5
2025-09-22 14:00	66.195	66.225	66.142	66.220	5
2025-09-22 14:05	66.222	66.265	66.205	66.242	5
2025-09-22 14:10	66.235	66.260	66.115	66.122	5
2025-09-22 14:15	66.135	66.195	66.135	66.170	5
2025-09-22 14:20	66.180	66.245	66.165	66.235	5
2025-09-22 14:25	66.230	66.235	66.170	66.180	5
2025-09-22 14:30	66.175	66.335	66.172	66.322	5
2025-09-22 14:35	66.330	66.382	66.297	66.310	5
2025-09-22 14:40	66.315	66.355	66.307	66.342	5
2025-09-22 14:45	66.355	66.380	66.325	66.362	5
2025-09-22 14:50	66.355	66.385	66.325	66.382	5
2025-09-22 14:55	66.415	66.465	66.392	66.442	5
2025-09-22 15:00	66.455	66.475	66.392	66.432	5
2025-09-22 15:05	66.425	66.435	66.362	66.392	5
2025-09-22 15:10	66.390	66.395	66.302	66.372	5
2025-09-22 15:15	66.370	66.410	66.332	66.405	5
2025-09-22 15:20	66.395	66.455	66.362	66.440	5
2025-09-22 15:25	66.435	66.535	66.427	66.482	5
2025-09-22 15:30	66.490	66.515	66.432	66.465	5
2025-09-22 15:35	66.452	66.475	66.402	66.442	5
2025-09-22 15:40	66.437	66.515	66.435	66.492	5
2025-09-22 15:45	66.505	66.505	66.445	66.502	5
2025-09-22 15:50	66.515	66.525	66.472	66.472	5
2025-09-22 15:55	66.480	66.520	66.450	66.452	4
2025-09-22 16:00	66.450	66.505	66.432	66.497	5
2025-09-22 16:05	66.505	66.505	66.412	66.422	5
2025-09-22 16:10	66.415	66.425	66.392	66.400	5
2025-09-22 16:15	66.395	66.445	66.395	66.430	5
2025-09-22 16:20	66.435	66.435	66.372	66.390	5
2025-09-22 16:25	66.395	66.415	66.372	66.402	5
2025-09-22 16:30	66.400	66.445	66.375	66.445	5
2025-09-22 16:35	66.440	66.465	66.422	66.422	5
2025-09-22 16:40	66.415	66.415	66.342	66.362	5
2025-09-22 16:45	66.360	66.410	66.355	66.400	5
2025-09-22 16:50	66.405	66.460	66.392	66.435	5
2025-09-22 16:55	66.430	66.435	66.392	66.412	5
2025-09-22 17:00	66.420	66.475	66.412	66.455	5
2025-09-22 17:05	66.465	66.625	66.455	66.610	5
2025-09-22 17:10	66.620	66.620	66.482	66.507	5
2025-09-22 17:15	66.515	66.545	66.495	66.515	5
2025-09-22 17:20	66.520	66.575	66.505	66.575	5
2025-09-22 17:25	66.585	66.620	66.557	66.590	5
2025-09-22 17:30	66.595	66.602	66.552	66.575	5
2025-09-22 17:35	66.585	66.645	66.575	66.612	5
2025-09-22 17:40	66.625	66.655	66.620	66.625	5
2025-09-22 17:45	66.620	66.625	66.560	66.572	5
2025-09-22 17:50	66.585	66.615	66.552	66.565	5
2025-09-22 17:55	66.575	66.585	66.520	66.555	5
2025-09-22 18:00	66.545	66.575	66.515	66.565	5
2025-09-22 18:05	66.555	66.555	66.392	66.425	5
2025-09-22 18:10	66.430	66.465	66.357	66.455	5
2025-09-22 18:15	66.465	66.565	66.440	66.565	5
2025-09-22 18:20	66.590	66.622	66.552	66.615	5
2025-09-22 18:25	66.610	66.620	66.530	66.532	5
2025-09-22 18:30	66.525	66.595	66.502	66.520	5
2025-09-22 18:35	66.530	66.555	66.522	66.542	4
2025-09-22 18:40	66.565	66.585	66.532	66.585	5
2025-09-22 18:45	66.577	66.595	66.532	66.565	5
2025-09-22 18:50	66.560	66.575	66.555	66.572	4
2025-09-22 18:55	66.570	66.575	66.542	66.552	5
2025-09-22 19:00	66.560	66.570	66.542	66.552	5
2025-09-22 19:05	66.535	66.565	66.535	66.560	4
2025-09-22 19:10	66.565	66.575	66.552	66.572	5
2025-09-22 19:15	66.565	66.565	66.550	66.555	3
2025-09-22 19:20	66.565	66.565	66.550	66.555	4
2025-09-22 19:25	66.560	66.560	66.532	66.545	5
2025-09-22 19:30	66.555	66.560	66.542	66.547	5
2025-09-22 19:35	66.552	66.555	66.542	66.547	3
2025-09-22 19:40	66.552	66.552	66.532	66.550	5
2025-09-22 19:45	66.542	66.555	66.538	66.552	3
2025-09-22 19:50	66.545	66.560	66.542	66.552	4
2025-09-22 19:55	66.547	66.565	66.532	66.535	4
2025-09-22 20:00	66.512	66.522	66.512	66.522	2
2025-09-22 20:05	66.522	66.547	66.522	66.547	2
2025-09-22 20:10	66.562	66.597	66.557	66.567	5
2025-09-22 20:15	66.567	66.572	66.562	66.572	3
2025-09-22 20:20	66.567	66.592	66.567	66.592	3
2025-09-22 20:25	66.587	66.592	66.577	66.587	5
2025-09-22 20:30	66.592	66.592	66.587	66.587	1
2025-09-22 20:35	66.592	66.592	66.572	66.572	2
2025-09-22 20:40	66.572	66.577	66.552	66.562	5
2025-09-22 20:45	66.562	66.567	66.552	66.562	5
2025-09-22 20:50	66.572	66.572	66.542	66.547	5
2025-09-22 20:55	66.552	66.562	66.547	66.557	4
2025-09-23 00:00	66.590	66.645	66.582	66.632	5
2025-09-23 00:05	66.630	66.635	66.577	66.592	5
2025-09-23 00:10	66.590	66.595	66.577	66.580	5
2025-09-23 00:15	66.565	66.565	66.537	66.552	5
2025-09-23 00:20	66.545	66.555	66.540	66.552	5
2025-09-23 00:25	66.548	66.555	66.548	66.555	2
2025-09-23 00:30	66.548	66.555	66.548	66.548	3
2025-09-23 00:35	66.545	66.555	66.532	66.532	4
2025-09-23 00:40	66.540	66.545	66.535	66.537	4
2025-09-23 00:45	66.533	66.533	66.502	66.503	5
2025-09-23 00:50	66.525	66.535	66.512	66.522	5
2025-09-23 00:55	66.518	66.522	66.508	66.512	4
2025-09-23 01:00	66.510	66.512	66.400	66.402	5
2025-09-23 01:05	66.415	66.425	66.347	66.375	5
2025-09-23 01:10	66.370	66.435	66.362	66.430	5
2025-09-23 01:15	66.425	66.505	66.425	66.482	5
2025-09-23 01:20	66.480	66.480	66.432	66.442	5
2025-09-23 01:25	66.440	66.455	66.412	66.417	5
2025-09-23 01:30	66.412	66.412	66.342	66.380	5
2025-09-23 01:35	66.375	66.400	66.322	66.350	5
2025-09-23 01:40	66.345	66.360	66.327	66.337	5
2025-09-23 01:45	66.335	66.355	66.325	66.350	5
2025-09-23 01:50	66.342	66.362	66.335	66.352	5
2025-09-23 01:55	66.347	66.350	66.267	66.275	5
2025-09-23 02:00	66.280	66.292	66.267	66.285	5
2025-09-23 02:05	66.277	66.295	66.252	66.272	5
2025-09-23 02:10	66.265	66.265	66.230	66.250	5
2025-09-23 02:15	66.255	66.265	66.240	66.240	5
2025-09-23 02:20	66.230	66.255	66.227	66.235	4
2025-09-23 02:25	66.228	66.250	66.212	66.232	4
2025-09-23 02:30	66.225	66.230	66.160	66.172	5
2025-09-23 02:35	66.180	66.225	66.167	66.225	5
2025-09-23 02:40	66.230	66.237	66.202	66.217	5
2025-09-23 02:45	66.225	66.270	66.212	66.240	5
2025-09-23 02:50	66.242	66.242	66.162	66.182	5
2025-09-23 02:55	66.190	66.215	66.185	66.190	5
2025-09-23 03:00	66.192	66.192	66.167	66.182	5
2025-09-23 03:05	66.187	66.187	66.145	66.145	5
2025-09-23 03:10	66.155	66.155	66.112	66.132	5
2025-09-23 03:15	66.145	66.175	66.140	66.170	5
2025-09-23 03:20	66.165	66.165	66.125	66.125	5
2025-09-23 03:25	66.135	66.135	66.115	66.122	5
2025-09-23 03:30	66.130	66.152	66.122	66.152	5
2025-09-23 03:35	66.148	66.155	66.122	66.135	3
2025-09-23 03:40	66.155	66.155	66.142	66.152	4
2025-09-23 03:45	66.147	66.155	66.145	66.155	4
2025-09-23 03:50	66.145	66.145	66.132	66.137	4
2025-09-23 03:55	66.135	66.145	66.118	66.132	5
2025-09-23 04:00	66.130	66.135	66.115	66.115	4
2025-09-23 04:05	66.120	66.125	66.120	66.122	2
2025-09-23 04:10	66.135	66.145	66.130	66.138	4
2025-09-23 04:15	66.155	66.175	66.142	66.175	5
2025-09-23 04:20	66.185	66.230	66.182	66.230	5
2025-09-23 04:25	66.222	66.235	66.207	66.227	5
2025-09-23 04:30	66.222	66.225	66.202	66.212	5
2025-09-23 04:35	66.220	66.220	66.197	66.202	5
2025-09-23 04:40	66.207	66.210	66.188	66.202	5
2025-09-23 04:45	66.195	66.200	66.188	66.188	5
2025-09-23 04:50	66.187	66.195	66.182	66.190	4
2025-09-23 04:55	66.182	66.195	66.178	66.185	3
2025-09-23 05:00	66.178	66.190	66.172	66.182	3
2025-09-23 05:05	66.170	66.185	66.168	66.168	5
2025-09-23 05:10	66.165	66.185	66.162	66.185	4
2025-09-23 05:15	66.178	66.225	66.178	66.220	5
2025-09-23 05:20	66.225	66.270	66.220	66.270	5
2025-09-23 05:25	66.262	66.290	66.262	66.282	5
2025-09-23 05:30	66.280	66.295	66.245	66.252	5
2025-09-23 05:35	66.250	66.275	66.242	66.265	5
2025-09-23 05:40	66.255	66.255	66.170	66.175	5
2025-09-23 05:45	66.170	66.175	66.130	66.142	5
2025-09-23 05:50	66.137	66.147	66.080	66.142	5
2025-09-23 05:55	66.150	66.160	66.135	66.145	5
2025-09-23 06:00	66.135	66.160	66.122	66.160	5
2025-09-23 06:05	66.155	66.172	66.102	66.130	5
2025-09-23 06:10	66.135	66.145	66.127	66.128	4
2025-09-23 06:15	66.135	66.215	66.135	66.207	5
2025-09-23 06:20	66.202	66.235	66.195	66.210	5
2025-09-23 06:25	66.215	66.325	66.215	66.305	5
2025-09-23 06:30	66.315	66.360	66.282	66.352	5
2025-09-23 06:35	66.345	66.345	66.175	66.205	5
2025-09-23 06:40	66.200	66.212	66.132	66.160	5
2025-09-23 06:45	66.150	66.160	66.092	66.122	5
2025-09-23 06:50	66.117	66.165	66.092	66.162	5
2025-09-23 06:55	66.160	66.225	66.140	66.205	5
2025-09-23 07:00	66.190	66.190	66.100	66.115	5
2025-09-23 07:05	66.105	66.170	66.095	66.170	5
2025-09-23 07:10	66.165	66.262	66.157	66.255	5
2025-09-23 07:15	66.250	66.305	66.212	66.300	5
2025-09-23 07:20	66.295	66.385	66.272	66.335	5
2025-09-23 07:25	66.350	66.350	66.282	66.292	5
2025-09-23 07:30	66.305	66.315	66.247	66.252	5
2025-09-23 07:35	66.260	66.275	66.242	66.245	5
2025-09-23 07:40	66.240	66.265	66.232	66.245	5
2025-09-23 07:45	66.235	66.365	66.232	66.342	5
2025-09-23 07:50	66.335	66.425	66.312	66.402	5
2025-09-23 07:55	66.400	66.462	66.372	66.462	5
2025-09-23 08:00	66.455	66.475	66.402	66.462	5
2025-09-23 08:05	66.460	66.492	66.422	66.480	5
2025-09-23 08:10	66.475	66.525	66.462	66.510	5
2025-09-23 08:15	66.512	66.570	66.465	66.467	5
2025-09-23 08:20	66.472	66.485	66.402	66.422	5
2025-09-23 08:25	66.412	66.430	66.342	66.415	5
2025-09-23 08:30	66.420	66.472	66.352	66.395	5
2025-09-23 08:35	66.410	66.415	66.260	66.280	5
2025-09-23 08:40	66.275	66.325	66.155	66.322	5
2025-09-23 08:45	66.335	66.365	66.292	66.300	5
2025-09-23 08:50	66.305	66.355	66.275	66.345	5
2025-09-23 08:55	66.335	66.415	66.330	66.410	5
2025-09-23 09:00	66.405	66.515	66.352	66.505	5
2025-09-23 09:05	66.495	66.565	66.492	66.562	5
2025-09-23 09:10	66.570	66.715	66.542	66.655	5
2025-09-23 09:15	66.642	66.695	66.642	66.692	5
2025-09-23 09:20	66.705	66.715	66.662	66.712	5
2025-09-23 09:25	66.705	66.775	66.695	66.735	5
2025-09-23 09:30	66.740	66.795	66.732	66.775	5
2025-09-23 09:35	66.772	66.825	66.772	66.815	5
2025-09-23 09:40	66.825	66.865	66.778	66.852	5
2025-09-23 09:45	66.865	66.885	66.782	66.782	5
2025-09-23 09:50	66.795	66.825	66.792	66.815	5
2025-09-23 09:55	66.825	66.845	66.772	66.832	4
2025-09-23 10:00	66.840	66.855	66.812	66.825	5
2025-09-23 10:05	66.815	66.840	66.812	66.825	5
2025-09-23 10:10	66.835	66.855	66.832	66.837	5
2025-09-23 10:15	66.835	67.095	66.832	67.072	5
2025-09-23 10:20	67.082	67.090	67.032	67.080	5
2025-09-23 10:25	67.082	67.135	67.045	67.102	5
2025-09-23 10:30	67.100	67.105	66.995	67.007	5
2025-09-23 10:35	67.015	67.145	67.002	67.132	5
2025-09-23 10:40	67.145	67.250	67.122	67.245	5
2025-09-23 10:45	67.250	67.265	67.132	67.197	5
2025-09-23 10:50	67.195	67.215	67.142	67.152	5
2025-09-23 10:55	67.150	67.180	67.132	67.172	5
2025-09-23 11:00	67.170	67.225	67.162	67.195	5
2025-09-23 11:05	67.205	67.205	67.122	67.155	5
2025-09-23 11:10	67.145	67.175	67.072	67.092	5
2025-09-23 11:15	67.105	67.125	67.092	67.115	5
2025-09-23 11:20	67.125	67.175	67.112	67.142	5
2025-09-23 11:25	67.150	67.225	67.142	67.225	5
2025-09-23 11:30	67.245	67.255	67.170	67.195	5
2025-09-23 11:35	67.182	67.215	67.167	67.182	5
2025-09-23 11:40	67.190	67.215	67.082	67.082	5
2025-09-23 11:45	67.075	67.085	67.042	67.065	5
2025-09-23 11:50	67.075	67.165	67.075	67.152	5
2025-09-23 11:55	67.145	67.195	67.142	67.195	5
2025-09-23 12:00	67.205	67.255	67.205	67.230	5
2025-09-23 12:05	67.225	67.225	67.142	67.175	5
2025-09-23 12:10	67.185	67.185	67.152	67.172	5
2025-09-23 12:15	67.170	67.175	67.122	67.162	5
2025-09-23 12:20	67.175	67.235	67.140	67.232	5
2025-09-23 12:25	67.230	67.330	67.225	67.305	5
2025-09-23 12:30	67.315	67.335	67.272	67.332	5
2025-09-23 12:35	67.345	67.345	67.192	67.252	5
2025-09-23 12:40	67.265	67.325	67.252	67.252	5
2025-09-23 12:45	67.250	67.255	67.175	67.200	5
2025-09-23 12:50	67.205	67.245	67.172	67.225	4
2025-09-23 12:55	67.220	67.265	67.192	67.257	5
2025-09-23 13:00	67.265	67.265	67.130	67.200	5
2025-09-23 13:05	67.205	67.255	67.165	67.245	5
2025-09-23 13:10	67.250	67.295	67.222	67.252	5
2025-09-23 13:15	67.265	67.300	67.242	67.272	5
2025-09-23 13:20	67.280	67.282	67.222	67.262	5
2025-09-23 13:25	67.255	67.295	67.242	67.262	5
2025-09-23 13:30	67.270	67.345	67.218	67.285	5
2025-09-23 13:35	67.295	67.345	67.262	67.332	5
2025-09-23 13:40	67.330	67.355	67.272	67.282	5
2025-09-23 13:45	67.270	67.325	67.232	67.312	5
2025-09-23 13:50	67.320	67.522	67.312	67.492	5
2025-09-23 13:55	67.490	67.525	67.432	67.507	5
2025-09-23 14:00	67.520	67.635	67.512	67.560	5
2025-09-23 14:05	67.562	67.595	67.525	67.535	5
2025-09-23 14:10	67.540	67.595	67.532	67.562	5
2025-09-23 14:15	67.575	67.595	67.492	67.582	5
2025-09-23 14:20	67.595	67.645	67.570	67.632	5
2025-09-23 14:25	67.645	67.785	67.615	67.680	5
2025-09-23 14:30	67.675	67.840	67.550	67.722	5
2025-09-23 14:35	67.730	67.790	67.682	67.750	5
2025-09-23 14:40	67.755	67.770	67.655	67.752	5
2025-09-23 14:45	67.745	67.775	67.695	67.732	5
2025-09-23 14:50	67.740	67.750	67.675	67.710	5
2025-09-23 14:55	67.715	67.745	67.680	67.725	5
2025-09-23 15:00	67.722	67.790	67.702	67.782	5
2025-09-23 15:05	67.805	67.895	67.772	67.802	5
2025-09-23 15:10	67.815	67.875	67.772	67.842	5
2025-09-23 15:15	67.855	67.905	67.845	67.900	4
2025-09-23 15:20	67.902	68.035	67.902	67.982	5
2025-09-23 15:25	67.990	68.035	67.922	67.995	5
2025-09-23 15:30	68.005	68.055	67.932	67.932	5
2025-09-23 15:35	67.925	67.925	67.792	67.880	5
2025-09-23 15:40	67.885	67.905	67.802	67.855	5
2025-09-23 15:45	67.865	67.865	67.825	67.862	5
2025-09-23 15:50	67.855	67.885	67.812	67.822	5
2025-09-23 15:55	67.832	67.840	67.775	67.800	5
2025-09-23 16:00	67.805	67.865	67.792	67.845	5
2025-09-23 16:05	67.842	67.842	67.732	67.735	4
2025-09-23 16:10	67.745	67.760	67.712	67.722	5
2025-09-23 16:15	67.715	67.725	67.632	67.662	5
2025-09-23 16:20	67.675	67.695	67.642	67.692	5
2025-09-23 16:25	67.682	67.705	67.652	67.657	5
2025-09-23 16:30	67.665	67.705	67.642	67.702	5
2025-09-23 16:35	67.715	67.725	67.625	67.627	5
2025-09-23 16:40	67.630	67.635	67.592	67.610	5
2025-09-23 16:45	67.605	67.635	67.605	67.615	5
2025-09-23 16:50	67.605	67.605	67.542	67.542	5
2025-09-23 16:55	67.540	67.555	67.495	67.532	5
2025-09-23 17:00	67.545	67.675	67.542	67.632	5
2025-09-23 17:05	67.610	67.645	67.572	67.635	5
2025-09-23 17:10	67.630	67.655	67.572	67.602	5
2025-09-23 17:15	67.620	67.620	67.582	67.595	5
2025-09-23 17:20	67.585	67.625	67.582	67.592	5
2025-09-23 17:25	67.575	67.580	67.482	67.532	5
2025-09-23 17:30	67.525	67.620	67.502	67.592	5
2025-09-23 17:35	67.597	67.605	67.535	67.540	5
2025-09-23 17:40	67.542	67.555	67.442	67.472	5
2025-09-23 17:45	67.470	67.495	67.442	67.462	5
2025-09-23 17:50	67.455	67.455	67.432	67.442	2
2025-09-23 17:55	67.440	67.505	67.400	67.475	5
2025-09-23 18:00	67.500	67.505	67.445	67.445	5
2025-09-23 18:05	67.455	67.515	67.452	67.455	5
2025-09-23 18:10	67.445	67.482	67.422	67.452	5
2025-09-23 18:15	67.460	67.555	67.452	67.505	5
2025-09-23 18:20	67.512	67.565	67.505	67.527	5
2025-09-23 18:25	67.525	67.625	67.522	67.622	5
2025-09-23 18:30	67.615	67.685	67.612	67.682	5
2025-09-23 18:35	67.675	67.730	67.665	67.687	4
2025-09-23 18:40	67.705	67.725	67.662	67.705	5
2025-09-23 18:45	67.715	67.725	67.687	67.702	5
2025-09-23 18:50	67.700	67.720	67.692	67.702	3
2025-09-23 18:55	67.698	67.755	67.698	67.745	4
2025-09-23 19:00	67.755	67.915	67.747	67.912	5
2025-09-23 19:05	67.910	67.935	67.890	67.922	5
2025-09-23 19:10	67.935	67.940	67.912	67.912	5
2025-09-23 19:15	67.920	67.925	67.892	67.925	4
2025-09-23 19:20	67.920	67.935	67.892	67.910	5
2025-09-23 19:25	67.915	67.998	67.865	67.882	5
2025-09-23 19:30	67.880	67.915	67.872	67.912	5
2025-09-23 19:35	67.910	67.925	67.895	67.902	5
2025-09-23 19:40	67.900	67.930	67.877	67.915	5
2025-09-23 19:45	67.920	67.940	67.912	67.920	5
2025-09-23 19:50	67.915	67.935	67.897	67.935	5
2025-09-23 19:55	67.930	67.930	67.892	67.900	5
2025-09-23 20:00	67.905	67.905	67.877	67.882	5
2025-09-23 20:05	67.877	67.902	67.877	67.887	5
2025-09-23 20:10	67.877	67.877	67.822	67.822	4
2025-09-23 20:15	67.812	67.822	67.802	67.812	4
2025-09-23 20:20	67.812	67.812	67.787	67.787	5
2025-09-23 20:25	67.787	67.807	67.782	67.802	3
2025-09-23 20:30	67.807	67.862	67.807	67.862	5
2025-09-23 20:35	67.847	67.847	67.797	67.822	5
2025-09-23 20:40	67.827	67.827	67.792	67.792	3
2025-09-23 20:45	67.802	67.837	67.797	67.837	5
2025-09-23 20:50	67.832	67.842	67.817	67.822	4
2025-09-23 20:55	67.827	67.832	67.812	67.817	5
2025-09-24 00:00	67.860	67.892	67.840	67.872	5
2025-09-24 00:05	67.890	67.900	67.817	67.822	5
2025-09-24 00:10	67.820	67.845	67.817	67.822	5
2025-09-24 00:15	67.830	67.850	67.825	67.835	5
2025-09-24 00:20	67.855	67.880	67.852	67.870	5
2025-09-24 00:25	67.863	67.880	67.863	67.873	5
2025-09-24 00:30	67.880	67.925	67.875	67.915	5
2025-09-24 00:35	67.925	67.930	67.902	67.925	5
2025-09-24 00:40	67.930	67.930	67.892	67.900	5
2025-09-24 00:45	67.905	67.915	67.875	67.897	5
2025-09-24 00:50	67.905	67.907	67.892	67.892	4
2025-09-24 00:55	67.885	67.915	67.878	67.907	5
2025-09-24 01:00	67.905	67.925	67.845	67.852	5
2025-09-24 01:05	67.857	67.907	67.842	67.880	5
2025-09-24 01:10	67.882	67.905	67.852	67.860	5
2025-09-24 01:15	67.852	67.860	67.782	67.787	5
2025-09-24 01:20	67.795	67.835	67.792	67.825	5
2025-09-24 01:25	67.830	67.855	67.825	67.842	4
2025-09-24 01:30	67.855	67.855	67.820	67.850	5
2025-09-24 01:35	67.855	67.865	67.840	67.845	5
2025-09-24 01:40	67.850	67.865	67.840	67.842	5
2025-09-24 01:45	67.840	67.852	67.822	67.822	5
2025-09-24 01:50	67.835	67.835	67.812	67.820	5
2025-09-24 01:55	67.812	67.822	67.802	67.810	5
2025-09-24 02:00	67.805	67.805	67.732	67.760	5
2025-09-24 02:05	67.755	67.760	67.705	67.720	5
2025-09-24 02:10	67.722	67.755	67.712	67.742	5
2025-09-24 02:15	67.750	67.780	67.748	67.762	5
2025-09-24 02:20	67.767	67.767	67.732	67.740	5
2025-09-24 02:25	67.742	67.745	67.732	67.735	4
2025-09-24 02:30	67.742	67.755	67.732	67.740	5
2025-09-24 02:35	67.745	67.750	67.712	67.712	5
2025-09-24 02:40	67.720	67.745	67.720	67.742	5
2025-09-24 02:45	67.738	67.755	67.727	67.727	3
2025-09-24 02:50	67.735	67.750	67.727	67.737	4
2025-09-24 02:55	67.747	67.752	67.745	67.745	3
2025-09-24 03:00	67.750	67.795	67.742	67.780	5
2025-09-24 03:05	67.782	67.782	67.765	67.772	5
2025-09-24 03:10	67.767	67.775	67.765	67.770	5
2025-09-24 03:15	67.765	67.775	67.765	67.775	4
2025-09-24 03:20	67.795	67.795	67.767	67.790	4
2025-09-24 03:25	67.792	67.805	67.778	67.790	5
2025-09-24 03:30	67.792	67.800	67.762	67.800	5
2025-09-24 03:35	67.792	67.805	67.790	67.790	3
2025-09-24 03:40	67.780	67.780	67.780	67.780	1
2025-09-24 03:45	67.772	67.780	67.758	67.767	3
2025-09-24 03:50	67.775	67.790	67.765	67.790	4
2025-09-24 03:55	67.783	67.805	67.783	67.798	3
2025-09-24 04:00	67.797	67.805	67.788	67.790	4
2025-09-24 04:05	67.782	67.790	67.767	67.775	4
2025-09-24 04:10	67.780	67.785	67.762	67.777	5
2025-09-24 04:15	67.785	67.785	67.772	67.777	4
2025-09-24 04:20	67.772	67.777	67.755	67.755	4
2025-09-24 04:25	67.760	67.760	67.717	67.730	5
2025-09-24 04:30	67.725	67.732	67.717	67.727	3
2025-09-24 04:35	67.735	67.735	67.723	67.730	3
2025-09-24 04:45	67.725	67.735	67.715	67.725	5
2025-09-24 04:50	67.718	67.730	67.712	67.725	3
2025-09-24 04:55	67.718	67.735	67.702	67.705	4
2025-09-24 05:00	67.700	67.702	67.637	67.640	4
2025-09-24 05:05	67.642	67.642	67.620	67.642	5
2025-09-24 05:10	67.650	67.682	67.650	67.675	4
2025-09-24 05:15	67.670	67.670	67.648	67.662	5
2025-09-24 05:20	67.660	67.675	67.657	67.675	3
2025-09-24 05:25	67.685	67.707	67.640	67.645	5
2025-09-24 05:30	67.650	67.695	67.640	67.685	5
2025-09-24 05:35	67.687	67.725	67.687	67.722	5
2025-09-24 05:40	67.718	67.795	67.718	67.792	5
2025-09-24 05:45	67.805	67.825	67.782	67.792	5
2025-09-24 05:50	67.785	67.790	67.720	67.730	5
2025-09-24 05:55	67.722	67.735	67.677	67.700	5
2025-09-24 06:00	67.695	67.755	67.677	67.690	5
2025-09-24 06:05	67.695	67.700	67.675	67.680	5
2025-09-24 06:10	67.675	67.705	67.665	67.672	5
2025-09-24 06:15	67.680	67.705	67.667	67.670	5
2025-09-24 06:20	67.675	67.675	67.602	67.640	5
2025-09-24 06:25	67.642	67.655	67.595	67.642	5
2025-09-24 06:30	67.640	67.665	67.622	67.665	5
2025-09-24 06:35	67.657	67.705	67.637	67.677	5
2025-09-24 06:40	67.675	67.675	67.627	67.642	5
2025-09-24 06:45	67.655	67.725	67.655	67.720	5
2025-09-24 06:50	67.725	67.747	67.680	67.707	5
2025-09-24 06:55	67.705	67.765	67.692	67.725	5
2025-09-24 07:00	67.710	67.725	67.632	67.702	5
2025-09-24 07:05	67.715	67.755	67.690	67.732	5
2025-09-24 07:10	67.740	67.770	67.702	67.725	5
2025-09-24 07:15	67.727	67.755	67.697	67.737	5
2025-09-24 07:20	67.745	67.765	67.722	67.722	5
2025-09-24 07:25	67.715	67.775	67.695	67.775	5
2025-09-24 07:30	67.772	67.895	67.772	67.852	5
2025-09-24 07:35	67.865	67.965	67.852	67.927	5
2025-09-24 07:40	67.925	68.055	67.922	68.055	5
2025-09-24 07:45	68.050	68.052	67.942	67.952	5
2025-09-24 07:50	67.955	68.005	67.922	67.992	5
2025-09-24 07:55	67.985	68.005	67.972	67.995	5
2025-09-24 08:00	68.005	68.035	67.932	67.932	5
2025-09-24 08:05	67.940	67.945	67.845	67.875	5
2025-09-24 08:10	67.870	67.875	67.772	67.802	5
2025-09-24 08:15	67.810	67.865	67.792	67.830	5
2025-09-24 08:20	67.835	67.855	67.737	67.742	5
2025-09-24 08:25	67.737	67.737	67.660	67.675	5
2025-09-24 08:30	67.685	67.695	67.640	67.672	5
2025-09-24 08:35	67.665	67.675	67.562	67.567	5
2025-09-24 08:40	67.567	67.567	67.492	67.512	5
2025-09-24 08:45	67.525	67.525	67.492	67.522	5
2025-09-24 08:50	67.555	67.655	67.542	67.615	5
2025-09-24 08:55	67.605	67.665	67.592	67.652	5
2025-09-24 09:00	67.650	67.765	67.605	67.765	5
2025-09-24 09:05	67.775	67.845	67.725	67.845	5
2025-09-24 09:10	67.840	67.885	67.780	67.795	5
2025-09-24 09:15	67.787	67.805	67.772	67.805	5
2025-09-24 09:20	67.800	67.870	67.792	67.845	5
2025-09-24 09:25	67.835	67.900	67.832	67.862	5
2025-09-24 09:30	67.870	67.890	67.792	67.812	5
2025-09-24 09:35	67.820	67.887	67.790	67.885	5
2025-09-24 09:40	67.895	67.965	67.882	67.952	5
2025-09-24 09:45	67.950	67.980	67.932	67.980	5
2025-09-24 09:50	67.990	68.025	67.972	68.025	5
2025-09-24 09:55	68.015	68.020	67.982	67.995	5
2025-09-24 10:00	67.992	68.055	67.992	68.015	5
2025-09-24 10:05	68.030	68.125	68.027	68.112	5
2025-09-24 10:10	68.105	68.235	68.092	68.232	5
2025-09-24 10:15	68.225	68.235	68.162	68.192	5
2025-09-24 10:20	68.205	68.215	68.132	68.175	5
2025-09-24 10:25	68.185	68.255	68.152	68.202	5
2025-09-24 10:30	68.210	68.320	68.185	68.312	5
2025-09-24 10:35	68.310	68.360	68.302	68.355	5
2025-09-24 10:40	68.350	68.392	68.275	68.312	5
2025-09-24 10:45	68.320	68.320	68.232	68.272	5
2025-09-24 10:50	68.277	68.305	68.262	68.282	5
2025-09-24 10:55	68.275	68.290	68.222	68.275	5
2025-09-24 11:00	68.265	68.335	68.252	68.297	5
2025-09-24 11:05	68.305	68.390	68.292	68.385	5
2025-09-24 11:10	68.395	68.405	68.322	68.322	5
2025-09-24 11:15	68.330	68.375	68.302	68.315	5
2025-09-24 11:20	68.317	68.375	68.312	68.345	5
2025-09-24 11:25	68.350	68.375	68.335	68.370	5
2025-09-24 11:30	68.365	68.365	68.242	68.265	5
2025-09-24 11:35	68.255	68.272	68.222	68.262	5
2025-09-24 11:40	68.270	68.345	68.262	68.335	5
2025-09-24 11:45	68.340	68.367	68.302	68.365	5
2025-09-24 11:50	68.357	68.385	68.342	68.347	5
2025-09-24 11:55	68.352	68.375	68.340	68.372	5
2025-09-24 12:00	68.395	68.415	68.362	68.405	5
2025-09-24 12:05	68.395	68.400	68.352	68.367	5
2025-09-24 12:10	68.375	68.395	68.362	68.375	5
2025-09-24 12:15	68.385	68.455	68.382	68.422	5
2025-09-24 12:20	68.435	68.535	68.427	68.522	5
2025-09-24 12:25	68.520	68.560	68.512	68.532	5
2025-09-24 12:30	68.540	68.665	68.537	68.630	5
2025-09-24 12:35	68.622	68.635	68.542	68.542	5
2025-09-24 12:40	68.535	68.545	68.465	68.527	5
2025-09-24 12:45	68.535	68.555	68.482	68.482	5
2025-09-24 12:50	68.495	68.500	68.430	68.460	5
2025-09-24 12:55	68.462	68.525	68.432	68.445	5
2025-09-24 13:00	68.435	68.485	68.382	68.465	5
2025-09-24 13:05	68.467	68.585	68.445	68.575	5
2025-09-24 13:10	68.577	68.625	68.560	68.560	5
2025-09-24 13:15	68.562	68.600	68.532	68.582	5
2025-09-24 13:20	68.590	68.595	68.542	68.552	5
2025-09-24 13:25	68.550	68.580	68.530	68.562	5
2025-09-24 13:30	68.555	68.625	68.502	68.512	5
2025-09-24 13:35	68.525	68.585	68.492	68.535	5
2025-09-24 13:40	68.540	68.595	68.482	68.507	5
2025-09-24 13:45	68.505	68.555	68.472	68.492	5
2025-09-24 13:50	68.505	68.595	68.492	68.585	5
2025-09-24 13:55	68.575	68.585	68.522	68.545	5
2025-09-24 14:00	68.555	68.592	68.540	68.582	5
2025-09-24 14:05	68.595	68.635	68.562	68.562	5
2025-09-24 14:10	68.575	68.575	68.515	68.562	5
2025-09-24 14:15	68.570	68.625	68.562	68.615	5
2025-09-24 14:20	68.612	68.645	68.595	68.612	5
2025-09-24 14:25	68.615	68.620	68.545	68.562	5
2025-09-24 14:30	68.577	68.600	68.275	68.455	5
2025-09-24 14:35	68.450	68.522	68.437	68.475	5
2025-09-24 14:40	68.472	68.472	68.362	68.435	5
2025-09-24 14:45	68.445	68.555	68.442	68.535	5
2025-09-24 14:50	68.530	68.575	68.522	68.560	5
2025-09-24 14:55	68.565	68.740	68.532	68.735	5
2025-09-24 15:00	68.728	68.922	68.728	68.802	5
2025-09-24 15:05	68.810	68.845	68.757	68.782	5
2025-09-24 15:10	68.775	68.880	68.772	68.810	5
2025-09-24 15:15	68.815	68.875	68.802	68.872	5
2025-09-24 15:20	68.885	68.895	68.742	68.765	5
2025-09-24 15:25	68.770	68.855	68.765	68.830	5
2025-09-24 15:30	68.835	68.950	68.783	68.885	5
2025-09-24 15:35	68.880	68.925	68.832	68.915	5
2025-09-24 15:40	68.920	69.010	68.892	69.002	5
2025-09-24 15:45	69.000	69.042	68.965	69.002	5
2025-09-24 15:50	69.000	69.025	68.945	68.972	5
2025-09-24 15:55	68.965	68.995	68.945	68.960	5
2025-09-24 16:00	68.950	69.005	68.892	68.995	5
2025-09-24 16:05	68.992	68.992	68.835	68.892	5
2025-09-24 16:10	68.905	68.975	68.895	68.965	5
2025-09-24 16:15	68.975	68.975	68.892	68.925	5
2025-09-24 16:20	68.930	68.975	68.892	68.972	5
2025-09-24 16:25	68.945	68.965	68.892	68.905	5
2025-09-24 16:30	68.915	68.990	68.912	68.940	5
2025-09-24 16:35	68.945	69.005	68.942	68.982	5
2025-09-24 16:40	68.990	69.032	68.960	69.030	5
2025-09-24 16:45	69.025	69.035	69.000	69.015	5
2025-09-24 16:50	69.020	69.025	68.990	69.005	4
2025-09-24 16:55	69.015	69.055	69.012	69.035	5
2025-09-24 17:00	69.037	69.075	69.030	69.062	5
2025-09-24 17:05	69.055	69.155	69.045	69.152	5
2025-09-24 17:10	69.145	69.205	69.142	69.205	5
2025-09-24 17:15	69.212	69.265	69.210	69.252	5
2025-09-24 17:20	69.250	69.275	69.242	69.242	5
2025-09-24 17:25	69.255	69.275	69.152	69.182	5
2025-09-24 17:30	69.175	69.230	69.152	69.202	5
2025-09-24 17:35	69.215	69.275	69.190	69.255	5
2025-09-24 17:40	69.260	69.265	69.222	69.232	5
2025-09-24 17:45	69.220	69.225	69.185	69.212	5
2025-09-24 17:50	69.220	69.250	69.212	69.215	5
2025-09-24 17:55	69.225	69.225	69.172	69.195	5
2025-09-24 18:00	69.190	69.225	69.102	69.102	5
2025-09-24 18:05	69.110	69.170	69.097	69.132	5
2025-09-24 18:10	69.137	69.180	69.132	69.152	5
2025-09-24 18:15	69.165	69.225	69.135	69.215	5
2025-09-24 18:20	69.207	69.270	69.185	69.265	5
2025-09-24 18:25	69.260	69.305	69.230	69.300	5
2025-09-24 18:30	69.305	69.345	69.292	69.300	5
2025-09-24 18:35	69.295	69.300	69.242	69.275	5
2025-09-24 18:40	69.280	69.285	69.212	69.212	5
2025-09-24 18:45	69.220	69.230	69.182	69.215	5
2025-09-24 18:50	69.210	69.215	69.162	69.175	5
2025-09-24 18:55	69.170	69.170	69.097	69.150	5
2025-09-24 19:00	69.165	69.170	69.122	69.135	5
2025-09-24 19:05	69.125	69.150	69.115	69.122	5
2025-09-24 19:10	69.115	69.135	69.100	69.120	4
2025-09-24 19:15	69.125	69.160	69.112	69.155	5
2025-09-24 19:20	69.145	69.145	69.112	69.122	3
2025-09-24 19:25	69.135	69.140	69.122	69.135	5
2025-09-24 19:30	69.130	69.135	69.122	69.122	5
2025-09-24 19:35	69.120	69.130	69.110	69.115	5
2025-09-24 19:40	69.120	69.135	69.102	69.122	5
2025-09-24 19:45	69.120	69.140	69.115	69.132	4
2025-09-24 19:50	69.145	69.145	69.118	69.132	4
2025-09-24 19:55	69.140	69.145	69.097	69.105	2
2025-09-24 20:00	69.082	69.112	69.082	69.107	5
2025-09-24 20:05	69.107	69.117	69.102	69.102	4
2025-09-24 20:10	69.092	69.102	69.082	69.102	4
2025-09-24 20:15	69.112	69.112	69.087	69.092	4
2025-09-24 20:20	69.097	69.102	69.092	69.092	5
2025-09-24 20:25	69.092	69.102	69.092	69.097	5
2025-09-24 20:30	69.102	69.112	69.097	69.097	5
2025-09-24 20:35	69.087	69.097	69.082	69.082	4
2025-09-24 20:40	69.087	69.087	69.077	69.082	5
2025-09-24 20:45	69.082	69.117	69.082	69.092	5
2025-09-24 20:50	69.087	69.097	69.082	69.092	5
2025-09-24 20:55	69.097	69.097	69.087	69.097	3
2025-09-25 00:00	69.017	69.055	68.997	69.000	5
2025-09-25 00:05	69.005	69.110	69.005	69.097	5
2025-09-25 00:10	69.087	69.147	69.087	69.137	5
2025-09-25 00:15	69.125	69.180	69.117	69.175	5
2025-09-25 00:20	69.165	69.180	69.133	69.180	5
2025-09-25 00:25	69.170	69.220	69.167	69.210	4
2025-09-25 00:30	69.205	69.247	69.200	69.237	5
2025-09-25 00:35	69.235	69.235	69.183	69.207	5
2025-09-25 00:40	69.220	69.255	69.212	69.247	4
2025-09-25 00:45	69.243	69.295	69.243	69.267	5
2025-09-25 00:50	69.265	69.300	69.265	69.267	4
2025-09-25 00:55	69.272	69.300	69.257	69.265	5
2025-09-25 01:00	69.267	69.282	69.147	69.160	5
2025-09-25 01:05	69.150	69.170	69.110	69.117	5
2025-09-25 01:10	69.115	69.120	69.067	69.102	5
2025-09-25 01:15	69.097	69.105	69.057	69.067	5
2025-09-25 01:20	69.075	69.110	69.055	69.100	5
2025-09-25 01:25	69.102	69.130	69.097	69.117	5
2025-09-25 01:30	69.110	69.110	69.052	69.062	5
2025-09-25 01:35	69.060	69.090	69.027	69.045	5
2025-09-25 01:40	69.050	69.090	69.040	69.070	5
2025-09-25 01:45	69.062	69.080	69.057	69.062	5
2025-09-25 01:50	69.070	69.085	69.017	69.027	5
2025-09-25 01:55	69.035	69.050	69.002	69.047	4
2025-09-25 02:00	69.040	69.060	69.017	69.030	5
2025-09-25 02:05	69.025	69.025	68.990	69.005	5
2025-09-25 02:10	69.010	69.045	69.007	69.027	5
2025-09-25 02:15	69.035	69.040	69.022	69.022	4
2025-09-25 02:20	69.017	69.030	69.010	69.030	2
2025-09-25 02:25	69.032	69.050	69.027	69.050	5
2025-09-25 02:30	69.060	69.070	69.045	69.050	5
2025-09-25 02:35	69.052	69.060	69.022	69.025	5
2025-09-25 02:40	69.030	69.090	69.030	69.077	5
2025-09-25 02:45	69.082	69.120	69.077	69.090	5
2025-09-25 02:50	69.080	69.160	69.077	69.147	4
2025-09-25 02:55	69.142	69.142	69.117	69.140	5
2025-09-25 03:00	69.133	69.140	69.082	69.087	4
2025-09-25 03:05	69.092	69.130	69.087	69.087	5
2025-09-25 03:10	69.095	69.105	69.077	69.097	5
2025-09-25 03:15	69.105	69.105	69.052	69.052	5
2025-09-25 03:20	69.060	69.065	69.030	69.065	5
2025-09-25 03:25	69.060	69.060	68.997	68.997	5
2025-09-25 03:30	69.002	69.005	68.982	68.998	5
2025-09-25 03:35	69.020	69.040	68.998	69.017	5
2025-09-25 03:40	69.025	69.035	69.007	69.027	5
2025-09-25 03:45	69.020	69.035	69.017	69.027	3
2025-09-25 03:50	69.023	69.035	69.010	69.015	4
2025-09-25 03:55	69.020	69.060	69.017	69.042	5
2025-09-25 04:00	69.038	69.050	69.038	69.050	3
2025-09-25 04:05	69.052	69.060	69.043	69.050	4
2025-09-25 04:10	69.042	69.047	69.017	69.017	5
2025-09-25 04:15	69.030	69.030	69.005	69.005	4
2025-09-25 04:20	68.995	69.030	68.992	69.027	3
2025-09-25 04:25	69.023	69.032	69.017	69.017	4
2025-09-25 04:30	69.025	69.025	69.020	69.020	1
2025-09-25 04:35	69.025	69.025	68.997	69.007	5
2025-09-25 04:40	69.012	69.015	69.010	69.010	3
2025-09-25 04:45	69.015	69.020	69.002	69.020	5
2025-09-25 04:50	69.012	69.020	68.995	69.005	5
2025-09-25 04:55	69.000	69.005	68.993	69.005	5
2025-09-25 05:00	69.000	69.000	68.992	69.000	3
2025-09-25 05:05	68.990	68.997	68.987	68.995	3
2025-09-25 05:10	68.997	69.010	68.985	68.985	4
2025-09-25 05:15	68.978	68.995	68.945	68.947	5
2025-09-25 05:20	68.940	68.945	68.912	68.925	4
2025-09-25 05:25	68.915	68.945	68.912	68.935	5
2025-09-25 05:30	68.930	68.955	68.917	68.952	5
2025-09-25 05:35	68.948	69.010	68.948	68.995	5
2025-09-25 05:40	68.995	69.050	68.995	69.047	5
2025-09-25 05:45	69.045	69.050	69.020	69.020	5
2025-09-25 05:50	69.022	69.055	69.017	69.055	5
2025-09-25 05:55	69.060	69.090	69.057	69.082	5
2025-09-25 06:00	69.090	69.105	69.025	69.030	5
2025-09-25 06:05	69.035	69.067	69.007	69.007	5
2025-09-25 06:10	69.012	69.050	69.010	69.025	5
2025-09-25 06:15	69.030	69.105	69.025	69.100	5
2025-09-25 06:20	69.105	69.105	69.062	69.062	5
2025-09-25 06:25	69.067	69.085	69.062	69.070	5
2025-09-25 06:30	69.065	69.105	69.062	69.087	5
2025-09-25 06:35	69.100	69.145	69.062	69.097	5
2025-09-25 06:40	69.105	69.190	69.105	69.175	5
2025-09-25 06:45	69.185	69.220	69.172	69.207	5
2025-09-25 06:50	69.240	69.240	69.138	69.175	5
2025-09-25 06:55	69.170	69.195	69.150	69.182	5
2025-09-25 07:00	69.175	69.180	69.092	69.167	5
2025-09-25 07:05	69.162	69.190	69.137	69.157	5
2025-09-25 07:10	69.165	69.165	69.085	69.090	5
2025-09-25 07:15	69.085	69.137	69.037	69.045	5
2025-09-25 07:20	69.070	69.090	69.040	69.060	5
2025-09-25 07:25	69.050	69.050	68.922	68.980	5
2025-09-25 07:30	68.982	69.015	68.937	68.982	5
2025-09-25 07:35	68.980	68.985	68.822	68.822	5
2025-09-25 07:40	68.820	68.935	68.809	68.927	5
2025-09-25 07:45	68.935	69.060	68.927	69.052	5
2025-09-25 07:50	69.047	69.120	69.043	69.057	5
2025-09-25 07:55	69.055	69.075	69.003	69.072	5
2025-09-25 08:00	69.090	69.115	68.957	68.970	5
2025-09-25 08:05	68.965	68.985	68.867	68.882	5
2025-09-25 08:10	68.875	68.882	68.809	68.852	5
2025-09-25 08:15	68.860	68.900	68.809	68.847	5
2025-09-25 08:20	68.855	68.870	68.809	68.809	5
2025-09-25 08:25	68.809	68.845	68.770	68.825	5
2025-09-25 08:30	68.822	68.885	68.752	68.875	5
2025-09-25 08:35	68.865	68.872	68.712	68.732	5
2025-09-25 08:40	68.745	68.790	68.732	68.772	5
2025-09-25 08:45	68.765	68.805	68.715	68.730	5
2025-09-25 08:50	68.732	68.735	68.595	68.642	5
2025-09-25 08:55	68.640	68.640	68.562	68.620	5
2025-09-25 09:00	68.610	68.695	68.590	68.672	5
2025-09-25 09:05	68.670	68.735	68.665	68.680	5
2025-09-25 09:10	68.675	68.720	68.667	68.677	5
2025-09-25 09:15	68.675	68.810	68.670	68.790	5
2025-09-25 09:20	68.795	68.810	68.732	68.732	5
2025-09-25 09:25	68.725	68.835	68.712	68.827	5
2025-09-25 09:30	68.825	68.990	68.825	68.937	5
2025-09-25 09:35	68.945	68.965	68.902	68.902	5
2025-09-25 09:40	68.900	69.025	68.892	69.005	5
2025-09-25 09:45	69.000	69.000	68.912	68.937	5
2025-09-25 09:50	68.945	68.975	68.897	68.897	5
2025-09-25 09:55	68.895	68.990	68.895	68.950	5
2025-09-25 10:00	68.955	69.020	68.892	69.017	5
2025-09-25 10:05	69.025	69.050	68.992	69.045	5
2025-09-25 10:10	69.050	69.082	69.037	69.045	4
2025-09-25 10:15	69.050	69.087	69.050	69.060	5
2025-09-25 10:20	69.065	69.090	68.995	69.020	5
2025-09-25 10:25	69.015	69.020	68.935	68.945	5
2025-09-25 10:30	68.935	68.945	68.800	68.800	5
2025-09-25 10:35	68.805	68.915	68.800	68.910	5
2025-09-25 10:40	68.905	68.965	68.905	68.950	5
2025-09-25 10:45	68.945	68.950	68.875	68.935	5
2025-09-25 10:50	68.965	69.175	68.965	69.085	5
2025-09-25 10:55	69.075	69.160	69.075	69.155	5
2025-09-25 11:00	69.165	69.210	69.015	69.065	5
2025-09-25 11:05	69.075	69.140	68.960	69.040	5
2025-09-25 11:10	69.035	69.060	69.005	69.050	5
2025-09-25 11:15	69.045	69.095	69.025	69.060	5
2025-09-25 11:20	69.065	69.075	68.930	68.935	5
2025-09-25 11:25	68.930	69.045	68.910	68.990	5
2025-09-25 11:30	68.985	69.085	68.980	69.080	5
2025-09-25 11:35	69.075	69.150	69.030	69.145	5
2025-09-25 11:40	69.150	69.205	69.120	69.165	5
2025-09-25 11:45	69.180	69.180	69.020	69.090	5
2025-09-25 11:50	69.085	69.110	69.050	69.090	5
2025-09-25 11:55	69.080	69.120	69.050	69.065	5
2025-09-25 12:00	69.055	69.075	68.935	68.960	5
2025-09-25 12:05	68.965	68.985	68.825	68.835	5
2025-09-25 12:10	68.865	68.960	68.855	68.925	5
2025-09-25 12:15	68.930	68.940	68.855	68.865	5
2025-09-25 12:20	68.890	68.900	68.785	68.830	5
2025-09-25 12:25	68.835	68.940	68.835	68.940	5
2025-09-25 12:30	68.930	69.080	68.930	68.970	5
2025-09-25 12:35	68.965	69.020	68.910	69.010	5
2025-09-25 12:40	69.000	69.075	69.000	69.045	5
2025-09-25 12:45	69.040	69.050	69.005	69.040	5
2025-09-25 12:50	69.035	69.090	68.940	68.975	5
2025-09-25 12:55	68.985	68.985	68.925	68.940	5
2025-09-25 13:00	68.950	68.955	68.785	68.800	5
2025-09-25 13:05	68.805	68.895	68.805	68.855	5
2025-09-25 13:10	68.845	68.910	68.795	68.825	5
2025-09-25 13:15	68.830	68.840	68.685	68.705	5
2025-09-25 13:20	68.695	68.825	68.695	68.820	5
2025-09-25 13:25	68.810	68.820	68.765	68.800	5
2025-09-25 13:30	68.790	68.825	68.750	68.770	5
2025-09-25 13:35	68.775	68.775	68.545	68.560	5
2025-09-25 13:40	68.555	68.595	68.505	68.505	5
2025-09-25 13:45	68.515	68.580	68.500	68.565	5
2025-09-25 13:50	68.560	68.625	68.560	68.590	5
2025-09-25 13:55	68.575	68.660	68.555	68.610	5
2025-09-25 14:00	68.605	68.690	68.570	68.590	5
2025-09-25 14:05	68.585	68.590	68.420	68.460	5
2025-09-25 14:10	68.455	68.595	68.445	68.585	5
2025-09-25 14:15	68.580	68.585	68.475	68.475	5
2025-09-25 14:20	68.465	68.610	68.440	68.570	5
2025-09-25 14:25	68.565	68.565	68.535	68.555	5
2025-09-25 14:30	68.540	68.685	68.535	68.675	5
2025-09-25 14:35	68.680	68.685	68.590	68.590	5
2025-09-25 14:40	68.580	68.665	68.560	68.625	5
2025-09-25 14:45	68.620	68.620	68.550	68.600	5
2025-09-25 14:50	68.590	68.640	68.535	68.595	5
2025-09-25 14:55	68.590	68.615	68.555	68.560	5
2025-09-25 15:00	68.565	68.720	68.555	68.720	5
2025-09-25 15:05	68.715	68.780	68.645	68.775	5
2025-09-25 15:10	68.780	68.965	68.775	68.950	5
2025-09-25 15:15	68.955	69.060	68.950	69.050	5
2025-09-25 15:20	69.055	69.075	68.980	69.020	5
2025-09-25 15:25	69.025	69.190	69.025	69.145	5
2025-09-25 15:30	69.155	69.170	69.095	69.160	5
2025-09-25 15:35	69.155	69.245	69.150	69.205	5
2025-09-25 15:40	69.215	69.265	69.200	69.245	5
2025-09-25 15:45	69.250	69.305	69.215	69.235	5
2025-09-25 15:50	69.240	69.275	69.130	69.165	5
2025-09-25 15:55	69.170	69.235	69.160	69.195	5
2025-09-25 16:00	69.200	69.205	69.145	69.185	5
2025-09-25 16:05	69.190	69.220	69.170	69.205	5
2025-09-25 16:10	69.190	69.190	69.075	69.135	5
2025-09-25 16:15	69.140	69.170	69.100	69.125	5
2025-09-25 16:20	69.135	69.135	69.035	69.035	5
2025-09-25 16:25	69.055	69.120	69.025	69.115	5
2025-09-25 16:30	69.105	69.200	69.085	69.165	5
2025-09-25 16:35	69.155	69.185	69.060	69.070	5
2025-09-25 16:40	69.065	69.135	69.060	69.110	5
2025-09-25 16:45	69.105	69.120	69.030	69.050	5
2025-09-25 16:50	69.055	69.100	69.045	69.070	5
2025-09-25 16:55	69.065	69.080	69.050	69.060	5
2025-09-25 17:00	69.055	69.065	68.985	69.015	5
2025-09-25 17:05	69.010	69.065	69.000	69.030	5
2025-09-25 17:10	69.025	69.365	68.975	69.230	5
2025-09-25 17:15	69.215	69.325	69.140	69.310	5
2025-09-25 17:20	69.315	69.315	69.245	69.305	5
2025-09-25 17:25	69.320	69.355	69.310	69.335	5
2025-09-25 17:30	69.340	69.365	69.210	69.240	5
2025-09-25 17:35	69.235	69.240	69.190	69.195	5
2025-09-25 17:40	69.190	69.325	69.185	69.285	5
2025-09-25 17:45	69.290	69.395	69.245	69.345	5
2025-09-25 17:50	69.350	69.350	69.250	69.255	5
2025-09-25 17:55	69.250	69.255	69.190	69.200	5
2025-09-25 18:00	69.210	69.215	69.135	69.210	5
2025-09-25 18:05	69.220	69.305	69.200	69.285	5
2025-09-25 18:10	69.290	69.415	69.290	69.370	5
2025-09-25 18:15	69.380	69.415	69.375	69.390	5
2025-09-25 18:20	69.385	69.415	69.335	69.345	5
2025-09-25 18:25	69.335	69.435	69.335	69.430	5
2025-09-25 18:30	69.435	69.475	69.395	69.455	5
2025-09-25 18:35	69.460	69.545	69.450	69.530	5
2025-09-25 18:40	69.535	69.600	69.530	69.555	5
2025-09-25 18:45	69.565	69.595	69.535	69.585	5
2025-09-25 18:50	69.595	69.635	69.595	69.615	5
2025-09-25 18:55	69.620	69.630	69.565	69.595	5
2025-09-25 19:00	69.585	69.625	69.530	69.555	5
2025-09-25 19:05	69.570	69.575	69.540	69.565	5
2025-09-25 19:10	69.555	69.575	69.535	69.535	5
2025-09-25 19:15	69.540	69.555	69.525	69.545	5
2025-09-25 19:20	69.550	69.555	69.510	69.520	5
2025-09-25 19:25	69.515	69.515	69.490	69.500	5
2025-09-25 19:30	69.505	69.570	69.505	69.520	5
2025-09-25 19:35	69.530	69.530	69.475	69.480	5
2025-09-25 19:40	69.475	69.500	69.465	69.495	5
2025-09-25 19:45	69.490	69.505	69.490	69.505	3
2025-09-25 19:50	69.510	69.625	69.505	69.625	5
2025-09-25 19:55	69.620	69.660	69.595	69.635	5
2025-09-25 20:00	69.625	69.625	69.592	69.597	4
2025-09-25 20:05	69.592	69.607	69.587	69.587	5
2025-09-25 20:10	69.592	69.627	69.592	69.627	5
2025-09-25 20:15	69.622	69.622	69.602	69.612	5
2025-09-25 20:20	69.617	69.617	69.587	69.587	5
2025-09-25 20:25	69.592	69.592	69.517	69.537	5
2025-09-25 20:30	69.532	69.567	69.527	69.562	5
2025-09-25 20:35	69.557	69.577	69.547	69.577	5
2025-09-26 00:00	68.755	68.800	68.745	68.765	5
2025-09-26 00:05	68.760	68.765	68.745	68.755	5
2025-09-26 00:10	68.750	68.772	68.750	68.770	4
2025-09-26 00:15	68.765	68.767	68.742	68.747	5
2025-09-26 00:20	68.745	68.775	68.735	68.735	5
2025-09-26 00:25	68.740	68.745	68.725	68.727	3
2025-09-26 00:30	68.735	68.745	68.725	68.745	5
2025-09-26 00:35	68.738	68.785	68.738	68.760	5
2025-09-26 00:40	68.765	68.765	68.742	68.742	5
2025-09-26 00:45	68.738	68.765	68.732	68.758	5
2025-09-26 00:50	68.765	68.785	68.762	68.770	5
2025-09-26 00:55	68.762	68.795	68.760	68.762	5
2025-09-26 01:00	68.750	68.777	68.702	68.725	5
2025-09-26 01:05	68.730	68.765	68.730	68.762	5
2025-09-26 01:10	68.758	68.765	68.730	68.730	5
2025-09-26 01:15	68.732	68.732	68.685	68.690	5
2025-09-26 01:20	68.685	68.705	68.675	68.695	4
2025-09-26 01:25	68.690	68.715	68.675	68.705	5
2025-09-26 01:30	68.707	68.772	68.702	68.755	5
2025-09-26 01:35	68.765	68.785	68.760	68.765	5
2025-09-26 01:40	68.775	68.820	68.762	68.820	5
2025-09-26 01:45	68.812	68.895	68.812	68.877	5
2025-09-26 01:50	68.872	68.882	68.815	68.815	5
2025-09-26 01:55	68.820	68.825	68.795	68.825	4
2025-09-26 02:00	68.815	68.825	68.812	68.825	4
2025-09-26 02:05	68.830	68.830	68.802	68.802	5
2025-09-26 02:10	68.800	68.820	68.782	68.802	5
2025-09-26 02:15	68.810	68.825	68.782	68.782	5
2025-09-26 02:20	68.780	68.790	68.778	68.790	5
2025-09-26 02:25	68.785	68.800	68.775	68.790	5
2025-09-26 02:30	68.792	68.835	68.792	68.807	5
2025-09-26 02:35	68.815	68.825	68.800	68.805	5
2025-09-26 02:40	68.795	68.805	68.790	68.792	4
2025-09-26 02:45	68.790	68.805	68.730	68.742	5
2025-09-26 02:50	68.750	68.757	68.722	68.735	5
2025-09-26 02:55	68.740	68.762	68.732	68.740	5
2025-09-26 03:00	68.742	68.770	68.732	68.732	5
2025-09-26 03:05	68.730	68.737	68.692	68.692	5
2025-09-26 03:10	68.675	68.695	68.662	68.680	4
2025-09-26 03:15	68.682	68.700	68.655	68.660	5
2025-09-26 03:20	68.652	68.670	68.642	68.667	5
2025-09-26 03:25	68.675	68.715	68.665	68.700	5
2025-09-26 03:30	68.705	68.705	68.672	68.672	4
2025-09-26 03:35	68.680	68.695	68.665	68.682	4
2025-09-26 03:40	68.687	68.705	68.685	68.692	2
2025-09-26 03:45	68.700	68.725	68.700	68.720	3
2025-09-26 03:50	68.715	68.720	68.702	68.705	4
2025-09-26 03:55	68.700	68.705	68.682	68.682	5
2025-09-26 04:00	68.675	68.685	68.642	68.642	4
2025-09-26 04:05	68.655	68.675	68.652	68.675	5
2025-09-26 04:10	68.680	68.690	68.675	68.685	3
2025-09-26 04:15	68.705	68.730	68.702	68.722	2
2025-09-26 04:20	68.730	68.740	68.702	68.722	5
2025-09-26 04:25	68.715	68.715	68.702	68.710	3
2025-09-26 04:30	68.715	68.720	68.705	68.705	4
2025-09-26 04:35	68.695	68.710	68.688	68.710	3
2025-09-26 04:40	68.715	68.715	68.708	68.708	3
2025-09-26 04:45	68.710	68.710	68.692	68.692	1
2025-09-26 04:50	68.690	68.692	68.680	68.680	3
2025-09-26 04:55	68.670	68.675	68.652	68.655	5
2025-09-26 05:00	68.657	68.685	68.657	68.670	5
2025-09-26 05:05	68.672	68.672	68.642	68.655	5
2025-09-26 05:10	68.665	68.680	68.660	68.680	2
2025-09-26 05:15	68.685	68.725	68.685	68.710	4
2025-09-26 05:20	68.702	68.747	68.702	68.742	5
2025-09-26 05:25	68.755	68.755	68.732	68.735	5
2025-09-26 05:30	68.740	68.740	68.662	68.685	5
2025-09-26 05:35	68.680	68.710	68.647	68.710	5
2025-09-26 05:40	68.705	68.735	68.702	68.725	5
2025-09-26 05:45	68.715	68.725	68.712	68.715	5
2025-09-26 05:50	68.720	68.720	68.645	68.675	5
2025-09-26 05:55	68.670	68.700	68.662	68.690	5
2025-09-26 06:00	68.695	68.735	68.695	68.722	5
2025-09-26 06:05	68.720	68.725	68.692	68.702	5
2025-09-26 06:10	68.710	68.745	68.702	68.737	5
2025-09-26 06:15	68.745	68.745	68.702	68.727	5
2025-09-26 06:20	68.735	68.775	68.727	68.747	5
2025-09-26 06:25	68.752	68.770	68.735	68.750	5
2025-09-26 06:30	68.742	68.772	68.742	68.762	5
2025-09-26 06:35	68.755	68.835	68.755	68.812	5
2025-09-26 06:40	68.820	68.855	68.805	68.845	5
2025-09-26 06:45	68.850	68.865	68.795	68.805	5
2025-09-26 06:50	68.815	68.815	68.665	68.680	5
2025-09-26 06:55	68.675	68.680	68.615	68.645	5
2025-09-26 07:00	68.635	68.665	68.582	68.645	5
2025-09-26 07:05	68.640	68.725	68.630	68.660	5
2025-09-26 07:10	68.662	68.695	68.632	68.632	5
2025-09-26 07:15	68.625	68.635	68.565	68.582	5
2025-09-26 07:20	68.580	68.595	68.542	68.572	5
2025-09-26 07:25	68.580	68.605	68.537	68.575	5
2025-09-26 07:30	68.580	68.695	68.580	68.665	5
2025-09-26 07:35	68.670	68.795	68.640	68.765	5
2025-09-26 07:40	68.755	68.755	68.682	68.685	5
2025-09-26 07:45	68.687	68.735	68.640	68.655	5
2025-09-26 07:50	68.645	68.685	68.630	68.650	5
2025-09-26 07:55	68.635	68.665	68.582	68.645	5
2025-09-26 08:00	68.655	68.665	68.602	68.615	5
2025-09-26 08:05	68.635	68.655	68.602	68.615	5
2025-09-26 08:10	68.605	68.695	68.590	68.655	5
2025-09-26 08:15	68.650	68.692	68.622	68.635	5
2025-09-26 08:20	68.640	68.685	68.602	68.685	5
2025-09-26 08:25	68.695	68.715	68.635	68.692	5
2025-09-26 08:30	68.705	68.710	68.602	68.640	5
2025-09-26 08:35	68.642	68.645	68.532	68.615	5
2025-09-26 08:40	68.610	68.705	68.602	68.702	5
2025-09-26 08:45	68.710	68.725	68.650	68.677	5
2025-09-26 08:50	68.685	68.712	68.672	68.685	5
2025-09-26 08:55	68.675	68.695	68.662	68.672	5
2025-09-26 09:00	68.665	68.715	68.662	68.695	5
2025-09-26 09:05	68.685	68.712	68.667	68.682	5
2025-09-26 09:10	68.685	68.700	68.602	68.610	5
2025-09-26 09:15	68.615	68.647	68.502	68.515	5
2025-09-26 09:20	68.525	68.525	68.462	68.462	5
2025-09-26 09:25	68.455	68.465	68.372	68.387	5
2025-09-26 09:30	68.382	68.415	68.372	68.372	5
2025-09-26 09:35	68.365	68.415	68.352	68.375	5
2025-09-26 09:40	68.385	68.435	68.362	68.415	5
2025-09-26 09:45	68.422	68.437	68.385	68.385	5
2025-09-26 09:50	68.395	68.405	68.332	68.342	5
2025-09-26 09:55	68.350	68.375	68.292	68.300	5
2025-09-26 10:00	68.290	68.315	68.272	68.280	5
2025-09-26 10:05	68.275	68.315	68.272	68.272	5
2025-09-26 10:10	68.285	68.295	68.262	68.275	5
2025-09-26 10:15	68.280	68.320	68.262	68.282	5
2025-09-26 10:20	68.295	68.342	68.285	68.337	5
2025-09-26 10:25	68.332	68.380	68.322	68.352	5
2025-09-26 10:30	68.365	68.365	68.282	68.312	5
2025-09-26 10:35	68.325	68.445	68.322	68.442	5
2025-09-26 10:40	68.435	68.475	68.425	68.472	5
2025-09-26 10:45	68.470	68.535	68.455	68.525	5
2025-09-26 10:50	68.515	68.515	68.472	68.502	5
2025-09-26 10:55	68.495	68.505	68.442	68.455	5
2025-09-26 11:00	68.465	68.505	68.442	68.465	5
2025-09-26 11:05	68.475	68.507	68.452	68.505	4
2025-09-26 11:10	68.510	68.625	68.510	68.605	5
2025-09-26 11:15	68.610	68.625	68.592	68.612	5
2025-09-26 11:20	68.625	68.625	68.567	68.602	5
2025-09-26 11:25	68.595	68.660	68.570	68.645	5
2025-09-26 11:30	68.640	68.720	68.640	68.655	5
2025-09-26 11:35	68.645	68.685	68.552	68.555	5
2025-09-26 11:40	68.545	68.585	68.492	68.505	5
2025-09-26 11:45	68.515	68.552	68.512	68.532	5
2025-09-26 11:50	68.525	68.535	68.462	68.475	5
2025-09-26 11:55	68.465	68.485	68.422	68.452	5
2025-09-26 12:00	68.448	68.505	68.448	68.452	5
2025-09-26 12:05	68.465	68.475	68.402	68.425	5
2025-09-26 12:10	68.445	68.495	68.445	68.462	5
2025-09-26 12:15	68.445	68.510	68.422	68.510	5
2025-09-26 12:20	68.505	68.525	68.440	68.522	5
2025-09-26 12:25	68.515	68.530	68.497	68.520	5
2025-09-26 12:30	68.525	68.615	68.520	68.577	5
2025-09-26 12:35	68.575	68.660	68.565	68.652	5
2025-09-26 12:40	68.665	68.695	68.622	68.655	5
2025-09-26 12:45	68.665	68.745	68.662	68.745	5
2025-09-26 12:50	68.765	68.815	68.755	68.805	5
2025-09-26 12:55	68.795	68.842	68.725	68.725	5
2025-09-26 13:00	68.722	68.935	68.722	68.902	5
2025-09-26 13:05	68.895	68.935	68.822	68.925	5
2025-09-26 13:10	68.915	68.945	68.882	68.925	5
2025-09-26 13:15	68.927	68.932	68.852	68.872	5
2025-09-26 13:20	68.865	68.945	68.862	68.892	5
2025-09-26 13:25	68.885	68.890	68.835	68.852	5
2025-09-26 13:30	68.845	68.845	68.752	68.822	5
2025-09-26 13:35	68.835	68.925	68.832	68.922	5
2025-09-26 13:40	68.915	68.985	68.900	68.957	5
2025-09-26 13:45	68.970	69.025	68.932	68.982	5
2025-09-26 13:50	68.995	69.055	68.952	68.962	5
2025-09-26 13:55	68.975	69.065	68.962	69.030	5
2025-09-26 14:00	69.045	69.225	69.045	69.210	5
2025-09-26 14:05	69.202	69.415	69.192	69.402	5
2025-09-26 14:10	69.395	69.465	69.382	69.435	5
2025-09-26 14:15	69.430	69.465	69.365	69.417	5
2025-09-26 14:20	69.435	69.545	69.425	69.512	5
2025-09-26 14:25	69.510	69.510	69.267	69.315	5
2025-09-26 14:30	69.325	69.515	69.322	69.465	5
2025-09-26 14:35	69.467	69.555	69.422	69.542	5
2025-09-26 14:40	69.535	69.575	69.530	69.565	5
2025-09-26 14:45	69.575	69.645	69.512	69.582	5
2025-09-26 14:50	69.600	69.615	69.572	69.615	1
2025-09-26 14:55	69.800	69.805	69.770	69.785	2
2025-09-26 15:00	69.765	69.842	69.745	69.765	5
2025-09-26 15:05	69.755	69.815	69.745	69.762	5
2025-09-26 15:10	69.755	69.775	69.665	69.682	5
2025-09-26 15:15	69.695	69.750	69.632	69.682	5
2025-09-26 15:20	69.695	69.825	69.645	69.742	5
2025-09-26 15:25	69.755	69.845	69.712	69.762	5
2025-09-26 15:30	69.775	69.805	69.732	69.792	5
2025-09-26 15:35	69.785	69.815	69.732	69.775	5
2025-09-26 15:40	69.765	69.780	69.695	69.752	5
2025-09-26 15:45	69.760	69.805	69.725	69.742	5
2025-09-26 15:50	69.752	69.755	69.642	69.642	5
2025-09-26 15:55	69.655	69.695	69.602	69.632	5
2025-09-26 16:00	69.645	69.685	69.602	69.612	5
2025-09-26 16:05	69.625	69.640	69.520	69.520	5
2025-09-26 16:10	69.525	69.645	69.518	69.552	5
2025-09-26 16:15	69.565	69.570	69.322	69.322	5
2025-09-26 16:20	69.335	69.425	69.332	69.405	5
2025-09-26 16:25	69.415	69.485	69.327	69.332	5
2025-09-26 16:30	69.345	69.365	69.302	69.325	5
2025-09-26 16:35	69.335	69.335	69.302	69.315	5
2025-09-26 16:40	69.325	69.365	69.300	69.320	5
2025-09-26 16:45	69.315	69.365	69.302	69.332	5
2025-09-26 16:50	69.345	69.347	69.192	69.225	5
2025-09-26 16:55	69.245	69.305	69.202	69.255	5
2025-09-26 17:00	69.245	69.295	69.082	69.095	5
2025-09-26 17:05	69.085	69.095	69.012	69.017	5
2025-09-26 17:10	69.015	69.015	68.800	68.912	5
2025-09-26 17:15	68.905	68.985	68.882	68.932	5
2025-09-26 17:20	68.945	69.035	68.912	68.995	5
2025-09-26 17:25	69.000	69.010	68.955	68.957	5
2025-09-26 17:30	68.955	68.985	68.922	68.982	5
2025-09-26 17:35	68.975	68.975	68.892	68.962	5
2025-09-26 17:40	68.975	69.055	68.960	69.052	5
2025-09-26 17:45	69.065	69.155	69.042	69.145	5
2025-09-26 17:50	69.155	69.155	69.082	69.092	5
2025-09-26 17:55	69.085	69.085	69.007	69.042	5
2025-09-26 18:00	69.055	69.095	68.945	68.972	5
2025-09-26 18:05	68.985	68.995	68.882	68.905	5
2025-09-26 18:10	68.915	68.975	68.912	68.962	5
2025-09-26 18:15	68.965	69.025	68.965	69.005	5
2025-09-26 18:20	69.010	69.145	68.995	69.145	5
2025-09-26 18:25	69.135	69.225	69.092	69.165	5
2025-09-26 18:30	69.162	69.255	69.092	69.235	5
2025-09-26 18:35	69.245	69.250	69.112	69.120	5
2025-09-26 18:40	69.112	69.120	69.052	69.052	5
2025-09-26 18:45	69.045	69.220	69.022	69.082	5
2025-09-26 18:50	69.080	69.130	69.052	69.062	5
2025-09-26 18:55	69.060	69.065	68.985	68.990	5
2025-09-26 19:00	68.985	68.985	68.885	68.902	5
2025-09-26 19:05	68.910	68.912	68.862	68.905	5
2025-09-26 19:10	68.895	68.955	68.892	68.950	5
2025-09-26 19:15	68.945	68.955	68.930	68.932	3
2025-09-26 19:20	68.945	69.000	68.940	68.962	5
2025-09-26 19:25	68.972	68.985	68.972	68.980	5
2025-09-26 19:30	68.975	68.975	68.912	68.932	5
2025-09-26 19:35	68.940	68.942	68.905	68.922	5
2025-09-26 19:40	68.920	68.925	68.882	68.922	4
2025-09-26 19:45	68.935	68.935	68.822	68.822	5
2025-09-26 19:50	68.815	68.815	68.762	68.762	5
2025-09-26 19:55	68.755	68.795	68.735	68.782	5
2025-09-26 20:00	68.762	68.807	68.762	68.797	5
2025-09-26 20:05	68.802	68.822	68.787	68.807	5
2025-09-26 20:10	68.792	68.837	68.792	68.832	5
2025-09-26 20:15	68.822	68.842	68.822	68.832	5
2025-09-26 20:20	68.842	68.842	68.782	68.802	5
2025-09-26 20:25	68.802	68.822	68.802	68.812	4
2025-09-26 20:30	68.822	68.822	68.787	68.787	5
2025-09-26 20:35	68.787	68.802	68.782	68.792	5
2025-09-26 20:40	68.792	68.797	68.722	68.722	5
2025-09-26 20:45	68.722	68.752	68.722	68.737	5
2025-09-26 20:50	68.737	68.752	68.627	68.667	5
2025-09-26 20:55	68.662	68.712	68.662	68.697	5
2025-09-29 00:00	68.614	68.643	68.548	68.593	5
2025-09-29 00:05	68.588	68.633	68.553	68.633	5
2025-09-29 00:10	68.638	68.673	68.638	68.658	5
2025-09-29 00:15	68.653	68.653	68.598	68.613	5
2025-09-29 00:20	68.608	68.608	68.588	68.603	3
2025-09-29 00:25	68.598	68.613	68.573	68.593	5
2025-09-29 00:30	68.583	68.588	68.563	68.573	4
2025-09-29 00:35	68.568	68.598	68.563	68.588	5
2025-09-29 00:40	68.583	68.608	68.578	68.593	5
2025-09-29 00:45	68.588	68.598	68.568	68.598	5
2025-09-29 00:50	68.588	68.623	68.588	68.613	4
2025-09-29 00:55	68.603	68.688	68.558	68.688	5
2025-09-29 01:00	68.678	68.713	68.573	68.613	5
2025-09-29 01:05	68.608	68.723	68.608	68.708	5
2025-09-29 01:10	68.703	68.793	68.678	68.788	5
2025-09-29 01:15	68.783	68.798	68.733	68.768	5
2025-09-29 01:20	68.758	68.798	68.743	68.753	5
2025-09-29 01:25	68.758	68.758	68.643	68.648	5
2025-09-29 01:30	68.643	68.683	68.618	68.623	5
2025-09-29 01:35	68.618	68.663	68.618	68.648	5
2025-09-29 01:40	68.628	68.633	68.593	68.628	5
2025-09-29 01:45	68.613	68.638	68.598	68.638	5
2025-09-29 01:50	68.633	68.668	68.618	68.623	5
2025-09-29 01:55	68.618	68.638	68.603	68.633	5
2025-09-29 02:00	68.628	68.633	68.568	68.578	5
2025-09-29 02:05	68.588	68.678	68.588	68.678	5
2025-09-29 02:10	68.668	68.688	68.668	68.688	5
2025-09-29 02:15	68.678	68.678	68.633	68.638	5
2025-09-29 02:20	68.644	68.793	68.644	68.793	5
2025-09-29 02:25	68.798	68.808	68.748	68.773	5
2025-09-29 02:30	68.778	68.808	68.758	68.778	5
2025-09-29 02:35	68.783	68.788	68.768	68.773	5
2025-09-29 02:40	68.778	68.858	68.768	68.858	5
2025-09-29 02:45	68.863	68.868	68.788	68.818	5
2025-09-29 02:50	68.813	68.868	68.808	68.858	5
2025-09-29 02:55	68.868	68.868	68.818	68.823	4
2025-09-29 03:00	68.828	68.848	68.823	68.823	5
2025-09-29 03:05	68.818	68.868	68.808	68.853	5
2025-09-29 03:10	68.848	68.858	68.828	68.843	5
2025-09-29 03:15	68.838	68.858	68.833	68.848	5
2025-09-29 03:20	68.838	68.868	68.838	68.863	5
2025-09-29 03:25	68.858	68.858	68.813	68.818	5
2025-09-29 03:30	68.813	68.818	68.778	68.778	5
2025-09-29 03:35	68.788	68.798	68.773	68.778	4
2025-09-29 03:40	68.768	68.778	68.738	68.758	5
2025-09-29 03:45	68.768	68.768	68.763	68.768	4
2025-09-29 03:50	68.763	68.768	68.728	68.748	5
2025-09-29 03:55	68.753	68.768	68.753	68.768	2
2025-09-29 04:00	68.758	68.763	68.748	68.748	3
2025-09-29 04:05	68.758	68.758	68.748	68.753	3
2025-09-29 04:10	68.748	68.753	68.748	68.748	4
2025-09-29 04:15	68.753	68.803	68.748	68.803	5
2025-09-29 04:20	68.808	68.843	68.808	68.838	5
2025-09-29 04:25	68.828	68.833	68.818	68.828	4
2025-09-29 04:30	68.818	68.828	68.813	68.818	4
2025-09-29 04:35	68.798	68.833	68.798	68.828	3
2025-09-29 04:40	68.838	68.888	68.838	68.888	3
2025-09-29 04:45	68.883	68.888	68.863	68.863	5
2025-09-29 04:50	68.868	68.888	68.843	68.848	4
2025-09-29 04:55	68.853	68.858	68.838	68.843	4
2025-09-29 05:00	68.848	68.878	68.848	68.878	5
2025-09-29 05:05	68.883	68.883	68.823	68.828	4
2025-09-29 05:10	68.818	68.828	68.803	68.823	5
2025-09-29 05:15	68.828	68.828	68.798	68.828	5
2025-09-29 05:20	68.818	68.838	68.793	68.793	4
2025-09-29 05:25	68.783	68.828	68.783	68.828	5
2025-09-29 05:30	68.823	68.863	68.818	68.838	5
2025-09-29 05:35	68.848	68.858	68.838	68.843	4
2025-09-29 05:40	68.848	68.848	68.813	68.828	5
2025-09-29 05:45	68.823	68.838	68.783	68.803	5
2025-09-29 05:50	68.808	68.828	68.808	68.818	4
2025-09-29 05:55	68.808	68.838	68.783	68.818	4
2025-09-29 06:00	68.833	68.838	68.738	68.808	5
2025-09-29 06:05	68.803	68.808	68.778	68.798	5
2025-09-29 06:10	68.788	68.838	68.758	68.838	5
2025-09-29 06:15	68.828	68.828	68.758	68.788	5
2025-09-29 06:20	68.798	68.808	68.753	68.753	5
2025-09-29 06:25	68.748	68.828	68.748	68.758	5
2025-09-29 06:30	68.753	68.753	68.688	68.688	5
2025-09-29 06:35	68.668	68.738	68.613	68.738	5
2025-09-29 06:40	68.733	68.808	68.733	68.798	5
2025-09-29 06:45	68.808	68.818	68.758	68.788	5
2025-09-29 06:50	68.793	68.918	68.788	68.868	5
2025-09-29 06:55	68.863	68.863	68.793	68.823	5
2025-09-29 07:00	68.823	68.823	68.638	68.708	5
2025-09-29 07:05	68.706	68.718	68.568	68.608	5
2025-09-29 07:10	68.604	68.664	68.588	68.598	5
2025-09-29 07:15	68.596	68.634	68.548	68.548	5
2025-09-29 07:20	68.554	68.568	68.463	68.504	5
2025-09-29 07:25	68.514	68.518	68.463	68.468	5
2025-09-29 07:30	68.463	68.504	68.463	68.463	5
2025-09-29 07:35	68.463	68.463	68.463	68.463	5
2025-09-29 07:40	68.463	68.478	68.461	68.468	5
2025-09-29 07:45	68.464	68.524	68.463	68.474	5
2025-09-29 07:50	68.478	68.518	68.463	68.518	5
2025-09-29 07:55	68.518	68.548	68.488	68.498	5
2025-09-29 08:00	68.478	68.488	68.463	68.463	5
2025-09-29 08:05	68.468	68.498	68.398	68.418	5
2025-09-29 08:10	68.416	68.424	68.348	68.378	5
2025-09-29 08:15	68.388	68.388	68.318	68.328	5
2025-09-29 08:20	68.338	68.338	68.278	68.288	5
2025-09-29 08:25	68.286	68.438	68.278	68.428	5
2025-09-29 08:30	68.426	68.448	68.378	68.418	5
2025-09-29 08:35	68.428	68.428	68.288	68.338	5
2025-09-29 08:40	68.344	68.378	68.314	68.368	5
2025-09-29 08:45	68.394	68.548	68.378	68.494	5
2025-09-29 08:50	68.488	68.488	68.388	68.428	5
2025-09-29 08:55	68.426	68.568	68.408	68.538	5
2025-09-29 09:00	68.528	68.528	68.388	68.468	5
2025-09-29 09:05	68.474	68.488	68.348	68.358	5
2025-09-29 09:10	68.338	68.425	68.302	68.362	5
2025-09-29 09:15	68.375	68.385	68.282	68.282	5
2025-09-29 09:20	68.275	68.335	68.272	68.322	5
2025-09-29 09:25	68.315	68.345	68.200	68.242	5
2025-09-29 09:30	68.236	68.260	68.142	68.152	5
2025-09-29 09:35	68.150	68.245	68.150	68.225	5
2025-09-29 09:40	68.235	68.325	68.230	68.320	5
2025-09-29 09:45	68.315	68.342	68.262	68.282	5
2025-09-29 09:50	68.275	68.295	68.195	68.212	5
2025-09-29 09:55	68.225	68.225	68.092	68.122	5
2025-09-29 10:00	68.130	68.205	68.102	68.155	5
2025-09-29 10:05	68.162	68.215	68.092	68.105	5
2025-09-29 10:10	68.115	68.175	68.112	68.135	5
2025-09-29 10:15	68.145	68.175	68.132	68.142	5
2025-09-29 10:20	68.125	68.125	68.032	68.102	5
2025-09-29 10:25	68.115	68.165	68.085	68.117	5
2025-09-29 10:30	68.115	68.135	68.077	68.117	5
2025-09-29 10:35	68.125	68.125	68.002	68.002	5
2025-09-29 10:40	68.000	68.045	67.992	68.042	5
2025-09-29 10:45	68.050	68.075	68.012	68.032	5
2025-09-29 10:50	68.025	68.045	67.972	67.972	5
2025-09-29 10:55	67.980	68.010	67.972	68.010	5
2025-09-29 11:00	68.005	68.045	67.980	67.985	5
2025-09-29 11:05	67.995	68.002	67.932	67.955	5
2025-09-29 11:10	67.956	67.965	67.892	67.915	5
2025-09-29 11:15	67.905	67.980	67.892	67.975	5
2025-09-29 11:20	67.965	67.985	67.902	67.942	5
2025-09-29 11:25	67.940	68.035	67.932	68.020	5
2025-09-29 11:30	68.015	68.105	68.002	68.025	5
2025-09-29 11:35	68.035	68.035	68.002	68.032	5
2025-09-29 11:40	68.025	68.075	68.012	68.045	5
2025-09-29 11:45	68.035	68.045	67.972	68.015	5
2025-09-29 11:50	68.010	68.065	67.992	68.040	5
2025-09-29 11:55	68.032	68.055	68.002	68.002	5
2025-09-29 12:00	67.992	68.035	67.922	68.015	5
2025-09-29 12:05	68.015	68.035	67.982	67.982	5
2025-09-29 12:10	67.975	67.985	67.812	67.852	5
2025-09-29 12:15	67.860	67.875	67.745	67.762	5
2025-09-29 12:20	67.755	67.845	67.712	67.832	5
2025-09-29 12:25	67.840	68.035	67.832	68.002	5
2025-09-29 12:30	67.995	68.030	67.935	67.935	5
2025-09-29 12:35	67.945	67.955	67.902	67.902	5
2025-09-29 12:40	67.900	68.015	67.852	68.012	5
2025-09-29 12:45	68.025	68.140	68.015	68.112	5
2025-09-29 12:50	68.105	68.110	68.012	68.062	5
2025-09-29 12:55	68.055	68.105	68.022	68.052	5
2025-09-29 13:00	68.048	68.048	67.887	67.905	5
2025-09-29 13:05	67.900	67.950	67.802	67.805	5
2025-09-29 13:10	67.800	67.830	67.712	67.742	5
2025-09-29 13:15	67.735	67.735	67.652	67.662	5
2025-09-29 13:20	67.652	67.675	67.382	67.490	5
2025-09-29 13:25	67.485	67.560	67.412	67.525	5
2025-09-29 13:30	67.535	67.615	67.490	67.570	5
2025-09-29 13:35	67.575	67.585	67.455	67.512	5
2025-09-29 13:40	67.505	67.515	67.455	67.455	5
2025-09-29 13:45	67.455	67.475	67.287	67.292	5
2025-09-29 13:50	67.305	67.315	67.235	67.242	5
2025-09-29 13:55	67.245	67.290	67.235	67.275	5
2025-09-29 14:00	67.280	67.345	67.235	67.342	5
2025-09-29 14:05	67.335	67.445	67.235	67.235	5
2025-09-29 14:10	67.235	67.290	67.235	67.282	5
2025-09-29 14:15	67.275	67.325	67.242	67.315	5
2025-09-29 14:20	67.305	67.305	67.235	67.275	5
2025-09-29 14:25	67.285	67.305	67.235	67.235	5
2025-09-29 14:30	67.240	67.365	67.235	67.362	5
2025-09-29 14:35	67.357	67.435	67.322	67.412	5
2025-09-29 14:40	67.405	67.435	67.332	67.352	5
2025-09-29 14:45	67.335	67.385	67.322	67.365	5
2025-09-29 14:50	67.355	67.365	67.295	67.332	5
2025-09-29 14:55	67.330	67.330	67.235	67.235	5
2025-09-29 15:00	67.235	67.285	67.172	67.205	5
2025-09-29 15:05	67.195	67.195	67.042	67.095	5
2025-09-29 15:10	67.085	67.135	66.982	67.020	5
2025-09-29 15:15	67.025	67.145	67.015	67.125	5
2025-09-29 15:20	67.120	67.155	66.990	67.000	5
2025-09-29 15:25	67.005	67.075	66.932	66.932	5
2025-09-29 15:30	66.925	66.965	66.752	66.950	5
2025-09-29 15:35	66.952	67.000	66.882	66.952	5
2025-09-29 15:40	66.945	66.975	66.842	66.972	5
2025-09-29 15:45	66.980	67.005	66.912	66.942	5
2025-09-29 15:50	66.945	66.955	66.892	66.942	5
2025-09-29 15:55	66.935	66.985	66.902	66.955	5
2025-09-29 16:00	66.950	67.025	66.935	66.950	5
2025-09-29 16:05	66.965	67.055	66.962	67.002	5
2025-09-29 16:10	67.015	67.030	66.985	67.002	5
2025-09-29 16:15	66.995	67.022	66.972	66.992	5
2025-09-29 16:20	66.985	67.055	66.932	67.025	5
2025-09-29 16:25	67.015	67.015	66.962	67.002	5
2025-09-29 16:30	67.015	67.015	66.972	67.012	5
2025-09-29 16:35	67.005	67.095	67.002	67.062	5
2025-09-29 16:40	67.052	67.052	66.980	66.982	5
2025-09-29 16:45	66.990	67.045	66.982	67.032	5
2025-09-29 16:50	67.025	67.045	66.982	66.995	5
2025-09-29 16:55	66.990	67.000	66.945	66.952	5
2025-09-29 17:00	66.950	66.955	66.862	66.865	5
2025-09-29 17:05	66.870	66.900	66.827	66.862	5
2025-09-29 17:10	66.855	66.875	66.812	66.812	5
2025-09-29 17:15	66.825	66.845	66.798	66.825	5
2025-09-29 17:20	66.815	66.835	66.782	66.805	5
2025-09-29 17:25	66.810	66.810	66.770	66.775	5
2025-09-29 17:30	66.785	66.815	66.762	66.792	5
2025-09-29 17:35	66.785	66.785	66.725	66.725	5
2025-09-29 17:40	66.740	66.765	66.682	66.742	5
2025-09-29 17:45	66.735	66.740	66.672	66.735	5
2025-09-29 17:50	66.745	66.745	66.702	66.735	5
2025-09-29 17:55	66.727	66.735	66.672	66.712	5
2025-09-29 18:00	66.708	66.740	66.662	66.680	5
2025-09-29 18:05	66.685	66.745	66.685	66.712	5
2025-09-29 18:10	66.720	66.805	66.692	66.805	5
2025-09-29 18:15	66.815	66.865	66.762	66.825	5
2025-09-29 18:20	66.830	66.905	66.815	66.895	5
2025-09-29 18:25	66.885	67.115	66.882	67.087	5
2025-09-29 18:30	67.085	67.085	66.992	66.992	5
2025-09-29 18:35	66.985	67.015	66.900	66.900	5
2025-09-29 18:40	66.902	66.925	66.852	66.887	5
2025-09-29 18:45	66.885	66.905	66.832	66.865	5
2025-09-29 18:50	66.875	66.885	66.845	66.872	5
2025-09-29 18:55	66.865	66.865	66.817	66.830	5
2025-09-29 19:00	66.835	66.855	66.802	66.852	5
2025-09-29 19:05	66.850	66.857	66.802	66.852	5
2025-09-29 19:10	66.845	66.845	66.822	66.827	5
2025-09-29 19:15	66.822	66.822	66.790	66.795	5
2025-09-29 19:20	66.800	66.815	66.780	66.792	5
2025-09-29 19:25	66.790	66.795	66.732	66.732	5
2025-09-29 19:30	66.737	66.785	66.712	66.775	5
2025-09-29 19:35	66.770	66.770	66.732	66.755	4
2025-09-29 19:40	66.745	66.775	66.732	66.775	5
2025-09-29 19:45	66.777	66.777	66.752	66.772	4
2025-09-29 19:50	66.785	66.790	66.752	66.785	5
2025-09-29 19:55	66.782	66.795	66.762	66.785	4
2025-09-29 20:00	66.762	66.792	66.752	66.787	5
2025-09-29 20:05	66.792	66.792	66.752	66.752	5
2025-09-29 20:10	66.752	66.757	66.752	66.752	5
2025-09-29 20:15	66.762	66.767	66.752	66.752	4
2025-09-29 20:20	66.757	66.768	66.752	66.752	3
2025-09-29 20:25	66.752	66.752	66.752	66.752	4
2025-09-29 20:30	66.752	66.752	66.752	66.752	5
2025-09-29 20:35	66.752	66.752	66.752	66.752	5
2025-09-29 20:40	66.752	66.752	66.752	66.752	5
2025-09-29 20:45	66.752	66.752	66.751	66.752	4
2025-09-29 20:50	66.751	66.751	66.677	66.697	5
2025-09-29 20:55	66.702	66.742	66.692	66.742	3
2025-09-30 00:00	66.683	66.705	66.642	66.665	5
2025-09-30 00:05	66.658	66.658	66.612	66.622	5
2025-09-30 00:10	66.620	66.670	66.617	66.665	5
2025-09-30 00:15	66.655	66.655	66.620	66.632	5
2025-09-30 00:20	66.640	66.660	66.635	66.648	4
2025-09-30 00:25	66.650	66.685	66.632	66.675	4
2025-09-30 00:30	66.670	66.670	66.648	66.670	5
2025-09-30 00:35	66.663	66.685	66.625	66.625	5
2025-09-30 00:40	66.630	66.655	66.630	66.645	5
2025-09-30 00:45	66.652	66.655	66.627	66.635	5
2025-09-30 00:50	66.645	66.685	66.642	66.682	5
2025-09-30 00:55	66.675	66.675	66.642	66.652	4
2025-09-30 01:00	66.650	66.710	66.602	66.690	5
2025-09-30 01:05	66.692	66.702	66.640	66.655	5
2025-09-30 01:10	66.660	66.662	66.592	66.610	5
2025-09-30 01:15	66.605	66.722	66.592	66.705	5
2025-09-30 01:20	66.710	66.725	66.690	66.695	5
2025-09-30 01:25	66.705	66.735	66.680	66.700	5
2025-09-30 01:30	66.692	66.735	66.680	66.705	5
2025-09-30 01:35	66.695	66.725	66.675	66.685	5
2025-09-30 01:40	66.690	66.745	66.685	66.740	5
2025-09-30 01:45	66.732	66.765	66.720	66.722	5
2025-09-30 01:50	66.720	66.765	66.702	66.755	5
2025-09-30 01:55	66.760	66.805	66.752	66.772	5
2025-09-30 02:00	66.767	66.775	66.712	66.725	5
2025-09-30 02:05	66.720	66.725	66.645	66.665	5
2025-09-30 02:10	66.670	66.695	66.662	66.685	5
2025-09-30 02:15	66.678	66.695	66.662	66.668	4
2025-09-30 02:20	66.670	66.670	66.645	66.652	5
2025-09-30 02:25	66.645	66.675	66.637	66.662	4
2025-09-30 02:30	66.655	66.665	66.630	66.635	4
2025-09-30 02:35	66.645	66.655	66.640	66.645	5
2025-09-30 02:40	66.650	66.695	66.642	66.675	5
2025-09-30 02:45	66.670	66.670	66.630	66.635	5
2025-09-30 02:50	66.625	66.655	66.620	66.650	5
2025-09-30 02:55	66.655	66.655	66.642	66.652	3
2025-09-30 03:00	66.645	66.645	66.625	66.642	2
2025-09-30 03:05	66.630	66.655	66.550	66.567	5
2025-09-30 03:10	66.560	66.585	66.530	66.550	5
2025-09-30 03:15	66.545	66.575	66.523	66.570	5
2025-09-30 03:20	66.562	66.562	66.497	66.520	5
2025-09-30 03:25	66.515	66.545	66.512	66.515	5
2025-09-30 03:30	66.520	66.545	66.520	66.537	5
2025-09-30 03:35	66.545	66.565	66.537	66.550	5
2025-09-30 03:40	66.543	66.555	66.540	66.555	3
2025-09-30 03:45	66.565	66.565	66.552	66.565	4
2025-09-30 03:50	66.585	66.622	66.572	66.622	5
2025-09-30 03:55	66.640	66.675	66.618	66.675	4
2025-09-30 04:00	66.690	66.720	66.672	66.707	4
2025-09-30 04:05	66.705	66.705	66.642	66.642	5
2025-09-30 04:10	66.635	66.645	66.617	66.632	4
2025-09-30 04:15	66.645	66.655	66.642	66.652	3
2025-09-30 04:20	66.660	66.665	66.643	66.655	4
2025-09-30 04:25	66.645	66.665	66.645	66.652	5
2025-09-30 04:30	66.650	66.650	66.622	66.645	3
2025-09-30 04:35	66.655	66.665	66.647	66.655	4
2025-09-30 04:40	66.647	66.655	66.632	66.645	5
2025-09-30 04:45	66.650	66.690	66.650	66.677	5
2025-09-30 04:50	66.675	66.675	66.622	66.660	5
2025-09-30 04:55	66.655	66.670	66.645	66.660	5
2025-09-30 05:00	66.652	66.680	66.637	66.680	5
2025-09-30 05:05	66.685	66.685	66.637	66.645	5
2025-09-30 05:10	66.655	66.722	66.652	66.722	5
2025-09-30 05:15	66.715	66.720	66.690	66.700	5
2025-09-30 05:20	66.692	66.730	66.685	66.695	5
2025-09-30 05:25	66.690	66.712	66.675	66.675	5
2025-09-30 05:30	66.665	66.675	66.615	66.665	5
2025-09-30 05:35	66.652	66.680	66.600	66.680	5
2025-09-30 05:40	66.700	66.805	66.683	66.787	5
2025-09-30 05:45	66.782	66.792	66.727	66.750	5
2025-09-30 05:50	66.755	66.775	66.737	66.772	5
2025-09-30 05:55	66.767	66.780	66.747	66.752	5
2025-09-30 06:00	66.735	66.805	66.715	66.800	5
2025-09-30 06:05	66.795	66.815	66.772	66.805	5
2025-09-30 06:10	66.815	66.815	66.702	66.702	5
2025-09-30 06:15	66.710	66.715	66.662	66.662	5
2025-09-30 06:20	66.675	66.785	66.655	66.785	5
2025-09-30 06:25	66.795	66.805	66.735	66.752	5
2025-09-30 06:30	66.750	66.750	66.682	66.705	5
2025-09-30 06:35	66.715	66.735	66.682	66.702	5
2025-09-30 06:40	66.710	66.725	66.682	66.722	5
2025-09-30 06:45	66.730	66.755	66.682	66.737	5
2025-09-30 06:50	66.732	66.735	66.692	66.702	5
2025-09-30 06:55	66.685	66.785	66.675	66.755	5
2025-09-30 07:00	66.752	66.755	66.662	66.662	5
2025-09-30 07:05	66.640	66.665	66.542	66.562	5
2025-09-30 07:10	66.575	66.645	66.557	66.620	5
2025-09-30 07:15	66.635	66.660	66.482	66.502	5
2025-09-30 07:20	66.495	66.495	66.382	66.395	5
2025-09-30 07:25	66.415	66.435	66.322	66.322	5
2025-09-30 07:30	66.320	66.335	66.270	66.282	5
2025-09-30 07:35	66.295	66.422	66.252	66.422	5
2025-09-30 07:40	66.435	66.445	66.338	66.355	5
2025-09-30 07:45	66.365	66.415	66.352	66.402	5
2025-09-30 07:50	66.395	66.465	66.385	66.425	5
2025-09-30 07:55	66.430	66.432	66.332	66.362	5
2025-09-30 08:00	66.352	66.415	66.302	66.310	5
2025-09-30 08:05	66.315	66.335	66.282	66.285	5
2025-09-30 08:10	66.275	66.365	66.242	66.312	5
2025-09-30 08:15	66.310	66.352	66.242	66.322	5
2025-09-30 08:20	66.320	66.345	66.252	66.272	5
2025-09-30 08:25	66.270	66.285	66.222	66.265	5
2025-09-30 08:30	66.270	66.270	66.132	66.175	5
2025-09-30 08:35	66.155	66.185	66.077	66.142	5
2025-09-30 08:40	66.140	66.365	66.095	66.360	5
2025-09-30 08:45	66.362	66.525	66.348	66.465	5
2025-09-30 08:50	66.462	66.585	66.462	66.555	5
2025-09-30 08:55	66.565	66.602	66.552	66.552	5
2025-09-30 09:00	66.535	66.612	66.482	66.562	5
2025-09-30 09:05	66.575	66.575	66.452	66.502	5
2025-09-30 09:10	66.500	66.515	66.452	66.505	5
2025-09-30 09:15	66.500	66.585	66.490	66.495	5
2025-09-30 09:20	66.510	66.612	66.497	66.522	5
2025-09-30 09:25	66.535	66.535	66.352	66.442	5
2025-09-30 09:30	66.435	66.475	66.380	66.462	5
2025-09-30 09:35	66.455	66.455	66.342	66.372	5
2025-09-30 09:40	66.385	66.460	66.352	66.452	5
2025-09-30 09:45	66.440	66.450	66.290	66.302	5
2025-09-30 09:50	66.295	66.365	66.290	66.292	5
2025-09-30 09:55	66.305	66.355	66.292	66.315	5
2025-09-30 10:00	66.305	66.420	66.262	66.375	5
2025-09-30 10:05	66.370	66.395	66.315	66.327	5
2025-09-30 10:10	66.335	66.495	66.318	66.477	5
2025-09-30 10:15	66.482	66.535	66.322	66.375	5
2025-09-30 10:20	66.385	66.475	66.365	66.455	5
2025-09-30 10:25	66.465	66.547	66.430	66.522	5
2025-09-30 10:30	66.535	66.665	66.518	66.665	5
2025-09-30 10:35	66.680	66.735	66.640	66.722	5
2025-09-30 10:40	66.720	66.730	66.610	66.612	5
2025-09-30 10:45	66.625	66.625	66.542	66.552	5
2025-09-30 10:50	66.565	66.565	66.532	66.550	5
2025-09-30 10:55	66.552	66.575	66.520	66.542	5
2025-09-30 11:00	66.545	66.645	66.545	66.632	5
2025-09-30 11:05	66.625	66.645	66.602	66.602	5
2025-09-30 11:10	66.600	66.610	66.555	66.597	5
2025-09-30 11:15	66.605	66.605	66.552	66.572	5
2025-09-30 11:20	66.585	66.585	66.532	66.542	5
2025-09-30 11:25	66.540	66.585	66.505	66.580	5
2025-09-30 11:30	66.585	66.585	66.455	66.515	5
2025-09-30 11:35	66.505	66.615	66.492	66.565	5
2025-09-30 11:40	66.557	66.560	66.490	66.525	5
2025-09-30 11:45	66.520	66.565	66.512	66.525	5
2025-09-30 11:50	66.520	66.545	66.447	66.452	5
2025-09-30 11:55	66.465	66.515	65.842	65.867	5
2025-09-30 12:00	65.885	65.910	65.635	65.782	5
2025-09-30 12:05	65.772	65.840	65.702	65.762	5
2025-09-30 12:10	65.760	65.915	65.622	65.825	5
2025-09-30 12:15	65.835	65.965	65.812	65.952	5
2025-09-30 12:20	65.960	66.065	65.950	66.010	5
2025-09-30 12:25	66.005	66.005	65.862	65.900	5
2025-09-30 12:30	65.895	65.895	65.762	65.792	5
2025-09-30 12:35	65.785	65.795	65.712	65.732	5
2025-09-30 12:40	65.745	65.765	65.662	65.690	5
2025-09-30 12:45	65.682	65.755	65.662	65.742	5
2025-09-30 12:50	65.740	66.005	65.730	65.955	5
2025-09-30 12:55	65.950	65.955	65.872	65.915	5
2025-09-30 13:00	65.930	66.250	65.880	66.160	5
2025-09-30 13:05	66.162	66.205	66.035	66.082	5
2025-09-30 13:10	66.095	66.145	66.022	66.132	5
2025-09-30 13:15	66.130	66.325	66.130	66.265	5
2025-09-30 13:20	66.270	66.285	66.142	66.152	5
2025-09-30 13:25	66.165	66.180	66.042	66.172	5
2025-09-30 13:30	66.170	66.170	66.015	66.062	5
2025-09-30 13:35	66.060	66.095	66.022	66.050	5
2025-09-30 13:40	66.055	66.075	65.972	66.005	5
2025-09-30 13:45	66.015	66.192	66.012	66.142	5
2025-09-30 13:50	66.155	66.205	66.092	66.172	5
2025-09-30 13:55	66.185	66.315	66.180	66.227	5
2025-09-30 14:00	66.245	66.285	66.142	66.185	5
2025-09-30 14:05	66.177	66.225	66.070	66.075	5
2025-09-30 14:10	66.070	66.105	66.032	66.072	5
2025-09-30 14:15	66.065	66.185	66.060	66.135	5
2025-09-30 14:20	66.145	66.185	66.115	66.125	5
2025-09-30 14:25	66.145	66.210	66.002	66.010	5
2025-09-30 14:30	66.002	66.002	65.912	65.970	5
2025-09-30 14:35	65.975	66.065	65.862	65.952	5
2025-09-30 14:40	65.955	65.985	65.862	65.932	5
2025-09-30 14:45	65.925	65.925	65.832	65.885	5
2025-09-30 14:50	65.875	65.915	65.815	65.905	5
2025-09-30 14:55	65.920	65.935	65.820	65.825	5
2025-09-30 15:00	65.815	65.950	65.812	65.942	5
2025-09-30 15:05	65.965	66.035	65.870	65.902	5
2025-09-30 15:10	65.895	65.965	65.890	65.957	5
2025-09-30 15:15	65.957	66.065	65.935	66.032	5
2025-09-30 15:20	66.030	66.065	65.932	66.035	5
2025-09-30 15:25	66.045	66.155	66.018	66.035	5
2025-09-30 15:30	66.032	66.115	65.960	66.055	5
2025-09-30 15:35	66.060	66.185	66.052	66.092	5
2025-09-30 15:40	66.097	66.570	66.042	66.565	5
2025-09-30 15:45	66.552	66.587	66.292	66.442	5
2025-09-30 15:50	66.425	66.457	66.215	66.312	5
2025-09-30 15:55	66.325	66.375	66.262	66.350	5
2025-09-30 16:00	66.345	66.505	66.322	66.480	5
2025-09-30 16:05	66.472	66.515	66.412	66.452	5
2025-09-30 16:10	66.445	66.450	66.382	66.397	5
2025-09-30 16:15	66.410	66.435	66.342	66.412	5
2025-09-30 16:20	66.405	66.585	66.402	66.510	5
2025-09-30 16:25	66.505	66.535	66.480	66.502	5
2025-09-30 16:30	66.515	66.525	66.442	66.472	5
2025-09-30 16:35	66.465	66.485	66.412	66.420	5
2025-09-30 16:40	66.415	66.445	66.332	66.435	5
2025-09-30 16:45	66.430	66.475	66.342	66.342	5
2025-09-30 16:50	66.355	66.445	66.352	66.415	5
2025-09-30 16:55	66.425	66.435	66.342	66.352	5
2025-09-30 17:00	66.365	66.375	66.312	66.350	5
2025-09-30 17:05	66.355	66.390	66.347	66.365	5
2025-09-30 17:10	66.357	66.380	66.265	66.272	5
2025-09-30 17:15	66.265	66.305	66.242	66.275	5
2025-09-30 17:20	66.265	66.275	66.215	66.235	5
2025-09-30 17:25	66.245	66.275	66.222	66.250	5
2025-09-30 17:30	66.245	66.262	66.215	66.242	5
2025-09-30 17:35	66.240	66.245	66.192	66.202	5
2025-09-30 17:40	66.195	66.195	66.132	66.147	5
2025-09-30 17:45	66.155	66.165	66.112	66.125	5
2025-09-30 17:50	66.125	66.165	66.122	66.125	5
2025-09-30 17:55	66.115	66.125	66.022	66.060	5
2025-09-30 18:00	66.075	66.080	66.032	66.050	5
2025-09-30 18:05	66.042	66.095	66.032	66.042	5
2025-09-30 18:10	66.050	66.085	66.032	66.060	5
2025-09-30 18:15	66.052	66.125	66.042	66.105	5
2025-09-30 18:20	66.095	66.105	65.982	66.000	5
2025-09-30 18:25	65.992	66.035	65.982	66.015	5
2025-09-30 18:30	66.005	66.125	65.982	66.102	5
2025-09-30 18:35	66.115	66.145	66.092	66.112	5
2025-09-30 18:40	66.120	66.165	66.120	66.152	5
2025-09-30 18:45	66.145	66.165	66.122	66.155	5
2025-09-30 18:50	66.160	66.180	66.137	66.172	5
2025-09-30 18:55	66.180	66.205	66.162	66.200	5
2025-09-30 19:00	66.205	66.230	66.192	66.192	5
2025-09-30 19:05	66.185	66.240	66.185	66.240	5
2025-09-30 19:10	66.245	66.245	66.192	66.212	5
2025-09-30 19:15	66.225	66.225	66.192	66.200	5
2025-09-30 19:20	66.205	66.215	66.172	66.190	5
2025-09-30 19:25	66.185	66.192	66.172	66.182	4
2025-09-30 19:30	66.175	66.190	66.172	66.182	5
2025-09-30 19:35	66.172	66.185	66.132	66.160	5
2025-09-30 19:40	66.162	66.170	66.132	66.137	5
2025-09-30 19:45	66.132	66.165	66.112	66.137	5
2025-09-30 19:50	66.132	66.190	66.112	66.190	5
2025-09-30 19:55	66.185	66.190	66.132	66.142	5
2025-09-30 20:00	66.127	66.132	66.077	66.107	5
2025-09-30 20:05	66.112	66.142	66.112	66.127	4
2025-09-30 20:10	66.132	66.137	66.112	66.122	5
2025-09-30 20:20	66.142	66.152	66.142	66.147	3
2025-09-30 20:25	66.142	66.162	66.132	66.132	5
2025-09-30 20:30	66.127	66.127	66.072	66.102	5
2025-09-30 20:35	66.107	66.122	66.102	66.112	5
2025-09-30 20:40	66.092	66.102	66.062	66.062	5
2025-09-30 20:45	66.062	66.062	66.007	66.017	5
2025-09-30 20:50	66.007	66.022	66.002	66.022	4
2025-09-30 20:55	66.012	66.047	66.012	66.042	5
2025-10-01 00:00	66.155	66.215	66.115	66.202	5
2025-10-01 00:05	66.195	66.230	66.122	66.140	5
2025-10-01 00:10	66.145	66.145	66.077	66.092	5
2025-10-01 00:15	66.085	66.085	66.022	66.045	5
2025-10-01 00:20	66.035	66.055	65.982	65.992	5
2025-10-01 00:25	65.987	65.992	65.942	65.955	5
2025-10-01 00:30	65.950	65.975	65.935	65.962	5
2025-10-01 00:35	65.955	65.960	65.935	65.945	5
2025-10-01 00:40	65.950	65.965	65.950	65.962	4
2025-10-01 00:45	65.970	65.975	65.930	65.930	5
2025-10-01 00:50	65.932	65.932	65.882	65.898	5
2025-10-01 00:55	65.905	65.905	65.852	65.862	5
2025-10-01 01:00	65.857	65.980	65.857	65.970	5
2025-10-01 01:05	65.965	66.015	65.947	65.995	5
2025-10-01 01:10	66.010	66.165	66.002	66.127	5
2025-10-01 01:15	66.125	66.205	66.103	66.152	5
2025-10-01 01:20	66.160	66.210	66.102	66.115	5
2025-10-01 01:25	66.130	66.155	66.122	66.152	5
2025-10-01 01:30	66.165	66.165	66.102	66.132	5
2025-10-01 01:35	66.120	66.165	66.115	66.162	4
2025-10-01 01:40	66.160	66.185	66.155	66.172	4
2025-10-01 01:45	66.165	66.175	66.135	66.152	5
2025-10-01 01:50	66.150	66.165	66.137	66.165	5
2025-10-01 01:55	66.180	66.180	66.142	66.150	5
2025-10-01 02:00	66.142	66.170	66.122	66.130	5
2025-10-01 02:05	66.125	66.152	66.120	66.130	5
2025-10-01 02:10	66.125	66.185	66.115	66.162	5
2025-10-01 02:15	66.158	66.175	66.137	66.155	4
2025-10-01 02:20	66.157	66.187	66.132	66.187	5
2025-10-01 02:25	66.185	66.225	66.175	66.220	5
2025-10-01 02:30	66.215	66.215	66.175	66.175	3
2025-10-01 02:35	66.168	66.168	66.135	66.145	5
2025-10-01 02:40	66.135	66.155	66.128	66.150	5
2025-10-01 02:45	66.142	66.155	66.100	66.100	5
2025-10-01 02:50	66.102	66.115	66.072	66.085	3
2025-10-01 02:55	66.090	66.115	66.082	66.112	2
2025-10-01 03:00	66.110	66.135	66.107	66.122	4
2025-10-01 03:05	66.115	66.115	66.097	66.107	5
2025-10-01 03:10	66.105	66.115	66.105	66.110	5
2025-10-01 03:15	66.115	66.135	66.110	66.112	5
2025-10-01 03:20	66.125	66.140	66.122	66.135	5
2025-10-01 03:25	66.140	66.145	66.110	66.112	4
2025-10-01 03:30	66.108	66.125	66.082	66.082	5
2025-10-01 03:35	66.090	66.090	66.057	66.067	4
2025-10-01 03:40	66.063	66.115	66.063	66.115	4
2025-10-01 03:45	66.125	66.135	66.100	66.132	2
2025-10-01 03:50	66.137	66.205	66.112	66.197	5
2025-10-01 03:55	66.192	66.195	66.175	66.182	4
2025-10-01 04:00	66.180	66.185	66.162	66.185	4
2025-10-01 04:05	66.195	66.200	66.172	66.190	5
2025-10-01 04:10	66.185	66.185	66.167	66.175	4
2025-10-01 04:15	66.170	66.175	66.165	66.175	4
2025-10-01 04:20	66.168	66.205	66.168	66.205	5
2025-10-01 04:25	66.198	66.225	66.198	66.215	5
2025-10-01 04:30	66.195	66.215	66.175	66.202	5
2025-10-01 04:35	66.210	66.215	66.202	66.202	3
2025-10-01 04:40	66.210	66.210	66.198	66.202	4
2025-10-01 04:45	66.230	66.235	66.222	66.230	3
2025-10-01 04:50	66.235	66.245	66.225	66.245	3
2025-10-01 04:55	66.240	66.275	66.240	66.270	4
2025-10-01 05:00	66.262	66.295	66.252	66.282	4
2025-10-01 05:05	66.292	66.295	66.275	66.295	5
2025-10-01 05:10	66.305	66.315	66.290	66.290	4
2025-10-01 05:15	66.285	66.300	66.272	66.285	5
2025-10-01 05:20	66.295	66.315	66.265	66.285	5
2025-10-01 05:25	66.295	66.295	66.220	66.225	5
2025-10-01 05:30	66.217	66.260	66.182	66.202	5
2025-10-01 05:35	66.200	66.205	66.182	66.187	5
2025-10-01 05:40	66.192	66.200	66.165	66.175	5
2025-10-01 05:45	66.170	66.170	66.142	66.150	4
2025-10-01 05:50	66.130	66.142	66.122	66.122	4
2025-10-01 05:55	66.117	66.130	66.102	66.102	5
2025-10-01 06:00	66.095	66.155	66.092	66.135	5
2025-10-01 06:05	66.125	66.125	66.092	66.092	5
2025-10-01 06:10	66.105	66.155	66.092	66.155	4
2025-10-01 06:15	66.160	66.165	66.135	66.162	5
2025-10-01 06:20	66.155	66.205	66.137	66.192	5
2025-10-01 06:25	66.200	66.235	66.142	66.222	5
2025-10-01 06:30	66.227	66.230	66.132	66.160	5
2025-10-01 06:35	66.162	66.255	66.162	66.245	5
2025-10-01 06:40	66.265	66.315	66.230	66.285	5
2025-10-01 06:45	66.280	66.295	66.232	66.265	5
2025-10-01 06:50	66.270	66.310	66.252	66.287	5
2025-10-01 06:55	66.295	66.295	66.220	66.252	4
2025-10-01 07:00	66.235	66.325	66.212	66.295	5
2025-10-01 07:05	66.305	66.425	66.272	66.382	5
2025-10-01 07:10	66.400	66.445	66.355	66.435	5
2025-10-01 07:15	66.405	66.405	66.312	66.365	5
2025-10-01 07:20	66.372	66.445	66.372	66.422	5
2025-10-01 07:25	66.432	66.475	66.388	66.435	5
2025-10-01 07:30	66.445	66.495	66.422	66.495	5
2025-10-01 07:35	66.492	66.492	66.412	66.412	5
2025-10-01 07:40	66.405	66.445	66.375	66.430	5
2025-10-01 07:45	66.425	66.445	66.367	66.382	5
2025-10-01 07:50	66.390	66.395	66.325	66.345	5
2025-10-01 07:55	66.355	66.455	66.335	66.422	5
2025-10-01 08:00	66.425	66.500	66.392	66.482	5
2025-10-01 08:05	66.495	66.515	66.432	66.452	5
2025-10-01 08:10	66.465	66.515	66.447	66.512	5
2025-10-01 08:15	66.525	66.545	66.445	66.462	5
2025-10-01 08:20	66.475	66.485	66.402	66.470	5
2025-10-01 08:25	66.475	66.475	66.182	66.205	5
2025-10-01 08:30	66.202	66.300	66.082	66.082	5
2025-10-01 08:35	66.075	66.135	65.892	65.905	5
2025-10-01 08:40	65.915	65.920	65.662	65.822	5
2025-10-01 08:45	65.830	65.837	65.732	65.820	5
2025-10-01 08:50	65.825	65.875	65.772	65.772	5
2025-10-01 08:55	65.780	65.825	65.755	65.817	5
2025-10-01 09:00	65.815	65.885	65.762	65.772	5
2025-10-01 09:05	65.765	65.790	65.665	65.680	5
2025-10-01 09:10	65.672	65.675	65.540	65.582	5
2025-10-01 09:15	65.595	65.645	65.532	65.532	5
2025-10-01 09:20	65.537	65.575	65.430	65.445	5
2025-10-01 09:25	65.435	65.505	65.395	65.452	5
2025-10-01 09:30	65.450	65.542	65.427	65.512	5
2025-10-01 09:35	65.495	65.515	65.422	65.432	5
2025-10-01 09:40	65.445	65.455	65.366	65.372	5
2025-10-01 09:45	65.370	65.375	65.302	65.352	5
2025-10-01 09:50	65.350	65.470	65.350	65.452	5
2025-10-01 09:55	65.465	65.525	65.440	65.522	5
2025-10-01 10:00	65.515	65.735	65.512	65.722	5
2025-10-01 10:05	65.735	65.855	65.712	65.832	5
2025-10-01 10:10	65.825	65.945	65.792	65.862	5
2025-10-01 10:15	65.855	65.965	65.842	65.885	5
2025-10-01 10:20	65.895	65.920	65.840	65.852	5
2025-10-01 10:25	65.865	65.995	65.855	65.952	5
2025-10-01 10:30	65.975	66.035	65.962	66.005	5
2025-10-01 10:35	65.985	66.040	65.942	66.025	5
2025-10-01 10:40	66.022	66.045	65.792	65.802	5
2025-10-01 10:45	65.795	65.885	65.722	65.870	5
2025-10-01 10:50	65.872	65.902	65.837	65.885	5
2025-10-01 10:55	65.875	65.925	65.852	65.855	5
2025-10-01 11:00	65.845	65.845	65.725	65.755	5
2025-10-01 11:05	65.725	65.735	65.642	65.680	5
2025-10-01 11:10	65.682	65.720	65.635	65.675	5
2025-10-01 11:15	65.680	65.765	65.632	65.762	5
2025-10-01 11:20	65.760	65.802	65.742	65.762	5
2025-10-01 11:25	65.760	65.802	65.702	65.782	5
2025-10-01 11:30	65.795	65.850	65.745	65.745	5
2025-10-01 11:35	65.740	65.740	65.632	65.680	5
2025-10-01 11:40	65.682	65.695	65.622	65.657	5
2025-10-01 11:45	65.655	65.765	65.642	65.762	5
2025-10-01 11:50	65.765	65.775	65.690	65.695	5
2025-10-01 11:55	65.700	65.755	65.692	65.755	5
2025-10-01 12:00	65.780	65.790	65.645	65.722	5
2025-10-01 12:05	65.735	65.755	65.642	65.732	5
2025-10-01 12:10	65.725	65.760	65.657	65.707	5
2025-10-01 12:15	65.712	65.745	65.522	65.595	5
2025-10-01 12:20	65.590	65.685	65.552	65.575	5
2025-10-01 12:25	65.565	65.645	65.532	65.607	5
2025-10-01 12:30	65.605	65.605	65.487	65.570	5
2025-10-01 12:35	65.565	65.615	65.502	65.582	5
2025-10-01 12:40	65.575	65.602	65.482	65.555	5
2025-10-01 12:45	65.550	65.595	65.522	65.570	5
2025-10-01 12:50	65.565	65.570	65.395	65.435	5
2025-10-01 12:55	65.440	65.512	65.392	65.505	5
2025-10-01 13:00	65.475	65.525	65.320	65.372	5
2025-10-01 13:05	65.365	65.700	65.342	65.700	5
2025-10-01 13:10	65.695	65.720	65.512	65.512	5
2025-10-01 13:15	65.525	65.525	65.397	65.405	5
2025-10-01 13:20	65.395	65.405	65.312	65.320	5
2025-10-01 13:25	65.312	65.315	65.162	65.172	5
2025-10-01 13:30	65.165	65.205	65.058	65.182	5
2025-10-01 13:35	65.190	65.290	65.165	65.205	5
2025-10-01 13:40	65.225	65.325	65.155	65.220	5
2025-10-01 13:45	65.208	65.215	65.132	65.145	5
2025-10-01 13:50	65.142	65.175	65.058	65.122	5
2025-10-01 13:55	65.135	65.225	65.122	65.202	5
2025-10-01 14:00	65.185	65.215	65.097	65.112	5
2025-10-01 14:05	65.112	65.215	65.092	65.165	5
2025-10-01 14:10	65.172	65.245	65.137	65.212	5
2025-10-01 14:15	65.210	65.380	65.182	65.372	5
2025-10-01 14:20	65.365	65.475	65.342	65.392	5
2025-10-01 14:25	65.405	65.535	65.388	65.512	5
2025-10-01 14:30	65.510	65.510	65.182	65.365	5
2025-10-01 14:35	65.375	65.445	65.282	65.302	5
2025-10-01 14:40	65.300	65.460	65.182	65.370	5
2025-10-01 14:45	65.360	65.600	65.320	65.592	5
2025-10-01 14:50	65.587	65.590	65.422	65.450	5
2025-10-01 14:55	65.452	65.495	65.402	65.462	5
2025-10-01 15:00	65.458	65.565	65.222	65.232	5
2025-10-01 15:05	65.225	65.285	65.112	65.172	5
2025-10-01 15:10	65.165	65.165	65.062	65.135	5
2025-10-01 15:15	65.132	65.350	65.102	65.302	5
2025-10-01 15:20	65.325	65.550	65.310	65.532	5
2025-10-01 15:25	65.550	65.660	65.492	65.582	5
2025-10-01 15:30	65.595	65.645	65.342	65.625	5
2025-10-01 15:35	65.615	65.625	65.452	65.465	5
2025-10-01 15:40	65.455	65.470	65.382	65.392	5
2025-10-01 15:45	65.405	65.445	65.282	65.332	5
2025-10-01 15:50	65.340	65.385	65.302	65.342	5
2025-10-01 15:55	65.340	65.415	65.322	65.385	5
2025-10-01 16:00	65.382	65.555	65.355	65.462	5
2025-10-01 16:05	65.455	65.565	65.412	65.542	5
2025-10-01 16:10	65.555	65.692	65.522	65.670	5
2025-10-01 16:15	65.675	65.805	65.652	65.750	5
2025-10-01 16:20	65.755	65.845	65.720	65.755	5
2025-10-01 16:25	65.745	65.775	65.662	65.740	5
2025-10-01 16:30	65.735	65.805	65.672	65.712	5
2025-10-01 16:35	65.705	65.710	65.552	65.552	5
2025-10-01 16:40	65.560	65.605	65.537	65.575	5
2025-10-01 16:45	65.580	65.590	65.462	65.475	5
2025-10-01 16:50	65.470	65.485	65.342	65.382	5
2025-10-01 16:55	65.395	65.455	65.372	65.392	5
2025-10-01 17:00	65.395	65.465	65.362	65.412	5
2025-10-01 17:05	65.410	65.505	65.402	65.455	5
2025-10-01 17:10	65.450	65.460	65.395	65.395	5
2025-10-01 17:15	65.405	65.545	65.402	65.492	5
2025-10-01 17:20	65.490	65.515	65.442	65.452	5
2025-10-01 17:25	65.465	65.475	65.402	65.435	5
2025-10-01 17:30	65.440	65.475	65.425	65.470	5
2025-10-01 17:35	65.462	65.465	65.412	65.422	5
2025-10-01 17:40	65.415	65.415	65.352	65.372	5
2025-10-01 17:45	65.365	65.385	65.312	65.342	5
2025-10-01 17:50	65.340	65.405	65.312	65.397	5
2025-10-01 17:55	65.395	65.420	65.362	65.382	5
2025-10-01 18:00	65.395	65.417	65.292	65.322	5
2025-10-01 18:05	65.335	65.435	65.282	65.420	5
2025-10-01 18:10	65.425	65.465	65.322	65.352	5
2025-10-01 18:15	65.360	65.415	65.335	65.362	5
2025-10-01 18:20	65.375	65.385	65.305	65.342	5
2025-10-01 18:25	65.355	65.415	65.265	65.332	5
2025-10-01 18:30	65.345	65.375	65.282	65.352	5
2025-10-01 18:35	65.350	65.385	65.335	65.382	5
2025-10-01 18:40	65.395	65.425	65.382	65.412	5
2025-10-01 18:45	65.425	65.495	65.422	65.480	5
2025-10-01 18:50	65.485	65.515	65.457	65.492	4
2025-10-01 18:55	65.485	65.485	65.455	65.475	5
2025-10-01 19:00	65.475	65.510	65.462	65.472	5
2025-10-01 19:05	65.485	65.505	65.482	65.500	5
2025-10-01 19:10	65.502	65.515	65.490	65.505	4
2025-10-01 19:15	65.525	65.537	65.512	65.535	5
2025-10-01 19:20	65.545	65.580	65.542	65.562	5
2025-10-01 19:25	65.567	65.575	65.532	65.575	5
2025-10-01 19:30	65.585	65.595	65.552	65.575	5
2025-10-01 19:35	65.580	65.635	65.572	65.600	5
2025-10-01 19:40	65.595	65.600	65.532	65.550	5
2025-10-01 19:45	65.555	65.575	65.538	65.538	5
2025-10-01 19:50	65.540	65.542	65.502	65.512	5
2025-10-01 19:55	65.520	65.545	65.495	65.505	5
2025-10-01 20:00	65.510	65.522	65.477	65.517	5
2025-10-01 20:05	65.517	65.532	65.482	65.482	5
2025-10-01 20:10	65.487	65.487	65.452	65.457	5
2025-10-01 20:15	65.452	65.462	65.412	65.412	5
2025-10-01 20:20	65.417	65.422	65.332	65.337	5
2025-10-01 20:25	65.332	65.372	65.332	65.367	5
2025-10-01 20:30	65.372	65.372	65.332	65.342	3
2025-10-01 20:35	65.352	65.387	65.347	65.382	5
2025-10-01 20:40	65.382	65.392	65.357	65.372	5
2025-10-01 20:45	65.372	65.372	65.312	65.327	5
2025-10-01 20:50	65.332	65.352	65.302	65.352	5
2025-10-01 20:55	65.352	65.373	65.347	65.357	4
2025-10-02 00:00	65.407	66.117	65.402	65.822	5
2025-10-02 00:05	65.820	65.860	65.752	65.757	5
2025-10-02 00:10	65.752	65.752	65.572	65.600	5
2025-10-02 00:15	65.605	65.665	65.577	65.577	5
2025-10-02 00:20	65.590	65.680	65.562	65.652	5
2025-10-02 00:25	65.650	65.670	65.530	65.542	5
2025-10-02 00:30	65.550	65.565	65.507	65.530	5
2025-10-02 00:35	65.532	65.545	65.507	65.535	5
2025-10-02 00:40	65.545	65.552	65.497	65.507	4
2025-10-02 00:45	65.525	65.545	65.472	65.517	5
2025-10-02 00:50	65.515	65.535	65.492	65.512	5
2025-10-02 00:55	65.520	65.575	65.510	65.510	5
2025-10-02 01:00	65.505	65.550	65.462	65.462	5
2025-10-02 01:05	65.467	65.485	65.447	65.480	5
2025-10-02 01:10	65.495	65.555	65.442	65.482	5
2025-10-02 01:15	65.490	65.490	65.450	65.470	5
2025-10-02 01:20	65.475	65.540	65.468	65.502	5
2025-10-02 01:25	65.507	65.525	65.502	65.512	5
2025-10-02 01:30	65.505	65.570	65.502	65.562	5
2025-10-02 01:35	65.570	65.590	65.562	65.580	5
2025-10-02 01:40	65.585	65.615	65.572	65.605	5
2025-10-02 01:45	65.615	65.690	65.597	65.650	5
2025-10-02 01:50	65.642	65.670	65.642	65.667	4
2025-10-02 01:55	65.675	65.675	65.632	65.662	5
2025-10-02 02:00	65.675	65.675	65.648	65.648	5
2025-10-02 02:05	65.665	65.695	65.655	65.675	5
2025-10-02 02:10	65.665	65.690	65.645	65.685	5
2025-10-02 02:15	65.690	65.705	65.647	65.682	5
2025-10-02 02:20	65.675	65.715	65.665	65.675	5
2025-10-02 02:25	65.665	65.725	65.662	65.720	5
2025-10-02 02:30	65.712	65.805	65.712	65.785	5
2025-10-02 02:35	65.790	65.795	65.762	65.782	5
2025-10-02 02:40	65.780	65.847	65.762	65.830	5
2025-10-02 02:45	65.825	65.865	65.740	65.760	5
2025-10-02 02:50	65.752	65.805	65.752	65.782	5
2025-10-02 02:55	65.795	65.795	65.712	65.765	5
2025-10-02 03:00	65.760	65.775	65.700	65.700	5
2025-10-02 03:05	65.685	65.695	65.657	65.662	5
2025-10-02 03:10	65.660	65.665	65.572	65.615	5
2025-10-02 03:15	65.635	65.662	65.622	65.645	5
2025-10-02 03:20	65.650	65.665	65.637	65.650	5
2025-10-02 03:25	65.645	65.655	65.628	65.635	4
2025-10-02 03:30	65.640	65.670	65.632	65.645	5
2025-10-02 03:35	65.647	65.670	65.647	65.665	5
2025-10-02 03:40	65.658	65.675	65.658	65.675	4
2025-10-02 03:45	65.665	65.665	65.627	65.637	4
2025-10-02 03:50	65.635	65.685	65.632	65.682	4
2025-10-02 03:55	65.695	65.710	65.682	65.705	4
2025-10-02 04:00	65.690	65.735	65.687	65.690	5
2025-10-02 04:05	65.685	65.685	65.665	65.667	5
2025-10-02 04:10	65.675	65.692	65.662	65.672	5
2025-10-02 04:15	65.665	65.682	65.652	65.652	4
2025-10-02 04:20	65.648	65.685	65.648	65.682	4
2025-10-02 04:25	65.675	65.685	65.652	65.665	5
2025-10-02 04:30	65.670	65.680	65.662	65.680	5
2025-10-02 04:35	65.685	65.685	65.652	65.668	5
2025-10-02 04:40	65.670	65.690	65.670	65.682	5
2025-10-02 04:45	65.675	65.692	65.672	65.680	4
2025-10-02 04:50	65.685	65.685	65.642	65.650	4
2025-10-02 04:55	65.642	65.655	65.615	65.622	5
2025-10-02 05:00	65.635	65.695	65.632	65.692	5
2025-10-02 05:05	65.715	65.715	65.697	65.705	5
2025-10-02 05:10	65.695	65.720	65.675	65.682	5
2025-10-02 05:15	65.680	65.760	65.680	65.740	5
2025-10-02 05:20	65.735	65.820	65.722	65.780	5
2025-10-02 05:25	65.782	65.785	65.742	65.742	5
2025-10-02 05:30	65.735	65.780	65.732	65.750	5
2025-10-02 05:35	65.745	65.765	65.692	65.702	5
2025-10-02 05:40	65.720	65.720	65.672	65.672	4
2025-10-02 05:45	65.665	65.690	65.655	65.662	5
2025-10-02 05:50	65.670	65.685	65.642	65.665	5
2025-10-02 05:55	65.667	65.690	65.627	65.642	5
2025-10-02 06:00	65.625	65.655	65.595	65.620	5
2025-10-02 06:05	65.610	65.625	65.485	65.522	5
2025-10-02 06:10	65.515	65.635	65.512	65.560	5
2025-10-02 06:15	65.565	65.565	65.482	65.515	5
2025-10-02 06:20	65.490	65.540	65.452	65.517	5
2025-10-02 06:25	65.522	65.545	65.490	65.495	5
2025-10-02 06:30	65.510	65.545	65.425	65.462	5
2025-10-02 06:35	65.475	65.495	65.442	65.455	5
2025-10-02 06:40	65.445	65.445	65.382	65.402	5
2025-10-02 06:45	65.400	65.405	65.370	65.395	5
2025-10-02 06:50	65.380	65.445	65.377	65.425	5
2025-10-02 06:55	65.430	65.475	65.407	65.445	5
2025-10-02 07:00	65.440	65.455	65.390	65.412	5
2025-10-02 07:05	65.405	65.405	65.332	65.362	5
2025-10-02 07:10	65.375	65.390	65.292	65.322	5
2025-10-02 07:15	65.315	65.375	65.285	65.285	5
2025-10-02 07:20	65.290	65.425	65.275	65.422	5
2025-10-02 07:25	65.435	65.585	65.420	65.560	5
2025-10-02 07:30	65.555	65.560	65.432	65.460	5
2025-10-02 07:35	65.452	65.475	65.362	65.422	5
2025-10-02 07:40	65.435	65.505	65.435	65.502	5
2025-10-02 07:45	65.495	65.495	65.417	65.452	5
2025-10-02 07:50	65.460	65.500	65.440	65.495	5
2025-10-02 07:55	65.490	65.515	65.455	65.455	5
2025-10-02 08:00	65.463	65.463	65.352	65.375	5
2025-10-02 08:05	65.355	65.425	65.280	65.422	5
2025-10-02 08:10	65.415	65.535	65.410	65.457	5
2025-10-02 08:15	65.462	65.520	65.402	65.512	5
2025-10-02 08:20	65.520	65.612	65.492	65.555	5
2025-10-02 08:25	65.542	65.555	65.317	65.345	5
2025-10-02 08:30	65.335	65.450	65.305	65.392	5
2025-10-02 08:35	65.385	65.450	65.337	65.355	5
2025-10-02 08:40	65.345	65.485	65.325	65.442	5
2025-10-02 08:45	65.455	65.525	65.392	65.400	5
2025-10-02 08:50	65.392	65.465	65.352	65.442	5
2025-10-02 08:55	65.440	65.445	65.372	65.420	5
2025-10-02 09:00	65.405	65.450	65.332	65.395	5
2025-10-02 09:05	65.415	65.425	65.305	65.352	5
2025-10-02 09:10	65.350	65.355	65.162	65.212	5
2025-10-02 09:15	65.205	65.215	65.082	65.122	5
2025-10-02 09:20	65.117	65.145	64.984	64.990	5
2025-10-02 09:25	64.992	65.065	64.985	65.032	5
2025-10-02 09:30	65.025	65.200	65.017	65.082	5
2025-10-02 09:35	65.095	65.095	65.042	65.062	5
2025-10-02 09:40	65.070	65.070	64.984	64.984	5
2025-10-02 09:45	64.995	64.995	64.802	64.802	5
2025-10-02 09:50	64.805	64.880	64.802	64.872	5
2025-10-02 09:55	64.895	64.955	64.782	64.942	5
2025-10-02 10:00	64.940	65.015	64.892	64.972	5
2025-10-02 10:05	64.965	65.095	64.962	65.075	5
2025-10-02 10:10	65.070	65.075	65.002	65.065	5
2025-10-02 10:15	65.070	65.090	65.012	65.042	5
2025-10-02 10:20	65.037	65.045	64.992	65.012	5
2025-10-02 10:25	65.010	65.015	64.880	64.922	5
2025-10-02 10:30	64.935	65.005	64.902	64.985	5
2025-10-02 10:35	64.995	65.085	64.982	65.077	5
2025-10-02 10:40	65.072	65.120	65.042	65.072	5
2025-10-02 10:45	65.065	65.095	65.052	65.072	5
2025-10-02 10:50	65.080	65.255	65.062	65.232	5
2025-10-02 10:55	65.225	65.265	65.042	65.052	5
2025-10-02 11:00	65.035	65.055	64.952	65.012	5
2025-10-02 11:05	65.025	65.075	65.012	65.035	5
2025-10-02 11:10	65.042	65.105	65.012	65.102	5
2025-10-02 11:15	65.085	65.145	64.982	64.990	5
2025-10-02 11:20	64.995	65.005	64.912	64.932	5
2025-10-02 11:25	64.925	64.975	64.912	64.915	5
2025-10-02 11:30	64.917	64.917	64.842	64.902	5
2025-10-02 11:35	64.900	64.985	64.882	64.955	5
2025-10-02 11:40	64.935	64.975	64.922	64.937	5
2025-10-02 11:45	64.935	65.025	64.935	65.025	5
2025-10-02 11:50	65.040	65.090	64.997	65.072	5
2025-10-02 11:55	65.067	65.115	65.032	65.032	5
2025-10-02 12:00	65.025	65.070	64.910	64.970	5
2025-10-02 12:05	64.972	65.055	64.932	65.055	5
2025-10-02 12:10	65.035	65.045	64.982	65.012	5
2025-10-02 12:15	65.010	65.025	64.982	64.985	5
2025-10-02 12:20	64.975	65.005	64.942	64.972	5
2025-10-02 12:25	64.982	65.035	64.972	65.007	5
2025-10-02 12:30	65.005	65.040	64.922	64.935	5
2025-10-02 12:35	64.930	65.025	64.925	64.955	5
2025-10-02 12:40	64.965	64.965	64.882	64.912	5
2025-10-02 12:45	64.905	65.025	64.895	64.950	5
2025-10-02 12:50	64.945	64.975	64.882	64.935	5
2025-10-02 12:55	64.935	65.010	64.892	64.975	5
2025-10-02 13:00	64.972	64.972	64.622	64.692	5
2025-10-02 13:05	64.690	64.855	64.682	64.732	5
2025-10-02 13:10	64.725	64.860	64.702	64.832	5
2025-10-02 13:15	64.830	64.835	64.712	64.762	5
2025-10-02 13:20	64.760	64.785	64.732	64.775	5
2025-10-02 13:25	64.785	64.835	64.755	64.782	5
2025-10-02 13:30	64.790	64.935	64.762	64.762	5
2025-10-02 13:35	64.755	64.895	64.752	64.857	5
2025-10-02 13:40	64.865	65.145	64.832	65.092	5
2025-10-02 13:45	65.085	65.165	64.952	65.022	5
2025-10-02 13:50	65.035	65.155	65.030	65.132	5
2025-10-02 13:55	65.130	65.165	64.985	65.002	5
2025-10-02 14:00	65.000	65.125	64.947	65.075	5
2025-10-02 14:05	65.065	65.085	64.905	64.925	5
2025-10-02 14:10	64.922	65.350	64.915	65.092	5
2025-10-02 14:15	65.080	65.090	64.882	64.915	5
2025-10-02 14:20	64.912	64.925	64.722	64.810	5
2025-10-02 14:25	64.815	64.865	64.725	64.745	5
2025-10-02 14:30	64.750	64.795	64.592	64.645	5
2025-10-02 14:35	64.652	64.665	64.552	64.560	5
2025-10-02 14:40	64.555	64.635	64.522	64.572	5
2025-10-02 14:45	64.580	64.585	64.532	64.552	5
2025-10-02 14:50	64.545	64.575	64.502	64.502	5
2025-10-02 14:55	64.515	64.545	64.482	64.535	5
2025-10-02 15:00	64.525	64.592	64.482	64.545	5
2025-10-02 15:05	64.555	64.605	64.492	64.562	5
2025-10-02 15:10	64.555	64.585	64.502	64.562	5
2025-10-02 15:15	64.550	64.622	64.532	64.622	5
2025-10-02 15:20	64.620	64.620	64.492	64.550	5
2025-10-02 15:25	64.555	64.585	64.392	64.442	5
2025-10-02 15:30	64.455	64.455	64.332	64.402	5
2025-10-02 15:35	64.395	64.425	64.225	64.325	5
2025-10-02 15:40	64.322	64.380	64.252	64.282	5
2025-10-02 15:45	64.290	64.405	64.290	64.382	5
2025-10-02 15:50	64.370	64.415	64.332	64.410	5
2025-10-02 15:55	64.415	64.415	64.275	64.342	5
2025-10-02 16:00	64.355	64.395	64.315	64.320	5
2025-10-02 16:05	64.322	64.360	64.292	64.312	5
2025-10-02 16:10	64.307	64.315	64.202	64.212	5
2025-10-02 16:15	64.200	64.205	64.012	64.080	5
2025-10-02 16:20	64.072	64.105	64.042	64.055	5
2025-10-02 16:25	64.015	64.065	63.992	64.002	5
2025-10-02 16:30	63.992	64.035	63.982	64.032	5
2025-10-02 16:35	64.045	64.170	64.045	64.165	5
2025-10-02 16:40	64.155	64.215	64.145	64.165	5
2025-10-02 16:45	64.170	64.195	64.145	64.152	5
2025-10-02 16:50	64.160	64.205	64.132	64.132	5
2025-10-02 16:55	64.145	64.175	64.112	64.160	5
2025-10-02 17:00	64.155	64.175	64.102	64.122	5
2025-10-02 17:05	64.135	64.185	64.122	64.172	5
2025-10-02 17:10	64.165	64.185	64.118	64.142	5
2025-10-02 17:15	64.150	64.225	64.145	64.192	5
2025-10-02 17:20	64.190	64.215	64.152	64.162	5
2025-10-02 17:25	64.155	64.187	64.125	64.175	5
2025-10-02 17:30	64.185	64.205	64.152	64.185	5
2025-10-02 17:35	64.195	64.205	64.152	64.152	5
2025-10-02 17:40	64.165	64.175	64.100	64.105	5
2025-10-02 17:45	64.095	64.095	64.042	64.052	5
2025-10-02 17:50	64.075	64.090	64.032	64.032	5
2025-10-02 17:55	64.045	64.075	64.020	64.025	5
2025-10-02 18:00	64.035	64.105	64.002	64.105	5
2025-10-02 18:05	64.115	64.155	64.082	64.102	5
2025-10-02 18:10	64.115	64.135	64.082	64.122	5
2025-10-02 18:15	64.135	64.185	64.125	64.172	5
2025-10-02 18:20	64.185	64.195	64.152	64.165	5
2025-10-02 18:25	64.175	64.195	64.042	64.092	5
2025-10-02 18:30	64.115	64.205	64.105	64.132	5
2025-10-02 18:35	64.145	64.145	64.102	64.102	5
2025-10-02 18:40	64.100	64.140	64.052	64.122	5
2025-10-02 18:45	64.120	64.140	64.115	64.135	4
2025-10-02 18:50	64.125	64.145	64.112	64.125	3
2025-10-02 18:55	64.115	64.135	64.112	64.125	5
2025-10-02 19:00	64.130	64.142	64.112	64.142	5
2025-10-02 19:05	64.137	64.160	64.127	64.152	5
2025-10-02 19:10	64.150	64.160	64.140	64.160	5
2025-10-02 19:15	64.152	64.175	64.142	64.152	5
2025-10-02 19:20	64.157	64.170	64.132	64.132	5
2025-10-02 19:25	64.145	64.155	64.132	64.140	5
2025-10-02 19:30	64.145	64.180	64.140	64.180	5
2025-10-02 19:35	64.185	64.185	64.152	64.177	5
2025-10-02 19:40	64.175	64.180	64.152	64.162	5
2025-10-02 19:45	64.160	64.205	64.152	64.192	5
2025-10-02 19:50	64.197	64.245	64.195	64.230	5
2025-10-02 19:55	64.225	64.255	64.222	64.235	5
2025-10-02 20:00	64.240	64.282	64.217	64.282	5
2025-10-02 20:05	64.272	64.332	64.272	64.322	5
2025-10-02 20:10	64.327	64.327	64.272	64.272	5
2025-10-02 20:15	64.262	64.312	64.262	64.292	5
2025-10-02 20:20	64.297	64.312	64.292	64.312	5
2025-10-02 20:25	64.327	64.342	64.312	64.332	5
2025-10-02 20:30	64.332	64.342	64.322	64.332	5
2025-10-02 20:35	64.332	64.337	64.292	64.292	5
2025-10-02 20:40	64.282	64.292	64.277	64.282	5
2025-10-02 20:45	64.292	64.292	64.267	64.267	5
2025-10-02 20:50	64.267	64.277	64.167	64.222	4
2025-10-02 20:55	64.222	64.262	64.222	64.257	5
2025-10-03 00:00	64.320	64.320	64.232	64.237	5
2025-10-03 00:05	64.242	64.285	64.227	64.280	5
2025-10-03 00:10	64.265	64.275	64.245	64.257	5
2025-10-03 00:15	64.270	64.295	64.242	64.262	5
2025-10-03 00:20	64.257	64.290	64.232	64.232	5
2025-10-03 00:25	64.240	64.242	64.202	64.202	5
2025-10-03 00:30	64.195	64.215	64.192	64.207	4
2025-10-03 00:35	64.210	64.215	64.208	64.212	4
2025-10-03 00:40	64.210	64.225	64.205	64.205	5
2025-10-03 00:45	64.200	64.222	64.200	64.210	4
2025-10-03 00:50	64.215	64.245	64.215	64.235	5
2025-10-03 00:55	64.230	64.250	64.225	64.240	4
2025-10-03 01:00	64.245	64.395	64.238	64.372	5
2025-10-03 01:05	64.370	64.405	64.365	64.402	4
2025-10-03 01:10	64.400	64.415	64.382	64.407	5
2025-10-03 01:15	64.412	64.425	64.377	64.390	5
2025-10-03 01:20	64.382	64.385	64.332	64.370	5
2025-10-03 01:25	64.362	64.362	64.317	64.325	5
2025-10-03 01:30	64.330	64.340	64.292	64.320	5
2025-10-03 01:35	64.312	64.330	64.302	64.330	4
2025-10-03 01:40	64.340	64.365	64.332	64.360	4
2025-10-03 01:45	64.365	64.395	64.352	64.377	5
2025-10-03 01:50	64.372	64.375	64.342	64.360	5
2025-10-03 01:55	64.355	64.362	64.332	64.340	4
2025-10-03 02:00	64.332	64.335	64.310	64.320	5
2025-10-03 02:05	64.325	64.335	64.302	64.330	4
2025-10-03 02:10	64.335	64.355	64.322	64.322	5
2025-10-03 02:15	64.330	64.342	64.302	64.327	5
2025-10-03 02:20	64.335	64.335	64.312	64.317	5
2025-10-03 02:25	64.312	64.315	64.292	64.292	5
2025-10-03 02:30	64.300	64.315	64.298	64.312	3
2025-10-03 02:35	64.307	64.315	64.295	64.295	4
2025-10-03 02:40	64.300	64.315	64.292	64.305	5
2025-10-03 02:45	64.292	64.315	64.272	64.315	3
2025-10-03 02:50	64.305	64.305	64.292	64.302	3
2025-10-03 02:55	64.325	64.355	64.320	64.325	5
2025-10-03 03:00	64.320	64.385	64.315	64.380	4
2025-10-03 03:05	64.385	64.445	64.380	64.442	5
2025-10-03 03:10	64.440	64.445	64.422	64.422	5
2025-10-03 03:15	64.415	64.415	64.370	64.370	4
2025-10-03 03:20	64.365	64.415	64.365	64.390	5
2025-10-03 03:25	64.395	64.405	64.395	64.405	1
2025-10-03 03:30	64.407	64.475	64.407	64.452	5
2025-10-03 03:35	64.445	64.485	64.442	64.472	5
2025-10-03 03:40	64.465	64.470	64.445	64.450	5
2025-10-03 03:45	64.445	64.455	64.432	64.445	4
2025-10-03 03:50	64.450	64.485	64.437	64.437	5
2025-10-03 03:55	64.435	64.445	64.428	64.440	5
2025-10-03 04:00	64.435	64.452	64.415	64.450	4
2025-10-03 04:05	64.443	64.465	64.443	64.465	4
2025-10-03 04:10	64.458	64.465	64.448	64.448	3
2025-10-03 04:15	64.460	64.465	64.452	64.455	4
2025-10-03 04:20	64.460	64.475	64.458	64.458	4
2025-10-03 04:25	64.465	64.475	64.447	64.472	4
2025-10-03 04:30	64.468	64.495	64.468	64.485	5
2025-10-03 04:35	64.480	64.485	64.475	64.475	5
2025-10-03 04:40	64.465	64.475	64.455	64.472	4
2025-10-03 04:45	64.468	64.480	64.462	64.480	4
2025-10-03 04:50	64.472	64.475	64.460	64.475	5
2025-10-03 04:55	64.495	64.515	64.477	64.505	4
2025-10-03 05:00	64.490	64.495	64.480	64.485	4
2025-10-03 05:05	64.490	64.555	64.482	64.545	5
2025-10-03 05:10	64.550	64.565	64.522	64.555	5
2025-10-03 05:15	64.560	64.570	64.530	64.570	5
2025-10-03 05:20	64.565	64.585	64.555	64.580	5
2025-10-03 05:25	64.585	64.625	64.580	64.612	5
2025-10-03 05:30	64.625	64.625	64.572	64.602	5
2025-10-03 05:35	64.597	64.612	64.588	64.600	5
2025-10-03 05:40	64.592	64.600	64.552	64.562	5
2025-10-03 05:45	64.560	64.565	64.532	64.552	4
2025-10-03 05:50	64.565	64.605	64.555	64.580	5
2025-10-03 05:55	64.572	64.640	64.572	64.625	5
2025-10-03 06:00	64.615	64.645	64.582	64.645	5
2025-10-03 06:05	64.655	64.710	64.637	64.705	5
2025-10-03 06:10	64.695	64.695	64.652	64.675	5
2025-10-03 06:15	64.680	64.725	64.655	64.687	5
2025-10-03 06:20	64.695	64.695	64.632	64.682	5
2025-10-03 06:25	64.687	64.695	64.622	64.630	5
2025-10-03 06:30	64.625	64.645	64.565	64.590	5
2025-10-03 06:35	64.585	64.715	64.585	64.705	5
2025-10-03 06:40	64.725	64.795	64.702	64.792	5
2025-10-03 06:45	64.785	64.785	64.702	64.745	5
2025-10-03 06:50	64.740	64.755	64.692	64.725	5
2025-10-03 06:55	64.735	64.750	64.692	64.712	5
2025-10-03 07:00	64.698	64.765	64.672	64.722	5
2025-10-03 07:05	64.735	64.735	64.682	64.712	5
2025-10-03 07:10	64.725	64.825	64.715	64.790	5
2025-10-03 07:15	64.795	64.805	64.685	64.702	5
2025-10-03 07:20	64.700	64.700	64.592	64.647	5
2025-10-03 07:25	64.652	64.655	64.552	64.572	5
2025-10-03 07:30	64.585	64.625	64.558	64.595	5
2025-10-03 07:35	64.585	64.625	64.525	64.612	5
2025-10-03 07:40	64.620	64.705	64.620	64.672	5
2025-10-03 07:45	64.665	64.715	64.622	64.652	5
2025-10-03 07:50	64.645	64.645	64.542	64.572	5
2025-10-03 07:55	64.585	64.605	64.527	64.542	5
2025-10-03 08:00	64.550	64.615	64.550	64.600	5
2025-10-03 08:05	64.602	64.725	64.597	64.690	5
2025-10-03 08:10	64.685	64.735	64.652	64.652	5
2025-10-03 08:15	64.665	64.665	64.522	64.582	5
2025-10-03 08:20	64.590	64.600	64.482	64.540	5
2025-10-03 08:25	64.535	64.615	64.512	64.612	5
2025-10-03 08:30	64.625	64.745	64.582	64.740	5
2025-10-03 08:35	64.745	64.900	64.698	64.872	5
2025-10-03 08:40	64.885	64.925	64.852	64.892	5
2025-10-03 08:45	64.890	64.925	64.850	64.902	5
2025-10-03 08:50	64.895	64.925	64.862	64.922	5
2025-10-03 08:55	64.915	64.975	64.902	64.965	5
2025-10-03 09:00	64.975	64.990	64.880	64.892	5
2025-10-03 09:05	64.882	64.910	64.772	64.792	5
2025-10-03 09:10	64.800	64.815	64.752	64.802	5
2025-10-03 09:15	64.815	64.845	64.802	64.812	5
2025-10-03 09:20	64.805	64.815	64.695	64.795	5
2025-10-03 09:25	64.802	64.815	64.650	64.762	5
2025-10-03 09:30	64.770	64.795	64.665	64.717	5
2025-10-03 09:35	64.722	64.750	64.682	64.702	5
2025-10-03 09:40	64.715	64.715	64.592	64.605	5
2025-10-03 09:45	64.600	64.625	64.482	64.482	5
2025-10-03 09:50	64.455	64.455	64.352	64.372	5
2025-10-03 09:55	64.370	64.445	64.370	64.442	5
2025-10-03 10:00	64.435	64.450	64.362	64.442	5
2025-10-03 10:05	64.455	64.555	64.398	64.452	5
2025-10-03 10:10	64.465	64.575	64.462	64.482	5
2025-10-03 10:15	64.495	64.582	64.442	64.442	5
2025-10-03 10:20	64.435	64.485	64.425	64.480	5
2025-10-03 10:25	64.482	64.545	64.475	64.515	5
2025-10-03 10:30	64.520	64.520	64.442	64.452	5
2025-10-03 10:35	64.460	64.475	64.430	64.435	5
2025-10-03 10:40	64.425	64.425	64.370	64.392	4
2025-10-03 10:45	64.390	64.435	64.387	64.402	5
2025-10-03 10:50	64.395	64.395	64.322	64.385	4
2025-10-03 10:55	64.380	64.400	64.337	64.360	5
2025-10-03 11:00	64.353	64.465	64.322	64.422	5
2025-10-03 11:05	64.430	64.465	64.412	64.442	5
2025-10-03 11:10	64.438	64.575	64.438	64.477	5
2025-10-03 11:15	64.475	64.510	64.475	64.475	5
2025-10-03 11:20	64.470	64.505	64.452	64.460	4
2025-10-03 11:25	64.455	64.485	64.442	64.462	5
2025-10-03 11:30	64.445	64.447	64.332	64.375	5
2025-10-03 11:35	64.370	64.380	64.310	64.332	5
2025-10-03 11:40	64.325	64.355	64.280	64.280	5
2025-10-03 11:45	64.285	64.352	64.280	64.325	5
2025-10-03 11:50	64.335	64.390	64.322	64.342	5
2025-10-03 11:55	64.340	64.375	64.312	64.332	5
2025-10-03 12:00	64.328	64.335	64.232	64.332	5
2025-10-03 12:05	64.325	64.345	64.272	64.325	5
2025-10-03 12:10	64.315	64.340	64.282	64.290	5
2025-10-03 12:15	64.285	64.352	64.265	64.302	5
2025-10-03 12:20	64.300	64.445	64.292	64.425	5
2025-10-03 12:25	64.435	64.445	64.342	64.355	5
2025-10-03 12:30	64.340	64.340	64.195	64.320	5
2025-10-03 12:35	64.325	64.375	64.262	64.305	5
2025-10-03 12:40	64.300	64.350	64.262	64.315	5
2025-10-03 12:45	64.305	64.375	64.305	64.375	5
2025-10-03 12:50	64.365	64.375	64.332	64.352	5
2025-10-03 12:55	64.350	64.502	64.340	64.495	5
2025-10-03 13:00	64.485	64.485	64.312	64.362	5
2025-10-03 13:05	64.355	64.440	64.318	64.375	5
2025-10-03 13:10	64.355	64.462	64.330	64.442	5
2025-10-03 13:15	64.450	64.565	64.432	64.472	5
2025-10-03 13:20	64.480	64.555	64.412	64.412	5
2025-10-03 13:25	64.420	64.450	64.328	64.415	5
2025-10-03 13:30	64.425	64.620	64.392	64.495	5
2025-10-03 13:35	64.485	64.505	64.412	64.485	5
2025-10-03 13:40	64.480	64.530	64.452	64.460	5
2025-10-03 13:45	64.455	64.485	64.345	64.472	5
2025-10-03 13:50	64.482	64.542	64.442	64.475	5
2025-10-03 13:55	64.480	64.500	64.407	64.495	5
2025-10-03 14:00	64.472	64.480	64.332	64.352	5
2025-10-03 14:05	64.365	64.445	64.352	64.445	5
2025-10-03 14:10	64.455	64.652	64.452	64.610	5
2025-10-03 14:15	64.612	64.715	64.592	64.692	5
2025-10-03 14:20	64.702	64.745	64.622	64.675	5
2025-10-03 14:25	64.670	64.818	64.665	64.700	5
2025-10-03 14:30	64.695	64.725	64.632	64.682	5
2025-10-03 14:35	64.680	64.725	64.542	64.582	5
2025-10-03 14:40	64.595	64.635	64.522	64.615	5
2025-10-03 14:45	64.625	64.762	64.602	64.712	5
2025-10-03 14:50	64.710	64.725	64.612	64.640	5
2025-10-03 14:55	64.632	64.700	64.572	64.612	5
2025-10-03 15:00	64.620	64.775	64.620	64.755	5
2025-10-03 15:05	64.765	64.805	64.672	64.762	5
2025-10-03 15:10	64.770	64.805	64.592	64.765	5
2025-10-03 15:15	64.760	64.775	64.582	64.592	5
2025-10-03 15:20	64.590	64.695	64.582	64.595	5
2025-10-03 15:25	64.600	64.850	64.585	64.812	5
2025-10-03 15:30	64.810	64.835	64.552	64.552	5
2025-10-03 15:35	64.545	64.612	64.482	64.585	5
2025-10-03 15:40	64.600	64.660	64.512	64.535	5
2025-10-03 15:45	64.532	64.695	64.522	64.652	5
2025-10-03 15:50	64.645	64.670	64.572	64.582	5
2025-10-03 15:55	64.595	64.670	64.582	64.642	5
2025-10-03 16:00	64.655	64.765	64.632	64.762	5
2025-10-03 16:05	64.745	64.765	64.662	64.755	5
2025-10-03 16:10	64.760	64.762	64.635	64.682	5
2025-10-03 16:15	64.695	64.790	64.682	64.742	5
2025-10-03 16:20	64.735	64.755	64.622	64.640	5
2025-10-03 16:25	64.645	64.685	64.602	64.642	5
2025-10-03 16:30	64.640	64.695	64.622	64.660	5
2025-10-03 16:35	64.662	64.755	64.645	64.725	5
2025-10-03 16:40	64.730	64.785	64.720	64.752	5
2025-10-03 16:45	64.745	64.775	64.732	64.745	5
2025-10-03 16:50	64.755	64.755	64.712	64.742	5
2025-10-03 16:55	64.735	64.770	64.682	64.732	5
2025-10-03 17:00	64.740	64.750	64.632	64.642	5
2025-10-03 17:05	64.640	64.675	64.612	64.672	5
2025-10-03 17:10	64.680	64.695	64.632	64.685	5
2025-10-03 17:15	64.695	64.755	64.692	64.712	5
2025-10-03 17:20	64.705	64.770	64.702	64.717	5
2025-10-03 17:25	64.725	64.775	64.725	64.767	5
2025-10-03 17:30	64.775	64.805	64.752	64.792	5
2025-10-03 17:35	64.800	64.805	64.740	64.792	5
2025-10-03 17:40	64.790	64.795	64.712	64.722	5
2025-10-03 17:45	64.717	64.735	64.672	64.720	5
2025-10-03 17:50	64.722	64.722	64.672	64.695	5
2025-10-03 17:55	64.700	64.775	64.685	64.750	5
2025-10-03 18:00	64.755	64.785	64.660	64.662	5
2025-10-03 18:05	64.675	64.695	64.642	64.682	5
2025-10-03 18:10	64.680	64.720	64.652	64.662	5
2025-10-03 18:15	64.670	64.685	64.602	64.642	5
2025-10-03 18:20	64.640	64.670	64.602	64.655	5
2025-10-03 18:25	64.660	64.675	64.452	64.495	5
2025-10-03 18:30	64.485	64.555	64.482	64.485	5
2025-10-03 18:35	64.490	64.545	64.490	64.525	5
2025-10-03 18:40	64.520	64.525	64.472	64.482	5
2025-10-03 18:45	64.495	64.495	64.385	64.390	5
2025-10-03 18:50	64.395	64.405	64.362	64.402	5
2025-10-03 18:55	64.425	64.455	64.425	64.450	5
2025-10-03 19:00	64.455	64.465	64.435	64.465	5
2025-10-03 19:05	64.475	64.515	64.472	64.502	5
2025-10-03 19:10	64.515	64.535	64.492	64.492	5
2025-10-03 19:15	64.490	64.495	64.472	64.485	4
2025-10-03 19:20	64.495	64.515	64.490	64.515	5
2025-10-03 19:25	64.510	64.515	64.485	64.515	5
2025-10-03 19:30	64.510	64.535	64.500	64.507	5
2025-10-03 19:35	64.515	64.515	64.495	64.512	5
2025-10-03 19:40	64.510	64.535	64.475	64.520	5
2025-10-03 19:45	64.525	64.555	64.482	64.492	5
2025-10-03 19:50	64.485	64.515	64.442	64.452	5
2025-10-03 19:55	64.465	64.470	64.405	64.412	5
2025-10-03 20:00	64.392	64.392	64.302	64.322	5
2025-10-03 20:05	64.322	64.322	64.272	64.312	5
2025-10-03 20:10	64.312	64.392	64.312	64.392	5
2025-10-03 20:15	64.392	64.452	64.392	64.452	5
2025-10-03 20:20	64.452	64.482	64.447	64.477	5
2025-10-03 20:25	64.472	64.497	64.437	64.437	5
2025-10-03 20:30	64.437	64.442	64.422	64.432	5
2025-10-03 20:35	64.442	64.442	64.407	64.432	5
2025-10-03 20:40	64.427	64.432	64.402	64.422	5
2025-10-03 20:45	64.412	64.432	64.412	64.422	5
2025-10-03 20:50	64.422	64.422	64.322	64.332	5
2025-10-03 20:55	64.342	64.342	64.292	64.327	5
2025-10-06 00:00	65.272	65.340	65.210	65.245	5
2025-10-06 00:05	65.237	65.422	65.237	65.370	5
2025-10-06 00:10	65.375	65.440	65.350	65.410	5
2025-10-06 00:15	65.415	65.470	65.390	65.445	5
2025-10-06 00:20	65.450	65.465	65.405	65.425	5
2025-10-06 00:25	65.435	65.475	65.410	65.455	5
2025-10-06 00:30	65.460	65.475	65.395	65.465	5
2025-10-06 00:35	65.470	65.475	65.430	65.447	5
2025-10-06 00:40	65.445	65.455	65.410	65.422	5
2025-10-06 00:45	65.430	65.435	65.402	65.402	5
2025-10-06 00:50	65.417	65.445	65.412	65.430	4
2025-10-06 00:55	65.425	65.452	65.425	65.445	5
2025-10-06 01:00	65.435	65.435	65.345	65.370	5
2025-10-06 01:05	65.375	65.390	65.342	65.360	5
2025-10-06 01:10	65.362	65.385	65.362	65.370	5
2025-10-06 01:15	65.362	65.380	65.362	65.362	5
2025-10-06 01:20	65.345	65.410	65.342	65.390	5
2025-10-06 01:25	65.405	65.425	65.395	65.412	4
2025-10-06 01:30	65.420	65.440	65.412	65.425	5
2025-10-06 01:35	65.430	65.430	65.408	65.410	5
2025-10-06 01:40	65.405	65.425	65.392	65.422	4
2025-10-06 01:45	65.430	65.445	65.412	65.415	4
2025-10-06 01:50	65.420	65.432	65.415	65.430	3
2025-10-06 01:55	65.432	65.455	65.430	65.445	5
2025-10-06 02:00	65.455	65.460	65.425	65.435	4
2025-10-06 02:05	65.440	65.440	65.412	65.420	5
2025-10-06 02:10	65.422	65.450	65.412	65.432	5
2025-10-06 02:15	65.425	65.445	65.422	65.442	4
2025-10-06 02:20	65.455	65.465	65.425	65.430	5
2025-10-06 02:25	65.435	65.445	65.422	65.435	4
2025-10-06 02:30	65.440	65.445	65.412	65.412	5
2025-10-06 02:35	65.420	65.435	65.412	65.428	4
2025-10-06 02:40	65.435	65.452	65.435	65.450	4
2025-10-06 02:45	65.455	65.455	65.407	65.410	3
2025-10-06 02:50	65.412	65.415	65.392	65.405	5
2025-10-06 02:55	65.415	65.420	65.402	65.402	4
2025-10-06 03:00	65.410	65.425	65.410	65.420	5
2025-10-06 03:05	65.425	65.425	65.418	65.418	3
2025-10-06 03:10	65.425	65.425	65.410	65.425	4
2025-10-06 03:15	65.420	65.420	65.400	65.405	4
2025-10-06 03:20	65.407	65.435	65.407	65.425	4
2025-10-06 03:25	65.420	65.425	65.395	65.400	4
2025-10-06 03:30	65.395	65.435	65.395	65.435	4
2025-10-06 03:35	65.437	65.455	65.437	65.442	4
2025-10-06 03:40	65.435	65.455	65.432	65.447	3
2025-10-06 03:45	65.445	65.447	65.432	65.432	4
2025-10-06 03:50	65.425	65.455	65.412	65.452	4
2025-10-06 03:55	65.450	65.465	65.448	65.455	4
2025-10-06 04:00	65.465	65.505	65.452	65.490	5
2025-10-06 04:05	65.482	65.505	65.482	65.482	5
2025-10-06 04:10	65.487	65.495	65.472	65.472	5
2025-10-06 04:15	65.465	65.465	65.442	65.452	4
2025-10-06 04:20	65.460	65.470	65.440	65.457	4
2025-10-06 04:25	65.462	65.555	65.462	65.525	5
2025-10-06 04:30	65.505	65.512	65.492	65.492	5
2025-10-06 04:35	65.497	65.520	65.490	65.512	5
2025-10-06 04:40	65.520	65.525	65.502	65.505	4
2025-10-06 04:45	65.507	65.525	65.500	65.512	4
2025-10-06 04:50	65.517	65.525	65.497	65.515	4
2025-10-06 04:55	65.510	65.525	65.502	65.502	4
2025-10-06 05:00	65.515	65.515	65.395	65.402	5
2025-10-06 05:05	65.415	65.425	65.392	65.400	4
2025-10-06 05:10	65.395	65.400	65.232	65.270	5
2025-10-06 05:15	65.262	65.270	65.232	65.232	5
2025-10-06 05:20	65.255	65.355	65.255	65.330	5
2025-10-06 05:25	65.335	65.405	65.335	65.392	5
2025-10-06 05:30	65.400	65.425	65.392	65.400	5
2025-10-06 05:35	65.405	65.410	65.320	65.340	5
2025-10-06 05:40	65.345	65.360	65.332	65.335	5
2025-10-06 05:45	65.340	65.370	65.328	65.370	5
2025-10-06 05:50	65.365	65.375	65.332	65.342	5
2025-10-06 05:55	65.337	65.410	65.337	65.390	5
2025-10-06 06:00	65.385	65.385	65.280	65.290	5
2025-10-06 06:05	65.295	65.315	65.185	65.192	5
2025-10-06 06:10	65.205	65.210	65.162	65.162	4
2025-10-06 06:15	65.175	65.205	65.162	65.162	5
2025-10-06 06:20	65.185	65.225	65.165	65.185	5
2025-10-06 06:25	65.190	65.195	65.120	65.155	5
2025-10-06 06:30	65.175	65.235	65.102	65.115	5
2025-10-06 06:35	65.125	65.192	65.112	65.182	5
2025-10-06 06:40	65.185	65.215	65.147	65.195	5
2025-10-06 06:45	65.205	65.345	65.192	65.292	5
2025-10-06 06:50	65.297	65.327	65.225	65.310	5
2025-10-06 06:55	65.315	65.385	65.300	65.382	5
2025-10-06 07:00	65.378	65.685	65.358	65.640	5
2025-10-06 07:05	65.645	65.685	65.592	65.612	5
2025-10-06 07:10	65.625	65.630	65.512	65.532	5
2025-10-06 07:15	65.530	65.592	65.482	65.492	5
2025-10-06 07:20	65.505	65.535	65.452	65.507	5
2025-10-06 07:25	65.515	65.515	65.432	65.452	5
2025-10-06 07:30	65.470	65.545	65.325	65.380	5
2025-10-06 07:35	65.385	65.485	65.352	65.485	5
2025-10-06 07:40	65.495	65.495	65.282	65.302	5
2025-10-06 07:45	65.295	65.345	65.202	65.322	5
2025-10-06 07:50	65.330	65.385	65.315	65.372	5
2025-10-06 07:55	65.370	65.380	65.245	65.255	5
2025-10-06 08:00	65.260	65.325	65.195	65.325	5
2025-10-06 08:05	65.330	65.375	65.275	65.325	5
2025-10-06 08:10	65.320	65.345	65.275	65.295	5
2025-10-06 08:15	65.285	65.315	65.212	65.225	5
2025-10-06 08:20	65.230	65.365	65.172	65.340	5
2025-10-06 08:25	65.332	65.365	65.237	65.245	5
2025-10-06 08:30	65.230	65.475	65.192	65.472	5
2025-10-06 08:35	65.485	65.595	65.462	65.572	5
2025-10-06 08:40	65.585	65.665	65.577	65.622	5
2025-10-06 08:45	65.635	65.650	65.492	65.575	5
2025-10-06 08:50	65.595	65.625	65.540	65.585	5
2025-10-06 08:55	65.590	65.595	65.497	65.580	5
2025-10-06 09:00	65.585	65.585	65.492	65.495	5
2025-10-06 09:05	65.485	65.585	65.482	65.577	5
2025-10-06 09:10	65.580	65.585	65.522	65.545	5
2025-10-06 09:15	65.540	65.565	65.472	65.522	5
2025-10-06 09:20	65.535	65.545	65.492	65.505	5
2025-10-06 09:25	65.495	65.585	65.492	65.552	5
2025-10-06 09:30	65.565	65.605	65.542	65.555	5
2025-10-06 09:35	65.550	65.722	65.482	65.612	5
2025-10-06 09:40	65.620	65.620	65.532	65.572	5
2025-10-06 09:45	65.560	65.590	65.532	65.580	5
2025-10-06 09:50	65.595	65.685	65.592	65.652	5
2025-10-06 09:55	65.665	65.715	65.642	65.662	5
2025-10-06 10:00	65.670	65.705	65.622	65.675	5
2025-10-06 10:05	65.695	65.715	65.650	65.692	5
2025-10-06 10:10	65.700	65.715	65.662	65.692	5
2025-10-06 10:15	65.700	65.750	65.700	65.702	5
2025-10-06 10:20	65.710	65.750	65.652	65.655	5
2025-10-06 10:25	65.645	65.685	65.632	65.670	5
2025-10-06 10:30	65.675	65.685	65.555	65.582	5
2025-10-06 10:35	65.580	65.600	65.552	65.575	5
2025-10-06 10:40	65.570	65.590	65.512	65.557	5
2025-10-06 10:45	65.575	65.575	65.512	65.512	5
2025-10-06 10:50	65.505	65.505	65.452	65.465	5
2025-10-06 10:55	65.470	65.470	65.385	65.405	5
2025-10-06 11:00	65.395	65.405	65.332	65.350	5
2025-10-06 11:05	65.345	65.405	65.317	65.357	5
2025-10-06 11:10	65.355	65.405	65.342	65.400	5
2025-10-06 11:15	65.402	65.435	65.352	65.352	5
2025-10-06 11:20	65.345	65.365	65.270	65.282	5
2025-10-06 11:25	65.275	65.335	65.272	65.312	5
2025-10-06 11:30	65.310	65.330	65.272	65.272	5
2025-10-06 11:35	65.265	65.265	65.092	65.102	5
2025-10-06 11:40	65.095	65.115	65.050	65.065	5
2025-10-06 11:45	65.060	65.065	64.742	64.742	5
2025-10-06 11:50	64.750	64.925	64.745	64.877	5
2025-10-06 11:55	64.882	64.952	64.862	64.952	5
2025-10-06 12:00	64.945	65.085	64.942	65.025	5
2025-10-06 12:05	65.030	65.115	65.022	65.112	5
2025-10-06 12:10	65.125	65.125	65.072	65.122	5
2025-10-06 12:15	65.135	65.145	65.102	65.142	5
2025-10-06 12:20	65.152	65.215	65.122	65.155	5
2025-10-06 12:25	65.147	65.195	65.132	65.185	5
2025-10-06 12:30	65.165	65.315	65.162	65.205	5
2025-10-06 12:35	65.210	65.230	65.182	65.210	5
2025-10-06 12:40	65.215	65.265	65.192	65.200	5
2025-10-06 12:45	65.205	65.245	65.192	65.222	5
2025-10-06 12:50	65.235	65.235	65.125	65.175	5
2025-10-06 12:55	65.170	65.190	65.072	65.105	5
2025-10-06 13:00	65.090	65.130	64.987	65.030	5
2025-10-06 13:05	65.025	65.205	65.022	65.155	5
2025-10-06 13:10	65.160	65.265	65.160	65.230	5
2025-10-06 13:15	65.225	65.225	65.162	65.162	5
2025-10-06 13:20	65.175	65.175	65.082	65.100	5
2025-10-06 13:25	65.095	65.115	65.082	65.090	5
2025-10-06 13:30	65.095	65.220	65.082	65.150	5
2025-10-06 13:35	65.155	65.165	65.012	65.045	5
2025-10-06 13:40	65.040	65.195	65.032	65.170	5
2025-10-06 13:45	65.175	65.245	65.132	65.207	5
2025-10-06 13:50	65.205	65.270	65.150	65.262	5
2025-10-06 13:55	65.255	65.650	65.242	65.622	5
2025-10-06 14:00	65.635	65.642	65.482	65.575	5
2025-10-06 14:05	65.565	65.565	65.235	65.317	5
2025-10-06 14:10	65.315	65.395	65.260	65.325	5
2025-10-06 14:15	65.315	65.415	65.312	65.325	5
2025-10-06 14:20	65.335	65.405	65.322	65.402	5
2025-10-06 14:25	65.395	65.455	65.382	65.412	5
2025-10-06 14:30	65.402	65.415	65.265	65.325	5
2025-10-06 14:35	65.315	65.405	65.297	65.390	5
2025-10-06 14:40	65.395	65.395	65.270	65.290	5
2025-10-06 14:45	65.287	65.300	65.132	65.140	5
2025-10-06 14:50	65.145	65.175	65.055	65.115	5
2025-10-06 14:55	65.112	65.155	65.052	65.092	5
2025-10-06 15:00	65.085	65.105	64.992	65.095	5
2025-10-06 15:05	65.092	65.145	65.032	65.117	5
2025-10-06 15:10	65.125	65.225	65.112	65.225	5
2025-10-06 15:15	65.215	65.415	65.162	65.412	5
2025-10-06 15:20	65.420	65.515	65.375	65.492	5
2025-10-06 15:25	65.485	65.525	65.412	65.462	5
2025-10-06 15:30	65.470	65.620	65.470	65.572	5
2025-10-06 15:35	65.565	65.575	65.512	65.560	5
2025-10-06 15:40	65.565	65.605	65.392	65.425	5
2025-10-06 15:45	65.445	65.475	65.363	65.412	5
2025-10-06 15:50	65.420	65.575	65.412	65.542	5
2025-10-06 15:55	65.550	65.565	65.452	65.532	5
2025-10-06 16:00	65.525	65.525	65.412	65.472	5
2025-10-06 16:05	65.465	65.635	65.430	65.562	5
2025-10-06 16:10	65.570	65.645	65.550	65.632	5
2025-10-06 16:15	65.640	65.715	65.618	65.695	5
2025-10-06 16:20	65.705	65.732	65.620	65.625	5
2025-10-06 16:25	65.635	65.690	65.595	65.662	5
2025-10-06 16:30	65.675	65.675	65.582	65.585	5
2025-10-06 16:35	65.565	65.580	65.522	65.572	5
2025-10-06 16:40	65.580	65.595	65.552	65.565	5
2025-10-06 16:45	65.575	65.585	65.542	65.582	5
2025-10-06 16:50	65.590	65.590	65.540	65.552	5
2025-10-06 16:55	65.535	65.542	65.382	65.392	5
2025-10-06 17:00	65.390	65.405	65.340	65.345	5
2025-10-06 17:05	65.340	65.365	65.305	65.310	5
2025-10-06 17:10	65.305	65.315	65.272	65.300	5
2025-10-06 17:15	65.295	65.325	65.260	65.315	5
2025-10-06 17:20	65.310	65.430	65.302	65.430	5
2025-10-06 17:25	65.422	65.440	65.390	65.430	5
2025-10-06 17:30	65.435	65.545	65.427	65.532	5
2025-10-06 17:35	65.522	65.545	65.462	65.482	5
2025-10-06 17:40	65.490	65.495	65.392	65.402	5
2025-10-06 17:45	65.407	65.492	65.407	65.482	5
2025-10-06 17:50	65.490	65.497	65.472	65.485	5
2025-10-06 17:55	65.490	65.515	65.462	65.485	5
2025-10-06 18:00	65.492	65.605	65.492	65.542	5
2025-10-06 18:05	65.535	65.555	65.455	65.455	5
2025-10-06 18:10	65.460	65.485	65.430	65.452	5
2025-10-06 18:15	65.465	65.465	65.375	65.385	5
2025-10-06 18:20	65.375	65.390	65.322	65.375	5
2025-10-06 18:25	65.365	65.465	65.355	65.452	5
2025-10-06 18:30	65.445	65.455	65.382	65.392	5
2025-10-06 18:35	65.385	65.425	65.382	65.420	4
2025-10-06 18:40	65.412	65.425	65.392	65.392	5
2025-10-06 18:45	65.390	65.472	65.385	65.472	5
2025-10-06 18:50	65.470	65.505	65.442	65.455	5
2025-10-06 18:55	65.465	65.475	65.452	65.462	5
2025-10-06 19:00	65.460	65.465	65.432	65.457	5
2025-10-06 19:05	65.475	65.505	65.472	65.492	5
2025-10-06 19:10	65.488	65.505	65.488	65.495	3
2025-10-06 19:15	65.485	65.485	65.457	65.462	5
2025-10-06 19:20	65.460	65.465	65.442	65.465	4
2025-10-06 19:25	65.475	65.525	65.472	65.512	5
2025-10-06 19:30	65.535	65.570	65.532	65.565	4
2025-10-06 19:35	65.570	65.570	65.545	65.562	4
2025-10-06 19:40	65.560	65.565	65.540	65.545	4
2025-10-06 19:45	65.550	65.550	65.522	65.532	4
2025-10-06 19:50	65.530	65.535	65.512	65.525	3
2025-10-06 19:55	65.515	65.530	65.492	65.525	5
2025-10-06 20:00	65.502	65.507	65.492	65.507	4
2025-10-06 20:05	65.507	65.522	65.502	65.517	4
2025-10-06 20:10	65.522	65.562	65.522	65.552	3
2025-10-06 20:15	65.557	65.557	65.542	65.552	4
2025-10-06 20:20	65.552	65.552	65.532	65.537	3
2025-10-06 20:25	65.527	65.527	65.527	65.527	1
2025-10-06 20:30	65.522	65.522	65.512	65.512	3
2025-10-06 20:35	65.512	65.512	65.482	65.507	5
2025-10-06 20:40	65.497	65.497	65.462	65.462	3
2025-10-06 20:45	65.467	65.472	65.442	65.442	4
2025-10-06 20:50	65.452	65.452	65.377	65.437	4
2025-10-06 20:55	65.427	65.462	65.427	65.447	5
2025-10-07 00:00	65.478	65.515	65.462	65.462	5
2025-10-07 00:05	65.470	65.470	65.437	65.440	5
2025-10-07 00:10	65.442	65.470	65.435	65.462	5
2025-10-07 00:15	65.460	65.470	65.442	65.442	5
2025-10-07 00:20	65.455	65.457	65.432	65.450	5
2025-10-07 00:25	65.445	65.460	65.442	65.450	4
2025-10-07 00:30	65.445	65.472	65.442	65.470	4
2025-10-07 00:35	65.465	65.505	65.465	65.487	4
2025-10-07 00:40	65.492	65.500	65.485	65.488	5
2025-10-07 00:45	65.500	65.500	65.452	65.452	5
2025-10-07 00:50	65.450	65.475	65.448	65.462	4
2025-10-07 00:55	65.458	65.487	65.458	65.480	5
2025-10-07 01:00	65.485	65.520	65.470	65.515	5
2025-10-07 01:05	65.508	65.545	65.508	65.532	5
2025-10-07 01:10	65.545	65.545	65.522	65.532	5
2025-10-07 01:15	65.525	65.525	65.495	65.517	5
2025-10-07 01:20	65.510	65.515	65.495	65.515	4
2025-10-07 01:25	65.508	65.525	65.505	65.515	5
2025-10-07 01:30	65.508	65.552	65.508	65.548	4
2025-10-07 01:35	65.555	65.595	65.552	65.595	5
2025-10-07 01:40	65.605	65.610	65.562	65.562	5
2025-10-07 01:45	65.560	65.565	65.527	65.540	5
2025-10-07 01:50	65.542	65.545	65.522	65.540	5
2025-10-07 01:55	65.545	65.547	65.538	65.545	4
2025-10-07 02:00	65.532	65.555	65.532	65.542	5
2025-10-07 02:05	65.537	65.552	65.537	65.552	3
2025-10-07 02:10	65.550	65.595	65.542	65.582	5
2025-10-07 02:15	65.590	65.595	65.555	65.582	5
2025-10-07 02:20	65.590	65.595	65.580	65.590	5
2025-10-07 02:25	65.595	65.615	65.595	65.610	4
2025-10-07 02:30	65.615	65.625	65.605	65.610	5
2025-10-07 02:35	65.605	65.665	65.605	65.655	5
2025-10-07 02:40	65.660	65.675	65.652	65.662	5
2025-10-07 02:45	65.670	65.695	65.670	65.672	5
2025-10-07 02:50	65.680	65.680	65.662	65.675	5
2025-10-07 02:55	65.670	65.675	65.660	65.662	4
2025-10-07 03:00	65.680	65.712	65.675	65.705	3
2025-10-07 03:05	65.695	65.695	65.662	65.670	4
2025-10-07 03:10	65.672	65.695	65.667	65.690	5
2025-10-07 03:15	65.683	65.692	65.683	65.692	3
2025-10-07 03:20	65.688	65.700	65.667	65.667	5
2025-10-07 03:25	65.672	65.675	65.652	65.665	5
2025-10-07 03:30	65.670	65.672	65.645	65.652	4
2025-10-07 03:35	65.650	65.650	65.637	65.650	3
2025-10-07 03:40	65.652	65.652	65.635	65.652	4
2025-10-07 03:45	65.648	65.675	65.648	65.675	3
2025-10-07 03:50	65.668	65.685	65.667	65.680	3
2025-10-07 03:55	65.675	65.675	65.668	65.675	3
2025-10-07 04:00	65.668	65.675	65.645	65.647	4
2025-10-07 04:05	65.655	65.655	65.620	65.627	4
2025-10-07 04:10	65.635	65.640	65.622	65.630	4
2025-10-07 04:15	65.635	65.650	65.632	65.637	4
2025-10-07 04:20	65.632	65.640	65.620	65.630	5
2025-10-07 04:25	65.632	65.640	65.592	65.592	5
2025-10-07 04:30	65.600	65.615	65.572	65.585	5
2025-10-07 04:35	65.595	65.595	65.552	65.562	5
2025-10-07 04:40	65.570	65.585	65.562	65.562	3
2025-10-07 04:45	65.560	65.560	65.532	65.532	5
2025-10-07 04:50	65.520	65.525	65.505	65.505	5
2025-10-07 04:55	65.510	65.512	65.457	65.485	5
2025-10-07 05:00	65.480	65.510	65.480	65.505	5
2025-10-07 05:05	65.498	65.520	65.490	65.490	3
2025-10-07 05:10	65.500	65.505	65.470	65.482	5
2025-10-07 05:15	65.487	65.565	65.487	65.532	5
2025-10-07 05:20	65.545	65.545	65.535	65.542	5
2025-10-07 05:25	65.540	65.545	65.525	65.542	4
2025-10-07 05:30	65.555	65.635	65.552	65.630	5
2025-10-07 05:35	65.625	65.632	65.615	65.620	4
2025-10-07 05:40	65.622	65.645	65.617	65.622	5
2025-10-07 05:45	65.618	65.680	65.618	65.670	4
2025-10-07 05:50	65.680	65.685	65.662	65.682	4
2025-10-07 05:55	65.695	65.725	65.682	65.690	5
2025-10-07 06:00	65.680	65.725	65.677	65.720	5
2025-10-07 06:05	65.722	65.722	65.672	65.705	5
2025-10-07 06:10	65.710	65.725	65.692	65.692	4
2025-10-07 06:15	65.705	65.722	65.692	65.700	5
2025-10-07 06:20	65.702	65.722	65.612	65.625	5
2025-10-07 06:25	65.635	65.725	65.632	65.725	5
2025-10-07 06:30	65.715	65.805	65.712	65.782	5
2025-10-07 06:35	65.800	65.815	65.792	65.797	5
2025-10-07 06:40	65.792	65.805	65.690	65.695	5
2025-10-07 06:45	65.705	65.730	65.655	65.677	5
2025-10-07 06:50	65.685	65.702	65.570	65.585	5
2025-10-07 06:55	65.587	65.622	65.572	65.620	5
2025-10-07 07:00	65.613	65.642	65.532	65.595	5
2025-10-07 07:05	65.605	65.670	65.602	65.640	5
2025-10-07 07:10	65.642	65.670	65.612	65.630	5
2025-10-07 07:15	65.622	65.637	65.552	65.595	5
2025-10-07 07:20	65.600	65.605	65.475	65.482	5
2025-10-07 07:25	65.490	65.535	65.412	65.422	5
2025-10-07 07:30	65.427	65.450	65.392	65.425	5
2025-10-07 07:35	65.420	65.450	65.290	65.322	5
2025-10-07 07:40	65.330	65.370	65.272	65.362	5
2025-10-07 07:45	65.375	65.435	65.335	65.422	5
2025-10-07 07:50	65.417	65.505	65.415	65.492	5
2025-10-07 07:55	65.510	65.515	65.415	65.440	5
2025-10-07 08:00	65.445	65.510	65.392	65.475	5
2025-10-07 08:05	65.480	65.605	65.480	65.572	5
2025-10-07 08:10	65.585	65.675	65.552	65.605	5
2025-10-07 08:15	65.600	65.635	65.580	65.592	5
2025-10-07 08:20	65.597	65.615	65.565	65.592	5
2025-10-07 08:25	65.605	65.675	65.552	65.612	5
2025-10-07 08:30	65.615	65.630	65.432	65.512	5
2025-10-07 08:35	65.525	65.550	65.372	65.392	5
2025-10-07 08:40	65.400	65.410	65.350	65.385	5
2025-10-07 08:45	65.380	65.415	65.360	65.380	5
2025-10-07 08:50	65.385	65.385	65.317	65.355	5
2025-10-07 08:55	65.350	65.350	65.262	65.272	5
2025-10-07 09:00	65.270	65.275	65.157	65.157	5
2025-10-07 09:05	65.157	65.227	65.157	65.222	5
2025-10-07 09:10	65.205	65.225	65.172	65.172	5
2025-10-07 09:15	65.185	65.185	65.157	65.157	5
2025-10-07 09:20	65.157	65.195	65.092	65.187	5
2025-10-07 09:25	65.192	65.195	65.090	65.090	5
2025-10-07 09:30	65.085	65.195	65.052	65.162	5
2025-10-07 09:35	65.160	65.225	65.112	65.225	5
2025-10-07 09:40	65.215	65.315	65.200	65.305	5
2025-10-07 09:45	65.320	65.355	65.182	65.192	5
2025-10-07 09:50	65.190	65.275	65.150	65.262	5
2025-10-07 09:55	65.275	65.325	65.242	65.320	5
2025-10-07 10:00	65.312	65.435	65.268	65.362	5
2025-10-07 10:05	65.375	65.375	65.262	65.295	5
2025-10-07 10:10	65.285	65.320	65.242	65.292	5
2025-10-07 10:15	65.310	65.325	65.262	65.295	5
2025-10-07 10:20	65.325	65.372	65.288	65.355	5
2025-10-07 10:25	65.352	65.380	65.342	65.375	5
2025-10-07 10:30	65.380	65.382	65.272	65.332	5
2025-10-07 10:35	65.322	65.385	65.302	65.342	5
2025-10-07 10:40	65.350	65.375	65.342	65.370	5
2025-10-07 10:45	65.375	65.400	65.352	65.372	5
2025-10-07 10:50	65.385	65.485	65.382	65.455	5
2025-10-07 10:55	65.430	65.430	65.372	65.385	5
2025-10-07 11:00	65.365	65.615	65.348	65.562	5
2025-10-07 11:05	65.560	65.565	65.512	65.512	5
2025-10-07 11:10	65.520	65.545	65.485	65.502	5
2025-10-07 11:15	65.510	65.550	65.505	65.550	5
2025-10-07 11:20	65.542	65.542	65.495	65.525	5
2025-10-07 11:25	65.530	65.575	65.502	65.555	5
2025-10-07 11:30	65.560	65.560	65.480	65.492	5
2025-10-07 11:35	65.490	65.520	65.422	65.430	5
2025-10-07 11:40	65.435	65.455	65.402	65.415	5
2025-10-07 11:45	65.380	65.455	65.362	65.455	5
2025-10-07 11:50	65.452	65.570	65.450	65.535	5
2025-10-07 11:55	65.545	65.595	65.482	65.497	5
2025-10-07 12:00	65.505	65.545	65.432	65.532	5
2025-10-07 12:05	65.530	65.530	65.372	65.417	5
2025-10-07 12:10	65.422	65.485	65.422	65.470	5
2025-10-07 12:15	65.485	65.565	65.458	65.522	5
2025-10-07 12:20	65.512	65.522	65.392	65.402	5
2025-10-07 12:25	65.410	65.415	65.362	65.390	5
2025-10-07 12:30	65.385	65.400	65.285	65.332	5
2025-10-07 12:35	65.330	65.330	65.192	65.232	5
2025-10-07 12:40	65.210	65.230	65.132	65.182	5
2025-10-07 12:45	65.175	65.225	65.152	65.160	5
2025-10-07 12:50	65.155	65.235	65.152	65.165	5
2025-10-07 12:55	65.160	65.190	65.102	65.125	5
2025-10-07 13:00	65.115	65.115	64.692	64.752	5
2025-10-07 13:05	64.745	64.800	64.520	64.635	5
2025-10-07 13:10	64.645	64.980	64.642	64.942	5
2025-10-07 13:15	64.937	65.035	64.912	65.032	5
2025-10-07 13:20	65.025	65.095	64.975	65.070	5
2025-10-07 13:25	65.072	65.190	64.992	65.135	5
2025-10-07 13:30	65.130	65.415	65.087	65.392	5
2025-10-07 13:35	65.405	65.420	65.222	65.255	5
2025-10-07 13:40	65.265	65.475	65.252	65.412	5
2025-10-07 13:45	65.425	65.525	65.412	65.460	5
2025-10-07 13:50	65.465	65.505	65.417	65.472	5
2025-10-07 13:55	65.480	65.480	65.352	65.365	5
2025-10-07 14:00	65.352	65.395	65.175	65.235	5
2025-10-07 14:05	65.225	65.305	64.985	64.992	5
2025-10-07 14:10	65.002	65.095	64.992	65.040	5
2025-10-07 14:15	65.032	65.085	64.942	65.062	5
2025-10-07 14:20	65.055	65.062	64.952	64.952	5
2025-10-07 14:25	64.965	64.980	64.882	64.945	5
2025-10-07 14:30	64.940	65.075	64.915	64.995	5
2025-10-07 14:35	65.010	65.152	64.972	65.075	5
2025-10-07 14:40	65.080	65.185	65.072	65.092	5
2025-10-07 14:45	65.105	65.365	65.102	65.360	5
2025-10-07 14:50	65.365	65.375	65.272	65.285	5
2025-10-07 14:55	65.275	65.335	65.252	65.312	5
2025-10-07 15:00	65.305	65.365	65.242	65.265	5
2025-10-07 15:05	65.275	65.300	65.132	65.145	5
2025-10-07 15:10	65.147	65.275	65.127	65.212	5
2025-10-07 15:15	65.210	65.285	65.190	65.232	5
2025-10-07 15:20	65.240	65.300	65.202	65.232	5
2025-10-07 15:25	65.240	65.345	65.222	65.312	5
2025-10-07 15:30	65.325	65.435	65.285	65.432	5
2025-10-07 15:35	65.445	65.480	65.400	65.410	5
2025-10-07 15:40	65.415	65.452	65.362	65.392	5
2025-10-07 15:45	65.397	65.415	65.185	65.242	5
2025-10-07 15:50	65.250	65.282	65.185	65.190	5
2025-10-07 15:55	65.195	65.295	65.142	65.242	5
2025-10-07 16:00	65.255	65.295	65.192	65.220	5
2025-10-07 16:05	65.215	65.245	65.132	65.235	5
2025-10-07 16:10	65.222	65.235	65.172	65.180	5
2025-10-07 16:15	65.185	65.185	65.090	65.122	5
2025-10-07 16:20	65.115	65.172	65.072	65.075	5
2025-10-07 16:25	65.077	65.140	65.072	65.092	5
2025-10-07 16:30	65.087	65.210	65.085	65.132	5
2025-10-07 16:35	65.140	65.140	65.042	65.082	5
2025-10-07 16:40	65.100	65.185	65.072	65.102	5
2025-10-07 16:45	65.095	65.132	65.075	65.082	5
2025-10-07 16:50	65.087	65.165	65.082	65.105	5
2025-10-07 16:55	65.095	65.170	65.092	65.132	5
2025-10-07 17:00	65.140	65.185	65.112	65.162	5
2025-10-07 17:05	65.160	65.170	65.095	65.122	5
2025-10-07 17:10	65.135	65.155	65.115	65.130	5
2025-10-07 17:15	65.132	65.165	65.130	65.145	5
2025-10-07 17:20	65.155	65.185	65.085	65.112	5
2025-10-07 17:25	65.120	65.157	65.092	65.152	5
2025-10-07 17:30	65.165	65.235	65.162	65.205	5
2025-10-07 17:35	65.215	65.255	65.192	65.220	5
2025-10-07 17:40	65.212	65.265	65.210	65.265	5
2025-10-07 17:45	65.260	65.285	65.242	65.285	5
2025-10-07 17:50	65.300	65.375	65.275	65.372	5
2025-10-07 17:55	65.370	65.375	65.210	65.215	5
2025-10-07 18:00	65.220	65.285	65.202	65.255	5
2025-10-07 18:05	65.265	65.305	65.235	65.235	5
2025-10-07 18:10	65.240	65.335	65.232	65.272	5
2025-10-07 18:15	65.277	65.440	65.262	65.410	5
2025-10-07 18:20	65.415	65.460	65.372	65.385	5
2025-10-07 18:25	65.395	65.470	65.382	65.432	5
2025-10-07 18:30	65.425	65.565	65.422	65.542	5
2025-10-07 18:35	65.535	65.575	65.532	65.575	5
2025-10-07 18:40	65.570	65.620	65.562	65.585	5
2025-10-07 18:45	65.580	65.650	65.580	65.635	5
2025-10-07 18:50	65.625	65.660	65.602	65.655	5
2025-10-07 18:55	65.660	65.695	65.655	65.680	5
2025-10-07 19:00	65.682	65.705	65.660	65.667	5
2025-10-07 19:05	65.675	65.735	65.667	65.702	5
2025-10-07 19:10	65.700	65.715	65.627	65.642	4
2025-10-07 19:15	65.640	65.680	65.632	65.675	5
2025-10-07 19:20	65.680	65.705	65.662	65.672	4
2025-10-07 19:25	65.680	65.695	65.662	65.692	5
2025-10-07 19:30	65.705	65.710	65.692	65.705	5
2025-10-07 19:35	65.710	65.720	65.702	65.715	2
2025-10-07 19:40	65.720	65.745	65.712	65.745	5
2025-10-07 19:45	65.760	65.765	65.752	65.762	5
2025-10-07 19:50	65.755	65.775	65.752	65.772	4
2025-10-07 19:55	65.765	65.775	65.740	65.752	5
2025-10-07 20:00	65.732	65.737	65.687	65.702	5
2025-10-07 20:05	65.712	65.712	65.692	65.697	5
2025-10-07 20:10	65.697	65.697	65.682	65.687	3
2025-10-07 20:15	65.672	65.677	65.672	65.672	4
2025-10-07 20:20	65.687	65.692	65.677	65.687	4
2025-10-07 20:25	65.692	65.702	65.662	65.682	4
2025-10-07 20:30	65.672	65.732	65.672	65.717	4
2025-10-07 20:35	65.717	65.732	65.717	65.727	5
2025-10-07 20:40	65.732	65.732	65.702	65.722	4
2025-10-07 20:45	65.727	65.752	65.722	65.742	5
2025-10-07 20:50	65.737	65.752	65.692	65.692	4
2025-10-07 20:55	65.692	65.697	65.672	65.692	5
2025-10-08 00:00	65.782	65.810	65.742	65.760	5
2025-10-08 00:05	65.762	65.805	65.762	65.802	5
2025-10-08 00:10	65.810	65.810	65.767	65.782	5
2025-10-08 00:15	65.765	65.795	65.762	65.775	5
2025-10-08 00:20	65.785	65.805	65.782	65.802	1
2025-10-08 00:25	65.830	65.865	65.812	65.822	4
2025-10-08 00:30	65.835	65.845	65.825	65.837	4
2025-10-08 00:35	65.845	65.870	65.837	65.865	5
2025-10-08 00:40	65.855	65.857	65.812	65.830	5
2025-10-08 00:45	65.822	65.875	65.822	65.858	5
2025-10-08 00:50	65.865	65.885	65.852	65.860	4
2025-10-08 00:55	65.852	65.865	65.842	65.850	4
2025-10-08 01:00	65.845	65.845	65.818	65.830	5
2025-10-08 01:05	65.835	65.850	65.832	65.832	4
2025-10-08 01:10	65.828	65.845	65.828	65.842	4
2025-10-08 01:15	65.838	65.855	65.832	65.852	5
2025-10-08 01:20	65.865	65.885	65.862	65.875	4
2025-10-08 01:25	65.868	65.925	65.868	65.902	5
2025-10-08 01:30	65.912	65.920	65.882	65.885	5
2025-10-08 01:35	65.890	65.892	65.862	65.872	5
2025-10-08 01:40	65.885	65.915	65.872	65.895	5
2025-10-08 01:45	65.888	65.900	65.885	65.885	4
2025-10-08 01:50	65.890	65.905	65.885	65.892	5
2025-10-08 01:55	65.885	65.905	65.882	65.890	4
2025-10-08 02:00	65.892	65.905	65.882	65.902	5
2025-10-08 02:05	65.925	65.925	65.912	65.922	3
2025-10-08 02:10	65.915	65.925	65.912	65.922	2
2025-10-08 02:15	65.955	65.955	65.932	65.932	3
2025-10-08 02:20	65.935	66.015	65.935	66.010	4
2025-10-08 02:25	66.012	66.020	65.990	65.990	5
2025-10-08 02:30	65.975	65.995	65.970	65.980	4
2025-10-08 02:35	65.982	65.990	65.968	65.982	4
2025-10-08 02:40	65.975	65.975	65.942	65.942	5
2025-10-08 02:45	65.947	65.950	65.917	65.950	5
2025-10-08 02:50	65.955	65.955	65.930	65.935	4
2025-10-08 02:55	65.928	65.960	65.928	65.957	4
2025-10-08 03:00	65.955	65.955	65.948	65.950	4
2025-10-08 03:05	65.945	65.975	65.942	65.972	5
2025-10-08 03:10	65.985	66.015	65.982	65.982	5
2025-10-08 03:15	65.980	65.992	65.962	65.965	5
2025-10-08 03:20	65.970	65.990	65.957	65.957	5
2025-10-08 03:25	65.952	65.980	65.952	65.975	4
2025-10-08 03:30	65.970	65.970	65.902	65.917	5
2025-10-08 03:35	65.925	65.950	65.922	65.940	5
2025-10-08 03:40	65.945	65.955	65.932	65.945	5
2025-10-08 03:45	65.935	65.965	65.932	65.948	5
2025-10-08 03:50	65.965	65.965	65.930	65.930	5
2025-10-08 03:55	65.935	65.935	65.917	65.920	4
2025-10-08 04:00	65.922	65.960	65.922	65.945	5
2025-10-08 04:05	65.938	65.945	65.925	65.930	5
2025-10-08 04:10	65.935	65.935	65.922	65.922	5
2025-10-08 04:15	65.930	65.950	65.912	65.935	4
2025-10-08 04:20	65.940	65.942	65.928	65.928	5
2025-10-08 04:25	65.925	65.935	65.922	65.922	4
2025-10-08 04:30	65.920	65.920	65.890	65.890	4
2025-10-08 04:35	65.892	65.895	65.862	65.870	5
2025-10-08 04:40	65.865	65.885	65.858	65.872	5
2025-10-08 04:45	65.885	65.885	65.875	65.885	4
2025-10-08 04:50	65.880	65.905	65.877	65.890	4
2025-10-08 04:55	65.882	65.905	65.882	65.898	5
2025-10-08 05:00	65.905	65.905	65.882	65.882	3
2025-10-08 05:05	65.895	65.905	65.890	65.905	3
2025-10-08 05:10	65.900	65.905	65.882	65.882	5
2025-10-08 05:15	65.887	65.905	65.882	65.892	4
2025-10-08 05:20	65.888	65.935	65.888	65.930	4
2025-10-08 05:25	65.922	65.950	65.922	65.945	5
2025-10-08 05:30	65.950	65.955	65.932	65.942	3
2025-10-08 05:35	65.940	65.955	65.932	65.932	4
2025-10-08 05:40	65.940	65.965	65.932	65.955	5
2025-10-08 05:45	65.950	65.955	65.935	65.955	5
2025-10-08 05:50	65.948	65.975	65.948	65.972	4
2025-10-08 05:55	65.965	65.975	65.942	65.942	4
2025-10-08 06:00	65.955	65.975	65.945	65.945	5
2025-10-08 06:05	65.950	65.975	65.935	65.970	5
2025-10-08 06:10	65.975	65.975	65.952	65.952	4
2025-10-08 06:15	65.945	65.975	65.915	65.962	5
2025-10-08 06:20	65.957	66.095	65.955	65.965	5
2025-10-08 06:25	65.970	65.970	65.922	65.922	5
2025-10-08 06:30	65.920	65.990	65.920	65.982	5
2025-10-08 06:35	65.990	66.035	65.945	66.030	5
2025-10-08 06:40	66.025	66.070	66.020	66.030	5
2025-10-08 06:45	66.035	66.045	65.965	65.987	5
2025-10-08 06:50	65.985	66.035	65.930	66.030	5
2025-10-08 06:55	66.025	66.080	66.025	66.062	5
2025-10-08 07:00	66.058	66.085	66.032	66.072	5
2025-10-08 07:05	66.090	66.100	66.012	66.042	5
2025-10-08 07:10	66.045	66.095	65.985	66.085	5
2025-10-08 07:15	66.075	66.100	66.052	66.065	5
2025-10-08 07:20	66.075	66.105	66.072	66.100	5
2025-10-08 07:25	66.105	66.125	66.012	66.032	5
2025-10-08 07:30	66.040	66.052	66.002	66.050	5
2025-10-08 07:35	66.042	66.055	66.002	66.005	5
2025-10-08 07:40	65.995	66.015	65.905	65.932	5
2025-10-08 07:45	65.925	65.975	65.902	65.942	5
2025-10-08 07:50	65.950	66.042	65.950	66.012	5
2025-10-08 07:55	66.010	66.055	66.002	66.015	5
2025-10-08 08:00	66.010	66.045	65.902	65.915	5
2025-10-08 08:05	65.925	65.975	65.862	65.932	5
2025-10-08 08:10	65.940	66.015	65.935	65.962	5
2025-10-08 08:15	65.975	65.975	65.888	65.922	5
2025-10-08 08:20	65.930	65.935	65.792	65.832	5
2025-10-08 08:25	65.840	65.975	65.822	65.920	5
2025-10-08 08:30	65.915	65.995	65.855	65.870	5
2025-10-08 08:35	65.875	65.990	65.852	65.972	5
2025-10-08 08:40	65.985	66.015	65.950	65.975	5
2025-10-08 08:45	65.962	65.995	65.912	65.925	5
2025-10-08 08:50	65.945	66.065	65.895	66.022	5
2025-10-08 08:55	66.020	66.045	65.915	65.960	5
2025-10-08 09:00	65.965	65.990	65.912	65.937	5
2025-10-08 09:05	65.950	66.055	65.938	66.045	5
2025-10-08 09:10	66.055	66.105	66.000	66.067	5
2025-10-08 09:15	66.065	66.255	66.055	66.225	5
2025-10-08 09:20	66.235	66.265	66.202	66.252	5
2025-10-08 09:25	66.260	66.315	66.228	66.240	5
2025-10-08 09:30	66.245	66.300	66.212	66.255	5
2025-10-08 09:35	66.250	66.285	66.182	66.187	5
2025-10-08 09:40	66.195	66.255	66.167	66.237	5
2025-10-08 09:45	66.245	66.275	66.202	66.230	5
2025-10-08 09:50	66.235	66.270	66.212	66.232	5
2025-10-08 09:55	66.245	66.275	66.172	66.202	5
2025-10-08 10:00	66.200	66.245	66.175	66.240	5
2025-10-08 10:05	66.245	66.245	66.202	66.215	5
2025-10-08 10:10	66.225	66.265	66.205	66.235	5
2025-10-08 10:15	66.232	66.265	66.222	66.262	5
2025-10-08 10:20	66.255	66.260	66.125	66.137	5
2025-10-08 10:25	66.135	66.175	66.082	66.082	5
2025-10-08 10:30	66.075	66.120	66.022	66.072	5
2025-10-08 10:35	66.085	66.085	65.968	66.015	5
2025-10-08 10:40	66.010	66.120	65.998	66.112	5
2025-10-08 10:45	66.110	66.155	66.092	66.102	5
2025-10-08 10:50	66.115	66.140	66.032	66.055	5
2025-10-08 10:55	66.065	66.115	66.055	66.097	5
2025-10-08 11:00	66.095	66.220	66.082	66.215	5
2025-10-08 11:05	66.220	66.270	66.212	66.235	5
2025-10-08 11:10	66.245	66.262	66.225	66.225	5
2025-10-08 11:15	66.215	66.235	66.202	66.235	5
2025-10-08 11:20	66.225	66.275	66.217	66.245	5
2025-10-08 11:25	66.240	66.267	66.210	66.215	5
2025-10-08 11:30	66.225	66.265	66.212	66.245	5
2025-10-08 11:35	66.247	66.275	66.232	66.272	5
2025-10-08 11:40	66.265	66.275	66.232	66.232	5
2025-10-08 11:45	66.222	66.245	66.222	66.242	5
2025-10-08 11:50	66.255	66.370	66.252	66.370	5
2025-10-08 11:55	66.352	66.365	66.320	66.332	5
2025-10-08 12:00	66.325	66.345	66.262	66.292	5
2025-10-08 12:05	66.285	66.305	66.225	66.290	5
2025-10-08 12:10	66.295	66.445	66.292	66.442	5
2025-10-08 12:15	66.425	66.445	66.372	66.385	5
2025-10-08 12:20	66.395	66.425	66.342	66.385	5
2025-10-08 12:25	66.395	66.395	66.342	66.365	5
2025-10-08 12:30	66.370	66.415	66.370	66.375	5
2025-10-08 12:35	66.380	66.405	66.372	66.392	5
2025-10-08 12:40	66.400	66.400	66.342	66.347	5
2025-10-08 12:45	66.345	66.355	66.302	66.352	5
2025-10-08 12:50	66.360	66.365	66.272	66.272	5
2025-10-08 12:55	66.265	66.265	66.212	66.245	5
2025-10-08 13:00	66.242	66.295	66.185	66.205	5
2025-10-08 13:05	66.215	66.225	66.032	66.102	5
2025-10-08 13:10	66.110	66.125	66.002	66.007	5
2025-10-08 13:15	66.005	66.005	65.772	65.922	5
2025-10-08 13:20	65.920	65.965	65.860	65.965	5
2025-10-08 13:25	65.975	66.040	65.935	66.035	5
2025-10-08 13:30	66.015	66.065	65.960	66.062	5
2025-10-08 13:35	66.070	66.115	66.005	66.037	5
2025-10-08 13:40	66.025	66.025	65.942	65.995	5
2025-10-08 13:45	65.985	66.035	65.982	66.012	5
2025-10-08 13:50	66.020	66.025	65.942	65.942	5
2025-10-08 13:55	65.935	65.942	65.852	65.882	5
2025-10-08 14:00	65.865	65.960	65.842	65.902	5
2025-10-08 14:05	65.910	66.005	65.875	65.992	5
2025-10-08 14:10	66.000	66.145	65.975	66.145	5
2025-10-08 14:15	66.140	66.230	66.140	66.215	5
2025-10-08 14:20	66.225	66.230	66.125	66.145	5
2025-10-08 14:25	66.140	66.145	66.082	66.110	5
2025-10-08 14:30	66.050	66.165	65.852	65.852	5
2025-10-08 14:35	65.860	66.095	65.810	65.895	5
2025-10-08 14:40	65.905	66.055	65.870	66.042	5
2025-10-08 14:45	66.055	66.055	65.950	66.042	5
2025-10-08 14:50	66.055	66.165	66.045	66.155	5
2025-10-08 14:55	66.150	66.215	66.122	66.207	5
2025-10-08 15:00	66.215	66.325	66.212	66.277	5
2025-10-08 15:05	66.285	66.315	66.247	66.277	5
2025-10-08 15:10	66.275	66.375	66.272	66.322	5
2025-10-08 15:15	66.315	66.445	66.312	66.432	5
2025-10-08 15:20	66.445	66.515	66.392	66.402	5
2025-10-08 15:25	66.415	66.425	66.332	66.412	5
2025-10-08 15:30	66.425	66.485	66.242	66.365	5
2025-10-08 15:35	66.360	66.385	66.322	66.362	5
2025-10-08 15:40	66.375	66.405	66.340	66.400	5
2025-10-08 15:45	66.397	66.482	66.357	66.482	5
2025-10-08 15:50	66.480	66.485	66.382	66.415	5
2025-10-08 15:55	66.425	66.475	66.392	66.445	5
2025-10-08 16:00	66.442	66.515	66.422	66.475	5
2025-10-08 16:05	66.465	66.475	66.375	66.375	5
2025-10-08 16:10	66.370	66.415	66.282	66.315	5
2025-10-08 16:15	66.320	66.325	66.242	66.302	5
2025-10-08 16:20	66.315	66.325	66.202	66.202	5
2025-10-08 16:25	66.200	66.205	66.072	66.152	5
2025-10-08 16:30	66.135	66.225	66.122	66.202	5
2025-10-08 16:35	66.210	66.225	66.172	66.182	5
2025-10-08 16:40	66.192	66.285	66.182	66.222	5
2025-10-08 16:45	66.205	66.300	66.200	66.295	5
2025-10-08 16:50	66.305	66.315	66.265	66.295	5
2025-10-08 16:55	66.285	66.295	66.242	66.275	5
2025-10-08 17:00	66.265	66.327	66.232	66.317	5
2025-10-08 17:05	66.315	66.365	66.275	66.352	5
2025-10-08 17:10	66.345	66.365	66.332	66.342	5
2025-10-08 17:15	66.355	66.385	66.322	66.325	5
2025-10-08 17:20	66.335	66.345	66.282	66.295	5
2025-10-08 17:25	66.310	66.415	66.302	66.405	5
2025-10-08 17:30	66.415	66.415	66.352	66.362	5
2025-10-08 17:35	66.360	66.360	66.285	66.325	5
2025-10-08 17:40	66.315	66.345	66.302	66.325	5
2025-10-08 17:45	66.327	66.345	66.322	66.342	5
2025-10-08 17:50	66.355	66.385	66.342	66.372	5
2025-10-08 17:55	66.380	66.385	66.372	66.375	5
2025-10-08 18:00	66.370	66.385	66.342	66.375	5
2025-10-08 18:05	66.385	66.390	66.222	66.272	5
2025-10-08 18:10	66.265	66.295	66.245	66.270	5
2025-10-08 18:15	66.275	66.305	66.242	66.265	5
2025-10-08 18:20	66.260	66.285	66.242	66.272	5
2025-10-08 18:25	66.265	66.285	66.202	66.245	5
2025-10-08 18:30	66.250	66.292	66.232	66.292	5
2025-10-08 18:35	66.300	66.315	66.235	66.265	5
2025-10-08 18:40	66.260	66.262	66.212	66.212	5
2025-10-08 18:45	66.225	66.245	66.195	66.212	5
2025-10-08 18:50	66.205	66.205	66.142	66.142	5
2025-10-08 18:55	66.137	66.145	66.105	66.125	5
2025-10-08 19:00	66.108	66.140	66.108	66.120	5
2025-10-08 19:05	66.115	66.135	66.105	66.125	5
2025-10-08 19:10	66.120	66.125	66.102	66.115	4
2025-10-08 19:15	66.125	66.142	66.095	66.122	5
2025-10-08 19:20	66.120	66.145	66.115	66.132	5
2025-10-08 19:25	66.127	66.145	66.122	66.132	5
2025-10-08 19:30	66.130	66.135	66.092	66.115	5
2025-10-08 19:35	66.105	66.125	66.102	66.122	4
2025-10-08 19:40	66.115	66.122	66.092	66.112	3
2025-10-08 19:45	66.105	66.120	66.102	66.120	3
2025-10-08 19:50	66.125	66.162	66.115	66.152	5
2025-10-08 19:55	66.160	66.165	66.115	66.120	5
2025-10-08 20:00	66.125	66.125	66.072	66.087	4
2025-10-08 20:05	66.082	66.103	66.077	66.077	4
2025-10-08 20:10	66.077	66.107	66.077	66.107	5
2025-10-08 20:15	66.107	66.132	66.107	66.117	4
2025-10-08 20:20	66.117	66.122	66.092	66.112	4
2025-10-08 20:25	66.092	66.102	66.062	66.067	4
2025-10-08 20:30	66.072	66.087	66.067	66.072	4
2025-10-08 20:35	66.077	66.082	66.062	66.082	5
2025-10-08 20:40	66.077	66.097	66.077	66.087	5
2025-10-08 20:45	66.082	66.087	66.050	66.050	5
2025-10-08 20:50	66.050	66.050	66.050	66.050	4
2025-10-08 20:55	66.050	66.050	65.998	65.998	5
2025-10-09 00:00	65.781	65.795	65.662	65.690	5
2025-10-09 00:05	65.692	65.710	65.662	65.677	5
2025-10-09 00:10	65.675	65.705	65.667	65.667	5
2025-10-09 00:15	65.662	65.670	65.592	65.592	5
2025-10-09 00:20	65.615	65.645	65.602	65.622	5
2025-10-09 00:25	65.620	65.640	65.595	65.635	5
2025-10-09 00:30	65.635	65.690	65.632	65.690	5
2025-10-09 00:35	65.680	65.695	65.647	65.685	5
2025-10-09 00:40	65.680	65.685	65.632	65.680	5
2025-10-09 00:45	65.685	65.695	65.672	65.677	5
2025-10-09 00:50	65.665	65.665	65.642	65.652	4
2025-10-09 00:55	65.665	65.685	65.652	65.680	4
2025-10-09 01:00	65.690	65.720	65.530	65.657	5
2025-10-09 01:05	65.655	65.780	65.637	65.757	5
2025-10-09 01:10	65.750	65.825	65.712	65.725	5
2025-10-09 01:15	65.735	65.845	65.727	65.815	5
2025-10-09 01:20	65.810	65.875	65.795	65.840	5
2025-10-09 01:25	65.830	65.870	65.815	65.850	5
2025-10-09 01:30	65.855	65.860	65.745	65.762	5
2025-10-09 01:35	65.767	65.852	65.767	65.850	5
2025-10-09 01:40	65.852	65.902	65.832	65.835	5
2025-10-09 01:45	65.845	65.850	65.800	65.845	5
2025-10-09 01:50	65.840	65.880	65.795	65.862	5
2025-10-09 01:55	65.860	65.870	65.837	65.840	5
2025-10-09 02:00	65.845	65.880	65.785	65.805	5
2025-10-09 02:05	65.800	65.855	65.800	65.815	5
2025-10-09 02:10	65.820	65.885	65.820	65.862	5
2025-10-09 02:15	65.857	65.885	65.842	65.850	5
2025-10-09 02:20	65.855	65.895	65.855	65.890	5
2025-10-09 02:25	65.885	65.887	65.867	65.872	5
2025-10-09 02:30	65.895	65.910	65.720	65.720	5
2025-10-09 02:35	65.725	65.815	65.725	65.785	5
2025-10-09 02:40	65.800	65.815	65.785	65.785	5
2025-10-09 02:45	65.790	65.830	65.775	65.830	5
2025-10-09 02:50	65.822	65.845	65.782	65.800	5
2025-10-09 02:55	65.805	65.805	65.762	65.800	5
2025-10-09 03:00	65.795	65.855	65.792	65.802	5
2025-10-09 03:05	65.815	65.815	65.782	65.800	5
2025-10-09 03:10	65.805	65.855	65.797	65.855	5
2025-10-09 03:15	65.860	65.872	65.822	65.825	5
2025-10-09 03:20	65.835	65.865	65.832	65.832	5
2025-10-09 03:25	65.825	65.835	65.812	65.822	5
2025-10-09 03:30	65.830	65.910	65.825	65.892	4
2025-10-09 03:35	65.890	65.895	65.872	65.880	5
2025-10-09 03:40	65.885	65.915	65.872	65.890	5
2025-10-09 03:45	65.882	65.885	65.862	65.870	4
2025-10-09 03:50	65.880	65.882	65.862	65.870	5
2025-10-09 03:55	65.863	65.865	65.845	65.850	5
2025-10-09 04:00	65.860	65.897	65.852	65.895	5
2025-10-09 04:05	65.890	65.895	65.883	65.895	5
2025-10-09 04:10	65.888	65.895	65.872	65.885	4
2025-10-09 04:15	65.895	65.895	65.877	65.882	5
2025-10-09 04:20	65.878	65.905	65.878	65.902	4
2025-10-09 04:25	65.898	65.925	65.898	65.920	4
2025-10-09 04:30	65.925	65.925	65.885	65.895	5
2025-10-09 04:35	65.888	65.900	65.888	65.897	5
2025-10-09 04:40	65.892	65.905	65.867	65.875	5
2025-10-09 04:45	65.885	65.905	65.882	65.902	5
2025-10-09 04:50	65.898	65.910	65.898	65.900	4
2025-10-09 04:55	65.905	65.915	65.895	65.907	5
2025-10-09 05:00	65.915	65.965	65.907	65.960	5
2025-10-09 05:05	65.965	66.000	65.965	65.972	5
2025-10-09 05:10	65.980	65.985	65.957	65.970	5
2025-10-09 05:15	65.975	65.980	65.962	65.962	5
2025-10-09 05:20	65.970	65.985	65.962	65.965	5
2025-10-09 05:25	65.955	65.990	65.955	65.985	4
2025-10-09 05:30	65.977	66.095	65.977	66.067	5
2025-10-09 05:35	66.062	66.125	66.032	66.105	5
2025-10-09 05:40	66.095	66.370	66.082	66.350	5
2025-10-09 05:45	66.330	66.340	66.250	66.275	5
2025-10-09 05:50	66.270	66.337	66.250	66.322	5
2025-10-09 05:55	66.315	66.375	66.315	66.337	5
2025-10-09 06:00	66.353	66.365	66.225	66.235	5
2025-10-09 06:05	66.225	66.275	66.220	66.255	5
2025-10-09 06:10	66.245	66.260	66.197	66.225	5
2025-10-09 06:15	66.230	66.247	66.182	66.225	5
2025-10-09 06:20	66.225	66.250	66.162	66.217	5
2025-10-09 06:25	66.225	66.300	66.225	66.250	5
2025-10-09 06:30	66.255	66.285	66.222	66.262	5
2025-10-09 06:35	66.270	66.315	66.262	66.292	5
2025-10-09 06:40	66.300	66.315	66.270	66.305	5
2025-10-09 06:45	66.315	66.355	66.295	66.317	5
2025-10-09 06:50	66.325	66.345	66.272	66.272	5
2025-10-09 06:55	66.265	66.325	66.238	66.312	5
2025-10-09 07:00	66.305	66.335	66.262	66.332	5
2025-10-09 07:05	66.345	66.345	66.262	66.305	5
2025-10-09 07:10	66.300	66.362	66.260	66.355	5
2025-10-09 07:15	66.335	66.435	66.332	66.415	5
2025-10-09 07:20	66.420	66.435	66.382	66.412	5
2025-10-09 07:25	66.422	66.465	66.382	66.445	5
2025-10-09 07:30	66.450	66.475	66.430	66.465	3
2025-10-09 07:35	66.475	66.475	66.395	66.432	5
2025-10-09 07:40	66.440	66.445	66.342	66.360	5
2025-10-09 07:45	66.365	66.380	66.330	66.365	5
2025-10-09 07:50	66.362	66.375	66.282	66.332	5
2025-10-09 07:55	66.327	66.425	66.322	66.402	5
2025-10-09 08:00	66.398	66.495	66.398	66.415	5
2025-10-09 08:05	66.412	66.415	66.322	66.335	5
2025-10-09 08:10	66.340	66.380	66.327	66.370	5
2025-10-09 08:15	66.372	66.395	66.318	66.385	5
2025-10-09 08:20	66.390	66.395	66.292	66.340	5
2025-10-09 08:25	66.342	66.385	66.205	66.205	5
2025-10-09 08:30	66.202	66.455	66.202	66.362	5
2025-10-09 08:35	66.375	66.375	66.270	66.275	5
2025-10-09 08:40	66.285	66.355	66.272	66.347	5
2025-10-09 08:45	66.355	66.485	66.342	66.472	5
2025-10-09 08:50	66.470	66.470	66.372	66.372	5
2025-10-09 08:55	66.365	66.420	66.332	66.402	5
2025-10-09 09:00	66.398	66.465	66.370	66.415	5
2025-10-09 09:05	66.425	66.495	66.417	66.455	5
2025-10-09 09:10	66.445	66.495	66.432	66.490	5
2025-10-09 09:15	66.495	66.552	66.410	66.427	5
2025-10-09 09:20	66.432	66.435	66.392	66.392	5
2025-10-09 09:25	66.405	66.425	66.302	66.302	5
2025-10-09 09:30	66.315	66.325	66.092	66.105	5
2025-10-09 09:35	66.110	66.165	66.072	66.160	5
2025-10-09 09:40	66.155	66.175	66.062	66.077	5
2025-10-09 09:45	66.085	66.105	66.032	66.062	5
2025-10-09 09:50	66.070	66.245	66.042	66.212	5
2025-10-09 09:55	66.205	66.240	66.072	66.082	5
2025-10-09 10:00	66.075	66.095	65.892	65.892	5
2025-10-09 10:05	65.900	65.955	65.795	65.815	5
2025-10-09 10:10	65.825	65.865	65.802	65.832	5
2025-10-09 10:15	65.825	65.905	65.780	65.905	5
2025-10-09 10:20	65.900	65.955	65.852	65.885	5
2025-10-09 10:25	65.877	65.905	65.842	65.862	5
2025-10-09 10:30	65.860	65.892	65.832	65.860	5
2025-10-09 10:35	65.865	65.925	65.860	65.902	5
2025-10-09 10:40	65.885	65.925	65.862	65.882	5
2025-10-09 10:45	65.880	65.915	65.862	65.915	5
2025-10-09 10:50	65.895	65.895	65.835	65.855	5
2025-10-09 10:55	65.860	65.875	65.822	65.840	5
2025-10-09 11:00	65.833	65.945	65.833	65.942	5
2025-10-09 11:05	65.955	66.000	65.892	65.892	5
2025-10-09 11:10	65.900	66.042	65.895	66.025	5
2025-10-09 11:15	66.030	66.045	65.962	65.990	5
2025-10-09 11:20	65.995	66.065	65.982	66.035	5
2025-10-09 11:25	66.030	66.045	66.002	66.017	5
2025-10-09 11:30	66.020	66.045	65.962	65.985	5
2025-10-09 11:35	65.970	66.055	65.958	66.030	5
2025-10-09 11:40	66.032	66.075	66.012	66.035	5
2025-10-09 11:45	66.045	66.145	66.032	66.142	5
2025-10-09 11:50	66.135	66.140	65.972	66.010	5
2025-10-09 11:55	66.015	66.055	65.932	65.952	5
2025-10-09 12:00	65.930	65.935	65.875	65.902	5
2025-10-09 12:05	65.895	65.965	65.872	65.965	5
2025-10-09 12:10	65.960	65.995	65.922	65.985	4
2025-10-09 12:15	65.995	66.055	65.982	66.022	5
2025-10-09 12:20	66.020	66.135	66.020	66.080	5
2025-10-09 12:25	66.082	66.115	66.082	66.110	5
2025-10-09 12:30	66.102	66.115	66.080	66.112	5
2025-10-09 12:35	66.125	66.165	66.112	66.162	5
2025-10-09 12:40	66.175	66.265	66.172	66.222	5
2025-10-09 12:45	66.215	66.235	66.125	66.140	5
2025-10-09 12:50	66.145	66.275	66.145	66.245	5
2025-10-09 12:55	66.242	66.265	66.202	66.225	5
2025-10-09 13:00	66.230	66.315	66.212	66.312	5
2025-10-09 13:05	66.305	66.375	66.282	66.355	5
2025-10-09 13:10	66.360	66.455	66.350	66.422	5
2025-10-09 13:15	66.430	66.430	66.302	66.342	5
2025-10-09 13:20	66.335	66.395	66.322	66.342	5
2025-10-09 13:25	66.335	66.355	66.262	66.277	5
2025-10-09 13:30	66.285	66.340	66.235	66.245	5
2025-10-09 13:35	66.225	66.235	66.112	66.175	5
2025-10-09 13:40	66.180	66.295	66.162	66.240	5
2025-10-09 13:45	66.245	66.295	66.182	66.247	5
2025-10-09 13:50	66.242	66.265	66.120	66.152	5
2025-10-09 13:55	66.145	66.155	65.935	65.965	5
2025-10-09 14:00	65.952	66.065	65.912	66.065	5
2025-10-09 14:05	66.052	66.145	66.032	66.092	5
2025-10-09 14:10	66.090	66.215	66.072	66.075	5
2025-10-09 14:15	66.090	66.105	66.012	66.025	5
2025-10-09 14:20	66.015	66.020	65.885	65.972	5
2025-10-09 14:25	65.965	66.025	65.942	65.982	5
2025-10-09 14:30	65.975	65.975	65.765	65.880	5
2025-10-09 14:35	65.885	65.905	65.820	65.892	5
2025-10-09 14:40	65.897	66.015	65.895	66.002	5
2025-10-09 14:45	66.000	66.010	65.902	65.980	5
2025-10-09 14:50	65.975	65.985	65.852	65.875	5
2025-10-09 14:55	65.867	65.955	65.852	65.925	5
2025-10-09 15:00	65.907	65.972	65.822	65.832	5
2025-10-09 15:05	65.825	66.025	65.802	66.015	5
2025-10-09 15:10	66.020	66.075	65.925	65.930	5
2025-10-09 15:15	65.935	66.065	65.892	66.037	5
2025-10-09 15:20	66.045	66.045	65.937	65.995	5
2025-10-09 15:25	65.985	66.020	65.815	65.830	5
2025-10-09 15:30	65.835	65.905	65.802	65.825	5
2025-10-09 15:35	65.805	65.925	65.792	65.892	5
2025-10-09 15:40	65.882	65.922	65.792	65.802	5
2025-10-09 15:45	65.815	65.845	65.722	65.725	5
2025-10-09 15:50	65.715	65.715	65.562	65.587	5
2025-10-09 15:55	65.580	65.625	65.562	65.582	5
2025-10-09 16:00	65.572	65.680	65.572	65.672	5
2025-10-09 16:05	65.685	65.725	65.652	65.715	5
2025-10-09 16:10	65.705	65.742	65.672	65.672	5
2025-10-09 16:15	65.685	65.685	65.570	65.575	5
2025-10-09 16:20	65.565	65.625	65.542	65.582	5
2025-10-09 16:25	65.595	65.595	65.505	65.512	5
2025-10-09 16:30	65.520	65.555	65.485	65.512	5
2025-10-09 16:35	65.510	65.510	65.340	65.352	5
2025-10-09 16:40	65.345	65.375	65.315	65.335	5
2025-10-09 16:45	65.332	65.355	65.312	65.315	5
2025-10-09 16:50	65.320	65.320	65.182	65.182	5
2025-10-09 16:55	65.170	65.175	65.080	65.125	5
2025-10-09 17:00	65.145	65.225	65.102	65.150	5
2025-10-09 17:05	65.152	65.165	65.105	65.165	5
2025-10-09 17:10	65.150	65.162	65.072	65.080	5
2025-10-09 17:15	65.072	65.145	65.072	65.085	5
2025-10-09 17:20	65.075	65.145	65.072	65.140	5
2025-10-09 17:25	65.135	65.145	64.992	65.002	5
2025-10-09 17:30	65.000	65.075	65.000	65.002	5
2025-10-09 17:35	64.995	65.005	64.935	64.985	5
2025-10-09 17:40	64.975	65.045	64.975	65.035	5
2025-10-09 17:45	65.025	65.035	64.972	64.982	5
2025-10-09 17:50	64.980	65.025	64.962	65.005	5
2025-10-09 17:55	64.995	65.115	64.982	65.112	5
2025-10-09 18:00	65.125	65.125	65.048	65.075	5
2025-10-09 18:05	65.070	65.110	65.070	65.075	5
2025-10-09 18:10	65.080	65.095	65.062	65.072	5
2025-10-09 18:15	65.080	65.135	65.075	65.102	5
2025-10-09 18:20	65.115	65.175	65.095	65.175	5
2025-10-09 18:25	65.165	65.255	65.122	65.252	5
2025-10-09 18:30	65.245	65.245	65.082	65.142	5
2025-10-09 18:35	65.150	65.155	65.092	65.105	5
2025-10-09 18:40	65.100	65.125	65.077	65.110	5
2025-10-09 18:45	65.115	65.125	65.102	65.110	5
2025-10-09 18:50	65.102	65.115	65.092	65.100	5
2025-10-09 18:55	65.105	65.115	65.015	65.042	5
2025-10-09 19:00	65.052	65.052	64.987	64.992	5
2025-10-09 19:05	65.000	65.005	64.950	64.972	5
2025-10-09 19:10	64.965	64.995	64.960	64.992	5
2025-10-09 19:15	64.990	65.025	64.975	65.017	5
2025-10-09 19:20	65.025	65.025	65.005	65.012	5
2025-10-09 19:25	65.010	65.025	64.997	65.012	5
2025-10-09 19:30	65.017	65.055	65.012	65.055	4
2025-10-09 19:35	65.060	65.185	65.050	65.167	5
2025-10-09 19:40	65.162	65.185	65.112	65.125	5
2025-10-09 19:45	65.150	65.175	65.142	65.165	5
2025-10-09 19:50	65.160	65.165	65.122	65.135	5
2025-10-09 19:55	65.127	65.150	65.110	65.122	5
2025-10-09 20:00	65.113	65.113	65.087	65.112	5
2025-10-09 20:05	65.107	65.122	65.107	65.117	4
2025-10-09 20:10	65.122	65.122	65.092	65.097	5
2025-10-09 20:15	65.097	65.097	65.072	65.072	5
2025-10-09 20:20	65.067	65.092	65.062	65.082	5
2025-10-09 20:25	65.077	65.082	65.067	65.067	5
2025-10-09 20:30	65.082	65.092	65.072	65.072	5
2025-10-09 20:35	65.082	65.122	65.072	65.112	4
2025-10-09 20:40	65.102	65.132	65.102	65.132	5
2025-10-09 20:45	65.132	65.142	65.132	65.142	3
2025-10-09 20:50	65.137	65.162	65.137	65.157	5
2025-10-09 20:55	65.157	65.177	65.157	65.162	5
2025-10-10 00:00	65.227	65.250	65.182	65.232	5
2025-10-10 00:05	65.245	65.290	65.242	65.242	5
2025-10-10 00:10	65.247	65.255	65.237	65.242	5
2025-10-10 00:15	65.255	65.255	65.207	65.217	5
2025-10-10 00:20	65.225	65.245	65.222	65.238	5
2025-10-10 00:25	65.250	65.285	65.245	65.275	5
2025-10-10 00:30	65.265	65.275	65.255	65.270	5
2025-10-10 00:35	65.265	65.285	65.260	65.268	5
2025-10-10 00:40	65.275	65.305	65.275	65.295	4
2025-10-10 00:45	65.287	65.295	65.278	65.285	4
2025-10-10 00:50	65.295	65.320	65.292	65.320	1
2025-10-10 00:55	65.312	65.330	65.302	65.325	5
2025-10-10 01:00	65.330	65.335	65.245	65.257	5
2025-10-10 01:05	65.265	65.265	65.212	65.212	5
2025-10-10 01:10	65.222	65.245	65.202	65.240	5
2025-10-10 01:15	65.242	65.275	65.235	65.262	5
2025-10-10 01:20	65.275	65.275	65.242	65.245	5
2025-10-10 01:25	65.255	65.255	65.202	65.205	5
2025-10-10 01:30	65.215	65.242	65.207	65.212	5
2025-10-10 01:35	65.200	65.215	65.112	65.120	5
2025-10-10 01:40	65.125	65.175	65.112	65.165	5
2025-10-10 01:45	65.170	65.240	65.165	65.217	5
2025-10-10 01:50	65.225	65.272	65.225	65.265	5
2025-10-10 01:55	65.275	65.290	65.265	65.270	5
2025-10-10 02:00	65.265	65.265	65.242	65.255	5
2025-10-10 02:05	65.260	65.260	65.215	65.242	5
2025-10-10 02:10	65.240	65.255	65.227	65.250	5
2025-10-10 02:15	65.255	65.265	65.222	65.230	4
2025-10-10 02:20	65.235	65.240	65.212	65.240	5
2025-10-10 02:25	65.245	65.255	65.240	65.252	5
2025-10-10 02:30	65.265	65.285	65.252	65.252	5
2025-10-10 02:35	65.250	65.250	65.222	65.227	5
2025-10-10 02:40	65.235	65.240	65.207	65.212	5
2025-10-10 02:45	65.225	65.225	65.190	65.190	5
2025-10-10 02:50	65.185	65.190	65.120	65.165	5
2025-10-10 02:55	65.170	65.185	65.152	65.185	4
2025-10-10 03:00	65.175	65.185	65.120	65.120	5
2025-10-10 03:05	65.125	65.155	65.110	65.122	5
2025-10-10 03:10	65.115	65.135	65.095	65.112	4
2025-10-10 03:15	65.120	65.145	65.115	65.137	5
2025-10-10 03:20	65.145	65.145	65.097	65.122	5
2025-10-10 03:25	65.118	65.140	65.110	65.130	4
2025-10-10 03:30	65.135	65.175	65.135	65.145	5
2025-10-10 03:35	65.138	65.160	65.112	65.120	4
2025-10-10 03:40	65.122	65.122	65.047	65.080	5
2025-10-10 03:45	65.085	65.085	65.080	65.085	3
2025-10-10 03:50	65.095	65.095	65.047	65.052	3
2025-10-10 03:55	65.047	65.055	65.022	65.022	5
2025-10-10 04:00	65.010	65.025	65.002	65.020	5
2025-10-10 04:05	65.015	65.025	64.992	65.012	5
2025-10-10 04:10	65.008	65.015	64.965	64.975	5
2025-10-10 04:15	64.980	64.985	64.955	64.972	4
2025-10-10 04:20	64.965	64.970	64.940	64.945	5
2025-10-10 04:25	64.938	64.965	64.938	64.955	4
2025-10-10 04:30	64.945	64.947	64.912	64.920	4
2025-10-10 04:35	64.925	64.955	64.925	64.952	4
2025-10-10 04:40	64.945	64.945	64.907	64.922	5
2025-10-10 04:45	64.915	64.920	64.910	64.910	4
2025-10-10 04:50	64.902	64.910	64.867	64.877	4
2025-10-10 04:55	64.875	64.885	64.855	64.885	4
2025-10-10 05:00	64.875	64.915	64.872	64.900	5
2025-10-10 05:05	64.905	64.915	64.895	64.908	5
2025-10-10 05:10	64.915	64.935	64.915	64.935	4
2025-10-10 05:15	64.930	64.975	64.912	64.972	5
2025-10-10 05:20	64.980	65.025	64.980	65.015	5
2025-10-10 05:25	65.010	65.025	64.972	64.975	5
2025-10-10 05:30	64.980	65.020	64.955	65.002	5
2025-10-10 05:35	64.997	65.005	64.985	64.995	5
2025-10-10 05:40	64.990	65.055	64.990	65.015	5
2025-10-10 05:45	65.010	65.037	65.002	65.030	5
2025-10-10 05:50	65.015	65.015	64.992	64.995	5
2025-10-10 05:55	64.985	65.015	64.967	65.012	5
2025-10-10 06:00	65.020	65.045	64.947	64.955	5
2025-10-10 06:05	64.947	64.947	64.900	64.922	5
2025-10-10 06:10	64.917	64.955	64.857	64.942	5
2025-10-10 06:15	64.935	65.045	64.892	65.040	5
2025-10-10 06:20	65.032	65.075	64.972	65.020	5
2025-10-10 06:25	65.015	65.015	64.890	64.902	5
2025-10-10 06:30	64.912	64.985	64.897	64.955	5
2025-10-10 06:35	64.950	64.950	64.802	64.835	5
2025-10-10 06:40	64.830	64.945	64.825	64.920	5
2025-10-10 06:45	64.915	64.945	64.892	64.892	5
2025-10-10 06:50	64.900	64.915	64.832	64.857	5
2025-10-10 06:55	64.862	64.885	64.797	64.810	5
2025-10-10 07:00	64.815	64.815	64.710	64.735	5
2025-10-10 07:05	64.745	64.805	64.702	64.715	5
2025-10-10 07:10	64.705	64.735	64.672	64.715	5
2025-10-10 07:15	64.710	64.815	64.690	64.815	5
2025-10-10 07:20	64.810	64.865	64.792	64.860	5
2025-10-10 07:25	64.855	64.885	64.825	64.860	5
2025-10-10 07:30	64.865	64.875	64.832	64.840	5
2025-10-10 07:35	64.835	64.905	64.782	64.892	5
2025-10-10 07:40	64.890	64.905	64.772	64.870	5
2025-10-10 07:45	64.875	64.905	64.837	64.862	5
2025-10-10 07:50	64.860	64.965	64.805	64.895	5
2025-10-10 07:55	64.885	64.885	64.812	64.852	5
2025-10-10 08:00	64.865	65.065	64.848	65.030	5
2025-10-10 08:05	65.025	65.065	64.992	65.005	5
2025-10-10 08:10	65.015	65.085	64.972	65.047	5
2025-10-10 08:15	65.065	65.075	65.012	65.062	5
2025-10-10 08:20	65.070	65.110	64.985	65.002	5
2025-10-10 08:25	65.025	65.025	64.912	64.970	5
2025-10-10 08:30	64.960	65.110	64.882	64.905	5
2025-10-10 08:35	64.895	64.895	64.832	64.852	4
2025-10-10 08:40	64.835	64.875	64.742	64.810	5
2025-10-10 08:45	64.815	64.860	64.782	64.860	5
2025-10-10 08:50	64.862	64.945	64.862	64.882	5
2025-10-10 08:55	64.895	64.955	64.852	64.880	5
2025-10-10 09:00	64.875	64.875	64.702	64.712	5
2025-10-10 09:05	64.710	64.845	64.672	64.830	5
2025-10-10 09:10	64.822	64.865	64.752	64.812	5
2025-10-10 09:15	64.810	64.815	64.672	64.672	5
2025-10-10 09:20	64.665	64.775	64.622	64.702	5
2025-10-10 09:25	64.720	64.770	64.700	64.750	5
2025-10-10 09:30	64.745	64.755	64.652	64.747	5
2025-10-10 09:35	64.742	64.905	64.740	64.890	5
2025-10-10 09:40	64.895	64.945	64.855	64.872	5
2025-10-10 09:45	64.870	64.870	64.792	64.812	5
2025-10-10 09:50	64.810	64.855	64.792	64.802	5
2025-10-10 09:55	64.800	64.840	64.782	64.782	5
2025-10-10 10:00	64.795	64.825	64.672	64.715	5
2025-10-10 10:05	64.712	64.725	64.632	64.632	4
2025-10-10 10:10	64.630	64.645	64.552	64.565	5
2025-10-10 10:15	64.575	64.585	64.502	64.512	5
2025-10-10 10:20	64.510	64.510	64.402	64.470	5
2025-10-10 10:25	64.475	64.475	64.382	64.385	5
2025-10-10 10:30	64.375	64.420	64.342	64.372	5
2025-10-10 10:35	64.380	64.475	64.372	64.442	5
2025-10-10 10:40	64.435	64.435	64.362	64.395	5
2025-10-10 10:45	64.385	64.445	64.342	64.347	5
2025-10-10 10:50	64.350	64.385	64.342	64.372	5
2025-10-10 10:55	64.355	64.385	64.340	64.345	5
2025-10-10 11:00	64.345	64.375	64.340	64.365	4
2025-10-10 11:05	64.360	64.395	64.332	64.392	5
2025-10-10 11:10	64.385	64.425	64.382	64.410	5
2025-10-10 11:15	64.405	64.530	64.405	64.522	5
2025-10-10 11:20	64.535	64.555	64.468	64.475	5
2025-10-10 11:25	64.485	64.495	64.422	64.445	5
2025-10-10 11:30	64.455	64.470	64.385	64.392	5
2025-10-10 11:35	64.395	64.435	64.382	64.412	5
2025-10-10 11:40	64.405	64.445	64.322	64.335	5
2025-10-10 11:45	64.325	64.325	64.272	64.285	5
2025-10-10 11:50	64.295	64.365	64.292	64.362	5
2025-10-10 11:55	64.345	64.365	64.322	64.352	5
2025-10-10 12:00	64.365	64.365	64.182	64.202	5
2025-10-10 12:05	64.195	64.237	64.152	64.175	5
2025-10-10 12:10	64.170	64.205	64.150	64.170	5
2025-10-10 12:15	64.172	64.345	64.172	64.330	5
2025-10-10 12:20	64.335	64.335	64.252	64.265	5
2025-10-10 12:25	64.270	64.310	64.215	64.302	5
2025-10-10 12:30	64.292	64.315	64.210	64.210	5
2025-10-10 12:35	64.205	64.225	64.152	64.160	5
2025-10-10 12:40	64.155	64.205	64.135	64.162	5
2025-10-10 12:45	64.155	64.215	64.140	64.152	5
2025-10-10 12:50	64.150	64.155	63.852	63.882	5
2025-10-10 12:55	63.895	63.935	63.795	63.912	5
2025-10-10 13:00	63.900	63.930	63.682	63.762	5
2025-10-10 13:05	63.775	63.795	63.662	63.680	5
2025-10-10 13:10	63.675	63.685	63.412	63.442	5
2025-10-10 13:15	63.455	63.555	63.332	63.332	5
2025-10-10 13:20	63.355	63.435	63.252	63.395	5
2025-10-10 13:25	63.400	63.685	63.395	63.662	5
2025-10-10 13:30	63.660	63.855	63.572	63.762	5
2025-10-10 13:35	63.775	63.932	63.692	63.932	5
2025-10-10 13:40	63.925	64.065	63.865	63.955	5
2025-10-10 13:45	63.975	64.060	63.902	64.032	5
2025-10-10 13:50	64.015	64.025	63.862	63.962	5
2025-10-10 13:55	63.960	64.015	63.902	63.910	5
2025-10-10 14:00	63.915	63.990	63.765	63.812	5
2025-10-10 14:05	63.805	63.855	63.682	63.712	5
2025-10-10 14:10	63.735	63.755	63.612	63.630	5
2025-10-10 14:15	63.625	63.765	63.522	63.752	5
2025-10-10 14:20	63.750	63.765	63.692	63.752	5
2025-10-10 14:25	63.745	63.792	63.582	63.582	5
2025-10-10 14:30	63.580	63.635	63.565	63.605	5
2025-10-10 14:35	63.595	63.805	63.575	63.742	5
2025-10-10 14:40	63.755	63.805	63.722	63.782	5
2025-10-10 14:45	63.805	63.945	63.785	63.932	5
2025-10-10 14:50	63.930	64.145	63.922	64.145	5
2025-10-10 14:55	64.142	64.210	63.753	63.837	5
2025-10-10 15:00	63.835	63.860	63.413	63.502	5
2025-10-10 15:05	63.500	63.625	63.417	63.545	5
2025-10-10 15:10	63.550	63.600	63.422	63.545	5
2025-10-10 15:15	63.540	63.545	63.205	63.212	5
2025-10-10 15:20	63.210	63.220	63.045	63.125	5
2025-10-10 15:25	63.145	63.185	63.022	63.085	5
2025-10-10 15:30	63.075	63.085	62.922	62.945	5
2025-10-10 15:35	62.930	63.175	62.930	63.085	5
2025-10-10 15:40	63.075	63.310	63.040	63.287	5
2025-10-10 15:45	63.292	63.415	63.055	63.082	5
2025-10-10 15:50	63.080	63.115	62.992	62.992	5
2025-10-10 15:55	62.985	62.995	62.712	62.730	5
2025-10-10 16:00	62.735	62.745	62.502	62.525	5
2025-10-10 16:05	62.535	62.765	62.535	62.715	5
2025-10-10 16:10	62.735	62.925	62.702	62.762	5
2025-10-10 16:15	62.775	62.825	62.652	62.665	5
2025-10-10 16:20	62.655	62.812	62.620	62.782	5
2025-10-10 16:25	62.775	62.825	62.722	62.782	5
2025-10-10 16:30	62.780	62.875	62.742	62.742	5
2025-10-10 16:35	62.750	62.815	62.692	62.782	5
2025-10-10 16:40	62.795	62.822	62.725	62.772	5
2025-10-10 16:45	62.780	62.890	62.742	62.755	5
2025-10-10 16:50	62.765	62.810	62.672	62.752	5
2025-10-10 16:55	62.750	62.755	62.660	62.702	5
2025-10-10 17:00	62.715	62.790	62.702	62.732	5
2025-10-10 17:05	62.745	62.815	62.722	62.792	5
2025-10-10 17:10	62.785	62.905	62.747	62.872	5
2025-10-10 17:15	62.885	62.885	62.710	62.722	5
2025-10-10 17:20	62.735	62.785	62.692	62.722	5
2025-10-10 17:25	62.720	62.765	62.702	62.755	5
2025-10-10 17:30	62.747	62.800	62.715	62.790	5
2025-10-10 17:35	62.795	62.855	62.762	62.765	5
2025-10-10 17:40	62.775	62.845	62.762	62.772	5
2025-10-10 17:45	62.785	62.905	62.762	62.895	5
2025-10-10 17:50	62.885	62.905	62.802	62.825	5
2025-10-10 17:55	62.830	62.855	62.720	62.752	5
2025-10-10 18:00	62.750	62.770	62.632	62.665	5
2025-10-10 18:05	62.660	62.680	62.572	62.582	5
2025-10-10 18:10	62.580	62.675	62.540	62.662	5
2025-10-10 18:15	62.667	62.680	62.622	62.642	5
2025-10-10 18:20	62.655	62.715	62.630	62.702	5
2025-10-10 18:25	62.710	62.765	62.630	62.765	5
2025-10-10 18:30	62.755	62.775	62.667	62.675	5
2025-10-10 18:35	62.670	62.705	62.572	62.672	5
2025-10-10 18:40	62.680	62.735	62.650	62.722	5
2025-10-10 18:45	62.715	62.735	62.702	62.707	5
2025-10-10 18:50	62.715	62.715	62.642	62.645	5
2025-10-10 18:55	62.640	62.655	62.602	62.635	5
2025-10-10 19:00	62.665	62.780	62.645	62.780	5
2025-10-10 19:05	62.782	62.805	62.702	62.732	5
2025-10-10 19:10	62.745	62.745	62.675	62.715	5
2025-10-10 19:15	62.705	62.755	62.672	62.737	5
2025-10-10 19:20	62.745	62.755	62.682	62.690	5
2025-10-10 19:25	62.695	62.695	62.632	62.655	5
2025-10-10 19:30	62.660	62.695	62.635	62.685	5
2025-10-10 19:35	62.675	62.705	62.632	62.672	5
2025-10-10 19:40	62.670	62.715	62.662	62.705	5
2025-10-10 19:45	62.715	62.782	62.700	62.782	5
2025-10-10 19:50	62.780	62.795	62.692	62.695	5
2025-10-10 19:55	62.685	62.685	62.618	62.660	5
2025-10-10 20:00	62.653	62.662	62.617	62.642	5
2025-10-10 20:05	62.642	62.657	62.632	62.657	5
2025-10-10 20:10	62.657	62.687	62.647	62.662	5
2025-10-10 20:15	62.662	62.672	62.622	62.632	5
2025-10-10 20:20	62.632	62.672	62.632	62.667	5
2025-10-10 20:25	62.662	62.672	62.647	62.662	5
2025-10-10 20:30	62.657	62.657	62.642	62.647	5
2025-10-10 20:35	62.647	62.647	62.622	62.632	5
2025-10-10 20:40	62.627	62.627	62.582	62.587	5
2025-10-10 20:45	62.587	62.598	62.492	62.497	4
2025-10-10 20:50	62.492	62.492	62.247	62.257	9
2025-10-10 20:55	62.257	62.268	62.092	62.117	7
2025-10-13 00:00	63.398	63.505	63.382	63.472	5
2025-10-13 00:05	63.455	63.465	63.305	63.342	5
2025-10-13 00:10	63.340	63.355	63.172	63.280	5
2025-10-13 00:15	63.282	63.370	63.250	63.352	5
2025-10-13 00:20	63.365	63.365	63.307	63.332	5
2025-10-13 00:25	63.337	63.445	63.332	63.442	5
2025-10-13 00:30	63.455	63.490	63.410	63.472	5
2025-10-13 00:35	63.450	63.515	63.442	63.515	5
2025-10-13 00:40	63.510	63.615	63.505	63.612	5
2025-10-13 00:45	63.625	63.625	63.502	63.580	5
2025-10-13 00:50	63.572	63.595	63.540	63.592	5
2025-10-13 00:55	63.585	63.585	63.542	63.552	5
2025-10-13 01:00	63.538	63.635	63.432	63.565	5
2025-10-13 01:05	63.570	63.585	63.512	63.582	5
2025-10-13 01:10	63.590	63.645	63.585	63.605	5
2025-10-13 01:15	63.592	63.595	63.512	63.570	5
2025-10-13 01:20	63.562	63.675	63.560	63.632	5
2025-10-13 01:25	63.645	63.655	63.592	63.620	5
2025-10-13 01:30	63.622	63.695	63.622	63.665	5
2025-10-13 01:35	63.670	63.675	63.630	63.665	5
2025-10-13 01:40	63.672	63.727	63.652	63.727	5
2025-10-13 01:45	63.725	63.765	63.715	63.740	5
2025-10-13 01:50	63.745	63.795	63.675	63.780	5
2025-10-13 01:55	63.775	63.790	63.712	63.715	5
2025-10-13 02:00	63.722	63.735	63.697	63.710	5
2025-10-13 02:05	63.702	63.775	63.702	63.765	5
2025-10-13 02:10	63.755	63.785	63.742	63.777	5
2025-10-13 02:15	63.775	63.795	63.747	63.755	5
2025-10-13 02:20	63.745	63.755	63.710	63.752	5
2025-10-13 02:25	63.750	63.755	63.715	63.750	5
2025-10-13 02:30	63.742	63.805	63.742	63.782	5
2025-10-13 02:35	63.790	63.810	63.742	63.772	4
2025-10-13 02:40	63.780	63.780	63.735	63.762	5
2025-10-13 02:45	63.760	63.805	63.752	63.752	5
2025-10-13 02:50	63.757	63.757	63.645	63.692	5
2025-10-13 02:55	63.690	63.690	63.642	63.665	5
2025-10-13 03:00	63.655	63.725	63.612	63.707	5
2025-10-13 03:05	63.705	63.735	63.695	63.712	5
2025-10-13 03:10	63.725	63.725	63.692	63.702	5
2025-10-13 03:15	63.698	63.740	63.687	63.735	4
2025-10-13 03:20	63.745	63.752	63.700	63.700	5
2025-10-13 03:25	63.702	63.715	63.662	63.672	5
2025-10-13 03:30	63.670	63.670	63.595	63.635	5
2025-10-13 03:35	63.650	63.655	63.625	63.627	5
2025-10-13 03:40	63.622	63.635	63.595	63.620	4
2025-10-13 03:45	63.607	63.615	63.555	63.555	5
2025-10-13 03:50	63.565	63.575	63.542	63.555	5
2025-10-13 03:55	63.545	63.585	63.545	63.572	5
2025-10-13 04:00	63.585	63.620	63.575	63.612	5
2025-10-13 04:05	63.610	63.635	63.600	63.630	5
2025-10-13 04:10	63.625	63.625	63.600	63.612	5
2025-10-13 04:15	63.625	63.630	63.595	63.605	4
2025-10-13 04:20	63.600	63.600	63.565	63.580	5
2025-10-13 04:25	63.585	63.590	63.567	63.575	5
2025-10-13 04:30	63.570	63.595	63.570	63.572	5
2025-10-13 04:35	63.590	63.595	63.565	63.582	5
2025-10-13 04:40	63.575	63.585	63.565	63.565	4
2025-10-13 04:45	63.558	63.565	63.542	63.552	5
2025-10-13 04:50	63.545	63.545	63.522	63.532	4
2025-10-13 04:55	63.528	63.535	63.502	63.512	5
2025-10-13 05:00	63.502	63.520	63.487	63.517	5
2025-10-13 05:05	63.515	63.615	63.515	63.615	5
2025-10-13 05:10	63.610	63.652	63.605	63.642	5
2025-10-13 05:15	63.640	63.660	63.635	63.647	4
2025-10-13 05:20	63.670	63.685	63.632	63.632	5
2025-10-13 05:25	63.645	63.645	63.605	63.610	5
2025-10-13 05:30	63.585	63.615	63.552	63.590	5
2025-10-13 05:35	63.595	63.672	63.560	63.672	5
2025-10-13 05:40	63.670	63.670	63.600	63.600	5
2025-10-13 05:45	63.605	63.605	63.567	63.592	5
2025-10-13 05:50	63.605	63.625	63.542	63.617	5
2025-10-13 05:55	63.615	63.685	63.598	63.632	5
2025-10-13 06:00	63.623	63.625	63.542	63.612	5
2025-10-13 06:05	63.610	63.665	63.610	63.645	5
2025-10-13 06:10	63.637	63.662	63.605	63.637	5
2025-10-13 06:15	63.645	63.670	63.602	63.655	5
2025-10-13 06:20	63.635	63.645	63.600	63.610	5
2025-10-13 06:25	63.605	63.640	63.572	63.572	5
2025-10-13 06:30	63.565	63.680	63.532	63.657	5
2025-10-13 06:35	63.660	63.675	63.552	63.572	5
2025-10-13 06:40	63.567	63.635	63.560	63.612	5
2025-10-13 06:45	63.625	63.665	63.597	63.640	5
2025-10-13 06:50	63.645	63.702	63.600	63.652	5
2025-10-13 06:55	63.660	63.715	63.637	63.692	5
2025-10-13 07:00	63.670	63.680	63.472	63.505	5
2025-10-13 07:05	63.510	63.605	63.505	63.600	5
2025-10-13 07:10	63.605	63.655	63.592	63.640	5
2025-10-13 07:15	63.632	63.735	63.632	63.735	5
2025-10-13 07:20	63.745	63.775	63.600	63.635	5
2025-10-13 07:25	63.630	63.705	63.630	63.687	5
2025-10-13 07:30	63.695	63.742	63.625	63.725	5
2025-10-13 07:35	63.705	63.755	63.675	63.685	5
2025-10-13 07:40	63.690	63.735	63.662	63.670	5
2025-10-13 07:45	63.675	63.695	63.642	63.652	5
2025-10-13 07:50	63.665	63.675	63.612	63.620	5
2025-10-13 07:55	63.635	63.675	63.585	63.622	5
2025-10-13 08:00	63.618	63.665	63.562	63.620	5
2025-10-13 08:05	63.610	63.665	63.552	63.642	5
2025-10-13 08:10	63.640	63.767	63.632	63.722	5
2025-10-13 08:15	63.715	63.775	63.535	63.610	5
2025-10-13 08:20	63.615	63.665	63.572	63.585	5
2025-10-13 08:25	63.580	63.635	63.482	63.535	5
2025-10-13 08:30	63.535	63.640	63.512	63.570	5
2025-10-13 08:35	63.565	63.615	63.472	63.552	5
2025-10-13 08:40	63.542	63.615	63.520	63.602	5
2025-10-13 08:45	63.595	63.705	63.590	63.695	5
2025-10-13 08:50	63.705	63.805	63.680	63.792	5
2025-10-13 08:55	63.797	63.862	63.795	63.835	5
2025-10-13 09:00	63.825	63.835	63.702	63.712	5
2025-10-13 09:05	63.700	63.805	63.692	63.792	5
2025-10-13 09:10	63.805	63.865	63.792	63.820	5
2025-10-13 09:15	63.815	63.895	63.810	63.855	5
2025-10-13 09:20	63.845	63.885	63.772	63.792	5
2025-10-13 09:25	63.800	63.815	63.760	63.775	5
2025-10-13 09:30	63.772	63.825	63.772	63.802	5
2025-10-13 09:35	63.815	63.840	63.782	63.805	5
2025-10-13 09:40	63.815	63.830	63.732	63.822	5
2025-10-13 09:45	63.815	63.935	63.805	63.892	5
2025-10-13 09:50	63.905	63.925	63.872	63.912	5
2025-10-13 09:55	63.905	63.915	63.842	63.852	5
2025-10-13 10:00	63.845	63.865	63.795	63.842	5
2025-10-13 10:05	63.840	63.855	63.755	63.782	5
2025-10-13 10:10	63.777	63.795	63.722	63.792	4
2025-10-13 10:15	63.815	63.925	63.772	63.782	5
2025-10-13 10:20	63.775	63.815	63.735	63.770	5
2025-10-13 10:25	63.765	63.765	63.680	63.685	5
2025-10-13 10:30	63.690	63.715	63.662	63.672	5
2025-10-13 10:35	63.670	63.757	63.635	63.732	5
2025-10-13 10:40	63.745	63.745	63.632	63.652	5
2025-10-13 10:45	63.645	63.675	63.632	63.672	5
2025-10-13 10:50	63.662	63.745	63.662	63.737	5
2025-10-13 10:55	63.750	63.795	63.712	63.732	5
2025-10-13 11:00	63.728	63.875	63.692	63.840	5
2025-10-13 11:05	63.842	63.845	63.667	63.687	5
2025-10-13 11:10	63.695	63.705	63.612	63.622	5
2025-10-13 11:15	63.635	63.665	63.622	63.655	5
2025-10-13 11:20	63.665	63.720	63.635	63.685	5
2025-10-13 11:25	63.687	63.715	63.637	63.662	5
2025-10-13 11:30	63.655	63.735	63.620	63.642	5
2025-10-13 11:35	63.650	63.742	63.650	63.682	5
2025-10-13 11:40	63.695	63.695	63.602	63.632	5
2025-10-13 11:45	63.625	63.667	63.522	63.535	5
2025-10-13 11:50	63.525	63.545	63.435	63.537	5
2025-10-13 11:55	63.535	63.595	63.535	63.545	5
2025-10-13 12:00	63.538	63.602	63.502	63.552	5
2025-10-13 12:05	63.545	63.585	63.432	63.442	5
2025-10-13 12:10	63.455	63.490	63.412	63.422	5
2025-10-13 12:15	63.435	63.465	63.282	63.332	5
2025-10-13 12:20	63.322	63.332	63.130	63.145	5
2025-10-13 12:25	63.135	63.285	63.132	63.175	5
2025-10-13 12:30	63.170	63.265	63.165	63.265	5
2025-10-13 12:35	63.255	63.315	63.248	63.290	5
2025-10-13 12:40	63.295	63.320	63.252	63.282	5
2025-10-13 12:45	63.275	63.325	63.272	63.282	5
2025-10-13 12:50	63.295	63.355	63.242	63.245	5
2025-10-13 12:55	63.230	63.270	63.185	63.195	5
2025-10-13 13:00	63.205	63.305	63.135	63.170	5
2025-10-13 13:05	63.175	63.345	63.170	63.335	5
2025-10-13 13:10	63.355	63.385	63.282	63.285	5
2025-10-13 13:15	63.295	63.485	63.290	63.472	5
2025-10-13 13:20	63.465	63.475	63.372	63.432	5
2025-10-13 13:25	63.440	63.505	63.390	63.420	5
2025-10-13 13:30	63.415	63.415	63.305	63.305	5
2025-10-13 13:35	63.302	63.302	63.132	63.175	5
2025-10-13 13:40	63.185	63.195	63.055	63.082	5
2025-10-13 13:45	63.090	63.210	63.052	63.195	5
2025-10-13 13:50	63.205	63.450	63.197	63.435	5
2025-10-13 13:55	63.445	63.595	63.417	63.580	5
2025-10-13 14:00	63.568	63.625	63.502	63.590	5
2025-10-13 14:05	63.585	63.652	63.475	63.540	5
2025-10-13 14:10	63.535	63.615	63.482	63.590	5
2025-10-13 14:15	63.595	63.645	63.582	63.637	5
2025-10-13 14:20	63.640	63.645	63.515	63.522	5
2025-10-13 14:25	63.515	63.745	63.492	63.735	5
2025-10-13 14:30	63.745	63.805	63.587	63.602	5
2025-10-13 14:35	63.600	63.655	63.582	63.592	5
2025-10-13 14:40	63.585	63.685	63.552	63.677	5
2025-10-13 14:45	63.675	63.720	63.602	63.610	5
2025-10-13 14:50	63.612	63.700	63.602	63.627	5
2025-10-13 14:55	63.635	63.702	63.622	63.690	5
2025-10-13 15:00	63.693	63.765	63.552	63.562	5
2025-10-13 15:05	63.575	63.620	63.432	63.502	5
2025-10-13 15:10	63.515	63.685	63.512	63.665	5
2025-10-13 15:15	63.675	63.705	63.620	63.632	5
2025-10-13 15:20	63.640	63.660	63.465	63.465	5
2025-10-13 15:25	63.462	63.492	63.332	63.365	5
2025-10-13 15:30	63.355	63.475	63.335	63.445	5
2025-10-13 15:35	63.435	63.455	63.382	63.422	5
2025-10-13 15:40	63.435	63.435	63.212	63.292	5
2025-10-13 15:45	63.285	63.305	63.185	63.222	5
2025-10-13 15:50	63.215	63.265	63.202	63.225	5
2025-10-13 15:55	63.215	63.292	63.192	63.265	5
2025-10-13 16:00	63.252	63.405	63.232	63.395	5
2025-10-13 16:05	63.405	63.415	63.312	63.332	5
2025-10-13 16:10	63.330	63.395	63.322	63.382	5
2025-10-13 16:15	63.375	63.405	63.355	63.365	5
2025-10-13 16:20	63.355	63.460	63.322	63.452	5
2025-10-13 16:25	63.445	63.465	63.352	63.360	5
2025-10-13 16:30	63.355	63.405	63.315	63.337	5
2025-10-13 16:35	63.335	63.395	63.315	63.372	5
2025-10-13 16:40	63.385	63.385	63.342	63.382	5
2025-10-13 16:45	63.375	63.445	63.352	63.432	5
2025-10-13 16:50	63.430	63.432	63.375	63.402	5
2025-10-13 16:55	63.397	63.485	63.392	63.432	5
2025-10-13 17:00	63.450	63.515	63.422	63.492	5
2025-10-13 17:05	63.485	63.505	63.452	63.505	5
2025-10-13 17:10	63.500	63.502	63.412	63.462	5
2025-10-13 17:15	63.460	63.495	63.442	63.492	5
2025-10-13 17:20	63.485	63.555	63.477	63.505	5
2025-10-13 17:25	63.515	63.545	63.482	63.505	5
2025-10-13 17:30	63.500	63.535	63.475	63.492	4
2025-10-13 17:35	63.505	63.565	63.495	63.545	5
2025-10-13 17:40	63.555	63.575	63.532	63.545	5
2025-10-13 17:45	63.550	63.550	63.482	63.492	5
2025-10-13 17:50	63.485	63.542	63.472	63.497	5
2025-10-13 17:55	63.495	63.525	63.457	63.512	5
2025-10-13 18:00	63.520	63.525	63.472	63.492	5
2025-10-13 18:05	63.485	63.525	63.472	63.510	5
2025-10-13 18:10	63.512	63.525	63.482	63.522	5
2025-10-13 18:15	63.515	63.525	63.392	63.392	5
2025-10-13 18:20	63.405	63.415	63.332	63.362	5
2025-10-13 18:25	63.355	63.395	63.272	63.300	5
2025-10-13 18:30	63.305	63.330	63.245	63.325	5
2025-10-13 18:35	63.317	63.425	63.317	63.395	5
2025-10-13 18:40	63.405	63.425	63.360	63.372	5
2025-10-13 18:45	63.380	63.382	63.327	63.342	5
2025-10-13 18:50	63.337	63.342	63.290	63.315	4
2025-10-13 18:55	63.305	63.310	63.262	63.272	5
2025-10-13 19:00	63.270	63.325	63.270	63.322	5
2025-10-13 19:05	63.335	63.375	63.332	63.372	5
2025-10-13 19:10	63.385	63.445	63.377	63.445	5
2025-10-13 19:15	63.435	63.465	63.422	63.462	5
2025-10-13 19:20	63.475	63.515	63.467	63.482	5
2025-10-13 19:25	63.490	63.510	63.482	63.500	4
2025-10-13 19:30	63.495	63.525	63.482	63.522	4
2025-10-13 19:35	63.515	63.535	63.507	63.525	5
2025-10-13 19:40	63.535	63.545	63.485	63.485	5
2025-10-13 19:45	63.495	63.495	63.455	63.462	5
2025-10-13 19:50	63.460	63.475	63.447	63.475	5
2025-10-13 19:55	63.470	63.490	63.467	63.472	5
2025-10-13 20:00	63.452	63.492	63.432	63.462	5
2025-10-13 20:05	63.472	63.502	63.472	63.502	5
2025-10-13 20:10	63.497	63.502	63.497	63.502	1
2025-10-13 20:15	63.492	63.492	63.427	63.432	5
2025-10-13 20:20	63.422	63.432	63.372	63.377	5
2025-10-13 20:25	63.372	63.382	63.342	63.382	5
2025-10-13 20:30	63.387	63.422	63.372	63.412	5
2025-10-13 20:35	63.402	63.417	63.387	63.387	5
2025-10-13 20:40	63.392	63.392	63.372	63.382	5
2025-10-13 20:45	63.382	63.412	63.382	63.402	5
2025-10-13 20:50	63.397	63.397	63.287	63.342	5
2025-10-13 20:55	63.342	63.362	63.322	63.342	5
2025-10-14 00:00	63.473	63.500	63.447	63.492	5
2025-10-14 00:05	63.485	63.520	63.485	63.510	5
2025-10-14 00:10	63.515	63.525	63.502	63.517	5
2025-10-14 00:15	63.515	63.565	63.512	63.555	4
2025-10-14 00:20	63.560	63.565	63.552	63.557	5
2025-10-14 00:25	63.562	63.595	63.560	63.580	4
2025-10-14 00:30	63.575	63.592	63.572	63.582	3
2025-10-14 00:35	63.575	63.575	63.550	63.550	4
2025-10-14 00:40	63.552	63.572	63.547	63.570	5
2025-10-14 00:45	63.562	63.570	63.530	63.530	5
2025-10-14 00:50	63.522	63.530	63.512	63.518	5
2025-10-14 00:55	63.527	63.595	63.527	63.582	5
2025-10-14 01:00	63.595	63.605	63.500	63.525	5
2025-10-14 01:05	63.540	63.540	63.485	63.492	5
2025-10-14 01:10	63.490	63.515	63.482	63.502	5
2025-10-14 01:15	63.510	63.530	63.502	63.515	5
2025-10-14 01:20	63.520	63.545	63.512	63.537	5
2025-10-14 01:25	63.545	63.545	63.507	63.507	5
2025-10-14 01:30	63.512	63.605	63.512	63.582	5
2025-10-14 01:35	63.590	63.605	63.575	63.582	5
2025-10-14 01:40	63.580	63.595	63.572	63.575	5
2025-10-14 01:45	63.555	63.555	63.522	63.540	5
2025-10-14 01:50	63.532	63.550	63.507	63.522	5
2025-10-14 01:55	63.535	63.535	63.485	63.485	5
2025-10-14 02:00	63.495	63.525	63.462	63.485	5
2025-10-14 02:05	63.490	63.505	63.472	63.482	5
2025-10-14 02:10	63.490	63.495	63.475	63.487	5
2025-10-14 02:15	63.495	63.510	63.495	63.505	3
2025-10-14 02:20	63.515	63.545	63.502	63.522	5
2025-10-14 02:25	63.515	63.520	63.482	63.482	4
2025-10-14 02:30	63.480	63.485	63.422	63.435	5
2025-10-14 02:35	63.437	63.495	63.407	63.482	5
2025-10-14 02:40	63.467	63.495	63.455	63.487	5
2025-10-14 02:45	63.485	63.490	63.455	63.465	5
2025-10-14 02:50	63.455	63.465	63.412	63.432	5
2025-10-14 02:55	63.440	63.450	63.430	63.430	5
2025-10-14 03:00	63.425	63.445	63.415	63.422	5
2025-10-14 03:05	63.430	63.432	63.392	63.405	5
2025-10-14 03:10	63.400	63.475	63.392	63.465	5
2025-10-14 03:15	63.470	63.485	63.430	63.437	5
2025-10-14 03:20	63.442	63.475	63.435	63.472	5
2025-10-14 03:25	63.485	63.485	63.460	63.482	5
2025-10-14 03:30	63.487	63.525	63.482	63.505	5
2025-10-14 03:35	63.498	63.535	63.492	63.510	5
2025-10-14 03:40	63.515	63.525	63.495	63.495	5
2025-10-14 03:45	63.500	63.545	63.500	63.520	4
2025-10-14 03:50	63.525	63.545	63.520	63.522	5
2025-10-14 03:55	63.520	63.535	63.515	63.530	4
2025-10-14 04:00	63.535	63.535	63.502	63.512	4
2025-10-14 04:05	63.520	63.535	63.500	63.500	5
2025-10-14 04:10	63.502	63.520	63.487	63.510	5
2025-10-14 04:15	63.502	63.510	63.330	63.335	5
2025-10-14 04:20	63.355	63.357	63.302	63.340	5
2025-10-14 04:25	63.335	63.345	63.265	63.282	5
2025-10-14 04:30	63.285	63.342	63.285	63.330	5
2025-10-14 04:35	63.325	63.355	63.317	63.350	5
2025-10-14 04:40	63.345	63.357	63.338	63.355	5
2025-10-14 04:45	63.350	63.350	63.330	63.330	5
2025-10-14 04:50	63.332	63.340	63.320	63.320	4
2025-10-14 04:55	63.325	63.335	63.302	63.315	5
2025-10-14 05:00	63.310	63.315	63.265	63.275	5
2025-10-14 05:05	63.270	63.295	63.252	63.277	5
2025-10-14 05:10	63.285	63.295	63.265	63.282	5
2025-10-14 05:15	63.295	63.295	63.267	63.295	5
2025-10-14 05:20	63.305	63.305	63.242	63.242	5
2025-10-14 05:25	63.255	63.285	63.252	63.255	5
2025-10-14 05:30	63.260	63.267	63.112	63.122	5
2025-10-14 05:35	63.120	63.155	63.007	63.015	5
2025-10-14 05:40	63.020	63.105	63.002	63.050	5
2025-10-14 05:45	63.055	63.110	63.002	63.065	5
2025-10-14 05:50	63.060	63.150	63.060	63.100	5
2025-10-14 05:55	63.095	63.110	62.885	62.912	5
2025-10-14 06:00	62.925	62.970	62.840	62.955	5
2025-10-14 06:05	62.965	63.045	62.942	63.030	5
2025-10-14 06:10	63.025	63.140	63.020	63.132	5
2025-10-14 06:15	63.125	63.165	63.027	63.035	5
2025-10-14 06:20	63.030	63.055	62.975	62.995	5
2025-10-14 06:25	63.005	63.060	62.972	63.035	5
2025-10-14 06:30	63.025	63.055	62.982	62.995	5
2025-10-14 06:35	63.005	63.012	62.882	62.892	5
2025-10-14 06:40	62.905	62.925	62.860	62.885	5
2025-10-14 06:45	62.880	62.910	62.815	62.872	5
2025-10-14 06:50	62.870	62.925	62.832	62.845	5
2025-10-14 06:55	62.860	62.865	62.802	62.842	5
2025-10-14 07:00	62.850	62.860	62.655	62.745	5
2025-10-14 07:05	62.750	62.775	62.625	62.632	5
2025-10-14 07:10	62.645	62.695	62.595	62.665	5
2025-10-14 07:15	62.645	62.750	62.632	62.690	5
2025-10-14 07:20	62.682	62.682	62.532	62.552	5
2025-10-14 07:25	62.560	62.592	62.502	62.525	5
2025-10-14 07:30	62.530	62.540	62.442	62.455	5
2025-10-14 07:35	62.450	62.495	62.238	62.270	5
2025-10-14 07:40	62.275	62.305	62.202	62.265	5
2025-10-14 07:45	62.255	62.280	62.135	62.275	5
2025-10-14 07:50	62.265	62.375	62.192	62.345	5
2025-10-14 07:55	62.340	62.440	62.320	62.402	5
2025-10-14 08:00	62.398	62.440	62.202	62.235	5
2025-10-14 08:05	62.245	62.260	62.025	62.075	5
2025-10-14 08:10	62.080	62.245	62.080	62.210	5
2025-10-14 08:15	62.215	62.345	62.200	62.275	5
2025-10-14 08:20	62.255	62.280	62.150	62.185	5
2025-10-14 08:25	62.180	62.242	62.110	62.175	5
2025-10-14 08:30	62.182	62.182	62.002	62.055	5
2025-10-14 08:35	62.065	62.100	61.902	61.947	5
2025-10-14 08:40	61.942	61.990	61.795	61.905	5
2025-10-14 08:45	61.915	62.005	61.852	61.942	5
2025-10-14 08:50	61.955	62.065	61.912	62.025	5
2025-10-14 08:55	62.020	62.182	62.015	62.042	5
2025-10-14 09:00	62.035	62.035	61.910	61.932	5
2025-10-14 09:05	61.940	61.985	61.875	61.932	5
2025-10-14 09:10	61.925	62.010	61.915	61.960	5
2025-10-14 09:15	61.965	61.965	61.872	61.892	5
2025-10-14 09:20	61.890	61.897	61.752	61.885	5
2025-10-14 09:25	61.875	62.025	61.852	62.015	5
2025-10-14 09:30	62.025	62.135	61.982	61.995	5
2025-10-14 09:35	61.985	62.010	61.899	61.912	5
2025-10-14 09:40	61.910	61.955	61.899	61.912	5
2025-10-14 09:45	61.922	61.985	61.899	61.942	5
2025-10-14 09:50	61.935	62.125	61.932	62.100	5
2025-10-14 09:55	62.105	62.205	62.105	62.150	5
2025-10-14 10:00	62.138	62.232	62.107	62.132	5
2025-10-14 10:05	62.127	62.175	62.032	62.080	5
2025-10-14 10:10	62.095	62.125	61.952	61.952	5
2025-10-14 10:15	61.950	61.975	61.912	61.932	5
2025-10-14 10:20	61.927	62.105	61.925	62.085	5
2025-10-14 10:25	62.075	62.125	61.985	61.995	5
2025-10-14 10:30	62.005	62.005	61.742	61.755	5
2025-10-14 10:35	61.745	61.835	61.712	61.737	5
2025-10-14 10:40	61.735	61.780	61.542	61.562	5
2025-10-14 10:45	61.555	61.625	61.492	61.500	5
2025-10-14 10:50	61.495	61.580	61.495	61.532	5
2025-10-14 10:55	61.515	61.615	61.482	61.600	5
2025-10-14 11:00	61.593	61.805	61.593	61.747	5
2025-10-14 11:05	61.745	61.875	61.732	61.852	5
2025-10-14 11:10	61.845	61.900	61.775	61.862	5
2025-10-14 11:15	61.870	61.955	61.840	61.922	5
2025-10-14 11:20	61.915	61.962	61.885	61.942	5
2025-10-14 11:25	61.955	62.025	61.872	61.885	5
2025-10-14 11:30	61.880	62.022	61.872	62.022	5
2025-10-14 11:35	62.015	62.102	61.982	62.032	5
2025-10-14 11:40	62.045	62.095	61.995	62.020	5
2025-10-14 11:45	62.025	62.150	62.025	62.100	5
2025-10-14 11:50	62.105	62.115	61.995	61.995	5
2025-10-14 11:55	62.005	62.095	61.992	62.092	5
2025-10-14 12:00	62.105	62.175	62.060	62.135	5
2025-10-14 12:05	62.125	62.165	62.075	62.075	5
2025-10-14 12:10	62.070	62.085	61.980	61.985	5
2025-10-14 12:15	61.970	61.970	61.882	61.930	5
2025-10-14 12:20	61.925	61.955	61.845	61.925	5
2025-10-14 12:25	61.920	61.975	61.872	61.877	5
2025-10-14 12:30	61.872	61.895	61.832	61.852	5
2025-10-14 12:35	61.860	61.920	61.832	61.912	5
2025-10-14 12:40	61.905	62.040	61.897	61.972	5
2025-10-14 12:45	61.970	62.005	61.868	61.907	5
2025-10-14 12:50	61.925	61.935	61.805	61.805	5
2025-10-14 12:55	61.810	61.890	61.782	61.885	5
2025-10-14 13:00	61.875	62.015	61.852	61.977	5
2025-10-14 13:05	61.985	62.135	61.942	62.110	5
2025-10-14 13:10	62.115	62.135	61.982	62.002	5
2025-10-14 13:15	61.995	62.215	61.992	62.172	5
2025-10-14 13:20	62.165	62.295	62.155	62.262	5
2025-10-14 13:25	62.255	62.340	62.237	62.312	5
2025-10-14 13:30	62.308	62.445	62.245	62.262	5
2025-10-14 13:35	62.260	62.267	62.050	62.070	5
2025-10-14 13:40	62.065	62.135	61.915	61.965	5
2025-10-14 13:45	61.955	62.185	61.937	62.150	5
2025-10-14 13:50	62.135	62.170	62.022	62.025	5
2025-10-14 13:55	62.020	62.110	62.008	62.082	5
2025-10-14 14:00	62.075	62.125	61.932	61.965	5
2025-10-14 14:05	61.960	61.980	61.832	61.872	5
2025-10-14 14:10	61.872	62.055	61.872	61.995	5
2025-10-14 14:15	62.010	62.075	61.982	62.047	5
2025-10-14 14:20	62.045	62.185	62.042	62.122	5
2025-10-14 14:25	62.130	62.185	61.992	61.992	5
2025-10-14 14:30	61.990	62.215	61.975	62.215	5
2025-10-14 14:35	62.210	62.255	62.062	62.085	5
2025-10-14 14:40	62.070	62.095	61.932	61.932	5
2025-10-14 14:45	61.942	62.005	61.925	61.960	5
2025-10-14 14:50	61.955	62.115	61.950	62.102	5
2025-10-14 14:55	62.100	62.155	61.952	61.965	5
2025-10-14 15:00	61.960	62.020	61.902	61.945	5
2025-10-14 15:05	61.960	62.077	61.925	62.030	5
2025-10-14 15:10	62.025	62.050	61.975	61.992	5
2025-10-14 15:15	62.000	62.035	61.862	61.942	5
2025-10-14 15:20	61.940	62.110	61.932	62.032	5
2025-10-14 15:25	62.040	62.095	61.882	61.915	5
2025-10-14 15:30	61.905	61.920	61.685	61.730	5
2025-10-14 15:35	61.725	61.915	61.712	61.802	5
2025-10-14 15:40	61.795	61.895	61.740	61.852	5
2025-10-14 15:45	61.850	61.965	61.850	61.950	5
2025-10-14 15:50	61.945	62.275	61.942	62.145	5
2025-10-14 15:55	62.135	62.165	62.060	62.152	5
2025-10-14 16:00	62.150	62.312	62.130	62.225	5
2025-10-14 16:05	62.232	62.295	62.200	62.202	5
2025-10-14 16:10	62.207	62.235	62.177	62.215	5
2025-10-14 16:15	62.205	62.235	62.162	62.235	5
2025-10-14 16:20	62.255	62.405	62.252	62.382	5
2025-10-14 16:25	62.395	62.395	62.292	62.325	5
2025-10-14 16:30	62.317	62.425	62.317	62.392	5
2025-10-14 16:35	62.390	62.460	62.375	62.427	5
2025-10-14 16:40	62.440	62.475	62.345	62.362	5
2025-10-14 16:45	62.375	62.435	62.357	62.392	5
2025-10-14 16:50	62.390	62.472	62.382	62.462	5
2025-10-14 16:55	62.460	62.507	62.320	62.345	5
2025-10-14 17:00	62.345	62.455	62.345	62.425	5
2025-10-14 17:05	62.430	62.485	62.425	62.425	5
2025-10-14 17:10	62.430	62.450	62.392	62.440	5
2025-10-14 17:15	62.445	62.495	62.440	62.475	5
2025-10-14 17:20	62.485	62.535	62.460	62.515	5
2025-10-14 17:25	62.535	62.565	62.502	62.525	5
2025-10-14 17:30	62.515	62.525	62.432	62.452	5
2025-10-14 17:35	62.445	62.565	62.435	62.562	5
2025-10-14 17:40	62.575	62.610	62.542	62.542	5
2025-10-14 17:45	62.550	62.575	62.472	62.482	5
2025-10-14 17:50	62.492	62.575	62.470	62.470	5
2025-10-14 17:55	62.475	62.495	62.425	62.452	5
2025-10-14 18:00	62.435	62.485	62.310	62.325	5
2025-10-14 18:05	62.340	62.365	62.265	62.342	5
2025-10-14 18:10	62.350	62.432	62.302	62.412	5
2025-10-14 18:15	62.420	62.465	62.420	62.452	5
2025-10-14 18:20	62.450	62.470	62.392	62.415	5
2025-10-14 18:25	62.425	62.435	62.342	62.392	5
2025-10-14 18:30	62.400	62.505	62.395	62.422	5
2025-10-14 18:35	62.415	62.455	62.400	62.442	5
2025-10-14 18:40	62.440	62.480	62.422	62.432	5
2025-10-14 18:45	62.445	62.500	62.442	62.492	5
2025-10-14 18:50	62.500	62.525	62.482	62.522	5
2025-10-14 18:55	62.535	62.550	62.502	62.502	5
2025-10-14 19:00	62.495	62.520	62.432	62.437	5
2025-10-14 19:05	62.435	62.435	62.355	62.355	4
2025-10-14 19:10	62.365	62.385	62.360	62.380	5
2025-10-14 19:15	62.395	62.405	62.372	62.372	4
2025-10-14 19:20	62.385	62.395	62.372	62.385	3
2025-10-14 19:25	62.392	62.395	62.382	62.382	5
2025-10-14 19:30	62.395	62.395	62.312	62.312	5
2025-10-14 19:35	62.310	62.315	62.040	62.112	5
2025-10-14 19:40	62.105	62.145	62.045	62.067	5
2025-10-14 19:45	62.072	62.105	62.042	62.072	5
2025-10-14 19:50	62.085	62.125	62.062	62.075	5
2025-10-14 19:55	62.080	62.115	62.072	62.100	5
2025-10-14 20:00	62.077	62.167	62.077	62.152	5
2025-10-14 20:05	62.157	62.162	62.122	62.122	5
2025-10-14 20:10	62.122	62.132	62.092	62.112	5
2025-10-14 20:15	62.107	62.167	62.102	62.162	5
2025-10-14 20:20	62.162	62.172	62.162	62.172	2
2025-10-14 20:25	62.172	62.257	62.157	62.242	5
2025-10-14 20:30	62.242	62.302	62.242	62.297	5
2025-10-14 20:35	62.292	62.322	62.292	62.322	5
2025-10-14 20:40	62.312	62.322	62.277	62.277	5
2025-10-14 20:45	62.282	62.292	62.262	62.262	5
2025-10-14 20:50	62.242	62.242	62.192	62.217	5
2025-10-14 20:55	62.217	62.222	62.197	62.202	5
2025-10-15 00:00	62.310	62.310	62.242	62.282	5
2025-10-15 00:05	62.287	62.300	62.240	62.275	5
2025-10-15 00:10	62.280	62.280	62.252	62.280	5
2025-10-15 00:15	62.282	62.282	62.230	62.240	5
2025-10-15 00:20	62.245	62.255	62.240	62.252	4
2025-10-15 00:25	62.245	62.252	62.212	62.252	4
2025-10-15 00:30	62.260	62.270	62.212	62.212	5
2025-10-15 00:35	62.220	62.270	62.215	62.250	5
2025-10-15 00:40	62.260	62.290	62.252	62.287	5
2025-10-15 00:45	62.285	62.305	62.265	62.277	4
2025-10-15 00:50	62.270	62.277	62.262	62.277	5
2025-10-15 00:55	62.275	62.305	62.272	62.275	5
2025-10-15 01:00	62.265	62.300	62.240	62.297	5
2025-10-15 01:05	62.292	62.325	62.267	62.292	5
2025-10-15 01:10	62.282	62.295	62.262	62.295	5
2025-10-15 01:15	62.285	62.325	62.285	62.300	5
2025-10-15 01:20	62.302	62.305	62.272	62.295	5
2025-10-15 01:25	62.290	62.330	62.265	62.270	5
2025-10-15 01:30	62.272	62.275	62.222	62.250	5
2025-10-15 01:35	62.242	62.250	62.222	62.222	5
2025-10-15 01:40	62.230	62.235	62.185	62.230	5
2025-10-15 01:45	62.250	62.280	62.232	62.257	5
2025-10-15 01:50	62.252	62.267	62.232	62.265	5
2025-10-15 01:55	62.252	62.305	62.242	62.280	5
2025-10-15 02:00	62.285	62.310	62.272	62.280	5
2025-10-15 02:05	62.285	62.315	62.282	62.307	5
2025-10-15 02:10	62.305	62.315	62.285	62.310	5
2025-10-15 02:15	62.312	62.370	62.295	62.370	5
2025-10-15 02:20	62.365	62.375	62.357	62.372	5
2025-10-15 02:25	62.370	62.375	62.332	62.337	5
2025-10-15 02:30	62.345	62.350	62.242	62.255	5
2025-10-15 02:35	62.250	62.260	62.192	62.200	5
2025-10-15 02:40	62.205	62.227	62.192	62.192	5
2025-10-15 02:45	62.200	62.205	62.167	62.175	5
2025-10-15 02:50	62.160	62.175	62.142	62.175	4
2025-10-15 02:55	62.165	62.165	62.115	62.115	4
2025-10-15 03:00	62.125	62.125	62.005	62.015	5
2025-10-15 03:05	62.020	62.055	62.002	62.040	5
2025-10-15 03:10	62.045	62.085	62.032	62.052	5
2025-10-15 03:15	62.050	62.085	62.050	62.082	5
2025-10-15 03:20	62.075	62.115	62.072	62.110	5
2025-10-15 03:25	62.112	62.150	62.102	62.125	5
2025-10-15 03:30	62.145	62.275	62.140	62.272	5
2025-10-15 03:35	62.265	62.265	62.222	62.222	5
2025-10-15 03:40	62.210	62.215	62.192	62.212	5
2025-10-15 03:45	62.210	62.220	62.192	62.215	5
2025-10-15 03:50	62.220	62.220	62.140	62.142	5
2025-10-15 03:55	62.147	62.155	62.122	62.140	5
2025-10-15 04:00	62.142	62.142	62.102	62.120	5
2025-10-15 04:05	62.122	62.130	62.072	62.092	5
2025-10-15 04:10	62.105	62.112	62.098	62.112	4
2025-10-15 04:15	62.117	62.150	62.117	62.138	5
2025-10-15 04:20	62.150	62.155	62.147	62.152	4
2025-10-15 04:25	62.165	62.175	62.150	62.160	4
2025-10-15 04:30	62.165	62.185	62.152	62.152	5
2025-10-15 04:35	62.148	62.155	62.137	62.145	4
2025-10-15 04:40	62.140	62.170	62.140	62.157	5
2025-10-15 04:45	62.165	62.165	62.142	62.157	5
2025-10-15 04:50	62.165	62.165	62.140	62.140	5
2025-10-15 04:55	62.135	62.155	62.132	62.145	5
2025-10-15 05:00	62.145	62.225	62.145	62.210	5
2025-10-15 05:05	62.215	62.260	62.195	62.255	5
2025-10-15 05:10	62.250	62.265	62.242	62.262	5
2025-10-15 05:15	62.255	62.265	62.235	62.235	5
2025-10-15 05:20	62.245	62.245	62.202	62.210	5
2025-10-15 05:25	62.202	62.215	62.177	62.177	5
2025-10-15 05:30	62.190	62.195	62.132	62.172	5
2025-10-15 05:35	62.190	62.205	62.167	62.195	5
2025-10-15 05:40	62.190	62.190	62.142	62.172	5
2025-10-15 05:45	62.177	62.195	62.150	62.192	5
2025-10-15 05:50	62.200	62.225	62.172	62.225	5
2025-10-15 05:55	62.232	62.255	62.210	62.212	5
2025-10-15 06:00	62.210	62.345	62.182	62.310	5
2025-10-15 06:05	62.305	62.330	62.240	62.250	5
2025-10-15 06:10	62.255	62.375	62.242	62.372	5
2025-10-15 06:15	62.370	62.425	62.352	62.395	5
2025-10-15 06:20	62.390	62.445	62.370	62.375	5
2025-10-15 06:25	62.377	62.415	62.282	62.305	5
2025-10-15 06:30	62.275	62.345	62.232	62.340	5
2025-10-15 06:35	62.335	62.342	62.237	62.272	5
2025-10-15 06:40	62.277	62.320	62.255	62.270	5
2025-10-15 06:45	62.262	62.355	62.262	62.320	5
2025-10-15 06:50	62.325	62.415	62.320	62.390	5
2025-10-15 06:55	62.395	62.405	62.360	62.375	5
2025-10-15 07:00	62.352	62.352	62.192	62.260	5
2025-10-15 07:05	62.255	62.292	62.230	62.242	5
2025-10-15 07:10	62.230	62.230	62.165	62.172	5
2025-10-15 07:15	62.180	62.252	62.112	62.120	5
2025-10-15 07:20	62.130	62.150	62.083	62.150	5
2025-10-15 07:25	62.145	62.195	62.127	62.192	5
2025-10-15 07:30	62.185	62.205	62.125	62.132	5
2025-10-15 07:35	62.125	62.225	62.112	62.212	5
2025-10-15 07:40	62.225	62.305	62.200	62.292	5
2025-10-15 07:45	62.315	62.340	62.218	62.262	5
2025-10-15 07:50	62.285	62.340	62.265	62.315	5
2025-10-15 07:55	62.300	62.325	62.275	62.315	5
2025-10-15 08:00	62.305	62.365	62.285	62.337	5
2025-10-15 08:05	62.342	62.375	62.312	62.355	5
2025-10-15 08:10	62.365	62.425	62.362	62.397	5
2025-10-15 08:15	62.395	62.505	62.395	62.505	5
2025-10-15 08:20	62.510	62.515	62.445	62.472	5
2025-10-15 08:25	62.490	62.500	62.375	62.380	5
2025-10-15 08:30	62.375	62.455	62.372	62.432	5
2025-10-15 08:35	62.440	62.460	62.335	62.382	5
2025-10-15 08:40	62.390	62.390	62.222	62.232	5
2025-10-15 08:45	62.240	62.245	62.152	62.192	5
2025-10-15 08:50	62.190	62.205	62.162	62.172	5
2025-10-15 08:55	62.167	62.285	62.167	62.262	5
2025-10-15 09:00	62.270	62.455	62.270	62.445	5
2025-10-15 09:05	62.455	62.455	62.377	62.392	5
2025-10-15 09:10	62.385	62.385	62.282	62.352	5
2025-10-15 09:15	62.360	62.385	62.325	62.325	5
2025-10-15 09:20	62.335	62.350	62.262	62.285	5
2025-10-15 09:25	62.275	62.345	62.265	62.335	5
2025-10-15 09:30	62.327	62.355	62.242	62.285	5
2025-10-15 09:35	62.272	62.295	62.185	62.202	5
2025-10-15 09:40	62.200	62.235	62.170	62.205	5
2025-10-15 09:45	62.195	62.270	62.192	62.252	5
2025-10-15 09:50	62.255	62.365	62.255	62.325	5
2025-10-15 09:55	62.335	62.345	62.285	62.322	5
2025-10-15 10:00	62.330	62.345	62.298	62.315	5
2025-10-15 10:05	62.300	62.350	62.292	62.317	5
2025-10-15 10:10	62.325	62.445	62.312	62.420	5
2025-10-15 10:15	62.425	62.445	62.365	62.390	5
2025-10-15 10:20	62.385	62.395	62.332	62.380	5
2025-10-15 10:25	62.375	62.375	62.322	62.355	5
2025-10-15 10:30	62.340	62.345	62.272	62.292	5
2025-10-15 10:35	62.300	62.320	62.240	62.242	5
2025-10-15 10:40	62.250	62.255	62.205	62.212	5
2025-10-15 10:45	62.225	62.365	62.212	62.352	5
2025-10-15 10:50	62.345	62.352	62.295	62.352	5
2025-10-15 10:55	62.345	62.355	62.312	62.322	4
2025-10-15 11:00	62.318	62.318	62.222	62.295	5
2025-10-15 11:05	62.297	62.335	62.255	62.255	5
2025-10-15 11:10	62.260	62.280	62.212	62.252	5
2025-10-15 11:15	62.260	62.320	62.235	62.315	5
2025-10-15 11:20	62.305	62.305	62.272	62.287	5
2025-10-15 11:25	62.282	62.405	62.275	62.402	5
2025-10-15 11:30	62.400	62.502	62.400	62.482	5
2025-10-15 11:35	62.475	62.475	62.407	62.445	5
2025-10-15 11:40	62.435	62.445	62.375	62.385	5
2025-10-15 11:45	62.395	62.435	62.375	62.385	5
2025-10-15 11:50	62.375	62.385	62.302	62.325	5
2025-10-15 11:55	62.335	62.470	62.332	62.432	5
2025-10-15 12:00	62.428	62.485	62.412	62.440	5
2025-10-15 12:05	62.432	62.485	62.378	62.472	5
2025-10-15 12:10	62.480	62.635	62.480	62.625	5
2025-10-15 12:15	62.630	62.745	62.622	62.722	5
2025-10-15 12:20	62.735	62.765	62.665	62.670	5
2025-10-15 12:25	62.685	62.785	62.660	62.725	5
2025-10-15 12:30	62.730	62.742	62.652	62.685	5
2025-10-15 12:35	62.690	62.695	62.602	62.632	5
2025-10-15 12:40	62.630	62.670	62.580	62.615	5
2025-10-15 12:45	62.620	62.725	62.612	62.705	5
2025-10-15 12:50	62.695	62.845	62.642	62.842	5
2025-10-15 12:55	62.855	63.010	62.852	62.922	5
2025-10-15 13:00	62.895	62.915	62.725	62.795	5
2025-10-15 13:05	62.805	62.845	62.780	62.785	5
2025-10-15 13:10	62.795	62.875	62.785	62.822	5
2025-10-15 13:15	62.840	62.865	62.805	62.840	5
2025-10-15 13:20	62.835	62.855	62.772	62.780	5
2025-10-15 13:25	62.785	62.795	62.692	62.752	5
2025-10-15 13:30	62.745	62.845	62.730	62.772	5
2025-10-15 13:35	62.765	62.770	62.622	62.652	5
2025-10-15 13:40	62.650	62.705	62.575	62.605	5
2025-10-15 13:45	62.610	62.670	62.457	62.502	5
2025-10-15 13:50	62.510	62.650	62.442	62.497	5
2025-10-15 13:55	62.495	62.585	62.485	62.525	5
2025-10-15 14:00	62.530	62.585	62.497	62.532	5
2025-10-15 14:05	62.530	62.575	62.485	62.545	5
2025-10-15 14:10	62.540	62.580	62.480	62.542	5
2025-10-15 14:15	62.532	62.555	62.460	62.475	5
2025-10-15 14:20	62.465	62.535	62.453	62.495	5
2025-10-15 14:25	62.485	62.520	62.453	62.460	5
2025-10-15 14:30	62.455	62.490	62.453	62.455	5
2025-10-15 14:35	62.460	62.565	62.455	62.490	5
2025-10-15 14:40	62.495	62.565	62.465	62.535	5
2025-10-15 14:45	62.540	62.545	62.453	62.475	5
2025-10-15 14:50	62.480	62.485	62.453	62.453	5
2025-10-15 14:55	62.453	62.470	62.262	62.272	5
2025-10-15 15:00	62.280	62.325	62.230	62.232	5
2025-10-15 15:05	62.240	62.305	62.190	62.222	5
2025-10-15 15:10	62.235	62.240	62.002	62.002	5
2025-10-15 15:15	62.015	62.055	61.900	62.020	5
2025-10-15 15:20	62.025	62.027	61.932	61.952	5
2025-10-15 15:25	61.965	62.105	61.955	62.042	5
2025-10-15 15:30	62.050	62.065	61.955	61.975	5
2025-10-15 15:35	61.965	62.010	61.890	62.002	5
2025-10-15 15:40	62.000	62.045	61.945	62.005	5
2025-10-15 15:45	62.020	62.075	61.952	62.012	5
2025-10-15 15:50	62.002	62.022	61.942	61.982	5
2025-10-15 15:55	61.980	62.055	61.947	61.975	5
2025-10-15 16:00	61.965	62.035	61.948	61.995	5
2025-10-15 16:05	61.990	62.005	61.896	61.896	5
2025-10-15 16:10	61.900	61.930	61.775	61.907	5
2025-10-15 16:15	61.925	61.935	61.800	61.822	5
2025-10-15 16:20	61.815	61.845	61.805	61.815	5
2025-10-15 16:25	61.830	61.850	61.775	61.832	5
2025-10-15 16:30	61.845	61.865	61.795	61.815	5
2025-10-15 16:35	61.810	61.850	61.787	61.832	5
2025-10-15 16:40	61.825	61.885	61.762	61.875	5
2025-10-15 16:45	61.880	61.925	61.852	61.902	5
2025-10-15 16:50	61.905	61.995	61.905	61.975	5
2025-10-15 16:55	61.980	62.105	61.972	62.102	5
2025-10-15 17:00	62.095	62.155	62.077	62.082	5
2025-10-15 17:05	62.095	62.095	62.022	62.042	5
2025-10-15 17:10	62.050	62.055	61.882	61.895	5
2025-10-15 17:15	61.880	61.905	61.832	61.872	5
2025-10-15 17:20	61.865	61.935	61.832	61.932	5
2025-10-15 17:25	61.945	62.005	61.892	61.912	5
2025-10-15 17:30	61.925	62.010	61.925	61.995	5
2025-10-15 17:35	61.987	62.070	61.987	62.042	5
2025-10-15 17:40	62.035	62.065	62.015	62.032	5
2025-10-15 17:45	62.027	62.027	61.962	61.972	5
2025-10-15 17:50	61.970	62.035	61.950	61.962	5
2025-10-15 17:55	61.970	62.005	61.937	61.957	5
2025-10-15 18:00	61.950	61.972	61.915	61.945	5
2025-10-15 18:05	61.937	61.965	61.910	61.952	5
2025-10-15 18:10	61.950	62.000	61.937	61.962	5
2025-10-15 18:15	61.967	61.975	61.922	61.957	5
2025-10-15 18:20	61.955	61.972	61.862	61.902	5
2025-10-15 18:25	61.910	61.955	61.822	61.922	5
2025-10-15 18:30	61.915	61.922	61.872	61.885	5
2025-10-15 18:35	61.895	61.985	61.885	61.982	5
2025-10-15 18:40	61.990	62.085	61.985	62.072	5
2025-10-15 18:45	62.077	62.130	62.070	62.110	5
2025-10-15 18:50	62.115	62.115	62.087	62.105	5
2025-10-15 18:55	62.100	62.195	62.062	62.182	5
2025-10-15 19:00	62.180	62.195	62.157	62.170	5
2025-10-15 19:05	62.162	62.175	62.142	62.165	5
2025-10-15 19:10	62.162	62.175	62.132	62.162	4
2025-10-15 19:15	62.165	62.245	62.162	62.242	5
2025-10-15 19:20	62.237	62.265	62.235	62.255	4
2025-10-15 19:25	62.252	62.280	62.242	62.252	5
2025-10-15 19:30	62.257	62.265	62.192	62.192	4
2025-10-15 19:35	62.200	62.205	62.140	62.142	5
2025-10-15 19:40	62.150	62.160	62.132	62.132	5
2025-10-15 19:45	62.140	62.145	62.132	62.145	3
2025-10-15 19:50	62.135	62.135	62.082	62.092	5
2025-10-15 19:55	62.090	62.115	62.082	62.110	5
2025-10-15 20:00	62.087	62.122	62.087	62.112	5
2025-10-15 20:05	62.112	62.237	62.092	62.192	5
2025-10-15 20:10	62.197	62.212	62.172	62.187	5
2025-10-15 20:15	62.182	62.262	62.182	62.252	4
2025-10-15 20:20	62.252	62.312	62.252	62.292	5
2025-10-15 20:25	62.297	62.397	62.292	62.362	5
2025-10-15 20:30	62.368	62.452	62.307	62.387	5
2025-10-15 20:35	62.387	62.432	62.372	62.432	5
2025-10-15 20:40	62.412	62.432	62.357	62.357	5
2025-10-15 20:45	62.362	62.382	62.352	62.382	5
2025-10-15 20:50	62.387	62.422	62.387	62.402	5
2025-10-15 20:55	62.397	62.412	62.382	62.397	5
2025-10-16 00:00	62.413	62.505	62.400	62.495	5
2025-10-16 00:05	62.485	62.585	62.477	62.572	5
2025-10-16 00:10	62.565	62.660	62.508	62.632	5
2025-10-16 00:15	62.645	62.650	62.592	62.600	5
2025-10-16 00:20	62.602	62.617	62.565	62.575	5
2025-10-16 00:25	62.570	62.570	62.485	62.490	5
2025-10-16 00:30	62.485	62.485	62.412	62.442	5
2025-10-16 00:35	62.455	62.460	62.432	62.460	5
2025-10-16 00:40	62.455	62.485	62.450	62.472	5
2025-10-16 00:45	62.470	62.475	62.435	62.435	5
2025-10-16 00:50	62.445	62.445	62.432	62.442	4
2025-10-16 00:55	62.460	62.485	62.457	62.460	4
2025-10-16 01:00	62.455	62.497	62.382	62.485	5
2025-10-16 01:05	62.482	62.495	62.427	62.437	5
2025-10-16 01:10	62.445	62.445	62.397	62.397	5
2025-10-16 01:15	62.385	62.420	62.382	62.405	5
2025-10-16 01:20	62.410	62.415	62.342	62.352	5
2025-10-16 01:25	62.345	62.345	62.295	62.322	5
2025-10-16 01:30	62.320	62.345	62.307	62.322	5
2025-10-16 01:35	62.315	62.325	62.307	62.317	4
2025-10-16 01:40	62.325	62.370	62.317	62.365	5
2025-10-16 01:45	62.370	62.395	62.352	62.385	5
2025-10-16 01:50	62.375	62.400	62.360	62.372	5
2025-10-16 01:55	62.385	62.395	62.332	62.337	5
2025-10-16 02:00	62.355	62.395	62.342	62.385	5
2025-10-16 02:05	62.380	62.400	62.370	62.400	5
2025-10-16 02:10	62.392	62.392	62.347	62.360	4
2025-10-16 02:15	62.365	62.370	62.345	62.370	5
2025-10-16 02:20	62.375	62.415	62.375	62.402	5
2025-10-16 02:25	62.395	62.405	62.370	62.370	3
2025-10-16 02:30	62.375	62.380	62.292	62.327	5
2025-10-16 02:35	62.322	62.385	62.322	62.365	5
2025-10-16 02:40	62.360	62.360	62.300	62.317	5
2025-10-16 02:45	62.312	62.320	62.292	62.310	5
2025-10-16 02:50	62.305	62.335	62.295	62.312	4
2025-10-16 02:55	62.320	62.355	62.312	62.342	5
2025-10-16 03:00	62.337	62.345	62.295	62.320	5
2025-10-16 03:05	62.312	62.365	62.312	62.362	5
2025-10-16 03:10	62.370	62.375	62.340	62.360	4
2025-10-16 03:15	62.355	62.405	62.342	62.405	5
2025-10-16 03:20	62.420	62.430	62.387	62.395	5
2025-10-16 03:25	62.390	62.390	62.340	62.355	5
2025-10-16 03:30	62.347	62.365	62.320	62.350	5
2025-10-16 03:35	62.342	62.375	62.342	62.372	4
2025-10-16 03:40	62.365	62.390	62.362	62.380	5
2025-10-16 03:45	62.385	62.385	62.347	62.357	5
2025-10-16 03:50	62.365	62.375	62.362	62.362	4
2025-10-16 03:55	62.367	62.460	62.362	62.452	4
2025-10-16 04:00	62.445	62.445	62.415	62.437	5
2025-10-16 04:05	62.435	62.475	62.435	62.462	4
2025-10-16 04:10	62.470	62.472	62.447	62.465	5
2025-10-16 04:15	62.455	62.475	62.450	62.465	3
2025-10-16 04:20	62.475	62.475	62.442	62.442	4
2025-10-16 04:25	62.450	62.452	62.422	62.422	4
2025-10-16 04:30	62.427	62.455	62.427	62.445	5
2025-10-16 04:35	62.440	62.445	62.427	62.435	5
2025-10-16 04:40	62.430	62.445	62.420	62.442	5
2025-10-16 04:45	62.455	62.475	62.447	62.455	3
2025-10-16 04:50	62.450	62.455	62.442	62.450	3
2025-10-16 04:55	62.455	62.455	62.435	62.437	4
2025-10-16 05:00	62.445	62.472	62.442	62.445	5
2025-10-16 05:05	62.435	62.440	62.397	62.417	5
2025-10-16 05:10	62.412	62.420	62.397	62.405	5
2025-10-16 05:15	62.410	62.410	62.385	62.390	4
2025-10-16 05:20	62.395	62.395	62.340	62.352	5
2025-10-16 05:25	62.360	62.360	62.260	62.287	5
2025-10-16 05:30	62.285	62.365	62.262	62.320	5
2025-10-16 05:35	62.315	62.392	62.312	62.335	5
2025-10-16 05:40	62.340	62.415	62.340	62.380	5
2025-10-16 05:45	62.372	62.375	62.285	62.310	5
2025-10-16 05:50	62.312	62.375	62.312	62.372	5
2025-10-16 05:55	62.365	62.415	62.362	62.372	5
2025-10-16 06:00	62.385	62.430	62.362	62.375	5
2025-10-16 06:05	62.380	62.412	62.362	62.370	5
2025-10-16 06:10	62.375	62.395	62.360	62.360	5
2025-10-16 06:15	62.362	62.375	62.332	62.360	5
2025-10-16 06:20	62.365	62.395	62.345	62.375	5
2025-10-16 06:25	62.385	62.460	62.357	62.435	5
2025-10-16 06:30	62.440	62.555	62.422	62.517	5
2025-10-16 06:35	62.525	62.540	62.452	62.452	5
2025-10-16 06:40	62.460	62.475	62.412	62.455	5
2025-10-16 06:45	62.465	62.470	62.410	62.430	5
2025-10-16 06:50	62.432	62.465	62.412	62.455	5
2025-10-16 06:55	62.445	62.475	62.417	62.442	5
2025-10-16 07:00	62.415	62.465	62.392	62.430	5
2025-10-16 07:05	62.425	62.455	62.405	62.427	5
2025-10-16 07:10	62.425	62.435	62.362	62.412	5
2025-10-16 07:15	62.425	62.515	62.357	62.367	5
2025-10-16 07:20	62.372	62.425	62.307	62.400	5
2025-10-16 07:25	62.415	62.455	62.382	62.452	5
2025-10-16 07:30	62.450	62.555	62.438	62.545	5
2025-10-16 07:35	62.550	62.565	62.470	62.472	5
2025-10-16 07:40	62.465	62.475	62.407	62.472	5
2025-10-16 07:45	62.485	62.620	62.482	62.575	5
2025-10-16 07:50	62.580	62.675	62.577	62.635	5
2025-10-16 07:55	62.630	62.725	62.602	62.655	5
2025-10-16 08:00	62.665	62.685	62.592	62.640	5
2025-10-16 08:05	62.645	62.655	62.330	62.452	5
2025-10-16 08:10	62.460	62.485	62.402	62.410	5
2025-10-16 08:15	62.395	62.395	62.310	62.312	5
2025-10-16 08:20	62.310	62.390	62.302	62.337	5
2025-10-16 08:25	62.345	62.385	62.282	62.342	5
2025-10-16 08:30	62.355	62.455	62.322	62.332	5
2025-10-16 08:35	62.345	62.387	62.332	62.365	5
2025-10-16 08:40	62.375	62.385	62.322	62.365	5
2025-10-16 08:45	62.375	62.425	62.242	62.320	5
2025-10-16 08:50	62.325	62.380	62.302	62.330	5
2025-10-16 08:55	62.325	62.335	62.192	62.282	5
2025-10-16 09:00	62.295	62.330	62.242	62.302	5
2025-10-16 09:05	62.310	62.340	62.255	62.340	5
2025-10-16 09:10	62.345	62.395	62.222	62.252	5
2025-10-16 09:15	62.250	62.285	62.192	62.265	5
2025-10-16 09:20	62.270	62.300	62.162	62.185	5
2025-10-16 09:25	62.180	62.205	62.162	62.167	5
2025-10-16 09:30	62.165	62.195	62.082	62.162	5
2025-10-16 09:35	62.170	62.245	62.160	62.222	5
2025-10-16 09:40	62.225	62.275	62.152	62.172	5
2025-10-16 09:45	62.165	62.165	62.097	62.110	5
2025-10-16 09:50	62.075	62.100	62.055	62.092	5
2025-10-16 09:55	62.087	62.105	62.065	62.095	5
2025-10-16 10:00	62.085	62.132	62.037	62.090	5
2025-10-16 10:05	62.095	62.195	62.092	62.175	5
2025-10-16 10:10	62.185	62.185	62.098	62.147	5
2025-10-16 10:15	62.142	62.205	62.142	62.155	5
2025-10-16 10:20	62.165	62.195	62.125	62.172	5
2025-10-16 10:25	62.165	62.165	62.055	62.072	5
2025-10-16 10:30	62.090	62.235	62.052	62.225	5
2025-10-16 10:35	62.210	62.235	62.180	62.217	5
2025-10-16 10:40	62.212	62.270	62.197	62.235	4
2025-10-16 10:45	62.227	62.265	62.182	62.262	5
2025-10-16 10:50	62.270	62.275	62.240	62.255	5
2025-10-16 10:55	62.260	62.265	62.195	62.245	5
2025-10-16 11:00	62.240	62.345	62.237	62.320	5
2025-10-16 11:05	62.315	62.360	62.292	62.355	4
2025-10-16 11:10	62.345	62.405	62.310	62.390	5
2025-10-16 11:15	62.395	62.397	62.342	62.375	5
2025-10-16 11:20	62.365	62.365	62.322	62.332	5
2025-10-16 11:25	62.330	62.485	62.330	62.485	5
2025-10-16 11:30	62.495	62.515	62.420	62.452	5
2025-10-16 11:35	62.440	62.490	62.402	62.410	5
2025-10-16 11:40	62.405	62.425	62.352	62.372	5
2025-10-16 11:45	62.370	62.385	62.342	62.360	5
2025-10-16 11:50	62.352	62.355	62.302	62.322	5
2025-10-16 11:55	62.305	62.345	62.245	62.245	5
2025-10-16 12:00	62.240	62.255	62.195	62.235	5
2025-10-16 12:05	62.245	62.295	62.185	62.232	5
2025-10-16 12:10	62.265	62.275	62.192	62.212	5
2025-10-16 12:15	62.210	62.235	62.142	62.165	5
2025-10-16 12:20	62.155	62.235	62.135	62.212	5
2025-10-16 12:25	62.225	62.240	62.175	62.220	5
2025-10-16 12:30	62.230	62.275	62.202	62.272	5
2025-10-16 12:35	62.285	62.285	62.202	62.207	5
2025-10-16 12:40	62.205	62.255	62.157	62.255	5
2025-10-16 12:45	62.245	62.305	62.205	62.212	5
2025-10-16 12:50	62.207	62.207	62.152	62.172	5
2025-10-16 12:55	62.170	62.205	62.152	62.155	5
2025-10-16 13:00	62.135	62.170	62.035	62.095	5
2025-10-16 13:05	62.100	62.155	62.045	62.102	5
2025-10-16 13:10	62.110	62.145	62.052	62.110	5
2025-10-16 13:15	62.115	62.262	62.102	62.230	5
2025-10-16 13:20	62.235	62.235	62.132	62.170	5
2025-10-16 13:25	62.165	62.255	62.135	62.215	5
2025-10-16 13:30	62.210	62.265	62.112	62.130	5
2025-10-16 13:35	62.125	62.195	62.052	62.060	5
2025-10-16 13:40	62.055	62.065	61.955	61.967	5
2025-10-16 13:45	61.965	62.005	61.902	61.915	5
2025-10-16 13:50	61.905	61.975	61.882	61.972	5
2025-10-16 13:55	61.965	62.025	61.932	62.022	5
2025-10-16 14:00	62.045	62.045	61.952	61.990	5
2025-10-16 14:05	61.985	62.012	61.887	61.922	5
2025-10-16 14:10	61.915	61.932	61.845	61.852	5
2025-10-16 14:15	61.857	62.020	61.857	61.972	5
2025-10-16 14:20	61.982	62.025	61.892	61.892	5
2025-10-16 14:25	61.890	61.985	61.882	61.972	5
2025-10-16 14:30	61.970	61.995	61.902	61.972	5
2025-10-16 14:35	61.995	61.995	61.872	61.885	5
2025-10-16 14:40	61.910	61.925	61.832	61.862	5
2025-10-16 14:45	61.855	61.965	61.847	61.915	5
2025-10-16 14:50	61.920	61.935	61.815	61.822	5
2025-10-16 14:55	61.817	61.975	61.812	61.970	5
2025-10-16 15:00	61.958	62.215	61.948	62.145	5
2025-10-16 15:05	62.140	62.175	62.035	62.092	5
2025-10-16 15:10	62.105	62.137	62.070	62.130	5
2025-10-16 15:15	62.122	62.202	62.072	62.080	5
2025-10-16 15:20	62.085	62.105	62.007	62.062	5
2025-10-16 15:25	62.055	62.065	61.810	61.822	5
2025-10-16 15:30	61.833	61.840	61.652	61.730	5
2025-10-16 15:35	61.722	61.735	61.532	61.592	5
2025-10-16 15:40	61.585	61.585	61.312	61.395	5
2025-10-16 15:45	61.385	61.775	61.365	61.765	5
2025-10-16 15:50	61.760	61.772	61.665	61.675	5
2025-10-16 15:55	61.705	61.785	61.672	61.732	5
2025-10-16 16:00	61.733	62.020	61.705	61.985	5
2025-10-16 16:05	62.000	62.020	61.777	61.795	5
2025-10-16 16:10	61.790	61.965	61.755	61.880	5
2025-10-16 16:15	61.885	61.895	61.722	61.842	5
2025-10-16 16:20	61.855	61.855	61.715	61.755	5
2025-10-16 16:25	61.765	61.810	61.715	61.732	5
2025-10-16 16:30	61.745	61.745	61.472	61.520	5
2025-10-16 16:35	61.522	61.690	61.522	61.615	5
2025-10-16 16:40	61.622	61.635	61.495	61.512	5
2025-10-16 16:45	61.490	61.495	61.150	61.215	5
2025-10-16 16:50	61.205	61.225	61.055	61.095	5
2025-10-16 16:55	61.105	61.335	61.102	61.322	5
2025-10-16 17:00	61.330	61.455	61.300	61.422	5
2025-10-16 17:05	61.437	61.467	61.082	61.277	5
2025-10-16 17:10	61.275	61.345	61.175	61.202	5
2025-10-16 17:15	61.197	61.285	61.110	61.255	5
2025-10-16 17:20	61.250	61.250	61.102	61.130	5
2025-10-16 17:25	61.132	61.165	61.055	61.055	5
2025-10-16 17:30	61.060	61.230	61.052	61.155	5
2025-10-16 17:35	61.150	61.195	61.117	61.125	5
2025-10-16 17:40	61.130	61.145	61.002	61.065	5
2025-10-16 17:45	61.075	61.075	60.982	61.022	5
2025-10-16 17:50	61.035	61.065	60.958	60.975	5
2025-10-16 17:55	60.990	61.040	60.958	60.985	5
2025-10-16 18:00	60.975	61.090	60.958	61.002	5
2025-10-16 18:05	60.995	61.070	60.958	61.050	5
2025-10-16 18:10	61.055	61.075	60.892	60.965	5
2025-10-16 18:15	60.962	60.962	60.822	60.832	5
2025-10-16 18:20	60.845	60.975	60.842	60.972	5
2025-10-16 18:25	60.985	61.105	60.882	61.062	5
2025-10-16 18:30	61.070	61.155	61.052	61.057	5
2025-10-16 18:35	61.065	61.180	61.065	61.105	5
2025-10-16 18:40	61.110	61.265	61.097	61.232	5
2025-10-16 18:45	61.240	61.255	61.142	61.142	5
2025-10-16 18:50	61.150	61.165	61.072	61.152	5
2025-10-16 18:55	61.165	61.185	61.137	61.182	5
2025-10-16 19:00	61.172	61.185	61.152	61.172	5
2025-10-16 19:05	61.167	61.205	61.152	61.165	5
2025-10-16 19:10	61.160	61.185	61.112	61.162	5
2025-10-16 19:15	61.175	61.175	61.075	61.110	5
2025-10-16 19:20	61.102	61.110	61.035	61.070	5
2025-10-16 19:25	61.062	61.075	61.042	61.045	5
2025-10-16 19:30	61.055	61.055	61.012	61.015	5
2025-10-16 19:35	61.017	61.035	60.982	60.992	5
2025-10-16 19:40	60.985	61.035	60.982	61.022	4
2025-10-16 19:45	61.035	61.115	61.015	61.115	5
2025-10-16 19:50	61.110	61.135	61.095	61.110	5
2025-10-16 19:55	61.115	61.115	61.047	61.077	5
2025-10-16 20:00	61.057	61.087	61.047	61.062	5
2025-10-16 20:05	61.057	61.072	60.997	60.997	5
2025-10-16 20:10	60.987	60.997	60.962	60.962	5
2025-10-16 20:15	60.977	61.032	60.977	61.027	5
2025-10-16 20:20	61.032	61.037	61.012	61.032	5
2025-10-16 20:25	61.032	61.087	61.022	61.077	5
2025-10-16 20:30	61.072	61.087	61.067	61.072	5
2025-10-16 20:35	61.067	61.072	61.022	61.052	5
2025-10-16 20:40	61.052	61.052	61.022	61.042	5
2025-10-16 20:45	61.037	61.062	61.032	61.052	5
2025-10-16 20:50	61.052	61.052	60.902	60.957	5
2025-10-16 20:55	60.957	60.982	60.932	60.977	5
2025-10-17 00:00	60.973	60.985	60.902	60.960	5
2025-10-17 00:05	60.955	60.975	60.897	60.972	5
2025-10-17 00:10	60.970	60.975	60.895	60.895	5
2025-10-17 00:15	60.900	61.005	60.890	61.000	5
2025-10-17 00:20	61.002	61.002	60.950	60.957	5
2025-10-17 00:25	60.965	60.975	60.942	60.952	5
2025-10-17 00:30	60.965	60.980	60.932	60.937	5
2025-10-17 00:35	60.945	60.995	60.942	60.990	5
2025-10-17 00:40	60.995	61.015	60.982	61.002	5
2025-10-17 00:45	61.010	61.015	60.982	61.002	5
2025-10-17 00:50	61.015	61.025	60.982	61.010	5
2025-10-17 00:55	61.012	61.045	60.997	61.040	5
2025-10-17 01:00	61.035	61.035	60.917	60.977	5
2025-10-17 01:05	60.985	60.985	60.882	60.920	5
2025-10-17 01:10	60.922	60.975	60.920	60.937	5
2025-10-17 01:15	60.935	60.970	60.930	60.940	5
2025-10-17 01:20	60.935	60.975	60.930	60.965	5
2025-10-17 01:25	60.975	61.015	60.962	60.982	5
2025-10-17 01:30	60.975	60.985	60.932	60.955	5
2025-10-17 01:35	60.942	60.980	60.942	60.962	5
2025-10-17 01:40	60.955	60.955	60.815	60.840	5
2025-10-17 01:45	60.832	60.855	60.782	60.792	5
2025-10-17 01:50	60.790	60.800	60.682	60.700	5
2025-10-17 01:55	60.705	60.735	60.672	60.690	5
2025-10-17 02:00	60.675	60.695	60.597	60.602	5
2025-10-17 02:05	60.615	60.625	60.596	60.596	5
2025-10-17 02:10	60.596	60.670	60.596	60.665	5
2025-10-17 02:15	60.670	60.745	60.662	60.745	5
2025-10-17 02:20	60.740	60.785	60.735	60.740	5
2025-10-17 02:25	60.742	60.770	60.742	60.752	5
2025-10-17 02:30	60.740	60.770	60.722	60.742	5
2025-10-17 02:35	60.755	60.815	60.752	60.792	5
2025-10-17 02:40	60.790	60.835	60.790	60.830	5
2025-10-17 02:45	60.825	60.887	60.825	60.887	5
2025-10-17 02:50	60.875	60.932	60.872	60.900	5
2025-10-17 02:55	60.892	60.902	60.852	60.885	5
2025-10-17 03:00	60.877	60.905	60.842	60.842	5
2025-10-17 03:05	60.815	60.875	60.802	60.875	5
2025-10-17 03:10	60.865	60.880	60.842	60.852	5
2025-10-17 03:15	60.865	60.925	60.842	60.900	5
2025-10-17 03:20	60.905	60.920	60.865	60.885	5
2025-10-17 03:25	60.890	60.910	60.862	60.892	5
2025-10-17 03:30	60.885	60.965	60.857	60.962	5
2025-10-17 03:35	60.960	60.965	60.885	60.910	5
2025-10-17 03:40	60.905	60.915	60.875	60.880	5
2025-10-17 03:45	60.885	60.895	60.832	60.850	5
2025-10-17 03:50	60.852	60.860	60.775	60.850	5
2025-10-17 03:55	60.845	60.885	60.815	60.882	5
2025-10-17 04:00	60.870	60.945	60.862	60.932	5
2025-10-17 04:05	60.928	60.965	60.895	60.957	5
2025-10-17 04:10	60.970	61.065	60.952	61.060	5
2025-10-17 04:15	61.065	61.065	61.010	61.015	4
2025-10-17 04:20	61.025	61.040	61.007	61.030	5
2025-10-17 04:25	61.025	61.050	60.972	61.035	5
2025-10-17 04:30	61.030	61.085	60.962	60.962	5
2025-10-17 04:35	60.975	61.000	60.928	60.928	5
2025-10-17 04:40	60.965	61.015	60.937	60.992	5
2025-10-17 04:45	61.005	61.030	60.972	61.027	5
2025-10-17 04:50	61.040	61.055	60.887	60.907	5
2025-10-17 04:55	60.905	60.910	60.850	60.852	4
2025-10-17 05:00	60.855	60.865	60.820	60.840	4
2025-10-17 05:05	60.845	60.890	60.845	60.890	5
2025-10-17 05:10	60.895	60.895	60.842	60.862	5
2025-10-17 05:15	60.860	60.902	60.860	60.892	5
2025-10-17 05:20	60.905	60.932	60.895	60.912	5
2025-10-17 05:25	60.917	60.917	60.872	60.902	5
2025-10-17 05:30	60.915	60.935	60.820	60.840	5
2025-10-17 05:35	60.845	60.940	60.832	60.920	5
2025-10-17 05:40	60.925	60.945	60.860	60.907	5
2025-10-17 05:45	60.912	60.925	60.882	60.912	5
2025-10-17 05:50	60.925	60.925	60.882	60.890	5
2025-10-17 05:55	60.885	60.885	60.812	60.837	5
2025-10-17 06:00	60.845	60.875	60.772	60.825	5
2025-10-17 06:05	60.830	60.875	60.797	60.797	5
2025-10-17 06:10	60.795	60.820	60.742	60.770	5
2025-10-17 06:15	60.780	60.835	60.780	60.807	5
2025-10-17 06:20	60.805	60.825	60.782	60.802	5
2025-10-17 06:25	60.815	60.920	60.802	60.915	5
2025-10-17 06:30	60.925	60.985	60.905	60.942	5
2025-10-17 06:35	60.955	61.015	60.942	60.960	5
2025-10-17 06:40	60.955	60.955	60.842	60.852	5
2025-10-17 06:45	60.850	60.855	60.755	60.755	5
2025-10-17 06:50	60.765	60.785	60.672	60.692	5
2025-10-17 06:55	60.690	60.700	60.596	60.622	5
2025-10-17 07:00	60.605	60.625	60.525	60.582	5
2025-10-17 07:05	60.580	60.585	60.492	60.552	5
2025-10-17 07:10	60.555	60.715	60.555	60.605	5
2025-10-17 07:15	60.625	60.705	60.562	60.575	5
2025-10-17 07:20	60.570	60.590	60.492	60.575	5
2025-10-17 07:25	60.595	60.675	60.512	60.580	5
2025-10-17 07:30	60.575	60.605	60.480	60.525	5
2025-10-17 07:35	60.540	60.597	60.508	60.592	5
2025-10-17 07:40	60.600	60.675	60.552	60.615	5
2025-10-17 07:45	60.625	60.730	60.612	60.707	5
2025-10-17 07:50	60.702	60.845	60.647	60.750	5
2025-10-17 07:55	60.742	60.775	60.642	60.732	5
2025-10-17 08:00	60.725	60.787	60.692	60.742	5
2025-10-17 08:05	60.735	60.780	60.645	60.682	5
2025-10-17 08:10	60.695	60.710	60.662	60.662	5
2025-10-17 08:15	60.670	60.690	60.612	60.652	5
2025-10-17 08:20	60.650	60.655	60.525	60.600	5
2025-10-17 08:25	60.605	60.635	60.512	60.545	5
2025-10-17 08:30	60.540	60.555	60.332	60.392	5
2025-10-17 08:35	60.390	60.435	60.285	60.390	5
2025-10-17 08:40	60.387	60.445	60.332	60.395	5
2025-10-17 08:45	60.400	60.435	60.355	60.425	5
2025-10-17 08:50	60.435	60.465	60.392	60.455	5
2025-10-17 08:55	60.465	60.495	60.322	60.332	5
2025-10-17 09:00	60.325	60.370	60.282	60.295	5
2025-10-17 09:05	60.305	60.305	60.162	60.170	5
2025-10-17 09:10	60.172	60.415	60.172	60.410	5
2025-10-17 09:15	60.415	60.455	60.332	60.372	5
2025-10-17 09:20	60.380	60.445	60.362	60.432	5
2025-10-17 09:25	60.450	60.535	60.362	60.397	5
2025-10-17 09:30	60.395	60.442	60.342	60.380	5
2025-10-17 09:35	60.375	60.515	60.375	60.512	5
2025-10-17 09:40	60.525	60.545	60.380	60.380	5
2025-10-17 09:45	60.365	60.365	60.122	60.182	5
2025-10-17 09:50	60.180	60.275	60.172	60.235	5
2025-10-17 09:55	60.245	60.375	60.212	60.355	5
2025-10-17 10:00	60.348	60.425	60.300	60.392	5
2025-10-17 10:05	60.390	60.440	60.362	60.395	5
2025-10-17 10:10	60.385	60.395	60.335	60.342	5
2025-10-17 10:15	60.340	60.355	60.238	60.272	5
2025-10-17 10:20	60.285	60.335	60.262	60.312	5
2025-10-17 10:25	60.305	60.395	60.282	60.380	5
2025-10-17 10:30	60.372	60.505	60.372	60.485	5
2025-10-17 10:35	60.472	60.700	60.472	60.687	5
2025-10-17 10:40	60.692	60.735	60.655	60.702	5
2025-10-17 10:45	60.695	60.720	60.610	60.630	5
2025-10-17 10:50	60.635	60.655	60.572	60.640	5
2025-10-17 10:55	60.642	60.785	60.625	60.625	5
2025-10-17 11:00	60.603	60.720	60.590	60.652	5
2025-10-17 11:05	60.665	60.825	60.642	60.800	5
2025-10-17 11:10	60.795	61.035	60.747	60.980	5
2025-10-17 11:15	60.975	61.035	60.710	60.715	5
2025-10-17 11:20	60.720	60.850	60.720	60.845	5
2025-10-17 11:25	60.840	60.905	60.770	60.872	5
2025-10-17 11:30	60.890	60.975	60.852	60.912	5
2025-10-17 11:35	60.925	60.935	60.857	60.890	5
2025-10-17 11:40	60.905	61.005	60.802	60.950	5
2025-10-17 11:45	60.955	60.985	60.895	60.912	5
2025-10-17 11:50	60.925	60.995	60.855	60.935	5
2025-10-17 11:55	60.925	61.040	60.912	61.002	5
2025-10-17 12:00	61.010	61.060	60.942	60.977	5
2025-10-17 12:05	60.975	61.182	60.950	61.147	5
2025-10-17 12:10	61.145	61.165	60.982	61.042	5
2025-10-17 12:15	61.035	61.085	60.945	61.030	5
2025-10-17 12:20	61.035	61.065	60.980	61.002	5
2025-10-17 12:25	60.997	61.042	60.935	61.032	5
2025-10-17 12:30	61.045	61.212	61.028	61.202	5
2025-10-17 12:35	61.200	61.260	61.072	61.220	5
2025-10-17 12:40	61.215	61.225	61.092	61.217	5
2025-10-17 12:45	61.225	61.255	61.162	61.175	5
2025-10-17 12:50	61.170	61.210	61.142	61.155	5
2025-10-17 12:55	61.150	61.220	61.142	61.142	5
2025-10-17 13:00	61.130	61.170	60.875	60.910	5
2025-10-17 13:05	60.905	60.995	60.835	60.975	5
2025-10-17 13:10	60.977	61.095	60.942	61.092	5
2025-10-17 13:15	61.082	61.140	61.030	61.092	5
2025-10-17 13:20	61.085	61.175	61.057	61.132	5
2025-10-17 13:25	61.165	61.180	60.972	61.000	5
2025-10-17 13:30	60.998	61.005	60.762	60.972	5
2025-10-17 13:35	60.967	61.165	60.945	61.080	5
2025-10-17 13:40	61.085	61.120	60.942	60.952	5
2025-10-17 13:45	60.950	61.070	60.922	61.035	5
2025-10-17 13:50	61.027	61.192	60.992	61.125	5
2025-10-17 13:55	61.135	61.185	60.962	60.965	5
2025-10-17 14:00	60.955	61.110	60.905	60.950	5
2025-10-17 14:05	60.947	61.060	60.892	60.915	5
2025-10-17 14:10	60.910	61.105	60.910	61.080	5
2025-10-17 14:15	61.085	61.175	61.072	61.120	5
2025-10-17 14:20	61.112	61.145	60.952	61.002	5
2025-10-17 14:25	61.010	61.085	60.992	61.055	5
2025-10-17 14:30	61.060	61.145	60.982	60.982	5
2025-10-17 14:35	60.980	61.022	60.890	60.945	5
2025-10-17 14:40	60.940	61.115	60.932	60.995	5
2025-10-17 14:45	60.992	61.175	60.958	61.095	5
2025-10-17 14:50	61.100	61.145	61.052	61.097	5
2025-10-17 14:55	61.105	61.165	61.032	61.082	5
2025-10-17 15:00	61.050	61.255	61.022	61.200	5
2025-10-17 15:05	61.202	61.305	61.142	61.162	5
2025-10-17 15:10	61.160	61.172	60.852	60.855	5
2025-10-17 15:15	60.840	60.972	60.825	60.967	5
2025-10-17 15:20	60.975	61.012	60.940	61.012	5
2025-10-17 15:25	61.010	61.045	60.918	60.972	5
2025-10-17 15:30	60.970	61.060	60.912	60.932	5
2025-10-17 15:35	60.940	61.045	60.905	61.045	5
2025-10-17 15:40	61.035	61.145	60.997	61.042	5
2025-10-17 15:45	61.040	61.120	61.002	61.085	5
2025-10-17 15:50	61.110	61.135	61.042	61.092	5
2025-10-17 15:55	61.090	61.202	61.080	61.132	5
2025-10-17 16:00	61.145	61.145	61.045	61.105	5
2025-10-17 16:05	61.095	61.185	61.092	61.145	5
2025-10-17 16:10	61.150	61.215	61.122	61.172	5
2025-10-17 16:15	61.185	61.245	61.085	61.160	5
2025-10-17 16:20	61.155	61.195	61.102	61.122	5
2025-10-17 16:25	61.120	61.135	61.052	61.102	5
2025-10-17 16:30	61.115	61.125	61.025	61.025	5
2025-10-17 16:35	61.030	61.075	61.012	61.045	5
2025-10-17 16:40	61.042	61.065	60.952	60.952	5
2025-10-17 16:45	60.960	60.995	60.932	60.972	5
2025-10-17 16:50	60.985	60.995	60.902	60.912	5
2025-10-17 16:55	60.905	60.935	60.812	60.902	5
2025-10-17 17:00	60.895	60.955	60.807	60.942	5
2025-10-17 17:05	60.937	61.065	60.932	61.020	5
2025-10-17 17:10	61.025	61.030	60.972	61.015	5
2025-10-17 17:15	61.010	61.045	60.955	60.965	5
2025-10-17 17:20	60.960	61.005	60.952	60.980	5
2025-10-17 17:25	60.985	60.985	60.912	60.912	5
2025-10-17 17:30	60.908	60.975	60.908	60.937	5
2025-10-17 17:35	60.932	61.050	60.932	61.035	5
2025-10-17 17:40	61.030	61.095	61.005	61.092	5
2025-10-17 17:45	61.100	61.262	61.080	61.132	5
2025-10-17 17:50	61.130	61.205	61.085	61.190	5
2025-10-17 17:55	61.195	61.195	61.122	61.125	5
2025-10-17 18:00	61.130	61.175	61.112	61.160	5
2025-10-17 18:05	61.155	61.315	61.155	61.255	5
2025-10-17 18:10	61.245	61.310	61.242	61.295	5
2025-10-17 18:15	61.290	61.405	61.285	61.375	5
2025-10-17 18:20	61.380	61.445	61.295	61.397	5
2025-10-17 18:25	61.395	61.412	61.232	61.232	5
2025-10-17 18:30	61.225	61.405	61.212	61.345	5
2025-10-17 18:35	61.355	61.375	61.312	61.315	5
2025-10-17 18:40	61.320	61.345	61.262	61.282	5
2025-10-17 18:45	61.295	61.315	61.285	61.295	4
2025-10-17 18:50	61.305	61.325	61.292	61.292	5
2025-10-17 18:55	61.305	61.325	61.292	61.295	5
2025-10-17 19:00	61.305	61.310	61.207	61.275	5
2025-10-17 19:05	61.270	61.315	61.267	61.315	5
2025-10-17 19:10	61.310	61.320	61.282	61.282	5
2025-10-17 19:15	61.275	61.292	61.245	61.290	5
2025-10-17 19:20	61.300	61.360	61.300	61.330	5
2025-10-17 19:25	61.325	61.335	61.312	61.330	5
2025-10-17 19:30	61.325	61.330	61.297	61.300	5
2025-10-17 19:35	61.305	61.325	61.300	61.315	5
2025-10-17 19:40	61.307	61.330	61.297	61.330	5
2025-10-17 19:45	61.322	61.325	61.292	61.295	5
2025-10-17 19:50	61.282	61.295	61.255	61.262	5
2025-10-17 19:55	61.257	61.285	61.242	61.270	5
2025-10-17 20:00	61.242	61.352	61.242	61.352	5
2025-10-17 20:05	61.352	61.392	61.327	61.337	5
2025-10-17 20:10	61.342	61.367	61.337	61.357	5
2025-10-17 20:15	61.357	61.357	61.262	61.272	5
2025-10-17 20:20	61.287	61.312	61.272	61.312	5
2025-10-17 20:25	61.322	61.322	61.282	61.282	5
2025-10-17 20:30	61.282	61.307	61.282	61.297	5
2025-10-17 20:35	61.292	61.302	61.287	61.297	5
2025-10-17 20:40	61.292	61.297	61.237	61.272	5
2025-10-17 20:45	61.267	61.282	61.212	61.252	5
2025-10-17 20:50	61.252	61.312	61.237	61.292	5
2025-10-17 20:55	61.292	61.337	61.282	61.327	5
2025-10-20 00:00	61.015	61.110	61.005	61.062	5
2025-10-20 00:05	61.075	61.075	61.022	61.047	5
2025-10-20 00:10	61.042	61.060	60.992	61.005	5
2025-10-20 00:15	61.007	61.055	61.005	61.050	5
2025-10-20 00:20	61.045	61.075	60.997	61.017	5
2025-10-20 00:25	61.012	61.025	60.997	61.012	5
2025-10-20 00:30	61.022	61.037	61.005	61.030	5
2025-10-20 00:35	61.035	61.082	61.030	61.075	4
2025-10-20 00:40	61.085	61.110	61.072	61.090	5
2025-10-20 00:45	61.092	61.115	61.082	61.102	5
2025-10-20 00:50	61.095	61.135	61.092	61.105	5
2025-10-20 00:55	61.115	61.115	61.080	61.092	5
2025-10-20 01:00	61.085	61.105	60.970	61.067	5
2025-10-20 01:05	61.075	61.105	61.037	61.070	5
2025-10-20 01:10	61.075	61.147	61.062	61.122	5
2025-10-20 01:15	61.135	61.172	61.122	61.172	5
2025-10-20 01:20	61.167	61.167	61.065	61.080	5
2025-10-20 01:25	61.085	61.085	61.022	61.025	5
2025-10-20 01:30	61.015	61.020	60.907	60.932	5
2025-10-20 01:35	60.922	60.947	60.862	60.902	5
2025-10-20 01:40	60.900	60.930	60.887	60.910	5
2025-10-20 01:45	60.915	60.925	60.882	60.895	5
2025-10-20 01:50	60.900	60.920	60.892	60.912	5
2025-10-20 01:55	60.920	60.995	60.915	60.995	5
2025-10-20 02:00	60.990	61.020	60.982	61.010	5
2025-10-20 02:05	61.015	61.060	61.012	61.040	5
2025-10-20 02:10	61.042	61.105	61.035	61.065	5
2025-10-20 02:15	61.070	61.085	61.070	61.080	5
2025-10-20 02:20	61.075	61.095	61.067	61.087	5
2025-10-20 02:25	61.095	61.115	61.082	61.105	5
2025-10-20 02:30	61.115	61.120	61.042	61.072	5
2025-10-20 02:35	61.080	61.090	61.062	61.082	5
2025-10-20 02:40	61.090	61.115	61.080	61.110	5
2025-10-20 02:45	61.112	61.152	61.110	61.130	5
2025-10-20 02:50	61.135	61.140	61.122	61.135	5
2025-10-20 02:55	61.115	61.115	61.035	61.052	5
2025-10-20 03:00	61.060	61.075	61.032	61.040	4
2025-10-20 03:05	61.035	61.072	61.010	61.070	5
2025-10-20 03:10	61.072	61.090	61.065	61.085	5
2025-10-20 03:15	61.080	61.097	61.070	61.075	5
2025-10-20 03:20	61.070	61.085	61.035	61.035	5
2025-10-20 03:25	61.040	61.055	61.010	61.037	5
2025-10-20 03:30	61.045	61.057	61.013	61.050	5
2025-10-20 03:35	61.055	61.085	61.040	61.072	5
2025-10-20 03:40	61.077	61.100	61.075	61.100	5
2025-10-20 03:45	61.095	61.120	61.080	61.115	5
2025-10-20 03:50	61.117	61.130	61.090	61.095	5
2025-10-20 03:55	61.100	61.105	61.067	61.075	4
2025-10-20 04:00	61.085	61.085	61.042	61.062	4
2025-10-20 04:05	61.060	61.075	61.027	61.027	5
2025-10-20 04:10	61.025	61.040	61.005	61.032	5
2025-10-20 04:15	61.027	61.027	61.007	61.012	4
2025-10-20 04:20	61.010	61.022	61.005	61.010	4
2025-10-20 04:25	61.005	61.020	61.002	61.010	2
2025-10-20 04:30	61.020	61.055	61.017	61.055	5
2025-10-20 04:35	61.080	61.085	61.065	61.070	5
2025-10-20 04:40	61.062	61.075	61.052	61.060	3
2025-10-20 04:45	61.065	61.095	61.060	61.095	4
2025-10-20 04:50	61.090	61.105	61.080	61.102	4
2025-10-20 04:55	61.110	61.115	61.085	61.085	5
2025-10-20 05:00	61.087	61.095	61.062	61.082	5
2025-10-20 05:05	61.080	61.080	61.032	61.042	5
2025-10-20 05:10	61.050	61.052	61.007	61.022	4
2025-10-20 05:15	61.035	61.035	61.002	61.002	4
2025-10-20 05:20	61.015	61.015	60.985	61.000	5
2025-10-20 05:25	61.005	61.005	60.982	60.985	5
2025-10-20 05:30	60.975	60.975	60.932	60.942	5
2025-10-20 05:35	60.955	60.962	60.935	60.952	5
2025-10-20 05:40	60.965	60.995	60.952	60.985	5
2025-10-20 05:45	60.975	60.975	60.940	60.942	4
2025-10-20 05:50	60.947	60.955	60.922	60.932	5
2025-10-20 05:55	60.930	60.930	60.902	60.917	5
2025-10-20 06:00	60.913	60.945	60.787	60.802	5
2025-10-20 06:05	60.797	60.822	60.737	60.747	5
2025-10-20 06:10	60.740	60.767	60.662	60.702	5
2025-10-20 06:15	60.730	60.815	60.717	60.802	5
2025-10-20 06:20	60.800	60.805	60.772	60.780	5
2025-10-20 06:25	60.785	60.810	60.762	60.762	5
2025-10-20 06:30	60.775	60.785	60.735	60.775	5
2025-10-20 06:35	60.780	60.780	60.720	60.725	5
2025-10-20 06:40	60.727	60.840	60.717	60.817	5
2025-10-20 06:45	60.835	60.840	60.737	60.750	5
2025-10-20 06:50	60.755	60.775	60.717	60.755	5
2025-10-20 06:55	60.760	60.775	60.720	60.732	5
2025-10-20 07:00	60.725	60.845	60.692	60.775	5
2025-10-20 07:05	60.780	60.845	60.767	60.807	5
2025-10-20 07:10	60.825	60.865	60.800	60.850	5
2025-10-20 07:15	60.855	60.965	60.827	60.962	5
2025-10-20 07:20	60.975	61.015	60.915	60.922	5
2025-10-20 07:25	60.920	60.932	60.865	60.882	5
2025-10-20 07:30	60.875	61.002	60.872	60.955	5
2025-10-20 07:35	60.945	60.955	60.832	60.832	5
2025-10-20 07:40	60.845	60.915	60.840	60.895	5
2025-10-20 07:45	60.890	60.890	60.792	60.812	5
2025-10-20 07:50	60.825	60.845	60.752	60.785	5
2025-10-20 07:55	60.775	60.795	60.712	60.760	5
2025-10-20 08:00	60.775	60.915	60.772	60.882	5
2025-10-20 08:05	60.890	60.915	60.772	60.782	5
2025-10-20 08:10	60.795	60.815	60.752	60.782	5
2025-10-20 08:15	60.790	60.872	60.752	60.852	5
2025-10-20 08:20	60.850	60.930	60.842	60.862	5
2025-10-20 08:25	60.872	60.972	60.872	60.885	5
2025-10-20 08:30	60.892	60.935	60.817	60.865	5
2025-10-20 08:35	60.855	60.865	60.762	60.850	5
2025-10-20 08:40	60.855	61.010	60.845	60.985	5
2025-10-20 08:45	60.990	61.075	60.982	61.037	5
2025-10-20 08:50	61.045	61.062	60.982	60.985	5
2025-10-20 08:55	60.990	61.110	60.987	61.075	5
2025-10-20 09:00	61.080	61.105	60.972	60.985	5
2025-10-20 09:05	60.995	61.055	60.932	61.052	5
2025-10-20 09:10	61.050	61.102	61.020	61.070	5
2025-10-20 09:15	61.067	61.152	61.065	61.142	5
2025-10-20 09:20	61.132	61.145	61.065	61.082	5
2025-10-20 09:25	61.095	61.155	61.092	61.152	5
2025-10-20 09:30	61.150	61.195	61.132	61.152	5
2025-10-20 09:35	61.165	61.177	61.082	61.112	5
2025-10-20 09:40	61.120	61.125	60.992	61.022	5
2025-10-20 09:45	61.027	61.070	61.012	61.012	5
2025-10-20 09:50	61.025	61.105	60.982	61.075	5
2025-10-20 09:55	61.070	61.070	60.952	60.972	5
2025-10-20 10:00	60.980	61.025	60.972	61.020	5
2025-10-20 10:05	61.022	61.055	60.975	61.032	5
2025-10-20 10:10	61.045	61.175	61.045	61.160	5
2025-10-20 10:15	61.145	61.175	61.082	61.107	5
2025-10-20 10:20	61.120	61.130	61.092	61.097	5
2025-10-20 10:25	61.105	61.125	61.040	61.050	5
2025-10-20 10:30	61.045	61.055	60.942	60.960	5
2025-10-20 10:35	60.962	60.995	60.912	60.932	5
2025-10-20 10:40	60.927	60.955	60.892	60.922	5
2025-10-20 10:45	60.935	60.945	60.892	60.892	5
2025-10-20 10:50	60.892	60.895	60.812	60.855	5
2025-10-20 10:55	60.865	60.895	60.842	60.872	5
2025-10-20 11:00	60.870	60.872	60.722	60.752	5
2025-10-20 11:05	60.745	60.785	60.670	60.692	5
2025-10-20 11:10	60.685	60.735	60.652	60.672	5
2025-10-20 11:15	60.667	60.795	60.665	60.772	5
2025-10-20 11:20	60.777	60.865	60.772	60.782	5
2025-10-20 11:25	60.795	60.835	60.792	60.815	4
2025-10-20 11:30	60.785	60.790	60.735	60.735	5
2025-10-20 11:35	60.740	60.785	60.740	60.742	4
2025-10-20 11:40	60.740	60.795	60.730	60.770	5
2025-10-20 11:45	60.775	60.810	60.752	60.807	5
2025-10-20 11:50	60.802	60.880	60.782	60.865	5
2025-10-20 11:55	60.875	60.885	60.820	60.822	5
2025-10-20 12:00	60.805	60.902	60.795	60.860	5
2025-10-20 12:05	60.865	60.895	60.832	60.860	5
2025-10-20 12:10	60.862	60.895	60.798	60.840	5
2025-10-20 12:15	60.835	60.905	60.825	60.875	5
2025-10-20 12:20	60.885	60.920	60.865	60.910	5
2025-10-20 12:25	60.905	60.905	60.805	60.830	5
2025-10-20 12:30	60.835	60.845	60.795	60.805	5
2025-10-20 12:35	60.825	60.900	60.817	60.850	5
2025-10-20 12:40	60.845	60.857	60.725	60.735	5
2025-10-20 12:45	60.730	60.802	60.695	60.797	5
2025-10-20 12:50	60.802	60.835	60.780	60.815	5
2025-10-20 12:55	60.805	60.805	60.595	60.642	5
2025-10-20 13:00	60.650	60.650	60.082	60.105	5
2025-10-20 13:05	60.120	60.355	60.052	60.290	5
2025-10-20 13:10	60.285	60.305	60.192	60.242	5
2025-10-20 13:15	60.250	60.395	60.235	60.327	5
2025-10-20 13:20	60.340	60.455	60.292	60.425	5
2025-10-20 13:25	60.435	60.455	60.372	60.412	5
2025-10-20 13:30	60.405	60.575	60.388	60.552	5
2025-10-20 13:35	60.565	60.745	60.562	60.672	5
2025-10-20 13:40	60.685	60.725	60.602	60.620	5
2025-10-20 13:45	60.612	60.710	60.612	60.670	5
2025-10-20 13:50	60.662	60.825	60.660	60.712	5
2025-10-20 13:55	60.725	60.735	60.607	60.615	5
2025-10-20 14:00	60.613	60.755	60.590	60.642	5
2025-10-20 14:05	60.635	60.735	60.620	60.735	5
2025-10-20 14:10	60.732	60.815	60.680	60.792	5
2025-10-20 14:15	60.785	60.815	60.712	60.722	5
2025-10-20 14:20	60.715	60.715	60.565	60.592	5
2025-10-20 14:25	60.585	60.587	60.542	60.545	5
2025-10-20 14:30	60.535	60.565	60.435	60.512	5
2025-10-20 14:35	60.520	60.520	60.430	60.492	5
2025-10-20 14:40	60.485	60.590	60.475	60.582	5
2025-10-20 14:45	60.580	60.615	60.492	60.512	5
2025-10-20 14:50	60.525	60.645	60.510	60.555	5
2025-10-20 14:55	60.547	60.665	60.532	60.617	5
2025-10-20 15:00	60.625	60.765	60.592	60.705	5
2025-10-20 15:05	60.700	60.720	60.622	60.715	5
2025-10-20 15:10	60.717	60.740	60.632	60.680	5
2025-10-20 15:15	60.685	60.705	60.645	60.660	5
2025-10-20 15:20	60.655	60.765	60.640	60.715	5
2025-10-20 15:25	60.720	60.895	60.662	60.665	5
2025-10-20 15:30	60.655	60.835	60.592	60.775	5
2025-10-20 15:35	60.765	60.785	60.682	60.690	5
2025-10-20 15:40	60.695	60.715	60.435	60.472	5
2025-10-20 15:45	60.485	60.520	60.355	60.455	5
2025-10-20 15:50	60.460	60.495	60.372	60.402	5
2025-10-20 15:55	60.415	60.510	60.380	60.475	5
2025-10-20 16:00	60.500	60.605	60.477	60.525	5
2025-10-20 16:05	60.517	60.605	60.517	60.580	5
2025-10-20 16:10	60.585	60.615	60.522	60.570	5
2025-10-20 16:15	60.585	60.650	60.582	60.612	5
2025-10-20 16:20	60.620	60.645	60.612	60.617	5
2025-10-20 16:25	60.625	60.645	60.580	60.597	5
2025-10-20 16:30	60.605	60.610	60.580	60.610	5
2025-10-20 16:35	60.605	60.630	60.552	60.577	5
2025-10-20 16:40	60.590	60.615	60.502	60.600	5
2025-10-20 16:45	60.610	60.635	60.572	60.595	5
2025-10-20 16:50	60.585	60.645	60.582	60.630	5
2025-10-20 16:55	60.625	60.662	60.592	60.595	5
2025-10-20 17:00	60.605	60.765	60.597	60.725	5
2025-10-20 17:05	60.730	60.810	60.722	60.795	5
2025-10-20 17:10	60.815	60.825	60.770	60.815	5
2025-10-20 17:15	60.810	60.815	60.732	60.732	5
2025-10-20 17:20	60.730	60.755	60.672	60.680	5
2025-10-20 17:25	60.675	60.675	60.517	60.535	5
2025-10-20 17:30	60.530	60.580	60.530	60.550	5
2025-10-20 17:35	60.545	60.645	60.532	60.645	5
2025-10-20 17:40	60.640	60.920	60.640	60.897	5
2025-10-20 17:45	60.905	60.955	60.860	60.945	5
2025-10-20 17:50	60.935	60.950	60.877	60.910	5
2025-10-20 17:55	60.905	60.925	60.862	60.882	5
2025-10-20 18:00	60.865	60.895	60.820	60.830	5
2025-10-20 18:05	60.845	60.895	60.832	60.882	5
2025-10-20 18:10	60.890	60.895	60.862	60.885	5
2025-10-20 18:15	60.880	60.955	60.875	60.920	5
2025-10-20 18:20	60.915	61.035	60.882	61.012	5
2025-10-20 18:25	61.020	61.027	60.942	61.005	5
2025-10-20 18:30	61.000	61.010	60.862	60.950	5
2025-10-20 18:35	60.965	60.992	60.932	60.972	5
2025-10-20 18:40	60.970	60.975	60.910	60.925	5
2025-10-20 18:45	60.935	60.965	60.930	60.955	5
2025-10-20 18:50	60.960	60.960	60.892	60.892	5
2025-10-20 18:55	60.885	60.895	60.832	60.865	5
2025-10-20 19:00	60.855	60.855	60.767	60.795	5
2025-10-20 19:05	60.785	60.795	60.762	60.792	4
2025-10-20 19:10	60.805	60.832	60.802	60.832	5
2025-10-20 19:15	60.845	60.860	60.842	60.852	3
2025-10-20 19:20	60.860	60.935	60.847	60.932	5
2025-10-20 19:25	60.930	60.945	60.912	60.920	5
2025-10-20 19:30	60.912	60.965	60.897	60.962	4
2025-10-20 19:35	60.960	60.965	60.930	60.945	5
2025-10-20 19:40	60.950	60.955	60.922	60.942	5
2025-10-20 19:45	60.955	60.980	60.942	60.950	5
2025-10-20 19:50	60.955	60.955	60.910	60.932	5
2025-10-20 19:55	60.930	60.955	60.910	60.942	5
2025-10-20 20:00	60.950	60.957	60.927	60.942	5
2025-10-20 20:05	60.963	60.963	60.932	60.947	5
2025-10-20 20:10	60.947	60.973	60.932	60.952	5
2025-10-20 20:15	60.957	60.962	60.942	60.952	5
2025-10-20 20:20	60.957	60.957	60.932	60.942	5
2025-10-20 20:25	60.942	60.942	60.932	60.932	5
2025-10-20 20:30	60.927	60.953	60.902	60.902	4
2025-10-20 20:35	60.912	60.912	60.882	60.892	5
2025-10-20 20:40	60.887	60.887	60.847	60.867	5
2025-10-20 20:45	60.872	60.907	60.867	60.902	5
2025-10-20 20:50	60.897	60.897	60.792	60.867	4
2025-10-20 20:55	60.862	60.872	60.852	60.857	4
2025-10-21 00:00	60.920	60.935	60.850	60.850	5
2025-10-21 00:05	60.852	60.865	60.837	60.842	5
2025-10-21 00:10	60.855	60.855	60.827	60.827	5
2025-10-21 00:15	60.845	60.845	60.823	60.835	5
2025-10-21 00:20	60.830	60.842	60.820	60.822	5
2025-10-21 00:25	60.818	60.995	60.818	60.970	5
2025-10-21 00:30	60.960	60.965	60.910	60.917	5
2025-10-21 00:35	60.910	60.935	60.910	60.932	5
2025-10-21 00:40	60.928	60.947	60.928	60.947	5
2025-10-21 00:45	60.942	60.947	60.932	60.937	5
2025-10-21 00:50	60.935	60.940	60.923	60.940	3
2025-10-21 00:55	60.933	60.955	60.933	60.950	5
2025-10-21 01:00	60.955	60.960	60.877	60.890	5
2025-10-21 01:05	60.895	60.895	60.820	60.822	5
2025-10-21 01:10	60.830	60.845	60.782	60.802	5
2025-10-21 01:15	60.800	60.800	60.697	60.710	5
2025-10-21 01:20	60.715	60.720	60.650	60.662	5
2025-10-21 01:25	60.655	60.655	60.582	60.582	4
2025-10-21 01:30	60.580	60.645	60.562	60.642	5
2025-10-21 01:35	60.655	60.685	60.625	60.685	5
2025-10-21 01:40	60.680	60.685	60.642	60.647	5
2025-10-21 01:45	60.655	60.662	60.632	60.652	5
2025-10-21 01:50	60.650	60.722	60.650	60.715	5
2025-10-21 01:55	60.710	60.792	60.702	60.790	5
2025-10-21 02:00	60.783	60.805	60.750	60.782	5
2025-10-21 02:05	60.795	60.865	60.795	60.855	4
2025-10-21 02:10	60.860	60.875	60.825	60.862	5
2025-10-21 02:15	60.870	60.870	60.847	60.848	3
2025-10-21 02:20	60.850	60.887	60.840	60.887	4
2025-10-21 02:25	60.882	60.895	60.840	60.845	5
2025-10-21 02:30	60.840	60.855	60.812	60.815	5
2025-10-21 02:35	60.810	60.822	60.807	60.812	5
2025-10-21 02:40	60.810	60.835	60.792	60.810	5
2025-10-21 02:45	60.815	60.820	60.792	60.797	5
2025-10-21 02:50	60.795	60.820	60.777	60.777	5
2025-10-21 02:55	60.770	60.802	60.765	60.802	4
2025-10-21 03:00	60.795	60.805	60.772	60.772	5
2025-10-21 03:05	60.768	60.805	60.768	60.780	5
2025-10-21 03:10	60.785	60.785	60.765	60.767	5
2025-10-21 03:15	60.772	60.785	60.762	60.762	4
2025-10-21 03:20	60.770	60.812	60.767	60.812	4
2025-10-21 03:25	60.817	60.825	60.797	60.815	5
2025-10-21 03:30	60.810	60.825	60.805	60.812	4
2025-10-21 03:35	60.820	60.825	60.820	60.825	1
2025-10-21 03:40	60.830	60.835	60.812	60.830	4
2025-10-21 03:45	60.835	60.835	60.800	60.815	5
2025-10-21 03:50	60.808	60.815	60.805	60.812	4
2025-10-21 03:55	60.825	60.830	60.812	60.822	4
2025-10-21 04:00	60.820	60.872	60.810	60.868	5
2025-10-21 04:05	60.865	60.870	60.835	60.840	5
2025-10-21 04:10	60.835	60.840	60.825	60.840	4
2025-10-21 04:15	60.842	60.855	60.832	60.850	5
2025-10-21 04:20	60.845	60.850	60.818	60.818	4
2025-10-21 04:25	60.830	60.832	60.810	60.812	5
2025-10-21 04:30	60.820	60.820	60.803	60.810	5
2025-10-21 04:35	60.805	60.835	60.805	60.832	4
2025-10-21 04:40	60.830	60.835	60.792	60.820	4
2025-10-21 04:45	60.815	60.825	60.797	60.815	4
2025-10-21 04:50	60.810	60.835	60.807	60.830	5
2025-10-21 04:55	60.825	60.860	60.778	60.855	5
2025-10-21 05:00	60.845	60.872	60.835	60.865	5
2025-10-21 05:05	60.858	60.875	60.858	60.875	4
2025-10-21 05:10	60.870	60.950	60.868	60.950	5
2025-10-21 05:15	60.955	61.005	60.950	60.995	5
2025-10-21 05:20	61.005	61.010	60.985	60.985	5
2025-10-21 05:25	60.990	60.995	60.972	60.977	5
2025-10-21 05:30	60.985	61.042	60.962	61.035	5
2025-10-21 05:35	61.025	61.035	60.992	61.025	5
2025-10-21 05:40	61.015	61.115	61.012	61.105	5
2025-10-21 05:45	61.110	61.115	61.030	61.045	5
2025-10-21 05:50	61.047	61.055	61.010	61.032	5
2025-10-21 05:55	61.040	61.045	60.992	61.010	4
2025-10-21 06:00	60.985	61.095	60.982	61.092	5
2025-10-21 06:05	61.105	61.155	61.090	61.142	5
2025-10-21 06:10	61.150	61.175	61.132	61.142	5
2025-10-21 06:15	61.135	61.175	61.122	61.142	5
2025-10-21 06:20	61.132	61.165	61.072	61.072	4
2025-10-21 06:25	61.085	61.105	61.042	61.105	5
2025-10-21 06:30	61.110	61.115	61.042	61.092	5
2025-10-21 06:35	61.105	61.145	61.072	61.080	5
2025-10-21 06:40	61.085	61.085	60.992	60.992	5
2025-10-21 06:45	61.000	61.035	60.982	61.012	5
2025-10-21 06:50	61.010	61.015	60.922	60.922	5
2025-10-21 06:55	60.935	60.935	60.850	60.852	5
2025-10-21 07:00	60.825	60.848	60.655	60.695	5
2025-10-21 07:05	60.690	60.740	60.675	60.735	5
2025-10-21 07:10	60.727	60.780	60.722	60.755	5
2025-10-21 07:15	60.760	60.790	60.672	60.682	5
2025-10-21 07:20	60.690	60.785	60.680	60.742	5
2025-10-21 07:25	60.740	60.765	60.682	60.755	5
2025-10-21 07:30	60.750	60.785	60.702	60.730	5
2025-10-21 07:35	60.725	60.750	60.665	60.722	5
2025-10-21 07:40	60.715	60.745	60.692	60.715	5
2025-10-21 07:45	60.725	60.735	60.672	60.722	5
2025-10-21 07:50	60.720	60.740	60.702	60.712	5
2025-10-21 07:55	60.735	60.795	60.702	60.702	5
2025-10-21 08:00	60.698	60.805	60.697	60.772	5
2025-10-21 08:05	60.780	60.815	60.742	60.802	5
2025-10-21 08:10	60.820	60.890	60.795	60.862	5
2025-10-21 08:15	60.855	60.895	60.855	60.895	5
2025-10-21 08:20	60.905	60.955	60.877	60.952	5
2025-10-21 08:25	60.950	61.000	60.907	60.955	5
2025-10-21 08:30	60.932	61.015	60.925	61.000	5
2025-10-21 08:35	60.992	61.025	60.912	61.015	5
2025-10-21 08:40	61.020	61.020	60.965	60.990	5
2025-10-21 08:45	60.995	61.170	60.995	61.162	5
2025-10-21 08:50	61.150	61.235	61.150	61.195	5
2025-10-21 08:55	61.200	61.220	61.112	61.130	5
2025-10-21 09:00	61.135	61.165	61.052	61.070	5
2025-10-21 09:05	61.072	61.090	61.012	61.070	5
2025-10-21 09:10	61.065	61.065	60.940	60.940	5
2025-10-21 09:15	60.935	60.975	60.932	60.965	5
2025-10-21 09:20	60.955	60.965	60.925	60.955	5
2025-10-21 09:25	60.960	60.965	60.932	60.937	5
2025-10-21 09:30	60.945	61.020	60.928	61.020	5
2025-10-21 09:35	61.025	61.105	61.015	61.092	5
2025-10-21 09:40	61.105	61.125	61.060	61.090	5
2025-10-21 09:45	61.085	61.282	61.075	61.262	5
2025-10-21 09:50	61.270	61.285	61.185	61.242	5
2025-10-21 09:55	61.250	61.355	61.205	61.332	5
2025-10-21 10:00	61.325	61.385	61.302	61.302	5
2025-10-21 10:05	61.315	61.470	61.305	61.470	5
2025-10-21 10:10	61.475	61.525	61.415	61.490	5
2025-10-21 10:15	61.485	61.515	61.470	61.475	5
2025-10-21 10:20	61.465	61.520	61.462	61.485	5
2025-10-21 10:25	61.490	61.500	61.440	61.455	5
2025-10-21 10:30	61.450	61.515	61.447	61.502	5
2025-10-21 10:35	61.520	61.575	61.507	61.575	5
2025-10-21 10:40	61.555	61.575	61.522	61.572	5
2025-10-21 10:45	61.570	61.575	61.492	61.512	5
2025-10-21 10:50	61.505	61.512	61.432	61.460	5
2025-10-21 10:55	61.462	61.495	61.412	61.462	5
2025-10-21 11:00	61.470	61.535	61.442	61.530	5
2025-10-21 11:05	61.515	61.525	61.452	61.500	5
2025-10-21 11:10	61.502	61.555	61.452	61.552	5
2025-10-21 11:15	61.550	61.625	61.500	61.505	5
2025-10-21 11:20	61.520	61.525	61.412	61.432	5
2025-10-21 11:25	61.425	61.452	61.385	61.440	5
2025-10-21 11:30	61.445	61.445	61.402	61.410	5
2025-10-21 11:35	61.400	61.435	61.352	61.360	5
2025-10-21 11:40	61.365	61.365	61.272	61.297	5
2025-10-21 11:45	61.305	61.370	61.290	61.297	5
2025-10-21 11:50	61.302	61.375	61.292	61.345	5
2025-10-21 11:55	61.340	61.345	61.302	61.327	5
2025-10-21 12:00	61.310	61.365	61.307	61.352	5
2025-10-21 12:05	61.360	61.360	61.302	61.360	5
2025-10-21 12:10	61.355	61.430	61.355	61.425	5
2025-10-21 12:15	61.415	61.425	61.352	61.362	5
2025-10-21 12:20	61.360	61.425	61.355	61.410	5
2025-10-21 12:25	61.405	61.425	61.362	61.387	5
2025-10-21 12:30	61.395	61.515	61.372	61.487	5
2025-10-21 12:35	61.485	61.582	61.462	61.582	5
2025-10-21 12:40	61.610	61.715	61.565	61.710	5
2025-10-21 12:45	61.705	61.720	61.622	61.642	5
2025-10-21 12:50	61.650	61.655	61.502	61.502	5
2025-10-21 12:55	61.500	61.535	61.422	61.425	5
2025-10-21 13:00	61.420	61.420	61.242	61.347	5
2025-10-21 13:05	61.360	61.375	61.192	61.250	5
2025-10-21 13:10	61.242	61.257	61.062	61.062	5
2025-10-21 13:15	61.075	61.105	60.972	61.085	5
2025-10-21 13:20	61.095	61.245	61.042	61.215	5
2025-10-21 13:25	61.210	61.245	61.120	61.145	5
2025-10-21 13:30	61.127	61.155	60.905	60.910	5
2025-10-21 13:35	60.915	60.985	60.852	60.872	5
2025-10-21 13:40	60.870	60.885	60.702	60.772	5
2025-10-21 13:45	60.765	60.795	60.482	60.500	5
2025-10-21 13:50	60.502	60.545	60.452	60.520	5
2025-10-21 13:55	60.515	60.520	60.382	60.392	5
2025-10-21 14:00	60.385	60.525	60.332	60.515	5
2025-10-21 14:05	60.512	60.615	60.502	60.602	5
2025-10-21 14:10	60.600	60.725	60.572	60.710	5
2025-10-21 14:15	60.715	60.875	60.702	60.862	5
2025-10-21 14:20	60.870	61.002	60.852	60.852	5
2025-10-21 14:25	60.857	60.905	60.732	60.772	5
2025-10-21 14:30	60.765	60.775	60.652	60.655	5
2025-10-21 14:35	60.660	60.735	60.602	60.672	5
2025-10-21 14:40	60.685	60.705	60.602	60.627	5
2025-10-21 14:45	60.622	60.645	60.602	60.610	5
2025-10-21 14:50	60.615	60.665	60.597	60.635	5
2025-10-21 14:55	60.645	60.825	60.645	60.802	5
2025-10-21 15:00	60.810	60.830	60.732	60.790	5
2025-10-21 15:05	60.792	60.945	60.792	60.907	5
2025-10-21 15:10	60.915	61.005	60.872	60.990	5
2025-10-21 15:15	60.982	61.102	60.962	61.102	5
2025-10-21 15:20	61.120	61.295	61.110	61.295	5
2025-10-21 15:25	61.300	61.412	61.222	61.235	5
2025-10-21 15:30	61.232	61.330	61.182	61.182	5
2025-10-21 15:35	61.195	61.225	61.122	61.142	5
2025-10-21 15:40	61.152	61.280	61.145	61.275	5
2025-10-21 15:45	61.282	61.342	61.232	61.242	5
2025-10-21 15:50	61.255	61.345	61.222	61.322	5
2025-10-21 15:55	61.330	61.365	61.282	61.320	5
2025-10-21 16:00	61.325	61.365	61.220	61.252	5
2025-10-21 16:05	61.245	61.335	61.232	61.320	5
2025-10-21 16:10	61.312	61.425	61.312	61.352	5
2025-10-21 16:15	61.345	61.445	61.312	61.425	5
2025-10-21 16:20	61.420	61.490	61.420	61.482	5
2025-10-21 16:25	61.475	61.535	61.432	61.432	5
2025-10-21 16:30	61.445	61.585	61.422	61.532	5
2025-10-21 16:35	61.515	62.065	61.405	61.525	5
2025-10-21 16:40	61.520	61.590	61.302	61.490	5
2025-10-21 16:45	61.495	61.535	61.422	61.465	5
2025-10-21 16:50	61.462	61.470	61.315	61.320	5
2025-10-21 16:55	61.325	61.335	61.202	61.215	5
2025-10-21 17:00	61.212	61.212	60.992	61.072	5
2025-10-21 17:05	61.062	61.208	61.032	61.172	5
2025-10-21 17:10	61.180	61.225	61.122	61.215	5
2025-10-21 17:15	61.220	61.275	61.162	61.232	5
2025-10-21 17:20	61.237	61.345	61.207	61.317	5
2025-10-21 17:25	61.325	61.502	61.320	61.492	5
2025-10-21 17:30	61.485	61.540	61.455	61.490	5
2025-10-21 17:35	61.495	61.520	61.312	61.322	5
2025-10-21 17:40	61.320	61.365	61.315	61.332	5
2025-10-21 17:45	61.325	61.375	61.292	61.305	5
2025-10-21 17:50	61.310	61.315	61.240	61.257	5
2025-10-21 17:55	61.255	61.305	61.252	61.252	5
2025-10-21 18:00	61.245	61.285	61.172	61.197	5
2025-10-21 18:05	61.195	61.255	61.180	61.232	5
2025-10-21 18:10	61.230	61.275	61.192	61.260	5
2025-10-21 18:15	61.252	61.365	61.212	61.365	5
2025-10-21 18:20	61.355	61.365	61.225	61.305	5
2025-10-21 18:25	61.315	61.335	61.277	61.285	5
2025-10-21 18:30	61.275	61.415	61.272	61.385	5
2025-10-21 18:35	61.380	61.395	61.352	61.352	5
2025-10-21 18:40	61.350	61.375	61.315	61.355	5
2025-10-21 18:45	61.352	61.352	61.312	61.342	5
2025-10-21 18:50	61.350	61.395	61.345	61.352	5
2025-10-21 18:55	61.350	61.375	61.332	61.362	5
2025-10-21 19:00	61.360	61.385	61.345	61.377	5
2025-10-21 19:05	61.372	61.395	61.352	61.360	5
2025-10-21 19:10	61.355	61.370	61.322	61.360	5
2025-10-21 19:15	61.355	61.375	61.342	61.362	5
2025-10-21 19:20	61.355	61.375	61.342	61.370	5
2025-10-21 19:25	61.375	61.390	61.347	61.385	5
2025-10-21 19:30	61.390	61.390	61.337	61.372	5
2025-10-21 19:35	61.365	61.370	61.342	61.370	5
2025-10-21 19:40	61.365	61.385	61.362	61.370	5
2025-10-21 19:45	61.380	61.412	61.377	61.410	5
2025-10-21 19:50	61.415	61.430	61.405	61.422	5
2025-10-21 19:55	61.420	61.465	61.420	61.440	5
2025-10-21 20:00	61.433	61.508	61.433	61.508	5
2025-10-21 20:05	61.512	61.558	61.512	61.553	4
2025-10-21 20:10	61.558	61.568	61.548	61.553	4
2025-10-21 20:15	61.548	61.568	61.548	61.548	4
2025-10-21 20:20	61.543	61.558	61.543	61.558	2
2025-10-21 20:25	61.563	61.608	61.558	61.593	5
2025-10-21 20:30	61.598	61.633	61.548	61.578	5
2025-10-21 20:35	61.573	61.633	61.568	61.593	5
2025-10-21 20:40	61.598	61.608	61.588	61.603	4
2025-10-21 20:45	61.603	61.603	61.553	61.568	5
2025-10-21 20:50	61.573	61.573	61.538	61.568	3
2025-10-21 20:55	61.573	61.603	61.568	61.588	5
2025-10-22 00:00	61.590	61.600	61.545	61.575	5
2025-10-22 00:05	61.570	61.585	61.457	61.462	5
2025-10-22 00:10	61.467	61.495	61.447	61.447	5
2025-10-22 00:15	61.452	61.475	61.427	61.467	4
2025-10-22 00:20	61.480	61.500	61.477	61.490	5
2025-10-22 00:25	61.482	61.500	61.467	61.492	5
2025-10-22 00:30	61.500	61.505	61.482	61.490	5
2025-10-22 00:35	61.485	61.550	61.485	61.530	5
2025-10-22 00:40	61.522	61.522	61.490	61.497	5
2025-10-22 00:45	61.505	61.530	61.497	61.530	5
2025-10-22 00:50	61.532	61.532	61.495	61.495	5
2025-10-22 00:55	61.475	61.485	61.452	61.472	5
2025-10-22 01:00	61.467	61.467	61.362	61.410	5
2025-10-22 01:05	61.402	61.435	61.372	61.417	5
2025-10-22 01:10	61.425	61.427	61.370	61.392	5
2025-10-22 01:15	61.390	61.400	61.352	61.367	5
2025-10-22 01:20	61.375	61.472	61.352	61.435	5
2025-10-22 01:25	61.440	61.445	61.412	61.435	5
2025-10-22 01:30	61.450	61.510	61.445	61.482	5
2025-10-22 01:35	61.480	61.515	61.467	61.472	5
2025-10-22 01:40	61.467	61.487	61.445	61.485	5
2025-10-22 01:45	61.480	61.505	61.472	61.492	5
2025-10-22 01:50	61.485	61.495	61.472	61.485	5
2025-10-22 01:55	61.490	61.497	61.442	61.452	5
2025-10-22 02:00	61.450	61.512	61.442	61.495	5
2025-10-22 02:05	61.490	61.542	61.490	61.525	5
2025-10-22 02:10	61.530	61.560	61.510	61.552	5
2025-10-22 02:15	61.560	61.575	61.552	61.567	5
2025-10-22 02:20	61.565	61.605	61.565	61.602	4
2025-10-22 02:25	61.600	61.600	61.575	61.577	3
2025-10-22 02:30	61.585	61.605	61.560	61.600	5
2025-10-22 02:35	61.605	61.660	61.605	61.650	5
2025-10-22 02:40	61.642	61.655	61.627	61.652	5
2025-10-22 02:45	61.650	61.752	61.640	61.742	5
2025-10-22 02:50	61.737	61.795	61.732	61.785	5
2025-10-22 02:55	61.790	61.810	61.745	61.745	5
2025-10-22 03:00	61.750	61.817	61.745	61.795	5
2025-10-22 03:05	61.790	61.955	61.785	61.947	5
2025-10-22 03:10	61.955	62.070	61.932	62.020	5
2025-10-22 03:15	62.015	62.225	61.973	62.220	5
2025-10-22 03:20	62.215	62.302	62.178	62.302	5
2025-10-22 03:25	62.297	62.435	62.237	62.432	5
2025-10-22 03:30	62.425	62.450	62.295	62.302	5
2025-10-22 03:35	62.300	62.300	62.240	62.267	5
2025-10-22 03:40	62.260	62.335	62.255	62.282	5
2025-10-22 03:45	62.280	62.310	62.267	62.267	5
2025-10-22 03:50	62.272	62.330	62.267	62.275	5
2025-10-22 03:55	62.265	62.290	62.222	62.232	5
2025-10-22 04:00	62.230	62.257	62.197	62.235	5
2025-10-22 04:05	62.240	62.260	62.232	62.247	5
2025-10-22 04:10	62.252	62.280	62.232	62.272	5
2025-10-22 04:15	62.280	62.325	62.275	62.302	5
2025-10-22 04:20	62.297	62.305	62.282	62.282	5
2025-10-22 04:25	62.290	62.330	62.265	62.292	5
2025-10-22 04:30	62.297	62.335	62.282	62.330	5
2025-10-22 04:35	62.312	62.340	62.305	62.332	5
2025-10-22 04:40	62.310	62.335	62.302	62.315	5
2025-10-22 04:45	62.308	62.310	62.278	62.292	5
2025-10-22 04:50	62.305	62.305	62.288	62.288	5
2025-10-22 04:55	62.300	62.300	62.262	62.275	5
2025-10-22 05:00	62.265	62.295	62.262	62.270	5
2025-10-22 05:05	62.275	62.285	62.262	62.282	5
2025-10-22 05:10	62.278	62.310	62.278	62.292	5
2025-10-22 05:15	62.300	62.382	62.300	62.372	5
2025-10-22 05:20	62.382	62.382	62.322	62.322	5
2025-10-22 05:25	62.330	62.360	62.305	62.360	5
2025-10-22 05:30	62.375	62.425	62.357	62.405	5
2025-10-22 05:35	62.400	62.402	62.322	62.330	5
2025-10-22 05:40	62.325	62.352	62.285	62.352	5
2025-10-22 05:45	62.365	62.375	62.335	62.352	5
2025-10-22 05:50	62.360	62.405	62.337	62.382	5
2025-10-22 05:55	62.390	62.390	62.322	62.330	5
2025-10-22 06:00	62.315	62.352	62.280	62.292	5
2025-10-22 06:05	62.305	62.365	62.285	62.340	5
2025-10-22 06:10	62.335	62.365	62.327	62.352	5
2025-10-22 06:15	62.350	62.400	62.310	62.372	5
2025-10-22 06:20	62.385	62.450	62.312	62.380	5
2025-10-22 06:25	62.377	62.432	62.345	62.390	5
2025-10-22 06:30	62.375	62.460	62.367	62.417	5
2025-10-22 06:35	62.415	62.575	62.392	62.565	5
2025-10-22 06:40	62.552	62.585	62.510	62.512	5
2025-10-22 06:45	62.535	62.555	62.482	62.507	5
2025-10-22 06:50	62.505	62.560	62.445	62.445	5
2025-10-22 06:55	62.435	62.440	62.372	62.400	5
2025-10-22 07:00	62.395	62.435	62.332	62.385	5
2025-10-22 07:05	62.395	62.415	62.345	62.392	5
2025-10-22 07:10	62.415	62.415	62.327	62.345	5
2025-10-22 07:15	62.355	62.385	62.292	62.360	5
2025-10-22 07:20	62.352	62.365	62.222	62.222	5
2025-10-22 07:25	62.215	62.215	62.102	62.132	5
2025-10-22 07:30	62.145	62.195	62.130	62.172	5
2025-10-22 07:35	62.180	62.205	62.152	62.185	5
2025-10-22 07:40	62.190	62.245	62.132	62.152	5
2025-10-22 07:45	62.160	62.255	62.160	62.222	5
2025-10-22 07:50	62.220	62.305	62.202	62.285	5
2025-10-22 07:55	62.275	62.275	62.122	62.225	5
2025-10-22 08:00	62.232	62.305	62.202	62.220	5
2025-10-22 08:05	62.225	62.335	62.215	62.290	5
2025-10-22 08:10	62.287	62.315	62.232	62.285	5
2025-10-22 08:15	62.280	62.305	62.242	62.272	5
2025-10-22 08:20	62.270	62.270	62.190	62.265	5
2025-10-22 08:25	62.270	62.300	62.177	62.210	5
2025-10-22 08:30	62.205	62.282	62.145	62.272	5
2025-10-22 08:35	62.265	62.315	62.217	62.292	5
2025-10-22 08:40	62.310	62.445	62.297	62.432	5
2025-10-22 08:45	62.445	62.495	62.405	62.475	5
2025-10-22 08:50	62.465	62.465	62.352	62.412	5
2025-10-22 08:55	62.425	62.425	62.290	62.315	5
2025-10-22 09:00	62.335	62.395	62.302	62.332	5
2025-10-22 09:05	62.325	62.355	62.230	62.242	5
2025-10-22 09:10	62.232	62.235	62.110	62.185	5
2025-10-22 09:15	62.175	62.285	62.170	62.277	5
2025-10-22 09:20	62.295	62.310	62.242	62.242	5
2025-10-22 09:25	62.255	62.275	62.210	62.220	5
2025-10-22 09:30	62.225	62.245	62.192	62.235	5
2025-10-22 09:35	62.245	62.275	62.205	62.212	5
2025-10-22 09:40	62.210	62.265	62.192	62.220	5
2025-10-22 09:45	62.222	62.285	62.200	62.255	5
2025-10-22 09:50	62.257	62.305	62.242	62.242	5
2025-10-22 09:55	62.235	62.255	62.197	62.202	5
2025-10-22 10:00	62.185	62.205	61.972	61.972	5
2025-10-22 10:05	61.980	62.065	61.975	62.015	5
2025-10-22 10:10	62.020	62.125	62.015	62.112	5
2025-10-22 10:15	62.125	62.125	62.042	62.052	5
2025-10-22 10:20	62.045	62.075	62.022	62.040	5
2025-10-22 10:25	62.045	62.125	62.045	62.120	5
2025-10-22 10:30	62.122	62.145	62.075	62.085	5
2025-10-22 10:35	62.080	62.137	62.080	62.082	5
2025-10-22 10:40	62.075	62.165	62.062	62.140	5
2025-10-22 10:45	62.130	62.265	62.130	62.262	5
2025-10-22 10:50	62.260	62.445	62.255	62.405	5
2025-10-22 10:55	62.400	62.475	62.375	62.375	5
2025-10-22 11:00	62.380	62.395	62.335	62.382	5
2025-10-22 11:05	62.380	62.455	62.368	62.442	5
2025-10-22 11:10	62.455	62.475	62.415	62.435	5
2025-10-22 11:15	62.430	62.525	62.422	62.477	5
2025-10-22 11:20	62.475	62.505	62.425	62.495	5
2025-10-22 11:25	62.505	62.520	62.462	62.505	5
2025-10-22 11:30	62.510	62.575	62.490	62.545	5
2025-10-22 11:35	62.547	62.555	62.455	62.462	5
2025-10-22 11:40	62.457	62.475	62.402	62.402	5
2025-10-22 11:45	62.395	62.415	62.325	62.362	5
2025-10-22 11:50	62.375	62.375	62.242	62.272	5
2025-10-22 11:55	62.305	62.385	62.268	62.380	5
2025-10-22 12:00	62.385	62.520	62.385	62.470	5
2025-10-22 12:05	62.465	62.485	62.442	62.482	5
2025-10-22 12:10	62.480	62.555	62.462	62.515	5
2025-10-22 12:15	62.505	62.535	62.492	62.495	5
2025-10-22 12:20	62.505	62.535	62.452	62.492	5
2025-10-22 12:25	62.505	62.515	62.482	62.500	5
2025-10-22 12:30	62.495	62.575	62.462	62.510	5
2025-10-22 12:35	62.505	62.645	62.502	62.632	5
2025-10-22 12:40	62.637	62.637	62.512	62.512	5
2025-10-22 12:45	62.520	62.545	62.492	62.535	5
2025-10-22 12:50	62.530	62.530	62.252	62.315	5
2025-10-22 12:55	62.312	62.320	62.202	62.210	5
2025-10-22 13:00	62.192	62.425	62.170	62.405	5
2025-10-22 13:05	62.395	62.545	62.362	62.472	5
2025-10-22 13:10	62.480	62.525	62.457	62.490	5
2025-10-22 13:15	62.495	62.595	62.482	62.512	5
2025-10-22 13:20	62.510	62.555	62.497	62.510	5
2025-10-22 13:25	62.515	62.525	62.435	62.470	5
2025-10-22 13:30	62.465	62.615	62.465	62.555	5
2025-10-22 13:35	62.560	62.575	62.482	62.557	5
2025-10-22 13:40	62.565	62.690	62.532	62.655	5
2025-10-22 13:45	62.665	62.695	62.612	62.642	5
2025-10-22 13:50	62.640	62.805	62.632	62.782	5
2025-10-22 13:55	62.780	62.795	62.712	62.725	5
2025-10-22 14:00	62.718	62.785	62.615	62.660	5
2025-10-22 14:05	62.662	62.695	62.610	62.615	5
2025-10-22 14:10	62.625	62.655	62.532	62.562	5
2025-10-22 14:15	62.570	62.625	62.560	62.572	5
2025-10-22 14:20	62.565	62.570	62.487	62.510	5
2025-10-22 14:25	62.515	62.635	62.512	62.615	5
2025-10-22 14:30	62.610	62.627	62.435	62.530	5
2025-10-22 14:35	62.525	62.655	62.525	62.652	5
2025-10-22 14:40	62.660	62.685	62.472	62.555	5
2025-10-22 14:45	62.560	62.655	62.525	62.642	5
2025-10-22 14:50	62.615	62.690	62.592	62.632	5
2025-10-22 14:55	62.640	62.655	62.565	62.575	5
2025-10-22 15:00	62.565	62.675	62.452	62.672	5
2025-10-22 15:05	62.685	62.695	62.582	62.600	5
2025-10-22 15:10	62.595	62.595	62.420	62.450	5
2025-10-22 15:15	62.445	62.525	62.402	62.417	5
2025-10-22 15:20	62.412	62.465	62.330	62.405	5
2025-10-22 15:25	62.395	62.465	62.322	62.360	5
2025-10-22 15:30	62.365	62.665	62.362	62.655	5
2025-10-22 15:35	62.662	62.760	62.642	62.705	5
2025-10-22 15:40	62.715	62.865	62.685	62.860	5
2025-10-22 15:45	62.852	62.885	62.782	62.882	5
2025-10-22 15:50	62.895	62.945	62.872	62.895	5
2025-10-22 15:55	62.900	62.902	62.762	62.782	5
2025-10-22 16:00	62.760	62.775	62.632	62.665	5
2025-10-22 16:05	62.670	62.690	62.612	62.682	5
2025-10-22 16:10	62.690	62.720	62.652	62.690	5
2025-10-22 16:15	62.685	62.745	62.645	62.662	5
2025-10-22 16:20	62.655	62.732	62.610	62.702	5
2025-10-22 16:25	62.710	62.735	62.610	62.640	5
2025-10-22 16:30	62.645	62.655	62.258	62.512	5
2025-10-22 16:35	62.510	62.610	62.467	62.580	5
2025-10-22 16:40	62.595	62.715	62.555	62.700	5
2025-10-22 16:45	62.715	62.715	62.625	62.655	5
2025-10-22 16:50	62.647	62.815	62.630	62.802	5
2025-10-22 16:55	62.797	62.870	62.712	62.712	5
2025-10-22 17:00	62.708	62.770	62.703	62.752	5
2025-10-22 17:05	62.765	62.765	62.682	62.725	5
2025-10-22 17:10	62.715	62.735	62.555	62.555	5
2025-10-22 17:15	62.545	62.655	62.512	62.632	5
2025-10-22 17:20	62.630	62.645	62.552	62.640	5
2025-10-22 17:25	62.635	62.655	62.522	62.552	5
2025-10-22 17:30	62.565	62.595	62.535	62.565	5
2025-10-22 17:35	62.555	62.590	62.525	62.547	5
2025-10-22 17:40	62.550	62.550	62.492	62.492	5
2025-10-22 17:45	62.505	62.575	62.492	62.540	5
2025-10-22 17:50	62.542	62.550	62.432	62.445	5
2025-10-22 17:55	62.450	62.500	62.430	62.472	5
2025-10-22 18:00	62.470	62.525	62.442	62.462	5
2025-10-22 18:05	62.475	62.535	62.435	62.475	5
2025-10-22 18:10	62.485	62.605	62.485	62.552	5
2025-10-22 18:15	62.557	62.585	62.492	62.565	5
2025-10-22 18:20	62.570	62.605	62.522	62.562	5
2025-10-22 18:25	62.570	62.595	62.508	62.575	5
2025-10-22 18:30	62.580	62.615	62.520	62.562	5
2025-10-22 18:35	62.570	62.675	62.562	62.675	5
2025-10-22 18:40	62.680	62.685	62.615	62.645	5
2025-10-22 18:45	62.650	62.655	62.595	62.615	5
2025-10-22 18:50	62.605	62.635	62.582	62.632	5
2025-10-22 18:55	62.630	62.650	62.602	62.640	5
2025-10-22 19:00	62.645	62.925	62.632	62.700	5
2025-10-22 19:05	62.695	62.905	62.672	62.890	5
2025-10-22 19:10	62.885	62.990	62.880	62.950	5
2025-10-22 19:15	62.945	62.995	62.920	62.990	5
2025-10-22 19:20	62.985	63.348	62.970	63.287	5
2025-10-22 19:25	63.275	63.655	63.232	63.592	5
2025-10-22 19:30	63.600	63.725	63.362	63.432	5
2025-10-22 19:35	63.450	63.565	63.372	63.555	5
2025-10-22 19:40	63.560	63.765	63.552	63.732	5
2025-10-22 19:45	63.730	63.895	63.705	63.735	5
2025-10-22 19:50	63.740	63.740	63.485	63.497	5
2025-10-22 19:55	63.505	63.505	63.420	63.475	5
2025-10-22 20:00	63.480	63.480	63.193	63.193	5
2025-10-22 20:05	63.188	63.433	63.178	63.333	5
2025-10-22 20:10	63.323	63.348	63.228	63.303	5
2025-10-22 20:15	63.303	63.408	63.248	63.378	5
2025-10-22 20:20	63.388	63.438	62.978	63.098	5
2025-10-22 20:25	63.108	63.438	62.993	63.373	5
2025-10-22 20:30	63.363	63.368	63.248	63.328	5
2025-10-22 20:35	63.333	63.338	63.273	63.323	5
2025-10-22 20:40	63.313	63.758	63.313	63.573	5
2025-10-22 20:45	63.558	63.663	63.243	63.353	5
2025-10-22 20:50	63.348	63.348	63.178	63.278	5
2025-10-22 20:55	63.288	63.488	63.248	63.488	5
2025-10-23 00:00	64.270	64.395	64.232	64.352	5
2025-10-23 00:05	64.345	64.365	64.320	64.342	4
2025-10-23 00:10	64.335	64.395	64.325	64.362	5
2025-10-23 00:15	64.367	64.425	64.358	64.370	5
2025-10-23 00:20	64.365	64.370	64.335	64.335	4
2025-10-23 00:25	64.325	64.345	64.325	64.335	3
2025-10-23 00:30	64.330	64.360	64.312	64.335	4
2025-10-23 00:35	64.345	64.345	64.322	64.335	3
2025-10-23 00:40	64.330	64.335	64.278	64.320	5
2025-10-23 00:45	64.312	64.312	64.152	64.212	5
2025-10-23 00:50	64.222	64.225	64.162	64.182	5
2025-10-23 00:55	64.175	64.185	64.052	64.105	4
2025-10-23 01:00	64.100	64.140	63.892	63.935	5
2025-10-23 01:05	63.930	63.990	63.912	63.942	5
2025-10-23 01:10	63.950	64.015	63.932	63.937	5
2025-10-23 01:15	63.945	63.965	63.922	63.930	5
2025-10-23 01:20	63.925	63.985	63.922	63.942	5
2025-10-23 01:25	63.937	64.000	63.932	63.995	5
2025-10-23 01:30	64.000	64.075	64.000	64.032	5
2025-10-23 01:35	64.050	64.095	63.960	64.005	5
2025-10-23 01:40	64.010	64.020	63.972	63.985	5
2025-10-23 01:45	63.980	64.005	63.922	63.942	5
2025-10-23 01:50	63.950	63.955	63.875	63.875	5
2025-10-23 01:55	63.880	63.955	63.842	63.942	5
2025-10-23 02:00	63.920	63.965	63.892	63.965	5
2025-10-23 02:05	63.945	64.042	63.932	64.035	5
2025-10-23 02:10	64.025	64.080	63.992	64.052	5
2025-10-23 02:15	64.050	64.057	63.992	64.015	5
2025-10-23 02:20	64.005	64.020	63.982	64.005	5
2025-10-23 02:25	64.007	64.045	63.992	64.037	5
2025-10-23 02:30	64.045	64.065	64.020	64.035	5
2025-10-23 02:35	64.030	64.065	63.945	63.952	4
2025-10-23 02:40	63.920	64.020	63.885	64.005	5
2025-10-23 02:45	64.002	64.135	63.972	64.085	5
2025-10-23 02:50	64.090	64.100	64.057	64.092	5
2025-10-23 02:55	64.087	64.230	64.087	64.167	5
2025-10-23 03:00	64.175	64.175	64.075	64.110	5
2025-10-23 03:05	64.115	64.220	64.100	64.215	5
2025-10-23 03:10	64.210	64.217	64.142	64.217	5
2025-10-23 03:15	64.212	64.415	64.200	64.320	5
2025-10-23 03:20	64.315	64.395	64.255	64.292	5
2025-10-23 03:25	64.290	64.305	64.237	64.250	5
2025-10-23 03:30	64.245	64.245	64.162	64.187	5
2025-10-23 03:35	64.195	64.310	64.182	64.302	5
2025-10-23 03:40	64.310	64.320	64.225	64.242	5
2025-10-23 03:45	64.255	64.285	64.212	64.237	5
2025-10-23 03:50	64.235	64.320	64.230	64.305	5
2025-10-23 03:55	64.300	64.355	64.285	64.347	5
2025-10-23 04:00	64.345	64.400	64.342	64.342	5
2025-10-23 04:05	64.340	64.415	64.327	64.407	5
2025-10-23 04:10	64.412	64.525	64.412	64.507	5
2025-10-23 04:15	64.505	64.525	64.442	64.505	5
2025-10-23 04:20	64.510	64.517	64.480	64.485	5
2025-10-23 04:25	64.490	64.520	64.482	64.502	5
2025-10-23 04:30	64.500	64.515	64.470	64.487	5
2025-10-23 04:35	64.485	64.562	64.462	64.537	5
2025-10-23 04:40	64.550	64.695	64.508	64.692	5
2025-10-23 04:45	64.687	64.710	64.552	64.602	5
2025-10-23 04:50	64.597	64.635	64.522	64.592	5
2025-10-23 04:55	64.605	64.615	64.562	64.585	5
2025-10-23 05:00	64.590	64.640	64.572	64.615	5
2025-10-23 05:05	64.610	64.695	64.610	64.692	5
2025-10-23 05:10	64.685	64.775	64.682	64.762	5
2025-10-23 05:15	64.760	64.787	64.705	64.712	5
2025-10-23 05:20	64.725	64.985	64.722	64.942	5
2025-10-23 05:25	64.935	64.985	64.882	64.932	5
2025-10-23 05:30	64.905	65.015	64.858	64.912	5
2025-10-23 05:35	64.905	64.952	64.725	64.730	5
2025-10-23 05:40	64.735	64.882	64.702	64.852	5
2025-10-23 05:45	64.860	64.955	64.852	64.920	5
2025-10-23 05:50	64.900	64.997	64.878	64.985	5
2025-10-23 05:55	64.990	65.010	64.922	64.997	5
2025-10-23 06:00	65.005	65.005	64.862	64.882	5
2025-10-23 06:05	64.895	64.910	64.732	64.742	5
2025-10-23 06:10	64.735	64.775	64.665	64.752	5
2025-10-23 06:15	64.750	64.835	64.737	64.780	5
2025-10-23 06:20	64.785	64.882	64.722	64.812	5
2025-10-23 06:25	64.825	64.845	64.762	64.810	5
2025-10-23 06:30	64.815	64.925	64.792	64.840	5
2025-10-23 06:35	64.845	64.845	64.690	64.702	5
2025-10-23 06:40	64.710	64.765	64.670	64.712	5
2025-10-23 06:45	64.705	64.745	64.582	64.600	5
2025-10-23 06:50	64.605	64.625	64.515	64.535	5
2025-10-23 06:55	64.545	64.615	64.490	64.562	5
2025-10-23 07:00	64.580	64.610	64.515	64.557	5
2025-10-23 07:05	64.562	64.590	64.500	64.517	5
2025-10-23 07:10	64.522	64.640	64.520	64.610	5
2025-10-23 07:15	64.605	64.680	64.595	64.620	5
2025-10-23 07:20	64.612	64.660	64.540	64.605	5
2025-10-23 07:25	64.615	64.745	64.605	64.682	5
2025-10-23 07:30	64.682	64.785	64.642	64.750	5
2025-10-23 07:35	64.755	64.810	64.722	64.787	5
2025-10-23 07:40	64.795	64.795	64.648	64.682	5
2025-10-23 07:45	64.655	64.785	64.585	64.740	5
2025-10-23 07:50	64.750	64.750	64.632	64.635	5
2025-10-23 07:55	64.650	64.690	64.552	64.575	5
2025-10-23 08:00	64.590	64.675	64.542	64.675	5
2025-10-23 08:05	64.685	64.735	64.650	64.720	5
2025-10-23 08:10	64.715	64.830	64.702	64.730	5
2025-10-23 08:15	64.725	64.902	64.692	64.895	5
2025-10-23 08:20	64.885	65.025	64.870	65.005	5
2025-10-23 08:25	65.035	65.075	64.985	65.025	5
2025-10-23 08:30	65.015	65.215	65.015	65.152	5
2025-10-23 08:35	65.142	65.300	64.992	65.260	5
2025-10-23 08:40	65.262	65.435	65.232	65.415	5
2025-10-23 08:45	65.420	65.545	65.385	65.455	5
2025-10-23 08:50	65.450	65.455	65.307	65.412	5
2025-10-23 08:55	65.425	65.565	65.415	65.560	5
2025-10-23 09:00	65.555	65.590	65.515	65.562	5
2025-10-23 09:05	65.560	65.655	65.532	65.642	5
2025-10-23 09:10	65.640	65.650	65.582	65.635	5
2025-10-23 09:15	65.645	65.775	65.632	65.722	5
2025-10-23 09:20	65.735	65.775	65.652	65.705	5
2025-10-23 09:25	65.715	65.735	65.592	65.620	5
2025-10-23 09:30	65.625	65.725	65.560	65.595	5
2025-10-23 09:35	65.585	65.770	65.572	65.765	5
2025-10-23 09:40	65.775	65.912	65.760	65.902	5
2025-10-23 09:45	65.900	65.935	65.832	65.922	5
2025-10-23 09:50	65.932	65.955	65.910	65.922	5
2025-10-23 09:55	65.915	65.975	65.847	65.935	5
2025-10-23 10:00	65.915	65.975	65.795	65.812	5
2025-10-23 10:05	65.805	65.905	65.720	65.880	5
2025-10-23 10:10	65.882	65.965	65.862	65.960	5
2025-10-23 10:15	65.955	66.005	65.892	65.945	5
2025-10-23 10:20	65.955	66.015	65.942	65.962	5
2025-10-23 10:25	65.945	65.955	65.635	65.690	5
2025-10-23 10:30	65.692	65.705	65.615	65.695	5
2025-10-23 10:35	65.715	65.840	65.715	65.770	5
2025-10-23 10:40	65.772	65.905	65.732	65.880	5
2025-10-23 10:45	65.872	65.925	65.738	65.815	5
2025-10-23 10:50	65.820	65.840	65.740	65.745	5
2025-10-23 10:55	65.755	65.760	65.650	65.685	5
2025-10-23 11:00	65.660	65.852	65.660	65.835	5
2025-10-23 11:05	65.825	65.900	65.805	65.887	5
2025-10-23 11:10	65.895	65.945	65.802	65.915	5
2025-10-23 11:15	65.907	66.070	65.852	65.992	5
2025-10-23 11:20	65.985	66.030	65.852	65.852	5
2025-10-23 11:25	65.860	65.872	65.712	65.712	5
2025-10-23 11:30	65.725	65.800	65.550	65.550	5
2025-10-23 11:35	65.555	65.645	65.405	65.425	5
2025-10-23 11:40	65.435	65.500	65.352	65.425	5
2025-10-23 11:45	65.435	65.545	65.402	65.492	5
2025-10-23 11:50	65.500	65.565	65.432	65.525	5
2025-10-23 11:55	65.545	65.645	65.492	65.615	5
2025-10-23 12:00	65.608	65.675	65.593	65.620	5
2025-10-23 12:05	65.622	65.625	65.522	65.567	5
2025-10-23 12:10	65.575	65.580	65.472	65.522	5
2025-10-23 12:15	65.535	65.675	65.522	65.655	5
2025-10-23 12:20	65.645	65.665	65.497	65.510	5
2025-10-23 12:25	65.515	65.540	65.397	65.420	5
2025-10-23 12:30	65.425	65.485	65.372	65.422	5
2025-10-23 12:35	65.435	65.515	65.387	65.482	5
2025-10-23 12:40	65.475	65.485	65.305	65.305	5
2025-10-23 12:45	65.307	65.315	65.182	65.202	5
2025-10-23 12:50	65.212	65.265	65.135	65.200	5
2025-10-23 12:55	65.192	65.770	65.132	65.752	5
2025-10-23 13:00	65.760	66.005	65.617	65.965	5
2025-10-23 13:05	65.967	66.155	65.922	65.985	5
2025-10-23 13:10	65.980	66.015	65.710	65.910	5
2025-10-23 13:15	65.895	65.985	65.825	65.847	5
2025-10-23 13:20	65.860	66.025	65.235	65.495	5
2025-10-23 13:25	65.487	65.672	65.432	65.595	5
2025-10-23 13:30	65.585	65.730	65.512	65.542	5
2025-10-23 13:35	65.532	65.555	65.402	65.415	5
2025-10-23 13:40	65.420	65.655	65.395	65.650	5
2025-10-23 13:45	65.645	65.665	65.605	65.665	5
2025-10-23 13:50	65.685	65.775	65.662	65.762	5
2025-10-23 13:55	65.775	65.775	65.662	65.745	5
2025-10-23 14:00	65.750	65.755	65.665	65.685	5
2025-10-23 14:05	65.680	65.732	65.662	65.707	5
2025-10-23 14:10	65.705	65.710	65.472	65.490	5
2025-10-23 14:15	65.495	65.555	65.405	65.410	5
2025-10-23 14:20	65.405	65.635	65.385	65.532	5
2025-10-23 14:25	65.525	65.705	65.475	65.705	5
2025-10-23 14:30	65.675	65.688	65.495	65.515	5
2025-10-23 14:35	65.505	65.605	65.472	65.542	5
2025-10-23 14:40	65.550	65.675	65.537	65.652	5
2025-10-23 14:45	65.665	65.695	65.430	65.495	5
2025-10-23 14:50	65.490	65.570	65.472	65.530	5
2025-10-23 14:55	65.532	65.600	65.530	65.555	5
2025-10-23 15:00	65.558	65.605	65.492	65.525	5
2025-10-23 15:05	65.530	65.562	65.402	65.437	5
2025-10-23 15:10	65.435	65.495	65.382	65.432	5
2025-10-23 15:15	65.445	65.610	65.445	65.582	5
2025-10-23 15:20	65.592	65.715	65.570	65.692	5
2025-10-23 15:25	65.705	65.742	65.625	65.710	5
2025-10-23 15:30	65.715	65.832	65.513	65.652	5
2025-10-23 15:35	65.657	65.825	65.587	65.825	5
2025-10-23 15:40	65.845	66.015	65.802	65.870	5
2025-10-23 15:45	65.875	66.000	65.787	65.977	5
2025-10-23 15:50	65.975	66.105	65.972	66.075	5
2025-10-23 15:55	66.065	66.175	66.035	66.155	5
2025-10-23 16:00	66.160	66.323	66.082	66.220	5
2025-10-23 16:05	66.225	66.245	65.972	65.995	5
2025-10-23 16:10	66.005	66.065	65.925	66.002	5
2025-10-23 16:15	66.015	66.085	65.912	65.912	5
2025-10-23 16:20	65.910	66.045	65.842	66.015	5
2025-10-23 16:25	66.000	66.112	65.995	66.045	5
2025-10-23 16:30	66.050	66.115	66.037	66.105	5
2025-10-23 16:35	66.097	66.155	66.052	66.112	5
2025-10-23 16:40	66.120	66.135	66.065	66.105	5
2025-10-23 16:45	66.095	66.120	66.022	66.105	5
2025-10-23 16:50	66.100	66.125	66.032	66.082	5
2025-10-23 16:55	66.090	66.165	66.062	66.165	5
2025-10-23 17:00	66.160	66.212	66.072	66.115	5
2025-10-23 17:05	66.110	66.120	65.765	65.775	5
2025-10-23 17:10	65.780	65.990	65.705	65.982	5
2025-10-23 17:15	65.990	66.045	65.932	66.015	5
2025-10-23 17:20	66.020	66.075	65.992	66.070	5
2025-10-23 17:25	66.072	66.072	65.992	66.052	5
2025-10-23 17:30	66.045	66.088	65.992	66.015	5
2025-10-23 17:35	66.020	66.055	65.992	66.030	5
2025-10-23 17:40	66.035	66.135	66.035	66.065	5
2025-10-23 17:45	66.070	66.085	65.862	65.892	5
2025-10-23 17:50	65.890	65.895	65.562	65.720	5
2025-10-23 17:55	65.715	65.795	65.620	65.790	5
2025-10-23 18:00	65.785	65.792	65.672	65.722	5
2025-10-23 18:05	65.730	65.975	65.720	65.950	5
2025-10-23 18:10	65.942	65.955	65.862	65.885	5
2025-10-23 18:15	65.880	65.955	65.880	65.925	5
2025-10-23 18:20	65.935	65.955	65.820	65.895	5
2025-10-23 18:25	65.900	65.995	65.812	65.960	5
2025-10-23 18:30	65.955	66.035	65.855	65.920	5
2025-10-23 18:35	65.915	65.990	65.905	65.975	5
2025-10-23 18:40	65.980	65.980	65.852	65.852	5
2025-10-23 18:45	65.845	65.860	65.755	65.762	5
2025-10-23 18:50	65.755	65.835	65.705	65.832	5
2025-10-23 18:55	65.840	65.915	65.840	65.855	5
2025-10-23 19:00	65.845	65.860	65.802	65.855	5
2025-10-23 19:05	65.865	65.925	65.842	65.895	5
2025-10-23 19:10	65.905	65.922	65.880	65.912	5
2025-10-23 19:15	65.920	65.965	65.912	65.952	5
2025-10-23 19:20	65.945	65.955	65.900	65.900	5
2025-10-23 19:25	65.905	65.905	65.875	65.875	5
2025-10-23 19:30	65.880	65.895	65.817	65.895	5
2025-10-23 19:35	65.885	65.905	65.842	65.860	5
2025-10-23 19:40	65.855	65.885	65.822	65.842	5
2025-10-23 19:45	65.840	65.860	65.817	65.842	5
2025-10-23 19:50	65.840	65.840	65.722	65.750	5
2025-10-23 19:55	65.745	65.808	65.722	65.790	5
2025-10-23 20:00	65.795	65.798	65.738	65.768	5
2025-10-23 20:05	65.773	65.853	65.773	65.838	5
2025-10-23 20:10	65.828	65.828	65.783	65.808	5
2025-10-23 20:15	65.818	65.838	65.808	65.823	5
2025-10-23 20:20	65.828	65.858	65.798	65.853	5
2025-10-23 20:25	65.843	65.858	65.798	65.823	5
2025-10-23 20:30	65.818	65.843	65.773	65.798	5
2025-10-23 20:35	65.793	65.803	65.773	65.803	5
2025-10-23 20:40	65.793	65.838	65.793	65.803	5
2025-10-23 20:45	65.798	65.833	65.798	65.813	5
2025-10-23 20:50	65.808	65.853	65.783	65.843	5
2025-10-23 20:55	65.833	65.898	65.833	65.883	5
2025-10-24 00:00	65.805	65.810	65.727	65.765	5
2025-10-24 00:05	65.760	65.765	65.717	65.745	5
2025-10-24 00:10	65.740	65.740	65.685	65.702	5
2025-10-24 00:15	65.710	65.755	65.635	65.647	5
2025-10-24 00:20	65.675	65.817	65.667	65.805	5
2025-10-24 00:25	65.807	65.890	65.795	65.860	5
2025-10-24 00:30	65.847	65.850	65.820	65.820	5
2025-10-24 00:35	65.810	65.865	65.807	65.807	5
2025-10-24 00:40	65.815	65.832	65.802	65.807	5
2025-10-24 00:45	65.805	65.805	65.757	65.762	5
2025-10-24 00:50	65.757	65.800	65.757	65.790	5
2025-10-24 00:55	65.785	65.815	65.780	65.787	4
2025-10-24 01:00	65.780	65.780	65.685	65.705	5
2025-10-24 01:05	65.715	65.765	65.707	65.715	5
2025-10-24 01:10	65.720	65.765	65.707	65.760	5
2025-10-24 01:15	65.765	65.767	65.710	65.712	5
2025-10-24 01:20	65.708	65.740	65.640	65.642	5
2025-10-24 01:25	65.650	65.690	65.615	65.625	4
2025-10-24 01:30	65.630	65.642	65.605	65.642	5
2025-10-24 01:35	65.640	65.645	65.602	65.620	5
2025-10-24 01:40	65.607	65.630	65.547	65.560	5
2025-10-24 01:45	65.562	65.580	65.492	65.507	5
2025-10-24 01:50	65.515	65.530	65.485	65.497	5
2025-10-24 01:55	65.505	65.515	65.432	65.437	5
2025-10-24 02:00	65.442	65.540	65.400	65.540	5
2025-10-24 02:05	65.545	65.562	65.512	65.517	5
2025-10-24 02:10	65.512	65.582	65.512	65.580	5
2025-10-24 02:15	65.575	65.615	65.575	65.607	5
2025-10-24 02:20	65.605	65.620	65.557	65.557	5
2025-10-24 02:25	65.555	65.560	65.475	65.475	4
2025-10-24 02:30	65.470	65.545	65.460	65.545	5
2025-10-24 02:35	65.555	65.555	65.525	65.537	5
2025-10-24 02:40	65.545	65.545	65.457	65.480	5
2025-10-24 02:45	65.485	65.525	65.477	65.512	5
2025-10-24 02:50	65.510	65.555	65.507	65.540	5
2025-10-24 02:55	65.535	65.585	65.532	65.582	5
2025-10-24 03:00	65.580	65.590	65.525	65.540	5
2025-10-24 03:05	65.530	65.585	65.500	65.582	5
2025-10-24 03:10	65.590	65.630	65.530	65.532	5
2025-10-24 03:15	65.545	65.560	65.532	65.540	5
2025-10-24 03:20	65.535	65.660	65.535	65.650	5
2025-10-24 03:25	65.637	65.735	65.637	65.710	5
2025-10-24 03:30	65.700	65.700	65.572	65.600	5
2025-10-24 03:35	65.593	65.600	65.547	65.557	5
2025-10-24 03:40	65.565	65.570	65.517	65.557	5
2025-10-24 03:45	65.555	65.602	65.542	65.600	5
2025-10-24 03:50	65.605	65.652	65.595	65.652	5
2025-10-24 03:55	65.650	65.652	65.590	65.600	5
2025-10-24 04:00	65.592	65.620	65.577	65.592	5
2025-10-24 04:05	65.587	65.652	65.587	65.635	5
2025-10-24 04:10	65.630	65.670	65.625	65.650	5
2025-10-24 04:15	65.655	65.680	65.652	65.667	5
2025-10-24 04:20	65.662	65.675	65.652	65.665	3
2025-10-24 04:25	65.670	65.715	65.665	65.705	5
2025-10-24 04:30	65.700	65.715	65.677	65.710	5
2025-10-24 04:35	65.705	65.775	65.705	65.772	5
2025-10-24 04:40	65.768	65.770	65.727	65.750	5
2025-10-24 04:45	65.740	65.740	65.723	65.730	5
2025-10-24 04:50	65.725	65.725	65.667	65.720	4
2025-10-24 04:55	65.715	65.725	65.710	65.710	3
2025-10-24 05:00	65.715	65.755	65.707	65.752	5
2025-10-24 05:05	65.750	65.775	65.740	65.762	5
2025-10-24 05:10	65.760	65.770	65.740	65.740	4
2025-10-24 05:15	65.735	65.775	65.735	65.767	5
2025-10-24 05:20	65.763	65.770	65.660	65.660	4
2025-10-24 05:25	65.662	65.732	65.657	65.732	5
2025-10-24 05:30	65.755	65.760	65.705	65.740	5
2025-10-24 05:35	65.735	65.775	65.727	65.755	5
2025-10-24 05:40	65.750	65.755	65.707	65.727	5
2025-10-24 05:45	65.740	65.765	65.732	65.748	5
2025-10-24 05:50	65.760	65.765	65.690	65.690	5
2025-10-24 05:55	65.685	65.705	65.645	65.665	5
2025-10-24 06:00	65.670	65.775	65.657	65.732	4
2025-10-24 06:05	65.745	65.775	65.742	65.762	5
2025-10-24 06:10	65.775	65.775	65.740	65.765	5
2025-10-24 06:15	65.775	65.845	65.762	65.810	5
2025-10-24 06:20	65.815	65.815	65.675	65.722	5
2025-10-24 06:25	65.740	65.750	65.640	65.717	5
2025-10-24 06:30	65.715	65.745	65.665	65.675	5
2025-10-24 06:35	65.680	65.767	65.675	65.715	5
2025-10-24 06:40	65.720	65.720	65.592	65.625	5
2025-10-24 06:45	65.630	65.650	65.577	65.585	5
2025-10-24 06:50	65.580	65.600	65.512	65.562	5
2025-10-24 06:55	65.560	65.595	65.552	65.562	4
2025-10-24 07:00	65.568	65.615	65.492	65.500	5
2025-10-24 07:05	65.505	65.605	65.485	65.580	5
2025-10-24 07:10	65.572	65.615	65.572	65.582	5
2025-10-24 07:15	65.580	65.650	65.532	65.592	5
2025-10-24 07:20	65.590	65.715	65.582	65.702	5
2025-10-24 07:25	65.700	65.755	65.667	65.722	5
2025-10-24 07:30	65.738	65.880	65.732	65.867	5
2025-10-24 07:35	65.872	65.895	65.857	65.885	5
2025-10-24 07:40	65.890	66.000	65.872	66.000	5
2025-10-24 07:45	65.992	66.135	65.965	65.972	5
2025-10-24 07:50	65.977	66.015	65.917	66.010	5
2025-10-24 07:55	66.000	66.125	65.987	66.115	5
2025-10-24 08:00	66.108	66.175	66.052	66.092	5
2025-10-24 08:05	66.085	66.170	65.998	66.142	5
2025-10-24 08:10	66.130	66.150	66.092	66.110	5
2025-10-24 08:15	66.105	66.160	66.092	66.120	5
2025-10-24 08:20	66.112	66.195	66.105	66.180	5
2025-10-24 08:25	66.175	66.215	66.030	66.035	5
2025-10-24 08:30	66.012	66.273	66.012	66.205	5
2025-10-24 08:35	66.180	66.220	66.102	66.155	5
2025-10-24 08:40	66.140	66.150	66.045	66.057	5
2025-10-24 08:45	66.065	66.065	65.895	65.915	5
2025-10-24 08:50	65.900	65.992	65.872	65.935	5
2025-10-24 08:55	65.940	65.950	65.802	65.832	5
2025-10-24 09:00	65.812	65.915	65.785	65.880	5
2025-10-24 09:05	65.875	65.885	65.782	65.842	5
2025-10-24 09:10	65.835	65.845	65.785	65.807	5
2025-10-24 09:15	65.812	65.905	65.792	65.862	5
2025-10-24 09:20	65.875	65.975	65.865	65.947	5
2025-10-24 09:25	65.945	65.985	65.857	65.895	5
2025-10-24 09:30	65.885	65.920	65.822	65.885	5
2025-10-24 09:35	65.875	65.905	65.805	65.892	5
2025-10-24 09:40	65.890	65.915	65.862	65.890	5
2025-10-24 09:45	65.882	65.900	65.795	65.812	5
2025-10-24 09:50	65.810	65.910	65.810	65.820	5
2025-10-24 09:55	65.815	65.875	65.782	65.845	5
2025-10-24 10:00	65.835	65.925	65.822	65.922	5
2025-10-24 10:05	65.920	65.992	65.915	65.980	5
2025-10-24 10:10	65.985	66.032	65.932	65.932	5
2025-10-24 10:15	65.925	65.995	65.902	65.952	5
2025-10-24 10:20	65.950	66.018	65.872	65.892	5
2025-10-24 10:25	65.880	65.960	65.875	65.952	5
2025-10-24 10:30	65.947	66.030	65.947	65.982	5
2025-10-24 10:35	65.975	66.112	65.953	66.100	5
2025-10-24 10:40	66.105	66.105	66.000	66.000	5
2025-10-24 10:45	66.005	66.080	65.980	66.080	5
2025-10-24 10:50	66.082	66.125	66.025	66.060	5
2025-10-24 10:55	66.070	66.115	66.020	66.105	5
2025-10-24 11:00	66.095	66.215	66.080	66.140	5
2025-10-24 11:05	66.155	66.235	66.133	66.207	5
2025-10-24 11:10	66.215	66.275	66.202	66.275	5
2025-10-24 11:15	66.270	66.370	66.270	66.320	5
2025-10-24 11:20	66.325	66.420	66.305	66.402	5
2025-10-24 11:25	66.415	66.445	66.362	66.402	5
2025-10-24 11:30	66.415	66.465	66.392	66.415	5
2025-10-24 11:35	66.410	66.450	66.335	66.405	5
2025-10-24 11:40	66.395	66.452	66.392	66.432	5
2025-10-24 11:45	66.430	66.565	66.402	66.535	5
2025-10-24 11:50	66.530	66.595	66.485	66.562	5
2025-10-24 11:55	66.555	66.630	66.512	66.615	5
2025-10-24 12:00	66.620	66.755	66.592	66.600	5
2025-10-24 12:05	66.610	66.647	66.305	66.315	5
2025-10-24 12:10	66.305	66.435	66.265	66.332	5
2025-10-24 12:15	66.345	66.405	66.322	66.375	5
2025-10-24 12:20	66.377	66.377	66.282	66.360	5
2025-10-24 12:25	66.355	66.360	66.265	66.322	5
2025-10-24 12:30	66.330	66.420	66.300	66.302	5
2025-10-24 12:35	66.300	66.345	66.097	66.115	5
2025-10-24 12:40	66.120	66.260	66.105	66.117	5
2025-10-24 12:45	66.107	66.150	66.040	66.090	5
2025-10-24 12:50	66.087	66.130	66.012	66.057	5
2025-10-24 12:55	66.065	66.155	66.042	66.062	5
2025-10-24 13:00	66.055	66.155	66.035	66.085	5
2025-10-24 13:05	66.095	66.235	66.087	66.190	5
2025-10-24 13:10	66.185	66.250	66.128	66.200	5
2025-10-24 13:15	66.195	66.255	66.160	66.250	5
2025-10-24 13:20	66.252	66.365	66.142	66.162	5
2025-10-24 13:25	66.160	66.195	66.057	66.140	5
2025-10-24 13:30	66.135	66.235	66.125	66.187	5
2025-10-24 13:35	66.190	66.235	66.165	66.195	5
2025-10-24 13:40	66.185	66.282	66.170	66.277	5
2025-10-24 13:45	66.303	66.390	66.297	66.320	5
2025-10-24 13:50	66.305	66.365	66.222	66.330	5
2025-10-24 13:55	66.322	66.340	66.282	66.312	5
2025-10-24 14:00	66.320	66.375	66.272	66.370	5
2025-10-24 14:05	66.375	66.502	66.355	66.465	5
2025-10-24 14:10	66.440	66.625	66.412	66.542	5
2025-10-24 14:15	66.535	66.540	66.297	66.302	5
2025-10-24 14:20	66.295	66.425	66.195	66.402	5
2025-10-24 14:25	66.410	66.465	66.395	66.425	5
2025-10-24 14:30	66.430	66.475	66.352	66.467	5
2025-10-24 14:35	66.465	66.507	66.412	66.420	5
2025-10-24 14:40	66.415	66.500	66.365	66.495	5
2025-10-24 14:45	66.515	66.530	66.372	66.415	5
2025-10-24 14:50	66.420	66.605	66.412	66.595	5
2025-10-24 14:55	66.605	66.650	66.472	66.485	5
2025-10-24 15:00	66.490	66.500	66.412	66.425	5
2025-10-24 15:05	66.430	66.605	66.415	66.595	5
2025-10-24 15:10	66.600	66.635	66.555	66.585	5
2025-10-24 15:15	66.590	66.615	66.552	66.552	5
2025-10-24 15:20	66.560	66.625	66.545	66.602	5
2025-10-24 15:25	66.595	66.630	66.512	66.565	5
2025-10-24 15:30	66.570	66.685	66.567	66.645	5
2025-10-24 15:35	66.635	66.675	66.612	66.635	5
2025-10-24 15:40	66.625	66.665	66.585	66.625	5
2025-10-24 15:45	66.620	66.640	66.502	66.625	5
2025-10-24 15:50	66.630	66.635	66.522	66.570	5
2025-10-24 15:55	66.575	66.665	66.572	66.645	5
2025-10-24 16:00	66.640	66.645	66.552	66.622	5
2025-10-24 16:05	66.635	66.635	66.530	66.542	5
2025-10-24 16:10	66.535	66.655	66.532	66.622	5
2025-10-24 16:15	66.620	66.620	66.525	66.547	5
2025-10-24 16:20	66.555	66.565	66.402	66.435	5
2025-10-24 16:25	66.420	66.465	66.412	66.420	5
2025-10-24 16:30	66.415	66.475	66.392	66.405	5
2025-10-24 16:35	66.400	66.445	66.390	66.400	5
2025-10-24 16:40	66.402	66.555	66.402	66.520	5
2025-10-24 16:45	66.515	66.535	66.427	66.427	5
2025-10-24 16:50	66.435	66.435	66.372	66.405	5
2025-10-24 16:55	66.400	66.415	66.302	66.310	5
2025-10-24 17:00	66.305	66.325	66.232	66.265	5
2025-10-24 17:05	66.270	66.295	66.147	66.182	5
2025-10-24 17:10	66.195	66.200	66.042	66.055	5
2025-10-24 17:15	66.060	66.145	66.032	66.125	5
2025-10-24 17:20	66.115	66.135	66.065	66.112	5
2025-10-24 17:25	66.110	66.115	66.037	66.115	5
2025-10-24 17:30	66.110	66.155	66.045	66.100	5
2025-10-24 17:35	66.105	66.110	65.990	66.002	5
2025-10-24 17:40	66.000	66.005	65.894	65.912	5
2025-10-24 17:45	65.925	65.925	65.894	65.915	5
2025-10-24 17:50	65.925	66.045	65.910	66.022	5
2025-10-24 17:55	66.015	66.065	65.945	65.952	5
2025-10-24 18:00	65.960	66.025	65.920	66.012	5
2025-10-24 18:05	66.020	66.075	65.960	65.977	5
2025-10-24 18:10	65.985	66.000	65.894	65.950	5
2025-10-24 18:15	65.945	66.015	65.927	65.972	5
2025-10-24 18:20	65.970	66.052	65.940	66.040	5
2025-10-24 18:25	66.035	66.085	65.842	65.894	5
2025-10-24 18:30	65.894	66.045	65.894	66.037	5
2025-10-24 18:35	66.030	66.112	66.022	66.092	5
2025-10-24 18:40	66.105	66.125	66.012	66.035	5
2025-10-24 18:45	66.037	66.045	65.942	65.960	5
2025-10-24 18:50	65.955	66.002	65.935	65.965	5
2025-10-24 18:55	65.970	66.017	65.970	65.990	5
2025-10-24 19:00	65.985	66.012	65.947	65.985	5
2025-10-24 19:05	66.000	66.005	65.970	65.995	5
2025-10-24 19:10	65.987	66.020	65.952	65.952	5
2025-10-24 19:15	65.965	65.985	65.910	65.930	5
2025-10-24 19:20	65.922	65.955	65.912	65.920	5
2025-10-24 19:25	65.915	65.920	65.894	65.894	5
2025-10-24 19:30	65.894	65.894	65.842	65.855	5
2025-10-24 19:35	65.850	65.870	65.837	65.845	5
2025-10-24 19:40	65.855	65.905	65.855	65.877	5
2025-10-24 19:45	65.882	65.920	65.882	65.890	5
2025-10-24 19:50	65.885	65.925	65.885	65.917	5
2025-10-24 19:55	65.915	65.922	65.882	65.895	5
2025-10-24 20:00	65.890	65.890	65.878	65.878	3
2025-10-24 20:05	65.868	65.868	65.818	65.838	5
2025-10-24 20:10	65.843	65.858	65.833	65.853	5
2025-10-24 20:15	65.848	65.858	65.808	65.813	5
2025-10-24 20:20	65.817	65.843	65.808	65.808	5
2025-10-24 20:25	65.803	65.818	65.778	65.778	5
2025-10-24 20:30	65.773	65.788	65.773	65.783	3
2025-10-24 20:35	65.773	65.793	65.758	65.783	5
2025-10-24 20:40	65.788	65.788	65.778	65.783	4
2025-10-24 20:45	65.778	65.818	65.778	65.818	5
2025-10-24 20:50	65.823	65.848	65.818	65.848	5
2025-10-24 20:55	65.843	65.848	65.802	65.802	5
2025-10-27 00:00	66.373	66.378	66.303	66.303	5
2025-10-27 00:05	66.307	66.433	66.307	66.393	5
2025-10-27 00:10	66.383	66.463	66.373	66.443	5
2025-10-27 00:15	66.448	66.468	66.403	66.403	5
2025-10-27 00:20	66.408	66.443	66.403	66.403	5
2025-10-27 00:25	66.413	66.413	66.383	66.393	5
2025-10-27 00:30	66.397	66.448	66.393	66.433	5
2025-10-27 00:35	66.443	66.448	66.383	66.393	5
2025-10-27 00:40	66.383	66.383	66.313	66.328	5
2025-10-27 00:45	66.323	66.323	66.273	66.303	5
2025-10-27 00:50	66.293	66.348	66.283	66.328	5
2025-10-27 00:55	66.313	66.328	66.203	66.203	5
2025-10-27 01:00	66.208	66.235	66.057	66.092	5
2025-10-27 01:05	66.090	66.165	66.087	66.110	5
2025-10-27 01:10	66.115	66.150	66.077	66.097	5
2025-10-27 01:15	66.090	66.155	66.022	66.137	5
2025-10-27 01:20	66.127	66.147	66.042	66.075	5
2025-10-27 01:25	66.080	66.100	66.017	66.060	5
2025-10-27 01:30	66.062	66.090	66.005	66.027	5
2025-10-27 01:35	66.040	66.120	66.022	66.060	5
2025-10-27 01:40	66.055	66.090	66.030	66.050	5
2025-10-27 01:45	66.055	66.075	66.037	66.055	5
2025-10-27 01:50	66.057	66.065	66.002	66.007	5
2025-10-27 01:55	66.015	66.055	65.962	65.987	5
2025-10-27 02:00	65.980	66.075	65.980	66.057	5
2025-10-27 02:05	66.070	66.070	66.032	66.047	5
2025-10-27 02:10	66.045	66.075	66.045	66.062	5
2025-10-27 02:15	66.060	66.075	66.052	66.067	5
2025-10-27 02:20	66.075	66.075	66.057	66.063	5
2025-10-27 02:25	66.075	66.105	66.070	66.077	4
2025-10-27 02:30	66.082	66.195	66.082	66.185	5
2025-10-27 02:35	66.177	66.190	66.137	66.157	5
2025-10-27 02:40	66.152	66.195	66.152	66.180	5
2025-10-27 02:45	66.182	66.195	66.167	66.167	5
2025-10-27 02:50	66.175	66.190	66.162	66.190	5
2025-10-27 02:55	66.180	66.195	66.167	66.190	5
2025-10-27 03:00	66.185	66.185	66.125	66.140	5
2025-10-27 03:05	66.150	66.160	66.122	66.122	5
2025-10-27 03:10	66.127	66.180	66.122	66.157	5
2025-10-27 03:15	66.155	66.177	66.097	66.097	5
2025-10-27 03:20	66.087	66.130	66.042	66.047	5
2025-10-27 03:25	66.045	66.060	66.020	66.055	5
2025-10-27 03:30	66.057	66.090	66.057	66.087	5
2025-10-27 03:35	66.082	66.095	66.065	66.092	5
2025-10-27 03:40	66.097	66.110	66.057	66.063	4
2025-10-27 03:45	66.060	66.060	66.028	66.032	5
2025-10-27 03:50	66.040	66.040	65.967	65.967	5
2025-10-27 03:55	65.960	65.960	65.932	65.947	4
2025-10-27 04:00	65.942	65.960	65.920	65.925	5
2025-10-27 04:05	65.918	65.975	65.918	65.975	5
2025-10-27 04:10	65.950	65.965	65.942	65.957	5
2025-10-27 04:15	65.950	66.005	65.947	66.000	4
2025-10-27 04:20	65.995	66.027	65.983	66.007	5
2025-10-27 04:25	66.015	66.040	66.005	66.005	5
2025-10-27 04:30	66.010	66.060	66.010	66.047	4
2025-10-27 04:35	66.045	66.075	66.025	66.052	5
2025-10-27 04:40	66.050	66.080	66.032	66.067	5
2025-10-27 04:45	66.060	66.112	66.047	66.110	5
2025-10-27 04:50	66.120	66.195	66.117	66.190	5
2025-10-27 04:55	66.182	66.215	66.147	66.190	5
2025-10-27 05:00	66.192	66.218	66.157	66.202	5
2025-10-27 05:05	66.210	66.210	66.150	66.155	5
2025-10-27 05:10	66.160	66.172	66.153	66.157	5
2025-10-27 05:15	66.175	66.185	66.160	66.170	5
2025-10-27 05:20	66.163	66.195	66.157	66.177	4
2025-10-27 05:25	66.185	66.275	66.182	66.250	5
2025-10-27 05:30	66.265	66.270	66.185	66.187	5
2025-10-27 05:35	66.177	66.240	66.147	66.232	5
2025-10-27 05:40	66.240	66.275	66.235	66.257	5
2025-10-27 05:45	66.272	66.325	66.245	66.295	5
2025-10-27 05:50	66.297	66.325	66.278	66.290	5
2025-10-27 05:55	66.295	66.320	66.282	66.307	5
2025-10-27 06:00	66.315	66.395	66.312	66.390	5
2025-10-27 06:05	66.380	66.380	66.287	66.300	4
2025-10-27 06:10	66.292	66.360	66.290	66.302	5
2025-10-27 06:15	66.300	66.340	66.300	66.330	5
2025-10-27 06:20	66.335	66.400	66.327	66.367	5
2025-10-27 06:25	66.360	66.395	66.335	66.380	5
2025-10-27 06:30	66.372	66.400	66.300	66.317	5
2025-10-27 06:35	66.307	66.320	66.202	66.217	5
2025-10-27 06:40	66.215	66.230	66.182	66.218	5
2025-10-27 06:45	66.225	66.230	66.192	66.195	5
2025-10-27 06:50	66.200	66.215	66.157	66.197	5
2025-10-27 06:55	66.205	66.210	66.172	66.172	5
2025-10-27 07:00	66.185	66.250	66.167	66.167	5
2025-10-27 07:05	66.165	66.190	66.080	66.117	5
2025-10-27 07:10	66.125	66.132	65.967	65.977	5
2025-10-27 07:15	65.960	65.985	65.927	65.965	5
2025-10-27 07:20	65.975	65.985	65.852	65.890	5
2025-10-27 07:25	65.895	65.895	65.765	65.817	5
2025-10-27 07:30	65.830	65.922	65.815	65.897	5
2025-10-27 07:35	65.892	65.945	65.880	65.922	5
2025-10-27 07:40	65.930	65.985	65.912	65.975	5
2025-10-27 07:45	65.970	65.995	65.955	65.962	5
2025-10-27 07:50	65.960	65.975	65.942	65.955	5
2025-10-27 07:55	65.960	66.047	65.917	66.035	5
2025-10-27 08:00	66.045	66.045	65.987	66.022	5
2025-10-27 08:05	66.030	66.055	65.897	65.920	5
2025-10-27 08:10	65.915	65.993	65.880	65.972	5
2025-10-27 08:15	65.985	66.000	65.862	65.882	5
2025-10-27 08:20	65.880	65.895	65.700	65.792	5
2025-10-27 08:25	65.805	65.842	65.450	65.490	5
2025-10-27 08:30	65.465	65.635	65.432	65.485	5
2025-10-27 08:35	65.495	65.665	65.457	65.552	5
2025-10-27 08:40	65.560	65.620	65.545	65.590	5
2025-10-27 08:45	65.595	65.610	65.422	65.435	5
2025-10-27 08:50	65.440	65.470	65.275	65.290	5
2025-10-27 08:55	65.295	65.300	65.067	65.067	5
2025-10-27 09:00	65.063	65.255	65.042	65.250	5
2025-10-27 09:05	65.252	65.345	65.182	65.185	5
2025-10-27 09:10	65.165	65.292	65.088	65.282	5
2025-10-27 09:15	65.300	65.425	65.292	65.367	5
2025-10-27 09:20	65.365	65.370	65.252	65.280	5
2025-10-27 09:25	65.272	65.325	65.232	65.232	5
2025-10-27 09:30	65.230	65.380	65.230	65.310	5
2025-10-27 09:35	65.290	65.415	65.275	65.380	5
2025-10-27 09:40	65.382	65.425	65.372	65.375	5
2025-10-27 09:45	65.380	65.445	65.242	65.265	5
2025-10-27 09:50	65.257	65.305	65.192	65.210	5
2025-10-27 09:55	65.212	65.280	65.205	65.230	5
2025-10-27 10:00	65.235	65.335	65.180	65.212	5
2025-10-27 10:05	65.205	65.465	65.197	65.442	5
2025-10-27 10:10	65.460	65.620	65.445	65.450	5
2025-10-27 10:15	65.455	65.535	65.385	65.457	5
2025-10-27 10:20	65.462	65.515	65.425	65.475	5
2025-10-27 10:25	65.465	65.505	65.397	65.397	5
2025-10-27 10:30	65.425	65.440	65.332	65.332	5
2025-10-27 10:35	65.325	65.325	65.222	65.295	5
2025-10-27 10:40	65.280	65.305	65.255	65.280	5
2025-10-27 10:45	65.285	65.325	65.267	65.300	5
2025-10-27 10:50	65.295	65.305	65.217	65.222	5
2025-10-27 10:55	65.230	65.315	65.227	65.312	5
2025-10-27 11:00	65.310	65.445	65.297	65.435	5
2025-10-27 11:05	65.430	65.555	65.410	65.525	5
2025-10-27 11:10	65.530	65.590	65.505	65.567	5
2025-10-27 11:15	65.575	65.620	65.522	65.585	5
2025-10-27 11:20	65.577	65.675	65.577	65.635	5
2025-10-27 11:25	65.645	65.685	65.605	65.667	5
2025-10-27 11:30	65.660	65.735	65.655	65.735	5
2025-10-27 11:35	65.745	65.745	65.670	65.705	5
2025-10-27 11:40	65.710	65.800	65.697	65.782	5
2025-10-27 11:45	65.790	65.845	65.740	65.812	5
2025-10-27 11:50	65.797	65.885	65.785	65.855	5
2025-10-27 11:55	65.845	65.915	65.837	65.862	5
2025-10-27 12:00	65.852	65.852	65.737	65.737	5
2025-10-27 12:05	65.742	65.750	65.640	65.675	5
2025-10-27 12:10	65.680	65.720	65.672	65.720	5
2025-10-27 12:15	65.725	65.840	65.725	65.797	5
2025-10-27 12:20	65.797	65.820	65.682	65.725	5
2025-10-27 12:25	65.730	65.890	65.722	65.867	5
2025-10-27 12:30	65.885	65.915	65.867	65.895	5
2025-10-27 12:35	65.905	65.912	65.882	65.905	5
2025-10-27 12:40	65.910	65.935	65.882	65.892	5
2025-10-27 12:45	65.905	65.935	65.865	65.920	5
2025-10-27 12:50	65.925	65.952	65.867	65.877	5
2025-10-27 12:55	65.890	65.965	65.872	65.947	5
2025-10-27 13:00	65.955	66.185	65.952	66.170	5
2025-10-27 13:05	66.172	66.215	66.122	66.135	5
2025-10-27 13:10	66.125	66.125	65.982	66.025	5
2025-10-27 13:15	66.030	66.125	66.030	66.095	5
2025-10-27 13:20	66.100	66.135	65.840	65.850	5
2025-10-27 13:25	65.845	65.910	65.730	65.910	5
2025-10-27 13:30	65.905	65.960	65.802	65.920	5
2025-10-27 13:35	65.915	66.015	65.887	65.920	5
2025-10-27 13:40	65.915	66.015	65.885	65.982	5
2025-10-27 13:45	65.980	66.045	65.892	66.017	5
2025-10-27 13:50	66.020	66.165	66.012	66.115	5
2025-10-27 13:55	66.125	66.165	66.112	66.122	5
2025-10-27 14:00	66.120	66.135	65.935	65.957	5
2025-10-27 14:05	65.940	65.990	65.888	65.925	5
2025-10-27 14:10	65.920	65.945	65.860	65.907	5
2025-10-27 14:15	65.915	65.975	65.827	65.835	5
2025-10-27 14:20	65.850	65.955	65.820	65.912	5
2025-10-27 14:25	65.910	65.915	65.777	65.875	5
2025-10-27 14:30	65.885	66.120	65.875	66.085	5
2025-10-27 14:35	66.075	66.155	65.985	65.997	5
2025-10-27 14:40	65.995	66.195	65.995	66.175	5
2025-10-27 14:45	66.170	66.170	66.045	66.122	5
2025-10-27 14:50	66.127	66.175	66.110	66.175	5
2025-10-27 14:55	66.185	66.287	66.147	66.207	5
2025-10-27 15:00	66.225	66.235	66.152	66.210	5
2025-10-27 15:05	66.205	66.302	66.192	66.282	5
2025-10-27 15:10	66.295	66.340	66.230	66.280	5
2025-10-27 15:15	66.285	66.295	66.190	66.272	5
2025-10-27 15:20	66.270	66.272	66.112	66.152	5
2025-10-27 15:25	66.160	66.170	66.032	66.070	5
2025-10-27 15:30	66.075	66.090	65.925	66.020	5
2025-10-27 15:35	66.012	66.115	65.987	66.110	5
2025-10-27 15:40	66.102	66.105	65.882	65.890	5
2025-10-27 15:45	65.892	66.080	65.882	66.065	5
2025-10-27 15:50	66.072	66.072	65.960	66.057	5
2025-10-27 15:55	66.055	66.080	66.020	66.042	4
2025-10-27 16:00	65.985	66.020	65.942	65.977	5
2025-10-27 16:05	65.985	65.995	65.822	65.972	5
2025-10-27 16:10	65.995	66.020	65.940	65.960	5
2025-10-27 16:15	65.965	65.980	65.902	65.912	5
2025-10-27 16:20	65.910	65.995	65.900	65.980	5
2025-10-27 16:25	65.975	66.045	65.865	65.977	5
2025-10-27 16:30	65.975	65.975	65.840	65.860	5
2025-10-27 16:35	65.852	65.962	65.832	65.955	5
2025-10-27 16:40	65.965	66.060	65.917	65.967	5
2025-10-27 16:45	65.975	66.015	65.932	66.012	5
2025-10-27 16:50	66.007	66.025	65.762	65.825	5
2025-10-27 16:55	65.817	65.892	65.765	65.887	5
2025-10-27 17:00	65.885	65.942	65.875	65.902	5
2025-10-27 17:05	65.912	65.985	65.892	65.930	5
2025-10-27 17:10	65.932	65.988	65.927	65.982	5
2025-10-27 17:15	65.975	65.990	65.870	65.902	5
2025-10-27 17:20	65.900	65.940	65.845	65.937	5
2025-10-27 17:25	65.925	65.925	65.752	65.797	5
2025-10-27 17:30	65.820	65.825	65.732	65.782	5
2025-10-27 17:35	65.765	65.770	65.632	65.675	5
2025-10-27 17:40	65.685	65.702	65.645	65.700	5
2025-10-27 17:45	65.705	65.730	65.637	65.670	5
2025-10-27 17:50	65.665	65.760	65.665	65.745	5
2025-10-27 17:55	65.750	65.810	65.742	65.742	5
2025-10-27 18:00	65.730	65.765	65.650	65.722	5
2025-10-27 18:05	65.730	65.735	65.672	65.685	5
2025-10-27 18:10	65.675	65.700	65.647	65.695	5
2025-10-27 18:15	65.690	65.715	65.555	65.555	5
2025-10-27 18:20	65.565	65.585	65.462	65.515	5
2025-10-27 18:25	65.510	65.652	65.410	65.612	5
2025-10-27 18:30	65.620	65.680	65.582	65.667	5
2025-10-27 18:35	65.675	65.700	65.647	65.685	5
2025-10-27 18:40	65.687	65.750	65.682	65.745	5
2025-10-27 18:45	65.740	65.777	65.722	65.755	5
2025-10-27 18:50	65.765	65.810	65.742	65.750	5
2025-10-27 18:55	65.745	65.745	65.678	65.695	5
2025-10-27 19:00	65.690	65.760	65.682	65.745	5
2025-10-27 19:05	65.742	65.745	65.677	65.712	5
2025-10-27 19:10	65.705	65.715	65.680	65.680	5
2025-10-27 19:15	65.685	65.700	65.665	65.680	5
2025-10-27 19:20	65.675	65.675	65.637	65.642	5
2025-10-27 19:25	65.640	65.715	65.638	65.672	4
2025-10-27 19:30	65.685	65.720	65.678	65.702	5
2025-10-27 19:35	65.700	65.715	65.675	65.685	5
2025-10-27 19:40	65.680	65.690	65.642	65.642	4
2025-10-27 19:45	65.630	65.645	65.617	65.632	5
2025-10-27 19:50	65.640	65.685	65.630	65.675	5
2025-10-27 19:55	65.680	65.725	65.672	65.725	5
2025-10-27 20:00	65.720	65.720	65.665	65.715	5
2025-10-27 20:05	65.725	65.775	65.722	65.770	5
2025-10-27 20:10	65.780	65.825	65.775	65.825	5
2025-10-27 20:15	65.830	65.887	65.825	65.885	5
2025-10-27 20:20	65.875	65.885	65.865	65.880	5
2025-10-27 20:25	65.870	65.895	65.865	65.892	5
2025-10-27 20:30	65.890	65.890	65.837	65.872	5
2025-10-27 20:35	65.860	65.895	65.847	65.895	4
2025-10-27 20:40	65.885	65.915	65.882	65.912	4
2025-10-27 20:45	65.910	65.917	65.835	65.840	5
2025-10-27 20:50	65.850	65.890	65.815	65.827	5
2025-10-27 20:55	65.840	65.855	65.822	65.847	5
2025-10-28 00:00	65.537	65.573	65.342	65.423	5
2025-10-28 00:05	65.418	65.463	65.403	65.423	5
2025-10-28 00:10	65.413	65.433	65.383	65.403	5
2025-10-28 00:15	65.393	65.428	65.393	65.413	5
2025-10-28 00:20	65.423	65.468	65.423	65.433	5
2025-10-28 00:25	65.438	65.438	65.403	65.408	5
2025-10-28 00:30	65.403	65.433	65.393	65.418	5
2025-10-28 00:35	65.423	65.468	65.423	65.468	5
2025-10-28 00:40	65.463	65.478	65.463	65.473	4
2025-10-28 00:45	65.468	65.473	65.453	65.463	4
2025-10-28 00:50	65.468	65.488	65.448	65.473	4
2025-10-28 00:55	65.468	65.473	65.398	65.413	5
2025-10-28 01:00	65.418	65.585	65.410	65.580	5
2025-10-28 01:05	65.575	65.630	65.542	65.600	5
2025-10-28 01:10	65.595	65.595	65.530	65.567	5
2025-10-28 01:15	65.575	65.620	65.557	65.612	5
2025-10-28 01:20	65.605	65.630	65.562	65.600	5
2025-10-28 01:25	65.590	65.660	65.587	65.600	5
2025-10-28 01:30	65.610	65.620	65.587	65.615	5
2025-10-28 01:35	65.610	65.630	65.592	65.610	5
2025-10-28 01:40	65.605	65.635	65.597	65.597	5
2025-10-28 01:45	65.602	65.640	65.597	65.607	5
2025-10-28 01:50	65.602	65.722	65.587	65.677	5
2025-10-28 01:55	65.670	65.720	65.667	65.710	5
2025-10-28 02:00	65.705	65.720	65.687	65.710	5
2025-10-28 02:05	65.697	65.725	65.692	65.707	5
2025-10-28 02:10	65.712	65.745	65.707	65.712	5
2025-10-28 02:15	65.720	65.720	65.617	65.650	5
2025-10-28 02:20	65.645	65.652	65.623	65.623	5
2025-10-28 02:25	65.640	65.660	65.633	65.652	5
2025-10-28 02:30	65.655	65.680	65.567	65.570	5
2025-10-28 02:35	65.575	65.582	65.497	65.500	5
2025-10-28 02:40	65.510	65.585	65.507	65.560	5
2025-10-28 02:45	65.555	65.612	65.537	65.580	5
2025-10-28 02:50	65.585	65.610	65.557	65.575	5
2025-10-28 02:55	65.570	65.650	65.562	65.597	5
2025-10-28 03:00	65.595	65.620	65.577	65.582	5
2025-10-28 03:05	65.580	65.610	65.552	65.610	5
2025-10-28 03:10	65.620	65.635	65.610	65.630	5
2025-10-28 03:15	65.625	65.655	65.615	65.627	5
2025-10-28 03:20	65.620	65.650	65.602	65.637	4
2025-10-28 03:25	65.632	65.650	65.632	65.640	5
2025-10-28 03:30	65.620	65.650	65.607	65.647	5
2025-10-28 03:35	65.643	65.643	65.617	65.630	3
2025-10-28 03:40	65.625	65.650	65.618	65.637	5
2025-10-28 03:45	65.632	65.642	65.615	65.627	4
2025-10-28 03:50	65.623	65.630	65.567	65.570	4
2025-10-28 03:55	65.575	65.580	65.553	65.560	5
2025-10-28 04:00	65.570	65.580	65.527	65.537	5
2025-10-28 04:05	65.545	65.560	65.527	65.527	5
2025-10-28 04:10	65.532	65.560	65.532	65.537	3
2025-10-28 04:15	65.532	65.540	65.517	65.517	3
2025-10-28 04:20	65.530	65.530	65.477	65.490	5
2025-10-28 04:25	65.485	65.485	65.420	65.435	4
2025-10-28 04:30	65.440	65.470	65.437	65.467	5
2025-10-28 04:35	65.460	65.470	65.455	65.457	4
2025-10-28 04:40	65.470	65.490	65.448	65.448	4
2025-10-28 04:45	65.450	65.455	65.440	65.445	5
2025-10-28 04:50	65.440	65.455	65.425	65.442	5
2025-10-28 04:55	65.447	65.475	65.447	65.460	5
2025-10-28 05:00	65.462	65.465	65.432	65.432	3
2025-10-28 05:05	65.425	65.425	65.367	65.385	4
2025-10-28 05:10	65.380	65.415	65.357	65.402	5
2025-10-28 05:15	65.400	65.455	65.400	65.447	3
2025-10-28 05:20	65.455	65.472	65.433	65.460	5
2025-10-28 05:25	65.462	65.520	65.462	65.520	5
2025-10-28 05:30	65.530	65.567	65.477	65.557	5
2025-10-28 05:35	65.570	65.575	65.507	65.520	5
2025-10-28 05:40	65.510	65.520	65.427	65.435	5
2025-10-28 05:45	65.445	65.492	65.442	65.462	5
2025-10-28 05:50	65.470	65.517	65.450	65.477	5
2025-10-28 05:55	65.470	65.510	65.457	65.500	5
2025-10-28 06:00	65.525	65.530	65.472	65.500	5
2025-10-28 06:05	65.495	65.510	65.447	65.447	5
2025-10-28 06:10	65.452	65.472	65.372	65.405	5
2025-10-28 06:15	65.400	65.435	65.392	65.417	5
2025-10-28 06:20	65.425	65.520	65.417	65.520	5
2025-10-28 06:25	65.530	65.555	65.497	65.547	5
2025-10-28 06:30	65.545	65.580	65.527	65.527	5
2025-10-28 06:35	65.540	65.540	65.475	65.490	5
2025-10-28 06:40	65.492	65.520	65.472	65.485	5
2025-10-28 06:45	65.490	65.500	65.445	65.465	5
2025-10-28 06:50	65.457	65.520	65.457	65.490	5
2025-10-28 06:55	65.492	65.500	65.360	65.380	5
2025-10-28 07:00	65.390	65.555	65.385	65.540	5
2025-10-28 07:05	65.530	65.620	65.507	65.602	5
2025-10-28 07:10	65.592	65.595	65.450	65.450	5
2025-10-28 07:15	65.452	65.475	65.430	65.455	5
2025-10-28 07:20	65.445	65.525	65.392	65.452	5
2025-10-28 07:25	65.447	65.505	65.422	65.505	5
2025-10-28 07:30	65.500	65.515	65.422	65.427	5
2025-10-28 07:35	65.422	65.435	65.345	65.345	5
2025-10-28 07:40	65.337	65.355	65.235	65.260	5
2025-10-28 07:45	65.255	65.280	65.112	65.125	5
2025-10-28 07:50	65.130	65.140	64.912	64.960	5
2025-10-28 07:55	64.965	64.995	64.727	64.765	5
2025-10-28 08:00	64.773	64.787	64.445	64.715	5
2025-10-28 08:05	64.710	64.815	64.587	64.697	5
2025-10-28 08:10	64.695	64.755	64.485	64.575	5
2025-10-28 08:15	64.590	64.690	64.435	64.460	5
2025-10-28 08:20	64.455	64.492	64.318	64.375	5
2025-10-28 08:25	64.370	64.490	64.305	64.312	5
2025-10-28 08:30	64.310	64.385	64.075	64.132	5
2025-10-28 08:35	64.137	64.332	64.062	64.285	5
2025-10-28 08:40	64.310	64.355	64.227	64.282	5
2025-10-28 08:45	64.295	64.402	64.282	64.370	5
2025-10-28 08:50	64.365	64.385	64.207	64.322	5
2025-10-28 08:55	64.320	64.445	64.277	64.440	5
2025-10-28 09:00	64.460	64.482	64.367	64.465	5
2025-10-28 09:05	64.480	64.510	64.382	64.440	5
2025-10-28 09:10	64.432	64.445	64.267	64.307	5
2025-10-28 09:15	64.325	64.575	64.305	64.550	5
2025-10-28 09:20	64.542	64.610	64.422	64.482	5
2025-10-28 09:25	64.477	64.530	64.282	64.312	5
2025-10-28 09:30	64.305	64.435	64.300	64.432	5
2025-10-28 09:35	64.445	64.495	64.387	64.415	5
2025-10-28 09:40	64.400	64.435	64.372	64.392	5
2025-10-28 09:45	64.380	64.435	64.352	64.435	5
2025-10-28 09:50	64.427	64.557	64.425	64.545	5
2025-10-28 09:55	64.530	64.615	64.442	64.607	5
2025-10-28 10:00	64.625	64.715	64.617	64.655	5
2025-10-28 10:05	64.660	64.695	64.582	64.595	5
2025-10-28 10:10	64.590	64.607	64.505	64.545	5
2025-10-28 10:15	64.540	64.655	64.540	64.655	5
2025-10-28 10:20	64.650	64.720	64.642	64.702	5
2025-10-28 10:25	64.720	64.725	64.600	64.605	5
2025-10-28 10:30	64.615	64.685	64.587	64.610	5
2025-10-28 10:35	64.605	64.800	64.605	64.800	5
2025-10-28 10:40	64.785	64.830	64.780	64.812	5
2025-10-28 10:45	64.810	64.855	64.725	64.795	5
2025-10-28 10:50	64.800	64.800	64.687	64.772	5
2025-10-28 10:55	64.780	64.780	64.577	64.630	5
2025-10-28 11:00	64.620	64.645	64.525	64.535	5
2025-10-28 11:05	64.540	64.625	64.507	64.617	5
2025-10-28 11:10	64.620	64.665	64.560	64.615	5
2025-10-28 11:15	64.620	64.725	64.608	64.720	5
2025-10-28 11:20	64.725	64.770	64.695	64.770	5
2025-10-28 11:25	64.772	64.775	64.737	64.770	5
2025-10-28 11:30	64.765	64.875	64.762	64.832	5
2025-10-28 11:35	64.840	64.840	64.647	64.665	5
2025-10-28 11:40	64.660	64.700	64.592	64.625	5
2025-10-28 11:45	64.630	64.635	64.550	64.602	5
2025-10-28 11:50	64.610	64.750	64.592	64.750	5
2025-10-28 11:55	64.752	64.760	64.642	64.690	5
2025-10-28 12:00	64.705	64.870	64.697	64.852	5
2025-10-28 12:05	64.860	64.870	64.805	64.820	5
2025-10-28 12:10	64.815	64.860	64.762	64.850	5
2025-10-28 12:15	64.845	64.865	64.727	64.727	5
2025-10-28 12:20	64.725	64.730	64.612	64.687	5
2025-10-28 12:25	64.695	64.705	64.605	64.655	5
2025-10-28 12:30	64.665	64.772	64.642	64.692	5
2025-10-28 12:35	64.690	64.750	64.662	64.732	5
2025-10-28 12:40	64.725	64.745	64.515	64.515	5
2025-10-28 12:45	64.520	64.520	64.335	64.440	5
2025-10-28 12:50	64.445	64.632	64.435	64.625	5
2025-10-28 12:55	64.610	64.632	64.490	64.537	5
2025-10-28 13:00	64.533	64.820	64.533	64.767	5
2025-10-28 13:05	64.772	64.810	64.697	64.720	5
2025-10-28 13:10	64.730	64.845	64.717	64.835	5
2025-10-28 13:15	64.825	64.910	64.807	64.850	5
2025-10-28 13:20	64.842	64.855	64.715	64.730	5
2025-10-28 13:25	64.720	64.775	64.672	64.760	5
2025-10-28 13:30	64.755	64.875	64.730	64.792	5
2025-10-28 13:35	64.795	64.880	64.762	64.830	5
2025-10-28 13:40	64.815	64.890	64.710	64.865	5
2025-10-28 13:45	64.860	64.950	64.790	64.805	5
2025-10-28 13:50	64.810	64.870	64.775	64.840	5
2025-10-28 13:55	64.845	64.890	64.780	64.780	5
2025-10-28 14:00	64.775	64.900	64.765	64.875	5
2025-10-28 14:05	64.870	64.890	64.675	64.680	5
2025-10-28 14:10	64.685	64.705	64.595	64.640	5
2025-10-28 14:15	64.650	64.695	64.580	64.670	5
2025-10-28 14:20	64.690	64.760	64.655	64.755	5
2025-10-28 14:25	64.760	64.845	64.730	64.830	5
2025-10-28 14:30	64.845	64.865	64.710	64.725	5
2025-10-28 14:35	64.730	64.770	64.610	64.630	5
2025-10-28 14:40	64.625	64.625	64.430	64.545	5
2025-10-28 14:45	64.540	64.575	64.405	64.415	5
2025-10-28 14:50	64.425	64.475	64.355	64.400	5
2025-10-28 14:55	64.395	64.415	64.225	64.245	5
2025-10-28 15:00	64.230	64.355	64.220	64.325	5
2025-10-28 15:05	64.340	64.390	64.320	64.350	5
2025-10-28 15:10	64.355	64.395	64.325	64.345	5
2025-10-28 15:15	64.355	64.380	64.230	64.295	5
2025-10-28 15:20	64.275	64.335	64.250	64.290	5
2025-10-28 15:25	64.295	64.320	64.215	64.245	5
2025-10-28 15:30	64.240	64.285	64.095	64.105	5
2025-10-28 15:35	64.115	64.210	64.015	64.050	5
2025-10-28 15:40	64.040	64.140	63.985	64.055	5
2025-10-28 15:45	64.060	64.255	64.060	64.175	5
2025-10-28 15:50	64.185	64.205	64.105	64.145	5
2025-10-28 15:55	64.160	64.170	64.045	64.110	5
2025-10-28 16:00	64.115	64.235	64.105	64.220	5
2025-10-28 16:05	64.200	64.220	64.115	64.185	5
2025-10-28 16:10	64.180	64.515	64.165	64.395	5
2025-10-28 16:15	64.400	64.480	64.300	64.470	5
2025-10-28 16:20	64.465	64.520	64.415	64.415	5
2025-10-28 16:25	64.420	64.420	64.140	64.175	5
2025-10-28 16:30	64.185	64.400	64.090	64.300	5
2025-10-28 16:35	64.305	64.380	64.280	64.330	5
2025-10-28 16:40	64.325	64.430	64.290	64.420	5
2025-10-28 16:45	64.425	64.435	64.320	64.385	5
2025-10-28 16:50	64.380	64.435	64.355	64.395	5
2025-10-28 16:55	64.390	64.400	64.290	64.290	5
2025-10-28 17:00	64.295	64.355	64.270	64.335	5
2025-10-28 17:05	64.350	64.400	64.325	64.365	5
2025-10-28 17:10	64.370	64.375	64.320	64.375	5
2025-10-28 17:15	64.385	64.435	64.355	64.365	5
2025-10-28 17:20	64.370	64.435	64.365	64.425	5
2025-10-28 17:25	64.435	64.525	64.435	64.475	5
2025-10-28 17:30	64.470	64.480	64.400	64.475	5
2025-10-28 17:35	64.470	64.475	64.395	64.410	5
2025-10-28 17:40	64.420	64.450	64.365	64.415	5
2025-10-28 17:45	64.420	64.435	64.375	64.415	5
2025-10-28 17:50	64.420	64.485	64.410	64.410	5
2025-10-28 17:55	64.420	64.495	64.420	64.450	5
2025-10-28 18:00	64.455	64.475	64.315	64.345	5
2025-10-28 18:05	64.350	64.355	64.240	64.320	5
2025-10-28 18:10	64.325	64.325	64.255	64.320	5
2025-10-28 18:15	64.325	64.325	64.205	64.290	5
2025-10-28 18:20	64.300	64.410	64.285	64.370	5
2025-10-28 18:25	64.375	64.435	64.325	64.395	5
2025-10-28 18:30	64.400	64.420	64.215	64.295	5
2025-10-28 18:35	64.290	64.290	64.170	64.195	5
2025-10-28 18:40	64.215	64.215	64.160	64.195	5
2025-10-28 18:45	64.200	64.250	64.165	64.235	5
2025-10-28 18:50	64.250	64.280	64.225	64.265	5
2025-10-28 18:55	64.255	64.260	64.225	64.245	5
2025-10-28 19:00	64.240	64.290	64.165	64.285	5
2025-10-28 19:05	64.290	64.305	64.240	64.280	5
2025-10-28 19:10	64.285	64.290	64.230	64.240	5
2025-10-28 19:15	64.250	64.250	64.205	64.220	5
2025-10-28 19:20	64.225	64.225	64.190	64.205	5
2025-10-28 19:25	64.200	64.230	64.185	64.220	5
2025-10-28 19:30	64.205	64.205	64.155	64.155	5
2025-10-28 19:35	64.160	64.205	64.160	64.185	5
2025-10-28 19:40	64.180	64.185	64.160	64.185	5
2025-10-28 19:45	64.175	64.185	64.140	64.150	5
2025-10-28 19:50	64.155	64.195	64.125	64.185	5
2025-10-28 19:55	64.180	64.225	64.145	64.210	5
2025-10-28 20:00	64.215	64.215	64.170	64.190	5
2025-10-28 20:05	64.185	64.190	64.165	64.165	4
2025-10-28 20:10	64.170	64.235	64.135	64.220	4
2025-10-28 20:15	64.225	64.255	64.215	64.230	4
2025-10-28 20:20	64.225	64.240	64.225	64.230	4
2025-10-28 20:25	64.215	64.230	64.210	64.220	5
2025-10-28 20:30	64.215	64.490	64.215	64.460	5
2025-10-28 20:35	64.470	64.500	64.420	64.430	5
2025-10-28 20:40	64.435	64.440	64.380	64.420	5
2025-10-28 20:45	64.410	64.440	64.390	64.420	5
2025-10-28 20:50	64.425	64.440	64.395	64.420	5
2025-10-28 20:55	64.425	64.440	64.395	64.430	5
2025-10-29 00:00	63.878	63.907	63.878	63.878	5
2025-10-29 00:05	63.878	63.878	63.878	63.878	5
2025-10-29 00:10	63.878	63.878	63.878	63.878	5
2025-10-29 00:15	63.878	63.878	63.878	63.878	5
2025-10-29 00:20	63.878	63.892	63.878	63.892	5
2025-10-29 00:25	63.882	63.907	63.882	63.882	5
2025-10-29 00:30	63.882	63.932	63.882	63.922	5
2025-10-29 00:35	63.927	63.942	63.912	63.942	5
2025-10-29 00:40	63.942	63.942	63.902	63.907	5
2025-10-29 00:45	63.902	63.932	63.902	63.922	4
2025-10-29 00:50	63.917	63.917	63.878	63.878	5
2025-10-29 00:55	63.878	63.878	63.807	63.822	5
2025-10-29 01:00	63.845	63.952	63.822	63.905	5
2025-10-29 01:05	63.912	63.970	63.902	63.960	5
2025-10-29 01:10	63.955	63.965	63.912	63.912	5
2025-10-29 01:15	63.920	63.975	63.915	63.945	5
2025-10-29 01:20	63.940	63.950	63.912	63.950	5
2025-10-29 01:25	63.942	63.990	63.932	63.972	5
2025-10-29 01:30	63.965	64.010	63.960	64.007	5
2025-10-29 01:35	64.005	64.015	63.992	64.005	5
2025-10-29 01:40	64.015	64.035	63.955	64.002	5
2025-10-29 01:45	63.995	64.005	63.962	63.980	5
2025-10-29 01:50	63.985	64.085	63.982	64.077	5
2025-10-29 01:55	64.085	64.085	63.992	63.992	5
2025-10-29 02:00	63.985	63.995	63.952	63.965	5
2025-10-29 02:05	63.955	63.965	63.892	63.892	5
2025-10-29 02:10	63.885	63.895	63.837	63.855	5
2025-10-29 02:15	63.860	63.862	63.770	63.775	5
2025-10-29 02:20	63.770	63.795	63.722	63.750	5
2025-10-29 02:25	63.745	63.765	63.717	63.717	5
2025-10-29 02:30	63.715	63.750	63.632	63.645	5
2025-10-29 02:35	63.650	63.705	63.615	63.705	5
2025-10-29 02:40	63.700	63.720	63.685	63.707	5
2025-10-29 02:45	63.695	63.700	63.655	63.675	5
2025-10-29 02:50	63.680	63.705	63.667	63.690	5
2025-10-29 02:55	63.685	63.705	63.672	63.702	5
2025-10-29 03:00	63.700	63.715	63.682	63.712	5
2025-10-29 03:05	63.720	63.720	63.685	63.692	5
2025-10-29 03:10	63.697	63.745	63.692	63.740	5
2025-10-29 03:15	63.745	63.755	63.702	63.752	4
2025-10-29 03:20	63.745	63.805	63.740	63.760	5
2025-10-29 03:25	63.762	63.765	63.722	63.747	5
2025-10-29 03:30	63.742	63.742	63.680	63.730	5
2025-10-29 03:35	63.735	63.755	63.723	63.747	5
2025-10-29 03:40	63.745	63.755	63.740	63.750	5
2025-10-29 03:45	63.745	63.770	63.737	63.755	4
2025-10-29 03:50	63.760	63.770	63.737	63.750	5
2025-10-29 03:55	63.755	63.815	63.755	63.802	4
2025-10-29 04:00	63.800	63.800	63.732	63.740	5
2025-10-29 04:05	63.732	63.740	63.712	63.730	4
2025-10-29 04:10	63.735	63.735	63.712	63.720	5
2025-10-29 04:15	63.725	63.765	63.725	63.745	5
2025-10-29 04:20	63.740	63.775	63.740	63.752	5
2025-10-29 04:25	63.765	63.765	63.730	63.735	4
2025-10-29 04:30	63.740	63.742	63.685	63.735	5
2025-10-29 04:35	63.740	63.750	63.732	63.745	5
2025-10-29 04:40	63.750	63.760	63.738	63.755	4
2025-10-29 04:45	63.760	63.760	63.735	63.740	5
2025-10-29 04:50	63.735	63.740	63.708	63.708	5
2025-10-29 04:55	63.715	63.720	63.642	63.650	5
2025-10-29 05:00	63.645	63.672	63.635	63.660	5
2025-10-29 05:05	63.665	63.675	63.652	63.652	4
2025-10-29 05:10	63.650	63.675	63.650	63.675	4
2025-10-29 05:15	63.665	63.712	63.662	63.710	5
2025-10-29 05:20	63.715	63.735	63.705	63.727	5
2025-10-29 05:25	63.725	63.725	63.712	63.722	5
2025-10-29 05:30	63.735	63.785	63.732	63.772	5
2025-10-29 05:35	63.785	63.785	63.740	63.765	5
2025-10-29 05:40	63.775	63.842	63.752	63.832	5
2025-10-29 05:45	63.840	63.845	63.735	63.757	5
2025-10-29 05:50	63.765	63.775	63.687	63.752	5
2025-10-29 05:55	63.757	63.775	63.745	63.767	5
2025-10-29 06:00	63.762	63.845	63.762	63.822	5
2025-10-29 06:05	63.817	63.890	63.817	63.880	5
2025-10-29 06:10	63.882	63.885	63.852	63.867	5
2025-10-29 06:15	63.872	63.885	63.822	63.832	5
2025-10-29 06:20	63.830	63.885	63.805	63.875	5
2025-10-29 06:25	63.877	63.895	63.842	63.862	5
2025-10-29 06:30	63.872	63.925	63.842	63.902	5
2025-10-29 06:35	63.915	63.995	63.900	63.980	5
2025-10-29 06:40	63.975	63.975	63.920	63.942	5
2025-10-29 06:45	63.950	63.985	63.940	63.985	5
2025-10-29 06:50	63.975	63.995	63.957	63.965	5
2025-10-29 06:55	63.960	64.020	63.950	64.015	4
2025-10-29 07:00	64.020	64.065	63.992	64.062	5
2025-10-29 07:05	64.060	64.115	64.050	64.085	5
2025-10-29 07:10	64.095	64.115	64.055	64.102	5
2025-10-29 07:15	64.110	64.160	64.082	64.105	5
2025-10-29 07:20	64.115	64.125	64.012	64.022	5
2025-10-29 07:25	64.035	64.050	63.872	63.880	5
2025-10-29 07:30	63.885	64.015	63.885	64.015	4
2025-10-29 07:35	64.020	64.040	63.967	63.997	5
2025-10-29 07:40	64.005	64.060	63.972	63.992	5
2025-10-29 07:45	63.990	64.012	63.972	63.990	5
2025-10-29 07:50	63.992	64.035	63.920	63.942	5
2025-10-29 07:55	63.940	63.995	63.915	63.920	5
2025-10-29 08:00	63.935	63.937	63.782	63.852	5
2025-10-29 08:05	63.860	63.865	63.732	63.772	5
2025-10-29 08:10	63.765	63.795	63.712	63.745	5
2025-10-29 08:15	63.740	63.752	63.562	63.580	5
2025-10-29 08:20	63.575	63.655	63.522	63.655	5
2025-10-29 08:25	63.652	63.675	63.382	63.395	5
2025-10-29 08:30	63.385	63.530	63.362	63.505	5
2025-10-29 08:35	63.495	63.585	63.452	63.552	5
2025-10-29 08:40	63.545	63.595	63.482	63.555	5
2025-10-29 08:45	63.550	63.555	63.432	63.525	5
2025-10-29 08:50	63.535	63.545	63.445	63.452	5
2025-10-29 08:55	63.447	63.535	63.432	63.442	5
2025-10-29 09:00	63.455	63.660	63.442	63.652	5
2025-10-29 09:05	63.650	63.755	63.642	63.665	5
2025-10-29 09:10	63.660	63.705	63.622	63.682	5
2025-10-29 09:15	63.690	63.705	63.647	63.677	5
2025-10-29 09:20	63.682	63.695	63.612	63.665	5
2025-10-29 09:25	63.655	63.695	63.652	63.665	5
2025-10-29 09:30	63.675	63.875	63.660	63.832	5
2025-10-29 09:35	63.840	63.905	63.772	63.892	5
2025-10-29 09:40	63.905	63.952	63.842	63.930	5
2025-10-29 09:45	63.932	64.052	63.892	63.995	5
2025-10-29 09:50	64.005	64.025	63.910	63.947	5
2025-10-29 09:55	63.952	63.970	63.802	63.862	5
2025-10-29 10:00	63.885	63.905	63.782	63.835	5
2025-10-29 10:05	63.825	63.912	63.822	63.887	5
2025-10-29 10:10	63.885	63.910	63.847	63.852	5
2025-10-29 10:15	63.845	63.890	63.782	63.890	5
2025-10-29 10:20	63.885	63.890	63.830	63.885	5
2025-10-29 10:25	63.895	63.965	63.890	63.955	5
2025-10-29 10:30	63.960	63.962	63.862	63.875	5
2025-10-29 10:35	63.872	63.922	63.842	63.922	5
2025-10-29 10:40	63.915	64.055	63.915	63.982	5
2025-10-29 10:45	63.975	64.055	63.962	64.022	5
2025-10-29 10:50	64.035	64.070	64.012	64.022	5
2025-10-29 10:55	64.030	64.070	63.995	64.052	5
2025-10-29 11:00	64.020	64.050	63.990	64.042	5
2025-10-29 11:05	64.047	64.055	64.022	64.050	5
2025-10-29 11:10	64.045	64.050	63.975	63.982	5
2025-10-29 11:15	63.975	64.105	63.962	64.092	5
2025-10-29 11:20	64.105	64.155	64.082	64.122	5
2025-10-29 11:25	64.120	64.165	64.105	64.105	5
2025-10-29 11:30	64.110	64.135	64.045	64.105	5
2025-10-29 11:35	64.115	64.117	64.022	64.022	5
2025-10-29 11:40	64.030	64.090	64.017	64.035	5
2025-10-29 11:45	64.045	64.075	64.032	64.060	5
2025-10-29 11:50	64.065	64.085	64.035	64.072	5
2025-10-29 11:55	64.085	64.085	64.010	64.037	5
2025-10-29 12:00	64.015	64.030	63.912	63.942	5
2025-10-29 12:05	63.955	64.035	63.922	64.000	5
2025-10-29 12:10	64.005	64.005	63.872	63.915	5
2025-10-29 12:15	63.910	63.915	63.882	63.882	5
2025-10-29 12:20	63.895	63.900	63.762	63.802	5
2025-10-29 12:25	63.795	63.845	63.742	63.755	5
2025-10-29 12:30	63.760	63.855	63.745	63.842	5
2025-10-29 12:35	63.855	63.875	63.795	63.832	5
2025-10-29 12:40	63.830	63.900	63.817	63.895	5
2025-10-29 12:45	63.902	63.902	63.842	63.897	5
2025-10-29 12:50	63.895	63.895	63.812	63.845	5
2025-10-29 12:55	63.840	63.900	63.795	63.872	5
2025-10-29 13:00	63.877	63.905	63.782	63.815	5
2025-10-29 13:05	63.810	63.855	63.772	63.785	5
2025-10-29 13:10	63.795	63.845	63.782	63.802	5
2025-10-29 13:15	63.815	63.885	63.810	63.852	5
2025-10-29 13:20	63.865	63.892	63.802	63.850	5
2025-10-29 13:25	63.852	64.035	63.852	64.030	5
2025-10-29 13:30	64.035	64.165	64.022	64.122	5
2025-10-29 13:35	64.135	64.145	64.072	64.110	5
2025-10-29 13:40	64.115	64.115	63.985	64.110	5
2025-10-29 13:45	64.095	64.142	64.060	64.135	5
2025-10-29 13:50	64.140	64.205	64.070	64.142	5
2025-10-29 13:55	64.135	64.155	64.072	64.082	5
2025-10-29 14:00	64.095	64.205	64.092	64.165	5
2025-10-29 14:05	64.155	64.170	64.102	64.160	5
2025-10-29 14:10	64.165	64.215	64.152	64.195	5
2025-10-29 14:15	64.205	64.270	64.172	64.175	5
2025-10-29 14:20	64.185	64.255	64.132	64.222	5
2025-10-29 14:25	64.210	64.235	64.170	64.220	5
2025-10-29 14:30	64.213	64.427	64.213	64.262	5
2025-10-29 14:35	64.260	64.405	64.242	64.372	5
2025-10-29 14:40	64.385	64.455	64.312	64.325	5
2025-10-29 14:45	64.335	64.435	64.312	64.415	5
2025-10-29 14:50	64.417	64.465	64.380	64.452	5
2025-10-29 14:55	64.465	64.570	64.460	64.542	5
2025-10-29 15:00	64.555	64.575	64.462	64.512	5
2025-10-29 15:05	64.510	64.625	64.510	64.615	5
2025-10-29 15:10	64.610	64.635	64.562	64.595	5
2025-10-29 15:15	64.592	64.602	64.512	64.545	5
2025-10-29 15:20	64.555	64.585	64.475	64.585	5
2025-10-29 15:25	64.595	64.595	64.510	64.530	5
2025-10-29 15:30	64.535	64.550	64.462	64.545	5
2025-10-29 15:35	64.535	64.595	64.495	64.585	5
2025-10-29 15:40	64.580	64.595	64.532	64.562	5
2025-10-29 15:45	64.555	64.615	64.502	64.552	5
2025-10-29 15:50	64.545	64.575	64.505	64.552	5
2025-10-29 15:55	64.565	64.585	64.492	64.542	5
2025-10-29 16:00	64.540	64.565	64.450	64.532	5
2025-10-29 16:05	64.545	64.605	64.520	64.582	5
2025-10-29 16:10	64.587	64.635	64.530	64.552	5
2025-10-29 16:15	64.540	64.685	64.537	64.585	5
2025-10-29 16:20	64.590	64.605	64.482	64.530	5
2025-10-29 16:25	64.525	64.545	64.452	64.535	5
2025-10-29 16:30	64.525	64.565	64.452	64.465	5
2025-10-29 16:35	64.470	64.470	64.312	64.432	5
2025-10-29 16:40	64.430	64.432	64.305	64.375	5
2025-10-29 16:45	64.385	64.445	64.352	64.390	5
2025-10-29 16:50	64.395	64.415	64.372	64.402	5
2025-10-29 16:55	64.395	64.400	64.302	64.342	5
2025-10-29 17:00	64.335	64.360	64.300	64.340	5
2025-10-29 17:05	64.345	64.352	64.225	64.242	5
2025-10-29 17:10	64.235	64.390	64.232	64.382	5
2025-10-29 17:15	64.380	64.385	64.252	64.295	5
2025-10-29 17:20	64.300	64.415	64.282	64.342	5
2025-10-29 17:25	64.355	64.365	64.302	64.345	5
2025-10-29 17:30	64.335	64.385	64.310	64.352	5
2025-10-29 17:35	64.350	64.405	64.332	64.345	5
2025-10-29 17:40	64.340	64.355	64.300	64.315	5
2025-10-29 17:45	64.317	64.405	64.302	64.395	5
2025-10-29 17:50	64.385	64.405	64.352	64.372	5
2025-10-29 17:55	64.385	64.435	64.357	64.415	5
2025-10-29 18:00	64.400	64.485	64.322	64.372	5
2025-10-29 18:05	64.380	64.445	64.340	64.427	5
2025-10-29 18:10	64.445	64.445	64.297	64.352	5
2025-10-29 18:15	64.350	64.435	64.330	64.402	5
2025-10-29 18:20	64.400	64.405	64.332	64.342	5
2025-10-29 18:25	64.355	64.355	64.262	64.275	5
2025-10-29 18:30	64.285	64.350	64.255	64.335	5
2025-10-29 18:35	64.325	64.335	64.150	64.167	5
2025-10-29 18:40	64.185	64.355	64.155	64.245	5
2025-10-29 18:45	64.250	64.345	64.242	64.305	5
2025-10-29 18:50	64.315	64.350	64.272	64.340	5
2025-10-29 18:55	64.345	64.355	64.225	64.272	5
2025-10-29 19:00	64.285	64.315	64.210	64.285	5
2025-10-29 19:05	64.277	64.397	64.277	64.375	5
2025-10-29 19:10	64.365	64.402	64.312	64.327	5
2025-10-29 19:15	64.335	64.345	64.302	64.302	5
2025-10-29 19:20	64.295	64.320	64.242	64.242	5
2025-10-29 19:25	64.255	64.305	64.238	64.262	5
2025-10-29 19:30	64.257	64.275	64.190	64.212	5
2025-10-29 19:35	64.220	64.220	64.155	64.180	5
2025-10-29 19:40	64.172	64.190	64.155	64.175	5
2025-10-29 19:45	64.185	64.195	64.155	64.162	5
2025-10-29 19:50	64.175	64.192	64.155	64.165	5
2025-10-29 19:55	64.170	64.185	64.155	64.185	5
2025-10-29 20:00	64.180	64.210	64.155	64.192	5
2025-10-29 20:05	64.200	64.245	64.190	64.240	5
2025-10-29 20:10	64.245	64.265	64.225	64.252	5
2025-10-29 20:15	64.240	64.255	64.205	64.232	5
2025-10-29 20:20	64.227	64.227	64.200	64.215	4
2025-10-29 20:25	64.220	64.225	64.210	64.225	4
2025-10-29 20:30	64.220	64.235	64.212	64.225	4
2025-10-29 20:35	64.220	64.225	64.208	64.212	3
2025-10-29 20:40	64.225	64.230	64.212	64.225	3
2025-10-29 20:45	64.230	64.265	64.222	64.250	5
2025-10-29 20:50	64.252	64.255	64.185	64.190	5
2025-10-29 20:55	64.182	64.210	64.172	64.205	5
2025-10-30 00:00	64.117	64.287	64.107	64.282	5
2025-10-30 00:05	64.282	64.297	64.222	64.232	5
2025-10-30 00:10	64.217	64.222	64.152	64.162	5
2025-10-30 00:15	64.152	64.162	64.132	64.132	5
2025-10-30 00:20	64.132	64.187	64.106	64.172	5
2025-10-30 00:25	64.172	64.232	64.162	64.207	5
2025-10-30 00:30	64.212	64.233	64.202	64.222	5
2025-10-30 00:35	64.212	64.222	64.167	64.212	5
2025-10-30 00:40	64.207	64.222	64.202	64.212	5
2025-10-30 00:45	64.202	64.212	64.182	64.212	5
2025-10-30 00:50	64.202	64.212	64.197	64.207	3
2025-10-30 00:55	64.222	64.247	64.192	64.227	5
2025-10-30 01:00	64.227	64.260	64.160	64.165	5
2025-10-30 01:05	64.170	64.255	64.167	64.192	5
2025-10-30 01:10	64.187	64.200	64.112	64.145	5
2025-10-30 01:15	64.147	64.175	64.117	64.160	5
2025-10-30 01:20	64.152	64.162	64.117	64.145	5
2025-10-30 01:25	64.155	64.160	64.106	64.110	5
2025-10-30 01:30	64.106	64.130	64.100	64.127	5
2025-10-30 01:35	64.135	64.215	64.127	64.152	5
2025-10-30 01:40	64.150	64.160	64.106	64.132	5
2025-10-30 01:45	64.125	64.135	64.052	64.055	5
2025-10-30 01:50	64.050	64.095	64.032	64.085	5
2025-10-30 01:55	64.080	64.125	64.058	64.107	5
2025-10-30 02:00	64.112	64.125	64.050	64.050	5
2025-10-30 02:05	64.045	64.065	64.012	64.022	5
2025-10-30 02:10	64.030	64.050	63.992	64.035	5
2025-10-30 02:15	64.025	64.045	63.982	63.982	5
2025-10-30 02:20	63.975	63.985	63.932	63.960	5
2025-10-30 02:25	63.955	63.995	63.955	63.965	5
2025-10-30 02:30	63.975	64.055	63.975	64.042	5
2025-10-30 02:35	64.040	64.045	63.940	63.995	5
2025-10-30 02:40	64.000	64.035	63.967	63.972	5
2025-10-30 02:45	63.980	63.990	63.952	63.970	5
2025-10-30 02:50	63.980	64.002	63.960	63.970	5
2025-10-30 02:55	63.972	63.985	63.950	63.955	5
2025-10-30 03:00	63.960	64.010	63.952	64.002	5
2025-10-30 03:05	64.000	64.010	63.975	64.005	5
2025-10-30 03:10	63.997	64.025	63.992	64.015	5
2025-10-30 03:15	64.025	64.095	64.020	64.090	5
2025-10-30 03:20	64.085	64.102	64.012	64.020	5
2025-10-30 03:25	64.025	64.045	64.012	64.030	5
2025-10-30 03:30	64.035	64.122	64.035	64.122	5
2025-10-30 03:35	64.127	64.200	64.117	64.195	5
2025-10-30 03:40	64.180	64.185	64.160	64.172	5
2025-10-30 03:45	64.180	64.215	64.172	64.210	5
2025-10-30 03:50	64.200	64.200	64.165	64.165	5
2025-10-30 03:55	64.160	64.255	64.152	64.232	5
2025-10-30 04:00	64.245	64.255	64.232	64.235	5
2025-10-30 04:05	64.257	64.275	64.195	64.200	5
2025-10-30 04:10	64.185	64.185	64.047	64.067	5
2025-10-30 04:15	64.065	64.115	64.052	64.105	5
2025-10-30 04:20	64.110	64.110	64.000	64.010	5
2025-10-30 04:25	64.005	64.055	63.987	64.030	5
2025-10-30 04:30	64.035	64.090	64.020	64.067	5
2025-10-30 04:35	64.075	64.250	64.075	64.170	5
2025-10-30 04:40	64.190	64.205	63.875	63.897	5
2025-10-30 04:45	63.892	64.045	63.882	63.990	5
2025-10-30 04:50	63.995	64.075	63.945	64.057	5
2025-10-30 04:55	64.062	64.065	63.997	64.022	5
2025-10-30 05:00	64.020	64.027	63.957	63.977	5
2025-10-30 05:05	63.982	64.090	63.957	64.077	5
2025-10-30 05:10	64.070	64.070	63.992	64.015	5
2025-10-30 05:15	64.010	64.015	63.982	64.010	5
2025-10-30 05:20	64.015	64.030	64.002	64.030	5
2025-10-30 05:25	64.035	64.080	64.027	64.067	5
2025-10-30 05:30	64.075	64.085	63.962	64.012	5
2025-10-30 05:35	64.025	64.080	64.022	64.062	5
2025-10-30 05:40	64.070	64.085	63.932	63.960	5
2025-10-30 05:45	63.962	63.975	63.940	63.957	5
2025-10-30 05:50	63.945	63.998	63.920	63.960	5
2025-10-30 05:55	63.952	64.020	63.952	64.005	5
2025-10-30 06:00	63.990	63.995	63.907	63.925	5
2025-10-30 06:05	63.935	63.955	63.890	63.945	5
2025-10-30 06:10	63.947	63.970	63.912	63.927	5
2025-10-30 06:15	63.932	63.940	63.862	63.922	5
2025-10-30 06:20	63.930	63.960	63.885	63.917	5
2025-10-30 06:25	63.915	63.915	63.867	63.880	5
2025-10-30 06:30	63.890	63.960	63.885	63.945	5
2025-10-30 06:35	63.947	64.025	63.912	64.007	5
2025-10-30 06:40	64.005	64.130	64.005	64.087	5
2025-10-30 06:45	64.092	64.092	63.935	63.970	5
2025-10-30 06:50	63.972	64.010	63.900	63.910	5
2025-10-30 06:55	63.915	63.940	63.882	63.930	5
2025-10-30 07:00	63.920	63.925	63.850	63.890	5
2025-10-30 07:05	63.895	63.925	63.885	63.900	5
2025-10-30 07:10	63.895	64.035	63.895	64.032	5
2025-10-30 07:15	64.045	64.065	63.967	63.975	5
2025-10-30 07:20	63.980	64.005	63.885	63.905	5
2025-10-30 07:25	63.910	63.935	63.832	63.855	5
2025-10-30 07:30	63.850	63.875	63.820	63.832	5
2025-10-30 07:35	63.845	63.870	63.772	63.795	5
2025-10-30 07:40	63.790	63.810	63.747	63.805	5
2025-10-30 07:45	63.810	63.810	63.707	63.732	5
2025-10-30 07:50	63.725	63.735	63.672	63.720	5
2025-10-30 07:55	63.715	63.735	63.707	63.725	5
2025-10-30 08:00	63.735	63.795	63.702	63.742	5
2025-10-30 08:05	63.750	63.775	63.722	63.772	5
2025-10-30 08:10	63.782	63.840	63.782	63.802	5
2025-10-30 08:15	63.800	63.880	63.800	63.835	5
2025-10-30 08:20	63.832	63.855	63.792	63.812	5
2025-10-30 08:25	63.820	63.845	63.702	63.725	5
2025-10-30 08:30	63.735	63.835	63.732	63.825	5
2025-10-30 08:35	63.822	63.955	63.810	63.955	5
2025-10-30 08:40	63.950	63.955	63.852	63.902	5
2025-10-30 08:45	63.910	63.925	63.842	63.925	5
2025-10-30 08:50	63.927	63.995	63.912	63.932	5
2025-10-30 08:55	63.945	63.960	63.862	63.902	5
2025-10-30 09:00	63.885	63.925	63.772	63.782	5
2025-10-30 09:05	63.790	63.832	63.752	63.832	5
2025-10-30 09:10	63.830	63.875	63.792	63.820	5
2025-10-30 09:15	63.825	63.905	63.805	63.852	5
2025-10-30 09:20	63.850	63.852	63.812	63.825	5
2025-10-30 09:25	63.850	63.985	63.818	63.972	5
2025-10-30 09:30	63.980	64.015	63.832	63.850	5
2025-10-30 09:35	63.842	63.875	63.820	63.852	5
2025-10-30 09:40	63.870	63.925	63.850	63.905	5
2025-10-30 09:45	63.895	63.905	63.832	63.855	5
2025-10-30 09:50	63.852	63.925	63.840	63.872	5
2025-10-30 09:55	63.870	63.895	63.832	63.872	5
2025-10-30 10:00	63.870	64.065	63.862	63.995	5
2025-10-30 10:05	64.005	64.005	63.842	63.870	5
2025-10-30 10:10	63.875	64.010	63.832	63.990	5
2025-10-30 10:15	63.985	63.995	63.912	63.932	5
2025-10-30 10:20	63.930	63.955	63.847	63.865	5
2025-10-30 10:25	63.870	63.935	63.862	63.912	5
2025-10-30 10:30	63.920	63.965	63.875	63.925	5
2025-10-30 10:35	63.920	64.010	63.905	63.962	5
2025-10-30 10:40	63.955	63.980	63.935	63.952	5
2025-10-30 10:45	63.965	63.972	63.845	63.865	5
2025-10-30 10:50	63.875	63.875	63.772	63.847	5
2025-10-30 10:55	63.855	63.885	63.842	63.872	5
2025-10-30 11:00	63.865	63.925	63.862	63.882	5
2025-10-30 11:05	63.887	63.887	63.802	63.835	5
2025-10-30 11:10	63.837	63.865	63.772	63.795	5
2025-10-30 11:15	63.785	63.885	63.770	63.832	5
2025-10-30 11:20	63.840	63.870	63.822	63.862	5
2025-10-30 11:25	63.870	63.875	63.797	63.860	5
2025-10-30 11:30	63.855	63.900	63.792	63.900	5
2025-10-30 11:35	63.902	63.962	63.868	63.947	5
2025-10-30 11:40	63.952	63.970	63.902	63.912	5
2025-10-30 11:45	63.930	63.945	63.862	63.925	5
2025-10-30 11:50	63.905	63.990	63.885	63.955	5
2025-10-30 11:55	63.960	64.005	63.912	63.912	5
2025-10-30 12:00	63.905	63.915	63.842	63.850	5
2025-10-30 12:05	63.852	63.935	63.832	63.917	5
2025-10-30 12:10	63.915	63.915	63.822	63.825	5
2025-10-30 12:15	63.830	63.835	63.652	63.695	5
2025-10-30 12:20	63.690	63.845	63.652	63.825	5
2025-10-30 12:25	63.835	63.862	63.790	63.810	5
2025-10-30 12:30	63.815	63.852	63.792	63.820	5
2025-10-30 12:35	63.815	63.870	63.772	63.782	5
2025-10-30 12:40	63.775	63.785	63.612	63.625	5
2025-10-30 12:45	63.635	63.680	63.615	63.675	5
2025-10-30 12:50	63.685	63.765	63.672	63.722	5
2025-10-30 12:55	63.715	63.785	63.712	63.745	5
2025-10-30 13:00	63.730	63.740	63.455	63.572	5
2025-10-30 13:05	63.585	63.625	63.552	63.602	5
2025-10-30 13:10	63.615	63.720	63.595	63.655	5
2025-10-30 13:15	63.645	63.645	63.552	63.615	5
2025-10-30 13:20	63.625	63.690	63.607	63.682	5
2025-10-30 13:25	63.690	63.775	63.662	63.765	5
2025-10-30 13:30	63.762	63.825	63.727	63.755	5
2025-10-30 13:35	63.745	63.755	63.585	63.665	5
2025-10-30 13:40	63.675	63.725	63.572	63.712	5
2025-10-30 13:45	63.720	63.845	63.682	63.780	5
2025-10-30 13:50	63.775	63.882	63.752	63.782	5
2025-10-30 13:55	63.792	63.792	63.622	63.655	5
2025-10-30 14:00	63.648	63.775	63.622	63.685	5
2025-10-30 14:05	63.695	63.810	63.665	63.802	5
2025-10-30 14:10	63.810	63.885	63.802	63.845	5
2025-10-30 14:15	63.830	63.925	63.817	63.870	5
2025-10-30 14:20	63.865	63.925	63.832	63.900	5
2025-10-30 14:25	63.892	63.935	63.867	63.895	5
2025-10-30 14:30	63.905	63.995	63.862	63.915	5
2025-10-30 14:35	63.910	63.950	63.882	63.922	5
2025-10-30 14:40	63.935	64.020	63.922	64.012	5
2025-10-30 14:45	64.010	64.215	64.010	64.192	5
2025-10-30 14:50	64.200	64.225	64.070	64.120	5
2025-10-30 14:55	64.125	64.190	64.067	64.150	5
2025-10-30 15:00	64.138	64.295	64.132	64.275	5
2025-10-30 15:05	64.285	64.382	64.275	64.332	5
2025-10-30 15:10	64.345	64.385	64.302	64.355	5
2025-10-30 15:15	64.345	64.375	64.252	64.292	5
2025-10-30 15:20	64.300	64.315	64.200	64.225	5
2025-10-30 15:25	64.230	64.245	64.192	64.212	5
2025-10-30 15:30	64.205	64.235	64.145	64.222	5
2025-10-30 15:35	64.215	64.315	64.142	64.262	5
2025-10-30 15:40	64.255	64.275	64.202	64.260	5
2025-10-30 15:45	64.265	64.295	64.180	64.292	5
2025-10-30 15:50	64.290	64.355	64.280	64.302	5
2025-10-30 15:55	64.315	64.335	64.227	64.235	5
2025-10-30 16:00	64.222	64.285	64.218	64.275	5
2025-10-30 16:05	64.265	64.392	64.262	64.385	5
2025-10-30 16:10	64.390	64.445	64.367	64.392	5
2025-10-30 16:15	64.400	64.400	64.282	64.355	5
2025-10-30 16:20	64.360	64.360	64.242	64.272	5
2025-10-30 16:25	64.285	64.345	64.252	64.325	5
2025-10-30 16:30	64.340	64.345	64.252	64.285	5
2025-10-30 16:35	64.290	64.335	64.282	64.327	4
2025-10-30 16:40	64.315	64.405	64.312	64.365	5
2025-10-30 16:45	64.360	64.395	64.327	64.335	5
2025-10-30 16:50	64.345	64.425	64.332	64.387	5
2025-10-30 16:55	64.385	64.415	64.355	64.395	5
2025-10-30 17:00	64.405	64.405	64.302	64.335	5
2025-10-30 17:05	64.345	64.395	64.322	64.377	5
2025-10-30 17:10	64.375	64.385	64.342	64.342	5
2025-10-30 17:15	64.350	64.390	64.342	64.372	5
2025-10-30 17:20	64.365	64.390	64.355	64.372	5
2025-10-30 17:25	64.385	64.425	64.362	64.400	5
2025-10-30 17:30	64.405	64.405	64.322	64.382	5
2025-10-30 17:35	64.375	64.425	64.345	64.402	5
2025-10-30 17:40	64.395	64.515	64.385	64.512	5
2025-10-30 17:45	64.510	64.515	64.442	64.475	5
2025-10-30 17:50	64.480	64.480	64.347	64.350	4
2025-10-30 17:55	64.352	64.410	64.342	64.375	5
2025-10-30 18:00	64.365	64.395	64.302	64.315	5
2025-10-30 18:05	64.325	64.345	64.282	64.322	5
2025-10-30 18:10	64.330	64.365	64.322	64.340	5
2025-10-30 18:15	64.345	64.380	64.322	64.367	5
2025-10-30 18:20	64.375	64.392	64.332	64.355	5
2025-10-30 18:25	64.345	64.445	64.282	64.312	5
2025-10-30 18:30	64.335	64.345	64.262	64.282	5
2025-10-30 18:35	64.275	64.300	64.192	64.230	5
2025-10-30 18:40	64.210	64.265	64.182	64.252	5
2025-10-30 18:45	64.260	64.295	64.247	64.295	5
2025-10-30 18:50	64.285	64.295	64.232	64.255	5
2025-10-30 18:55	64.245	64.265	64.232	64.235	5
2025-10-30 19:00	64.225	64.245	64.202	64.232	4
2025-10-30 19:05	64.230	64.255	64.202	64.255	5
2025-10-30 19:10	64.250	64.255	64.195	64.195	5
2025-10-30 19:15	64.205	64.205	64.162	64.162	5
2025-10-30 19:20	64.155	64.195	64.142	64.175	5
2025-10-30 19:25	64.180	64.197	64.145	64.155	5
2025-10-30 19:30	64.160	64.175	64.132	64.132	5
2025-10-30 19:35	64.130	64.130	64.072	64.100	5
2025-10-30 19:40	64.105	64.125	64.072	64.072	5
2025-10-30 19:45	64.065	64.075	64.042	64.050	5
2025-10-30 19:50	64.055	64.075	63.982	63.992	5
2025-10-30 19:55	63.990	63.995	63.942	63.975	5
2025-10-30 20:00	63.985	64.015	63.958	64.005	5
2025-10-30 20:05	64.000	64.005	63.972	63.990	5
2025-10-30 20:10	63.982	63.995	63.977	63.977	4
2025-10-30 20:15	63.985	64.005	63.952	63.975	5
2025-10-30 20:20	63.980	64.005	63.977	63.992	5
2025-10-30 20:25	63.985	64.045	63.982	64.035	5
2025-10-30 20:30	63.995	64.040	63.992	64.022	5
2025-10-30 20:35	64.020	64.025	63.982	64.007	5
2025-10-30 20:40	64.005	64.030	64.002	64.015	5
2025-10-30 20:45	64.020	64.060	64.020	64.025	3
2025-10-30 20:50	64.017	64.045	64.017	64.035	5
2025-10-30 20:55	64.040	64.050	64.015	64.025	5
2025-10-31 00:00	64.012	64.012	63.932	63.942	5
2025-10-31 00:05	63.932	64.002	63.912	63.997	5
2025-10-31 00:10	64.002	64.007	63.982	64.002	5
2025-10-31 00:15	63.997	63.997	63.982	63.987	5
2025-10-31 00:20	63.987	63.992	63.962	63.962	3
2025-10-31 00:25	63.957	64.017	63.957	64.012	3
2025-10-31 00:30	64.012	64.012	63.987	64.002	5
2025-10-31 00:35	63.997	64.002	63.987	63.987	4
2025-10-31 00:40	63.992	64.042	63.992	64.032	5
2025-10-31 00:45	64.027	64.032	64.027	64.027	5
2025-10-31 00:50	64.032	64.042	64.022	64.022	5
2025-10-31 00:55	64.043	64.043	64.007	64.007	3
2025-10-31 01:00	63.987	64.085	63.987	64.072	5
2025-10-31 01:05	64.065	64.095	64.020	64.085	5
2025-10-31 01:10	64.077	64.172	64.072	64.162	5
2025-10-31 01:15	64.160	64.175	64.092	64.097	5
2025-10-31 01:20	64.092	64.135	64.082	64.120	5
2025-10-31 01:25	64.115	64.135	64.062	64.072	5
2025-10-31 01:30	64.080	64.105	64.032	64.102	5
2025-10-31 01:35	64.095	64.110	64.062	64.085	5
2025-10-31 01:40	64.085	64.102	64.052	64.080	5
2025-10-31 01:45	64.072	64.085	64.050	64.072	5
2025-10-31 01:50	64.070	64.080	64.052	64.062	5
2025-10-31 01:55	64.057	64.095	64.052	64.080	5
2025-10-31 02:00	64.075	64.085	64.057	64.085	5
2025-10-31 02:05	64.095	64.115	64.062	64.080	5
2025-10-31 02:10	64.085	64.105	64.082	64.090	4
2025-10-31 02:15	64.095	64.095	64.040	64.040	5
2025-10-31 02:20	64.045	64.045	63.992	63.992	5
2025-10-31 02:25	64.005	64.005	63.972	63.982	5
2025-10-31 02:30	63.980	64.002	63.922	63.972	5
2025-10-31 02:35	63.967	64.005	63.960	63.980	5
2025-10-31 02:40	63.985	63.995	63.967	63.977	5
2025-10-31 02:45	63.972	64.010	63.962	63.997	5
2025-10-31 02:50	64.005	64.035	64.005	64.025	5
2025-10-31 02:55	64.030	64.055	64.017	64.022	5
2025-10-31 03:00	64.020	64.025	63.995	63.995	5
2025-10-31 03:05	63.985	63.990	63.962	63.970	5
2025-10-31 03:10	63.975	63.975	63.932	63.952	4
2025-10-31 03:15	63.962	63.970	63.922	63.940	5
2025-10-31 03:20	63.935	63.950	63.905	63.935	4
2025-10-31 03:25	63.928	63.930	63.877	63.882	5
2025-10-31 03:30	63.890	63.940	63.890	63.920	5
2025-10-31 03:35	63.915	63.935	63.912	63.915	5
2025-10-31 03:40	63.908	63.932	63.908	63.922	5
2025-10-31 03:45	63.920	63.925	63.908	63.918	4
2025-10-31 03:50	63.925	63.925	63.908	63.915	5
2025-10-31 03:55	63.910	63.915	63.905	63.905	5
2025-10-31 04:00	63.895	63.912	63.882	63.912	5
2025-10-31 04:05	63.925	63.935	63.902	63.920	5
2025-10-31 04:10	63.925	63.935	63.912	63.932	5
2025-10-31 04:15	63.940	63.960	63.940	63.952	5
2025-10-31 04:20	63.950	63.950	63.915	63.922	5
2025-10-31 04:25	63.920	63.942	63.920	63.938	5
2025-10-31 04:30	63.945	63.945	63.892	63.892	5
2025-10-31 04:35	63.900	63.925	63.890	63.912	5
2025-10-31 04:40	63.920	63.920	63.908	63.915	5
2025-10-31 04:45	63.920	63.940	63.915	63.930	5
2025-10-31 04:50	63.923	63.935	63.915	63.915	4
2025-10-31 04:55	63.917	63.940	63.912	63.930	5
2025-10-31 05:00	63.925	63.945	63.895	63.940	5
2025-10-31 05:05	63.932	63.965	63.922	63.952	5
2025-10-31 05:10	63.950	63.950	63.922	63.922	5
2025-10-31 05:15	63.930	63.935	63.905	63.905	5
2025-10-31 05:20	63.898	63.905	63.862	63.867	3
2025-10-31 05:25	63.862	63.865	63.840	63.845	5
2025-10-31 05:30	63.840	63.882	63.822	63.867	5
2025-10-31 05:35	63.872	63.910	63.862	63.900	5
2025-10-31 05:40	63.905	63.920	63.887	63.900	5
2025-10-31 05:45	63.905	63.905	63.862	63.862	5
2025-10-31 05:50	63.860	63.880	63.825	63.862	5
2025-10-31 05:55	63.870	63.895	63.852	63.860	5
2025-10-31 06:00	63.865	63.905	63.840	63.895	5
2025-10-31 06:05	63.900	63.935	63.892	63.917	5
2025-10-31 06:10	63.925	63.965	63.915	63.952	5
2025-10-31 06:15	63.960	64.025	63.947	63.985	5
2025-10-31 06:20	63.980	64.025	63.975	64.007	5
2025-10-31 06:25	64.002	64.025	63.962	63.965	5
2025-10-31 06:30	63.975	63.995	63.822	63.835	5
2025-10-31 06:35	63.825	63.880	63.820	63.880	5
2025-10-31 06:40	63.895	63.935	63.857	63.887	5
2025-10-31 06:45	63.885	63.950	63.877	63.912	5
2025-10-31 06:50	63.920	64.000	63.920	63.950	5
2025-10-31 06:55	63.955	64.025	63.955	64.007	5
2025-10-31 07:00	64.020	64.057	63.997	64.045	5
2025-10-31 07:05	64.035	64.125	64.035	64.040	5
2025-10-31 07:10	64.045	64.090	64.020	64.052	5
2025-10-31 07:15	64.050	64.060	64.012	64.040	5
2025-10-31 07:20	64.045	64.125	64.017	64.110	5
2025-10-31 07:25	64.115	64.165	64.095	64.155	5
2025-10-31 07:30	64.145	64.165	64.052	64.140	5
2025-10-31 07:35	64.132	64.205	64.125	64.195	5
2025-10-31 07:40	64.200	64.220	64.120	64.145	5
2025-10-31 07:45	64.150	64.205	64.092	64.202	5
2025-10-31 07:50	64.215	64.217	64.172	64.182	5
2025-10-31 07:55	64.195	64.240	64.192	64.212	5
2025-10-31 08:00	64.225	64.240	64.152	64.195	5
2025-10-31 08:05	64.190	64.195	64.110	64.160	5
2025-10-31 08:10	64.162	64.242	64.145	64.217	5
2025-10-31 08:15	64.215	64.285	64.197	64.272	5
2025-10-31 08:20	64.270	64.295	64.200	64.212	5
2025-10-31 08:25	64.225	64.255	64.125	64.140	5
2025-10-31 08:30	64.145	64.255	64.132	64.202	5
2025-10-31 08:35	64.205	64.305	64.182	64.275	5
2025-10-31 08:40	64.265	64.265	64.192	64.215	5
2025-10-31 08:45	64.220	64.225	64.042	64.060	5
2025-10-31 08:50	64.062	64.075	63.947	63.962	5
2025-10-31 08:55	63.975	64.035	63.942	63.950	5
2025-10-31 09:00	63.945	64.015	63.935	63.987	5
2025-10-31 09:05	63.985	63.985	63.812	63.855	5
2025-10-31 09:10	63.850	63.935	63.815	63.915	5
2025-10-31 09:15	63.910	64.015	63.910	63.965	5
2025-10-31 09:20	63.955	64.080	63.932	64.072	5
2025-10-31 09:25	64.080	64.085	64.012	64.065	5
2025-10-31 09:30	64.045	64.110	64.010	64.040	5
2025-10-31 09:35	64.045	64.045	64.005	64.020	5
2025-10-31 09:40	64.025	64.025	63.942	63.942	5
2025-10-31 09:45	63.935	64.145	63.902	64.085	5
2025-10-31 09:50	64.090	64.090	63.912	63.932	5
2025-10-31 09:55	63.925	63.945	63.875	63.885	5
2025-10-31 10:00	63.890	64.005	63.877	63.962	5
2025-10-31 10:05	63.975	64.005	63.917	63.982	5
2025-10-31 10:10	63.965	63.965	63.875	63.885	5
2025-10-31 10:15	63.865	63.915	63.795	63.845	5
2025-10-31 10:20	63.850	63.985	63.850	63.972	5
2025-10-31 10:25	63.965	64.075	63.922	64.032	5
2025-10-31 10:30	64.030	64.110	64.022	64.082	5
2025-10-31 10:35	64.080	64.095	63.982	64.020	5
2025-10-31 10:40	64.015	64.105	63.990	64.090	5
2025-10-31 10:45	64.095	64.115	64.045	64.052	5
2025-10-31 10:50	64.045	64.115	64.042	64.105	5
2025-10-31 10:55	64.115	64.195	64.102	64.160	5
2025-10-31 11:00	64.155	64.195	64.120	64.130	5
2025-10-31 11:05	64.135	64.175	64.135	64.175	5
2025-10-31 11:10	64.165	64.220	64.162	64.170	5
2025-10-31 11:15	64.165	64.175	64.052	64.070	5
2025-10-31 11:20	64.065	64.115	64.052	64.075	5
2025-10-31 11:25	64.070	64.115	64.052	64.075	5
2025-10-31 11:30	64.065	64.125	64.052	64.112	5
2025-10-31 11:35	64.110	64.165	64.062	64.070	5
2025-10-31 11:40	64.080	64.145	64.072	64.140	5
2025-10-31 11:45	64.135	64.185	64.112	64.142	5
2025-10-31 11:50	64.150	64.185	64.107	64.120	5
2025-10-31 11:55	64.130	64.135	64.062	64.105	5
2025-10-31 12:00	64.095	64.135	64.072	64.115	5
2025-10-31 12:05	64.100	64.180	64.082	64.162	5
2025-10-31 12:10	64.170	64.215	64.122	64.145	5
2025-10-31 12:15	64.152	64.202	64.105	64.142	5
2025-10-31 12:20	64.150	64.185	64.132	64.132	5
2025-10-31 12:25	64.140	64.215	64.125	64.132	5
2025-10-31 12:30	64.145	64.205	64.122	64.122	5
2025-10-31 12:35	64.127	64.600	64.088	64.502	5
2025-10-31 12:40	64.495	64.595	64.475	64.530	5
2025-10-31 12:45	64.535	64.625	64.362	64.412	5
2025-10-31 12:50	64.425	64.505	64.332	64.450	5
2025-10-31 12:55	64.445	64.575	64.425	64.565	5
2025-10-31 13:00	64.565	64.935	64.560	64.912	5
2025-10-31 13:05	64.905	65.125	64.880	64.912	5
2025-10-31 13:10	64.907	64.945	64.805	64.912	5
2025-10-31 13:15	64.905	64.915	64.700	64.762	5
2025-10-31 13:20	64.775	64.825	64.747	64.775	5
2025-10-31 13:25	64.780	64.795	64.602	64.680	5
2025-10-31 13:30	64.685	64.722	64.632	64.645	5
2025-10-31 13:35	64.655	64.855	64.655	64.832	5
2025-10-31 13:40	64.825	64.862	64.790	64.852	5
2025-10-31 13:45	64.850	64.885	64.772	64.815	5
2025-10-31 13:50	64.817	64.935	64.800	64.920	5
2025-10-31 13:55	64.912	64.935	64.812	64.920	5
2025-10-31 14:00	64.915	64.930	64.622	64.632	5
2025-10-31 14:05	64.640	64.660	64.552	64.625	5
2025-10-31 14:10	64.635	64.665	64.482	64.520	5
2025-10-31 14:15	64.508	64.575	64.490	64.520	5
2025-10-31 14:20	64.512	64.515	64.326	64.415	5
2025-10-31 14:25	64.405	64.515	64.382	64.400	5
2025-10-31 14:30	64.390	64.530	64.385	64.507	5
2025-10-31 14:35	64.500	64.545	64.467	64.490	5
2025-10-31 14:40	64.495	64.655	64.475	64.592	5
2025-10-31 14:45	64.590	64.645	64.582	64.635	5
2025-10-31 14:50	64.645	64.730	64.622	64.695	5
2025-10-31 14:55	64.705	64.765	64.695	64.725	5
2025-10-31 15:00	64.715	64.725	64.642	64.682	5
2025-10-31 15:05	64.675	64.760	64.672	64.745	5
2025-10-31 15:10	64.735	64.805	64.732	64.765	5
2025-10-31 15:15	64.770	64.825	64.702	64.825	5
2025-10-31 15:20	64.830	64.835	64.670	64.692	5
2025-10-31 15:25	64.685	64.745	64.622	64.745	5
2025-10-31 15:30	64.770	64.785	64.715	64.750	5
2025-10-31 15:35	64.752	64.805	64.752	64.762	5
2025-10-31 15:40	64.775	64.850	64.685	64.810	5
2025-10-31 15:45	64.815	64.820	64.326	64.362	6
2025-10-31 15:50	64.350	64.355	64.212	64.352	5
2025-10-31 15:55	64.362	64.455	64.320	64.385	5
2025-10-31 16:00	64.378	64.455	64.272	64.372	5
2025-10-31 16:05	64.365	64.380	64.252	64.275	5
2025-10-31 16:10	64.270	64.375	64.215	64.345	5
2025-10-31 16:15	64.335	64.342	64.230	64.307	5
2025-10-31 16:20	64.302	64.390	64.282	64.335	5
2025-10-31 16:25	64.337	64.345	64.252	64.342	5
2025-10-31 16:30	64.335	64.495	64.312	64.485	5
2025-10-31 16:35	64.475	64.545	64.432	64.490	5
2025-10-31 16:40	64.492	64.505	64.442	64.465	5
2025-10-31 16:45	64.455	64.585	64.435	64.542	5
2025-10-31 16:50	64.555	64.602	64.530	64.552	5
2025-10-31 16:55	64.570	64.605	64.542	64.565	5
2025-10-31 17:00	64.555	64.625	64.542	64.580	5
2025-10-31 17:05	64.575	64.670	64.548	64.620	5
2025-10-31 17:10	64.612	64.700	64.592	64.662	5
2025-10-31 17:15	64.655	64.695	64.612	64.642	5
2025-10-31 17:20	64.650	64.710	64.630	64.677	5
2025-10-31 17:25	64.685	64.725	64.652	64.715	5
2025-10-31 17:30	64.705	64.752	64.692	64.722	5
2025-10-31 17:35	64.720	64.745	64.622	64.662	5
2025-10-31 17:40	64.685	64.725	64.670	64.682	5
2025-10-31 17:45	64.670	64.705	64.642	64.700	5
2025-10-31 17:50	64.705	64.705	64.652	64.675	5
2025-10-31 17:55	64.680	64.680	64.632	64.642	5
2025-10-31 18:00	64.635	64.705	64.622	64.705	5
2025-10-31 18:05	64.695	64.705	64.672	64.682	5
2025-10-31 18:10	64.672	64.695	64.612	64.612	5
2025-10-31 18:15	64.625	64.665	64.592	64.645	5
2025-10-31 18:20	64.625	64.705	64.622	64.682	5
2025-10-31 18:25	64.695	64.785	64.682	64.712	5
2025-10-31 18:30	64.725	64.795	64.712	64.722	5
2025-10-31 18:35	64.720	64.765	64.720	64.765	4
2025-10-31 18:40	64.770	64.775	64.732	64.752	5
2025-10-31 18:45	64.765	64.765	64.715	64.745	5
2025-10-31 18:50	64.747	64.747	64.662	64.665	5
2025-10-31 18:55	64.655	64.660	64.612	64.612	3
2025-10-31 19:00	64.620	64.635	64.582	64.605	5
2025-10-31 19:05	64.600	64.655	64.600	64.632	5
2025-10-31 19:10	64.637	64.650	64.622	64.640	5
2025-10-31 19:15	64.645	64.705	64.645	64.692	5
2025-10-31 19:20	64.690	64.695	64.662	64.672	5
2025-10-31 19:25	64.665	64.675	64.642	64.645	4
2025-10-31 19:30	64.655	64.655	64.617	64.635	5
2025-10-31 19:35	64.645	64.665	64.632	64.662	5
2025-10-31 19:40	64.675	64.675	64.632	64.632	5
2025-10-31 19:45	64.645	64.645	64.602	64.602	5
2025-10-31 19:50	64.615	64.650	64.612	64.642	5
2025-10-31 19:55	64.640	64.655	64.612	64.632	5
2025-10-31 20:00	64.630	64.665	64.627	64.660	5
2025-10-31 20:05	64.650	64.675	64.642	64.675	5
2025-10-31 20:10	64.670	64.690	64.615	64.622	5
2025-10-31 20:15	64.615	64.622	64.575	64.575	5
2025-10-31 20:20	64.580	64.595	64.552	64.552	3
2025-10-31 20:25	64.565	64.605	64.562	64.605	3
2025-10-31 20:30	64.595	64.635	64.592	64.627	5
2025-10-31 20:35	64.632	64.655	64.622	64.642	5
2025-10-31 20:40	64.635	64.660	64.632	64.652	5
2025-10-31 20:45	64.662	64.685	64.660	64.670	5
2025-10-31 20:50	64.665	64.670	64.632	64.635	5
2025-10-31 20:55	64.640	64.655	64.612	64.640	5
2025-11-03 01:00	65.037	65.225	65.037	65.175	5
2025-11-03 01:05	65.177	65.185	65.000	65.050	5
2025-11-03 01:10	65.042	65.102	65.025	65.027	5
2025-11-03 01:15	65.032	65.085	65.030	65.062	5
2025-11-03 01:20	65.052	65.070	65.042	65.050	5
2025-11-03 01:25	65.052	65.065	65.005	65.035	5
2025-11-03 01:30	65.027	65.055	65.022	65.035	5
2025-11-03 01:35	65.022	65.027	64.942	64.952	5
2025-11-03 01:40	64.945	64.985	64.905	64.965	5
2025-11-03 01:45	64.970	64.975	64.947	64.958	5
2025-11-03 01:50	64.965	64.995	64.922	64.940	5
2025-11-03 01:55	64.945	64.965	64.932	64.955	5
2025-11-03 02:00	64.960	65.035	64.952	65.025	5
2025-11-03 02:05	65.035	65.035	65.007	65.012	5
2025-11-03 02:10	65.020	65.055	65.015	65.030	5
2025-11-03 02:15	65.040	65.060	65.025	65.052	5
2025-11-03 02:20	65.050	65.080	65.038	65.075	5
2025-11-03 02:25	65.070	65.070	65.047	65.052	5
2025-11-03 02:30	65.062	65.105	65.060	65.100	5
2025-11-03 02:35	65.105	65.135	65.092	65.117	5
2025-11-03 02:40	65.122	65.125	65.098	65.122	5
2025-11-03 02:45	65.130	65.145	65.060	65.060	5
2025-11-03 02:50	65.062	65.065	65.035	65.062	5
2025-11-03 02:55	65.055	65.070	65.040	65.040	5
2025-11-03 03:00	65.035	65.035	64.995	65.035	5
2025-11-03 03:05	65.045	65.055	65.000	65.010	5
2025-11-03 03:10	65.002	65.010	64.977	65.000	5
2025-11-03 03:15	65.002	65.015	64.992	64.992	5
2025-11-03 03:20	65.000	65.000	64.925	64.945	5
2025-11-03 03:25	64.940	64.955	64.927	64.945	4
2025-11-03 03:30	64.965	65.005	64.965	64.998	4
2025-11-03 03:35	65.025	65.045	65.008	65.045	5
2025-11-03 03:40	65.050	65.055	65.027	65.028	5
2025-11-03 03:45	65.042	65.060	65.032	65.052	5
2025-11-03 03:50	65.048	65.060	65.038	65.052	5
2025-11-03 03:55	65.060	65.065	65.050	65.058	5
2025-11-03 04:00	65.052	65.060	65.008	65.008	5
2025-11-03 04:05	65.005	65.025	64.985	64.992	4
2025-11-03 04:10	65.005	65.010	64.958	64.958	4
2025-11-03 04:15	64.965	64.972	64.965	64.970	3
2025-11-03 04:20	64.975	64.995	64.962	64.987	5
2025-11-03 04:25	64.992	65.005	64.988	65.000	2
2025-11-03 04:30	64.995	65.000	64.942	64.942	2
2025-11-03 04:35	64.950	64.950	64.930	64.937	3
2025-11-03 04:40	64.935	64.937	64.892	64.902	5
2025-11-03 04:45	64.898	64.905	64.895	64.902	5
2025-11-03 04:50	64.920	64.925	64.910	64.922	5
2025-11-03 04:55	64.918	64.925	64.905	64.918	5
2025-11-03 05:00	64.913	64.985	64.913	64.962	5
2025-11-03 05:05	64.957	64.972	64.947	64.972	3
2025-11-03 05:10	64.970	65.000	64.965	64.997	5
2025-11-03 05:15	64.992	65.000	64.977	64.985	5
2025-11-03 05:20	64.980	64.992	64.970	64.970	5
2025-11-03 05:25	64.965	64.997	64.942	64.977	5
2025-11-03 05:30	64.990	65.020	64.970	65.000	5
2025-11-03 05:35	64.995	65.055	64.995	65.050	4
2025-11-03 05:40	65.035	65.090	65.032	65.067	5
2025-11-03 05:45	65.068	65.115	65.068	65.097	4
2025-11-03 05:50	65.102	65.160	65.097	65.127	5
2025-11-03 05:55	65.125	65.245	65.122	65.222	5
2025-11-03 06:00	65.220	65.235	65.147	65.165	5
2025-11-03 06:05	65.167	65.182	65.150	65.177	5
2025-11-03 06:10	65.172	65.227	65.153	65.195	5
2025-11-03 06:15	65.190	65.242	65.180	65.220	5
2025-11-03 06:20	65.215	65.225	65.182	65.195	5
2025-11-03 06:25	65.185	65.195	65.147	65.157	5
2025-11-03 06:30	65.152	65.225	65.152	65.220	5
2025-11-03 06:35	65.212	65.300	65.212	65.240	5
2025-11-03 06:40	65.245	65.245	65.165	65.170	5
2025-11-03 06:45	65.175	65.215	65.142	65.207	5
2025-11-03 06:50	65.205	65.250	65.205	65.230	5
2025-11-03 06:55	65.222	65.235	65.177	65.225	5
2025-11-03 07:00	65.235	65.265	65.202	65.215	5
2025-11-03 07:05	65.222	65.222	65.172	65.197	5
2025-11-03 07:10	65.195	65.195	65.145	65.145	5
2025-11-03 07:15	65.125	65.135	65.062	65.062	5
2025-11-03 07:20	65.052	65.085	64.997	65.005	5
2025-11-03 07:25	65.005	65.105	65.005	65.092	5
2025-11-03 07:30	65.090	65.150	65.060	65.130	5
2025-11-03 07:35	65.135	65.222	65.122	65.152	5
2025-11-03 07:40	65.145	65.150	65.112	65.112	4
2025-11-03 07:45	65.110	65.195	65.102	65.102	5
2025-11-03 07:50	65.115	65.185	65.088	65.092	5
2025-11-03 07:55	65.085	65.095	65.052	65.065	5
2025-11-03 08:00	65.055	65.115	65.022	65.072	5
2025-11-03 08:05	65.070	65.095	65.002	65.020	5
2025-11-03 08:10	65.035	65.065	64.992	65.010	5
2025-11-03 08:15	65.005	65.015	64.930	64.950	5
2025-11-03 08:20	64.955	64.985	64.855	64.955	5
2025-11-03 08:25	64.945	64.955	64.822	64.822	5
2025-11-03 08:30	64.825	64.910	64.800	64.857	5
2025-11-03 08:35	64.865	64.865	64.782	64.812	5
2025-11-03 08:40	64.830	64.882	64.755	64.812	5
2025-11-03 08:45	64.807	64.835	64.760	64.792	5
2025-11-03 08:50	64.785	64.795	64.718	64.725	5
2025-11-03 08:55	64.715	64.725	64.632	64.632	5
2025-11-03 09:00	64.645	64.685	64.532	64.585	5
2025-11-03 09:05	64.580	64.605	64.512	64.542	5
2025-11-03 09:10	64.535	64.575	64.500	64.520	5
2025-11-03 09:15	64.515	64.615	64.510	64.610	5
2025-11-03 09:20	64.605	64.735	64.595	64.685	5
2025-11-03 09:25	64.690	64.715	64.662	64.685	5
2025-11-03 09:30	64.675	64.695	64.612	64.687	5
2025-11-03 09:35	64.682	64.700	64.640	64.640	5
2025-11-03 09:40	64.645	64.685	64.627	64.632	5
2025-11-03 09:45	64.630	64.782	64.627	64.772	5
2025-11-03 09:50	64.770	64.770	64.705	64.705	5
2025-11-03 09:55	64.695	64.795	64.692	64.762	5
2025-11-03 10:00	64.755	64.762	64.672	64.672	5
2025-11-03 10:05	64.680	64.720	64.642	64.672	5
2025-11-03 10:10	64.670	64.782	64.662	64.775	5
2025-11-03 10:15	64.785	64.797	64.682	64.687	5
2025-11-03 10:20	64.685	64.705	64.582	64.590	5
2025-11-03 10:25	64.595	64.735	64.575	64.730	5
2025-11-03 10:30	64.745	64.865	64.732	64.865	5
2025-11-03 10:35	64.860	64.995	64.860	64.992	5
2025-11-03 10:40	64.975	65.005	64.862	64.895	5
2025-11-03 10:45	64.885	64.985	64.880	64.927	5
2025-11-03 10:50	64.925	64.965	64.915	64.955	5
2025-11-03 10:55	64.965	64.990	64.927	64.967	5
2025-11-03 11:00	64.955	64.975	64.865	64.882	5
2025-11-03 11:05	64.905	64.905	64.742	64.770	5
2025-11-03 11:10	64.765	64.765	64.532	64.532	5
2025-11-03 11:15	64.555	64.580	64.382	64.462	5
2025-11-03 11:20	64.455	64.485	64.390	64.425	5
2025-11-03 11:25	64.415	64.455	64.362	64.432	5
2025-11-03 11:30	64.445	64.485	64.402	64.422	5
2025-11-03 11:35	64.435	64.452	64.412	64.445	4
2025-11-03 11:40	64.440	64.445	64.392	64.395	4
2025-11-03 11:45	64.405	64.545	64.400	64.542	5
2025-11-03 11:50	64.540	64.615	64.540	64.610	5
2025-11-03 11:55	64.615	64.635	64.562	64.605	5
2025-11-03 12:00	64.615	64.695	64.582	64.685	5
2025-11-03 12:05	64.695	64.715	64.585	64.592	5
2025-11-03 12:10	64.600	64.705	64.592	64.700	5
2025-11-03 12:15	64.695	64.735	64.622	64.635	5
2025-11-03 12:20	64.625	64.670	64.602	64.622	5
2025-11-03 12:25	64.630	64.650	64.602	64.650	5
2025-11-03 12:30	64.642	64.690	64.615	64.682	5
2025-11-03 12:35	64.695	64.702	64.642	64.692	5
2025-11-03 12:40	64.700	64.715	64.667	64.702	5
2025-11-03 12:45	64.710	64.765	64.702	64.715	5
2025-11-03 12:50	64.695	64.740	64.662	64.730	5
2025-11-03 12:55	64.722	64.735	64.635	64.652	5
2025-11-03 13:00	64.648	64.715	64.552	64.585	5
2025-11-03 13:05	64.590	64.690	64.582	64.652	5
2025-11-03 13:10	64.660	64.725	64.602	64.692	5
2025-11-03 13:15	64.705	64.735	64.652	64.732	5
2025-11-03 13:20	64.725	64.775	64.692	64.742	5
2025-11-03 13:25	64.735	64.815	64.722	64.745	5
2025-11-03 13:30	64.755	64.810	64.732	64.752	5
2025-11-03 13:35	64.735	64.795	64.722	64.765	5
2025-11-03 13:40	64.760	64.780	64.732	64.732	5
2025-11-03 13:45	64.725	64.755	64.692	64.705	5
2025-11-03 13:50	64.710	64.740	64.662	64.675	5
2025-11-03 13:55	64.670	64.695	64.612	64.615	5
2025-11-03 14:00	64.620	64.835	64.600	64.780	5
2025-11-03 14:05	64.782	64.900	64.782	64.832	5
2025-11-03 14:10	64.845	64.955	64.835	64.892	5
2025-11-03 14:15	64.885	64.885	64.762	64.825	5
2025-11-03 14:20	64.835	64.840	64.712	64.762	5
2025-11-03 14:25	64.755	64.805	64.702	64.755	5
2025-11-03 14:30	64.740	64.750	64.522	64.555	5
2025-11-03 14:35	64.535	64.610	64.442	64.472	5
2025-11-03 14:40	64.462	64.590	64.425	64.590	5
2025-11-03 14:45	64.583	64.725	64.572	64.680	5
2025-11-03 14:50	64.675	64.685	64.612	64.675	5
2025-11-03 14:55	64.685	64.705	64.652	64.680	5
2025-11-03 15:00	64.673	64.795	64.637	64.732	5
2025-11-03 15:05	64.740	64.772	64.695	64.742	5
2025-11-03 15:10	64.740	64.785	64.580	64.580	5
2025-11-03 15:15	64.582	64.635	64.547	64.572	5
2025-11-03 15:20	64.565	64.665	64.542	64.645	5
2025-11-03 15:25	64.635	64.635	64.320	64.342	5
2025-11-03 15:30	64.335	64.465	64.315	64.452	5
2025-11-03 15:35	64.442	64.625	64.422	64.550	5
2025-11-03 15:40	64.555	64.625	64.552	64.615	5
2025-11-03 15:45	64.640	64.647	64.540	64.622	5
2025-11-03 15:50	64.630	64.715	64.622	64.655	5
2025-11-03 15:55	64.645	64.815	64.642	64.777	5
2025-11-03 16:00	64.775	64.985	64.772	64.982	5
2025-11-03 16:05	64.995	65.095	64.932	65.052	5
2025-11-03 16:10	65.065	65.165	65.052	65.122	5
2025-11-03 16:15	65.115	65.220	65.082	65.212	5
2025-11-03 16:20	65.220	65.255	65.172	65.182	5
2025-11-03 16:25	65.195	65.195	65.075	65.092	5
2025-11-03 16:30	65.090	65.125	65.022	65.092	5
2025-11-03 16:35	65.085	65.175	65.072	65.155	5
2025-11-03 16:40	65.165	65.205	65.092	65.115	5
2025-11-03 16:45	65.135	65.162	65.102	65.147	5
2025-11-03 16:50	65.152	65.215	65.142	65.155	5
2025-11-03 16:55	65.160	65.165	65.102	65.102	5
2025-11-03 17:00	65.095	65.095	65.025	65.037	5
2025-11-03 17:05	65.035	65.035	64.972	65.012	5
2025-11-03 17:10	65.007	65.035	64.955	65.002	5
2025-11-03 17:15	65.000	65.065	64.982	65.025	5
2025-11-03 17:20	65.035	65.055	65.010	65.032	5
2025-11-03 17:25	65.030	65.105	65.030	65.067	5
2025-11-03 17:30	65.075	65.105	65.052	65.092	5
2025-11-03 17:35	65.097	65.150	65.092	65.150	5
2025-11-03 17:40	65.155	65.175	65.062	65.075	5
2025-11-03 17:45	65.065	65.090	65.022	65.032	5
2025-11-03 17:50	65.025	65.055	64.992	65.042	5
2025-11-03 17:55	65.037	65.075	65.002	65.055	5
2025-11-03 18:00	65.045	65.055	64.995	65.000	5
2025-11-03 18:05	64.995	65.070	64.952	65.070	5
2025-11-03 18:10	65.072	65.085	65.025	65.077	5
2025-11-03 18:15	65.085	65.085	65.022	65.062	5
2025-11-03 18:20	65.060	65.065	65.035	65.052	5
2025-11-03 18:25	65.065	65.085	65.022	65.075	5
2025-11-03 18:30	65.065	65.095	65.052	65.055	5
2025-11-03 18:35	65.050	65.050	64.982	64.992	5
2025-11-03 18:40	65.005	65.035	64.992	65.005	5
2025-11-03 18:45	65.000	65.010	64.947	64.952	5
2025-11-03 18:50	64.945	64.970	64.842	64.897	5
2025-11-03 18:55	64.892	64.895	64.762	64.780	5
2025-11-03 19:00	64.795	64.800	64.557	64.637	5
2025-11-03 19:05	64.642	64.775	64.635	64.742	5
2025-11-03 19:10	64.735	64.785	64.725	64.762	5
2025-11-03 19:15	64.775	64.865	64.752	64.845	5
2025-11-03 19:20	64.855	64.895	64.822	64.882	5
2025-11-03 19:25	64.880	64.925	64.805	64.805	5
2025-11-03 19:30	64.815	64.875	64.785	64.832	5
2025-11-03 19:35	64.830	64.875	64.817	64.835	5
2025-11-03 19:40	64.830	64.865	64.825	64.850	5
2025-11-03 19:45	64.855	64.855	64.795	64.810	5
2025-11-03 19:50	64.802	64.835	64.792	64.822	4
2025-11-03 19:55	64.830	64.830	64.782	64.802	5
2025-11-03 20:00	64.795	64.815	64.752	64.792	5
2025-11-03 20:05	64.800	64.865	64.800	64.837	5
2025-11-03 20:10	64.832	64.832	64.787	64.802	5
2025-11-03 20:15	64.805	64.835	64.805	64.825	4
2025-11-03 20:20	64.820	64.825	64.782	64.795	5
2025-11-03 20:25	64.790	64.865	64.788	64.862	5
2025-11-03 20:30	64.875	64.875	64.825	64.825	5
2025-11-03 20:35	64.815	64.840	64.802	64.812	5
2025-11-03 20:40	64.825	64.855	64.812	64.852	5
2025-11-03 20:45	64.860	64.860	64.800	64.805	4
2025-11-03 20:50	64.815	64.865	64.807	64.852	5
2025-11-03 20:55	64.850	64.885	64.845	64.885	5
2025-11-03 21:00	64.895	64.895	64.782	64.782	5
2025-11-03 21:05	64.792	64.802	64.772	64.772	5
2025-11-03 21:10	64.772	64.792	64.767	64.792	5
2025-11-03 21:15	64.802	64.822	64.802	64.807	5
2025-11-03 21:20	64.792	64.797	64.792	64.792	4
2025-11-03 21:25	64.787	64.792	64.782	64.792	2
2025-11-03 21:30	64.812	64.812	64.802	64.802	2
2025-11-03 21:35	64.812	64.812	64.762	64.777	4
2025-11-03 21:40	64.782	64.812	64.757	64.812	5
2025-11-03 21:45	64.817	64.817	64.802	64.802	5
2025-11-03 21:50	64.792	64.822	64.792	64.822	4
2025-11-03 21:55	64.812	64.822	64.812	64.812	5
2025-11-04 01:00	64.710	64.770	64.670	64.712	5
2025-11-04 01:05	64.710	64.777	64.705	64.775	5
2025-11-04 01:10	64.762	64.775	64.750	64.762	5
2025-11-04 01:15	64.760	64.780	64.737	64.767	5
2025-11-04 01:20	64.772	64.785	64.762	64.772	4
2025-11-04 01:25	64.770	64.775	64.762	64.770	5
2025-11-04 01:30	64.775	64.775	64.742	64.752	4
2025-11-04 01:35	64.745	64.760	64.702	64.742	5
2025-11-04 01:40	64.755	64.765	64.732	64.745	5
2025-11-04 01:45	64.750	64.755	64.702	64.750	5
2025-11-04 01:50	64.755	64.770	64.745	64.745	4
2025-11-04 01:55	64.740	64.755	64.732	64.745	4
2025-11-04 02:00	64.735	64.740	64.662	64.702	5
2025-11-04 02:05	64.720	64.740	64.712	64.722	5
2025-11-04 02:10	64.717	64.745	64.712	64.712	5
2025-11-04 02:15	64.705	64.727	64.698	64.717	4
2025-11-04 02:20	64.715	64.715	64.682	64.687	5
2025-11-04 02:25	64.692	64.712	64.682	64.682	5
2025-11-04 02:30	64.672	64.695	64.652	64.670	5
2025-11-04 02:35	64.665	64.685	64.642	64.647	4
2025-11-04 02:40	64.642	64.675	64.642	64.652	5
2025-11-04 02:45	64.645	64.665	64.632	64.642	5
2025-11-04 02:50	64.632	64.635	64.612	64.625	4
2025-11-04 02:55	64.620	64.625	64.590	64.592	4
2025-11-04 03:00	64.605	64.685	64.588	64.680	5
2025-11-04 03:05	64.675	64.685	64.652	64.665	5
2025-11-04 03:10	64.670	64.695	64.652	64.660	5
2025-11-04 03:15	64.655	64.685	64.632	64.682	5
2025-11-04 03:20	64.690	64.690	64.655	64.660	5
2025-11-04 03:25	64.665	64.682	64.655	64.675	5
2025-11-04 03:30	64.677	64.747	64.677	64.745	5
2025-11-04 03:35	64.740	64.740	64.710	64.722	5
2025-11-04 03:40	64.727	64.745	64.720	64.742	4
2025-11-04 03:45	64.740	64.745	64.738	64.745	3
2025-11-04 03:50	64.750	64.750	64.712	64.725	5
2025-11-04 03:55	64.735	64.740	64.728	64.740	4
2025-11-04 04:00	64.742	64.742	64.702	64.735	4
2025-11-04 04:05	64.728	64.735	64.712	64.717	2
2025-11-04 04:10	64.710	64.710	64.682	64.697	4
2025-11-04 04:15	64.710	64.720	64.687	64.720	5
2025-11-04 04:20	64.715	64.725	64.708	64.720	4
2025-11-04 04:25	64.700	64.710	64.685	64.700	5
2025-11-04 04:30	64.705	64.720	64.702	64.712	3
2025-11-04 04:35	64.710	64.715	64.688	64.688	5
2025-11-04 04:40	64.695	64.705	64.665	64.675	3
2025-11-04 04:45	64.665	64.675	64.652	64.657	4
2025-11-04 04:50	64.665	64.675	64.658	64.672	4
2025-11-04 04:55	64.665	64.665	64.658	64.665	2
2025-11-04 05:00	64.655	64.660	64.637	64.645	4
2025-11-04 05:05	64.638	64.645	64.612	64.627	5
2025-11-04 05:10	64.630	64.675	64.630	64.670	5
2025-11-04 05:15	64.675	64.675	64.662	64.662	4
2025-11-04 05:20	64.645	64.655	64.632	64.637	4
2025-11-04 05:25	64.645	64.675	64.645	64.662	4
2025-11-04 05:30	64.670	64.685	64.645	64.677	5
2025-11-04 05:35	64.685	64.705	64.675	64.687	5
2025-11-04 05:40	64.692	64.695	64.652	64.660	5
2025-11-04 05:45	64.662	64.695	64.662	64.682	5
2025-11-04 05:50	64.695	64.700	64.625	64.667	5
2025-11-04 05:55	64.675	64.695	64.660	64.672	5
2025-11-04 06:00	64.670	64.700	64.655	64.685	5
2025-11-04 06:05	64.675	64.695	64.662	64.675	5
2025-11-04 06:10	64.682	64.682	64.605	64.630	5
2025-11-04 06:15	64.635	64.690	64.632	64.655	5
2025-11-04 06:20	64.650	64.695	64.617	64.660	5
2025-11-04 06:25	64.665	64.665	64.630	64.647	5
2025-11-04 06:30	64.642	64.665	64.612	64.650	5
2025-11-04 06:35	64.652	64.655	64.612	64.630	5
2025-11-04 06:40	64.635	64.680	64.622	64.640	4
2025-11-04 06:45	64.642	64.652	64.622	64.630	5
2025-11-04 06:50	64.635	64.640	64.585	64.585	5
2025-11-04 06:55	64.595	64.630	64.582	64.592	5
2025-11-04 07:00	64.597	64.597	64.482	64.570	5
2025-11-04 07:05	64.572	64.665	64.515	64.632	5
2025-11-04 07:10	64.630	64.630	64.550	64.575	5
2025-11-04 07:15	64.570	64.585	64.542	64.555	5
2025-11-04 07:20	64.550	64.565	64.480	64.492	5
2025-11-04 07:25	64.505	64.560	64.490	64.522	5
2025-11-04 07:30	64.530	64.555	64.512	64.545	5
2025-11-04 07:35	64.555	64.565	64.452	64.455	5
2025-11-04 07:40	64.450	64.485	64.442	64.475	5
2025-11-04 07:45	64.495	64.515	64.485	64.492	5
2025-11-04 07:50	64.490	64.495	64.432	64.452	5
2025-11-04 07:55	64.465	64.465	64.362	64.397	5
2025-11-04 08:00	64.405	64.410	64.212	64.240	5
2025-11-04 08:05	64.235	64.302	64.232	64.262	5
2025-11-04 08:10	64.255	64.305	64.205	64.205	5
2025-11-04 08:15	64.215	64.225	64.142	64.212	5
2025-11-04 08:20	64.210	64.265	64.185	64.252	5
2025-11-04 08:25	64.265	64.335	64.220	64.285	5
2025-11-04 08:30	64.285	64.355	64.167	64.190	5
2025-11-04 08:35	64.195	64.205	64.129	64.152	5
2025-11-04 08:40	64.160	64.160	64.012	64.040	5
2025-11-04 08:45	64.035	64.040	63.882	63.902	5
2025-11-04 08:50	63.915	64.015	63.902	63.990	5
2025-11-04 08:55	63.985	64.095	63.960	64.040	5
2025-11-04 09:00	64.035	64.145	64.032	64.045	5
2025-11-04 09:05	64.050	64.095	64.042	64.092	5
2025-11-04 09:10	64.090	64.115	64.062	64.072	5
2025-11-04 09:15	64.070	64.152	64.070	64.140	5
2025-11-04 09:20	64.135	64.155	64.082	64.082	5
2025-11-04 09:25	64.080	64.115	64.042	64.042	5
2025-11-04 09:30	64.065	64.085	64.000	64.005	5
2025-11-04 09:35	64.000	64.020	63.952	64.005	5
2025-11-04 09:40	64.000	64.015	63.950	63.997	5
2025-11-04 09:45	64.002	64.130	63.972	64.120	5
2025-11-04 09:50	64.115	64.155	64.042	64.070	5
2025-11-04 09:55	64.075	64.085	63.932	63.985	5
2025-11-04 10:00	63.975	63.975	63.805	63.862	5
2025-11-04 10:05	63.875	63.935	63.812	63.832	5
2025-11-04 10:10	63.845	63.865	63.812	63.822	5
2025-11-04 10:15	63.820	63.935	63.820	63.892	5
2025-11-04 10:20	63.890	63.935	63.882	63.922	5
2025-11-04 10:25	63.915	63.965	63.892	63.942	5
2025-11-04 10:30	63.940	64.055	63.940	64.007	5
2025-11-04 10:35	64.012	64.095	64.000	64.090	5
2025-11-04 10:40	64.085	64.105	64.035	64.052	5
2025-11-04 10:45	64.045	64.045	63.955	63.997	5
2025-11-04 10:50	63.992	64.045	63.962	63.975	5
2025-11-04 10:55	63.985	63.995	63.945	63.985	5
2025-11-04 11:00	63.995	63.995	63.922	63.942	5
2025-11-04 11:05	63.965	63.980	63.920	63.952	5
2025-11-04 11:10	63.965	63.965	63.892	63.913	5
2025-11-04 11:15	63.905	63.955	63.892	63.942	5
2025-11-04 11:20	63.955	64.025	63.952	64.022	5
2025-11-04 11:25	64.020	64.070	64.012	64.012	5
2025-11-04 11:30	64.025	64.045	63.960	63.985	5
2025-11-04 11:35	63.980	64.075	63.975	64.052	5
2025-11-04 11:40	64.065	64.075	64.032	64.042	5
2025-11-04 11:45	64.035	64.065	63.995	64.012	5
2025-11-04 11:50	64.010	64.072	64.002	64.052	5
2025-11-04 11:55	64.050	64.065	64.005	64.057	5
2025-11-04 12:00	64.052	64.065	64.017	64.035	5
2025-11-04 12:05	64.035	64.075	64.030	64.062	5
2025-11-04 12:10	64.075	64.115	64.062	64.085	5
2025-11-04 12:15	64.075	64.095	64.042	64.052	5
2025-11-04 12:20	64.050	64.080	64.032	64.032	5
2025-11-04 12:25	64.045	64.060	63.992	64.002	5
2025-11-04 12:30	63.995	64.050	63.992	64.005	5
2025-11-04 12:35	64.000	64.095	63.992	64.052	5
2025-11-04 12:40	64.045	64.105	64.030	64.072	5
2025-11-04 12:45	64.085	64.115	64.072	64.102	5
2025-11-04 12:50	64.115	64.205	64.097	64.100	5
2025-11-04 12:55	64.105	64.155	64.090	64.145	5
2025-11-04 13:00	64.138	64.138	63.972	64.022	5
2025-11-04 13:05	64.030	64.155	64.022	64.122	5
2025-11-04 13:10	64.115	64.165	64.098	64.125	5
2025-11-04 13:15	64.120	64.150	64.072	64.082	5
2025-11-04 13:20	64.080	64.115	64.065	64.095	5
2025-11-04 13:25	64.100	64.100	64.032	64.062	5
2025-11-04 13:30	64.075	64.100	64.042	64.042	5
2025-11-04 13:35	64.040	64.045	63.915	63.995	5
2025-11-04 13:40	64.005	64.055	63.962	63.995	5
2025-11-04 13:45	64.010	64.030	63.942	63.942	5
2025-11-04 13:50	63.940	63.960	63.892	63.952	5
2025-11-04 13:55	63.945	63.965	63.860	63.860	5
2025-11-04 14:00	63.857	64.135	63.857	64.132	5
2025-11-04 14:05	64.145	64.165	64.032	64.100	5
2025-11-04 14:10	64.092	64.160	64.030	64.152	5
2025-11-04 14:15	64.142	64.285	64.122	64.232	5
2025-11-04 14:20	64.245	64.340	64.240	64.302	5
2025-11-04 14:25	64.300	64.300	64.212	64.262	5
2025-11-04 14:30	64.275	64.295	64.132	64.142	5
2025-11-04 14:35	64.135	64.245	64.115	64.190	5
2025-11-04 14:40	64.185	64.305	64.152	64.280	5
2025-11-04 14:45	64.272	64.335	64.202	64.262	5
2025-11-04 14:50	64.245	64.345	64.242	64.322	5
2025-11-04 14:55	64.335	64.470	64.332	64.365	5
2025-11-04 15:00	64.375	64.395	64.272	64.362	5
2025-11-04 15:05	64.375	64.390	64.292	64.382	5
2025-11-04 15:10	64.380	64.435	64.362	64.425	5
2025-11-04 15:15	64.430	64.460	64.405	64.405	5
2025-11-04 15:20	64.415	64.415	64.332	64.372	5
2025-11-04 15:25	64.365	64.405	64.332	64.400	5
2025-11-04 15:30	64.405	64.425	64.357	64.410	5
2025-11-04 15:35	64.405	64.505	64.402	64.445	5
2025-11-04 15:40	64.435	64.495	64.392	64.482	5
2025-11-04 15:45	64.490	64.500	64.392	64.412	5
2025-11-04 15:50	64.420	64.555	64.375	64.545	5
2025-11-04 15:55	64.555	64.595	64.495	64.595	5
2025-11-04 16:00	64.588	64.665	64.572	64.612	5
2025-11-04 16:05	64.620	64.655	64.577	64.632	5
2025-11-04 16:10	64.630	64.655	64.570	64.592	5
2025-11-04 16:15	64.580	64.605	64.542	64.572	5
2025-11-04 16:20	64.595	64.605	64.460	64.460	5
2025-11-04 16:25	64.455	64.555	64.432	64.482	5
2025-11-04 16:30	64.490	64.565	64.432	64.510	5
2025-11-04 16:35	64.515	64.555	64.462	64.482	5
2025-11-04 16:40	64.495	64.495	64.430	64.452	5
2025-11-04 16:45	64.465	64.500	64.432	64.447	5
2025-11-04 16:50	64.455	64.575	64.412	64.545	5
2025-11-04 16:55	64.535	64.565	64.485	64.550	5
2025-11-04 17:00	64.555	64.555	64.475	64.482	5
2025-11-04 17:05	64.495	64.532	64.452	64.455	5
2025-11-04 17:10	64.445	64.520	64.442	64.515	5
2025-11-04 17:15	64.520	64.535	64.482	64.502	5
2025-11-04 17:20	64.495	64.575	64.492	64.550	5
2025-11-04 17:25	64.555	64.630	64.545	64.547	5
2025-11-04 17:30	64.540	64.540	64.452	64.472	5
2025-11-04 17:35	64.470	64.495	64.405	64.482	5
2025-11-04 17:40	64.495	64.515	64.442	64.510	5
2025-11-04 17:45	64.512	64.585	64.502	64.585	5
2025-11-04 17:50	64.595	64.695	64.592	64.620	5
2025-11-04 17:55	64.622	64.625	64.542	64.595	5
2025-11-04 18:00	64.585	64.625	64.542	64.542	5
2025-11-04 18:05	64.555	64.575	64.532	64.547	5
2025-11-04 18:10	64.545	64.575	64.532	64.552	5
2025-11-04 18:15	64.560	64.605	64.532	64.580	5
2025-11-04 18:20	64.572	64.675	64.572	64.662	5
2025-11-04 18:25	64.657	64.690	64.592	64.607	5
2025-11-04 18:30	64.625	64.655	64.532	64.532	5
2025-11-04 18:35	64.525	64.542	64.362	64.405	5
2025-11-04 18:40	64.392	64.450	64.382	64.430	5
2025-11-04 18:45	64.425	64.432	64.375	64.402	5
2025-11-04 18:50	64.407	64.515	64.405	64.515	5
2025-11-04 18:55	64.505	64.515	64.465	64.492	5
2025-11-04 19:00	64.497	64.565	64.485	64.512	5
2025-11-04 19:05	64.525	64.525	64.392	64.402	5
2025-11-04 19:10	64.412	64.445	64.395	64.415	5
2025-11-04 19:15	64.420	64.435	64.355	64.430	5
2025-11-04 19:20	64.435	64.475	64.392	64.420	5
2025-11-04 19:25	64.425	64.455	64.342	64.432	5
2025-11-04 19:30	64.425	64.450	64.352	64.425	5
2025-11-04 19:35	64.420	64.425	64.372	64.422	5
2025-11-04 19:40	64.435	64.465	64.432	64.445	5
2025-11-04 19:45	64.440	64.525	64.422	64.515	5
2025-11-04 19:50	64.505	64.565	64.492	64.502	5
2025-11-04 19:55	64.510	64.515	64.402	64.402	5
2025-11-04 20:00	64.400	64.435	64.392	64.395	4
2025-11-04 20:05	64.385	64.425	64.382	64.390	5
2025-11-04 20:10	64.385	64.395	64.302	64.315	5
2025-11-04 20:15	64.315	64.340	64.312	64.332	5
2025-11-04 20:20	64.325	64.325	64.302	64.322	5
2025-11-04 20:25	64.320	64.335	64.312	64.312	5
2025-11-04 20:30	64.305	64.322	64.292	64.292	5
2025-11-04 20:35	64.305	64.350	64.302	64.340	5
2025-11-04 20:40	64.342	64.367	64.330	64.332	5
2025-11-04 20:45	64.327	64.345	64.292	64.292	5
2025-11-04 20:50	64.290	64.305	64.265	64.280	5
2025-11-04 20:55	64.275	64.285	64.232	64.262	5
2025-11-04 21:00	64.270	64.270	64.212	64.252	5
2025-11-04 21:05	64.247	64.257	64.237	64.237	5
2025-11-04 21:10	64.232	64.243	64.227	64.227	4
2025-11-04 21:15	64.222	64.243	64.222	64.232	4
2025-11-04 21:20	64.227	64.227	64.212	64.217	4
2025-11-04 21:25	64.217	64.217	64.212	64.212	3
2025-11-04 21:30	64.222	64.252	64.197	64.232	5
2025-11-04 21:35	64.242	64.293	64.217	64.277	5
2025-11-04 21:40	64.277	64.292	64.262	64.282	5
2025-11-04 21:45	64.282	64.282	64.222	64.242	5
2025-11-04 21:50	64.237	64.302	64.237	64.302	5
2025-11-04 21:55	64.297	64.297	64.267	64.287	5
2025-11-05 01:00	64.190	64.220	64.152	64.165	5
2025-11-05 01:05	64.175	64.175	64.085	64.085	5
2025-11-05 01:10	64.090	64.110	64.062	64.062	5
2025-11-05 01:15	64.060	64.067	63.982	63.982	5
2025-11-05 01:20	63.990	63.990	63.910	63.922	5
2025-11-05 01:25	63.920	63.935	63.895	63.925	5
2025-11-05 01:30	63.915	63.955	63.892	63.952	5
2025-11-05 01:35	63.960	64.025	63.950	63.970	5
2025-11-05 01:40	63.962	64.045	63.955	64.000	5
2025-11-05 01:45	63.992	64.035	63.980	64.035	5
2025-11-05 01:50	64.015	64.035	63.995	64.025	5
2025-11-05 01:55	64.018	64.065	64.007	64.010	5
2025-11-05 02:00	64.015	64.045	64.010	64.022	5
2025-11-05 02:05	64.030	64.045	64.022	64.032	5
2025-11-05 02:10	64.045	64.055	64.025	64.032	5
2025-11-05 02:15	64.037	64.045	64.010	64.032	5
2025-11-05 02:20	64.045	64.065	63.992	64.020	5
2025-11-05 02:25	64.025	64.045	64.002	64.007	5
2025-11-05 02:30	64.015	64.065	64.005	64.055	5
2025-11-05 02:35	64.047	64.115	64.042	64.085	5
2025-11-05 02:40	64.077	64.125	64.067	64.112	5
2025-11-05 02:45	64.120	64.157	64.107	64.107	5
2025-11-05 02:50	64.120	64.125	64.085	64.100	5
2025-11-05 02:55	64.105	64.125	64.092	64.115	5
2025-11-05 03:00	64.120	64.140	64.107	64.135	5
2025-11-05 03:05	64.130	64.145	64.110	64.135	5
2025-11-05 03:10	64.130	64.130	64.102	64.112	5
2025-11-05 03:15	64.120	64.150	64.120	64.135	5
2025-11-05 03:20	64.137	64.155	64.130	64.155	5
2025-11-05 03:25	64.148	64.245	64.148	64.242	5
2025-11-05 03:30	64.255	64.295	64.240	64.292	5
2025-11-05 03:35	64.275	64.285	64.255	64.270	5
2025-11-05 03:40	64.272	64.295	64.265	64.280	5
2025-11-05 03:45	64.282	64.345	64.277	64.342	5
2025-11-05 03:50	64.335	64.400	64.327	64.332	5
2025-11-05 03:55	64.340	64.390	64.302	64.382	5
2025-11-05 04:00	64.395	64.422	64.337	64.350	5
2025-11-05 04:05	64.335	64.370	64.332	64.362	3
2025-11-05 04:10	64.355	64.390	64.352	64.382	5
2025-11-05 04:15	64.375	64.385	64.352	64.365	5
2025-11-05 04:20	64.355	64.380	64.352	64.368	5
2025-11-05 04:25	64.385	64.400	64.378	64.382	5
2025-11-05 04:30	64.395	64.455	64.395	64.455	5
2025-11-05 04:35	64.450	64.455	64.410	64.410	5
2025-11-05 04:40	64.415	64.425	64.410	64.417	5
2025-11-05 04:45	64.425	64.425	64.367	64.367	3
2025-11-05 04:50	64.375	64.400	64.360	64.380	5
2025-11-05 04:55	64.390	64.395	64.375	64.385	5
2025-11-05 05:00	64.380	64.400	64.365	64.380	5
2025-11-05 05:05	64.372	64.400	64.362	64.382	5
2025-11-05 05:10	64.380	64.405	64.375	64.395	4
2025-11-05 05:15	64.405	64.420	64.392	64.420	5
2025-11-05 05:20	64.415	64.445	64.415	64.432	5
2025-11-05 05:25	64.430	64.460	64.412	64.445	5
2025-11-05 05:30	64.430	64.462	64.412	64.462	5
2025-11-05 05:35	64.470	64.507	64.450	64.502	5
2025-11-05 05:40	64.497	64.497	64.457	64.475	5
2025-11-05 05:45	64.470	64.480	64.432	64.472	5
2025-11-05 05:50	64.480	64.545	64.472	64.515	5
2025-11-05 05:55	64.510	64.540	64.497	64.535	5
2025-11-05 06:00	64.540	64.545	64.495	64.517	5
2025-11-05 06:05	64.515	64.540	64.512	64.512	5
2025-11-05 06:10	64.510	64.535	64.505	64.517	5
2025-11-05 06:15	64.522	64.565	64.515	64.560	5
2025-11-05 06:20	64.555	64.565	64.532	64.540	5
2025-11-05 06:25	64.535	64.540	64.492	64.492	5
2025-11-05 06:30	64.500	64.555	64.472	64.552	5
2025-11-05 06:35	64.550	64.575	64.517	64.537	5
2025-11-05 06:40	64.532	64.532	64.507	64.515	5
2025-11-05 06:45	64.510	64.515	64.472	64.495	5
2025-11-05 06:50	64.492	64.495	64.422	64.430	5
2025-11-05 06:55	64.422	64.462	64.382	64.437	5
2025-11-05 07:00	64.460	64.485	64.332	64.345	5
2025-11-05 07:05	64.350	64.392	64.253	64.325	5
2025-11-05 07:10	64.327	64.385	64.327	64.367	5
2025-11-05 07:15	64.365	64.375	64.302	64.342	5
2025-11-05 07:20	64.355	64.380	64.310	64.322	5
2025-11-05 07:25	64.320	64.370	64.312	64.362	5
2025-11-05 07:30	64.355	64.415	64.347	64.395	5
2025-11-05 07:35	64.392	64.445	64.352	64.355	5
2025-11-05 07:40	64.350	64.410	64.350	64.392	5
2025-11-05 07:45	64.390	64.415	64.325	64.340	5
2025-11-05 07:50	64.345	64.440	64.325	64.432	5
2025-11-05 07:55	64.430	64.465	64.392	64.450	5
2025-11-05 08:00	64.453	64.475	64.342	64.395	5
2025-11-05 08:05	64.415	64.445	64.257	64.332	5
2025-11-05 08:10	64.330	64.395	64.305	64.382	5
2025-11-05 08:15	64.375	64.385	64.312	64.332	5
2025-11-05 08:20	64.340	64.365	64.322	64.352	5
2025-11-05 08:25	64.345	64.345	64.252	64.315	5
2025-11-05 08:30	64.325	64.505	64.302	64.495	5
2025-11-05 08:35	64.505	64.505	64.412	64.472	5
2025-11-05 08:40	64.505	64.595	64.492	64.492	5
2025-11-05 08:45	64.505	64.565	64.477	64.512	5
2025-11-05 08:50	64.500	64.510	64.420	64.465	5
2025-11-05 08:55	64.475	64.545	64.427	64.515	5
2025-11-05 09:00	64.525	64.565	64.498	64.552	5
2025-11-05 09:05	64.565	64.645	64.532	64.540	5
2025-11-05 09:10	64.545	64.575	64.502	64.502	5
2025-11-05 09:15	64.512	64.620	64.462	64.595	5
2025-11-05 09:20	64.585	64.612	64.535	64.572	5
2025-11-05 09:25	64.585	64.620	64.562	64.605	5
2025-11-05 09:30	64.600	64.765	64.595	64.765	5
2025-11-05 09:35	64.760	64.842	64.732	64.767	5
2025-11-05 09:40	64.765	64.775	64.692	64.715	5
2025-11-05 09:45	64.725	64.735	64.672	64.702	5
2025-11-05 09:50	64.700	64.735	64.642	64.655	5
2025-11-05 09:55	64.665	64.725	64.662	64.722	5
2025-11-05 10:00	64.745	64.805	64.702	64.732	5
2025-11-05 10:05	64.740	64.825	64.717	64.815	5
2025-11-05 10:10	64.820	64.895	64.812	64.842	5
2025-11-05 10:15	64.835	64.855	64.782	64.782	5
2025-11-05 10:20	64.792	64.902	64.792	64.872	5
2025-11-05 10:25	64.880	64.890	64.812	64.832	5
2025-11-05 10:30	64.845	64.920	64.842	64.875	5
2025-11-05 10:35	64.870	64.890	64.822	64.890	5
2025-11-05 10:40	64.895	64.900	64.817	64.832	5
2025-11-05 10:45	64.840	64.905	64.830	64.905	5
2025-11-05 10:50	64.895	64.895	64.850	64.852	5
2025-11-05 10:55	64.865	64.865	64.732	64.750	5
2025-11-05 11:00	64.735	64.855	64.722	64.852	5
2025-11-05 11:05	64.845	64.885	64.812	64.815	5
2025-11-05 11:10	64.805	64.810	64.672	64.692	5
2025-11-05 11:15	64.690	64.705	64.655	64.672	5
2025-11-05 11:20	64.685	64.690	64.542	64.570	5
2025-11-05 11:25	64.575	64.615	64.535	64.575	5
2025-11-05 11:30	64.585	64.635	64.552	64.572	5
2025-11-05 11:35	64.570	64.585	64.535	64.552	5
2025-11-05 11:40	64.550	64.560	64.492	64.500	5
2025-11-05 11:45	64.492	64.525	64.492	64.502	5
2025-11-05 11:50	64.515	64.520	64.485	64.492	5
2025-11-05 11:55	64.480	64.485	64.380	64.392	5
2025-11-05 12:00	64.372	64.385	64.142	64.182	5
2025-11-05 12:05	64.175	64.185	64.152	64.172	5
2025-11-05 12:10	64.165	64.165	64.052	64.085	5
2025-11-05 12:15	64.100	64.255	64.082	64.242	5
2025-11-05 12:20	64.240	64.332	64.240	64.322	5
2025-11-05 12:25	64.335	64.362	64.270	64.275	5
2025-11-05 12:30	64.285	64.315	64.225	64.242	5
2025-11-05 12:35	64.235	64.255	64.177	64.245	5
2025-11-05 12:40	64.250	64.255	64.215	64.245	5
2025-11-05 12:45	64.230	64.315	64.225	64.272	5
2025-11-05 12:50	64.265	64.285	64.205	64.205	5
2025-11-05 12:55	64.215	64.285	64.202	64.225	5
2025-11-05 13:00	64.235	64.262	64.175	64.260	5
2025-11-05 13:05	64.255	64.255	64.162	64.212	5
2025-11-05 13:10	64.200	64.205	64.135	64.160	5
2025-11-05 13:15	64.150	64.190	64.042	64.082	5
2025-11-05 13:20	64.090	64.135	64.042	64.062	5
2025-11-05 13:25	64.075	64.132	64.062	64.110	5
2025-11-05 13:30	64.102	64.195	64.090	64.185	5
2025-11-05 13:35	64.190	64.242	64.122	64.225	5
2025-11-05 13:40	64.210	64.215	64.112	64.115	5
2025-11-05 13:45	64.110	64.125	64.032	64.042	5
2025-11-05 13:50	64.055	64.175	64.052	64.172	5
2025-11-05 13:55	64.170	64.215	64.108	64.142	5
2025-11-05 14:00	64.130	64.135	64.052	64.082	5
2025-11-05 14:05	64.090	64.095	63.985	64.052	5
2025-11-05 14:10	64.050	64.082	63.992	64.080	5
2025-11-05 14:15	64.075	64.125	64.012	64.042	5
2025-11-05 14:20	64.050	64.120	64.042	64.105	5
2025-11-05 14:25	64.110	64.140	64.075	64.080	5
2025-11-05 14:30	64.085	64.095	63.992	63.995	5
2025-11-05 14:35	63.982	64.065	63.952	64.042	5
2025-11-05 14:40	64.035	64.105	64.022	64.072	5
2025-11-05 14:45	64.085	64.125	64.020	64.030	5
2025-11-05 14:50	64.025	64.192	63.985	64.172	5
2025-11-05 14:55	64.185	64.190	64.047	64.072	5
2025-11-05 15:00	64.068	64.137	64.050	64.085	5
2025-11-05 15:05	64.095	64.260	64.072	64.212	5
2025-11-05 15:10	64.190	64.205	64.072	64.160	5
2025-11-05 15:15	64.175	64.175	64.030	64.085	5
2025-11-05 15:20	64.095	64.160	64.078	64.155	5
2025-11-05 15:25	64.165	64.200	64.122	64.157	5
2025-11-05 15:30	64.152	64.270	64.040	64.222	5
2025-11-05 15:35	64.212	64.242	64.147	64.205	5
2025-11-05 15:40	64.200	64.395	64.177	64.322	5
2025-11-05 15:45	64.330	64.425	64.252	64.385	5
2025-11-05 15:50	64.375	64.500	64.375	64.485	5
2025-11-05 15:55	64.482	64.615	64.452	64.590	5
2025-11-05 16:00	64.592	64.695	64.562	64.662	5
2025-11-05 16:05	64.655	64.675	64.552	64.595	5
2025-11-05 16:10	64.600	64.615	64.500	64.525	5
2025-11-05 16:15	64.520	64.562	64.392	64.452	5
2025-11-05 16:20	64.460	64.525	64.435	64.440	5
2025-11-05 16:25	64.435	64.445	64.307	64.365	5
2025-11-05 16:30	64.355	64.385	64.142	64.157	5
2025-11-05 16:35	64.155	64.175	64.002	64.077	5
2025-11-05 16:40	64.070	64.085	63.862	63.862	5
2025-11-05 16:45	63.862	63.965	63.735	63.922	5
2025-11-05 16:50	63.920	63.920	63.797	63.802	5
2025-11-05 16:55	63.800	63.810	63.702	63.705	5
2025-11-05 17:00	63.710	63.785	63.622	63.625	5
2025-11-05 17:05	63.630	63.710	63.572	63.700	5
2025-11-05 17:10	63.702	63.745	63.642	63.700	5
2025-11-05 17:15	63.712	63.785	63.692	63.745	5
2025-11-05 17:20	63.740	63.785	63.712	63.755	5
2025-11-05 17:25	63.765	63.765	63.672	63.675	5
2025-11-05 17:30	63.665	63.665	63.532	63.615	5
2025-11-05 17:35	63.625	63.690	63.612	63.685	5
2025-11-05 17:40	63.677	63.725	63.635	63.665	5
2025-11-05 17:45	63.660	63.720	63.647	63.657	5
2025-11-05 17:50	63.655	63.695	63.652	63.652	5
2025-11-05 17:55	63.650	63.675	63.622	63.642	5
2025-11-05 18:00	63.635	63.685	63.562	63.572	5
2025-11-05 18:05	63.595	63.625	63.572	63.607	5
2025-11-05 18:10	63.605	63.605	63.552	63.602	5
2025-11-05 18:15	63.600	63.645	63.582	63.625	5
2025-11-05 18:20	63.635	63.645	63.597	63.620	5
2025-11-05 18:25	63.622	63.685	63.592	63.602	5
2025-11-05 18:30	63.625	63.655	63.555	63.572	5
2025-11-05 18:35	63.570	63.625	63.532	63.622	5
2025-11-05 18:40	63.622	63.640	63.565	63.592	5
2025-11-05 18:45	63.605	63.675	63.582	63.667	5
2025-11-05 18:50	63.675	63.715	63.672	63.677	5
2025-11-05 18:55	63.675	63.705	63.662	63.667	5
2025-11-05 19:00	63.665	63.695	63.632	63.682	5
2025-11-05 19:05	63.690	63.690	63.482	63.482	5
2025-11-05 19:10	63.470	63.605	63.470	63.575	5
2025-11-05 19:15	63.580	63.585	63.492	63.552	5
2025-11-05 19:20	63.565	63.595	63.507	63.512	5
2025-11-05 19:25	63.530	63.555	63.472	63.502	5
2025-11-05 19:30	63.495	63.525	63.422	63.472	5
2025-11-05 19:35	63.462	63.515	63.452	63.492	5
2025-11-05 19:40	63.490	63.515	63.462	63.475	5
2025-11-05 19:45	63.465	63.470	63.412	63.432	5
2025-11-05 19:50	63.445	63.475	63.435	63.455	5
2025-11-05 19:55	63.450	63.465	63.432	63.457	4
2025-11-05 20:00	63.475	63.525	63.465	63.522	5
2025-11-05 20:05	63.520	63.525	63.492	63.502	5
2025-11-05 20:10	63.515	63.535	63.498	63.505	3
2025-11-05 20:15	63.510	63.535	63.492	63.520	5
2025-11-05 20:20	63.512	63.535	63.512	63.517	5
2025-11-05 20:25	63.525	63.535	63.502	63.502	3
2025-11-05 20:30	63.510	63.520	63.492	63.512	5
2025-11-05 20:35	63.510	63.535	63.502	63.532	5
2025-11-05 20:40	63.530	63.542	63.512	63.525	5
2025-11-05 20:45	63.530	63.530	63.507	63.512	5
2025-11-05 20:50	63.510	63.545	63.505	63.530	5
2025-11-05 20:55	63.525	63.525	63.482	63.490	5
2025-11-05 21:00	63.495	63.495	63.462	63.482	5
2025-11-05 21:05	63.487	63.492	63.472	63.487	5
2025-11-05 21:10	63.487	63.502	63.482	63.482	5
2025-11-05 21:15	63.482	63.512	63.482	63.512	5
2025-11-05 21:20	63.502	63.512	63.492	63.492	4
2025-11-05 21:25	63.482	63.492	63.462	63.492	4
2025-11-05 21:30	63.492	63.497	63.472	63.477	4
2025-11-05 21:35	63.482	63.492	63.482	63.487	4
2025-11-05 21:40	63.482	63.492	63.482	63.487	4
2025-11-05 21:45	63.482	63.497	63.482	63.492	4
2025-11-05 21:50	63.487	63.498	63.452	63.477	4
2025-11-05 21:55	63.477	63.517	63.477	63.497	5
2025-11-06 01:00	63.527	63.570	63.460	63.465	5
2025-11-06 01:05	63.460	63.505	63.457	63.490	5
2025-11-06 01:10	63.482	63.510	63.460	63.495	5
2025-11-06 01:15	63.485	63.515	63.480	63.507	5
2025-11-06 01:20	63.502	63.595	63.502	63.582	5
2025-11-06 01:25	63.585	63.585	63.507	63.522	5
2025-11-06 01:30	63.530	63.545	63.522	63.525	5
2025-11-06 01:35	63.530	63.605	63.525	63.597	5
2025-11-06 01:40	63.605	63.635	63.592	63.630	5
2025-11-06 01:45	63.625	63.630	63.542	63.552	5
2025-11-06 01:50	63.550	63.595	63.547	63.547	5
2025-11-06 01:55	63.552	63.552	63.515	63.522	5
2025-11-06 02:00	63.505	63.535	63.472	63.515	5
2025-11-06 02:05	63.520	63.520	63.492	63.515	4
2025-11-06 02:10	63.525	63.525	63.495	63.522	5
2025-11-06 02:15	63.545	63.645	63.542	63.625	5
2025-11-06 02:20	63.627	63.645	63.592	63.592	5
2025-11-06 02:25	63.590	63.615	63.585	63.598	5
2025-11-06 02:30	63.600	63.655	63.572	63.645	5
2025-11-06 02:35	63.640	63.660	63.612	63.635	5
2025-11-06 02:40	63.645	63.665	63.632	63.640	4
2025-11-06 02:45	63.635	63.645	63.582	63.602	5
2025-11-06 02:50	63.610	63.645	63.605	63.620	5
2025-11-06 02:55	63.625	63.645	63.612	63.645	5
2025-11-06 03:00	63.640	63.665	63.632	63.640	5
2025-11-06 03:05	63.645	63.645	63.602	63.602	4
2025-11-06 03:10	63.615	63.625	63.595	63.600	5
2025-11-06 03:15	63.595	63.635	63.592	63.632	5
2025-11-06 03:20	63.630	63.630	63.610	63.612	4
2025-11-06 03:25	63.620	63.625	63.602	63.612	4
2025-11-06 03:30	63.607	63.635	63.607	63.612	4
2025-11-06 03:35	63.610	63.625	63.602	63.622	5
2025-11-06 03:40	63.640	63.652	63.622	63.650	4
2025-11-06 03:45	63.642	63.660	63.635	63.650	5
2025-11-06 03:50	63.655	63.685	63.655	63.680	5
2025-11-06 03:55	63.675	63.685	63.652	63.675	5
2025-11-06 04:00	63.665	63.685	63.660	63.675	5
2025-11-06 04:05	63.680	63.750	63.680	63.730	5
2025-11-06 04:10	63.735	63.745	63.730	63.742	4
2025-11-06 04:15	63.750	63.755	63.715	63.725	4
2025-11-06 04:20	63.730	63.730	63.692	63.700	5
2025-11-06 04:25	63.702	63.710	63.682	63.682	5
2025-11-06 04:30	63.680	63.710	63.680	63.710	5
2025-11-06 04:35	63.715	63.715	63.682	63.705	4
2025-11-06 04:40	63.695	63.702	63.690	63.702	3
2025-11-06 04:45	63.695	63.695	63.660	63.665	4
2025-11-06 04:50	63.657	63.690	63.655	63.665	5
2025-11-06 04:55	63.658	63.685	63.658	63.672	4
2025-11-06 05:00	63.680	63.715	63.680	63.682	4
2025-11-06 05:05	63.690	63.690	63.662	63.675	5
2025-11-06 05:10	63.677	63.730	63.672	63.730	4
2025-11-06 05:15	63.735	63.760	63.717	63.750	5
2025-11-06 05:20	63.755	63.760	63.742	63.752	5
2025-11-06 05:25	63.742	63.755	63.732	63.752	5
2025-11-06 05:30	63.750	63.755	63.737	63.752	5
2025-11-06 05:35	63.765	63.765	63.725	63.757	5
2025-11-06 05:40	63.755	63.755	63.735	63.735	5
2025-11-06 05:45	63.727	63.765	63.712	63.745	4
2025-11-06 05:50	63.755	63.765	63.750	63.757	4
2025-11-06 05:55	63.755	63.765	63.742	63.762	5
2025-11-06 06:00	63.760	63.765	63.725	63.742	5
2025-11-06 06:05	63.750	63.785	63.747	63.765	5
2025-11-06 06:10	63.770	63.805	63.770	63.800	5
2025-11-06 06:15	63.792	63.805	63.742	63.752	5
2025-11-06 06:20	63.747	63.770	63.722	63.722	5
2025-11-06 06:25	63.735	63.735	63.720	63.725	4
2025-11-06 06:30	63.727	63.742	63.662	63.670	5
2025-11-06 06:35	63.665	63.722	63.662	63.700	5
2025-11-06 06:40	63.705	63.705	63.642	63.672	5
2025-11-06 06:45	63.680	63.722	63.680	63.720	5
2025-11-06 06:50	63.715	63.735	63.702	63.725	5
2025-11-06 06:55	63.730	63.815	63.720	63.802	5
2025-11-06 07:00	63.815	63.852	63.805	63.845	5
2025-11-06 07:05	63.850	63.875	63.840	63.840	5
2025-11-06 07:10	63.835	63.835	63.742	63.762	5
2025-11-06 07:15	63.770	63.775	63.672	63.695	5
2025-11-06 07:20	63.697	63.735	63.665	63.735	5
2025-11-06 07:25	63.727	63.775	63.722	63.740	5
2025-11-06 07:30	63.735	63.772	63.712	63.757	5
2025-11-06 07:35	63.755	63.780	63.742	63.760	5
2025-11-06 07:40	63.753	63.790	63.705	63.732	5
2025-11-06 07:45	63.725	63.765	63.717	63.725	5
2025-11-06 07:50	63.730	63.770	63.712	63.717	5
2025-11-06 07:55	63.712	63.725	63.642	63.652	5
2025-11-06 08:00	63.660	63.665	63.442	63.442	5
2025-11-06 08:05	63.447	63.490	63.352	63.372	5
2025-11-06 08:10	63.377	63.455	63.377	63.455	5
2025-11-06 08:15	63.452	63.575	63.392	63.532	5
2025-11-06 08:20	63.540	63.645	63.532	63.537	5
2025-11-06 08:25	63.540	63.625	63.502	63.600	5
2025-11-06 08:30	63.615	63.715	63.605	63.670	5
2025-11-06 08:35	63.662	63.940	63.662	63.915	5
2025-11-06 08:40	63.910	63.925	63.812	63.912	5
2025-11-06 08:45	63.905	63.995	63.902	63.982	5
2025-11-06 08:50	63.990	64.125	63.990	64.105	5
2025-11-06 08:55	64.115	64.160	64.082	64.145	5
2025-11-06 09:00	64.155	64.225	64.142	64.172	5
2025-11-06 09:05	64.165	64.185	64.082	64.092	5
2025-11-06 09:10	64.100	64.115	64.032	64.070	5
2025-11-06 09:15	64.055	64.165	64.022	64.142	5
2025-11-06 09:20	64.135	64.220	64.112	64.192	5
2025-11-06 09:25	64.190	64.295	64.175	64.282	5
2025-11-06 09:30	64.295	64.305	64.190	64.200	5
2025-11-06 09:35	64.205	64.205	64.142	64.175	5
2025-11-06 09:40	64.190	64.195	64.015	64.015	5
2025-11-06 09:45	64.005	64.060	63.912	63.922	5
2025-11-06 09:50	63.932	63.995	63.922	63.962	5
2025-11-06 09:55	63.945	63.990	63.892	63.975	5
2025-11-06 10:00	63.970	64.020	63.945	63.950	5
2025-11-06 10:05	63.945	64.025	63.922	63.982	5
2025-11-06 10:10	63.990	64.025	63.932	63.955	5
2025-11-06 10:15	63.945	63.985	63.882	63.915	5
2025-11-06 10:20	63.925	63.985	63.902	63.957	5
2025-11-06 10:25	63.952	63.952	63.825	63.862	5
2025-11-06 10:30	63.857	63.885	63.762	63.862	5
2025-11-06 10:35	63.855	63.975	63.845	63.950	5
2025-11-06 10:40	63.952	63.992	63.920	63.962	5
2025-11-06 10:45	63.955	63.995	63.920	63.950	5
2025-11-06 10:50	63.955	63.985	63.872	63.942	5
2025-11-06 10:55	63.950	63.995	63.932	63.982	5
2025-11-06 11:00	64.000	64.025	63.945	63.950	5
2025-11-06 11:05	63.952	63.960	63.862	63.862	5
2025-11-06 11:10	63.875	63.920	63.862	63.905	5
2025-11-06 11:15	63.915	63.925	63.842	63.860	5
2025-11-06 11:20	63.855	63.955	63.842	63.880	5
2025-11-06 11:25	63.875	63.905	63.855	63.882	5
2025-11-06 11:30	63.880	63.895	63.792	63.805	5
2025-11-06 11:35	63.810	63.865	63.750	63.765	5
2025-11-06 11:40	63.770	63.802	63.732	63.782	5
2025-11-06 11:45	63.780	63.845	63.770	63.802	5
2025-11-06 11:50	63.790	63.815	63.780	63.795	5
2025-11-06 11:55	63.805	63.815	63.740	63.762	5
2025-11-06 12:00	63.785	63.945	63.758	63.942	5
2025-11-06 12:05	63.947	63.975	63.845	63.845	5
2025-11-06 12:10	63.855	63.895	63.822	63.832	5
2025-11-06 12:15	63.825	63.872	63.792	63.845	5
2025-11-06 12:20	63.825	63.885	63.785	63.875	5
2025-11-06 12:25	63.885	63.915	63.832	63.840	5
2025-11-06 12:30	63.842	63.895	63.797	63.890	5
2025-11-06 12:35	63.885	63.952	63.882	63.922	5
2025-11-06 12:40	63.920	63.962	63.912	63.917	5
2025-11-06 12:45	63.915	63.975	63.915	63.970	5
2025-11-06 12:50	63.975	63.985	63.922	63.950	5
2025-11-06 12:55	63.955	64.005	63.932	63.952	5
2025-11-06 13:00	63.960	63.995	63.852	63.852	5
2025-11-06 13:05	63.845	63.865	63.802	63.802	5
2025-11-06 13:10	63.807	63.875	63.792	63.855	5
2025-11-06 13:15	63.850	63.925	63.835	63.875	5
2025-11-06 13:20	63.885	63.915	63.852	63.885	5
2025-11-06 13:25	63.882	64.015	63.867	63.985	5
2025-11-06 13:30	63.990	63.990	63.852	63.892	5
2025-11-06 13:35	63.887	63.945	63.872	63.942	5
2025-11-06 13:40	63.940	63.942	63.882	63.922	5
2025-11-06 13:45	63.930	63.945	63.722	63.745	5
2025-11-06 13:50	63.740	63.740	63.632	63.640	5
2025-11-06 13:55	63.645	63.670	63.582	63.645	5
2025-11-06 14:00	63.625	63.725	63.532	63.592	5
2025-11-06 14:05	63.590	63.605	63.492	63.505	5
2025-11-06 14:10	63.515	63.615	63.455	63.532	5
2025-11-06 14:15	63.545	63.555	63.242	63.265	5
2025-11-06 14:20	63.275	63.325	63.145	63.182	5
2025-11-06 14:25	63.180	63.222	63.117	63.145	5
2025-11-06 14:30	63.135	63.180	63.117	63.162	5
2025-11-06 14:35	63.160	63.345	63.117	63.315	5
2025-11-06 14:40	63.320	63.325	63.117	63.122	5
2025-11-06 14:45	63.135	63.235	63.132	63.182	5
2025-11-06 14:50	63.175	63.185	63.052	63.072	5
2025-11-06 14:55	63.085	63.170	63.062	63.072	5
2025-11-06 15:00	63.068	63.068	62.922	62.962	5
2025-11-06 15:05	62.960	63.125	62.942	62.962	5
2025-11-06 15:10	62.975	63.140	62.972	62.995	5
2025-11-06 15:15	63.005	63.115	62.957	63.097	5
2025-11-06 15:20	63.095	63.175	63.080	63.122	5
2025-11-06 15:25	63.127	63.145	63.005	63.015	5
2025-11-06 15:30	62.995	63.030	62.932	62.972	5
2025-11-06 15:35	62.985	63.015	62.955	62.970	5
2025-11-06 15:40	62.965	62.985	62.822	62.835	5
2025-11-06 15:45	62.825	63.015	62.822	62.975	5
2025-11-06 15:50	62.970	63.045	62.912	63.042	5
2025-11-06 15:55	63.050	63.165	63.025	63.092	5
2025-11-06 16:00	63.090	63.230	63.085	63.152	5
2025-11-06 16:05	63.160	63.265	63.138	63.260	5
2025-11-06 16:10	63.255	63.325	63.182	63.307	5
2025-11-06 16:15	63.305	63.315	63.222	63.262	5
2025-11-06 16:20	63.270	63.310	63.232	63.265	5
2025-11-06 16:25	63.255	63.385	63.185	63.345	5
2025-11-06 16:30	63.342	63.395	63.087	63.092	5
2025-11-06 16:35	63.090	63.145	62.975	63.062	5
2025-11-06 16:40	63.060	63.105	63.002	63.020	5
2025-11-06 16:45	63.012	63.060	62.965	62.985	5
2025-11-06 16:50	62.975	63.045	62.922	63.032	5
2025-11-06 16:55	63.025	63.065	62.940	62.952	5
2025-11-06 17:00	62.975	63.030	62.962	63.012	5
2025-11-06 17:05	63.025	63.065	62.992	63.015	5
2025-11-06 17:10	63.012	63.020	62.922	62.925	5
2025-11-06 17:15	62.915	62.980	62.912	62.972	5
2025-11-06 17:20	62.970	62.975	62.910	62.940	5
2025-11-06 17:25	62.935	62.985	62.892	62.972	5
2025-11-06 17:30	62.955	63.045	62.952	62.985	5
2025-11-06 17:35	62.995	63.045	62.972	63.022	5
2025-11-06 17:40	63.030	63.075	63.022	63.060	5
2025-11-06 17:45	63.055	63.105	63.045	63.095	5
2025-11-06 17:50	63.100	63.165	63.065	63.165	5
2025-11-06 17:55	63.172	63.245	63.162	63.207	5
2025-11-06 18:00	63.212	63.295	63.212	63.252	5
2025-11-06 18:05	63.245	63.250	63.112	63.135	5
2025-11-06 18:10	63.125	63.125	63.015	63.017	5
2025-11-06 18:15	63.015	63.045	62.992	63.002	5
2025-11-06 18:20	63.015	63.105	63.002	63.102	5
2025-11-06 18:25	63.097	63.202	63.090	63.145	5
2025-11-06 18:30	63.155	63.245	63.152	63.242	5
2025-11-06 18:35	63.255	63.285	63.225	63.282	5
2025-11-06 18:40	63.295	63.355	63.292	63.302	5
2025-11-06 18:45	63.310	63.355	63.262	63.342	5
2025-11-06 18:50	63.355	63.365	63.282	63.302	5
2025-11-06 18:55	63.310	63.315	63.232	63.252	5
2025-11-06 19:00	63.235	63.325	63.212	63.290	5
2025-11-06 19:05	63.285	63.325	63.225	63.235	5
2025-11-06 19:10	63.240	63.255	63.222	63.235	5
2025-11-06 19:15	63.245	63.335	63.242	63.332	5
2025-11-06 19:20	63.325	63.360	63.292	63.332	5
2025-11-06 19:25	63.325	63.395	63.318	63.375	5
2025-11-06 19:30	63.385	63.415	63.312	63.372	5
2025-11-06 19:35	63.385	63.395	63.352	63.362	5
2025-11-06 19:40	63.360	63.360	63.302	63.340	5
2025-11-06 19:45	63.342	63.355	63.302	63.345	5
2025-11-06 19:50	63.347	63.385	63.322	63.385	5
2025-11-06 19:55	63.380	63.405	63.357	63.395	5
2025-11-06 20:00	63.400	63.455	63.400	63.430	5
2025-11-06 20:05	63.422	63.490	63.422	63.472	5
2025-11-06 20:10	63.470	63.500	63.455	63.500	5
2025-11-06 20:15	63.495	63.535	63.472	63.530	5
2025-11-06 20:20	63.535	63.570	63.512	63.560	5
2025-11-06 20:25	63.555	63.570	63.515	63.527	5
2025-11-06 20:30	63.532	63.585	63.532	63.582	5
2025-11-06 20:35	63.595	63.595	63.562	63.595	5
2025-11-06 20:40	63.597	63.605	63.562	63.582	5
2025-11-06 20:45	63.580	63.580	63.475	63.475	5
2025-11-06 20:50	63.480	63.505	63.452	63.472	5
2025-11-06 20:55	63.460	63.460	63.402	63.422	5
2025-11-06 21:00	63.402	63.457	63.402	63.452	5
2025-11-06 21:05	63.447	63.452	63.422	63.422	5
2025-11-06 21:10	63.432	63.452	63.432	63.447	3
2025-11-06 21:15	63.452	63.452	63.432	63.437	3
2025-11-06 21:20	63.442	63.452	63.442	63.452	5
2025-11-06 21:25	63.447	63.452	63.442	63.442	5
2025-11-06 21:30	63.437	63.437	63.392	63.397	5
2025-11-06 21:35	63.402	63.442	63.402	63.432	5
2025-11-06 21:40	63.432	63.472	63.422	63.462	5
2025-11-06 21:45	63.457	63.462	63.442	63.442	4
2025-11-06 21:50	63.432	63.452	63.382	63.402	5
2025-11-06 21:55	63.407	63.427	63.397	63.422	5
2025-11-07 01:00	63.565	63.647	63.512	63.602	5
2025-11-07 01:05	63.620	63.665	63.597	63.645	5
2025-11-07 01:10	63.640	63.695	63.632	63.680	5
2025-11-07 01:15	63.685	63.685	63.612	63.642	5
2025-11-07 01:20	63.640	63.647	63.602	63.635	5
2025-11-07 01:25	63.630	63.635	63.582	63.585	4
2025-11-07 01:30	63.575	63.595	63.522	63.542	5
2025-11-07 01:35	63.540	63.585	63.517	63.582	5
2025-11-07 01:40	63.600	63.635	63.545	63.610	5
2025-11-07 01:45	63.615	63.640	63.557	63.570	5
2025-11-07 01:50	63.572	63.625	63.562	63.575	5
2025-11-07 01:55	63.570	63.610	63.562	63.597	5
2025-11-07 02:00	63.605	63.652	63.582	63.625	5
2025-11-07 02:05	63.630	63.635	63.585	63.595	5
2025-11-07 02:10	63.605	63.610	63.540	63.575	5
2025-11-07 02:15	63.572	63.585	63.560	63.575	5
2025-11-07 02:20	63.585	63.605	63.577	63.585	5
2025-11-07 02:25	63.580	63.600	63.562	63.562	5
2025-11-07 02:30	63.560	63.642	63.560	63.642	5
2025-11-07 02:35	63.665	63.720	63.638	63.715	5
2025-11-07 02:40	63.720	63.720	63.662	63.705	5
2025-11-07 02:45	63.710	63.710	63.682	63.695	5
2025-11-07 02:50	63.685	63.705	63.662	63.680	5
2025-11-07 02:55	63.685	63.690	63.665	63.672	5
2025-11-07 03:00	63.670	63.685	63.662	63.682	5
2025-11-07 03:05	63.675	63.682	63.642	63.642	5
2025-11-07 03:10	63.635	63.645	63.602	63.612	5
2025-11-07 03:15	63.620	63.622	63.565	63.582	5
2025-11-07 03:20	63.575	63.602	63.542	63.602	4
2025-11-07 03:25	63.597	63.605	63.592	63.592	4
2025-11-07 03:30	63.587	63.595	63.552	63.557	5
2025-11-07 03:35	63.562	63.565	63.537	63.542	5
2025-11-07 03:40	63.550	63.552	63.522	63.542	4
2025-11-07 03:45	63.540	63.555	63.535	63.542	5
2025-11-07 03:50	63.555	63.575	63.542	63.575	5
2025-11-07 03:55	63.575	63.595	63.570	63.592	3
2025-11-07 04:00	63.590	63.590	63.515	63.545	5
2025-11-07 04:05	63.550	63.575	63.542	63.555	5
2025-11-07 04:10	63.560	63.572	63.545	63.562	4
2025-11-07 04:15	63.570	63.625	63.570	63.612	5
2025-11-07 04:20	63.610	63.650	63.592	63.650	5
2025-11-07 04:25	63.645	63.755	63.637	63.735	5
2025-11-07 04:30	63.725	63.735	63.695	63.710	5
2025-11-07 04:35	63.715	63.715	63.682	63.690	5
2025-11-07 04:40	63.695	63.700	63.662	63.672	5
2025-11-07 04:45	63.665	63.672	63.637	63.655	5
2025-11-07 04:50	63.657	63.675	63.642	63.655	3
2025-11-07 04:55	63.650	63.662	63.635	63.662	4
2025-11-07 05:00	63.655	63.665	63.635	63.645	5
2025-11-07 05:05	63.640	63.705	63.640	63.662	5
2025-11-07 05:10	63.660	63.660	63.612	63.635	5
2025-11-07 05:15	63.625	63.675	63.615	63.665	4
2025-11-07 05:20	63.645	63.657	63.627	63.645	5
2025-11-07 05:25	63.635	63.685	63.622	63.682	5
2025-11-07 05:30	63.670	63.682	63.635	63.662	5
2025-11-07 05:35	63.670	63.755	63.665	63.752	5
2025-11-07 05:40	63.760	63.765	63.705	63.705	4
2025-11-07 05:45	63.715	63.735	63.707	63.730	5
2025-11-07 05:50	63.727	63.775	63.725	63.745	5
2025-11-07 05:55	63.750	63.785	63.747	63.785	5
2025-11-07 06:00	63.772	63.800	63.762	63.772	5
2025-11-07 06:05	63.765	63.805	63.755	63.792	5
2025-11-07 06:10	63.790	63.842	63.790	63.837	5
2025-11-07 06:15	63.832	63.885	63.825	63.872	5
2025-11-07 06:20	63.877	63.895	63.865	63.882	5
2025-11-07 06:25	63.880	63.895	63.850	63.865	5
2025-11-07 06:30	63.875	63.905	63.852	63.902	5
2025-11-07 06:35	63.900	63.900	63.842	63.862	5
2025-11-07 06:40	63.857	64.020	63.822	63.992	5
2025-11-07 06:45	64.000	64.055	63.952	64.000	5
2025-11-07 06:50	63.992	64.055	63.985	64.025	5
2025-11-07 06:55	64.027	64.115	64.020	64.097	5
2025-11-07 07:00	64.110	64.115	64.022	64.055	5
2025-11-07 07:05	64.060	64.095	64.020	64.072	5
2025-11-07 07:10	64.085	64.100	64.035	64.052	5
2025-11-07 07:15	64.045	64.055	63.950	63.957	5
2025-11-07 07:20	63.965	63.975	63.920	63.962	5
2025-11-07 07:25	63.975	64.040	63.958	64.015	5
2025-11-07 07:30	64.010	64.115	64.010	64.095	5
2025-11-07 07:35	64.085	64.095	64.062	64.080	5
2025-11-07 07:40	64.082	64.082	63.987	63.997	5
2025-11-07 07:45	63.995	64.020	63.990	63.992	5
2025-11-07 07:50	64.000	64.015	63.950	63.972	5
2025-11-07 07:55	63.970	64.017	63.932	63.995	5
2025-11-07 08:00	64.015	64.035	63.962	64.020	5
2025-11-07 08:05	64.015	64.125	64.015	64.092	5
2025-11-07 08:10	64.085	64.095	64.012	64.017	5
2025-11-07 08:15	64.015	64.075	64.010	64.060	5
2025-11-07 08:20	64.052	64.075	63.992	64.012	5
2025-11-07 08:25	64.010	64.035	63.905	63.965	5
2025-11-07 08:30	63.960	63.995	63.787	63.795	5
2025-11-07 08:35	63.785	63.935	63.785	63.925	5
2025-11-07 08:40	63.930	64.080	63.922	63.992	5
2025-11-07 08:45	64.015	64.075	64.007	64.060	5
2025-11-07 08:50	64.055	64.070	63.962	63.985	5
2025-11-07 08:55	63.987	64.055	63.952	64.052	5
2025-11-07 09:00	64.060	64.075	63.932	64.000	5
2025-11-07 09:05	63.992	64.095	63.970	64.090	5
2025-11-07 09:10	64.085	64.100	64.042	64.045	5
2025-11-07 09:15	64.035	64.055	64.000	64.045	5
2025-11-07 09:20	64.035	64.090	63.990	64.082	5
2025-11-07 09:25	64.080	64.110	64.002	64.055	5
2025-11-07 09:30	64.065	64.150	64.052	64.110	5
2025-11-07 09:35	64.115	64.215	64.092	64.182	5
2025-11-07 09:40	64.190	64.235	64.177	64.225	5
2025-11-07 09:45	64.235	64.250	64.162	64.180	5
2025-11-07 09:50	64.185	64.195	64.115	64.190	5
2025-11-07 09:55	64.185	64.235	64.172	64.222	5
2025-11-07 10:00	64.235	64.250	64.140	64.160	5
2025-11-07 10:05	64.145	64.200	64.132	64.182	5
2025-11-07 10:10	64.180	64.335	64.175	64.310	5
2025-11-07 10:15	64.305	64.375	64.252	64.255	5
2025-11-07 10:20	64.260	64.265	64.152	64.212	5
2025-11-07 10:25	64.185	64.185	64.100	64.135	5
2025-11-07 10:30	64.142	64.155	64.012	64.040	5
2025-11-07 10:35	64.045	64.060	64.002	64.015	5
2025-11-07 10:40	64.025	64.095	64.012	64.060	5
2025-11-07 10:45	64.055	64.135	64.032	64.102	5
2025-11-07 10:50	64.100	64.145	64.090	64.122	5
2025-11-07 10:55	64.135	64.137	64.062	64.065	5
2025-11-07 11:00	64.035	64.055	63.950	63.985	5
2025-11-07 11:05	63.975	63.975	63.885	63.922	5
2025-11-07 11:10	63.920	63.972	63.912	63.955	5
2025-11-07 11:15	63.950	63.972	63.915	63.952	5
2025-11-07 11:20	63.945	63.950	63.892	63.917	5
2025-11-07 11:25	63.925	63.955	63.885	63.942	5
2025-11-07 11:30	63.935	63.952	63.832	63.850	5
2025-11-07 11:35	63.845	63.870	63.810	63.825	5
2025-11-07 11:40	63.830	63.915	63.822	63.915	5
2025-11-07 11:45	63.910	63.975	63.905	63.955	5
2025-11-07 11:50	63.960	64.005	63.875	63.882	5
2025-11-07 11:55	63.880	63.925	63.875	63.902	5
2025-11-07 12:00	63.900	63.980	63.882	63.980	5
2025-11-07 12:05	63.975	63.985	63.912	63.960	5
2025-11-07 12:10	63.962	63.975	63.912	63.950	5
2025-11-07 12:15	63.940	64.005	63.912	63.952	5
2025-11-07 12:20	63.960	63.990	63.952	63.975	5
2025-11-07 12:25	63.985	64.000	63.940	63.982	5
2025-11-07 12:30	63.990	64.005	63.942	63.972	5
2025-11-07 12:35	63.965	63.980	63.892	63.902	5
2025-11-07 12:40	63.895	63.905	63.842	63.842	5
2025-11-07 12:45	63.850	63.885	63.807	63.865	5
2025-11-07 12:50	63.850	63.885	63.817	63.882	5
2025-11-07 12:55	63.875	63.900	63.870	63.875	5
2025-11-07 13:00	63.855	63.915	63.805	63.840	5
2025-11-07 13:05	63.835	63.865	63.697	63.742	5
2025-11-07 13:10	63.755	63.800	63.732	63.772	5
2025-11-07 13:15	63.770	63.805	63.742	63.785	5
2025-11-07 13:20	63.795	63.875	63.765	63.775	5
2025-11-07 13:25	63.770	63.850	63.770	63.842	5
2025-11-07 13:30	63.840	63.850	63.752	63.765	5
2025-11-07 13:35	63.745	63.765	63.702	63.722	5
2025-11-07 13:40	63.735	63.765	63.702	63.747	5
2025-11-07 13:45	63.745	63.855	63.732	63.840	5
2025-11-07 13:50	63.835	63.905	63.832	63.832	5
2025-11-07 13:55	63.840	63.855	63.757	63.767	5
2025-11-07 14:00	63.755	63.975	63.722	63.882	5
2025-11-07 14:05	63.870	63.955	63.832	63.930	5
2025-11-07 14:10	63.925	63.945	63.792	63.802	5
2025-11-07 14:15	63.800	63.855	63.732	63.822	5
2025-11-07 14:20	63.820	63.920	63.812	63.842	5
2025-11-07 14:25	63.840	63.865	63.715	63.720	5
2025-11-07 14:30	63.715	63.720	63.555	63.625	5
2025-11-07 14:35	63.630	63.695	63.520	63.525	5
2025-11-07 14:40	63.515	63.640	63.490	63.605	5
2025-11-07 14:45	63.600	63.715	63.582	63.615	5
2025-11-07 14:50	63.595	63.765	63.580	63.735	5
2025-11-07 14:55	63.730	63.855	63.702	63.837	5
2025-11-07 15:00	63.855	63.865	63.632	63.725	5
2025-11-07 15:05	63.725	63.760	63.615	63.700	5
2025-11-07 15:10	63.695	63.765	63.687	63.710	5
2025-11-07 15:15	63.702	63.785	63.622	63.695	5
2025-11-07 15:20	63.705	63.730	63.540	63.552	5
2025-11-07 15:25	63.550	63.675	63.542	63.555	5
2025-11-07 15:30	63.550	63.635	63.542	63.600	5
2025-11-07 15:35	63.595	63.685	63.582	63.600	5
2025-11-07 15:40	63.605	63.665	63.582	63.602	5
2025-11-07 15:45	63.600	63.605	63.452	63.535	5
2025-11-07 15:50	63.540	63.625	63.540	63.552	5
2025-11-07 15:55	63.545	63.555	63.465	63.472	5
2025-11-07 16:00	63.485	63.565	63.452	63.555	5
2025-11-07 16:05	63.560	63.575	63.502	63.540	5
2025-11-07 16:10	63.545	63.575	63.512	63.542	5
2025-11-07 16:15	63.552	63.605	63.532	63.592	5
2025-11-07 16:20	63.590	63.655	63.590	63.622	5
2025-11-07 16:25	63.595	63.595	63.525	63.552	5
2025-11-07 16:30	63.535	63.545	63.482	63.545	5
2025-11-07 16:35	63.550	63.615	63.530	63.550	5
2025-11-07 16:40	63.545	63.607	63.510	63.570	5
2025-11-07 16:45	63.575	63.605	63.552	63.575	5
2025-11-07 16:50	63.565	63.685	63.562	63.625	5
2025-11-07 16:55	63.630	63.665	63.542	63.642	5
2025-11-07 17:00	63.660	63.795	63.645	63.750	5
2025-11-07 17:05	63.742	63.742	63.640	63.670	5
2025-11-07 17:10	63.665	63.705	63.622	63.670	5
2025-11-07 17:15	63.665	63.675	63.522	63.542	5
2025-11-07 17:20	63.550	63.550	63.432	63.540	5
2025-11-07 17:25	63.545	63.575	63.505	63.532	5
2025-11-07 17:30	63.530	63.610	63.530	63.562	5
2025-11-07 17:35	63.552	63.565	63.490	63.492	5
2025-11-07 17:40	63.500	63.515	63.422	63.445	5
2025-11-07 17:45	63.435	63.485	63.252	63.265	5
2025-11-07 17:50	63.255	63.335	63.205	63.270	5
2025-11-07 17:55	63.275	63.395	63.262	63.385	5
2025-11-07 18:00	63.390	63.490	63.382	63.480	5
2025-11-07 18:05	63.475	63.530	63.425	63.495	5
2025-11-07 18:10	63.505	63.515	63.432	63.440	5
2025-11-07 18:15	63.442	63.505	63.432	63.492	5
2025-11-07 18:20	63.500	63.575	63.472	63.570	5
2025-11-07 18:25	63.562	63.625	63.537	63.612	5
2025-11-07 18:30	63.605	63.645	63.555	63.582	5
2025-11-07 18:35	63.575	63.695	63.540	63.692	5
2025-11-07 18:40	63.690	63.705	63.592	63.602	5
2025-11-07 18:45	63.610	63.635	63.562	63.562	5
2025-11-07 18:50	63.575	63.585	63.525	63.542	5
2025-11-07 18:55	63.555	63.645	63.535	63.602	5
2025-11-07 19:00	63.600	63.670	63.582	63.625	5
2025-11-07 19:05	63.620	63.645	63.572	63.577	5
2025-11-07 19:10	63.590	63.605	63.542	63.565	5
2025-11-07 19:15	63.575	63.610	63.562	63.610	5
2025-11-07 19:20	63.605	63.665	63.602	63.650	5
2025-11-07 19:25	63.645	63.655	63.552	63.605	5
2025-11-07 19:30	63.610	63.725	63.595	63.705	5
2025-11-07 19:35	63.695	63.715	63.682	63.695	5
2025-11-07 19:40	63.700	63.725	63.655	63.695	5
2025-11-07 19:45	63.685	63.705	63.642	63.692	5
2025-11-07 19:50	63.685	63.705	63.680	63.700	5
2025-11-07 19:55	63.695	63.715	63.695	63.710	5
2025-11-07 20:00	63.705	63.715	63.682	63.690	5
2025-11-07 20:05	63.685	63.695	63.652	63.695	5
2025-11-07 20:10	63.705	63.725	63.672	63.682	5
2025-11-07 20:15	63.695	63.702	63.662	63.672	5
2025-11-07 20:20	63.670	63.675	63.575	63.602	5
2025-11-07 20:25	63.595	63.595	63.532	63.572	5
2025-11-07 20:30	63.570	63.595	63.555	63.585	5
2025-11-07 20:35	63.590	63.630	63.590	63.615	5
2025-11-07 20:40	63.625	63.645	63.610	63.645	5
2025-11-07 20:45	63.635	63.635	63.592	63.592	5
2025-11-07 20:50	63.600	63.670	63.595	63.660	5
2025-11-07 20:55	63.650	63.675	63.640	63.662	5
2025-11-07 21:00	63.655	63.682	63.632	63.677	4
2025-11-07 21:05	63.682	63.697	63.677	63.692	5
2025-11-07 21:10	63.692	63.722	63.692	63.722	5
2025-11-07 21:15	63.702	63.712	63.687	63.702	5
2025-11-07 21:20	63.712	63.722	63.702	63.722	5
2025-11-07 21:25	63.712	63.717	63.702	63.702	3
2025-11-07 21:30	63.712	63.712	63.672	63.677	4
2025-11-07 21:35	63.682	63.682	63.662	63.662	3
2025-11-07 21:40	63.642	63.662	63.642	63.662	4
2025-11-07 21:45	63.657	63.662	63.652	63.657	2
2025-11-07 21:50	63.657	63.657	63.617	63.627	5
2025-11-07 21:55	63.632	63.657	63.617	63.642	5
2025-11-10 01:00	63.787	64.025	63.787	63.940	5
2025-11-10 01:05	63.945	63.980	63.882	63.967	5
2025-11-10 01:10	63.965	64.035	63.965	64.035	5
2025-11-10 01:15	64.025	64.090	64.025	64.090	5
2025-11-10 01:20	64.082	64.090	64.062	64.075	5
2025-11-10 01:25	64.068	64.080	64.015	64.032	5
2025-11-10 01:30	64.025	64.055	63.982	63.990	5
2025-11-10 01:35	63.992	64.035	63.952	63.965	5
2025-11-10 01:40	63.970	63.995	63.915	63.915	5
2025-11-10 01:45	63.910	63.985	63.910	63.972	5
2025-11-10 01:50	63.980	63.982	63.912	63.930	5
2025-11-10 01:55	63.935	63.940	63.892	63.905	5
2025-11-10 02:00	63.900	63.945	63.855	63.922	5
2025-11-10 02:05	63.920	63.940	63.867	63.905	5
2025-11-10 02:10	63.900	63.932	63.895	63.922	5
2025-11-10 02:15	63.930	63.985	63.925	63.982	5
2025-11-10 02:20	63.960	63.972	63.930	63.940	5
2025-11-10 02:25	63.932	63.935	63.912	63.920	4
2025-11-10 02:30	63.912	63.912	63.862	63.900	5
2025-11-10 02:35	63.895	63.922	63.887	63.920	5
2025-11-10 02:40	63.915	63.920	63.872	63.892	5
2025-11-10 02:45	63.885	63.930	63.880	63.900	5
2025-11-10 02:50	63.910	64.005	63.902	63.997	5
2025-11-10 02:55	63.992	64.025	63.972	64.020	5
2025-11-10 03:00	64.025	64.080	64.017	64.080	5
2025-11-10 03:05	64.070	64.085	64.032	64.040	5
2025-11-10 03:10	64.045	64.075	64.037	64.057	5
2025-11-10 03:15	64.055	64.085	64.052	64.085	5
2025-11-10 03:20	64.080	64.095	64.070	64.080	4
2025-11-10 03:25	64.072	64.082	64.040	64.045	5
2025-11-10 03:30	64.035	64.060	64.012	64.037	5
2025-11-10 03:35	64.045	64.075	64.032	64.032	5
2025-11-10 03:40	64.025	64.035	64.022	64.028	4
2025-11-10 03:45	64.040	64.047	64.032	64.037	5
2025-11-10 03:50	64.035	64.035	64.002	64.012	5
2025-11-10 03:55	64.010	64.020	64.002	64.020	5
2025-11-10 04:00	64.025	64.055	64.025	64.050	5
2025-11-10 04:05	64.052	64.115	64.052	64.062	5
2025-11-10 04:10	64.055	64.070	64.055	64.063	5
2025-11-10 04:15	64.062	64.075	64.052	64.057	5
2025-11-10 04:20	64.052	64.057	64.047	64.052	3
2025-11-10 04:25	64.040	64.077	64.037	64.075	5
2025-11-10 04:30	64.080	64.090	64.065	64.077	5
2025-11-10 04:35	64.070	64.095	64.062	64.077	5
2025-11-10 04:40	64.065	64.067	64.040	64.055	4
2025-11-10 04:45	64.050	64.065	64.050	64.060	4
2025-11-10 04:50	64.055	64.065	64.040	64.042	4
2025-11-10 04:55	64.038	64.060	64.032	64.042	5
2025-11-10 05:00	64.050	64.095	64.050	64.090	5
2025-11-10 05:05	64.085	64.115	64.082	64.112	5
2025-11-10 05:10	64.125	64.125	64.115	64.115	5
2025-11-10 05:15	64.110	64.115	64.092	64.107	5
2025-11-10 05:20	64.115	64.130	64.102	64.130	5
2025-11-10 05:25	64.122	64.160	64.122	64.152	5
2025-11-10 05:30	64.145	64.170	64.132	64.155	5
2025-11-10 05:35	64.160	64.165	64.150	64.160	5
2025-11-10 05:40	64.155	64.165	64.142	64.157	5
2025-11-10 05:45	64.152	64.190	64.152	64.175	5
2025-11-10 05:50	64.170	64.177	64.132	64.155	5
2025-11-10 05:55	64.165	64.185	64.147	64.165	5
2025-11-10 06:00	64.160	64.170	64.120	64.162	5
2025-11-10 06:05	64.170	64.195	64.165	64.190	5
2025-11-10 06:10	64.185	64.195	64.135	64.140	5
2025-11-10 06:15	64.135	64.155	64.135	64.142	5
2025-11-10 06:20	64.135	64.160	64.132	64.150	5
2025-11-10 06:25	64.145	64.145	64.092	64.107	5
2025-11-10 06:30	64.105	64.145	64.100	64.145	5
2025-11-10 06:35	64.150	64.185	64.150	64.165	5
2025-11-10 06:40	64.170	64.170	64.132	64.135	5
2025-11-10 06:45	64.125	64.145	64.102	64.135	5
2025-11-10 06:50	64.130	64.145	64.122	64.122	5
2025-11-10 06:55	64.130	64.145	64.112	64.140	5
2025-11-10 07:00	64.142	64.212	64.125	64.125	5
2025-11-10 07:05	64.130	64.185	64.122	64.152	5
2025-11-10 07:10	64.135	64.145	64.062	64.090	5
2025-11-10 07:15	64.085	64.090	64.025	64.032	5
2025-11-10 07:20	64.040	64.050	63.972	64.012	5
2025-11-10 07:25	64.020	64.075	64.007	64.042	5
2025-11-10 07:30	64.050	64.135	64.040	64.065	5
2025-11-10 07:35	64.075	64.135	64.052	64.082	5
2025-11-10 07:40	64.087	64.145	64.087	64.142	5
2025-11-10 07:45	64.150	64.150	64.040	64.045	5
2025-11-10 07:50	64.040	64.052	63.985	64.052	5
2025-11-10 07:55	64.050	64.092	64.042	64.070	5
2025-11-10 08:00	64.068	64.205	64.068	64.200	5
2025-11-10 08:05	64.205	64.205	64.100	64.140	5
2025-11-10 08:10	64.142	64.155	64.082	64.112	5
2025-11-10 08:15	64.120	64.120	64.002	64.050	5
2025-11-10 08:20	64.055	64.115	64.012	64.115	5
2025-11-10 08:25	64.125	64.195	64.062	64.175	5
2025-11-10 08:30	64.185	64.295	64.132	64.215	5
2025-11-10 08:35	64.205	64.237	64.012	64.017	5
2025-11-10 08:40	64.025	64.035	63.875	63.875	5
2025-11-10 08:45	63.880	63.925	63.822	63.890	5
2025-11-10 08:50	63.882	63.945	63.842	63.920	5
2025-11-10 08:55	63.925	63.950	63.902	63.902	5
2025-11-10 09:00	63.915	64.010	63.857	64.010	5
2025-11-10 09:05	64.005	64.105	63.992	64.030	5
2025-11-10 09:10	64.035	64.115	64.035	64.082	5
2025-11-10 09:15	64.075	64.155	64.062	64.112	5
2025-11-10 09:20	64.125	64.175	64.085	64.145	5
2025-11-10 09:25	64.140	64.205	64.140	64.177	5
2025-11-10 09:30	64.182	64.265	64.182	64.217	5
2025-11-10 09:35	64.212	64.220	64.150	64.172	5
2025-11-10 09:40	64.185	64.292	64.152	64.270	5
2025-11-10 09:45	64.272	64.272	64.202	64.257	5
2025-11-10 09:50	64.275	64.275	64.202	64.230	5
2025-11-10 09:55	64.235	64.252	64.187	64.205	5
2025-11-10 10:00	64.215	64.225	64.115	64.150	5
2025-11-10 10:05	64.145	64.157	64.077	64.105	5
2025-11-10 10:10	64.107	64.155	64.097	64.115	5
2025-11-10 10:15	64.105	64.140	64.032	64.062	5
2025-11-10 10:20	64.060	64.085	64.010	64.015	5
2025-11-10 10:25	64.005	64.055	63.972	63.990	5
2025-11-10 10:30	63.992	64.025	63.827	63.837	5
2025-11-10 10:35	63.845	63.855	63.765	63.825	5
2025-11-10 10:40	63.815	63.825	63.682	63.682	5
2025-11-10 10:45	63.670	63.745	63.665	63.725	5
2025-11-10 10:50	63.715	63.775	63.692	63.750	5
2025-11-10 10:55	63.742	63.742	63.680	63.685	5
2025-11-10 11:00	63.690	63.825	63.687	63.822	5
2025-11-10 11:05	63.815	63.855	63.735	63.740	5
2025-11-10 11:10	63.732	63.745	63.712	63.732	5
2025-11-10 11:15	63.730	63.765	63.695	63.742	5
2025-11-10 11:20	63.740	63.755	63.662	63.692	5
2025-11-10 11:25	63.705	63.755	63.685	63.685	5
2025-11-10 11:30	63.695	63.775	63.680	63.772	5
2025-11-10 11:35	63.770	63.775	63.672	63.685	5
2025-11-10 11:40	63.680	63.735	63.660	63.700	5
2025-11-10 11:45	63.695	63.705	63.655	63.662	5
2025-11-10 11:50	63.675	63.725	63.670	63.687	5
2025-11-10 11:55	63.685	63.745	63.672	63.732	5
2025-11-10 12:00	63.765	63.865	63.752	63.825	5
2025-11-10 12:05	63.815	63.915	63.805	63.915	5
2025-11-10 12:10	63.905	63.915	63.805	63.825	5
2025-11-10 12:15	63.820	63.840	63.802	63.825	5
2025-11-10 12:20	63.815	63.865	63.812	63.825	5
2025-11-10 12:25	63.830	63.875	63.815	63.820	5
2025-11-10 12:30	63.822	63.845	63.802	63.845	5
2025-11-10 12:35	63.855	63.905	63.827	63.830	5
2025-11-10 12:40	63.835	63.920	63.832	63.915	5
2025-11-10 12:45	63.910	63.917	63.882	63.890	5
2025-11-10 12:50	63.897	63.955	63.862	63.905	5
2025-11-10 12:55	63.900	63.927	63.892	63.910	5
2025-11-10 13:00	63.905	63.945	63.882	63.902	5
2025-11-10 13:05	63.910	63.955	63.902	63.912	5
2025-11-10 13:10	63.925	63.942	63.882	63.892	5
2025-11-10 13:15	63.890	63.925	63.840	63.852	5
2025-11-10 13:20	63.857	63.885	63.812	63.870	5
2025-11-10 13:25	63.862	63.915	63.842	63.902	5
2025-11-10 13:30	63.907	63.915	63.855	63.865	5
2025-11-10 13:35	63.860	63.895	63.842	63.872	5
2025-11-10 13:40	63.895	63.915	63.835	63.855	5
2025-11-10 13:45	63.860	63.915	63.845	63.902	5
2025-11-10 13:50	63.910	63.965	63.852	63.882	5
2025-11-10 13:55	63.890	63.915	63.832	63.840	5
2025-11-10 14:00	63.835	64.035	63.818	64.035	5
2025-11-10 14:05	64.040	64.085	63.982	64.002	5
2025-11-10 14:10	64.025	64.072	64.012	64.052	5
2025-11-10 14:15	64.045	64.055	63.940	63.970	5
2025-11-10 14:20	63.972	64.015	63.942	63.952	5
2025-11-10 14:25	63.960	63.975	63.887	63.890	5
2025-11-10 14:30	63.895	63.895	63.682	63.717	5
2025-11-10 14:35	63.705	63.735	63.492	63.522	5
2025-11-10 14:40	63.530	63.615	63.472	63.552	5
2025-11-10 14:45	63.562	63.775	63.562	63.695	5
2025-11-10 14:50	63.705	63.705	63.615	63.657	5
2025-11-10 14:55	63.652	63.665	63.512	63.512	5
2025-11-10 15:00	63.505	63.562	63.482	63.482	5
2025-11-10 15:05	63.475	63.510	63.442	63.465	5
2025-11-10 15:10	63.455	63.480	63.432	63.447	5
2025-11-10 15:15	63.455	63.485	63.442	63.465	5
2025-11-10 15:20	63.475	63.565	63.465	63.550	5
2025-11-10 15:25	63.555	63.595	63.492	63.545	5
2025-11-10 15:30	63.540	63.705	63.527	63.662	5
2025-11-10 15:35	63.675	63.765	63.662	63.702	5
2025-11-10 15:40	63.695	63.715	63.602	63.665	5
2025-11-10 15:45	63.670	63.685	63.572	63.580	5
2025-11-10 15:50	63.570	63.595	63.472	63.505	5
2025-11-10 15:55	63.495	63.495	63.422	63.430	5
2025-11-10 16:00	63.425	63.475	63.382	63.470	5
2025-11-10 16:05	63.462	63.535	63.430	63.475	5
2025-11-10 16:10	63.480	63.495	63.390	63.412	5
2025-11-10 16:15	63.422	63.465	63.402	63.402	5
2025-11-10 16:20	63.395	63.485	63.352	63.442	5
2025-11-10 16:25	63.435	63.505	63.372	63.372	5
2025-11-10 16:30	63.365	63.465	63.345	63.375	5
2025-11-10 16:35	63.362	63.370	63.312	63.335	5
2025-11-10 16:40	63.330	63.465	63.322	63.432	5
2025-11-10 16:45	63.425	63.455	63.372	63.395	5
2025-11-10 16:50	63.390	63.430	63.372	63.415	5
2025-11-10 16:55	63.425	63.462	63.392	63.455	5
2025-11-10 17:00	63.465	63.565	63.457	63.552	5
2025-11-10 17:05	63.560	63.560	63.478	63.525	5
2025-11-10 17:10	63.535	63.565	63.512	63.547	5
2025-11-10 17:15	63.555	63.575	63.522	63.565	5
2025-11-10 17:20	63.575	63.672	63.562	63.662	5
2025-11-10 17:25	63.665	63.715	63.652	63.705	5
2025-11-10 17:30	63.700	63.765	63.672	63.682	5
2025-11-10 17:35	63.692	63.710	63.662	63.692	5
2025-11-10 17:40	63.705	63.795	63.692	63.792	5
2025-11-10 17:45	63.785	63.805	63.742	63.770	5
2025-11-10 17:50	63.775	63.800	63.762	63.792	5
2025-11-10 17:55	63.805	63.875	63.800	63.872	5
2025-11-10 18:00	63.885	63.925	63.855	63.872	5
2025-11-10 18:05	63.880	63.895	63.812	63.872	5
2025-11-10 18:10	63.885	63.895	63.860	63.887	5
2025-11-10 18:15	63.885	63.895	63.842	63.872	5
2025-11-10 18:20	63.885	63.885	63.802	63.832	5
2025-11-10 18:25	63.830	63.895	63.812	63.890	5
2025-11-10 18:30	63.892	63.935	63.852	63.912	5
2025-11-10 18:35	63.925	63.935	63.892	63.905	5
2025-11-10 18:40	63.912	63.945	63.902	63.932	5
2025-11-10 18:45	63.925	63.925	63.812	63.835	5
2025-11-10 18:50	63.840	63.925	63.805	63.902	5
2025-11-10 18:55	63.892	63.905	63.855	63.875	5
2025-11-10 19:00	63.880	63.935	63.880	63.935	5
2025-11-10 19:05	63.930	63.975	63.922	63.960	5
2025-11-10 19:10	63.952	63.995	63.952	63.975	5
2025-11-10 19:15	63.980	64.000	63.965	63.985	5
2025-11-10 19:20	63.990	63.995	63.942	63.955	5
2025-11-10 19:25	63.960	64.095	63.960	64.037	5
2025-11-10 19:30	64.035	64.075	63.975	63.985	5
2025-11-10 19:35	63.975	63.995	63.962	63.982	5
2025-11-10 19:40	63.987	64.025	63.987	64.002	5
2025-11-10 19:45	63.995	63.995	63.952	63.965	5
2025-11-10 19:50	63.960	63.990	63.935	63.980	5
2025-11-10 19:55	63.985	64.010	63.972	63.997	5
2025-11-10 20:00	64.005	64.035	64.000	64.035	5
2025-11-10 20:05	64.025	64.060	64.020	64.035	4
2025-11-10 20:10	64.025	64.050	64.022	64.045	5
2025-11-10 20:15	64.045	64.045	64.032	64.042	3
2025-11-10 20:20	64.040	64.045	64.022	64.040	4
2025-11-10 20:25	64.035	64.045	64.022	64.022	5
2025-11-10 20:30	64.020	64.022	63.992	64.015	5
2025-11-10 20:35	64.020	64.035	64.015	64.030	5
2025-11-10 20:40	64.035	64.035	63.992	64.002	5
2025-11-10 20:45	64.000	64.015	63.992	64.015	5
2025-11-10 20:50	64.010	64.065	64.002	64.052	5
2025-11-10 20:55	64.045	64.075	64.032	64.045	5
2025-11-10 21:00	64.022	64.032	64.012	64.032	5
2025-11-10 21:05	64.032	64.032	64.022	64.022	5
2025-11-10 21:10	64.032	64.042	64.022	64.027	4
2025-11-10 21:15	64.027	64.032	64.022	64.027	3
2025-11-10 21:20	64.012	64.032	64.012	64.012	4
2025-11-10 21:25	64.002	64.022	63.992	64.022	5
2025-11-10 21:30	64.012	64.012	63.982	63.992	5
2025-11-10 21:35	64.013	64.013	63.992	64.002	2
2025-11-10 21:40	64.002	64.007	63.992	64.002	4
2025-11-10 21:45	64.002	64.002	63.982	64.002	5
2025-11-10 21:50	63.992	64.000	63.887	63.917	5
2025-11-10 21:55	63.922	63.927	63.907	63.917	5
2025-11-11 01:00	63.920	63.932	63.872	63.890	5
2025-11-11 01:05	63.882	63.890	63.840	63.845	5
2025-11-11 01:10	63.835	63.855	63.817	63.830	5
2025-11-11 01:15	63.835	63.850	63.827	63.835	5
2025-11-11 01:20	63.840	63.850	63.810	63.820	5
2025-11-11 01:25	63.822	63.842	63.782	63.842	5
2025-11-11 01:30	63.850	63.850	63.815	63.837	5
2025-11-11 01:35	63.832	63.855	63.802	63.835	5
2025-11-11 01:40	63.830	63.865	63.825	63.865	5
2025-11-11 01:45	63.870	63.875	63.827	63.840	5
2025-11-11 01:50	63.845	63.852	63.832	63.838	4
2025-11-11 01:55	63.840	63.840	63.812	63.812	5
2025-11-11 02:00	63.805	63.810	63.772	63.792	5
2025-11-11 02:05	63.790	63.860	63.790	63.860	5
2025-11-11 02:10	63.857	63.915	63.857	63.910	5
2025-11-11 02:15	63.902	63.915	63.882	63.895	5
2025-11-11 02:20	63.890	63.890	63.852	63.872	5
2025-11-11 02:25	63.877	63.895	63.862	63.895	5
2025-11-11 02:30	63.885	63.890	63.852	63.885	5
2025-11-11 02:35	63.877	63.877	63.852	63.875	5
2025-11-11 02:40	63.870	63.875	63.848	63.855	5
2025-11-11 02:45	63.848	63.875	63.848	63.858	5
2025-11-11 02:50	63.855	63.860	63.848	63.848	5
2025-11-11 02:55	63.855	63.895	63.855	63.877	5
2025-11-11 03:00	63.882	63.900	63.875	63.885	5
2025-11-11 03:05	63.895	63.915	63.892	63.902	4
2025-11-11 03:10	63.910	63.910	63.882	63.895	5
2025-11-11 03:15	63.887	63.912	63.885	63.912	5
2025-11-11 03:20	63.925	63.935	63.912	63.930	5
2025-11-11 03:25	63.925	63.985	63.925	63.975	5
2025-11-11 03:30	63.968	64.015	63.968	64.005	4
2025-11-11 03:35	64.000	64.045	64.000	64.032	5
2025-11-11 03:40	64.040	64.040	63.970	63.990	5
2025-11-11 03:45	63.975	63.975	63.930	63.930	5
2025-11-11 03:50	63.935	63.935	63.907	63.907	5
2025-11-11 03:55	63.903	63.910	63.883	63.902	5
2025-11-11 04:00	63.895	63.900	63.872	63.885	5
2025-11-11 04:05	63.875	63.875	63.852	63.865	5
2025-11-11 04:10	63.870	63.875	63.855	63.870	5
2025-11-11 04:15	63.865	63.895	63.865	63.885	5
2025-11-11 04:20	63.878	63.922	63.878	63.920	5
2025-11-11 04:25	63.915	63.935	63.905	63.907	5
2025-11-11 04:30	63.915	63.942	63.912	63.912	5
2025-11-11 04:35	63.907	63.915	63.877	63.877	5
2025-11-11 04:40	63.885	63.895	63.878	63.885	5
2025-11-11 04:45	63.878	63.895	63.878	63.888	5
2025-11-11 04:50	63.890	63.890	63.865	63.870	4
2025-11-11 04:55	63.875	63.905	63.875	63.905	5
2025-11-11 05:00	63.898	63.912	63.882	63.882	5
2025-11-11 05:05	63.890	63.890	63.880	63.880	2
2025-11-11 05:10	63.890	63.890	63.873	63.877	5
2025-11-11 05:15	63.882	63.885	63.862	63.870	4
2025-11-11 05:20	63.860	63.865	63.817	63.817	5
2025-11-11 05:25	63.815	63.835	63.810	63.830	4
2025-11-11 05:30	63.840	63.852	63.782	63.790	5
2025-11-11 05:35	63.785	63.785	63.702	63.722	5
2025-11-11 05:40	63.732	63.775	63.730	63.750	5
2025-11-11 05:45	63.742	63.775	63.742	63.770	4
2025-11-11 05:50	63.772	63.830	63.765	63.765	5
2025-11-11 05:55	63.757	63.762	63.720	63.722	3
2025-11-11 06:00	63.717	63.745	63.672	63.695	5
2025-11-11 06:05	63.685	63.720	63.662	63.720	5
2025-11-11 06:10	63.725	63.740	63.715	63.720	5
2025-11-11 06:15	63.730	63.785	63.727	63.780	5
2025-11-11 06:20	63.775	63.815	63.760	63.792	5
2025-11-11 06:25	63.800	63.815	63.782	63.800	5
2025-11-11 06:30	63.792	63.820	63.785	63.800	5
2025-11-11 06:35	63.792	63.825	63.787	63.822	5
2025-11-11 06:40	63.810	63.830	63.807	63.817	5
2025-11-11 06:45	63.825	63.840	63.762	63.785	5
2025-11-11 06:50	63.790	63.812	63.787	63.790	5
2025-11-11 06:55	63.792	63.800	63.752	63.780	5
2025-11-11 07:00	63.782	63.805	63.737	63.775	5
2025-11-11 07:05	63.760	63.775	63.735	63.755	5
2025-11-11 07:10	63.757	63.795	63.750	63.757	5
2025-11-11 07:15	63.765	63.795	63.722	63.722	5
2025-11-11 07:20	63.735	63.735	63.682	63.735	5
2025-11-11 07:25	63.730	63.770	63.702	63.730	5
2025-11-11 07:30	63.725	63.725	63.655	63.662	5
2025-11-11 07:35	63.675	63.720	63.660	63.715	5
2025-11-11 07:40	63.720	63.725	63.630	63.640	5
2025-11-11 07:45	63.645	63.650	63.592	63.625	5
2025-11-11 07:50	63.630	63.740	63.620	63.695	5
2025-11-11 07:55	63.685	63.695	63.637	63.667	5
2025-11-11 08:00	63.668	63.830	63.640	63.805	5
2025-11-11 08:05	63.800	63.820	63.752	63.780	5
2025-11-11 08:10	63.785	63.825	63.732	63.792	5
2025-11-11 08:15	63.805	63.840	63.780	63.782	5
2025-11-11 08:20	63.790	63.910	63.790	63.867	5
2025-11-11 08:25	63.865	63.870	63.787	63.795	5
2025-11-11 08:30	63.800	63.860	63.722	63.852	5
2025-11-11 08:35	63.865	63.935	63.852	63.870	5
2025-11-11 08:40	63.865	63.895	63.742	63.755	5
2025-11-11 08:45	63.750	63.835	63.727	63.800	5
2025-11-11 08:50	63.802	63.955	63.797	63.952	5
2025-11-11 08:55	63.950	63.990	63.912	63.942	5
2025-11-11 09:00	63.938	64.025	63.938	64.022	5
2025-11-11 09:05	64.020	64.215	64.012	64.212	5
2025-11-11 09:10	64.205	64.315	64.202	64.312	5
2025-11-11 09:15	64.310	64.405	64.310	64.352	5
2025-11-11 09:20	64.350	64.375	64.232	64.240	5
2025-11-11 09:25	64.235	64.295	64.202	64.282	5
2025-11-11 09:30	64.275	64.325	64.252	64.305	5
2025-11-11 09:35	64.300	64.300	64.237	64.265	5
2025-11-11 09:40	64.260	64.405	64.260	64.382	5
2025-11-11 09:45	64.390	64.405	64.372	64.395	5
2025-11-11 09:50	64.385	64.405	64.372	64.382	5
2025-11-11 09:55	64.390	64.395	64.312	64.342	5
2025-11-11 10:00	64.340	64.475	64.340	64.442	5
2025-11-11 10:05	64.440	64.445	64.312	64.365	5
2025-11-11 10:10	64.370	64.382	64.340	64.350	5
2025-11-11 10:15	64.345	64.350	64.202	64.237	5
2025-11-11 10:20	64.242	64.242	64.155	64.235	5
2025-11-11 10:25	64.230	64.292	64.202	64.282	5
2025-11-11 10:30	64.280	64.285	64.232	64.280	4
2025-11-11 10:35	64.275	64.340	64.255	64.330	5
2025-11-11 10:40	64.335	64.385	64.315	64.325	5
2025-11-11 10:45	64.320	64.325	64.242	64.262	5
2025-11-11 10:50	64.275	64.320	64.262	64.305	5
2025-11-11 10:55	64.300	64.335	64.292	64.312	5
2025-11-11 11:00	64.305	64.315	64.215	64.252	5
2025-11-11 11:05	64.242	64.275	64.242	64.272	5
2025-11-11 11:10	64.265	64.355	64.265	64.342	5
2025-11-11 11:15	64.335	64.345	64.315	64.342	5
2025-11-11 11:20	64.335	64.395	64.322	64.385	5
2025-11-11 11:25	64.375	64.405	64.362	64.392	5
2025-11-11 11:30	64.385	64.430	64.362	64.405	5
2025-11-11 11:35	64.415	64.445	64.402	64.445	5
2025-11-11 11:40	64.455	64.472	64.450	64.472	5
2025-11-11 11:45	64.470	64.525	64.470	64.522	5
2025-11-11 11:50	64.535	64.555	64.500	64.545	5
2025-11-11 11:55	64.550	64.555	64.502	64.542	5
2025-11-11 12:00	64.535	64.535	64.480	64.485	5
2025-11-11 12:05	64.465	64.475	64.392	64.412	5
2025-11-11 12:10	64.405	64.455	64.402	64.442	5
2025-11-11 12:15	64.435	64.492	64.432	64.482	5
2025-11-11 12:20	64.490	64.505	64.458	64.482	5
2025-11-11 12:25	64.475	64.505	64.402	64.422	5
2025-11-11 12:30	64.430	64.475	64.412	64.412	5
2025-11-11 12:35	64.410	64.455	64.410	64.435	4
2025-11-11 12:40	64.450	64.475	64.450	64.475	5
2025-11-11 12:45	64.485	64.505	64.452	64.472	5
2025-11-11 12:50	64.465	64.475	64.422	64.432	5
2025-11-11 12:55	64.415	64.452	64.402	64.422	5
2025-11-11 13:00	64.415	64.495	64.345	64.490	5
2025-11-11 13:05	64.495	64.495	64.430	64.487	5
2025-11-11 13:10	64.495	64.545	64.462	64.502	5
2025-11-11 13:15	64.510	64.605	64.502	64.592	5
2025-11-11 13:20	64.600	64.605	64.542	64.585	5
2025-11-11 13:25	64.590	64.615	64.542	64.595	5
2025-11-11 13:30	64.605	64.715	64.600	64.662	5
2025-11-11 13:35	64.660	64.677	64.590	64.622	5
2025-11-11 13:40	64.617	64.635	64.592	64.620	5
2025-11-11 13:45	64.615	64.690	64.612	64.635	5
2025-11-11 13:50	64.645	64.725	64.612	64.700	5
2025-11-11 13:55	64.702	64.710	64.672	64.695	5
2025-11-11 14:00	64.705	64.780	64.672	64.725	5
2025-11-11 14:05	64.730	64.730	64.635	64.682	5
2025-11-11 14:10	64.695	64.695	64.612	64.645	5
2025-11-11 14:15	64.655	64.715	64.535	64.700	5
2025-11-11 14:20	64.705	64.795	64.705	64.765	5
2025-11-11 14:25	64.760	64.765	64.652	64.685	5
2025-11-11 14:30	64.690	64.755	64.682	64.732	5
2025-11-11 14:35	64.725	64.745	64.675	64.715	5
2025-11-11 14:40	64.730	64.775	64.682	64.745	5
2025-11-11 14:45	64.740	64.895	64.732	64.875	5
2025-11-11 14:50	64.880	64.915	64.832	64.867	5
2025-11-11 14:55	64.860	64.935	64.845	64.907	5
2025-11-11 15:00	64.908	64.925	64.822	64.832	5
2025-11-11 15:05	64.840	64.895	64.820	64.882	5
2025-11-11 15:10	64.895	64.925	64.865	64.915	5
2025-11-11 15:15	64.920	64.920	64.782	64.812	5
2025-11-11 15:20	64.810	64.895	64.792	64.870	5
2025-11-11 15:25	64.865	64.895	64.842	64.855	5
2025-11-11 15:30	64.860	64.905	64.815	64.822	5
2025-11-11 15:35	64.845	64.855	64.772	64.832	5
2025-11-11 15:40	64.822	64.895	64.822	64.885	5
2025-11-11 15:45	64.890	64.915	64.852	64.892	5
2025-11-11 15:50	64.890	64.930	64.870	64.902	5
2025-11-11 15:55	64.907	64.965	64.905	64.945	5
2025-11-11 16:00	64.938	64.995	64.892	64.985	5
2025-11-11 16:05	64.995	65.005	64.922	64.957	5
2025-11-11 16:10	64.960	65.055	64.932	64.982	5
2025-11-11 16:15	64.990	65.205	64.977	65.182	5
2025-11-11 16:20	65.195	65.220	65.135	65.182	5
2025-11-11 16:25	65.187	65.270	65.182	65.192	5
2025-11-11 16:30	65.200	65.275	65.142	65.197	5
2025-11-11 16:35	65.195	65.195	65.032	65.132	5
2025-11-11 16:40	65.140	65.165	65.042	65.095	5
2025-11-11 16:45	65.100	65.205	65.062	65.200	5
2025-11-11 16:50	65.192	65.230	65.175	65.195	5
2025-11-11 16:55	65.200	65.210	65.132	65.132	5
2025-11-11 17:00	65.128	65.165	65.072	65.145	5
2025-11-11 17:05	65.130	65.235	65.102	65.185	5
2025-11-11 17:10	65.175	65.245	65.162	65.225	5
2025-11-11 17:15	65.235	65.235	65.152	65.172	5
2025-11-11 17:20	65.185	65.215	65.152	65.192	4
2025-11-11 17:25	65.200	65.205	65.142	65.180	5
2025-11-11 17:30	65.185	65.185	65.092	65.125	5
2025-11-11 17:35	65.115	65.115	65.030	65.045	5
2025-11-11 17:40	65.055	65.095	65.042	65.072	5
2025-11-11 17:45	65.062	65.070	64.970	65.025	5
2025-11-11 17:50	65.020	65.085	65.002	65.045	5
2025-11-11 17:55	65.047	65.085	65.047	65.065	5
2025-11-11 18:00	65.055	65.155	65.047	65.142	5
2025-11-11 18:05	65.155	65.165	65.122	65.155	5
2025-11-11 18:10	65.150	65.152	65.082	65.082	5
2025-11-11 18:15	65.065	65.095	65.042	65.075	5
2025-11-11 18:20	65.085	65.085	65.052	65.060	5
2025-11-11 18:25	65.065	65.085	65.032	65.075	5
2025-11-11 18:30	65.095	65.135	65.077	65.090	5
2025-11-11 18:35	65.095	65.105	65.032	65.062	5
2025-11-11 18:40	65.085	65.095	65.022	65.035	5
2025-11-11 18:45	65.040	65.050	64.992	65.025	5
2025-11-11 18:50	65.020	65.040	64.992	65.040	5
2025-11-11 18:55	65.042	65.110	65.032	65.070	5
2025-11-11 19:00	65.065	65.095	65.025	65.095	5
2025-11-11 19:05	65.085	65.135	65.060	65.135	5
2025-11-11 19:10	65.125	65.185	65.115	65.182	5
2025-11-11 19:15	65.175	65.185	65.115	65.115	5
2025-11-11 19:20	65.110	65.130	65.062	65.085	5
2025-11-11 19:25	65.090	65.165	65.062	65.122	5
2025-11-11 19:30	65.115	65.155	65.080	65.152	5
2025-11-11 19:35	65.145	65.185	65.130	65.182	5
2025-11-11 19:40	65.175	65.175	65.095	65.095	5
2025-11-11 19:45	65.090	65.135	65.062	65.132	5
2025-11-11 19:50	65.145	65.192	65.142	65.192	4
2025-11-11 19:55	65.205	65.235	65.102	65.120	5
2025-11-11 20:00	65.115	65.145	65.082	65.092	5
2025-11-11 20:05	65.100	65.105	65.082	65.090	5
2025-11-11 20:10	65.092	65.105	65.082	65.102	5
2025-11-11 20:15	65.110	65.125	65.095	65.112	5
2025-11-11 20:20	65.125	65.125	65.092	65.110	5
2025-11-11 20:25	65.102	65.110	65.077	65.082	5
2025-11-11 20:30	65.080	65.082	65.032	65.032	5
2025-11-11 20:35	65.045	65.052	65.022	65.042	5
2025-11-11 20:40	65.040	65.067	65.022	65.067	5
2025-11-11 20:45	65.062	65.075	65.012	65.012	5
2025-11-11 20:50	65.020	65.050	65.012	65.045	5
2025-11-11 20:55	65.035	65.035	64.992	65.015	5
2025-11-11 21:00	65.008	65.023	65.008	65.008	5
2025-11-11 21:05	65.013	65.028	64.998	65.023	5
2025-11-11 21:10	65.028	65.038	65.013	65.038	4
2025-11-11 21:15	65.028	65.048	65.023	65.028	4
2025-11-11 21:20	65.038	65.053	65.023	65.053	4
2025-11-11 21:25	65.048	65.068	65.048	65.053	5
2025-11-11 21:30	65.043	65.113	65.043	65.093	5
2025-11-11 21:35	65.098	65.113	65.083	65.108	5
2025-11-11 21:40	65.118	65.143	65.118	65.128	4
2025-11-11 21:45	65.133	65.133	65.078	65.088	5
2025-11-11 21:50	65.098	65.108	65.078	65.103	5
2025-11-11 21:55	65.108	65.128	65.088	65.113	5
2025-11-12 01:00	65.077	65.100	65.032	65.065	5
2025-11-12 01:05	65.070	65.095	65.022	65.025	5
2025-11-12 01:10	65.035	65.052	65.022	65.045	5
2025-11-12 01:15	65.050	65.075	65.022	65.022	5
2025-11-12 01:20	65.015	65.025	64.967	64.967	5
2025-11-12 01:25	64.975	65.000	64.962	64.990	5
2025-11-12 01:30	64.982	64.990	64.962	64.972	5
2025-11-12 01:35	64.980	64.995	64.972	64.972	5
2025-11-12 01:40	64.980	65.015	64.975	65.002	4
2025-11-12 01:45	65.015	65.035	65.002	65.025	5
2025-11-12 01:50	65.027	65.055	65.020	65.042	5
2025-11-12 01:55	65.050	65.050	65.022	65.040	5
2025-11-12 02:00	65.042	65.070	65.032	65.042	5
2025-11-12 02:05	65.040	65.055	65.022	65.052	5
2025-11-12 02:10	65.057	65.065	65.022	65.052	5
2025-11-12 02:15	65.060	65.065	65.032	65.032	5
2025-11-12 02:20	65.045	65.075	65.038	65.055	5
2025-11-12 02:25	65.060	65.065	65.050	65.055	5
2025-11-12 02:30	65.060	65.060	65.020	65.020	5
2025-11-12 02:35	65.022	65.045	65.005	65.032	5
2025-11-12 02:40	65.022	65.022	64.980	64.985	5
2025-11-12 02:45	64.987	65.002	64.982	64.990	5
2025-11-12 02:50	64.995	65.005	64.982	64.995	4
2025-11-12 02:55	64.985	64.995	64.972	64.982	5
2025-11-12 03:00	64.990	64.995	64.963	64.975	5
2025-11-12 03:05	64.970	64.995	64.962	64.995	5
2025-11-12 03:10	65.000	65.010	64.972	64.990	5
2025-11-12 03:15	64.982	64.995	64.975	64.980	5
2025-11-12 03:20	64.975	64.985	64.962	64.975	5
2025-11-12 03:25	64.970	64.985	64.962	64.965	5
2025-11-12 03:30	64.955	64.955	64.932	64.932	5
2025-11-12 03:35	64.950	64.950	64.932	64.937	4
2025-11-12 03:40	64.942	64.955	64.930	64.935	3
2025-11-12 03:45	64.945	64.950	64.938	64.950	5
2025-11-12 03:50	64.945	64.950	64.912	64.912	5
2025-11-12 03:55	64.908	64.908	64.892	64.905	4
2025-11-12 04:00	64.910	64.915	64.902	64.910	4
2025-11-12 04:05	64.902	64.930	64.902	64.917	4
2025-11-12 04:10	64.925	64.950	64.912	64.937	5
2025-11-12 04:15	64.950	65.005	64.930	65.002	5
2025-11-12 04:20	65.000	65.005	64.975	64.975	5
2025-11-12 04:25	64.968	64.985	64.962	64.975	5
2025-11-12 04:30	64.965	64.965	64.952	64.952	3
2025-11-12 04:35	64.948	64.955	64.942	64.952	4
2025-11-12 04:40	64.950	64.955	64.942	64.952	4
2025-11-12 04:45	64.965	64.967	64.952	64.955	5
2025-11-12 04:50	64.948	64.950	64.935	64.945	4
2025-11-12 04:55	64.935	64.945	64.922	64.942	3
2025-11-12 05:00	64.950	64.960	64.935	64.955	4
2025-11-12 05:05	64.950	64.950	64.918	64.925	4
2025-11-12 05:10	64.915	64.922	64.902	64.912	4
2025-11-12 05:15	64.920	64.925	64.905	64.917	4
2025-11-12 05:20	64.925	64.950	64.917	64.940	5
2025-11-12 05:25	64.945	64.945	64.912	64.912	5
2025-11-12 05:30	64.905	64.920	64.885	64.887	5
2025-11-12 05:35	64.885	64.890	64.855	64.875	5
2025-11-12 05:40	64.885	64.920	64.882	64.920	4
2025-11-12 05:45	64.912	64.942	64.912	64.932	5
2025-11-12 05:50	64.930	64.930	64.902	64.915	5
2025-11-12 05:55	64.920	64.922	64.898	64.898	4
2025-11-12 06:00	64.910	64.910	64.877	64.882	3
2025-11-12 06:05	64.895	64.940	64.888	64.910	5
2025-11-12 06:10	64.905	64.925	64.892	64.902	4
2025-11-12 06:15	64.907	64.910	64.892	64.905	5
2025-11-12 06:20	64.915	64.930	64.905	64.920	5
2025-11-12 06:25	64.922	64.945	64.918	64.945	5
2025-11-12 06:30	64.940	64.970	64.923	64.960	4
2025-11-12 06:35	64.965	64.975	64.945	64.955	5
2025-11-12 06:40	64.950	64.955	64.925	64.935	5
2025-11-12 06:45	64.945	64.955	64.905	64.935	5
2025-11-12 06:50	64.930	64.940	64.920	64.925	5
2025-11-12 06:55	64.915	64.945	64.890	64.890	5
2025-11-12 07:00	64.875	64.930	64.870	64.925	5
2025-11-12 07:05	64.930	64.960	64.920	64.925	5
2025-11-12 07:10	64.920	64.935	64.905	64.930	5
2025-11-12 07:15	64.935	64.935	64.875	64.905	5
2025-11-12 07:20	64.895	64.910	64.865	64.895	5
2025-11-12 07:25	64.890	64.935	64.890	64.915	5
2025-11-12 07:30	64.910	64.910	64.840	64.855	5
2025-11-12 07:35	64.850	64.885	64.830	64.865	5
2025-11-12 07:40	64.870	64.895	64.845	64.850	5
2025-11-12 07:45	64.845	64.875	64.815	64.875	5
2025-11-12 07:50	64.865	64.895	64.845	64.870	5
2025-11-12 07:55	64.865	64.865	64.805	64.805	5
2025-11-12 08:00	64.790	64.885	64.785	64.875	5
2025-11-12 08:05	64.880	64.905	64.845	64.865	5
2025-11-12 08:10	64.860	64.875	64.825	64.855	5
2025-11-12 08:15	64.850	64.875	64.835	64.855	5
2025-11-12 08:20	64.845	64.845	64.785	64.810	5
2025-11-12 08:25	64.815	64.855	64.790	64.835	5
2025-11-12 08:30	64.820	64.820	64.715	64.785	5
2025-11-12 08:35	64.775	64.860	64.775	64.835	5
2025-11-12 08:40	64.830	64.855	64.795	64.845	5
2025-11-12 08:45	64.840	64.855	64.805	64.805	5
2025-11-12 08:50	64.795	64.815	64.725	64.745	5
2025-11-12 08:55	64.735	64.755	64.695	64.710	5
2025-11-12 09:00	64.715	64.755	64.670	64.755	5
2025-11-12 09:05	64.760	64.765	64.705	64.710	5
2025-11-12 09:10	64.715	64.740	64.705	64.735	5
2025-11-12 09:15	64.740	64.785	64.735	64.735	5
2025-11-12 09:20	64.745	64.745	64.695	64.720	5
2025-11-12 09:25	64.715	64.750	64.695	64.725	5
2025-11-12 09:30	64.720	64.725	64.645	64.650	5
2025-11-12 09:35	64.645	64.645	64.570	64.585	5
2025-11-12 09:40	64.590	64.625	64.535	64.555	5
2025-11-12 09:45	64.560	64.605	64.535	64.590	5
2025-11-12 09:50	64.585	64.630	64.575	64.625	5
2025-11-12 09:55	64.630	64.635	64.555	64.555	5
2025-11-12 10:00	64.545	64.585	64.485	64.515	5
2025-11-12 10:05	64.525	64.565	64.515	64.565	5
2025-11-12 10:10	64.560	64.625	64.555	64.585	5
2025-11-12 10:15	64.590	64.635	64.545	64.595	5
2025-11-12 10:20	64.590	64.605	64.520	64.555	5
2025-11-12 10:25	64.565	64.615	64.535	64.595	5
2025-11-12 10:30	64.585	64.585	64.555	64.565	5
2025-11-12 10:35	64.560	64.575	64.525	64.555	5
2025-11-12 10:40	64.550	64.585	64.505	64.580	4
2025-11-12 10:45	64.585	64.655	64.555	64.635	5
2025-11-12 10:50	64.625	64.675	64.615	64.660	5
2025-11-12 10:55	64.655	64.725	64.650	64.722	5
2025-11-12 11:00	64.715	64.785	64.712	64.782	5
2025-11-12 11:05	64.780	64.780	64.712	64.727	5
2025-11-12 11:10	64.732	64.765	64.722	64.760	5
2025-11-12 11:15	64.762	64.770	64.702	64.702	5
2025-11-12 11:20	64.707	64.725	64.692	64.702	5
2025-11-12 11:25	64.715	64.715	64.655	64.665	5
2025-11-12 11:30	64.655	64.665	64.520	64.522	5
2025-11-12 11:35	64.530	64.600	64.492	64.595	5
2025-11-12 11:40	64.590	64.595	64.552	64.585	5
2025-11-12 11:45	64.595	64.595	64.520	64.532	5
2025-11-12 11:50	64.540	64.590	64.532	64.550	5
2025-11-12 11:55	64.565	64.565	64.402	64.422	5
2025-11-12 12:00	64.428	64.455	64.415	64.452	5
2025-11-12 12:05	64.465	64.485	64.442	64.477	5
2025-11-12 12:10	64.475	64.535	64.442	64.532	5
2025-11-12 12:15	64.530	64.535	64.462	64.465	5
2025-11-12 12:20	64.460	64.490	64.450	64.472	5
2025-11-12 12:25	64.467	64.505	64.445	64.450	5
2025-11-12 12:30	64.445	64.485	64.430	64.450	5
2025-11-12 12:35	64.455	64.485	64.425	64.485	5
2025-11-12 12:40	64.480	64.495	64.455	64.470	5
2025-11-12 12:45	64.462	64.525	64.462	64.517	5
2025-11-12 12:50	64.512	64.525	64.490	64.495	5
2025-11-12 12:55	64.505	64.510	64.475	64.482	5
2025-11-12 13:00	64.482	64.515	64.132	64.295	5
2025-11-12 13:05	64.285	64.295	64.202	64.265	5
2025-11-12 13:10	64.255	64.290	64.242	64.252	5
2025-11-12 13:15	64.275	64.335	64.265	64.325	5
2025-11-12 13:20	64.320	64.335	64.292	64.300	5
2025-11-12 13:25	64.302	64.322	64.255	64.315	5
2025-11-12 13:30	64.302	64.302	64.202	64.282	5
2025-11-12 13:35	64.280	64.282	64.202	64.255	5
2025-11-12 13:40	64.245	64.272	64.222	64.242	5
2025-11-12 13:45	64.250	64.275	64.182	64.195	5
2025-11-12 13:50	64.190	64.195	64.137	64.175	5
2025-11-12 13:55	64.170	64.175	64.132	64.132	5
2025-11-12 14:00	64.135	64.145	63.915	63.937	5
2025-11-12 14:05	63.945	63.965	63.795	63.872	5
2025-11-12 14:10	63.870	63.910	63.802	63.822	5
2025-11-12 14:15	63.835	63.835	63.722	63.725	5
2025-11-12 14:20	63.715	63.745	63.602	63.702	5
2025-11-12 14:25	63.715	63.725	63.650	63.672	5
2025-11-12 14:30	63.655	63.660	63.502	63.535	5
2025-11-12 14:35	63.545	63.615	63.522	63.532	5
2025-11-12 14:40	63.545	63.555	63.405	63.412	5
2025-11-12 14:45	63.425	63.440	63.332	63.385	5
2025-11-12 14:50	63.375	63.385	63.292	63.322	5
2025-11-12 14:55	63.320	63.325	63.242	63.265	5
2025-11-12 15:00	63.258	63.515	63.248	63.502	5
2025-11-12 15:05	63.515	63.515	63.422	63.502	5
2025-11-12 15:10	63.510	63.515	63.432	63.432	5
2025-11-12 15:15	63.440	63.440	63.362	63.390	5
2025-11-12 15:20	63.395	63.425	63.372	63.385	5
2025-11-12 15:25	63.375	63.415	63.292	63.312	5
2025-11-12 15:30	63.332	63.355	63.192	63.205	5
2025-11-12 15:35	63.195	63.225	63.112	63.165	5
2025-11-12 15:40	63.175	63.175	63.082	63.142	5
2025-11-12 15:45	63.155	63.185	63.112	63.142	5
2025-11-12 15:50	63.135	63.155	63.090	63.092	5
2025-11-12 15:55	63.090	63.145	63.090	63.092	5
2025-11-12 16:00	63.090	63.130	63.032	63.045	5
2025-11-12 16:05	63.055	63.112	63.042	63.067	5
2025-11-12 16:10	63.067	63.085	62.942	63.032	5
2025-11-12 16:15	63.030	63.105	63.018	63.102	5
2025-11-12 16:20	63.100	63.187	62.992	63.025	5
2025-11-12 16:25	63.035	63.065	62.727	62.760	5
2025-11-12 16:30	62.775	62.795	62.682	62.732	5
2025-11-12 16:35	62.725	62.765	62.605	62.642	5
2025-11-12 16:40	62.635	62.700	62.612	62.660	5
2025-11-12 16:45	62.665	62.795	62.660	62.732	5
2025-11-12 16:50	62.740	62.840	62.702	62.732	5
2025-11-12 16:55	62.725	62.735	62.692	62.722	5
2025-11-12 17:00	62.730	62.805	62.712	62.785	5
2025-11-12 17:05	62.795	62.895	62.790	62.862	5
2025-11-12 17:10	62.855	62.885	62.752	62.762	5
2025-11-12 17:15	62.760	62.820	62.735	62.752	5
2025-11-12 17:20	62.765	62.800	62.680	62.705	5
2025-11-12 17:25	62.715	62.785	62.712	62.712	5
2025-11-12 17:30	62.710	62.835	62.710	62.815	5
2025-11-12 17:35	62.810	62.852	62.722	62.722	5
2025-11-12 17:40	62.732	62.765	62.710	62.710	5
2025-11-12 17:45	62.712	62.785	62.705	62.762	5
2025-11-12 17:50	62.755	62.790	62.705	62.790	5
2025-11-12 17:55	62.795	62.795	62.732	62.782	5
2025-11-12 18:00	62.795	62.815	62.757	62.762	5
2025-11-12 18:05	62.770	62.775	62.705	62.715	5
2025-11-12 18:10	62.725	62.735	62.690	62.715	5
2025-11-12 18:15	62.710	62.765	62.702	62.755	5
2025-11-12 18:20	62.745	62.755	62.702	62.722	5
2025-11-12 18:25	62.730	62.745	62.692	62.712	5
2025-11-12 18:30	62.710	62.740	62.702	62.710	5
2025-11-12 18:35	62.702	62.735	62.692	62.702	5
2025-11-12 18:40	62.715	62.725	62.665	62.682	5
2025-11-12 18:45	62.695	62.710	62.662	62.665	5
2025-11-12 18:50	62.655	62.665	62.552	62.602	5
2025-11-12 18:55	62.595	62.635	62.572	62.572	5
2025-11-12 19:00	62.565	62.625	62.562	62.592	5
2025-11-12 19:05	62.600	62.680	62.575	62.655	5
2025-11-12 19:10	62.665	62.710	62.615	62.682	5
2025-11-12 19:15	62.675	62.725	62.612	62.625	5
2025-11-12 19:20	62.630	62.655	62.602	62.622	5
2025-11-12 19:25	62.612	62.725	62.605	62.715	5
2025-11-12 19:30	62.705	62.735	62.635	62.652	5
2025-11-12 19:35	62.660	62.665	62.602	62.625	5
2025-11-12 19:40	62.635	62.635	62.587	62.622	5
2025-11-12 19:45	62.627	62.635	62.582	62.592	5
2025-11-12 19:50	62.600	62.605	62.585	62.585	3
2025-11-12 19:55	62.600	62.600	62.572	62.592	4
2025-11-12 20:00	62.585	62.595	62.552	62.570	5
2025-11-12 20:05	62.562	62.590	62.552	62.555	5
2025-11-12 20:10	62.565	62.605	62.552	62.602	4
2025-11-12 20:15	62.615	62.645	62.592	62.645	5
2025-11-12 20:20	62.655	62.655	62.612	62.630	5
2025-11-12 20:25	62.635	62.675	62.630	62.662	5
2025-11-12 20:30	62.670	62.700	62.670	62.682	5
2025-11-12 20:35	62.690	62.705	62.662	62.672	5
2025-11-12 20:40	62.670	62.680	62.652	62.660	5
2025-11-12 20:45	62.655	62.655	62.632	62.650	5
2025-11-12 20:50	62.665	62.675	62.635	62.652	5
2025-11-12 20:55	62.660	62.675	62.642	62.660	5
2025-11-12 21:00	62.658	62.668	62.643	62.648	5
2025-11-12 21:05	62.658	62.658	62.608	62.608	5
2025-11-12 21:10	62.613	62.628	62.593	62.628	5
2025-11-12 21:15	62.623	62.628	62.598	62.608	3
2025-11-12 21:20	62.598	62.608	62.598	62.598	4
2025-11-12 21:25	62.603	62.648	62.603	62.648	5
2025-11-12 21:30	62.653	62.663	62.588	62.588	4
2025-11-12 21:35	62.598	62.603	62.578	62.598	5
2025-11-12 21:40	62.603	62.623	62.588	62.588	5
2025-11-12 21:45	62.598	62.613	62.588	62.613	5
2025-11-12 21:50	62.623	62.648	62.603	62.643	4
2025-11-12 21:55	62.648	62.713	62.638	62.703	5
2025-11-13 01:00	62.548	62.585	62.445	62.532	5
2025-11-13 01:05	62.525	62.530	62.340	62.402	5
2025-11-13 01:10	62.392	62.455	62.320	62.450	5
2025-11-13 01:15	62.445	62.475	62.412	62.462	5
2025-11-13 01:20	62.455	62.475	62.402	62.407	5
2025-11-13 01:25	62.405	62.465	62.400	62.445	5
2025-11-13 01:30	62.448	62.470	62.402	62.442	5
2025-11-13 01:35	62.440	62.532	62.420	62.530	5
2025-11-13 01:40	62.522	62.575	62.512	62.525	5
2025-11-13 01:45	62.535	62.540	62.508	62.530	5
2025-11-13 01:50	62.522	62.537	62.512	62.532	5
2025-11-13 01:55	62.530	62.535	62.505	62.525	5
2025-11-13 02:00	62.515	62.567	62.502	62.567	5
2025-11-13 02:05	62.565	62.595	62.522	62.570	5
2025-11-13 02:10	62.565	62.605	62.542	62.570	5
2025-11-13 02:15	62.565	62.585	62.552	62.582	5
2025-11-13 02:20	62.580	62.610	62.578	62.600	5
2025-11-13 02:25	62.595	62.682	62.595	62.658	5
2025-11-13 02:30	62.655	62.705	62.652	62.705	5
2025-11-13 02:35	62.697	62.705	62.662	62.662	5
2025-11-13 02:40	62.670	62.705	62.670	62.682	5
2025-11-13 02:45	62.680	62.682	62.635	62.645	3
2025-11-13 02:50	62.635	62.655	62.592	62.620	4
2025-11-13 02:55	62.612	62.620	62.572	62.602	5
2025-11-13 03:00	62.600	62.620	62.592	62.620	5
2025-11-13 03:05	62.612	62.635	62.602	62.625	5
2025-11-13 03:10	62.630	62.630	62.582	62.595	5
2025-11-13 03:15	62.600	62.625	62.597	62.597	5
2025-11-13 03:20	62.595	62.625	62.595	62.615	5
2025-11-13 03:25	62.605	62.620	62.595	62.610	5
2025-11-13 03:30	62.602	62.635	62.602	62.602	5
2025-11-13 03:35	62.600	62.605	62.582	62.600	5
2025-11-13 03:40	62.615	62.652	62.612	62.642	5
2025-11-13 03:45	62.640	62.655	62.632	62.632	4
2025-11-13 03:50	62.640	62.645	62.620	62.645	5
2025-11-13 03:55	62.650	62.735	62.650	62.727	5
2025-11-13 04:00	62.725	62.745	62.692	62.692	5
2025-11-13 04:05	62.700	62.700	62.660	62.660	5
2025-11-13 04:10	62.665	62.665	62.645	62.662	5
2025-11-13 04:15	62.660	62.665	62.642	62.665	4
2025-11-13 04:20	62.675	62.675	62.642	62.642	5
2025-11-13 04:25	62.650	62.655	62.615	62.620	5
2025-11-13 04:30	62.615	62.625	62.602	62.622	5
2025-11-13 04:35	62.620	62.660	62.612	62.660	5
2025-11-13 04:40	62.650	62.655	62.635	62.655	5
2025-11-13 04:45	62.657	62.685	62.657	62.670	5
2025-11-13 04:50	62.675	62.675	62.657	62.665	5
2025-11-13 04:55	62.670	62.670	62.642	62.645	5
2025-11-13 05:00	62.650	62.650	62.618	62.618	4
2025-11-13 05:05	62.625	62.655	62.625	62.655	4
2025-11-13 05:10	62.657	62.665	62.645	62.645	5
2025-11-13 05:15	62.650	62.660	62.645	62.652	5
2025-11-13 05:20	62.650	62.662	62.637	62.658	4
2025-11-13 05:25	62.660	62.660	62.648	62.648	4
2025-11-13 05:30	62.660	62.695	62.612	62.630	5
2025-11-13 05:35	62.622	62.622	62.602	62.612	5
2025-11-13 05:40	62.620	62.655	62.610	62.630	5
2025-11-13 05:45	62.620	62.622	62.550	62.555	5
2025-11-13 05:50	62.557	62.627	62.552	62.625	5
2025-11-13 05:55	62.630	62.645	62.612	62.627	5
2025-11-13 06:00	62.622	62.630	62.595	62.617	5
2025-11-13 06:05	62.625	62.645	62.607	62.632	5
2025-11-13 06:10	62.637	62.637	62.612	62.625	4
2025-11-13 06:15	62.605	62.640	62.597	62.635	5
2025-11-13 06:20	62.642	62.675	62.637	62.662	5
2025-11-13 06:25	62.660	62.685	62.645	62.672	5
2025-11-13 06:30	62.680	62.692	62.652	62.665	5
2025-11-13 06:35	62.660	62.677	62.622	62.662	5
2025-11-13 06:40	62.675	62.720	62.665	62.712	5
2025-11-13 06:45	62.705	62.750	62.685	62.725	5
2025-11-13 06:50	62.708	62.715	62.672	62.685	5
2025-11-13 06:55	62.680	62.710	62.680	62.687	5
2025-11-13 07:00	62.675	62.755	62.672	62.725	5
2025-11-13 07:05	62.730	62.775	62.730	62.745	5
2025-11-13 07:10	62.755	62.785	62.650	62.650	5
2025-11-13 07:15	62.645	62.755	62.637	62.745	5
2025-11-13 07:20	62.740	62.740	62.652	62.665	5
2025-11-13 07:25	62.660	62.675	62.585	62.600	5
2025-11-13 07:30	62.605	62.750	62.600	62.677	5
2025-11-13 07:35	62.672	62.710	62.637	62.660	5
2025-11-13 07:40	62.645	62.677	62.632	62.632	5
2025-11-13 07:45	62.645	62.700	62.595	62.682	5
2025-11-13 07:50	62.680	62.685	62.630	62.650	5
2025-11-13 07:55	62.645	62.670	62.605	62.610	5
2025-11-13 08:00	62.605	62.655	62.592	62.605	5
2025-11-13 08:05	62.607	62.660	62.600	62.605	5
2025-11-13 08:10	62.615	62.645	62.552	62.565	5
2025-11-13 08:15	62.562	62.595	62.540	62.545	5
2025-11-13 08:20	62.555	62.585	62.470	62.482	5
2025-11-13 08:25	62.475	62.565	62.442	62.525	5
2025-11-13 08:30	62.535	62.585	62.432	62.475	5
2025-11-13 08:35	62.465	62.535	62.422	62.472	5
2025-11-13 08:40	62.480	62.575	62.462	62.555	5
2025-11-13 08:45	62.545	62.575	62.495	62.502	5
2025-11-13 08:50	62.500	62.550	62.482	62.530	5
2025-11-13 08:55	62.535	62.545	62.502	62.520	5
2025-11-13 09:00	62.510	62.545	62.482	62.532	5
2025-11-13 09:05	62.525	62.552	62.392	62.402	5
2025-11-13 09:10	62.410	62.505	62.372	62.432	5
2025-11-13 09:15	62.430	62.505	62.412	62.445	5
2025-11-13 09:20	62.435	62.472	62.422	62.450	5
2025-11-13 09:25	62.452	62.525	62.447	62.502	5
2025-11-13 09:30	62.495	62.585	62.487	62.530	5
2025-11-13 09:35	62.525	62.565	62.472	62.502	5
2025-11-13 09:40	62.515	62.540	62.480	62.505	5
2025-11-13 09:45	62.500	62.512	62.372	62.417	5
2025-11-13 09:50	62.412	62.510	62.412	62.452	5
2025-11-13 09:55	62.460	62.600	62.455	62.595	5
2025-11-13 10:00	62.605	62.760	62.602	62.702	5
2025-11-13 10:05	62.697	62.775	62.675	62.752	5
2025-11-13 10:10	62.760	62.855	62.752	62.832	5
2025-11-13 10:15	62.830	62.875	62.822	62.852	5
2025-11-13 10:20	62.850	62.935	62.792	62.925	5
2025-11-13 10:25	62.927	63.025	62.927	62.985	5
2025-11-13 10:30	62.990	63.045	62.942	62.965	5
2025-11-13 10:35	62.948	63.015	62.942	63.005	5
2025-11-13 10:40	63.010	63.080	62.962	62.962	5
2025-11-13 10:45	62.960	62.975	62.902	62.957	5
2025-11-13 10:50	62.955	63.015	62.940	62.992	5
2025-11-13 10:55	63.002	63.015	62.982	63.002	5
2025-11-13 11:00	63.012	63.075	62.962	62.992	5
2025-11-13 11:05	62.997	63.065	62.992	63.025	5
2025-11-13 11:10	63.030	63.052	63.015	63.052	5
2025-11-13 11:15	63.050	63.105	63.045	63.092	5
2025-11-13 11:20	63.090	63.095	63.000	63.025	5
2025-11-13 11:25	63.030	63.030	62.992	63.005	5
2025-11-13 11:30	63.010	63.050	63.002	63.012	5
2025-11-13 11:35	63.010	63.025	62.982	63.022	5
2025-11-13 11:40	63.030	63.085	63.012	63.062	5
2025-11-13 11:45	63.075	63.115	63.072	63.110	5
2025-11-13 11:50	63.102	63.125	63.082	63.125	5
2025-11-13 11:55	63.120	63.125	63.082	63.095	5
2025-11-13 12:00	63.100	63.135	63.092	63.112	5
2025-11-13 12:05	63.120	63.195	63.112	63.192	5
2025-11-13 12:10	63.205	63.215	63.132	63.135	5
2025-11-13 12:15	63.140	63.145	63.067	63.082	5
2025-11-13 12:20	63.080	63.132	63.072	63.127	5
2025-11-13 12:25	63.135	63.162	63.130	63.132	5
2025-11-13 12:30	63.145	63.145	63.075	63.092	5
2025-11-13 12:35	63.085	63.100	63.042	63.052	5
2025-11-13 12:40	63.060	63.095	63.042	63.060	5
2025-11-13 12:45	63.065	63.110	63.065	63.085	5
2025-11-13 12:50	63.090	63.132	63.052	63.132	5
2025-11-13 12:55	63.125	63.185	63.122	63.150	5
2025-11-13 13:00	63.143	63.255	63.075	63.252	5
2025-11-13 13:05	63.250	63.265	63.172	63.187	5
2025-11-13 13:10	63.185	63.215	63.115	63.172	5
2025-11-13 13:15	63.180	63.225	63.175	63.225	5
2025-11-13 13:20	63.215	63.275	63.212	63.227	5
2025-11-13 13:25	63.230	63.285	63.202	63.260	5
2025-11-13 13:30	63.265	63.280	63.202	63.257	5
2025-11-13 13:35	63.265	63.335	63.252	63.325	5
2025-11-13 13:40	63.330	63.425	63.322	63.372	5
2025-11-13 13:45	63.365	63.415	63.350	63.355	5
2025-11-13 13:50	63.360	63.375	63.322	63.350	5
2025-11-13 13:55	63.352	63.365	63.292	63.322	5
2025-11-13 14:00	63.330	63.355	63.232	63.240	5
2025-11-13 14:05	63.235	63.295	63.192	63.262	5
2025-11-13 14:10	63.275	63.335	63.242	63.285	5
2025-11-13 14:15	63.305	63.335	63.225	63.325	5
2025-11-13 14:20	63.320	63.365	63.302	63.345	5
2025-11-13 14:25	63.335	63.355	63.295	63.322	5
2025-11-13 14:30	63.323	63.355	63.272	63.327	5
2025-11-13 14:35	63.320	63.330	63.185	63.265	5
2025-11-13 14:40	63.255	63.285	63.172	63.172	5
2025-11-13 14:45	63.162	63.285	63.162	63.202	5
2025-11-13 14:50	63.210	63.265	63.185	63.235	5
2025-11-13 14:55	63.240	63.305	63.230	63.232	5
2025-11-13 15:00	63.228	63.245	63.192	63.217	5
2025-11-13 15:05	63.212	63.255	63.142	63.212	5
2025-11-13 15:10	63.220	63.325	63.220	63.305	5
2025-11-13 15:15	63.295	63.375	63.230	63.275	5
2025-11-13 15:20	63.270	63.345	63.242	63.280	5
2025-11-13 15:25	63.285	63.295	63.202	63.265	5
2025-11-13 15:30	63.270	63.325	63.172	63.172	5
2025-11-13 15:35	63.165	63.168	63.045	63.152	5
2025-11-13 15:40	63.150	63.180	63.052	63.072	5
2025-11-13 15:45	63.085	63.135	62.992	63.015	5
2025-11-13 15:50	63.010	63.075	62.982	63.027	5
2025-11-13 15:55	63.025	63.070	62.992	63.035	5
2025-11-13 16:00	63.022	63.135	63.005	63.022	5
2025-11-13 16:05	63.035	63.095	62.992	63.077	5
2025-11-13 16:10	63.075	63.155	63.035	63.145	5
2025-11-13 16:15	63.140	63.195	63.115	63.185	5
2025-11-13 16:20	63.175	63.210	63.135	63.155	5
2025-11-13 16:25	63.145	63.165	63.062	63.125	5
2025-11-13 16:30	63.135	63.205	63.072	63.155	5
2025-11-13 16:35	63.142	63.245	63.127	63.130	5
2025-11-13 16:40	63.135	63.265	63.125	63.255	5
2025-11-13 16:45	63.260	63.290	63.182	63.255	5
2025-11-13 16:50	63.260	63.305	63.242	63.262	5
2025-11-13 16:55	63.255	63.280	63.212	63.280	5
2025-11-13 17:00	63.268	63.268	63.102	63.152	5
2025-11-13 17:05	63.147	63.205	63.092	63.122	5
2025-11-13 17:10	63.110	63.185	63.082	63.152	5
2025-11-13 17:15	63.165	63.170	63.027	63.047	5
2025-11-13 17:20	63.042	63.185	63.035	63.162	5
2025-11-13 17:25	63.155	63.155	63.082	63.120	5
2025-11-13 17:30	63.125	63.160	63.120	63.160	5
2025-11-13 17:35	63.165	63.175	63.112	63.152	5
2025-11-13 17:40	63.160	63.162	63.102	63.122	5
2025-11-13 17:45	63.127	63.185	63.095	63.160	5
2025-11-13 17:50	63.165	63.175	63.120	63.142	5
2025-11-13 17:55	63.150	63.150	63.082	63.122	5
2025-11-13 18:00	63.115	63.135	63.042	63.055	5
2025-11-13 18:05	63.050	63.155	63.045	63.085	5
2025-11-13 18:10	63.100	63.122	63.022	63.035	5
2025-11-13 18:15	63.030	63.065	63.015	63.062	5
2025-11-13 18:20	63.075	63.075	63.002	63.022	5
2025-11-13 18:25	63.005	63.047	62.990	63.045	5
2025-11-13 18:30	63.035	63.055	62.882	62.890	5
2025-11-13 18:35	62.895	62.910	62.800	62.802	5
2025-11-13 18:40	62.797	62.895	62.792	62.855	5
2025-11-13 18:45	62.875	62.905	62.842	62.865	5
2025-11-13 18:50	62.870	62.955	62.842	62.902	5
2025-11-13 18:55	62.897	62.945	62.885	62.932	5
2025-11-13 19:00	62.945	63.035	62.922	63.007	5
2025-11-13 19:05	63.012	63.065	62.990	63.025	5
2025-11-13 19:10	63.030	63.045	62.962	62.967	5
2025-11-13 19:15	62.962	63.015	62.942	62.995	5
2025-11-13 19:20	62.985	63.015	62.962	63.000	5
2025-11-13 19:25	63.010	63.055	62.832	63.032	5
2025-11-13 19:30	63.025	63.130	63.020	63.112	5
2025-11-13 19:35	63.110	63.135	62.992	63.032	5
2025-11-13 19:40	63.040	63.060	63.000	63.045	5
2025-11-13 19:45	63.050	63.075	63.012	63.032	5
2025-11-13 19:50	63.045	63.090	63.042	63.060	5
2025-11-13 19:55	63.055	63.055	63.007	63.050	5
2025-11-13 20:00	63.045	63.070	63.012	63.022	5
2025-11-13 20:05	63.015	63.035	62.992	63.032	5
2025-11-13 20:10	63.040	63.045	62.970	62.987	5
2025-11-13 20:15	62.995	63.015	62.982	62.982	5
2025-11-13 20:20	62.975	62.990	62.952	62.970	4
2025-11-13 20:25	62.962	62.995	62.962	62.985	5
2025-11-13 20:30	62.987	63.005	62.972	62.992	4
2025-11-13 20:35	63.005	63.045	62.995	63.020	5
2025-11-13 20:40	63.022	63.022	62.967	62.975	5
2025-11-13 20:45	62.965	62.970	62.912	62.915	5
2025-11-13 20:50	62.925	62.945	62.862	62.862	5
2025-11-13 20:55	62.870	62.905	62.862	62.905	5
2025-11-13 21:00	62.900	62.963	62.893	62.958	4
2025-11-13 21:05	62.963	62.968	62.938	62.943	4
2025-11-13 21:10	62.948	62.958	62.928	62.938	5
2025-11-13 21:15	62.933	62.963	62.933	62.953	5
2025-11-13 21:20	62.948	62.958	62.928	62.958	5
2025-11-13 21:25	62.963	62.963	62.948	62.948	4
2025-11-13 21:30	62.953	62.968	62.898	62.968	4
2025-11-13 21:35	62.978	62.978	62.958	62.958	5
2025-11-13 21:40	62.963	62.988	62.948	62.968	5
2025-11-13 21:45	62.963	62.968	62.898	62.898	4
2025-11-13 21:50	62.893	62.898	62.858	62.878	5
2025-11-13 21:55	62.873	62.888	62.863	62.863	5
2025-11-14 01:00	63.392	63.605	63.382	63.562	5
2025-11-14 01:05	63.555	63.710	63.517	63.705	5
2025-11-14 01:10	63.697	63.765	63.632	63.740	5
2025-11-14 01:15	63.732	63.855	63.688	63.822	5
2025-11-14 01:20	63.830	63.922	63.737	63.860	5
2025-11-14 01:25	63.855	64.050	63.842	64.037	5
2025-11-14 01:30	64.045	64.383	64.040	64.197	5
2025-11-14 01:35	64.202	64.370	64.202	64.332	5
2025-11-14 01:40	64.340	64.575	64.340	64.512	5
2025-11-14 01:45	64.520	64.690	64.512	64.690	5
2025-11-14 01:50	64.675	64.835	64.652	64.782	5
2025-11-14 01:55	64.810	64.855	64.412	64.440	5
2025-11-14 02:00	64.437	64.535	64.318	64.357	5
2025-11-14 02:05	64.365	64.385	64.110	64.110	5
2025-11-14 02:10	64.112	64.205	63.968	64.190	5
2025-11-14 02:15	64.185	64.215	64.102	64.202	5
2025-11-14 02:20	64.210	64.355	64.183	64.310	5
2025-11-14 02:25	64.305	64.360	64.297	64.342	5
2025-11-14 02:30	64.340	64.405	64.278	64.352	5
2025-11-14 02:35	64.347	64.475	64.342	64.430	5
2025-11-14 02:40	64.435	64.450	64.352	64.395	5
2025-11-14 02:45	64.390	64.425	64.332	64.397	5
2025-11-14 02:50	64.395	64.440	64.292	64.315	5
2025-11-14 02:55	64.310	64.340	64.225	64.230	5
2025-11-14 03:00	64.232	64.255	64.185	64.185	5
2025-11-14 03:05	64.195	64.215	64.152	64.210	5
2025-11-14 03:10	64.225	64.240	64.152	64.232	5
2025-11-14 03:15	64.240	64.295	64.212	64.242	5
2025-11-14 03:20	64.235	64.285	64.225	64.232	5
2025-11-14 03:25	64.225	64.245	64.135	64.152	5
2025-11-14 03:30	64.145	64.145	63.990	64.020	5
2025-11-14 03:35	64.022	64.040	63.965	64.020	5
2025-11-14 03:40	64.015	64.035	63.987	63.997	5
2025-11-14 03:45	64.005	64.005	63.867	63.892	5
2025-11-14 03:50	63.910	63.920	63.815	63.822	5
2025-11-14 03:55	63.830	63.930	63.827	63.902	5
2025-11-14 04:00	63.915	63.945	63.882	63.882	5
2025-11-14 04:05	63.870	63.930	63.867	63.880	5
2025-11-14 04:10	63.885	63.937	63.847	63.935	5
2025-11-14 04:15	63.930	63.955	63.907	63.947	5
2025-11-14 04:20	63.952	63.952	63.877	63.877	5
2025-11-14 04:25	63.882	63.935	63.877	63.910	5
2025-11-14 04:30	63.912	63.955	63.907	63.947	5
2025-11-14 04:35	63.940	63.945	63.852	63.870	5
2025-11-14 04:40	63.872	63.890	63.832	63.877	5
2025-11-14 04:45	63.875	63.895	63.852	63.890	5
2025-11-14 04:50	63.895	63.945	63.895	63.897	5
2025-11-14 04:55	63.895	63.907	63.850	63.860	5
2025-11-14 05:00	63.865	63.940	63.853	63.935	4
2025-11-14 05:05	63.930	63.985	63.912	63.985	5
2025-11-14 05:10	63.977	63.990	63.918	63.925	5
2025-11-14 05:15	63.915	64.005	63.912	64.002	5
2025-11-14 05:20	64.015	64.015	63.945	63.945	5
2025-11-14 05:25	63.935	63.935	63.882	63.902	5
2025-11-14 05:30	63.930	64.015	63.918	63.977	5
2025-11-14 05:35	63.982	64.055	63.957	64.012	5
2025-11-14 05:40	64.005	64.030	63.970	64.020	5
2025-11-14 05:45	64.015	64.025	63.937	63.972	5
2025-11-14 05:50	63.970	63.975	63.890	63.910	5
2025-11-14 05:55	63.902	63.970	63.878	63.925	5
2025-11-14 06:00	63.935	64.005	63.910	63.995	5
2025-11-14 06:05	63.990	64.035	63.977	64.002	5
2025-11-14 06:10	63.995	64.030	63.972	64.025	5
2025-11-14 06:15	64.020	64.030	63.960	64.010	5
2025-11-14 06:20	64.005	64.035	63.967	64.012	5
2025-11-14 06:25	64.010	64.020	63.942	63.955	5
2025-11-14 06:30	63.980	64.030	63.950	64.015	5
2025-11-14 06:35	64.020	64.025	63.935	63.940	5
2025-11-14 06:40	63.932	63.950	63.885	63.935	5
2025-11-14 06:45	63.940	63.955	63.810	63.845	5
2025-11-14 06:50	63.835	63.835	63.678	63.740	5
2025-11-14 06:55	63.735	63.822	63.732	63.800	5
2025-11-14 07:00	63.787	63.860	63.672	63.850	5
2025-11-14 07:05	63.855	63.872	63.792	63.860	5
2025-11-14 07:10	63.862	63.880	63.792	63.832	5
2025-11-14 07:15	63.830	63.860	63.717	63.722	5
2025-11-14 07:20	63.720	63.795	63.712	63.785	5
2025-11-14 07:25	63.787	63.795	63.712	63.725	5
2025-11-14 07:30	63.735	63.772	63.682	63.722	5
2025-11-14 07:35	63.720	63.855	63.718	63.832	5
2025-11-14 07:40	63.827	63.875	63.782	63.867	5
2025-11-14 07:45	63.865	63.925	63.832	63.850	5
2025-11-14 07:50	63.847	63.890	63.832	63.870	5
2025-11-14 07:55	63.865	63.960	63.843	63.920	5
2025-11-14 08:00	63.925	63.945	63.817	63.872	5
2025-11-14 08:05	63.885	63.975	63.852	63.960	5
2025-11-14 08:10	63.952	63.965	63.848	63.857	5
2025-11-14 08:15	63.852	63.925	63.822	63.862	5
2025-11-14 08:20	63.870	63.885	63.782	63.805	5
2025-11-14 08:25	63.800	63.815	63.692	63.715	5
2025-11-14 08:30	63.702	63.770	63.660	63.770	5
2025-11-14 08:35	63.775	63.830	63.732	63.760	5
2025-11-14 08:40	63.755	63.760	63.592	63.650	5
2025-11-14 08:45	63.645	63.692	63.605	63.662	5
2025-11-14 08:50	63.667	63.715	63.525	63.605	5
2025-11-14 08:55	63.615	63.675	63.602	63.620	5
2025-11-14 09:00	63.613	63.780	63.592	63.620	5
2025-11-14 09:05	63.615	63.695	63.615	63.687	5
2025-11-14 09:10	63.692	63.805	63.672	63.802	5
2025-11-14 09:15	63.815	63.945	63.800	63.802	5
2025-11-14 09:20	63.795	63.815	63.670	63.677	5
2025-11-14 09:25	63.682	63.770	63.662	63.765	5
2025-11-14 09:30	63.755	63.890	63.712	63.875	5
2025-11-14 09:35	63.870	63.905	63.842	63.892	5
2025-11-14 09:40	63.905	63.995	63.895	63.985	5
2025-11-14 09:45	63.990	64.155	63.927	64.145	5
2025-11-14 09:50	64.140	64.265	64.115	64.135	5
2025-11-14 09:55	64.140	64.165	64.080	64.100	5
2025-11-14 10:00	64.087	64.245	64.062	64.242	5
2025-11-14 10:05	64.232	64.285	64.197	64.272	5
2025-11-14 10:10	64.285	64.400	64.257	64.372	5
2025-11-14 10:15	64.362	64.475	64.362	64.455	5
2025-11-14 10:20	64.442	64.595	64.432	64.542	5
2025-11-14 10:25	64.540	64.580	64.502	64.575	5
2025-11-14 10:30	64.578	64.578	64.422	64.477	5
2025-11-14 10:35	64.485	64.545	64.452	64.545	5
2025-11-14 10:40	64.540	64.545	64.432	64.485	5
2025-11-14 10:45	64.480	64.525	64.405	64.452	5
2025-11-14 10:50	64.460	64.502	64.425	64.502	5
2025-11-14 10:55	64.500	64.605	64.462	64.600	5
2025-11-14 11:00	64.602	64.602	64.492	64.512	5
2025-11-14 11:05	64.535	64.545	64.450	64.462	5
2025-11-14 11:10	64.480	64.525	64.458	64.482	5
2025-11-14 11:15	64.495	64.505	64.422	64.425	5
2025-11-14 11:20	64.435	64.450	64.297	64.442	5
2025-11-14 11:25	64.450	64.475	64.398	64.450	5
2025-11-14 11:30	64.435	64.512	64.412	64.497	5
2025-11-14 11:35	64.495	64.495	64.325	64.432	5
2025-11-14 11:40	64.437	64.470	64.242	64.310	5
2025-11-14 11:45	64.305	64.392	64.092	64.092	5
2025-11-14 11:50	64.100	64.110	63.782	63.795	5
2025-11-14 11:55	63.790	63.805	63.582	63.802	5
2025-11-14 12:00	63.798	63.965	63.772	63.942	5
2025-11-14 12:05	63.940	64.015	63.912	63.965	5
2025-11-14 12:10	63.970	63.987	63.865	63.930	5
2025-11-14 12:15	63.925	63.945	63.852	63.885	5
2025-11-14 12:20	63.877	63.880	63.802	63.825	5
2025-11-14 12:25	63.817	63.835	63.740	63.752	5
2025-11-14 12:30	63.745	63.835	63.732	63.830	5
2025-11-14 12:35	63.832	63.837	63.735	63.742	5
2025-11-14 12:40	63.740	63.770	63.712	63.770	5
2025-11-14 12:45	63.765	63.875	63.765	63.785	5
2025-11-14 12:50	63.780	63.870	63.762	63.812	5
2025-11-14 12:55	63.805	63.845	63.702	63.712	5
2025-11-14 13:00	63.725	63.975	63.708	63.912	5
2025-11-14 13:05	63.910	63.915	63.845	63.862	5
2025-11-14 13:10	63.875	63.915	63.850	63.912	5
2025-11-14 13:15	63.910	63.955	63.855	63.855	5
2025-11-14 13:20	63.845	63.865	63.790	63.852	5
2025-11-14 13:25	63.845	63.855	63.732	63.745	5
2025-11-14 13:30	63.730	63.740	63.642	63.715	5
2025-11-14 13:35	63.707	63.845	63.672	63.832	5
2025-11-14 13:40	63.845	63.940	63.815	63.910	5
2025-11-14 13:45	63.912	63.935	63.862	63.892	5
2025-11-14 13:50	63.900	64.052	63.895	63.945	5
2025-11-14 13:55	63.952	64.045	63.942	63.952	5
2025-11-14 14:00	63.945	64.030	63.902	64.012	5
2025-11-14 14:05	64.020	64.175	64.020	64.120	5
2025-11-14 14:10	64.125	64.210	64.112	64.207	5
2025-11-14 14:15	64.212	64.245	64.052	64.110	5
2025-11-14 14:20	64.115	64.160	64.075	64.112	5
2025-11-14 14:25	64.125	64.125	64.010	64.012	5
2025-11-14 14:30	64.025	64.055	63.872	63.932	5
2025-11-14 14:35	63.925	64.007	63.910	63.942	5
2025-11-14 14:40	63.932	64.035	63.912	63.980	5
2025-11-14 14:45	63.985	64.105	63.967	64.025	5
2025-11-14 14:50	64.035	64.205	64.022	64.162	5
2025-11-14 14:55	64.168	64.205	64.130	64.200	5
2025-11-14 15:00	64.198	64.205	64.100	64.202	5
2025-11-14 15:05	64.215	64.285	64.202	64.240	5
2025-11-14 15:10	64.245	64.272	64.142	64.145	5
2025-11-14 15:15	64.148	64.245	64.132	64.225	5
2025-11-14 15:20	64.220	64.265	64.205	64.242	5
2025-11-14 15:25	64.232	64.305	64.205	64.290	5
2025-11-14 15:30	64.295	64.387	64.257	64.312	5
2025-11-14 15:35	64.305	64.382	64.302	64.340	5
2025-11-14 15:40	64.335	64.415	64.322	64.415	5
2025-11-14 15:45	64.405	64.515	64.385	64.422	5
2025-11-14 15:50	64.430	64.492	64.382	64.462	5
2025-11-14 15:55	64.455	64.475	64.402	64.465	5
2025-11-14 16:00	64.475	64.475	64.377	64.407	5
2025-11-14 16:05	64.415	64.465	64.322	64.462	5
2025-11-14 16:10	64.475	64.485	64.412	64.462	5
2025-11-14 16:15	64.470	64.525	64.405	64.495	5
2025-11-14 16:20	64.482	64.620	64.482	64.565	5
2025-11-14 16:25	64.555	64.595	64.387	64.460	5
2025-11-14 16:30	64.457	64.535	64.435	64.472	5
2025-11-14 16:35	64.480	64.550	64.462	64.502	5
2025-11-14 16:40	64.492	64.525	64.420	64.470	5
2025-11-14 16:45	64.475	64.495	64.427	64.490	5
2025-11-14 16:50	64.487	64.535	64.412	64.420	5
2025-11-14 16:55	64.415	64.475	64.402	64.402	5
2025-11-14 17:00	64.395	64.407	64.312	64.355	5
2025-11-14 17:05	64.358	64.410	64.322	64.395	5
2025-11-14 17:10	64.400	64.435	64.292	64.345	5
2025-11-14 17:15	64.350	64.440	64.342	64.435	5
2025-11-14 17:20	64.440	64.485	64.410	64.432	5
2025-11-14 17:25	64.425	64.452	64.405	64.432	5
2025-11-14 17:30	64.422	64.455	64.402	64.442	5
2025-11-14 17:35	64.447	64.515	64.432	64.510	5
2025-11-14 17:40	64.515	64.525	64.442	64.455	5
2025-11-14 17:45	64.465	64.475	64.445	64.460	5
2025-11-14 17:50	64.462	64.475	64.392	64.402	5
2025-11-14 17:55	64.410	64.435	64.352	64.425	5
2025-11-14 18:00	64.420	64.435	64.352	64.352	5
2025-11-14 18:05	64.357	64.405	64.312	64.395	5
2025-11-14 18:10	64.385	64.475	64.382	64.462	5
2025-11-14 18:15	64.455	64.495	64.430	64.432	5
2025-11-14 18:20	64.415	64.415	64.355	64.410	5
2025-11-14 18:25	64.412	64.422	64.352	64.412	5
2025-11-14 18:30	64.402	64.425	64.355	64.370	5
2025-11-14 18:35	64.365	64.390	64.342	64.382	5
2025-11-14 18:40	64.390	64.405	64.317	64.325	5
2025-11-14 18:45	64.320	64.335	64.292	64.295	5
2025-11-14 18:50	64.305	64.432	64.302	64.400	5
2025-11-14 18:55	64.402	64.402	64.322	64.332	5
2025-11-14 19:00	64.325	64.385	64.270	64.325	5
2025-11-14 19:05	64.317	64.325	64.212	64.255	5
2025-11-14 19:10	64.265	64.320	64.252	64.305	5
2025-11-14 19:15	64.315	64.385	64.302	64.365	5
2025-11-14 19:20	64.355	64.400	64.352	64.375	5
2025-11-14 19:25	64.390	64.445	64.342	64.355	5
2025-11-14 19:30	64.345	64.365	64.312	64.325	5
2025-11-14 19:35	64.320	64.385	64.290	64.360	5
2025-11-14 19:40	64.355	64.355	64.307	64.332	5
2025-11-14 19:45	64.340	64.355	64.302	64.322	5
2025-11-14 19:50	64.320	64.385	64.297	64.365	5
2025-11-14 19:55	64.355	64.380	64.322	64.367	5
2025-11-14 20:00	64.375	64.375	64.322	64.332	5
2025-11-14 20:05	64.325	64.340	64.260	64.265	5
2025-11-14 20:10	64.272	64.280	64.252	64.262	5
2025-11-14 20:15	64.267	64.280	64.232	64.235	5
2025-11-14 20:20	64.250	64.255	64.232	64.245	5
2025-11-14 20:25	64.232	64.265	64.192	64.255	5
2025-11-14 20:30	64.250	64.250	64.212	64.235	5
2025-11-14 20:35	64.230	64.260	64.230	64.250	5
2025-11-14 20:40	64.242	64.255	64.242	64.245	3
2025-11-14 20:45	64.255	64.292	64.242	64.242	5
2025-11-14 20:50	64.250	64.300	64.230	64.232	5
2025-11-14 20:55	64.230	64.255	64.200	64.205	5
2025-11-14 21:00	64.208	64.215	64.158	64.193	5
2025-11-14 21:05	64.188	64.223	64.183	64.208	5
2025-11-14 21:10	64.213	64.268	64.208	64.253	5
2025-11-14 21:15	64.248	64.288	64.248	64.288	4
2025-11-14 21:20	64.283	64.313	64.283	64.313	5
2025-11-14 21:25	64.308	64.323	64.308	64.313	5
2025-11-14 21:30	64.308	64.313	64.278	64.278	5
2025-11-14 21:35	64.273	64.278	64.248	64.258	5
2025-11-14 21:40	64.253	64.253	64.208	64.213	5
2025-11-14 21:45	64.208	64.228	64.208	64.228	5
2025-11-14 21:50	64.223	64.223	64.128	64.188	5
2025-11-14 21:55	64.183	64.228	64.178	64.202	5
2025-11-17 01:00	63.853	63.862	63.677	63.770	5
2025-11-17 01:05	63.765	63.880	63.740	63.815	5
2025-11-17 01:10	63.803	63.845	63.797	63.825	5
2025-11-17 01:15	63.820	63.820	63.757	63.795	5
2025-11-17 01:20	63.810	63.850	63.780	63.780	5
2025-11-17 01:25	63.775	63.830	63.775	63.790	5
2025-11-17 01:30	63.783	63.825	63.765	63.825	5
2025-11-17 01:35	63.835	63.880	63.795	63.830	5
2025-11-17 01:40	63.840	63.840	63.752	63.752	5
2025-11-17 01:45	63.745	63.790	63.735	63.747	5
2025-11-17 01:50	63.752	63.765	63.682	63.752	5
2025-11-17 01:55	63.747	63.770	63.722	63.750	5
2025-11-17 02:00	63.752	63.807	63.675	63.702	5
2025-11-17 02:05	63.710	63.730	63.662	63.730	5
2025-11-17 02:10	63.735	63.795	63.722	63.792	5
2025-11-17 02:15	63.790	63.800	63.770	63.797	5
2025-11-17 02:20	63.795	63.810	63.777	63.782	5
2025-11-17 02:25	63.790	63.790	63.740	63.742	5
2025-11-17 02:30	63.735	63.775	63.722	63.765	5
2025-11-17 02:35	63.760	63.775	63.737	63.760	5
2025-11-17 02:40	63.765	63.765	63.738	63.747	5
2025-11-17 02:45	63.745	63.775	63.740	63.747	5
2025-11-17 02:50	63.770	63.805	63.757	63.790	5
2025-11-17 02:55	63.782	63.825	63.782	63.790	5
2025-11-17 03:00	63.785	63.820	63.755	63.815	5
2025-11-17 03:05	63.800	63.820	63.787	63.800	5
2025-11-17 03:10	63.805	63.805	63.752	63.805	5
2025-11-17 03:15	63.800	63.805	63.775	63.780	5
2025-11-17 03:20	63.785	63.805	63.765	63.775	5
2025-11-17 03:25	63.768	63.817	63.762	63.812	5
2025-11-17 03:30	63.820	63.845	63.792	63.807	5
2025-11-17 03:35	63.815	63.820	63.792	63.800	5
2025-11-17 03:40	63.805	63.820	63.805	63.815	5
2025-11-17 03:45	63.820	63.835	63.808	63.815	5
2025-11-17 03:50	63.800	63.825	63.788	63.812	5
2025-11-17 03:55	63.808	63.815	63.803	63.803	4
2025-11-17 04:00	63.805	63.845	63.805	63.842	5
2025-11-17 04:05	63.865	63.865	63.842	63.852	3
2025-11-17 04:10	63.848	63.855	63.838	63.838	4
2025-11-17 04:15	63.845	63.850	63.838	63.845	3
2025-11-17 04:20	63.838	63.845	63.838	63.845	4
2025-11-17 04:25	63.838	63.845	63.832	63.835	4
2025-11-17 04:30	63.825	63.825	63.785	63.785	5
2025-11-17 04:35	63.778	63.790	63.772	63.778	5
2025-11-17 04:40	63.792	63.797	63.787	63.795	3
2025-11-17 04:45	63.790	63.790	63.730	63.742	4
2025-11-17 04:50	63.738	63.770	63.737	63.740	5
2025-11-17 04:55	63.745	63.745	63.702	63.720	5
2025-11-17 05:00	63.713	63.745	63.713	63.745	5
2025-11-17 05:05	63.757	63.780	63.757	63.780	4
2025-11-17 05:10	63.775	63.775	63.758	63.765	5
2025-11-17 05:15	63.758	63.758	63.730	63.730	4
2025-11-17 05:20	63.722	63.755	63.720	63.752	5
2025-11-17 05:25	63.750	63.755	63.692	63.722	5
2025-11-17 05:30	63.715	63.755	63.715	63.745	5
2025-11-17 05:35	63.750	63.752	63.707	63.725	5
2025-11-17 05:40	63.735	63.775	63.732	63.770	5
2025-11-17 05:45	63.762	63.802	63.762	63.775	5
2025-11-17 05:50	63.785	63.800	63.737	63.787	5
2025-11-17 05:55	63.792	63.810	63.750	63.760	5
2025-11-17 06:00	63.765	63.815	63.760	63.812	5
2025-11-17 06:05	63.820	63.820	63.752	63.752	5
2025-11-17 06:10	63.745	63.745	63.695	63.740	5
2025-11-17 06:15	63.735	63.772	63.735	63.752	4
2025-11-17 06:20	63.760	63.780	63.750	63.750	4
2025-11-17 06:25	63.745	63.767	63.737	63.755	5
2025-11-17 06:30	63.760	63.760	63.727	63.740	5
2025-11-17 06:35	63.745	63.750	63.717	63.745	5
2025-11-17 06:40	63.740	63.750	63.715	63.742	5
2025-11-17 06:45	63.750	63.755	63.712	63.712	5
2025-11-17 06:50	63.725	63.730	63.647	63.662	5
2025-11-17 06:55	63.667	63.737	63.667	63.737	5
2025-11-17 07:00	63.732	63.760	63.682	63.682	5
2025-11-17 07:05	63.680	63.775	63.672	63.752	5
2025-11-17 07:10	63.750	63.820	63.747	63.755	5
2025-11-17 07:15	63.750	63.770	63.705	63.750	5
2025-11-17 07:20	63.745	63.770	63.737	63.762	5
2025-11-17 07:25	63.757	63.795	63.732	63.792	5
2025-11-17 07:30	63.805	63.890	63.802	63.872	5
2025-11-17 07:35	63.880	63.932	63.875	63.912	5
2025-11-17 07:40	63.920	63.955	63.875	63.950	5
2025-11-17 07:45	63.955	63.985	63.937	63.965	5
2025-11-17 07:50	63.960	63.970	63.925	63.945	5
2025-11-17 07:55	63.935	63.950	63.892	63.940	5
2025-11-17 08:00	63.933	63.935	63.852	63.905	5
2025-11-17 08:05	63.910	63.987	63.910	63.932	5
2025-11-17 08:10	63.940	63.965	63.902	63.922	5
2025-11-17 08:15	63.915	63.990	63.912	63.972	5
2025-11-17 08:20	63.962	64.005	63.920	63.952	5
2025-11-17 08:25	63.970	63.995	63.892	63.985	5
2025-11-17 08:30	63.995	64.080	63.985	64.015	5
2025-11-17 08:35	63.995	64.040	63.975	63.985	5
2025-11-17 08:40	63.975	64.000	63.942	63.952	5
2025-11-17 08:45	63.960	63.960	63.885	63.900	5
2025-11-17 08:50	63.905	63.915	63.852	63.875	5
2025-11-17 08:55	63.877	63.885	63.792	63.852	5
2025-11-17 09:00	63.865	63.982	63.835	63.892	5
2025-11-17 09:05	63.905	63.925	63.813	63.892	5
2025-11-17 09:10	63.905	64.045	63.892	63.935	5
2025-11-17 09:15	63.940	63.940	63.862	63.875	5
2025-11-17 09:20	63.885	63.925	63.822	63.830	5
2025-11-17 09:25	63.822	63.915	63.812	63.892	5
2025-11-17 09:30	63.890	63.975	63.890	63.912	5
2025-11-17 09:35	63.910	63.955	63.832	63.892	5
2025-11-17 09:40	63.900	63.995	63.867	63.985	5
2025-11-17 09:45	63.995	64.015	63.922	63.945	5
2025-11-17 09:50	63.965	64.055	63.960	64.050	5
2025-11-17 09:55	64.055	64.075	64.015	64.017	5
2025-11-17 10:00	64.012	64.202	63.987	64.185	5
2025-11-17 10:05	64.190	64.305	64.182	64.265	5
2025-11-17 10:10	64.255	64.375	64.252	64.362	5
2025-11-17 10:15	64.355	64.455	64.350	64.355	5
2025-11-17 10:20	64.345	64.355	64.202	64.212	5
2025-11-17 10:25	64.205	64.265	64.182	64.262	5
2025-11-17 10:30	64.275	64.275	64.172	64.195	5
2025-11-17 10:35	64.205	64.285	64.200	64.272	5
2025-11-17 10:40	64.285	64.345	64.272	64.345	5
2025-11-17 10:45	64.337	64.415	64.337	64.352	5
2025-11-17 10:50	64.365	64.455	64.345	64.422	5
2025-11-17 10:55	64.427	64.462	64.342	64.370	5
2025-11-17 11:00	64.365	64.415	64.302	64.322	5
2025-11-17 11:05	64.335	64.390	64.322	64.342	5
2025-11-17 11:10	64.350	64.352	64.282	64.300	5
2025-11-17 11:15	64.292	64.355	64.245	64.352	5
2025-11-17 11:20	64.345	64.365	64.330	64.330	5
2025-11-17 11:25	64.322	64.335	64.300	64.300	5
2025-11-17 11:30	64.305	64.365	64.282	64.365	5
2025-11-17 11:35	64.360	64.365	64.272	64.290	5
2025-11-17 11:40	64.295	64.355	64.280	64.352	5
2025-11-17 11:45	64.362	64.365	64.332	64.350	5
2025-11-17 11:50	64.355	64.395	64.342	64.355	5
2025-11-17 11:55	64.360	64.385	64.352	64.382	5
2025-11-17 12:00	64.398	64.435	64.372	64.385	5
2025-11-17 12:05	64.370	64.375	64.290	64.305	5
2025-11-17 12:10	64.290	64.310	64.272	64.295	5
2025-11-17 12:15	64.285	64.295	64.242	64.292	5
2025-11-17 12:20	64.290	64.295	64.260	64.265	5
2025-11-17 12:25	64.272	64.280	64.205	64.215	5
2025-11-17 12:30	64.207	64.345	64.202	64.315	5
2025-11-17 12:35	64.310	64.375	64.305	64.360	5
2025-11-17 12:40	64.365	64.385	64.345	64.372	5
2025-11-17 12:45	64.365	64.385	64.302	64.315	5
2025-11-17 12:50	64.320	64.355	64.282	64.315	5
2025-11-17 12:55	64.320	64.405	64.320	64.400	5
2025-11-17 13:00	64.395	64.525	64.365	64.502	5
2025-11-17 13:05	64.495	64.525	64.462	64.512	5
2025-11-17 13:10	64.545	64.560	64.507	64.512	5
2025-11-17 13:15	64.525	64.645	64.512	64.622	5
2025-11-17 13:20	64.615	64.670	64.600	64.605	5
2025-11-17 13:25	64.597	64.645	64.582	64.610	5
2025-11-17 13:30	64.625	64.675	64.615	64.652	5
2025-11-17 13:35	64.657	64.675	64.612	64.625	5
2025-11-17 13:40	64.635	64.695	64.602	64.625	5
2025-11-17 13:45	64.620	64.625	64.552	64.580	5
2025-11-17 13:50	64.585	64.605	64.542	64.580	5
2025-11-17 13:55	64.575	64.595	64.525	64.567	5
2025-11-17 14:00	64.568	64.575	64.412	64.442	5
2025-11-17 14:05	64.450	64.485	64.412	64.465	5
2025-11-17 14:10	64.470	64.472	64.432	64.435	5
2025-11-17 14:15	64.425	64.455	64.332	64.402	5
2025-11-17 14:20	64.410	64.420	64.302	64.345	5
2025-11-17 14:25	64.335	64.380	64.322	64.355	5
2025-11-17 14:30	64.350	64.360	64.262	64.320	5
2025-11-17 14:35	64.318	64.395	64.318	64.355	5
2025-11-17 14:40	64.345	64.435	64.312	64.395	5
2025-11-17 14:45	64.385	64.495	64.382	64.442	5
2025-11-17 14:50	64.440	64.475	64.382	64.382	5
2025-11-17 14:55	64.380	64.400	64.280	64.330	5
2025-11-17 15:00	64.335	64.445	64.315	64.385	5
2025-11-17 15:05	64.372	64.425	64.307	64.362	5
2025-11-17 15:10	64.370	64.405	64.300	64.322	5
2025-11-17 15:15	64.330	64.335	64.167	64.175	5
2025-11-17 15:20	64.170	64.300	64.167	64.282	5
2025-11-17 15:25	64.295	64.295	64.187	64.232	5
2025-11-17 15:30	64.205	64.255	64.182	64.230	5
2025-11-17 15:35	64.235	64.250	64.157	64.177	5
2025-11-17 15:40	64.185	64.250	64.152	64.235	5
2025-11-17 15:45	64.227	64.245	64.172	64.192	5
2025-11-17 15:50	64.200	64.220	64.152	64.187	5
2025-11-17 15:55	64.195	64.255	64.182	64.195	5
2025-11-17 16:00	64.205	64.250	64.142	64.165	5
2025-11-17 16:05	64.160	64.215	64.155	64.212	5
2025-11-17 16:10	64.205	64.315	64.192	64.287	5
2025-11-17 16:15	64.290	64.305	64.232	64.272	5
2025-11-17 16:20	64.270	64.345	64.225	64.265	5
2025-11-17 16:25	64.260	64.345	64.260	64.302	5
2025-11-17 16:30	64.310	64.405	64.302	64.352	5
2025-11-17 16:35	64.345	64.410	64.240	64.405	5
2025-11-17 16:40	64.400	64.425	64.322	64.362	5
2025-11-17 16:45	64.360	64.425	64.352	64.382	5
2025-11-17 16:50	64.392	64.445	64.362	64.392	5
2025-11-17 16:55	64.390	64.395	64.320	64.332	5
2025-11-17 17:00	64.340	64.362	64.287	64.302	5
2025-11-17 17:05	64.315	64.355	64.302	64.342	5
2025-11-17 17:10	64.335	64.375	64.312	64.352	5
2025-11-17 17:15	64.345	64.355	64.262	64.300	5
2025-11-17 17:20	64.295	64.422	64.290	64.412	5
2025-11-17 17:25	64.402	64.445	64.402	64.407	5
2025-11-17 17:30	64.405	64.445	64.282	64.312	5
2025-11-17 17:35	64.320	64.345	64.262	64.275	5
2025-11-17 17:40	64.285	64.315	64.252	64.275	5
2025-11-17 17:45	64.280	64.310	64.242	64.260	5
2025-11-17 17:50	64.252	64.275	64.202	64.235	5
2025-11-17 17:55	64.230	64.295	64.212	64.257	5
2025-11-17 18:00	64.250	64.275	64.232	64.245	5
2025-11-17 18:05	64.250	64.315	64.242	64.302	5
2025-11-17 18:10	64.310	64.362	64.272	64.362	5
2025-11-17 18:15	64.360	64.365	64.252	64.270	5
2025-11-17 18:20	64.275	64.295	64.220	64.240	5
2025-11-17 18:25	64.242	64.250	64.187	64.192	5
2025-11-17 18:30	64.200	64.285	64.195	64.262	5
2025-11-17 18:35	64.260	64.315	64.252	64.292	5
2025-11-17 18:40	64.300	64.305	64.252	64.300	5
2025-11-17 18:45	64.295	64.325	64.267	64.275	5
2025-11-17 18:50	64.280	64.285	64.232	64.235	5
2025-11-17 18:55	64.230	64.250	64.192	64.212	5
2025-11-17 19:00	64.220	64.275	64.202	64.275	5
2025-11-17 19:05	64.265	64.275	64.232	64.255	5
2025-11-17 19:10	64.250	64.265	64.212	64.232	5
2025-11-17 19:15	64.225	64.260	64.222	64.235	5
2025-11-17 19:20	64.240	64.262	64.225	64.242	5
2025-11-17 19:25	64.255	64.260	64.145	64.145	5
2025-11-17 19:30	64.132	64.225	64.112	64.192	5
2025-11-17 19:35	64.205	64.225	64.112	64.115	5
2025-11-17 19:40	64.105	64.105	64.042	64.075	5
2025-11-17 19:45	64.065	64.095	64.032	64.032	5
2025-11-17 19:50	64.038	64.065	64.012	64.020	5
2025-11-17 19:55	64.022	64.055	64.012	64.012	5
2025-11-17 20:00	64.020	64.072	64.020	64.040	5
2025-11-17 20:05	64.035	64.065	64.035	64.052	5
2025-11-17 20:10	64.060	64.090	64.040	64.042	5
2025-11-17 20:15	64.050	64.085	64.045	64.082	5
2025-11-17 20:20	64.080	64.090	64.050	64.052	5
2025-11-17 20:25	64.060	64.105	64.060	64.092	5
2025-11-17 20:30	64.085	64.092	64.012	64.012	5
2025-11-17 20:35	64.025	64.055	64.012	64.017	5
2025-11-17 20:40	64.015	64.040	64.012	64.025	5
2025-11-17 20:45	64.030	64.055	64.030	64.042	5
2025-11-17 20:50	64.050	64.070	64.020	64.020	5
2025-11-17 20:55	64.023	64.050	64.012	64.020	5
2025-11-17 21:00	64.025	64.038	64.008	64.023	5
2025-11-17 21:05	64.018	64.028	64.013	64.013	3
2025-11-17 21:10	64.008	64.023	64.008	64.013	5
2025-11-17 21:15	64.018	64.018	63.958	63.973	5
2025-11-17 21:20	63.968	63.988	63.958	63.988	5
2025-11-17 21:25	63.983	64.008	63.983	63.993	5
2025-11-17 21:30	63.988	64.008	63.988	63.998	4
2025-11-17 21:35	64.003	64.003	63.983	63.988	3
2025-11-17 21:40	63.983	64.013	63.968	64.008	5
2025-11-17 21:45	64.013	64.023	64.008	64.008	5
2025-11-17 21:50	64.013	64.013	63.943	63.963	5
2025-11-17 21:55	63.958	63.983	63.958	63.973	5
2025-11-18 01:00	63.975	63.992	63.892	63.930	5
2025-11-18 01:05	63.935	63.990	63.922	63.935	5
2025-11-18 01:10	63.940	63.975	63.922	63.942	5
2025-11-18 01:15	63.940	63.982	63.927	63.937	5
2025-11-18 01:20	63.935	63.935	63.872	63.880	5
2025-11-18 01:25	63.875	63.895	63.862	63.867	5
2025-11-18 01:30	63.865	63.910	63.835	63.842	5
2025-11-18 01:35	63.815	63.905	63.815	63.892	5
2025-11-18 01:40	63.887	63.905	63.850	63.897	5
2025-11-18 01:45	63.892	63.900	63.855	63.872	5
2025-11-18 01:50	63.867	63.875	63.772	63.772	5
2025-11-18 01:55	63.782	63.815	63.780	63.805	5
2025-11-18 02:00	63.795	63.867	63.792	63.867	5
2025-11-18 02:05	63.862	63.862	63.822	63.852	5
2025-11-18 02:10	63.850	63.855	63.822	63.850	5
2025-11-18 02:15	63.852	63.872	63.850	63.857	4
2025-11-18 02:20	63.852	63.865	63.852	63.855	4
2025-11-18 02:25	63.850	63.855	63.817	63.855	5
2025-11-18 02:30	63.865	63.905	63.850	63.902	5
2025-11-18 02:35	63.900	63.920	63.877	63.900	5
2025-11-18 02:40	63.892	63.915	63.882	63.910	5
2025-11-18 02:45	63.905	63.915	63.887	63.892	5
2025-11-18 02:50	63.887	63.905	63.865	63.882	5
2025-11-18 02:55	63.877	63.915	63.877	63.890	5
2025-11-18 03:00	63.880	63.910	63.860	63.885	5
2025-11-18 03:05	63.890	63.900	63.835	63.840	5
2025-11-18 03:10	63.835	63.880	63.835	63.880	5
2025-11-18 03:15	63.885	63.895	63.862	63.880	5
2025-11-18 03:20	63.882	63.905	63.880	63.890	5
2025-11-18 03:25	63.895	63.900	63.852	63.857	5
2025-11-18 03:30	63.852	63.872	63.852	63.872	5
2025-11-18 03:35	63.880	63.892	63.872	63.885	5
2025-11-18 03:40	63.875	63.875	63.852	63.865	5
2025-11-18 03:45	63.860	63.860	63.840	63.840	5
2025-11-18 03:50	63.842	63.845	63.815	63.815	4
2025-11-18 03:55	63.820	63.825	63.802	63.815	5
2025-11-18 04:00	63.805	63.815	63.742	63.742	5
2025-11-18 04:05	63.747	63.780	63.745	63.762	5
2025-11-18 04:10	63.760	63.765	63.735	63.755	4
2025-11-18 04:15	63.745	63.755	63.712	63.712	5
2025-11-18 04:20	63.725	63.725	63.692	63.710	5
2025-11-18 04:25	63.715	63.755	63.705	63.730	5
2025-11-18 04:30	63.725	63.760	63.720	63.725	5
2025-11-18 04:35	63.730	63.745	63.720	63.745	5
2025-11-18 04:40	63.740	63.750	63.730	63.745	4
2025-11-18 04:45	63.750	63.755	63.742	63.752	4
2025-11-18 04:50	63.762	63.775	63.755	63.772	3
2025-11-18 04:55	63.785	63.785	63.742	63.750	3
2025-11-18 05:00	63.755	63.755	63.722	63.742	4
2025-11-18 05:05	63.740	63.755	63.735	63.735	5
2025-11-18 05:10	63.745	63.790	63.737	63.782	5
2025-11-18 05:15	63.780	63.792	63.762	63.787	5
2025-11-18 05:20	63.795	63.795	63.778	63.778	5
2025-11-18 05:25	63.795	63.795	63.765	63.767	5
2025-11-18 05:30	63.765	63.777	63.727	63.732	5
2025-11-18 05:35	63.745	63.775	63.742	63.767	5
2025-11-18 05:40	63.762	63.805	63.760	63.782	5
2025-11-18 05:45	63.795	63.795	63.762	63.765	5
2025-11-18 05:50	63.760	63.790	63.755	63.755	4
2025-11-18 05:55	63.765	63.770	63.752	63.765	4
2025-11-18 06:00	63.767	63.772	63.735	63.752	5
2025-11-18 06:05	63.750	63.765	63.742	63.747	5
2025-11-18 06:10	63.742	63.772	63.742	63.760	5
2025-11-18 06:15	63.755	63.765	63.662	63.670	5
2025-11-18 06:20	63.675	63.675	63.632	63.670	5
2025-11-18 06:25	63.672	63.725	63.665	63.720	5
2025-11-18 06:30	63.715	63.715	63.682	63.682	5
2025-11-18 06:35	63.680	63.680	63.607	63.607	5
2025-11-18 06:40	63.615	63.655	63.610	63.645	5
2025-11-18 06:45	63.650	63.655	63.625	63.650	5
2025-11-18 06:50	63.642	63.685	63.642	63.675	5
2025-11-18 06:55	63.680	63.705	63.662	63.670	5
2025-11-18 07:00	63.675	63.675	63.612	63.635	5
2025-11-18 07:05	63.627	63.685	63.627	63.635	5
2025-11-18 07:10	63.645	63.665	63.612	63.620	4
2025-11-18 07:15	63.622	63.645	63.592	63.622	5
2025-11-18 07:20	63.620	63.665	63.610	63.665	5
2025-11-18 07:25	63.675	63.735	63.670	63.700	5
2025-11-18 07:30	63.705	63.725	63.642	63.667	5
2025-11-18 07:35	63.675	63.755	63.652	63.750	5
2025-11-18 07:40	63.745	63.815	63.720	63.742	5
2025-11-18 07:45	63.755	63.795	63.697	63.795	5
2025-11-18 07:50	63.792	63.800	63.702	63.730	5
2025-11-18 07:55	63.725	63.725	63.642	63.655	5
2025-11-18 08:00	63.642	63.705	63.592	63.670	5
2025-11-18 08:05	63.665	63.710	63.632	63.685	5
2025-11-18 08:10	63.675	63.792	63.640	63.755	5
2025-11-18 08:15	63.765	63.860	63.762	63.812	5
2025-11-18 08:20	63.830	63.868	63.790	63.840	5
2025-11-18 08:25	63.832	63.875	63.802	63.825	5
2025-11-18 08:30	63.835	63.905	63.772	63.872	5
2025-11-18 08:35	63.870	63.915	63.862	63.915	5
2025-11-18 08:40	63.900	64.035	63.890	63.962	5
2025-11-18 08:45	63.952	63.962	63.910	63.922	5
2025-11-18 08:50	63.935	63.950	63.905	63.920	5
2025-11-18 08:55	63.925	63.975	63.895	63.935	4
2025-11-18 09:00	63.932	63.932	63.832	63.842	5
2025-11-18 09:05	63.855	63.865	63.742	63.742	5
2025-11-18 09:10	63.735	63.855	63.695	63.855	5
2025-11-18 09:15	63.865	63.952	63.850	63.925	5
2025-11-18 09:20	63.905	63.940	63.875	63.875	5
2025-11-18 09:25	63.880	63.935	63.872	63.902	5
2025-11-18 09:30	63.895	64.055	63.892	63.925	5
2025-11-18 09:35	63.935	63.955	63.822	63.920	5
2025-11-18 09:40	63.925	63.945	63.892	63.895	5
2025-11-18 09:45	63.885	64.015	63.885	63.982	5
2025-11-18 09:50	63.990	64.025	63.882	63.922	5
2025-11-18 09:55	63.935	63.942	63.852	63.880	5
2025-11-18 10:00	63.863	63.975	63.863	63.955	5
2025-11-18 10:05	63.960	64.015	63.942	63.952	5
2025-11-18 10:10	63.945	64.025	63.942	63.985	5
2025-11-18 10:15	63.995	64.065	63.992	64.045	5
2025-11-18 10:20	64.055	64.065	64.020	64.032	5
2025-11-18 10:25	64.045	64.115	64.022	64.085	5
2025-11-18 10:30	64.090	64.105	64.012	64.085	5
2025-11-18 10:35	64.080	64.225	64.072	64.205	5
2025-11-18 10:40	64.215	64.225	64.142	64.142	5
2025-11-18 10:45	64.150	64.180	64.132	64.152	5
2025-11-18 10:50	64.160	64.205	64.152	64.185	5
2025-11-18 10:55	64.195	64.205	64.155	64.175	5
2025-11-18 11:00	64.165	64.180	64.137	64.160	5
2025-11-18 11:05	64.165	64.202	64.152	64.165	5
2025-11-18 11:10	64.168	64.225	64.102	64.125	5
2025-11-18 11:15	64.105	64.155	64.075	64.142	5
2025-11-18 11:20	64.155	64.175	64.132	64.170	5
2025-11-18 11:25	64.162	64.245	64.155	64.225	5
2025-11-18 11:30	64.230	64.265	64.172	64.180	5
2025-11-18 11:35	64.175	64.195	64.127	64.140	5
2025-11-18 11:40	64.142	64.185	64.137	64.172	5
2025-11-18 11:45	64.170	64.235	64.170	64.212	5
2025-11-18 11:50	64.225	64.250	64.212	64.222	5
2025-11-18 11:55	64.232	64.265	64.222	64.255	5
2025-11-18 12:00	64.245	64.252	64.142	64.142	5
2025-11-18 12:05	64.150	64.200	64.150	64.177	5
2025-11-18 12:10	64.175	64.195	64.102	64.102	5
2025-11-18 12:15	64.110	64.135	64.072	64.112	5
2025-11-18 12:20	64.105	64.155	64.072	64.100	5
2025-11-18 12:25	64.105	64.105	64.055	64.090	5
2025-11-18 12:30	64.085	64.125	64.070	64.112	5
2025-11-18 12:35	64.125	64.170	64.092	64.167	5
2025-11-18 12:40	64.165	64.185	64.142	64.152	5
2025-11-18 12:45	64.160	64.172	64.072	64.080	5
2025-11-18 12:50	64.085	64.175	64.062	64.162	5
2025-11-18 12:55	64.160	64.202	64.145	64.182	5
2025-11-18 13:00	64.170	64.375	64.170	64.362	5
2025-11-18 13:05	64.370	64.395	64.302	64.325	5
2025-11-18 13:10	64.335	64.355	64.315	64.322	5
2025-11-18 13:15	64.320	64.335	64.272	64.300	5
2025-11-18 13:20	64.305	64.335	64.272	64.312	5
2025-11-18 13:25	64.320	64.335	64.290	64.292	5
2025-11-18 13:30	64.290	64.330	64.280	64.302	5
2025-11-18 13:35	64.295	64.305	64.255	64.282	5
2025-11-18 13:40	64.277	64.325	64.265	64.280	5
2025-11-18 13:45	64.265	64.295	64.247	64.252	5
2025-11-18 13:50	64.245	64.275	64.185	64.205	5
2025-11-18 13:55	64.197	64.245	64.052	64.065	5
2025-11-18 14:00	64.070	64.070	63.832	63.910	5
2025-11-18 14:05	63.915	63.975	63.852	63.932	5
2025-11-18 14:10	63.927	63.927	63.852	63.917	5
2025-11-18 14:15	63.925	64.015	63.912	63.952	5
2025-11-18 14:20	63.945	63.955	63.892	63.912	5
2025-11-18 14:25	63.902	63.965	63.892	63.912	5
2025-11-18 14:30	63.913	64.050	63.802	63.925	5
2025-11-18 14:35	63.915	63.965	63.862	63.920	5
2025-11-18 14:40	63.915	63.955	63.822	63.832	5
2025-11-18 14:45	63.845	63.955	63.840	63.840	5
2025-11-18 14:50	63.838	63.840	63.665	63.732	5
2025-11-18 14:55	63.740	63.815	63.672	63.760	5
2025-11-18 15:00	63.755	63.805	63.622	63.632	5
2025-11-18 15:05	63.625	63.810	63.615	63.732	5
2025-11-18 15:10	63.722	63.765	63.682	63.742	5
2025-11-18 15:15	63.735	63.740	63.662	63.712	5
2025-11-18 15:20	63.718	63.995	63.712	63.932	5
2025-11-18 15:25	63.930	63.935	63.802	63.822	5
2025-11-18 15:30	63.815	63.855	63.742	63.845	5
2025-11-18 15:35	63.848	63.865	63.782	63.812	5
2025-11-18 15:40	63.818	63.905	63.787	63.852	5
2025-11-18 15:45	63.850	63.975	63.812	63.885	5
2025-11-18 15:50	63.875	63.950	63.802	63.890	5
2025-11-18 15:55	63.885	64.055	63.882	64.042	5
2025-11-18 16:00	64.032	64.105	63.972	64.012	5
2025-11-18 16:05	64.025	64.105	63.992	64.075	5
2025-11-18 16:10	64.080	64.135	64.050	64.102	5
2025-11-18 16:15	64.100	64.135	64.070	64.095	5
2025-11-18 16:20	64.090	64.265	64.062	64.192	5
2025-11-18 16:25	64.205	64.225	64.022	64.055	5
2025-11-18 16:30	64.060	64.095	64.037	64.055	5
2025-11-18 16:35	64.057	64.075	63.972	63.982	5
2025-11-18 16:40	63.977	64.095	63.962	64.090	5
2025-11-18 16:45	64.085	64.095	63.980	64.015	5
2025-11-18 16:50	64.025	64.105	64.012	64.092	5
2025-11-18 16:55	64.090	64.155	64.082	64.132	5
2025-11-18 17:00	64.125	64.145	64.042	64.055	5
2025-11-18 17:05	64.065	64.085	63.992	64.005	5
2025-11-18 17:10	64.010	64.055	63.962	64.020	5
2025-11-18 17:15	64.025	64.085	64.012	64.032	5
2025-11-18 17:20	64.040	64.130	64.040	64.052	5
2025-11-18 17:25	64.045	64.055	64.002	64.020	5
2025-11-18 17:30	64.022	64.070	63.960	64.065	5
2025-11-18 17:35	64.070	64.175	64.052	64.172	5
2025-11-18 17:40	64.165	64.265	64.162	64.215	5
2025-11-18 17:45	64.205	64.270	64.192	64.262	5
2025-11-18 17:50	64.260	64.435	64.207	64.415	5
2025-11-18 17:55	64.425	64.495	64.402	64.482	5
2025-11-18 18:00	64.488	64.665	64.482	64.657	5
2025-11-18 18:05	64.675	65.022	64.642	64.692	5
2025-11-18 18:10	64.705	64.905	64.702	64.880	5
2025-11-18 18:15	64.885	64.895	64.802	64.822	5
2025-11-18 18:20	64.815	64.840	64.672	64.672	5
2025-11-18 18:25	64.670	64.672	64.502	64.555	5
2025-11-18 18:30	64.552	64.692	64.550	64.675	5
2025-11-18 18:35	64.677	64.705	64.590	64.650	5
2025-11-18 18:40	64.655	64.735	64.642	64.677	5
2025-11-18 18:45	64.682	64.748	64.662	64.732	5
2025-11-18 18:50	64.725	64.855	64.722	64.845	5
2025-11-18 18:55	64.855	64.875	64.802	64.820	5
2025-11-18 19:00	64.805	64.850	64.765	64.822	5
2025-11-18 19:05	64.815	64.875	64.802	64.862	5
2025-11-18 19:10	64.870	64.940	64.862	64.925	5
2025-11-18 19:15	64.915	64.995	64.912	64.952	5
2025-11-18 19:20	64.948	64.960	64.852	64.852	5
2025-11-18 19:25	64.865	64.895	64.825	64.852	5
2025-11-18 19:30	64.865	64.925	64.832	64.875	5
2025-11-18 19:35	64.865	64.895	64.852	64.885	5
2025-11-18 19:40	64.875	64.885	64.842	64.855	5
2025-11-18 19:45	64.850	64.925	64.842	64.925	5
2025-11-18 19:50	64.930	64.955	64.917	64.942	5
2025-11-18 19:55	64.940	64.965	64.922	64.955	5
2025-11-18 20:00	64.945	64.975	64.942	64.960	5
2025-11-18 20:05	64.962	64.975	64.932	64.970	5
2025-11-18 20:10	64.965	65.025	64.962	65.020	5
2025-11-18 20:15	65.015	65.055	64.962	65.015	5
2025-11-18 20:20	65.005	65.025	64.982	65.005	5
2025-11-18 20:25	65.015	65.015	64.942	64.975	5
2025-11-18 20:30	64.965	64.970	64.877	64.912	5
2025-11-18 20:35	64.935	64.935	64.872	64.897	5
2025-11-18 20:40	64.905	64.915	64.882	64.905	5
2025-11-18 20:45	64.900	64.950	64.892	64.900	5
2025-11-18 20:50	64.910	64.950	64.902	64.922	5
2025-11-18 20:55	64.912	64.925	64.892	64.905	5
2025-11-18 21:00	64.893	64.893	64.828	64.838	5
2025-11-18 21:05	64.833	64.843	64.778	64.783	5
2025-11-18 21:10	64.788	64.813	64.778	64.793	5
2025-11-18 21:15	64.788	64.798	64.768	64.798	4
2025-11-18 21:20	64.793	64.808	64.788	64.808	5
2025-11-18 21:25	64.813	64.818	64.788	64.803	5
2025-11-18 21:30	64.788	64.803	64.663	64.713	5
2025-11-18 21:35	64.703	64.748	64.693	64.693	5
2025-11-18 21:40	64.683	64.768	64.668	64.753	5
2025-11-18 21:45	64.758	64.758	64.733	64.758	5
2025-11-18 21:50	64.748	64.773	64.723	64.768	5
2025-11-18 21:55	64.773	64.798	64.743	64.763	5
2025-11-19 01:00	64.712	64.712	64.532	64.592	5
2025-11-19 01:05	64.585	64.595	64.495	64.512	5
2025-11-19 01:10	64.510	64.560	64.505	64.522	5
2025-11-19 01:15	64.520	64.525	64.500	64.507	5
2025-11-19 01:20	64.505	64.575	64.502	64.552	5
2025-11-19 01:25	64.558	64.585	64.552	64.562	5
2025-11-19 01:30	64.575	64.605	64.530	64.572	5
2025-11-19 01:35	64.560	64.592	64.552	64.585	5
2025-11-19 01:40	64.577	64.605	64.527	64.545	5
2025-11-19 01:45	64.537	64.560	64.512	64.525	4
2025-11-19 01:50	64.520	64.585	64.512	64.545	5
2025-11-19 01:55	64.550	64.582	64.522	64.582	5
2025-11-19 02:00	64.592	64.635	64.580	64.622	5
2025-11-19 02:05	64.635	64.645	64.590	64.615	5
2025-11-19 02:10	64.620	64.662	64.620	64.642	5
2025-11-19 02:15	64.635	64.662	64.630	64.630	5
2025-11-19 02:20	64.632	64.632	64.595	64.625	5
2025-11-19 02:25	64.615	64.632	64.602	64.630	5
2025-11-19 02:30	64.622	64.655	64.622	64.625	4
2025-11-19 02:35	64.630	64.635	64.585	64.612	5
2025-11-19 02:40	64.620	64.660	64.615	64.657	5
2025-11-19 02:45	64.665	64.695	64.662	64.682	5
2025-11-19 02:50	64.690	64.722	64.685	64.722	4
2025-11-19 02:55	64.730	64.765	64.697	64.715	4
2025-11-19 03:00	64.705	64.755	64.692	64.755	5
2025-11-19 03:05	64.760	64.800	64.742	64.785	5
2025-11-19 03:10	64.775	64.795	64.737	64.737	5
2025-11-19 03:15	64.745	64.757	64.682	64.697	5
2025-11-19 03:20	64.692	64.715	64.685	64.712	5
2025-11-19 03:25	64.707	64.717	64.642	64.690	5
2025-11-19 03:30	64.685	64.735	64.685	64.690	5
2025-11-19 03:35	64.695	64.735	64.690	64.705	5
2025-11-19 03:40	64.710	64.710	64.670	64.672	5
2025-11-19 03:45	64.670	64.670	64.600	64.612	5
2025-11-19 03:50	64.625	64.645	64.612	64.630	5
2025-11-19 03:55	64.625	64.625	64.607	64.615	4
2025-11-19 04:00	64.625	64.630	64.602	64.622	5
2025-11-19 04:05	64.627	64.645	64.625	64.645	5
2025-11-19 04:10	64.655	64.685	64.652	64.672	4
2025-11-19 04:15	64.685	64.690	64.672	64.677	5
2025-11-19 04:20	64.682	64.705	64.672	64.690	5
2025-11-19 04:25	64.685	64.685	64.642	64.650	5
2025-11-19 04:30	64.645	64.645	64.622	64.640	5
2025-11-19 04:35	64.632	64.660	64.632	64.657	5
2025-11-19 04:40	64.675	64.675	64.650	64.652	5
2025-11-19 04:45	64.650	64.670	64.632	64.662	5
2025-11-19 04:50	64.650	64.655	64.640	64.652	4
2025-11-19 04:55	64.650	64.690	64.650	64.675	5
2025-11-19 05:00	64.680	64.750	64.672	64.747	5
2025-11-19 05:05	64.755	64.765	64.735	64.760	5
2025-11-19 05:10	64.762	64.762	64.712	64.742	5
2025-11-19 05:15	64.740	64.750	64.700	64.712	5
2025-11-19 05:20	64.720	64.735	64.712	64.720	5
2025-11-19 05:25	64.712	64.717	64.682	64.682	5
2025-11-19 05:30	64.700	64.770	64.692	64.757	5
2025-11-19 05:35	64.752	64.765	64.727	64.742	5
2025-11-19 05:40	64.740	64.740	64.712	64.712	5
2025-11-19 05:45	64.720	64.772	64.712	64.762	5
2025-11-19 05:50	64.770	64.830	64.762	64.795	5
2025-11-19 05:55	64.800	64.810	64.702	64.720	5
2025-11-19 06:00	64.725	64.730	64.680	64.730	5
2025-11-19 06:05	64.722	64.740	64.705	64.717	5
2025-11-19 06:10	64.725	64.745	64.722	64.732	5
2025-11-19 06:15	64.745	64.760	64.735	64.750	5
2025-11-19 06:20	64.742	64.752	64.717	64.720	5
2025-11-19 06:25	64.712	64.725	64.680	64.705	5
2025-11-19 06:30	64.700	64.715	64.662	64.697	5
2025-11-19 06:35	64.695	64.705	64.672	64.702	5
2025-11-19 06:40	64.710	64.740	64.692	64.702	5
2025-11-19 06:45	64.710	64.737	64.692	64.692	5
2025-11-19 06:50	64.685	64.685	64.602	64.615	5
2025-11-19 06:55	64.610	64.620	64.562	64.600	5
2025-11-19 07:00	64.610	64.635	64.582	64.610	5
2025-11-19 07:05	64.607	64.700	64.602	64.662	5
2025-11-19 07:10	64.660	64.662	64.617	64.642	5
2025-11-19 07:15	64.640	64.665	64.602	64.617	5
2025-11-19 07:20	64.615	64.655	64.592	64.652	5
2025-11-19 07:25	64.660	64.685	64.602	64.660	5
2025-11-19 07:30	64.652	64.655	64.572	64.587	5
2025-11-19 07:35	64.582	64.585	64.512	64.540	5
2025-11-19 07:40	64.545	64.595	64.532	64.552	5
2025-11-19 07:45	64.545	64.570	64.472	64.492	5
2025-11-19 07:50	64.500	64.545	64.482	64.530	5
2025-11-19 07:55	64.525	64.565	64.460	64.485	5
2025-11-19 08:00	64.473	64.515	64.455	64.482	5
2025-11-19 08:05	64.477	64.495	64.432	64.440	5
2025-11-19 08:10	64.435	64.445	64.312	64.400	5
2025-11-19 08:15	64.405	64.405	64.302	64.315	5
2025-11-19 08:20	64.305	64.315	64.195	64.265	5
2025-11-19 08:25	64.270	64.325	64.192	64.235	5
2025-11-19 08:30	64.245	64.330	64.172	64.275	5
2025-11-19 08:35	64.285	64.365	64.245	64.257	5
2025-11-19 08:40	64.255	64.375	64.242	64.372	5
2025-11-19 08:45	64.380	64.395	64.330	64.335	5
2025-11-19 08:50	64.330	64.375	64.292	64.302	5
2025-11-19 08:55	64.295	64.330	64.262	64.325	5
2025-11-19 09:00	64.328	64.375	64.305	64.322	5
2025-11-19 09:05	64.315	64.320	64.272	64.300	5
2025-11-19 09:10	64.295	64.335	64.265	64.305	5
2025-11-19 09:15	64.292	64.385	64.280	64.380	5
2025-11-19 09:20	64.375	64.445	64.375	64.432	5
2025-11-19 09:25	64.430	64.575	64.417	64.535	5
2025-11-19 09:30	64.530	64.575	64.512	64.570	5
2025-11-19 09:35	64.575	64.610	64.552	64.605	5
2025-11-19 09:40	64.615	64.655	64.592	64.630	5
2025-11-19 09:45	64.625	64.655	64.512	64.522	5
2025-11-19 09:50	64.535	64.580	64.515	64.580	5
2025-11-19 09:55	64.595	64.615	64.482	64.495	5
2025-11-19 10:00	64.500	64.500	64.402	64.402	5
2025-11-19 10:05	64.400	64.415	64.365	64.372	5
2025-11-19 10:10	64.385	64.475	64.372	64.405	5
2025-11-19 10:15	64.410	64.432	64.355	64.382	5
2025-11-19 10:20	64.380	64.495	64.380	64.490	5
2025-11-19 10:25	64.492	64.512	64.420	64.452	5
2025-11-19 10:30	64.440	64.455	64.332	64.350	5
2025-11-19 10:35	64.342	64.385	64.275	64.305	5
2025-11-19 10:40	64.295	64.375	64.272	64.292	5
2025-11-19 10:45	64.300	64.372	64.272	64.352	5
2025-11-19 10:50	64.350	64.370	64.312	64.322	5
2025-11-19 10:55	64.335	64.375	64.312	64.335	5
2025-11-19 11:00	64.315	64.335	64.275	64.312	5
2025-11-19 11:05	64.317	64.322	64.232	64.245	5
2025-11-19 11:10	64.240	64.245	64.130	64.195	5
2025-11-19 11:15	64.200	64.285	64.192	64.285	5
2025-11-19 11:20	64.275	64.275	64.182	64.192	5
2025-11-19 11:25	64.187	64.195	64.092	64.122	5
2025-11-19 11:30	64.112	64.112	63.982	63.985	5
2025-11-19 11:35	63.995	64.075	63.982	64.012	5
2025-11-19 11:40	64.010	64.010	63.832	63.840	5
2025-11-19 11:45	63.832	63.865	63.632	63.712	5
2025-11-19 11:50	63.725	63.830	63.632	63.685	5
2025-11-19 11:55	63.690	63.725	63.655	63.700	5
2025-11-19 12:00	63.688	63.745	63.662	63.732	5
2025-11-19 12:05	63.725	63.755	63.532	63.642	5
2025-11-19 12:10	63.635	63.710	63.542	63.592	5
2025-11-19 12:15	63.600	63.615	63.515	63.525	5
2025-11-19 12:20	63.520	63.535	63.427	63.465	5
2025-11-19 12:25	63.455	63.495	63.412	63.465	5
2025-11-19 12:30	63.460	63.475	63.402	63.425	5
2025-11-19 12:35	63.435	63.470	63.305	63.342	5
2025-11-19 12:40	63.355	63.395	63.285	63.352	5
2025-11-19 12:45	63.350	63.395	63.342	63.362	5
2025-11-19 12:50	63.355	63.375	63.262	63.285	5
2025-11-19 12:55	63.295	63.325	63.232	63.250	5
2025-11-19 13:00	63.245	63.275	62.982	62.992	5
2025-11-19 13:05	63.000	63.105	62.982	63.085	5
2025-11-19 13:10	63.075	63.075	62.845	62.922	5
2025-11-19 13:15	62.920	62.940	62.862	62.912	5
2025-11-19 13:20	62.905	63.035	62.900	63.012	5
2025-11-19 13:25	63.005	63.167	62.992	63.165	5
2025-11-19 13:30	63.160	63.162	63.047	63.135	5
2025-11-19 13:35	63.155	63.202	63.092	63.182	5
2025-11-19 13:40	63.175	63.222	63.117	63.182	5
2025-11-19 13:45	63.180	63.295	63.162	63.225	5
2025-11-19 13:50	63.220	63.247	63.152	63.220	5
2025-11-19 13:55	63.212	63.285	63.210	63.285	5
2025-11-19 14:00	63.313	63.325	63.142	63.165	5
2025-11-19 14:05	63.170	63.265	63.165	63.227	5
2025-11-19 14:10	63.215	63.245	63.172	63.245	5
2025-11-19 14:15	63.225	63.265	63.172	63.202	5
2025-11-19 14:20	63.195	63.195	63.112	63.155	5
2025-11-19 14:25	63.150	63.185	63.082	63.172	5
2025-11-19 14:30	63.157	63.165	62.995	63.052	5
2025-11-19 14:35	63.065	63.145	63.052	63.110	5
2025-11-19 14:40	63.100	63.105	63.022	63.032	5
2025-11-19 14:45	63.025	63.070	62.920	62.932	5
2025-11-19 14:50	62.938	62.955	62.865	62.922	5
2025-11-19 14:55	62.930	63.135	62.917	63.090	5
2025-11-19 15:00	63.075	63.222	63.062	63.192	5
2025-11-19 15:05	63.205	63.280	63.180	63.192	5
2025-11-19 15:10	63.200	63.200	63.122	63.162	5
2025-11-19 15:15	63.170	63.255	63.162	63.242	5
2025-11-19 15:20	63.235	63.265	63.192	63.222	5
2025-11-19 15:25	63.228	63.235	63.142	63.160	5
2025-11-19 15:30	63.217	63.455	63.132	63.445	5
2025-11-19 15:35	63.437	63.448	63.302	63.345	5
2025-11-19 15:40	63.350	63.455	63.325	63.402	5
2025-11-19 15:45	63.415	63.485	63.372	63.475	5
2025-11-19 15:50	63.462	63.505	63.340	63.355	5
2025-11-19 15:55	63.350	63.380	63.290	63.295	5
2025-11-19 16:00	63.282	63.385	63.242	63.382	5
2025-11-19 16:05	63.375	63.500	63.352	63.432	5
2025-11-19 16:10	63.425	63.565	63.402	63.562	5
2025-11-19 16:15	63.555	63.600	63.447	63.502	5
2025-11-19 16:20	63.490	63.502	63.355	63.372	5
2025-11-19 16:25	63.362	63.457	63.335	63.380	5
2025-11-19 16:30	63.375	63.432	63.262	63.425	5
2025-11-19 16:35	63.415	63.495	63.362	63.410	5
2025-11-19 16:40	63.405	63.410	63.270	63.352	5
2025-11-19 16:45	63.345	63.405	63.312	63.375	5
2025-11-19 16:50	63.370	63.375	63.275	63.315	5
2025-11-19 16:55	63.335	63.335	63.262	63.272	5
2025-11-19 17:00	63.265	63.280	63.102	63.142	5
2025-11-19 17:05	63.155	63.235	63.150	63.177	5
2025-11-19 17:10	63.190	63.275	63.160	63.225	5
2025-11-19 17:15	63.215	63.325	63.192	63.305	5
2025-11-19 17:20	63.307	63.410	63.272	63.405	5
2025-11-19 17:25	63.410	63.415	63.312	63.395	5
2025-11-19 17:30	63.385	63.435	63.370	63.410	5
2025-11-19 17:35	63.405	63.425	63.322	63.365	5
2025-11-19 17:40	63.355	63.455	63.327	63.432	5
2025-11-19 17:45	63.440	63.460	63.355	63.395	5
2025-11-19 17:50	63.382	63.397	63.330	63.330	5
2025-11-19 17:55	63.332	63.375	63.305	63.352	5
2025-11-19 18:00	63.360	63.415	63.342	63.365	5
2025-11-19 18:05	63.355	63.360	63.312	63.335	5
2025-11-19 18:10	63.340	63.405	63.312	63.392	5
2025-11-19 18:15	63.405	63.425	63.370	63.405	5
2025-11-19 18:20	63.410	63.465	63.400	63.455	5
2025-11-19 18:25	63.450	63.470	63.392	63.445	5
2025-11-19 18:30	63.435	63.475	63.412	63.442	5
2025-11-19 18:35	63.440	63.575	63.432	63.522	5
2025-11-19 18:40	63.530	63.530	63.402	63.412	5
2025-11-19 18:45	63.405	63.445	63.392	63.432	5
2025-11-19 18:50	63.440	63.525	63.440	63.465	5
2025-11-19 18:55	63.475	63.495	63.455	63.465	5
2025-11-19 19:00	63.460	63.505	63.442	63.492	5
2025-11-19 19:05	63.490	63.535	63.472	63.492	5
2025-11-19 19:10	63.485	63.515	63.432	63.452	5
2025-11-19 19:15	63.465	63.480	63.422	63.462	5
2025-11-19 19:20	63.455	63.535	63.452	63.512	5
2025-11-19 19:25	63.525	63.555	63.432	63.535	5
2025-11-19 19:30	63.532	63.585	63.502	63.517	5
2025-11-19 19:35	63.525	63.545	63.492	63.512	5
2025-11-19 19:40	63.525	63.545	63.462	63.485	5
2025-11-19 19:45	63.475	63.485	63.442	63.475	5
2025-11-19 19:50	63.480	63.535	63.470	63.532	5
2025-11-19 19:55	63.545	63.555	63.502	63.520	5
2025-11-19 20:00	63.515	63.535	63.452	63.485	5
2025-11-19 20:05	63.480	63.480	63.442	63.445	5
2025-11-19 20:10	63.455	63.485	63.452	63.485	5
2025-11-19 20:15	63.490	63.505	63.485	63.492	5
2025-11-19 20:20	63.497	63.505	63.482	63.502	5
2025-11-19 20:25	63.510	63.535	63.472	63.482	5
2025-11-19 20:30	63.487	63.490	63.472	63.482	5
2025-11-19 20:35	63.490	63.535	63.490	63.535	5
2025-11-19 20:40	63.530	63.562	63.495	63.552	5
2025-11-19 20:45	63.550	63.550	63.502	63.525	5
2025-11-19 20:50	63.530	63.550	63.522	63.522	5
2025-11-19 20:55	63.530	63.545	63.515	63.542	5
2025-11-19 21:00	63.538	63.553	63.523	63.548	5
2025-11-19 21:05	63.552	63.583	63.552	63.558	5
2025-11-19 21:10	63.568	63.573	63.548	63.558	4
2025-11-19 21:15	63.553	63.568	63.538	63.558	5
2025-11-19 21:20	63.578	63.588	63.568	63.578	5
2025-11-19 21:25	63.583	63.583	63.563	63.578	5
2025-11-19 21:30	63.573	63.598	63.568	63.598	4
2025-11-19 21:35	63.602	63.628	63.598	63.628	3
2025-11-19 21:40	63.618	63.638	63.613	63.623	4
2025-11-19 21:45	63.628	63.638	63.613	63.633	4
2025-11-19 21:50	63.628	63.638	63.613	63.638	5
2025-11-19 21:55	63.633	63.648	63.618	63.638	4
2025-11-20 01:00	63.707	63.715	63.625	63.695	5
2025-11-20 01:05	63.690	63.725	63.677	63.690	5
2025-11-20 01:10	63.695	63.695	63.632	63.662	5
2025-11-20 01:15	63.670	63.705	63.662	63.695	5
2025-11-20 01:20	63.690	63.695	63.635	63.650	5
2025-11-20 01:25	63.655	63.700	63.650	63.695	5
2025-11-20 01:30	63.700	63.707	63.645	63.702	5
2025-11-20 01:35	63.707	63.730	63.685	63.730	5
2025-11-20 01:40	63.720	63.720	63.652	63.677	5
2025-11-20 01:45	63.685	63.720	63.682	63.710	5
2025-11-20 01:50	63.715	63.720	63.687	63.695	5
2025-11-20 01:55	63.690	63.705	63.657	63.695	5
2025-11-20 02:00	63.690	63.710	63.672	63.710	5
2025-11-20 02:05	63.705	63.755	63.695	63.750	5
2025-11-20 02:10	63.752	63.800	63.717	63.745	5
2025-11-20 02:15	63.735	63.740	63.635	63.652	5
2025-11-20 02:20	63.640	63.665	63.632	63.655	5
2025-11-20 02:25	63.648	63.655	63.632	63.645	5
2025-11-20 02:30	63.640	63.662	63.632	63.647	5
2025-11-20 02:35	63.652	63.660	63.645	63.655	5
2025-11-20 02:40	63.642	63.655	63.582	63.635	5
2025-11-20 02:45	63.630	63.637	63.592	63.615	5
2025-11-20 02:50	63.602	63.615	63.582	63.602	5
2025-11-20 02:55	63.610	63.640	63.585	63.585	5
2025-11-20 03:00	63.590	63.712	63.585	63.700	5
2025-11-20 03:05	63.695	63.710	63.665	63.680	5
2025-11-20 03:10	63.675	63.690	63.642	63.665	5
2025-11-20 03:15	63.660	63.685	63.647	63.685	5
2025-11-20 03:20	63.680	63.700	63.652	63.695	5
2025-11-20 03:25	63.697	63.710	63.677	63.690	5
2025-11-20 03:30	63.680	63.685	63.650	63.650	5
2025-11-20 03:35	63.655	63.670	63.645	63.670	4
2025-11-20 03:40	63.665	63.685	63.642	63.650	5
2025-11-20 03:45	63.645	63.665	63.642	63.662	5
2025-11-20 03:50	63.675	63.685	63.662	63.685	5
2025-11-20 03:55	63.680	63.680	63.642	63.652	5
2025-11-20 04:00	63.665	63.665	63.602	63.622	5
2025-11-20 04:05	63.630	63.630	63.592	63.602	5
2025-11-20 04:10	63.610	63.640	63.610	63.622	5
2025-11-20 04:15	63.618	63.660	63.617	63.638	5
2025-11-20 04:20	63.645	63.685	63.642	63.685	5
2025-11-20 04:25	63.687	63.687	63.655	63.655	5
2025-11-20 04:30	63.650	63.665	63.647	63.648	5
2025-11-20 04:35	63.647	63.685	63.645	63.682	5
2025-11-20 04:40	63.680	63.685	63.672	63.685	5
2025-11-20 04:45	63.690	63.722	63.690	63.702	5
2025-11-20 04:50	63.690	63.705	63.665	63.697	5
2025-11-20 04:55	63.695	63.700	63.685	63.685	5
2025-11-20 05:00	63.675	63.707	63.675	63.705	5
2025-11-20 05:05	63.707	63.720	63.700	63.712	3
2025-11-20 05:10	63.705	63.755	63.702	63.742	4
2025-11-20 05:15	63.735	63.762	63.732	63.762	5
2025-11-20 05:20	63.755	63.775	63.752	63.760	4
2025-11-20 05:25	63.752	63.752	63.722	63.735	4
2025-11-20 05:30	63.740	63.762	63.712	63.755	5
2025-11-20 05:35	63.745	63.745	63.677	63.690	5
2025-11-20 05:40	63.695	63.707	63.682	63.687	5
2025-11-20 05:45	63.692	63.695	63.667	63.685	5
2025-11-20 05:50	63.672	63.687	63.627	63.645	5
2025-11-20 05:55	63.640	63.655	63.627	63.632	5
2025-11-20 06:00	63.637	63.660	63.602	63.652	5
2025-11-20 06:05	63.650	63.665	63.632	63.647	5
2025-11-20 06:10	63.652	63.675	63.617	63.620	5
2025-11-20 06:15	63.625	63.645	63.602	63.610	5
2025-11-20 06:20	63.602	63.620	63.587	63.612	5
2025-11-20 06:25	63.610	63.640	63.592	63.610	5
2025-11-20 06:30	63.620	63.635	63.607	63.622	5
2025-11-20 06:35	63.617	63.660	63.617	63.652	5
2025-11-20 06:40	63.662	63.690	63.642	63.652	5
2025-11-20 06:45	63.660	63.660	63.605	63.605	5
2025-11-20 06:50	63.600	63.615	63.592	63.600	5
2025-11-20 06:55	63.602	63.655	63.592	63.635	5
2025-11-20 07:00	63.623	63.685	63.622	63.662	5
2025-11-20 07:05	63.675	63.690	63.642	63.670	5
2025-11-20 07:10	63.662	63.710	63.660	63.687	5
2025-11-20 07:15	63.692	63.692	63.585	63.595	5
2025-11-20 07:20	63.590	63.595	63.502	63.545	5
2025-11-20 07:25	63.540	63.575	63.527	63.570	5
2025-11-20 07:30	63.565	63.585	63.525	63.562	5
2025-11-20 07:35	63.560	63.675	63.560	63.670	5
2025-11-20 07:40	63.675	63.785	63.655	63.775	5
2025-11-20 07:45	63.767	63.810	63.742	63.775	5
2025-11-20 07:50	63.765	63.890	63.765	63.862	5
2025-11-20 07:55	63.855	63.865	63.602	63.622	5
2025-11-20 08:00	63.635	63.775	63.630	63.770	5
2025-11-20 08:05	63.765	63.880	63.765	63.845	5
2025-11-20 08:10	63.847	63.865	63.822	63.845	5
2025-11-20 08:15	63.847	63.885	63.832	63.870	5
2025-11-20 08:20	63.872	63.910	63.812	63.900	5
2025-11-20 08:25	63.905	63.965	63.892	63.900	5
2025-11-20 08:30	63.925	63.925	63.752	63.767	5
2025-11-20 08:35	63.772	63.935	63.772	63.920	5
2025-11-20 08:40	63.915	63.965	63.885	63.957	5
2025-11-20 08:45	63.955	63.965	63.892	63.932	5
2025-11-20 08:50	63.925	63.947	63.828	63.912	5
2025-11-20 08:55	63.920	63.965	63.872	63.905	5
2025-11-20 09:00	63.925	63.955	63.852	63.900	5
2025-11-20 09:05	63.905	63.935	63.862	63.887	5
2025-11-20 09:10	63.892	63.915	63.812	63.905	5
2025-11-20 09:15	63.915	64.025	63.895	63.990	5
2025-11-20 09:20	63.985	63.990	63.910	63.910	5
2025-11-20 09:25	63.905	63.915	63.822	63.867	5
2025-11-20 09:30	63.875	63.962	63.832	63.922	5
2025-11-20 09:35	63.915	64.042	63.912	64.007	5
2025-11-20 09:40	64.005	64.035	63.945	64.025	5
2025-11-20 09:45	64.020	64.020	63.922	63.942	5
2025-11-20 09:50	63.930	64.032	63.892	63.947	5
2025-11-20 09:55	63.960	63.970	63.915	63.952	5
2025-11-20 10:00	63.965	64.042	63.945	64.042	5
2025-11-20 10:05	64.037	64.060	64.002	64.060	5
2025-11-20 10:10	64.065	64.155	64.057	64.122	5
2025-11-20 10:15	64.135	64.225	64.122	64.185	5
2025-11-20 10:20	64.195	64.240	64.162	64.172	5
2025-11-20 10:25	64.165	64.175	64.092	64.150	5
2025-11-20 10:30	64.155	64.197	64.127	64.192	5
2025-11-20 10:35	64.200	64.225	64.092	64.092	5
2025-11-20 10:40	64.100	64.112	64.012	64.052	5
2025-11-20 10:45	64.045	64.055	63.912	64.042	5
2025-11-20 10:50	64.055	64.082	64.032	64.045	5
2025-11-20 10:55	64.050	64.087	64.012	64.080	5
2025-11-20 11:00	64.070	64.070	63.952	63.970	5
2025-11-20 11:05	63.962	63.965	63.932	63.960	5
2025-11-20 11:10	63.962	64.035	63.955	63.992	5
2025-11-20 11:15	63.997	64.085	63.992	64.052	5
2025-11-20 11:20	64.065	64.095	64.032	64.090	5
2025-11-20 11:25	64.085	64.092	64.052	64.072	5
2025-11-20 11:30	64.067	64.067	63.972	63.992	5
2025-11-20 11:35	63.990	64.045	63.982	64.042	5
2025-11-20 11:40	64.055	64.085	64.035	64.065	5
2025-11-20 11:45	64.062	64.130	64.012	64.120	5
2025-11-20 11:50	64.125	64.125	64.072	64.085	5
2025-11-20 11:55	64.077	64.085	64.022	64.027	5
2025-11-20 12:00	64.040	64.125	64.032	64.065	5
2025-11-20 12:05	64.075	64.115	64.065	64.095	5
2025-11-20 12:10	64.090	64.110	64.062	64.090	5
2025-11-20 12:15	64.082	64.105	64.052	64.082	5
2025-11-20 12:20	64.095	64.125	64.072	64.105	5
2025-11-20 12:25	64.095	64.105	64.080	64.090	5
2025-11-20 12:30	64.095	64.215	64.095	64.202	5
2025-11-20 12:35	64.200	64.202	64.145	64.195	5
2025-11-20 12:40	64.190	64.195	64.160	64.162	5
2025-11-20 12:45	64.160	64.180	64.125	64.152	5
2025-11-20 12:50	64.160	64.195	64.132	64.182	5
2025-11-20 12:55	64.180	64.205	64.132	64.155	5
2025-11-20 13:00	64.140	64.230	64.105	64.205	5
2025-11-20 13:05	64.195	64.195	64.117	64.152	5
2025-11-20 13:10	64.160	64.175	64.115	64.162	5
2025-11-20 13:15	64.155	64.165	64.022	64.032	5
2025-11-20 13:20	64.040	64.075	64.032	64.065	5
2025-11-20 13:25	64.070	64.075	63.992	64.007	5
2025-11-20 13:30	64.015	64.017	63.892	63.912	5
2025-11-20 13:35	63.925	63.935	63.862	63.862	5
2025-11-20 13:40	63.857	63.962	63.852	63.905	5
2025-11-20 13:45	63.898	63.955	63.892	63.942	5
2025-11-20 13:50	63.955	64.015	63.935	63.965	5
2025-11-20 13:55	63.955	63.965	63.882	63.922	5
2025-11-20 14:00	63.913	64.045	63.882	64.032	5
2025-11-20 14:05	64.040	64.145	64.032	64.100	5
2025-11-20 14:10	64.092	64.135	64.032	64.032	5
2025-11-20 14:15	64.025	64.025	63.972	63.982	5
2025-11-20 14:20	63.980	64.075	63.892	63.952	5
2025-11-20 14:25	63.957	64.012	63.922	63.945	5
2025-11-20 14:30	63.940	63.995	63.845	63.952	5
2025-11-20 14:35	63.960	64.085	63.952	63.952	5
2025-11-20 14:40	63.960	63.985	63.882	63.925	5
2025-11-20 14:45	63.920	64.000	63.882	63.950	5
2025-11-20 14:50	63.955	63.980	63.922	63.942	5
2025-11-20 14:55	63.940	64.035	63.940	64.012	5
2025-11-20 15:00	64.025	64.055	64.002	64.027	5
2025-11-20 15:05	64.035	64.055	63.922	63.985	5
2025-11-20 15:10	63.980	64.045	63.962	64.005	5
2025-11-20 15:15	64.000	64.125	63.992	64.125	5
2025-11-20 15:20	64.135	64.285	64.122	64.235	5
2025-11-20 15:25	64.225	64.275	64.182	64.262	5
2025-11-20 15:30	64.267	64.370	64.162	64.162	5
2025-11-20 15:35	64.155	64.175	64.060	64.102	5
2025-11-20 15:40	64.095	64.235	64.082	64.217	5
2025-11-20 15:45	64.215	64.355	64.195	64.302	5
2025-11-20 15:50	64.310	64.345	64.285	64.315	5
2025-11-20 15:55	64.325	64.325	64.200	64.210	5
2025-11-20 16:00	64.205	64.210	64.102	64.137	5
2025-11-20 16:05	64.132	64.182	64.077	64.115	5
2025-11-20 16:10	64.110	64.125	63.905	63.922	5
2025-11-20 16:15	63.917	63.995	63.822	63.890	5
2025-11-20 16:20	63.885	63.925	63.682	63.725	5
2025-11-20 16:25	63.730	63.745	63.312	63.452	5
2025-11-20 16:30	63.432	63.440	63.252	63.300	5
2025-11-20 16:35	63.310	63.365	63.242	63.305	5
2025-11-20 16:40	63.310	63.655	63.275	63.465	5
2025-11-20 16:45	63.475	63.575	63.432	63.512	5
2025-11-20 16:50	63.502	63.620	63.392	63.410	5
2025-11-20 16:55	63.405	63.435	63.262	63.285	5
2025-11-20 17:00	63.275	63.370	63.258	63.267	5
2025-11-20 17:05	63.275	63.325	63.075	63.102	5
2025-11-20 17:10	63.100	63.122	62.922	63.015	5
2025-11-20 17:15	63.018	63.105	62.982	63.032	5
2025-11-20 17:20	63.030	63.150	62.945	63.112	5
2025-11-20 17:25	63.110	63.155	63.015	63.040	5
2025-11-20 17:30	63.035	63.205	62.995	63.162	5
2025-11-20 17:35	63.170	63.255	63.072	63.242	5
2025-11-20 17:40	63.240	63.355	63.155	63.160	5
2025-11-20 17:45	63.152	63.215	63.142	63.185	5
2025-11-20 17:50	63.195	63.275	63.155	63.252	5
2025-11-20 17:55	63.250	63.385	63.225	63.370	5
2025-11-20 18:00	63.347	63.395	63.285	63.352	5
2025-11-20 18:05	63.350	63.455	63.342	63.395	5
2025-11-20 18:10	63.385	63.525	63.342	63.525	5
2025-11-20 18:15	63.535	63.545	63.432	63.480	5
2025-11-20 18:20	63.472	63.495	63.332	63.345	5
2025-11-20 18:25	63.340	63.435	63.302	63.407	5
2025-11-20 18:30	63.402	63.485	63.352	63.402	5
2025-11-20 18:35	63.400	63.415	63.322	63.372	5
2025-11-20 18:40	63.380	63.405	63.352	63.372	5
2025-11-20 18:45	63.370	63.375	63.232	63.242	5
2025-11-20 18:50	63.240	63.255	63.190	63.205	5
2025-11-20 18:55	63.210	63.285	63.172	63.252	5
2025-11-20 19:00	63.250	63.255	63.142	63.152	5
2025-11-20 19:05	63.145	63.202	63.112	63.192	5
2025-11-20 19:10	63.205	63.265	63.172	63.225	5
2025-11-20 19:15	63.220	63.290	63.217	63.270	5
2025-11-20 19:20	63.265	63.282	63.197	63.205	5
2025-11-20 19:25	63.208	63.425	63.200	63.385	5
2025-11-20 19:30	63.375	63.385	63.255	63.272	5
2025-11-20 19:35	63.277	63.375	63.272	63.322	5
2025-11-20 19:40	63.330	63.365	63.275	63.342	5
2025-11-20 19:45	63.340	63.345	63.292	63.300	5
2025-11-20 19:50	63.305	63.345	63.292	63.312	5
2025-11-20 19:55	63.325	63.365	63.322	63.365	5
2025-11-20 20:00	63.370	63.370	63.252	63.307	5
2025-11-20 20:05	63.305	63.370	63.305	63.342	5
2025-11-20 20:10	63.355	63.355	63.277	63.290	5
2025-11-20 20:15	63.285	63.335	63.285	63.295	5
2025-11-20 20:20	63.297	63.310	63.252	63.282	5
2025-11-20 20:25	63.295	63.305	63.262	63.282	5
2025-11-20 20:30	63.290	63.290	63.182	63.192	5
2025-11-20 20:35	63.205	63.205	63.132	63.142	5
2025-11-20 20:40	63.140	63.155	63.092	63.102	5
2025-11-20 20:45	63.115	63.140	63.077	63.100	5
2025-11-20 20:50	63.105	63.125	62.995	63.055	5
2025-11-20 20:55	63.050	63.085	63.042	63.062	5
2025-11-20 21:00	63.058	63.098	63.043	63.078	5
2025-11-20 21:05	63.068	63.098	63.068	63.078	5
2025-11-20 21:10	63.073	63.083	63.048	63.063	5
2025-11-20 21:15	63.058	63.103	63.053	63.098	5
2025-11-20 21:20	63.093	63.118	63.068	63.118	5
2025-11-20 21:25	63.123	63.128	63.103	63.108	5
2025-11-20 21:30	63.103	63.128	63.103	63.108	5
2025-11-20 21:35	63.118	63.118	63.103	63.103	5
2025-11-20 21:40	63.098	63.098	63.068	63.098	4
2025-11-20 21:45	63.108	63.113	63.088	63.108	5
2025-11-20 21:50	63.113	63.128	63.088	63.113	5
2025-11-20 21:55	63.118	63.118	63.088	63.093	4
2025-11-21 01:00	62.965	62.985	62.865	62.932	5
2025-11-21 01:05	62.925	63.005	62.922	62.975	5
2025-11-21 01:10	62.970	62.995	62.937	62.945	5
2025-11-21 01:15	62.935	62.960	62.792	62.792	5
2025-11-21 01:20	62.787	62.815	62.783	62.800	5
2025-11-21 01:25	62.805	62.810	62.783	62.783	5
2025-11-21 01:30	62.783	62.790	62.783	62.783	5
2025-11-21 01:35	62.783	62.783	62.687	62.707	5
2025-11-21 01:40	62.712	62.760	62.702	62.727	5
2025-11-21 01:45	62.732	62.762	62.687	62.740	5
2025-11-21 01:50	62.732	62.745	62.707	62.720	4
2025-11-21 01:55	62.727	62.740	62.702	62.707	5
2025-11-21 02:00	62.695	62.715	62.682	62.707	5
2025-11-21 02:05	62.715	62.715	62.652	62.655	5
2025-11-21 02:10	62.650	62.665	62.642	62.655	4
2025-11-21 02:15	62.650	62.675	62.582	62.647	5
2025-11-21 02:20	62.655	62.690	62.635	62.667	5
2025-11-21 02:25	62.675	62.690	62.622	62.630	5
2025-11-21 02:30	62.635	62.680	62.625	62.672	5
2025-11-21 02:35	62.665	62.715	62.662	62.675	5
2025-11-21 02:40	62.680	62.700	62.662	62.667	5
2025-11-21 02:45	62.680	62.680	62.622	62.630	5
2025-11-21 02:50	62.625	62.687	62.605	62.682	5
2025-11-21 02:55	62.677	62.682	62.627	62.632	5
2025-11-21 03:00	62.627	62.655	62.617	62.625	5
2025-11-21 03:05	62.630	62.645	62.617	62.645	5
2025-11-21 03:10	62.640	62.642	62.597	62.602	5
2025-11-21 03:15	62.597	62.605	62.585	62.600	5
2025-11-21 03:20	62.605	62.630	62.532	62.540	5
2025-11-21 03:25	62.535	62.560	62.522	62.542	5
2025-11-21 03:30	62.542	62.575	62.525	62.527	5
2025-11-21 03:35	62.532	62.575	62.522	62.532	5
2025-11-21 03:40	62.540	62.545	62.517	62.542	5
2025-11-21 03:45	62.537	62.575	62.532	62.562	5
2025-11-21 03:50	62.560	62.570	62.537	62.565	5
2025-11-21 03:55	62.560	62.565	62.535	62.535	5
2025-11-21 04:00	62.522	62.555	62.502	62.527	4
2025-11-21 04:05	62.522	62.530	62.432	62.455	5
2025-11-21 04:10	62.460	62.460	62.422	62.422	5
2025-11-21 04:15	62.420	62.455	62.412	62.455	5
2025-11-21 04:20	62.460	62.490	62.457	62.470	5
2025-11-21 04:25	62.465	62.510	62.465	62.475	5
2025-11-21 04:30	62.485	62.525	62.477	62.492	5
2025-11-21 04:35	62.505	62.512	62.482	62.482	4
2025-11-21 04:40	62.490	62.490	62.462	62.462	5
2025-11-21 04:45	62.475	62.480	62.462	62.465	4
2025-11-21 04:50	62.470	62.475	62.447	62.447	5
2025-11-21 04:55	62.445	62.460	62.422	62.452	5
2025-11-21 05:00	62.470	62.525	62.452	62.515	5
2025-11-21 05:05	62.505	62.555	62.502	62.545	5
2025-11-21 05:10	62.555	62.665	62.542	62.655	5
2025-11-21 05:15	62.657	62.742	62.637	62.732	5
2025-11-21 05:20	62.730	62.730	62.657	62.685	4
2025-11-21 05:25	62.675	62.695	62.662	62.672	5
2025-11-21 05:30	62.665	62.755	62.655	62.732	5
2025-11-21 05:35	62.730	62.730	62.630	62.630	5
2025-11-21 05:40	62.635	62.640	62.600	62.620	5
2025-11-21 05:45	62.612	62.665	62.592	62.662	5
2025-11-21 05:50	62.660	62.715	62.637	62.710	5
2025-11-21 05:55	62.700	62.715	62.680	62.692	5
2025-11-21 06:00	62.700	62.735	62.692	62.717	5
2025-11-21 06:05	62.730	62.730	62.667	62.692	5
2025-11-21 06:10	62.685	62.712	62.662	62.702	5
2025-11-21 06:15	62.715	62.755	62.700	62.722	5
2025-11-21 06:20	62.710	62.745	62.702	62.710	5
2025-11-21 06:25	62.725	62.750	62.712	62.720	5
2025-11-21 06:30	62.715	62.800	62.715	62.800	5
2025-11-21 06:35	62.805	62.815	62.742	62.755	5
2025-11-21 06:40	62.750	62.785	62.742	62.772	5
2025-11-21 06:45	62.775	62.790	62.722	62.732	5
2025-11-21 06:50	62.730	62.732	62.672	62.695	5
2025-11-21 06:55	62.700	62.725	62.612	62.637	5
2025-11-21 07:00	62.623	62.640	62.497	62.497	5
2025-11-21 07:05	62.495	62.515	62.397	62.432	5
2025-11-21 07:10	62.437	62.500	62.422	62.480	5
2025-11-21 07:15	62.485	62.495	62.365	62.380	5
2025-11-21 07:20	62.375	62.420	62.372	62.392	5
2025-11-21 07:25	62.390	62.420	62.332	62.420	5
2025-11-21 07:30	62.425	62.435	62.347	62.387	5
2025-11-21 07:35	62.385	62.422	62.292	62.302	5
2025-11-21 07:40	62.300	62.320	62.242	62.242	5
2025-11-21 07:45	62.260	62.315	62.252	62.272	5
2025-11-21 07:50	62.260	62.375	62.260	62.330	5
2025-11-21 07:55	62.335	62.340	62.232	62.232	5
2025-11-21 08:00	62.233	62.247	62.182	62.220	5
2025-11-21 08:05	62.215	62.355	62.192	62.350	5
2025-11-21 08:10	62.345	62.355	62.277	62.340	5
2025-11-21 08:15	62.338	62.440	62.322	62.337	5
2025-11-21 08:20	62.345	62.455	62.332	62.442	5
2025-11-21 08:25	62.445	62.500	62.392	62.500	5
2025-11-21 08:30	62.497	62.625	62.448	62.562	5
2025-11-21 08:35	62.570	62.670	62.515	62.612	5
2025-11-21 08:40	62.605	62.615	62.477	62.520	5
2025-11-21 08:45	62.510	62.635	62.502	62.562	5
2025-11-21 08:50	62.575	62.650	62.532	62.580	5
2025-11-21 08:55	62.572	62.647	62.540	62.582	5
2025-11-21 09:00	62.590	62.612	62.527	62.560	5
2025-11-21 09:05	62.565	62.732	62.552	62.712	5
2025-11-21 09:10	62.695	62.735	62.663	62.715	5
2025-11-21 09:15	62.712	62.715	62.612	62.665	5
2025-11-21 09:20	62.670	62.672	62.550	62.610	5
2025-11-21 09:25	62.615	62.675	62.577	62.642	5
2025-11-21 09:30	62.627	62.645	62.442	62.482	5
2025-11-21 09:35	62.480	62.495	62.382	62.395	5
2025-11-21 09:40	62.400	62.405	62.292	62.292	5
2025-11-21 09:45	62.282	62.305	62.202	62.252	5
2025-11-21 09:50	62.275	62.325	62.245	62.275	5
2025-11-21 09:55	62.280	62.345	62.182	62.192	5
2025-11-21 10:00	62.190	62.190	62.072	62.152	5
2025-11-21 10:05	62.165	62.180	61.992	62.005	5
2025-11-21 10:10	61.995	62.035	61.952	62.012	5
2025-11-21 10:15	62.010	62.045	61.957	61.985	5
2025-11-21 10:20	61.990	62.010	61.942	61.972	5
2025-11-21 10:25	61.970	61.985	61.912	61.922	5
2025-11-21 10:30	61.920	62.035	61.882	62.032	5
2025-11-21 10:35	62.040	62.055	61.955	61.960	5
2025-11-21 10:40	61.965	62.015	61.930	62.002	5
2025-11-21 10:45	62.010	62.030	61.932	61.957	5
2025-11-21 10:50	61.955	62.035	61.935	61.960	5
2025-11-21 10:55	61.965	62.020	61.952	61.952	4
2025-11-21 11:00	61.965	62.140	61.952	62.132	5
2025-11-21 11:05	62.145	62.255	62.135	62.230	5
2025-11-21 11:10	62.245	62.325	62.237	62.260	5
2025-11-21 11:15	62.265	62.345	62.242	62.265	5
2025-11-21 11:20	62.275	62.350	62.262	62.342	5
2025-11-21 11:25	62.350	62.350	62.312	62.322	5
2025-11-21 11:30	62.327	62.460	62.327	62.425	5
2025-11-21 11:35	62.435	62.435	62.375	62.392	5
2025-11-21 11:40	62.390	62.425	62.320	62.407	5
2025-11-21 11:45	62.402	62.415	62.312	62.332	5
2025-11-21 11:50	62.330	62.330	62.242	62.252	5
2025-11-21 11:55	62.257	62.355	62.252	62.335	5
2025-11-21 12:00	62.330	62.375	62.302	62.332	5
2025-11-21 12:05	62.325	62.327	62.282	62.295	5
2025-11-21 12:10	62.305	62.355	62.202	62.240	5
2025-11-21 12:15	62.235	62.485	62.182	62.410	5
2025-11-21 12:20	62.400	62.970	62.367	62.942	5
2025-11-21 12:25	62.950	63.050	62.772	62.775	5
2025-11-21 12:30	62.780	62.920	62.778	62.875	5
2025-11-21 12:35	62.880	63.080	62.832	63.002	5
2025-11-21 12:40	63.000	63.000	62.732	62.742	5
2025-11-21 12:45	62.735	62.950	62.682	62.942	5
2025-11-21 12:50	62.955	63.000	62.920	62.960	5
2025-11-21 12:55	62.965	62.965	62.900	62.937	5
2025-11-21 13:00	62.933	62.965	62.885	62.900	5
2025-11-21 13:05	62.892	62.930	62.847	62.902	5
2025-11-21 13:10	62.895	62.925	62.802	62.840	5
2025-11-21 13:15	62.835	63.040	62.835	62.995	5
2025-11-21 13:20	62.990	63.002	62.862	62.865	5
2025-11-21 13:25	62.867	62.965	62.862	62.950	5
2025-11-21 13:30	62.945	62.945	62.792	62.825	5
2025-11-21 13:35	62.820	62.860	62.792	62.800	5
2025-11-21 13:40	62.792	62.865	62.762	62.790	5
2025-11-21 13:45	62.785	62.835	62.747	62.805	5
2025-11-21 13:50	62.800	62.805	62.710	62.795	5
2025-11-21 13:55	62.790	62.790	62.752	62.752	5
2025-11-21 14:00	62.737	62.745	62.435	62.440	5
2025-11-21 14:05	62.435	62.562	62.427	62.525	5
2025-11-21 14:10	62.510	62.555	62.492	62.552	5
2025-11-21 14:15	62.545	62.545	62.362	62.410	5
2025-11-21 14:20	62.412	62.425	62.312	62.337	5
2025-11-21 14:25	62.345	62.442	62.337	62.430	5
2025-11-21 14:30	62.425	62.425	62.200	62.275	5
2025-11-21 14:35	62.267	62.355	62.202	62.215	5
2025-11-21 14:40	62.210	62.290	62.052	62.160	5
2025-11-21 14:45	62.165	62.195	61.952	61.965	5
2025-11-21 14:50	61.960	62.025	61.852	61.995	5
2025-11-21 14:55	61.997	62.040	61.892	61.962	5
2025-11-21 15:00	61.963	62.025	61.912	61.975	5
2025-11-21 15:05	61.985	62.145	61.972	62.030	5
2025-11-21 15:10	62.025	62.175	62.017	62.082	5
2025-11-21 15:15	62.090	62.240	62.070	62.210	5
2025-11-21 15:20	62.215	62.220	61.990	62.220	5
2025-11-21 15:25	62.225	62.265	61.967	61.975	5
2025-11-21 15:30	61.967	62.025	61.895	62.002	5
2025-11-21 15:35	62.015	62.380	61.940	62.242	5
2025-11-21 15:40	62.240	62.380	62.180	62.265	5
2025-11-21 15:45	62.255	62.435	62.205	62.407	5
2025-11-21 15:50	62.405	62.415	62.140	62.305	5
2025-11-21 15:55	62.295	62.300	62.080	62.087	5
2025-11-21 16:00	62.078	62.130	61.935	61.962	5
2025-11-21 16:05	61.975	62.115	61.952	62.110	5
2025-11-21 16:10	62.115	62.185	62.062	62.185	5
2025-11-21 16:15	62.175	62.345	62.130	62.160	5
2025-11-21 16:20	62.150	62.280	62.147	62.212	5
2025-11-21 16:25	62.205	62.315	62.142	62.265	5
2025-11-21 16:30	62.275	62.285	62.137	62.225	5
2025-11-21 16:35	62.230	62.245	62.077	62.130	5
2025-11-21 16:40	62.122	62.250	62.100	62.227	5
2025-11-21 16:45	62.225	62.265	62.160	62.160	5
2025-11-21 16:50	62.162	62.200	62.077	62.095	5
2025-11-21 16:55	62.100	62.275	62.082	62.272	5
2025-11-21 17:00	62.288	62.345	62.255	62.295	5
2025-11-21 17:05	62.300	62.355	62.272	62.342	5
2025-11-21 17:10	62.335	62.365	62.297	62.350	5
2025-11-21 17:15	62.345	62.455	62.322	62.422	5
2025-11-21 17:20	62.415	62.415	62.290	62.352	5
2025-11-21 17:25	62.360	62.460	62.352	62.402	5
2025-11-21 17:30	62.395	62.425	62.345	62.350	5
2025-11-21 17:35	62.345	62.390	62.310	62.345	5
2025-11-21 17:40	62.335	62.372	62.315	62.342	5
2025-11-21 17:45	62.340	62.390	62.312	62.360	5
2025-11-21 17:50	62.355	62.355	62.212	62.257	5
2025-11-21 17:55	62.255	62.335	62.245	62.322	5
2025-11-21 18:00	62.330	62.385	62.220	62.225	5
2025-11-21 18:05	62.230	62.262	62.192	62.255	5
2025-11-21 18:10	62.245	62.285	62.235	62.252	5
2025-11-21 18:15	62.260	62.310	62.235	62.265	5
2025-11-21 18:20	62.260	62.352	62.260	62.300	5
2025-11-21 18:25	62.305	62.325	62.252	62.315	5
2025-11-21 18:30	62.310	62.340	62.260	62.280	5
2025-11-21 18:35	62.285	62.325	62.272	62.295	5
2025-11-21 18:40	62.290	62.295	62.210	62.260	5
2025-11-21 18:45	62.265	62.440	62.262	62.405	5
2025-11-21 18:50	62.410	62.432	62.345	62.345	5
2025-11-21 18:55	62.350	62.355	62.287	62.310	5
2025-11-21 19:00	62.305	62.415	62.290	62.402	5
2025-11-21 19:05	62.395	62.430	62.372	62.425	5
2025-11-21 19:10	62.435	62.505	62.422	62.490	5
2025-11-21 19:15	62.500	62.575	62.492	62.565	5
2025-11-21 19:20	62.560	62.635	62.560	62.602	5
2025-11-21 19:25	62.597	62.650	62.512	62.540	5
2025-11-21 19:30	62.545	62.545	62.435	62.445	5
2025-11-21 19:35	62.455	62.465	62.412	62.437	5
2025-11-21 19:40	62.445	62.465	62.357	62.375	5
2025-11-21 19:45	62.370	62.380	62.332	62.365	5
2025-11-21 19:50	62.370	62.435	62.357	62.377	5
2025-11-21 19:55	62.385	62.405	62.335	62.352	5
2025-11-21 20:00	62.360	62.390	62.332	62.362	5
2025-11-21 20:05	62.370	62.385	62.350	62.352	5
2025-11-21 20:10	62.355	62.397	62.355	62.392	5
2025-11-21 20:15	62.385	62.465	62.377	62.462	5
2025-11-21 20:20	62.457	62.492	62.422	62.432	5
2025-11-21 20:25	62.445	62.460	62.430	62.437	5
2025-11-21 20:30	62.432	62.445	62.385	62.430	5
2025-11-21 20:35	62.432	62.445	62.420	62.432	5
2025-11-21 20:40	62.430	62.462	62.412	62.462	5
2025-11-21 20:45	62.470	62.545	62.462	62.527	5
2025-11-21 20:50	62.515	62.520	62.442	62.450	5
2025-11-21 20:55	62.455	62.455	62.392	62.435	5
2025-11-21 21:00	62.430	62.448	62.423	62.448	5
2025-11-21 21:05	62.453	62.453	62.418	62.423	5
2025-11-21 21:10	62.428	62.428	62.398	62.418	5
2025-11-21 21:15	62.423	62.428	62.418	62.428	2
2025-11-21 21:20	62.438	62.438	62.433	62.438	3
2025-11-21 21:25	62.448	62.448	62.438	62.448	2
2025-11-21 21:30	62.458	62.458	62.458	62.458	1
2025-11-21 21:35	62.453	62.458	62.448	62.448	2
2025-11-21 21:40	62.453	62.458	62.448	62.458	1
2025-11-21 21:45	62.453	62.458	62.448	62.458	4
2025-11-21 21:50	62.453	62.468	62.423	62.458	5
2025-11-21 21:55	62.453	62.458	62.427	62.432	5
2025-11-24 01:00	62.317	62.440	62.295	62.392	5
2025-11-24 01:05	62.385	62.420	62.377	62.412	5
2025-11-24 01:10	62.420	62.490	62.410	62.457	5
2025-11-24 01:15	62.465	62.515	62.447	62.507	5
2025-11-24 01:20	62.515	62.517	62.482	62.510	5
2025-11-24 01:25	62.515	62.525	62.510	62.512	5
2025-11-24 01:30	62.507	62.520	62.455	62.475	5
2025-11-24 01:35	62.480	62.492	62.387	62.390	5
2025-11-24 01:40	62.392	62.440	62.372	62.407	5
2025-11-24 01:45	62.415	62.450	62.397	62.447	5
2025-11-24 01:50	62.445	62.450	62.417	62.445	5
2025-11-24 01:55	62.450	62.455	62.422	62.450	5
2025-11-24 02:00	62.442	62.510	62.442	62.447	5
2025-11-24 02:05	62.440	62.460	62.385	62.397	5
2025-11-24 02:10	62.410	62.440	62.392	62.397	5
2025-11-24 02:15	62.402	62.420	62.380	62.410	5
2025-11-24 02:20	62.420	62.440	62.407	62.437	5
2025-11-24 02:25	62.445	62.455	62.435	62.440	4
2025-11-24 02:30	62.432	62.450	62.417	62.430	4
2025-11-24 02:35	62.445	62.470	62.435	62.450	5
2025-11-24 02:40	62.452	62.465	62.435	62.440	4
2025-11-24 02:45	62.450	62.457	62.432	62.437	5
2025-11-24 02:50	62.445	62.450	62.417	62.440	5
2025-11-24 02:55	62.435	62.440	62.402	62.422	5
2025-11-24 03:00	62.430	62.465	62.425	62.465	5
2025-11-24 03:05	62.452	62.457	62.422	62.425	4
2025-11-24 03:10	62.430	62.460	62.422	62.447	5
2025-11-24 03:15	62.445	62.445	62.412	62.432	5
2025-11-24 03:20	62.440	62.447	62.430	62.437	5
2025-11-24 03:25	62.442	62.500	62.442	62.480	3
2025-11-24 03:30	62.485	62.500	62.452	62.457	5
2025-11-24 03:35	62.462	62.485	62.450	62.478	5
2025-11-24 03:40	62.485	62.490	62.457	62.472	4
2025-11-24 03:45	62.477	62.495	62.475	62.487	4
2025-11-24 03:50	62.482	62.510	62.482	62.510	4
2025-11-24 03:55	62.515	62.565	62.515	62.560	5
2025-11-24 04:00	62.562	62.605	62.555	62.605	5
2025-11-24 04:05	62.615	62.625	62.602	62.612	4
2025-11-24 04:10	62.610	62.610	62.560	62.562	5
2025-11-24 04:15	62.560	62.580	62.545	62.560	5
2025-11-24 04:20	62.565	62.575	62.550	62.565	5
2025-11-24 04:25	62.558	62.580	62.542	62.542	4
2025-11-24 04:30	62.550	62.575	62.550	62.572	4
2025-11-24 04:35	62.580	62.580	62.548	62.568	5
2025-11-24 04:40	62.565	62.585	62.562	62.578	3
2025-11-24 04:45	62.580	62.590	62.547	62.550	5
2025-11-24 04:50	62.545	62.565	62.535	62.555	5
2025-11-24 04:55	62.560	62.570	62.537	62.555	5
2025-11-24 05:00	62.557	62.557	62.517	62.530	5
2025-11-24 05:05	62.537	62.570	62.517	62.567	5
2025-11-24 05:10	62.562	62.590	62.562	62.575	5
2025-11-24 05:15	62.568	62.585	62.537	62.537	5
2025-11-24 05:20	62.545	62.570	62.540	62.565	5
2025-11-24 05:25	62.570	62.585	62.538	62.585	5
2025-11-24 05:30	62.577	62.615	62.552	62.560	5
2025-11-24 05:35	62.550	62.555	62.517	62.520	5
2025-11-24 05:40	62.525	62.555	62.522	62.528	5
2025-11-24 05:45	62.530	62.555	62.527	62.537	5
2025-11-24 05:50	62.532	62.575	62.532	62.572	5
2025-11-24 05:55	62.580	62.615	62.580	62.595	5
2025-11-24 06:00	62.597	62.622	62.597	62.620	5
2025-11-24 06:05	62.625	62.740	62.617	62.720	5
2025-11-24 06:10	62.725	62.755	62.695	62.695	5
2025-11-24 06:15	62.700	62.745	62.692	62.737	5
2025-11-24 06:20	62.760	62.765	62.712	62.722	5
2025-11-24 06:25	62.730	62.742	62.702	62.725	5
2025-11-24 06:30	62.720	62.725	62.695	62.700	5
2025-11-24 06:35	62.695	62.735	62.687	62.725	5
2025-11-24 06:40	62.718	62.722	62.685	62.690	4
2025-11-24 06:45	62.682	62.712	62.682	62.712	5
2025-11-24 06:50	62.705	62.727	62.687	62.720	5
2025-11-24 06:55	62.707	62.730	62.682	62.730	5
2025-11-24 07:00	62.720	62.775	62.600	62.615	5
2025-11-24 07:05	62.610	62.635	62.562	62.607	5
2025-11-24 07:10	62.600	62.615	62.522	62.547	5
2025-11-24 07:15	62.542	62.542	62.490	62.515	5
2025-11-24 07:20	62.500	62.500	62.437	62.480	5
2025-11-24 07:25	62.482	62.485	62.412	62.420	5
2025-11-24 07:30	62.415	62.475	62.402	62.447	5
2025-11-24 07:35	62.445	62.452	62.407	62.430	5
2025-11-24 07:40	62.422	62.430	62.350	62.350	5
2025-11-24 07:45	62.347	62.410	62.315	62.342	5
2025-11-24 07:50	62.350	62.390	62.332	62.390	5
2025-11-24 07:55	62.385	62.400	62.305	62.327	5
2025-11-24 08:00	62.323	62.345	62.210	62.215	5
2025-11-24 08:05	62.217	62.295	62.212	62.290	5
2025-11-24 08:10	62.285	62.290	62.220	62.280	5
2025-11-24 08:15	62.285	62.320	62.242	62.290	5
2025-11-24 08:20	62.285	62.307	62.257	62.285	5
2025-11-24 08:25	62.275	62.345	62.192	62.295	5
2025-11-24 08:30	62.292	62.350	62.267	62.330	5
2025-11-24 08:35	62.325	62.355	62.302	62.315	5
2025-11-24 08:40	62.310	62.350	62.220	62.240	5
2025-11-24 08:45	62.220	62.297	62.217	62.260	5
2025-11-24 08:50	62.262	62.310	62.252	62.280	5
2025-11-24 08:55	62.285	62.295	62.215	62.247	5
2025-11-24 09:00	62.225	62.240	62.182	62.235	5
2025-11-24 09:05	62.240	62.292	62.210	62.292	5
2025-11-24 09:10	62.310	62.310	62.207	62.230	5
2025-11-24 09:15	62.235	62.275	62.175	62.182	5
2025-11-24 09:20	62.190	62.205	62.130	62.147	5
2025-11-24 09:25	62.145	62.145	62.082	62.107	5
2025-11-24 09:30	62.105	62.140	62.072	62.105	5
2025-11-24 09:35	62.115	62.170	62.005	62.007	5
2025-11-24 09:40	62.015	62.080	61.970	62.040	5
2025-11-24 09:45	62.035	62.035	61.920	61.985	5
2025-11-24 09:50	61.977	62.060	61.930	62.007	5
2025-11-24 09:55	62.000	62.010	61.957	61.962	5
2025-11-24 10:00	61.958	62.095	61.957	62.092	5
2025-11-24 10:05	62.090	62.115	61.982	62.005	5
2025-11-24 10:10	62.010	62.045	61.992	62.012	5
2025-11-24 10:15	62.010	62.145	62.002	62.122	5
2025-11-24 10:20	62.120	62.195	62.095	62.170	5
2025-11-24 10:25	62.175	62.195	62.110	62.122	5
2025-11-24 10:30	62.130	62.240	62.127	62.202	5
2025-11-24 10:35	62.190	62.270	62.153	62.162	5
2025-11-24 10:40	62.155	62.255	62.152	62.255	5
2025-11-24 10:45	62.245	62.260	62.212	62.237	5
2025-11-24 10:50	62.242	62.260	62.175	62.195	5
2025-11-24 10:55	62.187	62.215	62.162	62.162	5
2025-11-24 11:00	62.180	62.250	62.152	62.232	5
2025-11-24 11:05	62.230	62.252	62.195	62.252	5
2025-11-24 11:10	62.260	62.325	62.260	62.297	5
2025-11-24 11:15	62.295	62.335	62.282	62.312	5
2025-11-24 11:20	62.310	62.322	62.252	62.320	5
2025-11-24 11:25	62.315	62.375	62.315	62.365	5
2025-11-24 11:30	62.375	62.375	62.322	62.352	5
2025-11-24 11:35	62.357	62.370	62.317	62.350	5
2025-11-24 11:40	62.355	62.430	62.327	62.430	5
2025-11-24 11:45	62.435	62.485	62.382	62.385	5
2025-11-24 11:50	62.395	62.455	62.355	62.425	5
2025-11-24 11:55	62.420	62.450	62.392	62.425	5
2025-11-24 12:00	62.418	62.465	62.342	62.457	5
2025-11-24 12:05	62.462	62.495	62.452	62.470	5
2025-11-24 12:10	62.480	62.480	62.432	62.452	5
2025-11-24 12:15	62.460	62.460	62.372	62.390	5
2025-11-24 12:20	62.385	62.415	62.362	62.412	5
2025-11-24 12:25	62.425	62.485	62.382	62.452	5
2025-11-24 12:30	62.460	62.552	62.452	62.552	5
2025-11-24 12:35	62.545	62.615	62.527	62.602	5
2025-11-24 12:40	62.615	62.615	62.552	62.602	5
2025-11-24 12:45	62.625	62.705	62.610	62.700	5
2025-11-24 12:50	62.705	62.710	62.645	62.675	5
2025-11-24 12:55	62.680	62.705	62.632	62.665	5
2025-11-24 13:00	62.670	62.695	62.642	62.655	5
2025-11-24 13:05	62.665	62.705	62.642	62.675	5
2025-11-24 13:10	62.670	62.685	62.565	62.575	5
2025-11-24 13:15	62.585	62.610	62.552	62.555	5
2025-11-24 13:20	62.565	62.620	62.512	62.592	5
2025-11-24 13:25	62.580	62.605	62.542	62.562	5
2025-11-24 13:30	62.570	62.575	62.522	62.542	5
2025-11-24 13:35	62.550	62.575	62.520	62.575	5
2025-11-24 13:40	62.570	62.602	62.552	62.602	5
2025-11-24 13:45	62.600	62.640	62.562	62.640	5
2025-11-24 13:50	62.642	62.650	62.585	62.640	5
2025-11-24 13:55	62.642	62.695	62.632	62.665	5
2025-11-24 14:00	62.657	62.657	62.550	62.605	5
2025-11-24 14:05	62.600	62.635	62.555	62.607	5
2025-11-24 14:10	62.605	62.645	62.592	62.602	5
2025-11-24 14:15	62.600	62.605	62.472	62.477	5
2025-11-24 14:20	62.472	62.515	62.420	62.462	5
2025-11-24 14:25	62.455	62.505	62.390	62.395	5
2025-11-24 14:30	62.390	62.535	62.200	62.535	5
2025-11-24 14:35	62.530	62.570	62.380	62.385	5
2025-11-24 14:40	62.375	62.390	62.292	62.320	5
2025-11-24 14:45	62.325	62.515	62.307	62.342	5
2025-11-24 14:50	62.360	62.380	62.312	62.342	5
2025-11-24 14:55	62.340	62.562	62.312	62.520	5
2025-11-24 15:00	62.513	62.582	62.405	62.410	5
2025-11-24 15:05	62.415	62.460	62.360	62.440	5
2025-11-24 15:10	62.450	62.475	62.340	62.415	5
2025-11-24 15:15	62.420	62.465	62.392	62.412	5
2025-11-24 15:20	62.410	62.460	62.385	62.425	5
2025-11-24 15:25	62.430	62.490	62.392	62.455	5
2025-11-24 15:30	62.450	62.505	62.415	62.495	5
2025-11-24 15:35	62.500	62.655	62.452	62.595	5
2025-11-24 15:40	62.605	62.645	62.490	62.507	5
2025-11-24 15:45	62.512	62.610	62.507	62.592	5
2025-11-24 15:50	62.590	62.610	62.525	62.552	5
2025-11-24 15:55	62.550	62.625	62.547	62.625	5
2025-11-24 16:00	62.618	62.825	62.602	62.810	5
2025-11-24 16:05	62.802	62.860	62.737	62.825	5
2025-11-24 16:10	62.832	62.845	62.740	62.740	5
2025-11-24 16:15	62.745	62.790	62.732	62.777	5
2025-11-24 16:20	62.785	62.795	62.752	62.752	5
2025-11-24 16:25	62.750	62.860	62.745	62.810	5
2025-11-24 16:30	62.802	62.875	62.780	62.812	5
2025-11-24 16:35	62.810	62.880	62.795	62.835	5
2025-11-24 16:40	62.820	62.925	62.772	62.905	5
2025-11-24 16:45	62.895	62.967	62.850	62.892	5
2025-11-24 16:50	62.890	62.935	62.878	62.910	5
2025-11-24 16:55	62.905	62.960	62.892	62.955	5
2025-11-24 17:00	62.945	63.015	62.940	62.965	5
2025-11-24 17:05	62.952	62.975	62.870	62.892	5
2025-11-24 17:10	62.885	62.915	62.875	62.892	5
2025-11-24 17:15	62.882	62.905	62.872	62.902	5
2025-11-24 17:20	62.915	62.975	62.912	62.947	5
2025-11-24 17:25	62.945	62.950	62.910	62.920	5
2025-11-24 17:30	62.905	62.925	62.902	62.915	5
2025-11-24 17:35	62.910	62.965	62.902	62.955	5
2025-11-24 17:40	62.970	62.985	62.937	62.937	5
2025-11-24 17:45	62.935	62.980	62.892	62.977	5
2025-11-24 17:50	62.972	63.055	62.950	63.052	5
2025-11-24 17:55	63.065	63.095	63.032	63.082	5
2025-11-24 18:00	63.067	63.085	63.058	63.075	5
2025-11-24 18:05	63.080	63.105	63.060	63.092	5
2025-11-24 18:10	63.105	63.155	63.095	63.105	5
2025-11-24 18:15	63.105	63.140	63.097	63.120	5
2025-11-24 18:20	63.125	63.165	63.092	63.115	5
2025-11-24 18:25	63.117	63.240	63.117	63.237	5
2025-11-24 18:30	63.235	63.260	63.212	63.232	5
2025-11-24 18:35	63.240	63.255	63.210	63.245	5
2025-11-24 18:40	63.240	63.310	63.222	63.310	5
2025-11-24 18:45	63.315	63.315	63.282	63.292	5
2025-11-24 18:50	63.315	63.370	63.302	63.340	5
2025-11-24 18:55	63.345	63.400	63.325	63.355	5
2025-11-24 19:00	63.360	63.372	63.315	63.345	5
2025-11-24 19:05	63.340	63.365	63.295	63.315	5
2025-11-24 19:10	63.305	63.345	63.292	63.335	5
2025-11-24 19:15	63.345	63.365	63.307	63.307	5
2025-11-24 19:20	63.302	63.325	63.255	63.325	5
2025-11-24 19:25	63.315	63.375	63.292	63.367	5
2025-11-24 19:30	63.365	63.390	63.342	63.375	5
2025-11-24 19:35	63.370	63.435	63.370	63.385	5
2025-11-24 19:40	63.390	63.395	63.352	63.352	5
2025-11-24 19:45	63.360	63.385	63.342	63.380	5
2025-11-24 19:50	63.385	63.387	63.325	63.350	5
2025-11-24 19:55	63.345	63.357	63.305	63.310	5
2025-11-24 20:00	63.315	63.397	63.312	63.392	5
2025-11-24 20:05	63.390	63.412	63.382	63.407	5
2025-11-24 20:10	63.405	63.465	63.405	63.430	5
2025-11-24 20:15	63.435	63.455	63.412	63.442	5
2025-11-24 20:20	63.450	63.460	63.407	63.460	5
2025-11-24 20:25	63.452	63.467	63.422	63.442	5
2025-11-24 20:30	63.440	63.440	63.407	63.415	5
2025-11-24 20:35	63.417	63.430	63.402	63.425	5
2025-11-24 20:40	63.417	63.445	63.412	63.440	5
2025-11-24 20:45	63.445	63.445	63.422	63.445	4
2025-11-24 20:50	63.435	63.505	63.430	63.505	5
2025-11-24 20:55	63.510	63.532	63.440	63.445	5
2025-11-24 21:00	63.438	63.448	63.388	63.418	5
2025-11-24 21:05	63.408	63.428	63.398	63.418	5
2025-11-24 21:10	63.408	63.418	63.403	63.413	4
2025-11-24 21:15	63.408	63.418	63.398	63.413	4
2025-11-24 21:20	63.408	63.428	63.398	63.428	5
2025-11-24 21:25	63.423	63.443	63.423	63.438	3
2025-11-24 21:30	63.423	63.428	63.413	63.418	4
2025-11-24 21:35	63.423	63.433	63.393	63.393	5
2025-11-24 21:40	63.388	63.398	63.388	63.388	3
2025-11-24 21:45	63.398	63.398	63.383	63.393	5
2025-11-24 21:50	63.403	63.408	63.353	63.358	4
2025-11-24 21:55	63.368	63.368	63.323	63.323	5
2025-11-25 01:00	63.345	63.345	63.157	63.190	5
2025-11-25 01:05	63.200	63.250	63.197	63.225	5
2025-11-25 01:10	63.230	63.260	63.200	63.230	5
2025-11-25 01:15	63.232	63.240	63.142	63.152	5
2025-11-25 01:20	63.170	63.190	63.132	63.157	5
2025-11-25 01:25	63.167	63.210	63.152	63.180	5
2025-11-25 01:30	63.190	63.190	63.147	63.167	5
2025-11-25 01:35	63.172	63.210	63.172	63.187	5
2025-11-25 01:40	63.195	63.225	63.172	63.182	5
2025-11-25 01:45	63.187	63.190	63.147	63.155	5
2025-11-25 01:50	63.145	63.200	63.142	63.190	5
2025-11-25 01:55	63.195	63.200	63.172	63.197	5
2025-11-25 02:00	63.195	63.200	63.152	63.170	5
2025-11-25 02:05	63.162	63.200	63.160	63.187	5
2025-11-25 02:10	63.192	63.200	63.177	63.185	5
2025-11-25 02:15	63.187	63.210	63.187	63.197	5
2025-11-25 02:20	63.193	63.200	63.175	63.177	4
2025-11-25 02:25	63.172	63.190	63.170	63.187	4
2025-11-25 02:30	63.187	63.220	63.177	63.212	5
2025-11-25 02:35	63.217	63.280	63.217	63.217	5
2025-11-25 02:40	63.222	63.250	63.212	63.220	5
2025-11-25 02:45	63.215	63.222	63.182	63.217	5
2025-11-25 02:50	63.225	63.225	63.197	63.197	4
2025-11-25 02:55	63.202	63.225	63.192	63.205	5
2025-11-25 03:00	63.198	63.205	63.172	63.190	5
2025-11-25 03:05	63.185	63.205	63.177	63.187	5
2025-11-25 03:10	63.192	63.212	63.192	63.210	5
2025-11-25 03:15	63.202	63.225	63.192	63.197	5
2025-11-25 03:20	63.192	63.200	63.157	63.157	5
2025-11-25 03:25	63.170	63.170	63.155	63.155	5
2025-11-25 03:30	63.145	63.152	63.117	63.125	5
2025-11-25 03:35	63.130	63.135	63.103	63.108	5
2025-11-25 03:40	63.110	63.125	63.102	63.120	5
2025-11-25 03:45	63.130	63.130	63.097	63.105	5
2025-11-25 03:50	63.097	63.105	63.092	63.097	5
2025-11-25 03:55	63.090	63.095	63.047	63.055	5
2025-11-25 04:00	63.050	63.050	63.012	63.022	5
2025-11-25 04:05	63.030	63.080	63.030	63.067	4
2025-11-25 04:10	63.062	63.080	63.062	63.067	4
2025-11-25 04:15	63.072	63.085	63.057	63.060	3
2025-11-25 04:20	63.052	63.057	63.043	63.047	4
2025-11-25 04:25	63.055	63.065	63.050	63.065	4
2025-11-25 04:30	63.055	63.055	63.015	63.015	5
2025-11-25 04:35	63.020	63.060	63.020	63.060	5
2025-11-25 04:40	63.055	63.065	63.055	63.057	5
2025-11-25 04:45	63.060	63.062	63.037	63.037	5
2025-11-25 04:50	63.045	63.065	63.045	63.057	4
2025-11-25 04:55	63.065	63.082	63.060	63.080	4
2025-11-25 05:00	63.075	63.102	63.070	63.102	5
2025-11-25 05:05	63.098	63.150	63.098	63.132	5
2025-11-25 05:10	63.130	63.155	63.130	63.150	4
2025-11-25 05:15	63.140	63.140	63.100	63.102	5
2025-11-25 05:20	63.107	63.120	63.082	63.082	5
2025-11-25 05:25	63.070	63.080	63.022	63.022	5
2025-11-25 05:30	63.020	63.045	63.015	63.020	5
2025-11-25 05:35	63.025	63.025	63.015	63.020	4
2025-11-25 05:40	63.022	63.060	63.022	63.055	5
2025-11-25 05:45	63.040	63.077	63.027	63.067	5
2025-11-25 05:50	63.065	63.080	63.027	63.037	5
2025-11-25 05:55	63.050	63.060	63.047	63.057	5
2025-11-25 06:00	63.050	63.077	63.037	63.045	5
2025-11-25 06:05	63.037	63.070	63.035	63.062	5
2025-11-25 06:10	63.067	63.080	63.027	63.030	5
2025-11-25 06:15	63.035	63.035	62.947	62.952	5
2025-11-25 06:20	62.950	62.980	62.917	62.962	5
2025-11-25 06:25	62.960	63.030	62.960	63.000	5
2025-11-25 06:30	62.995	63.007	62.967	63.000	5
2025-11-25 06:35	62.987	62.997	62.962	62.967	5
2025-11-25 06:40	62.972	62.977	62.947	62.957	5
2025-11-25 06:45	62.970	62.970	62.927	62.947	5
2025-11-25 06:50	62.960	63.012	62.957	63.012	5
2025-11-25 06:55	62.995	63.005	62.975	63.002	5
2025-11-25 07:00	63.005	63.005	62.925	63.005	5
2025-11-25 07:05	63.010	63.045	62.987	63.010	5
2025-11-25 07:10	63.005	63.020	62.962	62.970	5
2025-11-25 07:15	62.957	62.965	62.932	62.950	5
2025-11-25 07:20	62.940	62.987	62.927	62.970	5
2025-11-25 07:25	62.975	63.020	62.965	63.012	5
2025-11-25 07:30	63.020	63.020	62.985	62.997	5
2025-11-25 07:35	62.990	62.995	62.965	62.967	5
2025-11-25 07:40	62.960	63.005	62.955	62.967	5
2025-11-25 07:45	62.980	62.982	62.942	62.967	5
2025-11-25 07:50	62.975	63.055	62.947	63.055	5
2025-11-25 07:55	63.040	63.067	63.027	63.067	5
2025-11-25 08:00	63.060	63.085	63.007	63.052	5
2025-11-25 08:05	63.065	63.145	63.060	63.140	5
2025-11-25 08:10	63.132	63.140	63.032	63.032	5
2025-11-25 08:15	63.045	63.050	62.997	63.030	5
2025-11-25 08:20	63.035	63.065	63.012	63.045	5
2025-11-25 08:25	63.040	63.055	62.945	63.007	5
2025-11-25 08:30	63.025	63.082	63.012	63.032	5
2025-11-25 08:35	63.040	63.040	62.802	62.810	5
2025-11-25 08:40	62.800	62.905	62.772	62.860	5
2025-11-25 08:45	62.865	62.865	62.800	62.860	5
2025-11-25 08:50	62.852	62.860	62.792	62.800	5
2025-11-25 08:55	62.802	62.805	62.762	62.790	5
2025-11-25 09:00	62.782	62.840	62.775	62.827	5
2025-11-25 09:05	62.820	62.880	62.762	62.872	5
2025-11-25 09:10	62.880	63.000	62.845	62.980	5
2025-11-25 09:15	62.970	63.005	62.845	62.845	5
2025-11-25 09:20	62.835	62.917	62.792	62.902	5
2025-11-25 09:25	62.907	62.910	62.772	62.812	5
2025-11-25 09:30	62.800	62.910	62.795	62.905	5
2025-11-25 09:35	62.910	62.937	62.872	62.912	5
2025-11-25 09:40	62.925	62.940	62.862	62.902	5
2025-11-25 09:45	62.910	62.950	62.867	62.940	5
2025-11-25 09:50	62.947	62.985	62.927	62.972	5
2025-11-25 09:55	62.985	63.145	62.978	63.130	5
2025-11-25 10:00	63.125	63.225	63.102	63.125	5
2025-11-25 10:05	63.120	63.170	63.090	63.110	5
2025-11-25 10:10	63.105	63.155	63.085	63.090	5
2025-11-25 10:15	63.092	63.110	63.055	63.105	5
2025-11-25 10:20	63.115	63.230	63.110	63.170	5
2025-11-25 10:25	63.155	63.165	63.077	63.097	5
2025-11-25 10:30	63.105	63.205	63.080	63.180	5
2025-11-25 10:35	63.175	63.187	63.132	63.180	5
2025-11-25 10:40	63.175	63.205	63.155	63.185	5
2025-11-25 10:45	63.175	63.215	63.152	63.215	5
2025-11-25 10:50	63.195	63.200	63.135	63.170	5
2025-11-25 10:55	63.175	63.180	63.102	63.130	5
2025-11-25 11:00	63.110	63.230	63.092	63.217	5
2025-11-25 11:05	63.225	63.245	63.177	63.227	5
2025-11-25 11:10	63.225	63.245	63.205	63.210	5
2025-11-25 11:15	63.205	63.285	63.160	63.192	5
2025-11-25 11:20	63.200	63.200	63.097	63.105	5
2025-11-25 11:25	63.095	63.105	63.055	63.075	5
2025-11-25 11:30	63.070	63.090	62.952	62.957	5
2025-11-25 11:35	62.952	63.005	62.923	62.975	5
2025-11-25 11:40	62.980	63.030	62.970	63.025	5
2025-11-25 11:45	63.027	63.040	63.002	63.040	5
2025-11-25 11:50	63.045	63.135	63.030	63.110	5
2025-11-25 11:55	63.100	63.135	63.072	63.095	5
2025-11-25 12:00	63.080	63.135	63.047	63.115	5
2025-11-25 12:05	63.130	63.130	63.085	63.120	5
2025-11-25 12:10	63.125	63.125	63.087	63.105	5
2025-11-25 12:15	63.100	63.130	63.057	63.085	5
2025-11-25 12:20	63.085	63.120	63.067	63.097	5
2025-11-25 12:25	63.105	63.130	63.060	63.060	5
2025-11-25 12:30	63.065	63.115	63.065	63.102	5
2025-11-25 12:35	63.110	63.155	63.082	63.145	5
2025-11-25 12:40	63.135	63.135	61.860	61.967	5
2025-11-25 12:45	61.980	62.227	61.785	62.187	5
2025-11-25 12:50	62.200	62.385	62.140	62.195	5
2025-11-25 12:55	62.180	62.252	62.047	62.205	5
2025-11-25 13:00	62.198	62.340	62.107	62.230	5
2025-11-25 13:05	62.245	62.360	62.182	62.325	5
2025-11-25 13:10	62.315	62.562	62.245	62.467	5
2025-11-25 13:15	62.465	62.565	62.427	62.557	5
2025-11-25 13:20	62.555	62.635	62.480	62.597	5
2025-11-25 13:25	62.602	62.670	62.532	62.540	5
2025-11-25 13:30	62.535	62.535	62.405	62.415	5
2025-11-25 13:35	62.425	62.490	62.405	62.455	5
2025-11-25 13:40	62.450	62.520	62.355	62.390	5
2025-11-25 13:45	62.392	62.412	62.203	62.255	5
2025-11-25 13:50	62.247	62.310	62.222	62.230	5
2025-11-25 13:55	62.225	62.255	62.187	62.197	5
2025-11-25 14:00	62.205	62.220	62.032	62.042	5
2025-11-25 14:05	62.040	62.117	61.962	61.975	5
2025-11-25 14:10	61.965	62.150	61.935	62.110	5
2025-11-25 14:15	62.102	62.197	62.087	62.195	5
2025-11-25 14:20	62.187	62.245	62.172	62.175	5
2025-11-25 14:25	62.162	62.260	62.152	62.175	5
2025-11-25 14:30	62.170	62.220	62.105	62.155	5
2025-11-25 14:35	62.160	62.165	62.025	62.040	5
2025-11-25 14:40	62.035	62.075	61.935	61.975	5
2025-11-25 14:45	61.985	61.985	61.735	61.800	5
2025-11-25 14:50	61.790	61.835	61.715	61.825	5
2025-11-25 14:55	61.835	61.880	61.775	61.810	5
2025-11-25 15:00	61.840	61.960	61.645	61.710	5
2025-11-25 15:05	61.715	61.795	61.650	61.785	5
2025-11-25 15:10	61.790	61.835	61.665	61.695	5
2025-11-25 15:15	61.700	61.770	61.660	61.770	5
2025-11-25 15:20	61.775	61.785	61.705	61.735	5
2025-11-25 15:25	61.740	61.795	61.700	61.775	5
2025-11-25 15:30	61.765	61.845	61.725	61.795	5
2025-11-25 15:35	61.790	61.790	61.680	61.695	5
2025-11-25 15:40	61.705	61.725	61.680	61.700	5
2025-11-25 15:45	61.705	61.735	61.675	61.690	5
2025-11-25 15:50	61.685	61.710	61.645	61.655	5
2025-11-25 15:55	61.650	61.780	61.575	61.715	5
2025-11-25 16:00	61.705	61.810	61.685	61.785	5
2025-11-25 16:05	61.790	62.015	61.775	61.775	5
2025-11-25 16:10	61.780	61.845	61.735	61.765	5
2025-11-25 16:15	61.775	61.920	61.755	61.890	5
2025-11-25 16:20	61.895	62.070	61.890	62.030	5
2025-11-25 16:25	62.025	62.065	61.940	62.045	5
2025-11-25 16:30	62.025	62.075	61.975	62.040	5
2025-11-25 16:35	62.045	62.110	62.000	62.075	5
2025-11-25 16:40	62.085	62.160	62.010	62.135	5
2025-11-25 16:45	62.140	62.150	62.070	62.105	5
2025-11-25 16:50	62.100	62.160	62.045	62.090	5
2025-11-25 16:55	62.100	62.125	62.055	62.090	5
2025-11-25 17:00	62.095	62.255	62.085	62.255	5
2025-11-25 17:05	62.250	62.330	62.225	62.300	5
2025-11-25 17:10	62.290	62.355	62.275	62.335	5
2025-11-25 17:15	62.340	62.385	62.210	62.230	5
2025-11-25 17:20	62.240	62.250	62.165	62.220	5
2025-11-25 17:25	62.225	62.305	62.200	62.235	5
2025-11-25 17:30	62.225	62.250	62.130	62.190	5
2025-11-25 17:35	62.175	62.235	62.175	62.215	5
2025-11-25 17:40	62.205	62.220	62.130	62.150	5
2025-11-25 17:45	62.160	62.240	62.150	62.225	5
2025-11-25 17:50	62.215	62.270	62.210	62.255	5
2025-11-25 17:55	62.260	62.265	62.175	62.190	5
2025-11-25 18:00	62.180	62.305	62.175	62.250	5
2025-11-25 18:05	62.255	62.255	62.195	62.225	5
2025-11-25 18:10	62.230	62.270	62.200	62.235	5
2025-11-25 18:15	62.230	62.260	62.215	62.250	5
2025-11-25 18:20	62.245	62.285	62.235	62.270	5
2025-11-25 18:25	62.265	62.455	62.255	62.310	5
2025-11-25 18:30	62.315	62.330	62.265	62.280	5
2025-11-25 18:35	62.290	62.310	62.200	62.230	5
2025-11-25 18:40	62.225	62.285	62.205	62.220	5
2025-11-25 18:45	62.225	62.300	62.215	62.275	5
2025-11-25 18:50	62.280	62.295	62.255	62.285	5
2025-11-25 18:55	62.280	62.305	62.270	62.290	5
2025-11-25 19:00	62.285	62.370	62.265	62.360	5
2025-11-25 19:05	62.355	62.420	62.330	62.405	5
2025-11-25 19:10	62.410	62.425	62.345	62.345	5
2025-11-25 19:15	62.355	62.425	62.350	62.370	5
2025-11-25 19:20	62.375	62.425	62.355	62.420	5
2025-11-25 19:25	62.415	62.545	62.385	62.545	5
2025-11-25 19:30	62.540	62.565	62.400	62.455	5
2025-11-25 19:35	62.460	62.475	62.285	62.290	5
2025-11-25 19:40	62.285	62.335	62.235	62.280	5
2025-11-25 19:45	62.285	62.397	62.205	62.380	5
2025-11-25 19:50	62.390	62.455	62.380	62.395	5
2025-11-25 19:55	62.390	62.405	62.330	62.335	5
2025-11-25 20:00	62.340	62.415	62.340	62.415	5
2025-11-25 20:05	62.420	62.505	62.410	62.500	5
2025-11-25 20:10	62.495	62.505	62.485	62.485	5
2025-11-25 20:15	62.480	62.540	62.480	62.535	5
2025-11-25 20:20	62.530	62.615	62.530	62.605	5
2025-11-25 20:25	62.615	62.615	62.580	62.605	5
2025-11-25 20:30	62.620	62.675	62.615	62.615	5
2025-11-25 20:35	62.620	62.620	62.590	62.590	5
2025-11-25 20:40	62.595	62.610	62.580	62.585	4
2025-11-25 20:45	62.595	62.595	62.495	62.495	5
2025-11-25 20:50	62.510	62.510	62.435	62.465	5
2025-11-25 20:55	62.475	62.485	62.455	62.475	5
2025-11-25 21:00	62.452	62.467	62.402	62.412	5
2025-11-25 21:05	62.417	62.442	62.417	62.442	5
2025-11-25 21:10	62.437	62.442	62.432	62.437	3
2025-11-25 21:15	62.442	62.442	62.402	62.432	4
2025-11-25 21:20	62.442	62.487	62.432	62.482	4
2025-11-25 21:25	62.517	62.537	62.517	62.532	4
2025-11-25 21:30	62.537	62.562	62.527	62.532	4
2025-11-25 21:35	62.527	62.552	62.517	62.547	5
2025-11-26 01:00	61.907	61.930	61.830	61.915	5
2025-11-26 01:05	61.920	61.990	61.915	61.975	5
2025-11-26 01:10	61.965	61.975	61.932	61.935	5
2025-11-26 01:15	61.940	61.955	61.920	61.920	5
2025-11-26 01:20	61.922	61.950	61.902	61.912	5
2025-11-26 01:25	61.920	61.945	61.917	61.922	5
2025-11-26 01:30	61.930	61.930	61.882	61.892	5
2025-11-26 01:35	61.905	61.915	61.890	61.902	5
2025-11-26 01:40	61.907	61.915	61.882	61.907	5
2025-11-26 01:45	61.912	61.952	61.910	61.952	5
2025-11-26 01:50	61.945	61.975	61.912	61.955	5
2025-11-26 01:55	61.950	61.952	61.897	61.920	5
2025-11-26 02:00	61.925	61.925	61.902	61.910	5
2025-11-26 02:05	61.915	61.915	61.862	61.895	5
2025-11-26 02:10	61.900	61.907	61.852	61.860	5
2025-11-26 02:15	61.865	61.915	61.865	61.875	5
2025-11-26 02:20	61.880	61.880	61.852	61.872	5
2025-11-26 02:25	61.880	61.935	61.877	61.927	5
2025-11-26 02:30	61.932	61.975	61.922	61.955	5
2025-11-26 02:35	61.960	61.985	61.952	61.982	5
2025-11-26 02:40	62.010	62.035	62.007	62.035	4
2025-11-26 02:45	62.045	62.075	62.027	62.075	5
2025-11-26 02:50	62.090	62.092	62.015	62.030	5
2025-11-26 02:55	62.035	62.040	61.997	62.015	5
2025-11-26 03:00	62.005	62.030	61.997	62.000	5
2025-11-26 03:05	62.002	62.025	61.990	62.010	5
2025-11-26 03:10	62.002	62.050	62.002	62.045	5
2025-11-26 03:15	62.035	62.040	62.018	62.032	4
2025-11-26 03:20	62.025	62.025	61.992	62.000	4
2025-11-26 03:25	61.992	62.025	61.992	62.012	5
2025-11-26 03:30	62.005	62.005	61.972	61.972	5
2025-11-26 03:35	61.980	62.005	61.972	61.998	4
2025-11-26 03:40	62.005	62.020	62.000	62.015	5
2025-11-26 03:45	62.020	62.035	62.012	62.025	4
2025-11-26 03:50	62.015	62.022	62.012	62.012	4
2025-11-26 03:55	62.010	62.025	62.010	62.020	5
2025-11-26 04:00	62.015	62.045	62.015	62.042	3
2025-11-26 04:05	62.055	62.055	62.032	62.040	4
2025-11-26 04:10	62.035	62.045	62.025	62.035	4
2025-11-26 04:15	62.040	62.052	62.037	62.037	4
2025-11-26 04:20	62.045	62.050	62.032	62.032	3
2025-11-26 04:25	62.030	62.035	62.025	62.025	4
2025-11-26 04:30	62.018	62.025	62.018	62.025	1
2025-11-26 04:35	62.015	62.045	62.012	62.037	4
2025-11-26 04:40	62.042	62.042	62.018	62.018	4
2025-11-26 04:45	62.030	62.035	62.028	62.028	2
2025-11-26 04:50	62.040	62.045	62.028	62.028	4
2025-11-26 04:55	62.035	62.035	62.002	62.005	4
2025-11-26 05:00	62.010	62.030	62.005	62.012	5
2025-11-26 05:05	62.025	62.042	62.022	62.035	5
2025-11-26 05:10	62.040	62.060	62.032	62.045	5
2025-11-26 05:15	62.040	62.045	62.037	62.037	2
2025-11-26 05:20	62.038	62.040	62.022	62.022	2
2025-11-26 05:25	62.020	62.020	61.982	61.985	5
2025-11-26 05:30	61.992	62.015	61.962	61.975	5
2025-11-26 05:35	61.985	62.015	61.982	62.002	5
2025-11-26 05:40	62.000	62.005	61.975	61.992	5
2025-11-26 05:45	61.985	61.990	61.962	61.972	5
2025-11-26 05:50	61.980	62.015	61.980	62.002	5
2025-11-26 05:55	61.992	62.025	61.992	62.005	5
2025-11-26 06:00	62.000	62.025	61.985	62.007	5
2025-11-26 06:05	62.012	62.030	61.992	62.005	5
2025-11-26 06:10	62.010	62.055	62.007	62.007	5
2025-11-26 06:15	62.015	62.035	61.990	62.030	5
2025-11-26 06:20	62.035	62.035	62.002	62.025	4
2025-11-26 06:25	62.030	62.045	62.020	62.045	5
2025-11-26 06:30	62.040	62.055	62.032	62.052	5
2025-11-26 06:35	62.045	62.075	62.032	62.035	5
2025-11-26 06:40	62.045	62.045	61.970	61.977	5
2025-11-26 06:45	61.985	61.995	61.922	61.935	5
2025-11-26 06:50	61.930	61.970	61.922	61.952	5
2025-11-26 06:55	61.960	61.965	61.925	61.942	5
2025-11-26 07:00	61.950	62.075	61.942	62.000	5
2025-11-26 07:05	62.005	62.125	61.992	62.115	5
2025-11-26 07:10	62.105	62.145	62.082	62.087	5
2025-11-26 07:15	62.085	62.085	61.975	62.000	5
2025-11-26 07:20	62.005	62.025	61.892	61.900	5
2025-11-26 07:25	61.892	61.940	61.872	61.912	5
2025-11-26 07:30	61.905	61.910	61.832	61.832	5
2025-11-26 07:35	61.850	61.885	61.840	61.852	4
2025-11-26 07:40	61.835	61.855	61.812	61.845	5
2025-11-26 07:45	61.845	61.855	61.762	61.782	5
2025-11-26 07:50	61.775	61.785	61.695	61.695	5
2025-11-26 07:55	61.705	61.735	61.675	61.692	5
2025-11-26 08:00	61.698	61.775	61.698	61.772	5
2025-11-26 08:05	61.780	61.812	61.742	61.772	5
2025-11-26 08:10	61.785	61.795	61.730	61.735	5
2025-11-26 08:15	61.745	61.755	61.630	61.652	5
2025-11-26 08:20	61.665	61.675	61.612	61.672	5
2025-11-26 08:25	61.665	61.680	61.562	61.635	5
2025-11-26 08:30	61.625	61.655	61.542	61.582	5
2025-11-26 08:35	61.590	61.597	61.512	61.555	5
2025-11-26 08:40	61.550	61.685	61.550	61.680	5
2025-11-26 08:45	61.695	61.760	61.645	61.715	5
2025-11-26 08:50	61.717	61.835	61.712	61.802	5
2025-11-26 08:55	61.800	61.895	61.782	61.825	5
2025-11-26 09:00	61.822	61.885	61.782	61.792	5
2025-11-26 09:05	61.815	61.875	61.765	61.872	5
2025-11-26 09:10	61.870	61.925	61.810	61.815	5
2025-11-26 09:15	61.805	61.900	61.792	61.882	5
2025-11-26 09:20	61.875	61.885	61.825	61.882	5
2025-11-26 09:25	61.895	61.895	61.772	61.775	5
2025-11-26 09:30	61.785	61.815	61.702	61.740	5
2025-11-26 09:35	61.742	61.840	61.712	61.832	5
2025-11-26 09:40	61.845	61.925	61.845	61.892	5
2025-11-26 09:45	61.880	61.900	61.812	61.812	5
2025-11-26 09:50	61.820	61.885	61.760	61.762	5
2025-11-26 09:55	61.767	61.850	61.767	61.810	5
2025-11-26 10:00	61.803	61.825	61.725	61.740	5
2025-11-26 10:05	61.745	61.755	61.635	61.690	5
2025-11-26 10:10	61.685	61.685	61.632	61.635	5
2025-11-26 10:15	61.625	61.715	61.612	61.652	5
2025-11-26 10:20	61.665	61.675	61.542	61.575	5
2025-11-26 10:25	61.580	61.610	61.532	61.535	5
2025-11-26 10:30	61.545	61.675	61.540	61.650	5
2025-11-26 10:35	61.652	61.765	61.642	61.732	5
2025-11-26 10:40	61.725	61.835	61.722	61.787	5
2025-11-26 10:45	61.785	61.800	61.735	61.745	5
2025-11-26 10:50	61.755	61.830	61.752	61.792	5
2025-11-26 10:55	61.790	61.805	61.772	61.787	5
2025-11-26 11:00	61.795	61.795	61.732	61.785	5
2025-11-26 11:05	61.775	61.875	61.762	61.847	5
2025-11-26 11:10	61.855	61.860	61.822	61.837	5
2025-11-26 11:15	61.835	61.845	61.732	61.810	5
2025-11-26 11:20	61.815	61.845	61.802	61.832	5
2025-11-26 11:25	61.840	61.855	61.822	61.852	5
2025-11-26 11:30	61.860	62.075	61.855	62.012	5
2025-11-26 11:35	62.005	62.040	61.992	61.992	5
2025-11-26 11:40	61.990	61.995	61.872	61.892	5
2025-11-26 11:45	61.905	61.907	61.782	61.862	5
2025-11-26 11:50	61.867	61.867	61.723	61.790	5
2025-11-26 11:55	61.792	61.835	61.768	61.802	5
2025-11-26 12:00	61.792	61.845	61.752	61.815	5
2025-11-26 12:05	61.805	61.835	61.772	61.805	5
2025-11-26 12:10	61.815	61.875	61.805	61.810	5
2025-11-26 12:15	61.805	61.815	61.712	61.712	5
2025-11-26 12:20	61.705	61.705	61.602	61.642	5
2025-11-26 12:25	61.655	61.695	61.635	61.650	5
2025-11-26 12:30	61.655	61.705	61.642	61.652	5
2025-11-26 12:35	61.645	61.705	61.642	61.680	5
2025-11-26 12:40	61.685	61.735	61.595	61.610	5
2025-11-26 12:45	61.612	61.670	61.602	61.647	5
2025-11-26 12:50	61.655	61.670	61.612	61.645	5
2025-11-26 12:55	61.635	61.670	61.622	61.660	5
2025-11-26 13:00	61.660	61.762	61.652	61.705	5
2025-11-26 13:05	61.695	61.745	61.685	61.730	5
2025-11-26 13:10	61.735	61.750	61.707	61.722	5
2025-11-26 13:15	61.735	61.755	61.682	61.695	5
2025-11-26 13:20	61.700	61.775	61.685	61.772	5
2025-11-26 13:25	61.770	61.775	61.715	61.762	5
2025-11-26 13:30	61.755	61.785	61.722	61.762	5
2025-11-26 13:35	61.775	61.805	61.740	61.805	5
2025-11-26 13:40	61.810	61.860	61.792	61.815	5
2025-11-26 13:45	61.805	61.845	61.792	61.842	5
2025-11-26 13:50	61.855	61.875	61.810	61.845	5
2025-11-26 13:55	61.850	61.850	61.795	61.812	5
2025-11-26 14:00	61.810	61.815	61.692	61.732	5
2025-11-26 14:05	61.725	61.810	61.692	61.797	5
2025-11-26 14:10	61.795	61.795	61.722	61.750	5
2025-11-26 14:15	61.755	61.765	61.692	61.705	5
2025-11-26 14:20	61.695	61.715	61.642	61.650	5
2025-11-26 14:25	61.645	61.645	61.555	61.562	5
2025-11-26 14:30	61.575	61.655	61.572	61.645	5
2025-11-26 14:35	61.655	61.775	61.632	61.765	5
2025-11-26 14:40	61.770	61.835	61.762	61.772	5
2025-11-26 14:45	61.765	61.795	61.677	61.692	5
2025-11-26 14:50	61.705	61.705	61.595	61.617	5
2025-11-26 14:55	61.605	61.715	61.592	61.690	5
2025-11-26 15:00	61.692	61.742	61.665	61.715	5
2025-11-26 15:05	61.725	61.800	61.722	61.792	5
2025-11-26 15:10	61.785	61.795	61.712	61.742	5
2025-11-26 15:15	61.755	61.755	61.702	61.725	5
2025-11-26 15:20	61.720	61.885	61.712	61.862	5
2025-11-26 15:25	61.860	61.860	61.785	61.840	5
2025-11-26 15:30	61.815	61.895	61.677	61.865	5
2025-11-26 15:35	61.872	61.895	61.802	61.845	5
2025-11-26 15:40	61.850	61.865	61.742	61.752	5
2025-11-26 15:45	61.745	61.790	61.705	61.752	5
2025-11-26 15:50	61.775	61.805	61.742	61.760	5
2025-11-26 15:55	61.755	61.825	61.732	61.792	5
2025-11-26 16:00	61.798	61.880	61.772	61.867	5
2025-11-26 16:05	61.875	61.875	61.772	61.812	5
2025-11-26 16:10	61.805	61.815	61.735	61.792	5
2025-11-26 16:15	61.805	61.855	61.802	61.825	5
2025-11-26 16:20	61.835	61.885	61.770	61.802	5
2025-11-26 16:25	61.815	61.905	61.792	61.885	5
2025-11-26 16:30	61.875	61.885	61.822	61.872	5
2025-11-26 16:35	61.865	61.875	61.712	61.742	5
2025-11-26 16:40	61.755	62.005	61.730	61.957	5
2025-11-26 16:45	61.970	61.975	61.865	61.922	5
2025-11-26 16:50	61.927	62.105	61.902	62.082	5
2025-11-26 16:55	62.080	62.185	62.062	62.180	5
2025-11-26 17:00	62.175	62.255	62.112	62.122	5
2025-11-26 17:05	62.130	62.195	62.082	62.192	5
2025-11-26 17:10	62.205	62.225	62.135	62.145	5
2025-11-26 17:15	62.130	62.135	62.022	62.022	5
2025-11-26 17:20	62.012	62.135	62.012	62.127	5
2025-11-26 17:25	62.140	62.145	62.002	62.012	5
2025-11-26 17:30	62.005	62.025	61.922	61.995	5
2025-11-26 17:35	61.997	62.045	61.982	62.015	5
2025-11-26 17:40	62.000	62.035	61.942	62.025	5
2025-11-26 17:45	62.020	62.045	61.937	61.947	5
2025-11-26 17:50	61.950	61.985	61.912	61.962	5
2025-11-26 17:55	61.955	61.975	61.882	61.912	5
2025-11-26 18:00	61.920	61.965	61.902	61.932	5
2025-11-26 18:05	61.945	61.955	61.832	61.855	5
2025-11-26 18:10	61.845	61.935	61.822	61.915	5
2025-11-26 18:15	61.920	62.015	61.890	61.982	5
2025-11-26 18:20	61.987	62.055	61.932	62.045	5
2025-11-26 18:25	62.042	62.185	62.032	62.185	5
2025-11-26 18:30	62.175	62.185	62.102	62.122	5
2025-11-26 18:35	62.135	62.145	62.050	62.062	5
2025-11-26 18:40	62.055	62.130	62.052	62.095	5
2025-11-26 18:45	62.085	62.135	62.062	62.102	5
2025-11-26 18:50	62.110	62.205	62.102	62.205	5
2025-11-26 18:55	62.200	62.200	62.142	62.195	5
2025-11-26 19:00	62.185	62.325	62.180	62.315	5
2025-11-26 19:05	62.305	62.307	62.247	62.265	5
2025-11-26 19:10	62.275	62.345	62.272	62.332	5
2025-11-26 19:15	62.345	62.445	62.315	62.435	5
2025-11-26 19:20	62.445	62.495	62.432	62.442	5
2025-11-26 19:25	62.435	62.565	62.410	62.555	5
2025-11-26 19:30	62.552	62.552	62.402	62.442	5
2025-11-26 19:35	62.450	62.465	62.397	62.402	5
2025-11-26 19:40	62.415	62.415	62.370	62.390	5
2025-11-26 19:45	62.395	62.445	62.382	62.430	5
2025-11-26 19:50	62.425	62.450	62.425	62.440	5
2025-11-26 19:55	62.435	62.465	62.432	62.462	5
2025-11-26 20:00	62.455	62.575	62.452	62.575	5
2025-11-26 20:05	62.570	62.575	62.532	62.562	5
2025-11-26 20:10	62.560	62.565	62.532	62.565	5
2025-11-26 20:15	62.567	62.585	62.552	62.552	3
2025-11-26 20:20	62.560	62.565	62.502	62.515	5
2025-11-26 20:25	62.525	62.535	62.502	62.510	5
2025-11-26 20:30	62.505	62.527	62.480	62.505	5
2025-11-26 20:35	62.500	62.525	62.497	62.497	4
2025-11-26 20:40	62.495	62.525	62.492	62.502	4
2025-11-26 20:45	62.500	62.505	62.445	62.452	5
2025-11-26 20:50	62.447	62.460	62.435	62.445	5
2025-11-26 20:55	62.440	62.455	62.417	62.425	4
2025-11-26 21:00	62.402	62.442	62.402	62.442	5
2025-11-26 21:05	62.442	62.472	62.402	62.412	5
2025-11-26 21:10	62.412	62.412	62.392	62.392	5
2025-11-26 21:15	62.382	62.407	62.372	62.402	5
2025-11-26 21:20	62.392	62.412	62.382	62.412	4
2025-11-26 21:25	62.412	62.412	62.402	62.407	5
2025-11-26 21:30	62.402	62.422	62.402	62.417	3
2025-11-26 21:35	62.417	62.427	62.407	62.407	4
2025-11-26 21:40	62.417	62.422	62.402	62.412	5
2025-11-26 21:45	62.417	62.422	62.382	62.392	5
2025-11-26 21:50	62.392	62.393	62.372	62.372	4
2025-11-26 21:55	62.377	62.392	62.372	62.387	3
2025-11-27 01:00	62.392	62.415	62.320	62.345	5
2025-11-27 01:05	62.340	62.350	62.262	62.277	5
2025-11-27 01:10	62.285	62.300	62.242	62.247	5
2025-11-27 01:15	62.245	62.252	62.202	62.210	5
2025-11-27 01:20	62.220	62.240	62.202	62.220	5
2025-11-27 01:25	62.225	62.235	62.197	62.205	5
2025-11-27 01:30	62.200	62.205	62.172	62.185	5
2025-11-27 01:35	62.180	62.195	62.152	62.190	5
2025-11-27 01:40	62.195	62.195	62.162	62.175	5
2025-11-27 01:45	62.170	62.170	62.132	62.155	5
2025-11-27 01:50	62.160	62.175	62.142	62.162	4
2025-11-27 01:55	62.155	62.170	62.142	62.165	4
2025-11-27 02:00	62.175	62.230	62.175	62.212	5
2025-11-27 02:05	62.220	62.245	62.202	62.232	5
2025-11-27 02:10	62.225	62.295	62.225	62.265	5
2025-11-27 02:15	62.270	62.270	62.222	62.230	5
2025-11-27 02:20	62.235	62.240	62.225	62.225	3
2025-11-27 02:25	62.220	62.225	62.195	62.212	5
2025-11-27 02:30	62.205	62.210	62.177	62.202	5
2025-11-27 02:35	62.207	62.240	62.207	62.225	5
2025-11-27 02:40	62.227	62.240	62.218	62.218	5
2025-11-27 02:45	62.225	62.245	62.212	62.242	4
2025-11-27 02:50	62.240	62.250	62.230	62.237	5
2025-11-27 02:55	62.235	62.235	62.207	62.212	4
2025-11-27 03:00	62.205	62.220	62.197	62.202	5
2025-11-27 03:05	62.197	62.205	62.182	62.182	4
2025-11-27 03:10	62.177	62.205	62.177	62.202	4
2025-11-27 03:15	62.200	62.245	62.200	62.242	4
2025-11-27 03:20	62.250	62.250	62.212	62.230	4
2025-11-27 03:25	62.235	62.235	62.202	62.207	5
2025-11-27 03:30	62.215	62.215	62.152	62.162	5
2025-11-27 03:35	62.175	62.200	62.162	62.182	5
2025-11-27 03:40	62.187	62.190	62.162	62.167	5
2025-11-27 03:45	62.175	62.175	62.125	62.130	4
2025-11-27 03:50	62.135	62.155	62.122	62.142	4
2025-11-27 03:55	62.150	62.175	62.150	62.172	4
2025-11-27 04:00	62.165	62.165	62.152	62.152	5
2025-11-27 04:05	62.160	62.170	62.152	62.160	3
2025-11-27 04:10	62.162	62.175	62.162	62.170	4
2025-11-27 04:15	62.162	62.175	62.158	62.170	5
2025-11-27 04:20	62.162	62.162	62.142	62.142	2
2025-11-27 04:25	62.155	62.155	62.142	62.142	3
2025-11-27 04:30	62.138	62.155	62.128	62.128	4
2025-11-27 04:35	62.135	62.195	62.135	62.182	5
2025-11-27 04:40	62.180	62.180	62.165	62.165	4
2025-11-27 04:45	62.158	62.175	62.155	62.162	3
2025-11-27 04:50	62.158	62.165	62.125	62.130	4
2025-11-27 04:55	62.135	62.135	62.128	62.135	4
2025-11-27 05:00	62.145	62.165	62.142	62.165	3
2025-11-27 05:05	62.170	62.175	62.162	62.162	3
2025-11-27 05:10	62.170	62.180	62.170	62.172	3
2025-11-27 05:15	62.170	62.185	62.157	62.165	4
2025-11-27 05:20	62.170	62.215	62.170	62.215	5
2025-11-27 05:25	62.205	62.215	62.182	62.182	5
2025-11-27 05:30	62.187	62.195	62.170	62.185	5
2025-11-27 05:35	62.180	62.195	62.162	62.195	4
2025-11-27 05:40	62.190	62.190	62.172	62.187	5
2025-11-27 05:45	62.192	62.192	62.152	62.152	5
2025-11-27 05:50	62.157	62.192	62.157	62.185	5
2025-11-27 05:55	62.180	62.202	62.175	62.192	5
2025-11-27 06:00	62.200	62.205	62.162	62.162	5
2025-11-27 06:05	62.167	62.205	62.167	62.205	4
2025-11-27 06:10	62.210	62.240	62.205	62.225	5
2025-11-27 06:15	62.227	62.235	62.205	62.232	5
2025-11-27 06:20	62.230	62.265	62.227	62.250	5
2025-11-27 06:25	62.255	62.260	62.235	62.260	4
2025-11-27 06:30	62.262	62.265	62.240	62.245	4
2025-11-27 06:35	62.250	62.250	62.192	62.197	5
2025-11-27 06:40	62.195	62.210	62.182	62.182	5
2025-11-27 06:45	62.190	62.222	62.182	62.222	5
2025-11-27 06:50	62.230	62.240	62.215	62.240	4
2025-11-27 06:55	62.232	62.275	62.232	62.257	5
2025-11-27 07:00	62.265	62.380	62.262	62.375	5
2025-11-27 07:05	62.360	62.395	62.335	62.395	5
2025-11-27 07:10	62.392	62.405	62.320	62.362	5
2025-11-27 07:15	62.375	62.435	62.362	62.430	5
2025-11-27 07:20	62.425	62.475	62.402	62.455	5
2025-11-27 07:25	62.460	62.460	62.412	62.422	5
2025-11-27 07:30	62.432	62.435	62.392	62.405	5
2025-11-27 07:35	62.395	62.425	62.382	62.415	5
2025-11-27 07:40	62.420	62.457	62.415	62.452	5
2025-11-27 07:45	62.460	62.475	62.442	62.452	5
2025-11-27 07:50	62.465	62.465	62.422	62.440	5
2025-11-27 07:55	62.445	62.465	62.435	62.445	5
2025-11-27 08:00	62.450	62.465	62.432	62.455	5
2025-11-27 08:05	62.460	62.495	62.457	62.470	5
2025-11-27 08:10	62.475	62.495	62.432	62.472	5
2025-11-27 08:15	62.465	62.475	62.432	62.445	5
2025-11-27 08:20	62.450	62.470	62.402	62.422	5
2025-11-27 08:25	62.425	62.545	62.395	62.495	5
2025-11-27 08:30	62.492	62.545	62.432	62.440	5
2025-11-27 08:35	62.442	62.495	62.432	62.442	5
2025-11-27 08:40	62.435	62.545	62.432	62.532	5
2025-11-27 08:45	62.540	62.550	62.505	62.512	5
2025-11-27 08:50	62.525	62.600	62.525	62.582	5
2025-11-27 08:55	62.590	62.615	62.552	62.557	5
2025-11-27 09:00	62.565	62.580	62.492	62.570	5
2025-11-27 09:05	62.565	62.575	62.512	62.520	5
2025-11-27 09:10	62.522	62.535	62.492	62.512	5
2025-11-27 09:15	62.525	62.540	62.455	62.522	5
2025-11-27 09:20	62.515	62.520	62.452	62.462	5
2025-11-27 09:25	62.475	62.545	62.452	62.522	5
2025-11-27 09:30	62.530	62.547	62.495	62.542	5
2025-11-27 09:35	62.535	62.555	62.512	62.515	5
2025-11-27 09:40	62.505	62.535	62.492	62.492	5
2025-11-27 09:45	62.500	62.545	62.495	62.532	4
2025-11-27 09:50	62.525	62.535	62.512	62.525	5
2025-11-27 09:55	62.515	62.582	62.510	62.582	5
2025-11-27 10:00	62.580	62.585	62.512	62.552	5
2025-11-27 10:05	62.550	62.550	62.452	62.475	5
2025-11-27 10:10	62.485	62.565	62.482	62.545	5
2025-11-27 10:15	62.535	62.555	62.492	62.532	5
2025-11-27 10:20	62.525	62.545	62.482	62.492	5
2025-11-27 10:25	62.485	62.525	62.482	62.512	5
2025-11-27 10:30	62.525	62.575	62.512	62.562	5
2025-11-27 10:35	62.570	62.572	62.522	62.545	5
2025-11-27 10:40	62.555	62.625	62.552	62.620	5
2025-11-27 10:45	62.625	62.635	62.602	62.615	5
2025-11-27 10:50	62.610	62.615	62.542	62.560	5
2025-11-27 10:55	62.552	62.665	62.552	62.652	5
2025-11-27 11:00	62.645	62.660	62.620	62.630	5
2025-11-27 11:05	62.632	62.675	62.622	62.662	5
2025-11-27 11:10	62.660	62.675	62.622	62.632	5
2025-11-27 11:15	62.640	62.655	62.627	62.640	5
2025-11-27 11:20	62.642	62.685	62.642	62.685	5
2025-11-27 11:25	62.677	62.685	62.652	62.652	5
2025-11-27 11:30	62.660	62.685	62.652	62.682	5
2025-11-27 11:35	62.695	62.725	62.682	62.720	4
2025-11-27 11:40	62.712	62.742	62.692	62.712	5
2025-11-27 11:45	62.705	62.725	62.642	62.652	5
2025-11-27 11:50	62.650	62.650	62.582	62.615	5
2025-11-27 11:55	62.622	62.665	62.615	62.617	5
2025-11-27 12:00	62.615	62.640	62.605	62.630	5
2025-11-27 12:05	62.625	62.685	62.622	62.682	5
2025-11-27 12:10	62.695	62.715	62.682	62.715	5
2025-11-27 12:15	62.735	62.735	62.675	62.695	5
2025-11-27 12:20	62.700	62.745	62.695	62.742	4
2025-11-27 12:25	62.750	62.750	62.672	62.672	5
2025-11-27 12:30	62.695	62.700	62.675	62.692	5
2025-11-27 12:35	62.690	62.710	62.667	62.690	5
2025-11-27 12:40	62.685	62.702	62.672	62.702	5
2025-11-27 12:45	62.700	62.705	62.652	62.655	4
2025-11-27 12:50	62.650	62.695	62.645	62.695	5
2025-11-27 12:55	62.685	62.690	62.662	62.662	5
2025-11-27 13:00	62.670	62.670	62.600	62.635	5
2025-11-27 13:05	62.625	62.645	62.602	62.610	5
2025-11-27 13:10	62.615	62.660	62.605	62.650	5
2025-11-27 13:15	62.655	62.655	62.612	62.625	5
2025-11-27 13:20	62.635	62.700	62.632	62.695	5
2025-11-27 13:25	62.685	62.735	62.543	62.595	5
2025-11-27 13:30	62.600	62.610	62.327	62.370	5
2025-11-27 13:35	62.362	62.475	62.352	62.460	5
2025-11-27 13:40	62.452	62.545	62.450	62.495	5
2025-11-27 13:45	62.490	62.535	62.430	62.500	5
2025-11-27 13:50	62.502	62.530	62.442	62.465	5
2025-11-27 13:55	62.457	62.492	62.445	62.475	5
2025-11-27 14:00	62.485	62.645	62.457	62.632	5
2025-11-27 14:05	62.640	62.755	62.612	62.645	5
2025-11-27 14:10	62.650	62.672	62.602	62.615	5
2025-11-27 14:15	62.620	62.625	62.562	62.590	5
2025-11-27 14:20	62.585	62.612	62.572	62.585	5
2025-11-27 14:25	62.575	62.595	62.555	62.585	5
2025-11-27 14:30	62.590	62.605	62.557	62.592	5
2025-11-27 14:35	62.575	62.625	62.572	62.615	5
2025-11-27 14:40	62.605	62.625	62.585	62.600	5
2025-11-27 14:45	62.592	62.612	62.552	62.552	5
2025-11-27 14:50	62.545	62.580	62.532	62.567	5
2025-11-27 14:55	62.562	62.615	62.562	62.572	5
2025-11-27 15:00	62.585	62.635	62.562	62.602	5
2025-11-27 15:05	62.595	62.625	62.572	62.625	5
2025-11-27 15:10	62.615	62.655	62.612	62.642	5
2025-11-27 15:15	62.650	62.675	62.627	62.635	5
2025-11-27 15:20	62.640	62.665	62.632	62.642	5
2025-11-27 15:25	62.665	62.665	62.622	62.622	5
2025-11-27 15:30	62.630	62.655	62.615	62.632	5
2025-11-27 15:35	62.625	62.625	62.565	62.590	5
2025-11-27 15:40	62.582	62.610	62.582	62.605	5
2025-11-27 15:45	62.595	62.665	62.595	62.635	5
2025-11-27 15:50	62.630	62.685	62.625	62.682	5
2025-11-27 15:55	62.680	62.685	62.632	62.662	5
2025-11-27 16:00	62.655	62.680	62.652	62.672	5
2025-11-27 16:05	62.665	62.705	62.652	62.705	5
2025-11-27 16:10	62.715	62.725	62.682	62.715	5
2025-11-27 16:15	62.725	62.795	62.715	62.772	5
2025-11-27 16:20	62.765	62.785	62.722	62.762	5
2025-11-27 16:25	62.755	62.755	62.692	62.722	5
2025-11-27 16:30	62.715	62.755	62.655	62.742	5
2025-11-27 16:35	62.752	62.765	62.715	62.732	5
2025-11-27 16:40	62.730	62.730	62.660	62.675	5
2025-11-27 16:45	62.670	62.675	62.625	62.625	5
2025-11-27 16:50	62.635	62.655	62.602	62.610	5
2025-11-27 16:55	62.602	62.655	62.590	62.655	5
2025-11-27 17:00	62.645	62.715	62.642	62.695	5
2025-11-27 17:05	62.685	62.695	62.642	62.675	5
2025-11-27 17:10	62.662	62.685	62.642	62.642	4
2025-11-27 17:15	62.635	62.675	62.625	62.632	5
2025-11-27 17:20	62.625	62.645	62.592	62.605	5
2025-11-27 17:25	62.600	62.635	62.600	62.630	5
2025-11-27 17:30	62.635	62.675	62.612	62.672	5
2025-11-27 17:35	62.665	62.680	62.645	62.650	5
2025-11-27 17:40	62.645	62.695	62.645	62.685	5
2025-11-27 17:45	62.690	62.732	62.690	62.715	4
2025-11-27 17:50	62.710	62.787	62.710	62.752	5
2025-11-27 17:55	62.765	62.865	62.760	62.855	5
2025-11-27 18:00	62.845	62.860	62.832	62.832	5
2025-11-27 18:05	62.840	62.905	62.833	62.895	5
2025-11-27 18:10	62.915	62.925	62.895	62.902	5
2025-11-27 18:15	62.900	62.935	62.892	62.922	5
2025-11-27 18:20	62.930	62.935	62.900	62.922	4
2025-11-27 18:25	62.905	62.935	62.902	62.910	3
2025-11-28 01:00	62.787	62.885	62.787	62.882	5
2025-11-28 01:05	62.880	62.890	62.852	62.865	5
2025-11-28 01:10	62.845	62.865	62.842	62.862	5
2025-11-28 01:15	62.875	62.915	62.802	62.802	5
2025-11-28 01:20	62.795	62.850	62.795	62.835	5
2025-11-28 01:25	62.840	62.840	62.792	62.795	5
2025-11-28 01:30	62.800	62.830	62.792	62.825	5
2025-11-28 01:35	62.830	62.835	62.692	62.720	5
2025-11-28 01:40	62.715	62.790	62.715	62.782	5
2025-11-28 01:45	62.780	62.800	62.772	62.790	5
2025-11-28 01:50	62.795	62.795	62.775	62.780	5
2025-11-28 01:55	62.785	62.792	62.772	62.785	5
2025-11-28 02:00	62.790	62.840	62.775	62.835	5
2025-11-28 02:05	62.830	62.855	62.825	62.832	5
2025-11-28 02:10	62.840	62.855	62.812	62.847	4
2025-11-28 02:15	62.870	62.870	62.842	62.865	5
2025-11-28 02:20	62.858	62.870	62.842	62.860	5
2025-11-28 02:25	62.862	62.885	62.855	62.885	5
2025-11-28 02:30	62.875	62.885	62.842	62.852	5
2025-11-28 02:35	62.850	62.862	62.845	62.860	4
2025-11-28 02:40	62.852	62.885	62.832	62.882	5
2025-11-28 02:45	62.885	62.915	62.882	62.902	5
2025-11-28 02:50	62.898	62.915	62.898	62.915	3
2025-11-28 02:55	62.935	62.935	62.892	62.910	3
2025-11-28 03:00	62.905	62.927	62.898	62.922	5
2025-11-28 03:05	62.930	62.935	62.912	62.922	5
2025-11-28 03:10	62.935	62.935	62.930	62.932	3
2025-11-28 03:15	62.928	63.022	62.917	63.015	5
2025-11-28 03:20	63.000	63.090	62.997	63.080	5
2025-11-28 03:25	63.082	63.100	63.052	63.070	5
2025-11-28 03:30	63.072	63.075	63.037	63.042	5
2025-11-28 03:35	63.055	63.055	63.017	63.032	5
2025-11-28 03:40	63.030	63.035	63.012	63.025	5
2025-11-28 03:45	63.035	63.035	63.003	63.020	5
2025-11-28 03:50	63.022	63.025	63.013	63.013	5
2025-11-28 03:55	63.012	63.015	62.993	62.993	5
2025-11-28 04:00	63.000	63.000	62.987	62.987	3
2025-11-28 04:05	62.985	63.000	62.972	62.977	5
2025-11-28 04:10	62.985	63.000	62.978	62.995	5
2025-11-28 04:15	63.000	63.010	62.985	63.005	5
2025-11-28 04:20	62.998	62.998	62.998	62.998	1
2025-11-28 04:30	63.015	63.022	63.015	63.018	3
2025-11-28 04:35	63.025	63.025	63.018	63.018	2
2025-11-28 04:40	63.025	63.055	63.025	63.045	4
2025-11-28 04:45	63.040	63.095	63.038	63.085	4
2025-11-28 04:50	63.078	63.100	63.078	63.100	3
2025-11-28 04:55	63.095	63.105	63.082	63.092	5
2025-11-28 05:00	63.085	63.090	63.072	63.072	5
2025-11-28 05:05	63.085	63.085	63.072	63.080	5
2025-11-28 05:10	63.075	63.085	63.060	63.060	5
2025-11-28 05:15	63.062	63.062	63.033	63.042	5
2025-11-28 05:20	63.050	63.055	63.040	63.052	5
2025-11-28 05:25	63.060	63.072	63.048	63.062	5
2025-11-28 05:30	63.075	63.120	63.050	63.117	5
2025-11-28 05:35	63.115	63.125	63.108	63.115	5
2025-11-28 05:40	63.120	63.125	63.102	63.110	5
2025-11-28 05:45	63.115	63.157	63.092	63.157	5
2025-11-28 05:50	63.162	63.165	63.152	63.165	3
2025-11-28 05:55	63.185	63.212	63.142	63.157	5
2025-11-28 06:00	63.155	63.175	63.142	63.170	4
2025-11-28 06:05	63.162	63.165	63.138	63.150	4
2025-11-28 06:10	63.142	63.165	63.142	63.158	5
2025-11-28 06:15	63.150	63.150	63.047	63.060	5
2025-11-28 06:20	63.055	63.080	63.025	63.070	5
2025-11-28 06:25	63.060	63.095	63.057	63.092	5
2025-11-28 06:30	63.100	63.110	63.062	63.110	5
2025-11-28 06:35	63.112	63.155	63.112	63.135	5
2025-11-28 06:40	63.125	63.135	63.115	63.120	5
2025-11-28 06:45	63.125	63.165	63.108	63.108	5
2025-11-28 06:50	63.120	63.135	63.110	63.127	5
2025-11-28 06:55	63.125	63.135	63.062	63.075	5
2025-11-28 07:00	63.085	63.125	63.052	63.102	5
2025-11-28 07:05	63.100	63.105	63.065	63.105	5
2025-11-28 07:10	63.100	63.135	63.090	63.112	5
2025-11-28 07:15	63.105	63.125	63.083	63.125	5
2025-11-28 07:20	63.120	63.145	63.082	63.082	5
2025-11-28 07:25	63.095	63.095	63.047	63.050	4
2025-11-28 07:30	63.052	63.052	62.975	62.975	5
2025-11-28 07:35	62.965	63.010	62.952	63.007	5
2025-11-28 07:40	63.015	63.050	62.992	63.025	5
2025-11-28 07:45	63.015	63.030	62.962	62.995	5
2025-11-28 07:50	62.990	63.105	62.982	63.035	5
2025-11-28 07:55	63.045	63.067	62.982	62.985	5
2025-11-28 08:00	62.990	63.015	62.972	62.982	5
2025-11-28 08:05	62.980	63.015	62.962	63.015	5
2025-11-28 08:10	63.005	63.005	62.960	62.972	5
2025-11-28 08:15	62.980	63.055	62.975	63.052	5
2025-11-28 08:20	63.060	63.115	63.055	63.110	5
2025-11-28 08:25	63.112	63.235	63.092	63.185	5
2025-11-28 08:30	63.195	63.230	63.022	63.022	5
2025-11-28 08:35	63.035	63.100	63.032	63.065	5
2025-11-28 08:40	63.085	63.085	63.015	63.037	5
2025-11-28 08:45	63.035	63.035	62.950	62.992	5
2025-11-28 08:50	62.985	63.095	62.962	63.025	5
2025-11-28 08:55	63.030	63.030	62.952	62.982	5
2025-11-28 09:00	63.000	63.075	62.967	63.042	5
2025-11-28 09:05	63.050	63.142	63.045	63.142	5
2025-11-28 09:10	63.135	63.145	63.025	63.035	5
2025-11-28 09:15	63.030	63.095	63.030	63.095	3
2025-11-28 09:20	63.085	63.087	63.012	63.070	5
2025-11-28 09:25	63.060	63.120	63.027	63.110	5
2025-11-28 09:30	63.090	63.090	62.942	62.987	5
2025-11-28 09:35	62.992	63.005	62.932	62.982	5
2025-11-28 09:40	62.960	63.065	62.960	63.062	5
2025-11-28 09:45	63.060	63.060	62.967	62.967	5
2025-11-28 09:50	62.965	63.015	62.955	63.015	5
2025-11-28 09:55	63.020	63.045	63.020	63.025	5
2025-11-28 10:00	63.015	63.032	62.915	62.975	5
2025-11-28 10:05	62.955	63.005	62.925	62.960	5
2025-11-28 10:10	62.980	62.980	62.922	62.945	5
2025-11-28 10:15	62.915	63.005	62.862	62.997	5
2025-11-28 10:20	63.010	63.050	62.977	62.982	5
2025-11-28 10:25	62.977	62.985	62.760	62.785	5
2025-11-28 10:30	62.770	62.930	62.760	62.855	5
2025-11-28 10:35	62.845	62.865	62.812	62.822	5
2025-11-28 10:40	62.830	62.865	62.812	62.812	5
2025-11-28 10:45	62.825	62.850	62.802	62.815	5
2025-11-28 10:50	62.810	62.815	62.772	62.782	5
2025-11-28 10:55	62.772	62.825	62.772	62.810	5
2025-11-28 11:00	62.802	62.845	62.772	62.787	5
2025-11-28 11:05	62.795	62.825	62.792	62.820	5
2025-11-28 11:10	62.812	62.825	62.785	62.807	5
2025-11-28 11:15	62.805	62.815	62.792	62.805	5
2025-11-28 11:20	62.798	62.825	62.772	62.792	5
2025-11-28 11:25	62.800	62.840	62.785	62.832	5
2025-11-28 11:30	62.830	62.830	62.798	62.812	5
2025-11-28 11:35	62.790	62.795	62.752	62.752	4
2025-11-28 11:40	62.765	62.785	62.742	62.775	5
2025-11-28 11:45	62.765	62.785	62.760	62.775	5
2025-11-28 11:50	62.768	62.845	62.768	62.845	4
2025-11-28 11:55	62.835	62.840	62.792	62.792	5
2025-11-28 12:00	62.805	62.875	62.802	62.820	5
2025-11-28 12:05	62.822	62.832	62.790	62.795	5
2025-11-28 12:10	62.788	62.810	62.772	62.785	4
2025-11-28 12:15	62.790	62.805	62.750	62.765	4
2025-11-28 12:20	62.760	62.825	62.747	62.802	5
2025-11-28 12:25	62.797	62.797	62.652	62.675	5
2025-11-28 12:30	62.685	62.745	62.680	62.710	5
2025-11-28 12:35	62.715	62.742	62.692	62.742	4
2025-11-28 12:40	62.735	62.745	62.712	62.712	4
2025-11-28 12:45	62.725	62.725	62.695	62.702	5
2025-11-28 12:50	62.695	62.725	62.682	62.722	5
2025-11-28 12:55	62.755	62.760	62.702	62.702	4
2025-11-28 13:00	62.710	62.750	62.565	62.570	5
2025-11-28 13:05	62.572	62.650	62.565	62.637	5
2025-11-28 13:10	62.632	62.650	62.602	62.637	5
2025-11-28 13:15	62.635	62.645	62.635	62.635	4
2025-11-28 13:20	62.605	62.615	62.542	62.590	5
2025-11-28 13:25	62.585	62.585	62.542	62.565	5
2025-11-28 13:30	62.560	62.685	62.542	62.650	5
2025-11-28 13:35	62.645	62.685	62.637	62.682	5
2025-11-28 13:40	62.680	62.715	62.652	62.662	4
2025-11-28 13:45	62.675	62.690	62.622	62.650	5
2025-11-28 13:50	62.655	62.690	62.632	62.640	5
2025-11-28 13:55	62.635	62.642	62.592	62.600	5
2025-11-28 14:00	62.625	62.635	62.535	62.625	5
2025-11-28 14:05	62.620	62.715	62.592	62.705	5
2025-11-28 14:10	62.700	62.752	62.652	62.682	5
2025-11-28 14:15	62.695	62.700	62.622	62.645	5
2025-11-28 14:20	62.650	62.705	62.615	62.692	5
2025-11-28 14:25	62.697	62.715	62.625	62.645	5
2025-11-28 14:30	62.652	62.785	62.652	62.765	5
2025-11-28 14:35	62.775	62.865	62.762	62.845	5
2025-11-28 14:40	62.852	62.925	62.852	62.922	5
2025-11-28 14:45	62.935	62.945	62.902	62.945	5
2025-11-28 14:50	62.955	62.955	62.862	62.865	5
2025-11-28 14:55	62.875	62.935	62.852	62.925	5
2025-11-28 15:00	62.930	63.005	62.930	62.982	5
2025-11-28 15:05	62.995	62.995	62.915	62.945	5
2025-11-28 15:10	62.950	62.985	62.920	62.982	5
2025-11-28 15:15	62.975	62.985	62.925	62.925	5
2025-11-28 15:20	62.935	62.940	62.842	62.872	5
2025-11-28 15:25	62.885	62.905	62.842	62.842	5
2025-11-28 15:30	62.850	62.865	62.802	62.830	5
2025-11-28 15:35	62.832	62.865	62.785	62.852	5
2025-11-28 15:40	62.845	62.855	62.802	62.822	5
2025-11-28 15:45	62.815	62.925	62.802	62.912	5
2025-11-28 15:50	62.920	62.925	62.852	62.882	5
2025-11-28 15:55	62.895	62.895	62.782	62.860	5
2025-11-28 16:00	62.853	63.025	62.853	62.992	5
2025-11-28 16:05	63.000	63.000	62.942	62.942	5
2025-11-28 16:10	62.955	62.980	62.790	62.860	5
2025-11-28 16:15	62.865	63.002	62.860	62.985	5
2025-11-28 16:20	62.965	63.025	62.960	63.005	5
2025-11-28 16:25	63.000	63.125	62.992	63.100	5
2025-11-28 16:30	63.095	63.165	63.062	63.162	5
2025-11-28 16:35	63.155	63.245	63.145	63.195	5
2025-11-28 16:40	63.202	63.365	63.195	63.252	5
2025-11-28 16:45	63.275	63.275	63.235	63.235	5
2025-11-28 16:50	63.240	63.255	63.202	63.225	5
2025-11-28 16:55	63.215	63.262	63.202	63.242	5
2025-11-28 17:00	63.247	63.260	63.082	63.082	5
2025-11-28 17:05	63.090	63.105	62.932	62.980	5
2025-11-28 17:10	62.975	63.095	62.942	63.065	5
2025-11-28 17:15	63.075	63.175	63.065	63.172	5
2025-11-28 17:20	63.150	63.315	63.142	63.282	4
2025-11-28 17:25	63.270	63.275	63.142	63.182	5
2025-11-28 17:30	63.175	63.185	63.117	63.182	5
2025-11-28 17:35	63.195	63.240	63.182	63.192	5
2025-11-28 17:40	63.200	63.240	63.197	63.222	5
2025-11-28 17:45	63.215	63.295	63.212	63.237	5
2025-11-28 17:50	63.245	63.255	63.182	63.202	5
2025-11-28 17:55	63.207	63.235	63.167	63.175	5
2025-11-28 18:00	63.180	63.220	63.172	63.215	5
2025-11-28 18:05	63.220	63.252	63.172	63.195	5
2025-11-28 18:10	63.200	63.225	63.192	63.202	5
2025-11-28 18:15	63.210	63.225	63.195	63.222	5
2025-11-28 18:20	63.235	63.275	63.210	63.275	5
2025-11-28 18:25	63.265	63.285	63.245	63.280	5
2025-11-28 18:30	63.275	63.280	63.240	63.262	5
2025-11-28 18:35	63.275	63.290	63.220	63.225	5
2025-11-28 18:40	63.230	63.235	63.162	63.162	5
2025-11-28 18:45	63.155	63.155	63.037	63.080	5
2025-11-28 18:50	63.085	63.095	62.955	62.962	5
2025-11-28 18:55	62.955	62.975	62.782	62.805	5
2025-11-28 19:00	62.815	62.825	62.732	62.732	5
2025-11-28 19:05	62.730	62.855	62.722	62.742	5
2025-11-28 19:10	62.735	62.790	62.692	62.725	5
2025-11-28 19:15	62.735	62.750	62.722	62.725	5
2025-11-28 19:20	62.730	62.735	62.585	62.590	5
2025-11-28 19:25	62.585	62.650	62.192	62.240	5
2025-11-28 19:30	62.235	62.265	62.107	62.252	5
2025-11-28 19:35	62.250	62.315	62.212	62.265	5
2025-11-28 19:40	62.267	62.355	62.222	62.342	5
2025-11-28 19:45	62.350	62.402	62.310	62.387	5
2025-11-28 19:50	62.395	62.495	62.367	62.395	5
2025-11-28 19:55	62.387	62.395	62.290	62.292	4
2025-12-01 01:00	62.977	63.065	62.887	62.910	5
2025-12-01 01:05	62.902	62.975	62.892	62.965	5
2025-12-01 01:10	62.960	63.035	62.952	63.032	5
2025-12-01 01:15	63.040	63.115	63.022	63.100	5
2025-12-01 01:20	63.105	63.125	63.087	63.122	5
2025-12-01 01:25	63.130	63.130	63.072	63.080	5
2025-12-01 01:30	63.075	63.140	63.032	63.120	5
2025-12-01 01:35	63.115	63.120	63.082	63.082	5
2025-12-01 01:40	63.080	63.145	63.080	63.120	5
2025-12-01 01:45	63.122	63.135	63.092	63.132	5
2025-12-01 01:50	63.125	63.165	63.122	63.150	5
2025-12-01 01:55	63.152	63.180	63.122	63.162	5
2025-12-01 02:00	63.175	63.175	63.127	63.132	5
2025-12-01 02:05	63.140	63.200	63.122	63.190	5
2025-12-01 02:10	63.185	63.190	63.147	63.187	5
2025-12-01 02:15	63.182	63.220	63.182	63.195	5
2025-12-01 02:20	63.190	63.255	63.172	63.240	5
2025-12-01 02:25	63.235	63.265	63.235	63.255	5
2025-12-01 02:30	63.260	63.312	63.242	63.292	5
2025-12-01 02:35	63.300	63.305	63.252	63.275	5
2025-12-01 02:40	63.285	63.305	63.272	63.290	5
2025-12-01 02:45	63.285	63.295	63.275	63.282	5
2025-12-01 02:50	63.275	63.295	63.252	63.262	5
2025-12-01 02:55	63.270	63.295	63.262	63.292	4
2025-12-01 03:00	63.305	63.405	63.302	63.382	5
2025-12-01 03:05	63.375	63.400	63.362	63.362	5
2025-12-01 03:10	63.355	63.360	63.302	63.320	5
2025-12-01 03:15	63.315	63.327	63.290	63.317	5
2025-12-01 03:20	63.315	63.330	63.292	63.305	5
2025-12-01 03:25	63.310	63.315	63.282	63.302	5
2025-12-01 03:30	63.310	63.310	63.272	63.305	5
2025-12-01 03:35	63.300	63.372	63.295	63.372	4
2025-12-01 03:40	63.368	63.385	63.360	63.372	5
2025-12-01 03:45	63.365	63.400	63.322	63.322	5
2025-12-01 03:50	63.330	63.330	63.312	63.327	4
2025-12-01 03:55	63.325	63.357	63.322	63.357	4
2025-12-01 04:00	63.355	63.375	63.352	63.360	5
2025-12-01 04:05	63.362	63.362	63.337	63.342	5
2025-12-01 04:10	63.347	63.375	63.345	63.367	4
2025-12-01 04:15	63.375	63.395	63.370	63.392	5
2025-12-01 04:20	63.390	63.392	63.372	63.375	3
2025-12-01 04:25	63.385	63.385	63.372	63.375	5
2025-12-01 04:30	63.365	63.455	63.365	63.430	5
2025-12-01 04:35	63.432	63.435	63.415	63.425	5
2025-12-01 04:40	63.417	63.432	63.402	63.405	5
2025-12-01 04:45	63.415	63.432	63.408	63.432	2
2025-12-01 04:50	63.425	63.435	63.412	63.435	5
2025-12-01 04:55	63.430	63.435	63.412	63.422	5
2025-12-01 05:00	63.420	63.435	63.412	63.420	5
2025-12-01 05:05	63.412	63.455	63.412	63.452	4
2025-12-01 05:10	63.445	63.445	63.432	63.432	2
2025-12-01 05:15	63.425	63.450	63.422	63.445	4
2025-12-01 05:20	63.450	63.495	63.442	63.492	4
2025-12-01 05:25	63.490	63.500	63.482	63.497	5
2025-12-01 05:30	63.485	63.550	63.472	63.517	4
2025-12-01 05:35	63.515	63.515	63.482	63.515	4
2025-12-01 05:40	63.502	63.540	63.502	63.532	5
2025-12-01 05:45	63.545	63.575	63.542	63.565	5
2025-12-01 05:50	63.570	63.625	63.562	63.615	5
2025-12-01 05:55	63.610	63.625	63.592	63.615	5
2025-12-01 06:00	63.602	63.622	63.582	63.622	5
2025-12-01 06:05	63.635	63.725	63.602	63.715	5
2025-12-01 06:10	63.705	63.800	63.703	63.772	5
2025-12-01 06:15	63.755	63.775	63.652	63.657	5
2025-12-01 06:20	63.662	63.670	63.592	63.600	5
2025-12-01 06:25	63.605	63.620	63.562	63.562	5
2025-12-01 06:30	63.580	63.590	63.552	63.572	5
2025-12-01 06:35	63.595	63.595	63.572	63.572	3
2025-12-01 06:40	63.580	63.580	63.512	63.535	5
2025-12-01 06:45	63.530	63.532	63.452	63.465	5
2025-12-01 06:50	63.467	63.500	63.462	63.475	5
2025-12-01 06:55	63.467	63.485	63.455	63.460	5
2025-12-01 07:00	63.470	63.485	63.442	63.485	5
2025-12-01 07:05	63.475	63.480	63.392	63.455	5
2025-12-01 07:10	63.450	63.530	63.450	63.525	5
2025-12-01 07:15	63.530	63.560	63.512	63.547	5
2025-12-01 07:20	63.545	63.570	63.532	63.547	5
2025-12-01 07:25	63.555	63.575	63.482	63.540	5
2025-12-01 07:30	63.535	63.620	63.522	63.582	5
2025-12-01 07:35	63.580	63.605	63.570	63.590	5
2025-12-01 07:40	63.585	63.590	63.552	63.582	5
2025-12-01 07:45	63.565	63.575	63.492	63.492	5
2025-12-01 07:50	63.500	63.510	63.492	63.492	1
2025-12-01 07:55	63.460	63.485	63.422	63.442	5
2025-12-01 08:00	63.465	63.490	63.402	63.402	5
2025-12-01 08:05	63.435	63.480	63.402	63.432	5
2025-12-01 08:10	63.440	63.470	63.370	63.450	5
2025-12-01 08:15	63.455	63.555	63.402	63.542	5
2025-12-01 08:20	63.540	63.545	63.487	63.540	5
2025-12-01 08:25	63.532	63.585	63.475	63.485	5
2025-12-01 08:30	63.480	63.620	63.465	63.615	5
2025-12-01 08:35	63.605	63.715	63.582	63.592	5
2025-12-01 08:40	63.605	63.635	63.562	63.610	5
2025-12-01 08:45	63.615	63.625	63.502	63.512	5
2025-12-01 08:50	63.525	63.625	63.522	63.610	5
2025-12-01 08:55	63.605	63.605	63.517	63.545	5
2025-12-01 09:00	63.545	63.565	63.402	63.435	5
2025-12-01 09:05	63.425	63.565	63.415	63.532	5
2025-12-01 09:10	63.545	63.580	63.522	63.535	5
2025-12-01 09:15	63.525	63.555	63.495	63.512	5
2025-12-01 09:20	63.535	63.560	63.505	63.550	5
2025-12-01 09:25	63.552	63.555	63.472	63.542	5
2025-12-01 09:30	63.540	63.595	63.538	63.592	5
2025-12-01 09:35	63.590	63.605	63.492	63.522	5
2025-12-01 09:40	63.535	63.575	63.485	63.572	5
2025-12-01 09:45	63.560	63.570	63.497	63.535	5
2025-12-01 09:50	63.525	63.635	63.522	63.620	5
2025-12-01 09:55	63.615	63.665	63.542	63.552	5
2025-12-01 10:00	63.535	63.590	63.512	63.562	5
2025-12-01 10:05	63.555	63.575	63.515	63.535	5
2025-12-01 10:10	63.520	63.555	63.422	63.435	5
2025-12-01 10:15	63.427	63.495	63.412	63.432	5
2025-12-01 10:20	63.440	63.475	63.432	63.445	5
2025-12-01 10:25	63.442	63.455	63.382	63.382	5
2025-12-01 10:30	63.395	63.445	63.335	63.355	5
2025-12-01 10:35	63.350	63.367	63.332	63.352	5
2025-12-01 10:40	63.350	63.365	63.312	63.345	5
2025-12-01 10:45	63.350	63.390	63.330	63.332	5
2025-12-01 10:50	63.325	63.325	63.242	63.252	5
2025-12-01 10:55	63.250	63.280	63.222	63.262	5
2025-12-01 11:00	63.267	63.267	63.212	63.235	4
2025-12-01 11:05	63.225	63.235	63.060	63.082	5
2025-12-01 11:10	63.075	63.075	62.952	62.952	5
2025-12-01 11:15	62.950	63.060	62.932	63.055	5
2025-12-01 11:20	63.050	63.090	62.992	63.085	5
2025-12-01 11:25	63.075	63.175	63.062	63.175	5
2025-12-01 11:30	63.170	63.205	63.122	63.122	5
2025-12-01 11:35	63.117	63.135	63.062	63.090	5
2025-12-01 11:40	63.082	63.095	63.035	63.035	5
2025-12-01 11:45	63.045	63.125	63.042	63.125	5
2025-12-01 11:50	63.122	63.155	63.122	63.145	5
2025-12-01 11:55	63.155	63.155	63.102	63.135	5
2025-12-01 12:00	63.145	63.155	63.082	63.082	5
2025-12-01 12:05	63.095	63.105	63.082	63.087	5
2025-12-01 12:10	63.085	63.105	63.062	63.082	5
2025-12-01 12:15	63.080	63.115	63.070	63.082	5
2025-12-01 12:20	63.075	63.095	63.007	63.015	5
2025-12-01 12:25	63.025	63.045	62.982	63.007	5
2025-12-01 12:30	63.012	63.035	62.990	63.005	5
2025-12-01 12:35	62.997	63.015	62.972	62.992	5
2025-12-01 12:40	62.990	62.990	62.925	62.972	5
2025-12-01 12:45	62.970	62.985	62.932	62.942	5
2025-12-01 12:50	62.940	62.965	62.890	62.932	5
2025-12-01 12:55	62.945	62.975	62.892	62.955	5
2025-12-01 13:00	62.965	62.985	62.892	62.952	5
2025-12-01 13:05	62.945	63.005	62.927	62.995	5
2025-12-01 13:10	63.000	63.005	62.910	62.930	5
2025-12-01 13:15	62.940	62.960	62.922	62.925	5
2025-12-01 13:20	62.927	62.965	62.912	62.952	5
2025-12-01 13:25	62.945	62.945	62.892	62.915	5
2025-12-01 13:30	62.910	62.945	62.905	62.932	5
2025-12-01 13:35	62.925	62.935	62.825	62.865	5
2025-12-01 13:40	62.860	62.860	62.712	62.762	5
2025-12-01 13:45	62.770	62.865	62.762	62.835	5
2025-12-01 13:50	62.830	62.875	62.800	62.832	5
2025-12-01 13:55	62.825	62.862	62.795	62.802	5
2025-12-01 14:00	62.795	62.905	62.762	62.825	5
2025-12-01 14:05	62.820	62.875	62.770	62.805	5
2025-12-01 14:10	62.785	62.845	62.755	62.782	5
2025-12-01 14:15	62.795	62.855	62.772	62.802	5
2025-12-01 14:20	62.795	62.820	62.755	62.782	5
2025-12-01 14:25	62.795	62.912	62.762	62.912	5
2025-12-01 14:30	62.918	63.315	62.915	63.295	5
2025-12-01 14:35	63.285	63.295	63.175	63.252	5
2025-12-01 14:40	63.245	63.395	63.245	63.325	5
2025-12-01 14:45	63.322	63.385	63.210	63.292	5
2025-12-01 14:50	63.300	63.335	63.252	63.322	5
2025-12-01 14:55	63.335	63.370	63.265	63.280	5
2025-12-01 15:00	63.278	63.355	63.212	63.265	5
2025-12-01 15:05	63.275	63.375	63.252	63.352	5
2025-12-01 15:10	63.345	63.385	63.322	63.362	5
2025-12-01 15:15	63.355	63.365	63.282	63.310	5
2025-12-01 15:20	63.315	63.325	63.192	63.225	5
2025-12-01 15:25	63.215	63.305	63.152	63.290	5
2025-12-01 15:30	63.283	63.385	63.283	63.345	5
2025-12-01 15:35	63.335	63.385	63.312	63.352	5
2025-12-01 15:40	63.365	63.405	63.350	63.405	5
2025-12-01 15:45	63.410	63.435	63.335	63.355	5
2025-12-01 15:50	63.362	63.425	63.312	63.395	5
2025-12-01 15:55	63.400	63.405	63.262	63.262	5
2025-12-01 16:00	63.242	63.252	63.122	63.170	5
2025-12-01 16:05	63.172	63.175	63.092	63.172	5
2025-12-01 16:10	63.185	63.245	63.162	63.210	5
2025-12-01 16:15	63.215	63.225	63.062	63.105	5
2025-12-01 16:20	63.110	63.155	63.032	63.055	5
2025-12-01 16:25	63.050	63.075	62.962	63.020	5
2025-12-01 16:30	63.015	63.155	62.975	63.142	5
2025-12-01 16:35	63.135	63.135	63.012	63.022	5
2025-12-01 16:40	63.045	63.065	63.000	63.042	5
2025-12-01 16:45	63.035	63.035	62.952	62.975	5
2025-12-01 16:50	62.970	63.015	62.932	62.955	5
2025-12-01 16:55	62.950	63.005	62.932	62.985	5
2025-12-01 17:00	62.975	63.025	62.962	63.025	5
2025-12-01 17:05	63.035	63.102	63.022	63.062	5
2025-12-01 17:10	63.060	63.135	63.057	63.122	5
2025-12-01 17:15	63.120	63.222	63.112	63.155	5
2025-12-01 17:20	63.145	63.155	63.082	63.082	5
2025-12-01 17:25	63.095	63.125	63.072	63.085	5
2025-12-01 17:30	63.095	63.105	63.065	63.092	5
2025-12-01 17:35	63.105	63.145	63.082	63.132	5
2025-12-01 17:40	63.140	63.175	63.092	63.092	5
2025-12-01 17:45	63.100	63.135	63.070	63.102	5
2025-12-01 17:50	63.095	63.105	62.982	63.002	5
2025-12-01 17:55	63.000	63.065	62.985	63.042	5
2025-12-01 18:00	63.055	63.055	63.012	63.042	5
2025-12-01 18:05	63.055	63.065	63.032	63.065	5
2025-12-01 18:10	63.052	63.125	63.052	63.112	5
2025-12-01 18:15	63.120	63.145	63.092	63.092	5
2025-12-01 18:20	63.105	63.125	63.102	63.122	5
2025-12-01 18:25	63.145	63.175	63.132	63.152	4
2025-12-01 18:30	63.165	63.215	63.162	63.182	5
2025-12-01 18:35	63.175	63.205	63.162	63.202	5
2025-12-01 18:40	63.200	63.295	63.192	63.282	5
2025-12-01 18:45	63.275	63.295	63.232	63.245	5
2025-12-01 18:50	63.247	63.265	63.207	63.220	5
2025-12-01 18:55	63.225	63.285	63.182	63.200	5
2025-12-01 19:00	63.215	63.225	63.122	63.132	5
2025-12-01 19:05	63.145	63.165	63.132	63.152	5
2025-12-01 19:10	63.157	63.220	63.140	63.185	5
2025-12-01 19:15	63.180	63.210	63.162	63.172	5
2025-12-01 19:20	63.165	63.175	63.102	63.145	5
2025-12-01 19:25	63.140	63.175	63.102	63.142	5
2025-12-01 19:30	63.155	63.215	63.142	63.205	5
2025-12-01 19:35	63.200	63.255	63.200	63.227	5
2025-12-01 19:40	63.235	63.255	63.192	63.192	5
2025-12-01 19:45	63.197	63.225	63.192	63.212	5
2025-12-01 19:50	63.225	63.245	63.202	63.232	5
2025-12-01 19:55	63.227	63.235	63.212	63.225	5
2025-12-01 20:00	63.215	63.275	63.212	63.272	5
2025-12-01 20:05	63.285	63.310	63.282	63.305	5
2025-12-01 20:10	63.315	63.325	63.292	63.292	5
2025-12-01 20:15	63.300	63.305	63.242	63.252	5
2025-12-01 20:20	63.260	63.295	63.255	63.292	5
2025-12-01 20:25	63.285	63.295	63.272	63.282	5
2025-12-01 20:30	63.290	63.292	63.282	63.282	3
2025-12-01 20:35	63.290	63.345	63.282	63.322	5
2025-12-01 20:40	63.335	63.355	63.312	63.322	5
2025-12-01 20:45	63.315	63.325	63.272	63.285	5
2025-12-01 20:50	63.275	63.305	63.230	63.242	5
2025-12-01 20:55	63.235	63.245	63.192	63.212	5
2025-12-01 21:00	63.208	63.217	63.182	63.192	5
2025-12-01 21:05	63.192	63.232	63.192	63.217	4
2025-12-01 21:10	63.222	63.222	63.202	63.212	5
2025-12-01 21:15	63.207	63.212	63.192	63.212	5
2025-12-01 21:20	63.212	63.222	63.212	63.212	4
2025-12-01 21:25	63.212	63.222	63.212	63.212	5
2025-12-01 21:30	63.207	63.222	63.202	63.222	4
2025-12-01 21:35	63.227	63.232	63.227	63.232	2
2025-12-01 21:40	63.242	63.252	63.242	63.252	3
2025-12-01 21:45	63.242	63.312	63.242	63.312	5
2025-12-01 21:50	63.317	63.322	63.302	63.312	5
2025-12-01 21:55	63.312	63.312	63.267	63.272	5
2025-12-02 01:00	63.297	63.330	63.242	63.252	5
2025-12-02 01:05	63.250	63.280	63.220	63.220	5
2025-12-02 01:10	63.225	63.252	63.202	63.232	5
2025-12-02 01:15	63.245	63.245	63.182	63.195	5
2025-12-02 01:20	63.205	63.225	63.192	63.215	5
2025-12-02 01:25	63.210	63.255	63.202	63.235	5
2025-12-02 01:30	63.225	63.245	63.202	63.212	5
2025-12-02 01:35	63.210	63.220	63.182	63.195	5
2025-12-02 01:40	63.185	63.200	63.170	63.175	5
2025-12-02 01:45	63.165	63.175	63.142	63.155	4
2025-12-02 01:50	63.160	63.212	63.160	63.202	4
2025-12-02 01:55	63.200	63.200	63.147	63.147	5
2025-12-02 02:00	63.145	63.205	63.145	63.200	5
2025-12-02 02:05	63.205	63.215	63.192	63.207	5
2025-12-02 02:10	63.205	63.215	63.192	63.205	3
2025-12-02 02:15	63.210	63.225	63.205	63.222	5
2025-12-02 02:20	63.215	63.215	63.202	63.202	4
2025-12-02 02:25	63.210	63.210	63.132	63.140	5
2025-12-02 02:30	63.145	63.145	63.112	63.135	4
2025-12-02 02:35	63.145	63.165	63.142	63.152	4
2025-12-02 02:40	63.157	63.197	63.155	63.192	5
2025-12-02 02:45	63.187	63.195	63.172	63.180	5
2025-12-02 02:50	63.182	63.210	63.180	63.190	5
2025-12-02 02:55	63.192	63.202	63.180	63.190	5
2025-12-02 03:00	63.192	63.192	63.162	63.162	5
2025-12-02 03:05	63.170	63.195	63.170	63.185	4
2025-12-02 03:10	63.190	63.192	63.125	63.140	4
2025-12-02 03:15	63.142	63.175	63.142	63.175	5
2025-12-02 03:20	63.165	63.175	63.142	63.152	4
2025-12-02 03:25	63.150	63.160	63.132	63.132	5
2025-12-02 03:30	63.125	63.135	63.112	63.135	5
2025-12-02 03:35	63.125	63.132	63.120	63.120	3
2025-12-02 03:40	63.130	63.145	63.118	63.132	5
2025-12-02 03:45	63.128	63.142	63.125	63.138	4
2025-12-02 03:50	63.128	63.172	63.128	63.167	5
2025-12-02 03:55	63.172	63.185	63.172	63.180	5
2025-12-02 04:00	63.173	63.220	63.173	63.212	5
2025-12-02 04:05	63.205	63.215	63.198	63.198	4
2025-12-02 04:10	63.210	63.215	63.178	63.192	4
2025-12-02 04:15	63.200	63.202	63.182	63.202	5
2025-12-02 04:20	63.210	63.215	63.207	63.210	4
2025-12-02 04:25	63.215	63.215	63.192	63.192	5
2025-12-02 04:30	63.188	63.205	63.188	63.202	4
2025-12-02 04:35	63.215	63.215	63.188	63.188	4
2025-12-02 04:40	63.200	63.205	63.188	63.200	4
2025-12-02 04:45	63.195	63.212	63.172	63.172	5
2025-12-02 04:50	63.167	63.175	63.157	63.162	4
2025-12-02 04:55	63.170	63.180	63.152	63.172	5
2025-12-02 05:00	63.180	63.200	63.172	63.192	5
2025-12-02 05:05	63.188	63.200	63.185	63.200	4
2025-12-02 05:10	63.205	63.210	63.188	63.195	5
2025-12-02 05:15	63.205	63.215	63.202	63.205	3
2025-12-02 05:20	63.198	63.205	63.182	63.182	4
2025-12-02 05:25	63.190	63.205	63.162	63.167	5
2025-12-02 05:30	63.172	63.185	63.160	63.162	5
2025-12-02 05:35	63.160	63.165	63.140	63.140	5
2025-12-02 05:40	63.142	63.180	63.142	63.162	5
2025-12-02 05:45	63.170	63.222	63.167	63.205	5
2025-12-02 05:50	63.200	63.205	63.175	63.177	4
2025-12-02 05:55	63.182	63.190	63.168	63.175	5
2025-12-02 06:00	63.185	63.190	63.150	63.185	4
2025-12-02 06:05	63.172	63.185	63.162	63.162	4
2025-12-02 06:10	63.170	63.200	63.162	63.192	5
2025-12-02 06:15	63.200	63.225	63.182	63.182	5
2025-12-02 06:20	63.190	63.195	63.180	63.190	5
2025-12-02 06:25	63.195	63.195	63.172	63.180	5
2025-12-02 06:30	63.185	63.235	63.185	63.235	5
2025-12-02 06:35	63.240	63.265	63.232	63.235	5
2025-12-02 06:40	63.240	63.245	63.192	63.192	5
2025-12-02 06:45	63.190	63.235	63.185	63.225	5
2025-12-02 06:50	63.217	63.245	63.202	63.212	5
2025-12-02 06:55	63.225	63.245	63.212	63.222	5
2025-12-02 07:00	63.227	63.280	63.207	63.252	5
2025-12-02 07:05	63.260	63.260	63.137	63.175	5
2025-12-02 07:10	63.170	63.200	63.142	63.190	5
2025-12-02 07:15	63.195	63.205	63.142	63.172	5
2025-12-02 07:20	63.185	63.272	63.172	63.255	5
2025-12-02 07:25	63.245	63.295	63.212	63.245	5
2025-12-02 07:30	63.250	63.262	63.202	63.225	5
2025-12-02 07:35	63.230	63.295	63.230	63.280	5
2025-12-02 07:40	63.290	63.305	63.222	63.222	5
2025-12-02 07:45	63.215	63.250	63.192	63.222	5
2025-12-02 07:50	63.217	63.250	63.102	63.135	5
2025-12-02 07:55	63.120	63.130	63.032	63.047	5
2025-12-02 08:00	63.045	63.212	63.045	63.195	5
2025-12-02 08:05	63.190	63.215	63.132	63.172	5
2025-12-02 08:10	63.177	63.215	63.157	63.207	5
2025-12-02 08:15	63.215	63.225	63.152	63.180	5
2025-12-02 08:20	63.182	63.255	63.172	63.235	5
2025-12-02 08:25	63.240	63.265	63.102	63.105	5
2025-12-02 08:30	63.110	63.255	63.052	63.202	5
2025-12-02 08:35	63.215	63.225	63.152	63.165	5
2025-12-02 08:40	63.160	63.165	63.005	63.022	5
2025-12-02 08:45	63.030	63.035	62.940	62.977	5
2025-12-02 08:50	62.985	63.015	62.902	62.912	5
2025-12-02 08:55	62.910	62.982	62.910	62.932	5
2025-12-02 09:00	62.945	63.000	62.932	62.942	5
2025-12-02 09:05	62.940	62.945	62.852	62.880	5
2025-12-02 09:10	62.882	62.985	62.875	62.972	5
2025-12-02 09:15	62.985	63.055	62.962	63.022	5
2025-12-02 09:20	63.035	63.122	63.028	63.042	5
2025-12-02 09:25	63.040	63.165	63.032	63.160	5
2025-12-02 09:30	63.155	63.165	63.032	63.052	5
2025-12-02 09:35	63.050	63.075	63.022	63.037	5
2025-12-02 09:40	63.032	63.045	62.937	62.950	5
2025-12-02 09:45	62.955	62.985	62.902	62.910	5
2025-12-02 09:50	62.915	62.955	62.892	62.945	5
2025-12-02 09:55	62.940	62.990	62.902	62.987	5
2025-12-02 10:00	62.978	63.000	62.935	62.970	5
2025-12-02 10:05	62.985	63.005	62.975	62.982	5
2025-12-02 10:10	62.970	62.995	62.965	62.977	5
2025-12-02 10:15	62.972	62.992	62.950	62.970	5
2025-12-02 10:20	62.965	63.035	62.965	63.025	5
2025-12-02 10:25	63.035	63.060	63.025	63.050	5
2025-12-02 10:30	63.045	63.135	63.033	63.112	5
2025-12-02 10:35	63.125	63.135	63.032	63.035	5
2025-12-02 10:40	63.025	63.055	63.005	63.037	5
2025-12-02 10:45	63.025	63.120	62.982	63.112	5
2025-12-02 10:50	63.105	63.175	63.102	63.160	5
2025-12-02 10:55	63.162	63.202	63.110	63.115	5
2025-12-02 11:00	63.090	63.155	63.072	63.142	5
2025-12-02 11:05	63.140	63.152	63.030	63.055	5
2025-12-02 11:10	63.045	63.075	63.022	63.065	5
2025-12-02 11:15	63.055	63.060	62.932	62.937	5
2025-12-02 11:20	62.940	62.970	62.870	62.892	5
2025-12-02 11:25	62.900	62.960	62.872	62.935	5
2025-12-02 11:30	62.927	62.970	62.897	62.900	5
2025-12-02 11:35	62.895	62.905	62.835	62.872	5
2025-12-02 11:40	62.885	62.950	62.860	62.947	5
2025-12-02 11:45	62.955	62.970	62.922	62.952	5
2025-12-02 11:50	62.947	62.960	62.837	62.850	5
2025-12-02 11:55	62.845	62.875	62.830	62.852	5
2025-12-02 12:00	62.845	62.917	62.840	62.912	5
2025-12-02 12:05	62.925	62.935	62.892	62.932	5
2025-12-02 12:10	62.920	62.970	62.915	62.942	5
2025-12-02 12:15	62.955	62.955	62.912	62.925	5
2025-12-02 12:20	62.935	62.955	62.900	62.912	5
2025-12-02 12:25	62.905	62.932	62.872	62.925	5
2025-12-02 12:30	62.920	62.975	62.902	62.962	5
2025-12-02 12:35	62.970	62.995	62.947	62.982	5
2025-12-02 12:40	62.975	62.975	62.932	62.972	4
2025-12-02 12:45	62.965	62.990	62.942	62.955	5
2025-12-02 12:50	62.965	62.985	62.935	62.950	5
2025-12-02 12:55	62.942	63.015	62.925	62.982	5
2025-12-02 13:00	62.980	63.050	62.952	62.992	5
2025-12-02 13:05	62.990	63.005	62.912	62.932	5
2025-12-02 13:10	62.927	62.990	62.912	62.932	5
2025-12-02 13:15	62.940	62.982	62.940	62.952	5
2025-12-02 13:20	62.965	62.965	62.872	62.932	5
2025-12-02 13:25	62.930	62.945	62.880	62.895	5
2025-12-02 13:30	62.905	62.910	62.792	62.832	5
2025-12-02 13:35	62.830	62.835	62.782	62.792	5
2025-12-02 13:40	62.785	62.805	62.745	62.775	5
2025-12-02 13:45	62.762	62.785	62.680	62.705	5
2025-12-02 13:50	62.695	62.765	62.675	62.752	5
2025-12-02 13:55	62.765	62.775	62.722	62.752	5
2025-12-02 14:00	62.735	62.905	62.712	62.855	5
2025-12-02 14:05	62.845	62.885	62.802	62.812	5
2025-12-02 14:10	62.805	62.855	62.795	62.815	5
2025-12-02 14:15	62.805	62.880	62.745	62.772	5
2025-12-02 14:20	62.770	62.800	62.685	62.782	5
2025-12-02 14:25	62.775	62.845	62.752	62.780	5
2025-12-02 14:30	62.765	62.815	62.692	62.695	5
2025-12-02 14:35	62.705	62.725	62.545	62.592	5
2025-12-02 14:40	62.585	62.605	62.272	62.292	5
2025-12-02 14:45	62.310	62.405	62.205	62.275	5
2025-12-02 14:50	62.265	62.315	62.202	62.225	5
2025-12-02 14:55	62.215	62.355	62.195	62.332	5
2025-12-02 15:00	62.330	62.475	62.302	62.462	5
2025-12-02 15:05	62.475	62.910	62.445	62.835	5
2025-12-02 15:10	62.830	63.205	62.822	62.985	5
2025-12-02 15:15	62.995	63.035	62.822	62.872	5
2025-12-02 15:20	62.890	63.025	62.812	63.002	5
2025-12-02 15:25	62.997	63.165	62.992	63.062	5
2025-12-02 15:30	63.072	63.202	63.062	63.112	5
2025-12-02 15:35	63.108	63.110	62.932	62.982	5
2025-12-02 15:40	62.992	63.065	62.942	63.022	5
2025-12-02 15:45	63.035	63.065	62.962	63.007	5
2025-12-02 15:50	63.035	63.035	62.952	62.952	5
2025-12-02 15:55	62.965	63.085	62.935	63.042	5
2025-12-02 16:00	63.055	63.140	63.000	63.052	5
2025-12-02 16:05	63.040	63.045	62.822	62.907	5
2025-12-02 16:10	62.905	62.955	62.882	62.935	5
2025-12-02 16:15	62.925	62.935	62.847	62.867	5
2025-12-02 16:20	62.865	62.870	62.790	62.860	5
2025-12-02 16:25	62.855	62.915	62.745	62.805	5
2025-12-02 16:30	62.810	62.845	62.772	62.812	5
2025-12-02 16:35	62.805	62.935	62.790	62.795	5
2025-12-02 16:40	62.790	62.810	62.692	62.722	5
2025-12-02 16:45	62.720	62.740	62.640	62.682	5
2025-12-02 16:50	62.692	62.705	62.612	62.652	5
2025-12-02 16:55	62.660	62.695	62.640	62.652	5
2025-12-02 17:00	62.660	62.715	62.650	62.670	5
2025-12-02 17:05	62.675	62.735	62.642	62.692	5
2025-12-02 17:10	62.705	62.725	62.680	62.705	5
2025-12-02 17:15	62.715	62.780	62.692	62.775	5
2025-12-02 17:20	62.785	62.840	62.770	62.772	5
2025-12-02 17:25	62.770	62.805	62.750	62.780	5
2025-12-02 17:30	62.785	62.785	62.725	62.745	5
2025-12-02 17:35	62.740	62.755	62.702	62.722	5
2025-12-02 17:40	62.735	62.775	62.705	62.765	5
2025-12-02 17:45	62.762	62.765	62.712	62.762	5
2025-12-02 17:50	62.775	62.825	62.755	62.780	5
2025-12-02 17:55	62.785	62.795	62.710	62.715	5
2025-12-02 18:00	62.692	62.725	62.682	62.682	5
2025-12-02 18:05	62.675	62.685	62.642	62.675	5
2025-12-02 18:10	62.680	62.685	62.635	62.652	5
2025-12-02 18:15	62.665	62.725	62.645	62.720	5
2025-12-02 18:20	62.725	62.785	62.712	62.772	5
2025-12-02 18:25	62.770	62.785	62.742	62.767	5
2025-12-02 18:30	62.775	62.865	62.775	62.822	5
2025-12-02 18:35	62.815	62.845	62.807	62.822	5
2025-12-02 18:40	62.805	62.820	62.752	62.752	5
2025-12-02 18:45	62.745	62.765	62.712	62.765	5
2025-12-02 18:50	62.755	62.835	62.742	62.832	5
2025-12-02 18:55	62.840	62.922	62.752	62.772	5
2025-12-02 19:00	62.785	62.805	62.682	62.700	5
2025-12-02 19:05	62.702	62.720	62.592	62.675	5
2025-12-02 19:10	62.680	62.715	62.662	62.692	5
2025-12-02 19:15	62.705	62.720	62.517	62.535	5
2025-12-02 19:20	62.525	62.535	62.415	62.465	5
2025-12-02 19:25	62.470	62.485	62.382	62.442	5
2025-12-02 19:30	62.435	62.455	62.362	62.382	5
2025-12-02 19:35	62.377	62.385	62.292	62.292	5
2025-12-02 19:40	62.285	62.370	62.282	62.332	5
2025-12-02 19:45	62.345	62.430	62.342	62.405	5
2025-12-02 19:50	62.400	62.415	62.375	62.395	5
2025-12-02 19:55	62.400	62.405	62.355	62.395	5
2025-12-02 20:00	62.405	62.415	62.362	62.405	5
2025-12-02 20:05	62.400	62.405	62.365	62.372	5
2025-12-02 20:10	62.377	62.385	62.362	62.375	5
2025-12-02 20:15	62.380	62.410	62.362	62.400	5
2025-12-02 20:20	62.405	62.425	62.385	62.390	5
2025-12-02 20:25	62.392	62.400	62.345	62.372	5
2025-12-02 20:30	62.382	62.425	62.382	62.405	5
2025-12-02 20:35	62.410	62.435	62.387	62.395	5
2025-12-02 20:40	62.405	62.417	62.392	62.412	4
2025-12-02 20:45	62.425	62.435	62.412	62.425	3
2025-12-02 20:50	62.420	62.445	62.420	62.422	4
2025-12-02 20:55	62.435	62.455	62.412	62.425	4
2025-12-02 21:00	62.402	62.402	62.372	62.382	4
2025-12-02 21:05	62.372	62.382	62.372	62.372	5
2025-12-02 21:10	62.362	62.402	62.362	62.402	3
2025-12-02 21:15	62.402	62.402	62.382	62.387	5
2025-12-02 21:20	62.392	62.402	62.392	62.402	3
2025-12-02 21:25	62.412	62.422	62.402	62.417	3
2025-12-02 21:30	62.397	62.408	62.362	62.367	5
2025-12-02 21:35	62.352	62.362	62.262	62.292	4
2025-12-02 21:40	62.292	62.357	62.262	62.357	5
2025-12-02 21:45	62.367	62.402	62.367	62.387	5
2025-12-02 21:50	62.392	62.412	62.347	62.352	5
2025-12-02 21:55	62.342	62.517	62.327	62.342	6
2025-12-03 01:00	62.407	62.522	62.407	62.517	5
2025-12-03 01:05	62.525	62.532	62.452	62.462	5
2025-12-03 01:10	62.455	62.495	62.440	62.472	5
2025-12-03 01:15	62.462	62.465	62.430	62.445	5
2025-12-03 01:20	62.455	62.465	62.422	62.425	5
2025-12-03 01:25	62.415	62.450	62.415	62.432	5
2025-12-03 01:30	62.427	62.445	62.420	62.440	5
2025-12-03 01:35	62.435	62.440	62.405	62.407	5
2025-12-03 01:40	62.402	62.415	62.342	62.350	5
2025-12-03 01:45	62.345	62.355	62.322	62.352	5
2025-12-03 01:50	62.345	62.350	62.322	62.322	5
2025-12-03 01:55	62.315	62.330	62.315	62.315	5
2025-12-03 02:00	62.325	62.330	62.257	62.305	5
2025-12-03 02:05	62.307	62.335	62.307	62.335	5
2025-12-03 02:10	62.325	62.325	62.292	62.320	4
2025-12-03 02:15	62.322	62.335	62.292	62.305	5
2025-12-03 02:20	62.295	62.297	62.282	62.292	5
2025-12-03 02:25	62.288	62.300	62.282	62.282	5
2025-12-03 02:30	62.275	62.275	62.198	62.198	5
2025-12-03 02:35	62.198	62.198	62.198	62.198	5
2025-12-03 02:40	62.198	62.198	62.198	62.198	5
2025-12-03 02:45	62.198	62.198	62.198	62.198	5
2025-12-03 02:50	62.198	62.245	62.198	62.245	5
2025-12-03 02:55	62.255	62.355	62.252	62.342	5
2025-12-03 03:00	62.335	62.390	62.332	62.372	4
2025-12-03 03:05	62.365	62.390	62.342	62.380	5
2025-12-03 03:10	62.372	62.435	62.372	62.412	5
2025-12-03 03:15	62.435	62.445	62.412	62.430	5
2025-12-03 03:20	62.425	62.442	62.412	62.425	5
2025-12-03 03:25	62.420	62.435	62.385	62.415	5
2025-12-03 03:30	62.405	62.422	62.392	62.402	4
2025-12-03 03:35	62.398	62.465	62.398	62.457	5
2025-12-03 03:40	62.453	62.455	62.438	62.455	3
2025-12-03 03:45	62.460	62.465	62.425	62.425	5
2025-12-03 03:50	62.418	62.472	62.398	62.472	5
2025-12-03 03:55	62.468	62.475	62.448	62.448	4
2025-12-03 04:00	62.450	62.457	62.430	62.432	5
2025-12-03 04:05	62.440	62.452	62.432	62.450	4
2025-12-03 04:10	62.443	62.460	62.443	62.457	2
2025-12-03 04:15	62.453	62.475	62.453	62.468	2
2025-12-03 04:20	62.475	62.475	62.458	62.465	5
2025-12-03 04:25	62.458	62.465	62.422	62.422	5
2025-12-03 04:30	62.430	62.442	62.422	62.438	5
2025-12-03 04:35	62.445	62.450	62.432	62.450	4
2025-12-03 04:40	62.455	62.455	62.442	62.450	4
2025-12-03 04:45	62.442	62.450	62.422	62.442	5
2025-12-03 04:50	62.438	62.505	62.438	62.490	4
2025-12-03 04:55	62.482	62.495	62.477	62.490	5
2025-12-03 05:00	62.482	62.532	62.472	62.522	5
2025-12-03 05:05	62.520	62.520	62.492	62.500	5
2025-12-03 05:10	62.505	62.525	62.482	62.482	4
2025-12-03 05:15	62.490	62.500	62.490	62.490	5
2025-12-03 05:20	62.485	62.485	62.442	62.450	4
2025-12-03 05:25	62.455	62.482	62.455	62.480	5
2025-12-03 05:30	62.472	62.530	62.452	62.525	5
2025-12-03 05:35	62.520	62.520	62.470	62.495	5
2025-12-03 05:40	62.505	62.515	62.472	62.492	4
2025-12-03 05:45	62.490	62.505	62.472	62.495	5
2025-12-03 05:50	62.490	62.500	62.440	62.465	5
2025-12-03 05:55	62.460	62.470	62.437	62.442	5
2025-12-03 06:00	62.440	62.445	62.402	62.435	5
2025-12-03 06:05	62.425	62.460	62.422	62.432	5
2025-12-03 06:10	62.425	62.455	62.415	62.442	5
2025-12-03 06:15	62.452	62.545	62.445	62.515	5
2025-12-03 06:20	62.520	62.525	62.482	62.487	5
2025-12-03 06:25	62.485	62.515	62.475	62.505	5
2025-12-03 06:30	62.485	62.535	62.477	62.522	5
2025-12-03 06:35	62.530	62.610	62.512	62.567	5
2025-12-03 06:40	62.565	62.575	62.547	62.562	5
2025-12-03 06:45	62.555	62.615	62.542	62.602	5
2025-12-03 06:50	62.615	62.615	62.552	62.562	5
2025-12-03 06:55	62.560	62.600	62.527	62.587	5
2025-12-03 07:00	62.578	62.647	62.578	62.630	5
2025-12-03 07:05	62.625	62.655	62.612	62.620	5
2025-12-03 07:10	62.625	62.655	62.588	62.645	4
2025-12-03 07:15	62.635	62.665	62.600	62.662	5
2025-12-03 07:20	62.675	62.705	62.672	62.692	5
2025-12-03 07:25	62.700	62.700	62.662	62.690	5
2025-12-03 07:30	62.695	62.702	62.632	62.702	5
2025-12-03 07:35	62.695	62.735	62.692	62.712	5
2025-12-03 07:40	62.717	62.725	62.632	62.655	5
2025-12-03 07:45	62.660	62.685	62.637	62.652	5
2025-12-03 07:50	62.640	62.722	62.640	62.722	5
2025-12-03 07:55	62.720	62.745	62.677	62.682	5
2025-12-03 08:00	62.673	62.755	62.645	62.742	5
2025-12-03 08:05	62.760	62.760	62.675	62.682	5
2025-12-03 08:10	62.690	62.725	62.687	62.702	5
2025-12-03 08:15	62.715	62.735	62.662	62.715	5
2025-12-03 08:20	62.717	62.772	62.662	62.772	5
2025-12-03 08:25	62.765	62.767	62.692	62.705	5
2025-12-03 08:30	62.715	62.775	62.712	62.772	5
2025-12-03 08:35	62.762	62.825	62.762	62.825	5
2025-12-03 08:40	62.822	62.875	62.812	62.842	5
2025-12-03 08:45	62.825	62.840	62.792	62.810	5
2025-12-03 08:50	62.815	62.835	62.782	62.810	5
2025-12-03 08:55	62.815	62.845	62.800	62.825	5
2025-12-03 09:00	62.828	62.835	62.792	62.810	5
2025-12-03 09:05	62.812	62.912	62.812	62.892	5
2025-12-03 09:10	62.900	62.975	62.892	62.975	5
2025-12-03 09:15	62.965	63.075	62.952	63.052	5
2025-12-03 09:20	63.065	63.115	63.032	63.105	5
2025-12-03 09:25	63.095	63.105	63.032	63.032	5
2025-12-03 09:30	63.028	63.175	63.028	63.172	5
2025-12-03 09:35	63.145	63.160	63.042	63.042	5
2025-12-03 09:40	63.055	63.105	62.980	62.985	5
2025-12-03 09:45	62.990	63.095	62.977	63.095	5
2025-12-03 09:50	63.090	63.160	63.082	63.155	5
2025-12-03 09:55	63.165	63.215	63.132	63.210	5
2025-12-03 10:00	63.212	63.225	63.132	63.160	5
2025-12-03 10:05	63.165	63.225	63.152	63.225	5
2025-12-03 10:10	63.220	63.225	63.182	63.222	5
2025-12-03 10:15	63.235	63.345	63.218	63.302	5
2025-12-03 10:20	63.310	63.315	63.242	63.265	5
2025-12-03 10:25	63.270	63.275	63.192	63.212	5
2025-12-03 10:30	63.220	63.275	63.172	63.210	5
2025-12-03 10:35	63.212	63.225	63.122	63.132	5
2025-12-03 10:40	63.140	63.175	63.122	63.167	5
2025-12-03 10:45	63.162	63.265	63.152	63.232	5
2025-12-03 10:50	63.215	63.275	63.205	63.275	5
2025-12-03 10:55	63.265	63.275	63.232	63.242	5
2025-12-03 11:00	63.235	63.245	63.200	63.230	5
2025-12-03 11:05	63.222	63.235	63.212	63.222	5
2025-12-03 11:10	63.230	63.235	63.152	63.182	5
2025-12-03 11:15	63.175	63.210	63.142	63.210	5
2025-12-03 11:20	63.215	63.215	63.162	63.165	5
2025-12-03 11:25	63.155	63.175	63.122	63.142	5
2025-12-03 11:30	63.140	63.182	63.140	63.175	5
2025-12-03 11:35	63.185	63.200	63.140	63.175	5
2025-12-03 11:40	63.185	63.185	63.132	63.150	5
2025-12-03 11:45	63.142	63.165	63.130	63.165	5
2025-12-03 11:50	63.160	63.182	63.145	63.172	5
2025-12-03 11:55	63.167	63.175	63.142	63.160	5
2025-12-03 12:00	63.155	63.155	63.092	63.095	5
2025-12-03 12:05	63.100	63.140	63.062	63.135	5
2025-12-03 12:10	63.130	63.135	63.097	63.115	4
2025-12-03 12:15	63.110	63.145	63.102	63.135	5
2025-12-03 12:20	63.125	63.175	63.122	63.152	5
2025-12-03 12:25	63.150	63.155	63.092	63.092	5
2025-12-03 12:30	63.105	63.150	63.092	63.137	5
2025-12-03 12:35	63.135	63.165	63.082	63.095	5
2025-12-03 12:40	63.085	63.095	63.037	63.075	5
2025-12-03 12:45	63.080	63.125	63.072	63.115	5
2025-12-03 12:50	63.125	63.145	63.092	63.115	5
2025-12-03 12:55	63.107	63.145	63.090	63.135	5
2025-12-03 13:00	63.145	63.155	63.092	63.135	5
2025-12-03 13:05	63.125	63.135	63.037	63.062	5
2025-12-03 13:10	63.060	63.125	63.045	63.122	5
2025-12-03 13:15	63.112	63.205	63.082	63.155	5
2025-12-03 13:20	63.165	63.165	63.102	63.132	5
2025-12-03 13:25	63.125	63.135	63.082	63.115	5
2025-12-03 13:30	63.110	63.155	63.062	63.112	5
2025-12-03 13:35	63.105	63.105	62.802	62.982	5
2025-12-03 13:40	62.975	62.977	62.912	62.970	5
2025-12-03 13:45	62.975	63.120	62.965	63.060	5
2025-12-03 13:50	63.062	63.095	63.035	63.082	5
2025-12-03 13:55	63.090	63.115	63.062	63.102	5
2025-12-03 14:00	63.090	63.095	62.882	62.892	5
2025-12-03 14:05	62.882	62.915	62.747	62.820	5
2025-12-03 14:10	62.822	62.860	62.773	62.802	5
2025-12-03 14:15	62.800	62.870	62.792	62.852	5
2025-12-03 14:20	62.850	62.905	62.810	62.825	5
2025-12-03 14:25	62.827	62.940	62.822	62.920	5
2025-12-03 14:30	62.925	63.065	62.922	62.985	5
2025-12-03 14:35	62.990	63.052	62.952	62.962	5
2025-12-03 14:40	62.960	63.015	62.937	62.945	5
2025-12-03 14:45	62.935	62.955	62.892	62.902	5
2025-12-03 14:50	62.892	62.962	62.882	62.922	5
2025-12-03 14:55	62.920	62.965	62.890	62.952	5
2025-12-03 15:00	62.948	63.000	62.902	62.975	5
2025-12-03 15:05	62.980	62.995	62.912	62.925	5
2025-12-03 15:10	62.935	62.995	62.932	62.985	5
2025-12-03 15:15	62.982	63.025	62.965	63.020	5
2025-12-03 15:20	63.015	63.025	62.940	62.942	5
2025-12-03 15:25	62.965	62.965	62.892	62.907	5
2025-12-03 15:30	62.845	63.065	62.837	63.012	5
2025-12-03 15:35	63.017	63.085	62.980	63.042	5
2025-12-03 15:40	63.035	63.080	62.972	62.995	5
2025-12-03 15:45	62.985	63.100	62.962	63.095	5
2025-12-03 15:50	63.105	63.215	63.042	63.195	5
2025-12-03 15:55	63.185	63.235	63.132	63.225	5
2025-12-03 16:00	63.207	63.312	63.092	63.162	5
2025-12-03 16:05	63.170	63.225	63.142	63.167	5
2025-12-03 16:10	63.165	63.175	63.022	63.077	5
2025-12-03 16:15	63.075	63.180	63.075	63.170	5
2025-12-03 16:20	63.175	63.185	63.102	63.105	5
2025-12-03 16:25	63.100	63.185	63.088	63.130	5
2025-12-03 16:30	63.132	63.145	63.015	63.062	5
2025-12-03 16:35	63.060	63.085	62.932	62.932	5
2025-12-03 16:40	62.930	63.005	62.900	62.972	5
2025-12-03 16:45	62.970	63.015	62.922	62.940	5
2025-12-03 16:50	62.945	62.945	62.835	62.835	5
2025-12-03 16:55	62.832	62.832	62.585	62.652	5
2025-12-03 17:00	62.648	62.735	62.632	62.722	5
2025-12-03 17:05	62.720	62.825	62.695	62.802	5
2025-12-03 17:10	62.800	62.835	62.762	62.832	5
2025-12-03 17:15	62.845	63.045	62.845	63.010	5
2025-12-03 17:20	63.005	63.105	62.992	63.062	5
2025-12-03 17:25	63.055	63.125	63.052	63.052	5
2025-12-03 17:30	63.050	63.060	62.942	62.972	5
2025-12-03 17:35	62.980	63.040	62.972	63.025	5
2025-12-03 17:40	63.015	63.020	62.982	63.002	5
2025-12-03 17:45	62.995	63.005	62.932	62.955	5
2025-12-03 17:50	62.960	62.975	62.902	62.912	5
2025-12-03 17:55	62.920	62.955	62.892	62.912	5
2025-12-03 18:00	62.905	62.925	62.862	62.862	5
2025-12-03 18:05	62.875	62.895	62.832	62.852	5
2025-12-03 18:10	62.857	62.950	62.855	62.945	5
2025-12-03 18:15	62.945	62.985	62.932	62.985	5
2025-12-03 18:20	62.975	63.015	62.915	62.922	5
2025-12-03 18:25	62.920	62.975	62.892	62.952	5
2025-12-03 18:30	62.960	62.975	62.792	62.792	5
2025-12-03 18:35	62.800	62.855	62.792	62.842	5
2025-12-03 18:40	62.840	62.900	62.832	62.875	5
2025-12-03 18:45	62.885	62.905	62.820	62.822	5
2025-12-03 18:50	62.835	62.865	62.802	62.852	5
2025-12-03 18:55	62.847	62.865	62.792	62.812	5
2025-12-03 19:00	62.835	62.835	62.722	62.725	5
2025-12-03 19:05	62.730	62.815	62.730	62.805	5
2025-12-03 19:10	62.812	62.812	62.722	62.755	5
2025-12-03 19:15	62.765	62.765	62.680	62.680	5
2025-12-03 19:20	62.685	62.725	62.640	62.655	5
2025-12-03 19:25	62.665	62.705	62.612	62.645	5
2025-12-03 19:30	62.665	62.672	62.522	62.565	5
2025-12-03 19:35	62.570	62.585	62.535	62.552	5
2025-12-03 19:40	62.557	62.635	62.552	62.632	5
2025-12-03 19:45	62.630	62.685	62.622	62.672	5
2025-12-03 19:50	62.670	62.680	62.650	62.652	4
2025-12-03 19:55	62.657	62.695	62.652	62.667	5
2025-12-03 20:00	62.665	62.670	62.642	62.662	5
2025-12-03 20:05	62.675	62.695	62.672	62.682	5
2025-12-03 20:10	62.680	62.705	62.675	62.682	5
2025-12-03 20:15	62.690	62.730	62.682	62.702	5
2025-12-03 20:20	62.700	62.730	62.692	62.712	5
2025-12-03 20:25	62.710	62.712	62.672	62.707	5
2025-12-03 20:30	62.705	62.725	62.695	62.695	5
2025-12-03 20:35	62.697	62.730	62.692	62.722	5
2025-12-03 20:40	62.730	62.745	62.722	62.732	3
2025-12-03 20:45	62.745	62.765	62.732	62.752	5
2025-12-03 20:50	62.760	62.785	62.750	62.780	5
2025-12-03 20:55	62.782	62.805	62.767	62.780	5
2025-12-03 21:00	62.757	62.772	62.752	62.767	4
2025-12-03 21:05	62.772	62.772	62.762	62.767	5
2025-12-03 21:10	62.777	62.787	62.772	62.782	5
2025-12-03 21:15	62.792	62.792	62.772	62.772	4
2025-12-03 21:20	62.783	62.788	62.762	62.772	4
2025-12-03 21:25	62.767	62.772	62.767	62.767	4
2025-12-03 21:30	62.772	62.772	62.747	62.762	4
2025-12-03 21:40	62.752	62.762	62.742	62.747	4
2025-12-03 21:45	62.752	62.762	62.752	62.752	4
2025-12-03 21:50	62.757	62.757	62.742	62.747	3
2025-12-03 21:55	62.742	62.752	62.737	62.747	4
2025-12-04 01:00	62.710	62.835	62.707	62.785	5
2025-12-04 01:05	62.777	62.815	62.762	62.815	5
2025-12-04 01:10	62.822	62.835	62.782	62.815	5
2025-12-04 01:15	62.820	62.825	62.787	62.810	5
2025-12-04 01:20	62.815	62.820	62.797	62.815	5
2025-12-04 01:25	62.820	62.855	62.818	62.847	5
2025-12-04 01:30	62.855	62.855	62.815	62.825	5
2025-12-04 01:35	62.818	62.835	62.818	62.825	5
2025-12-04 01:40	62.820	62.820	62.792	62.807	4
2025-12-04 01:45	62.805	62.820	62.800	62.810	5
2025-12-04 01:50	62.820	62.825	62.787	62.795	5
2025-12-04 01:55	62.800	62.805	62.767	62.775	5
2025-12-04 02:00	62.767	62.772	62.702	62.735	5
2025-12-04 02:05	62.728	62.750	62.725	62.750	5
2025-12-04 02:10	62.755	62.805	62.752	62.785	5
2025-12-04 02:15	62.787	62.825	62.783	62.815	4
2025-12-04 02:20	62.805	62.855	62.798	62.845	5
2025-12-04 02:25	62.837	62.860	62.837	62.850	5
2025-12-04 02:30	62.845	62.865	62.825	62.830	5
2025-12-04 02:35	62.825	62.855	62.822	62.852	5
2025-12-04 02:40	62.860	62.880	62.850	62.877	5
2025-12-04 02:45	62.882	62.925	62.882	62.902	5
2025-12-04 02:50	62.915	62.927	62.902	62.925	5
2025-12-04 02:55	62.920	62.940	62.907	62.915	5
2025-12-04 03:00	62.908	62.940	62.905	62.940	5
2025-12-04 03:05	62.932	62.955	62.922	62.952	5
2025-12-04 03:10	62.950	62.950	62.882	62.882	5
2025-12-04 03:15	62.880	62.925	62.880	62.898	5
2025-12-04 03:20	62.905	62.915	62.902	62.915	4
2025-12-04 03:25	62.925	62.925	62.902	62.910	5
2025-12-04 03:30	62.900	62.905	62.862	62.865	4
2025-12-04 03:35	62.858	62.885	62.858	62.878	4
2025-12-04 03:40	62.885	62.895	62.865	62.868	4
2025-12-04 03:45	62.875	62.892	62.875	62.892	4
2025-12-04 03:50	62.900	62.902	62.885	62.892	4
2025-12-04 03:55	62.905	62.920	62.892	62.917	5
2025-12-04 04:00	62.922	62.935	62.912	62.930	4
2025-12-04 04:05	62.935	62.935	62.922	62.922	3
2025-12-04 04:10	62.918	62.925	62.892	62.902	5
2025-12-04 04:15	62.910	62.915	62.898	62.905	3
2025-12-04 04:20	62.900	62.900	62.872	62.880	5
2025-12-04 04:25	62.885	62.902	62.885	62.900	3
2025-12-04 04:30	62.902	62.905	62.890	62.900	5
2025-12-04 04:35	62.892	62.900	62.885	62.890	5
2025-12-04 04:40	62.882	62.910	62.872	62.910	4
2025-12-04 04:45	62.903	62.920	62.902	62.920	3
2025-12-04 04:50	62.915	62.930	62.912	62.927	4
2025-12-04 04:55	62.922	62.942	62.920	62.940	4
2025-12-04 05:00	62.945	62.945	62.907	62.925	5
2025-12-04 05:05	62.920	62.930	62.915	62.930	4
2025-12-04 05:10	62.922	62.945	62.917	62.917	5
2025-12-04 05:15	62.930	62.940	62.915	62.920	5
2025-12-04 05:20	62.915	62.940	62.902	62.940	5
2025-12-04 05:25	62.945	62.970	62.945	62.965	5
2025-12-04 05:30	62.970	63.005	62.957	62.997	5
2025-12-04 05:35	62.995	63.010	62.965	62.970	5
2025-12-04 05:40	62.962	62.970	62.892	62.892	5
2025-12-04 05:45	62.887	62.905	62.847	62.850	5
2025-12-04 05:50	62.855	62.855	62.832	62.852	5
2025-12-04 05:55	62.847	62.885	62.837	62.860	5
2025-12-04 06:00	62.865	62.922	62.860	62.907	5
2025-12-04 06:05	62.902	62.965	62.902	62.950	5
2025-12-04 06:10	62.942	62.970	62.942	62.957	5
2025-12-04 06:15	62.955	62.960	62.902	62.930	5
2025-12-04 06:20	62.922	62.962	62.922	62.952	5
2025-12-04 06:25	62.957	62.975	62.945	62.967	5
2025-12-04 06:30	62.965	63.025	62.965	63.010	5
2025-12-04 06:35	63.012	63.055	63.012	63.040	5
2025-12-04 06:40	63.032	63.032	62.995	63.005	5
2025-12-04 06:45	63.010	63.035	62.992	63.030	5
2025-12-04 06:50	63.032	63.095	63.032	63.050	5
2025-12-04 06:55	63.045	63.065	63.032	63.047	5
2025-12-04 07:00	63.037	63.045	62.992	63.010	5
2025-12-04 07:05	63.012	63.055	63.012	63.025	5
2025-12-04 07:10	63.025	63.045	62.985	62.985	5
2025-12-04 07:15	62.980	63.015	62.972	63.012	5
2025-12-04 07:20	63.010	63.020	62.952	62.975	5
2025-12-04 07:25	62.980	62.992	62.952	62.962	5
2025-12-04 07:30	62.970	63.025	62.952	62.962	5
2025-12-04 07:35	62.970	63.010	62.970	63.005	5
2025-12-04 07:40	63.000	63.045	62.992	63.000	5
2025-12-04 07:45	62.992	63.025	62.990	63.005	5
2025-12-04 07:50	63.015	63.025	62.990	62.990	5
2025-12-04 07:55	62.995	62.995	62.970	62.987	5
2025-12-04 08:00	62.985	63.005	62.882	62.900	5
2025-12-04 08:05	62.905	62.925	62.832	62.852	5
2025-12-04 08:10	62.875	62.905	62.850	62.882	5
2025-12-04 08:15	62.880	62.885	62.812	62.842	5
2025-12-04 08:20	62.850	62.895	62.817	62.825	5
2025-12-04 08:25	62.815	62.840	62.765	62.775	5
2025-12-04 08:30	62.765	62.865	62.722	62.772	5
2025-12-04 08:35	62.755	62.815	62.742	62.752	5
2025-12-04 08:40	62.765	62.865	62.752	62.840	5
2025-12-04 08:45	62.835	62.875	62.815	62.867	5
2025-12-04 08:50	62.865	62.975	62.862	62.970	5
2025-12-04 08:55	62.965	63.035	62.962	63.000	5
2025-12-04 09:00	63.010	63.025	62.942	62.942	5
2025-12-04 09:05	62.950	62.955	62.882	62.882	5
2025-12-04 09:10	62.875	62.875	62.782	62.862	5
2025-12-04 09:15	62.870	62.882	62.772	62.775	5
2025-12-04 09:20	62.785	62.785	62.722	62.745	5
2025-12-04 09:25	62.755	62.815	62.742	62.787	5
2025-12-04 09:30	62.815	62.885	62.785	62.882	5
2025-12-04 09:35	62.895	62.935	62.882	62.887	5
2025-12-04 09:40	62.882	62.887	62.842	62.875	5
2025-12-04 09:45	62.865	62.885	62.832	62.832	5
2025-12-04 09:50	62.822	62.835	62.767	62.782	5
2025-12-04 09:55	62.795	62.840	62.790	62.840	5
2025-12-04 10:00	62.845	62.870	62.742	62.755	5
2025-12-04 10:05	62.745	62.805	62.742	62.795	5
2025-12-04 10:10	62.790	62.840	62.782	62.802	5
2025-12-04 10:15	62.792	62.860	62.792	62.807	5
2025-12-04 10:20	62.820	62.855	62.792	62.802	5
2025-12-04 10:25	62.815	62.875	62.812	62.872	5
2025-12-04 10:30	62.890	62.915	62.862	62.895	5
2025-12-04 10:35	62.890	62.925	62.862	62.872	5
2025-12-04 10:40	62.865	62.910	62.842	62.855	5
2025-12-04 10:45	62.865	62.875	62.832	62.865	5
2025-12-04 10:50	62.875	62.955	62.862	62.932	5
2025-12-04 10:55	62.940	62.985	62.932	62.962	5
2025-12-04 11:00	62.965	63.065	62.962	63.010	5
2025-12-04 11:05	63.015	63.035	62.952	62.975	5
2025-12-04 11:10	62.965	62.972	62.892	62.902	5
2025-12-04 11:15	62.900	62.925	62.882	62.910	5
2025-12-04 11:20	62.895	62.925	62.882	62.910	5
2025-12-04 11:25	62.915	62.925	62.872	62.912	5
2025-12-04 11:30	62.905	62.925	62.872	62.872	5
2025-12-04 11:35	62.882	62.905	62.832	62.862	5
2025-12-04 11:40	62.875	62.925	62.852	62.890	5
2025-12-04 11:45	62.882	62.892	62.842	62.872	5
2025-12-04 11:50	62.875	62.915	62.875	62.910	5
2025-12-04 11:55	62.902	62.910	62.872	62.882	5
2025-12-04 12:00	62.892	62.935	62.872	62.912	5
2025-12-04 12:05	62.920	62.965	62.912	62.942	5
2025-12-04 12:10	62.950	62.990	62.942	62.972	5
2025-12-04 12:15	62.985	63.025	62.942	62.945	5
2025-12-04 12:20	62.935	62.945	62.855	62.885	5
2025-12-04 12:25	62.890	62.915	62.872	62.915	5
2025-12-04 12:30	62.905	62.955	62.892	62.942	5
2025-12-04 12:35	62.950	62.950	62.885	62.895	5
2025-12-04 12:40	62.900	62.935	62.892	62.920	5
2025-12-04 12:45	62.922	62.965	62.920	62.940	5
2025-12-04 12:50	62.942	62.985	62.932	62.980	5
2025-12-04 12:55	62.972	62.992	62.970	62.975	5
2025-12-04 13:00	62.950	63.025	62.950	62.992	5
2025-12-04 13:05	63.000	63.025	62.972	62.972	5
2025-12-04 13:10	62.985	63.085	62.957	63.027	5
2025-12-04 13:15	63.022	63.065	62.962	63.007	5
2025-12-04 13:20	63.005	63.045	62.990	63.002	5
2025-12-04 13:25	63.010	63.015	62.962	62.982	4
2025-12-04 13:30	62.985	63.025	62.972	63.012	5
2025-12-04 13:35	63.010	63.020	62.995	63.012	4
2025-12-04 13:40	63.005	63.045	63.002	63.025	5
2025-12-04 13:45	63.030	63.055	63.022	63.052	5
2025-12-04 13:50	63.065	63.125	63.052	63.095	5
2025-12-04 13:55	63.092	63.100	63.022	63.027	5
2025-12-04 14:00	63.012	63.015	62.812	62.952	5
2025-12-04 14:05	62.965	63.015	62.940	63.000	5
2025-12-04 14:10	62.995	63.005	62.802	62.860	5
2025-12-04 14:15	62.865	62.905	62.752	62.752	5
2025-12-04 14:20	62.765	62.810	62.712	62.805	5
2025-12-04 14:25	62.800	62.825	62.752	62.762	5
2025-12-04 14:30	62.760	62.795	62.695	62.702	5
2025-12-04 14:35	62.695	62.705	62.532	62.555	5
2025-12-04 14:40	62.560	62.660	62.552	62.622	5
2025-12-04 14:45	62.615	62.685	62.572	62.612	5
2025-12-04 14:50	62.622	62.630	62.505	62.605	5
2025-12-04 14:55	62.600	62.635	62.562	62.582	5
2025-12-04 15:00	62.578	62.645	62.560	62.637	5
2025-12-04 15:05	62.632	62.705	62.632	62.672	5
2025-12-04 15:10	62.670	62.715	62.632	62.710	5
2025-12-04 15:15	62.703	62.745	62.702	62.735	5
2025-12-04 15:20	62.730	62.865	62.722	62.805	5
2025-12-04 15:25	62.795	62.815	62.685	62.760	5
2025-12-04 15:30	62.755	62.845	62.742	62.830	5
2025-12-04 15:35	62.825	62.955	62.812	62.945	5
2025-12-04 15:40	62.950	63.115	62.950	63.045	5
2025-12-04 15:45	63.055	63.112	63.032	63.105	5
2025-12-04 15:50	63.092	63.235	63.082	63.165	5
2025-12-04 15:55	63.155	63.155	63.042	63.065	5
2025-12-04 16:00	63.058	63.125	63.032	63.092	5
2025-12-04 16:05	63.085	63.125	63.062	63.102	5
2025-12-04 16:10	63.095	63.145	63.085	63.132	5
2025-12-04 16:15	63.125	63.200	63.122	63.190	5
2025-12-04 16:20	63.195	63.265	63.162	63.230	5
2025-12-04 16:25	63.235	63.235	63.162	63.212	5
2025-12-04 16:30	63.225	63.595	63.225	63.542	5
2025-12-04 16:35	63.550	63.565	63.352	63.492	5
2025-12-04 16:40	63.475	63.505	63.432	63.470	5
2025-12-04 16:45	63.462	63.475	63.352	63.412	5
2025-12-04 16:50	63.425	63.490	63.412	63.462	5
2025-12-04 16:55	63.475	63.505	63.440	63.440	5
2025-12-04 17:00	63.435	63.475	63.392	63.395	5
2025-12-04 17:05	63.385	63.395	63.292	63.370	5
2025-12-04 17:10	63.375	63.505	63.367	63.470	5
2025-12-04 17:15	63.465	63.505	63.442	63.462	5
2025-12-04 17:20	63.470	63.495	63.440	63.442	5
2025-12-04 17:25	63.450	63.455	63.405	63.422	5
2025-12-04 17:30	63.430	63.475	63.412	63.422	5
2025-12-04 17:35	63.415	63.445	63.355	63.355	5
2025-12-04 17:40	63.357	63.405	63.332	63.405	5
2025-12-04 17:45	63.415	63.415	63.370	63.395	5
2025-12-04 17:50	63.400	63.410	63.362	63.385	5
2025-12-04 17:55	63.380	63.385	63.355	63.375	5
2025-12-04 18:00	63.365	63.407	63.362	63.392	5
2025-12-04 18:05	63.405	63.440	63.400	63.435	5
2025-12-04 18:10	63.430	63.440	63.382	63.412	5
2025-12-04 18:15	63.420	63.435	63.402	63.425	5
2025-12-04 18:20	63.415	63.425	63.372	63.390	5
2025-12-04 18:25	63.385	63.465	63.365	63.450	5
2025-12-04 18:30	63.445	63.495	63.422	63.475	5
2025-12-04 18:35	63.480	63.485	63.420	63.472	5
2025-12-04 18:40	63.480	63.480	63.432	63.442	5
2025-12-04 18:45	63.455	63.475	63.425	63.442	5
2025-12-04 18:50	63.450	63.465	63.412	63.420	5
2025-12-04 18:55	63.422	63.445	63.402	63.415	5
2025-12-04 19:00	63.425	63.435	63.365	63.405	5
2025-12-04 19:05	63.407	63.415	63.322	63.322	5
2025-12-04 19:10	63.320	63.355	63.292	63.302	5
2025-12-04 19:15	63.310	63.312	63.240	63.275	5
2025-12-04 19:20	63.277	63.285	63.182	63.187	5
2025-12-04 19:25	63.205	63.285	63.182	63.232	5
2025-12-04 19:30	63.245	63.245	63.192	63.220	5
2025-12-04 19:35	63.225	63.255	63.212	63.232	5
2025-12-04 19:40	63.240	63.240	63.192	63.212	5
2025-12-04 19:45	63.225	63.225	63.192	63.212	5
2025-12-04 19:50	63.210	63.280	63.202	63.272	5
2025-12-04 19:55	63.270	63.285	63.260	63.277	5
2025-12-04 20:00	63.268	63.312	63.268	63.290	5
2025-12-04 20:05	63.282	63.285	63.262	63.282	5
2025-12-04 20:10	63.275	63.285	63.252	63.262	5
2025-12-04 20:15	63.275	63.290	63.252	63.282	5
2025-12-04 20:20	63.275	63.325	63.262	63.310	5
2025-12-04 20:25	63.302	63.315	63.272	63.280	5
2025-12-04 20:30	63.285	63.285	63.252	63.255	5
2025-12-04 20:35	63.262	63.275	63.252	63.275	5
2025-12-04 20:40	63.267	63.267	63.252	63.255	5
2025-12-04 20:45	63.230	63.230	63.210	63.222	5
2025-12-04 20:50	63.230	63.275	63.222	63.275	5
2025-12-04 20:55	63.275	63.290	63.245	63.267	5
2025-12-04 21:00	63.265	63.282	63.252	63.282	5
2025-12-04 21:05	63.287	63.297	63.282	63.292	4
2025-12-04 21:10	63.282	63.352	63.272	63.322	4
2025-12-04 21:15	63.332	63.337	63.302	63.302	4
2025-12-04 21:20	63.302	63.312	63.302	63.302	3
2025-12-04 21:25	63.307	63.317	63.297	63.317	3
2025-12-04 21:30	63.322	63.327	63.312	63.312	5
2025-12-04 21:35	63.317	63.322	63.307	63.307	3
2025-12-04 21:40	63.307	63.312	63.302	63.312	4
2025-12-04 21:45	63.333	63.333	63.312	63.322	4
2025-12-04 21:50	63.327	63.327	63.252	63.267	5
2025-12-04 21:55	63.272	63.308	63.272	63.287	5
2025-12-05 01:00	63.235	63.295	63.215	63.257	5
2025-12-05 01:05	63.265	63.265	63.222	63.222	5
2025-12-05 01:10	63.220	63.255	63.217	63.247	5
2025-12-05 01:15	63.245	63.245	63.192	63.212	5
2025-12-05 01:20	63.220	63.262	63.210	63.245	5
2025-12-05 01:25	63.247	63.252	63.232	63.232	5
2025-12-05 01:30	63.225	63.275	63.222	63.275	4
2025-12-05 01:35	63.285	63.305	63.272	63.295	5
2025-12-05 01:40	63.288	63.305	63.240	63.255	5
2025-12-05 01:45	63.265	63.280	63.252	63.270	5
2025-12-05 01:50	63.275	63.275	63.207	63.207	5
2025-12-05 01:55	63.212	63.225	63.202	63.225	4
2025-12-05 02:00	63.235	63.242	63.182	63.190	5
2025-12-05 02:05	63.192	63.205	63.152	63.157	5
2025-12-05 02:10	63.162	63.165	63.145	63.162	5
2025-12-05 02:15	63.157	63.157	63.112	63.120	4
2025-12-05 02:20	63.112	63.145	63.112	63.135	5
2025-12-05 02:25	63.140	63.155	63.125	63.125	4
2025-12-05 02:30	63.130	63.150	63.112	63.112	5
2025-12-05 02:35	63.120	63.145	63.115	63.122	5
2025-12-05 02:40	63.115	63.155	63.112	63.132	5
2025-12-05 02:45	63.140	63.145	63.120	63.122	3
2025-12-05 02:50	63.115	63.125	63.082	63.102	5
2025-12-05 02:55	63.105	63.110	63.085	63.105	4
2025-12-05 03:00	63.110	63.120	63.052	63.052	5
2025-12-05 03:05	63.045	63.070	63.042	63.062	4
2025-12-05 03:10	63.070	63.085	63.062	63.082	3
2025-12-05 03:15	63.095	63.105	63.092	63.105	3
2025-12-05 03:20	63.095	63.105	63.082	63.092	3
2025-12-05 03:25	63.097	63.110	63.085	63.102	5
2025-12-05 03:30	63.107	63.135	63.102	63.125	5
2025-12-05 03:35	63.118	63.135	63.118	63.128	4
2025-12-05 03:40	63.135	63.140	63.122	63.122	4
2025-12-05 03:45	63.135	63.135	63.110	63.112	3
2025-12-05 03:50	63.120	63.135	63.120	63.123	5
2025-12-05 03:55	63.130	63.130	63.110	63.110	4
2025-12-05 04:00	63.105	63.110	63.092	63.107	3
2025-12-05 04:05	63.115	63.135	63.115	63.130	5
2025-12-05 04:10	63.123	63.135	63.122	63.135	5
2025-12-05 04:15	63.125	63.135	63.122	63.127	5
2025-12-05 04:20	63.135	63.135	63.118	63.125	3
2025-12-05 04:25	63.130	63.135	63.122	63.132	4
2025-12-05 04:30	63.128	63.135	63.120	63.120	4
2025-12-05 04:35	63.125	63.125	63.118	63.118	2
2025-12-05 04:40	63.125	63.125	63.092	63.095	4
2025-12-05 04:45	63.100	63.100	63.068	63.075	5
2025-12-05 04:50	63.068	63.080	63.068	63.075	4
2025-12-05 04:55	63.080	63.082	63.075	63.075	4
2025-12-05 05:00	63.080	63.125	63.080	63.125	5
2025-12-05 05:05	63.120	63.155	63.115	63.155	4
2025-12-05 05:10	63.160	63.165	63.142	63.152	4
2025-12-05 05:15	63.147	63.155	63.132	63.132	4
2025-12-05 05:20	63.140	63.145	63.133	63.142	3
2025-12-05 05:25	63.150	63.150	63.132	63.132	4
2025-12-05 05:30	63.125	63.165	63.122	63.150	5
2025-12-05 05:35	63.145	63.175	63.137	63.162	5
2025-12-05 05:40	63.170	63.215	63.170	63.207	4
2025-12-05 05:45	63.202	63.202	63.147	63.160	4
2025-12-05 05:50	63.152	63.172	63.132	63.165	5
2025-12-05 05:55	63.160	63.205	63.160	63.197	5
2025-12-05 06:00	63.205	63.205	63.182	63.195	5
2025-12-05 06:05	63.197	63.235	63.192	63.217	5
2025-12-05 06:10	63.222	63.225	63.177	63.185	5
2025-12-05 06:15	63.190	63.205	63.177	63.182	4
2025-12-05 06:20	63.180	63.215	63.180	63.202	5
2025-12-05 06:25	63.207	63.210	63.165	63.165	5
2025-12-05 06:30	63.167	63.175	63.120	63.135	5
2025-12-05 06:35	63.140	63.165	63.135	63.152	4
2025-12-05 06:40	63.155	63.175	63.132	63.142	5
2025-12-05 06:45	63.155	63.192	63.150	63.182	5
2025-12-05 06:50	63.180	63.185	63.152	63.182	5
2025-12-05 06:55	63.185	63.230	63.185	63.210	5
2025-12-05 07:00	63.215	63.262	63.182	63.222	5
2025-12-05 07:05	63.230	63.275	63.225	63.242	5
2025-12-05 07:10	63.250	63.255	63.197	63.225	5
2025-12-05 07:15	63.235	63.240	63.217	63.225	5
2025-12-05 07:20	63.230	63.260	63.192	63.227	5
2025-12-05 07:25	63.235	63.255	63.232	63.255	5
2025-12-05 07:30	63.250	63.280	63.242	63.262	5
2025-12-05 07:35	63.275	63.275	63.107	63.232	5
2025-12-05 07:40	63.230	63.232	63.142	63.205	5
2025-12-05 07:45	63.200	63.235	63.195	63.217	5
2025-12-05 07:50	63.215	63.225	63.150	63.152	5
2025-12-05 07:55	63.145	63.185	63.132	63.185	5
2025-12-05 08:00	63.172	63.340	63.168	63.302	5
2025-12-05 08:05	63.310	63.335	63.292	63.295	5
2025-12-05 08:10	63.300	63.330	63.295	63.312	5
2025-12-05 08:15	63.305	63.315	63.267	63.280	5
2025-12-05 08:20	63.285	63.305	63.212	63.220	5
2025-12-05 08:25	63.225	63.225	63.075	63.075	5
2025-12-05 08:30	63.075	63.255	63.075	63.240	5
2025-12-05 08:35	63.242	63.325	63.232	63.272	5
2025-12-05 08:40	63.285	63.285	63.182	63.195	5
2025-12-05 08:45	63.197	63.245	63.192	63.225	5
2025-12-05 08:50	63.230	63.240	63.202	63.222	5
2025-12-05 08:55	63.235	63.255	63.188	63.255	5
2025-12-05 09:00	63.230	63.305	63.210	63.272	5
2025-12-05 09:05	63.275	63.295	63.232	63.245	5
2025-12-05 09:10	63.235	63.255	63.202	63.212	5
2025-12-05 09:15	63.210	63.210	63.132	63.155	5
2025-12-05 09:20	63.147	63.255	63.147	63.245	5
2025-12-05 09:25	63.237	63.350	63.232	63.302	5
2025-12-05 09:30	63.310	63.385	63.310	63.382	5
2025-12-05 09:35	63.380	63.410	63.330	63.335	5
2025-12-05 09:40	63.325	63.355	63.292	63.305	5
2025-12-05 09:45	63.295	63.355	63.292	63.352	5
2025-12-05 09:50	63.360	63.375	63.312	63.312	5
2025-12-05 09:55	63.335	63.372	63.322	63.325	5
2025-12-05 10:00	63.315	63.325	63.252	63.265	5
2025-12-05 10:05	63.275	63.275	63.232	63.242	5
2025-12-05 10:10	63.250	63.265	63.192	63.215	5
2025-12-05 10:15	63.212	63.220	63.082	63.145	5
2025-12-05 10:20	63.140	63.155	63.102	63.110	5
2025-12-05 10:25	63.112	63.155	63.107	63.132	5
2025-12-05 10:30	63.125	63.197	63.122	63.195	5
2025-12-05 10:35	63.200	63.235	63.177	63.215	5
2025-12-05 10:40	63.210	63.242	63.200	63.225	3
2025-12-05 10:45	63.215	63.245	63.120	63.135	5
2025-12-05 10:50	63.130	63.215	63.130	63.195	5
2025-12-05 10:55	63.205	63.252	63.190	63.200	5
2025-12-05 11:00	63.195	63.215	63.155	63.175	5
2025-12-05 11:05	63.185	63.185	63.122	63.125	5
2025-12-05 11:10	63.120	63.175	63.095	63.170	5
2025-12-05 11:15	63.165	63.175	63.090	63.175	5
2025-12-05 11:20	63.170	63.195	63.160	63.190	5
2025-12-05 11:25	63.192	63.240	63.190	63.205	5
2025-12-05 11:30	63.195	63.240	63.162	63.175	5
2025-12-05 11:35	63.185	63.245	63.180	63.225	5
2025-12-05 11:40	63.215	63.220	63.167	63.180	5
2025-12-05 11:45	63.172	63.202	63.172	63.175	3
2025-12-05 11:50	63.180	63.215	63.172	63.205	5
2025-12-05 11:55	63.215	63.215	63.152	63.162	4
2025-12-05 12:00	63.160	63.177	63.055	63.105	5
2025-12-05 12:05	63.095	63.110	63.075	63.095	5
2025-12-05 12:10	63.105	63.135	63.072	63.090	5
2025-12-05 12:15	63.095	63.095	63.052	63.052	5
2025-12-05 12:20	63.045	63.095	63.045	63.087	5
2025-12-05 12:25	63.105	63.115	63.068	63.090	5
2025-12-05 12:30	63.085	63.135	63.072	63.132	5
2025-12-05 12:35	63.140	63.145	63.102	63.122	5
2025-12-05 12:40	63.115	63.165	63.102	63.155	5
2025-12-05 12:45	63.140	63.185	63.137	63.185	5
2025-12-05 12:50	63.175	63.185	63.152	63.152	5
2025-12-05 12:55	63.160	63.185	63.152	63.170	5
2025-12-05 13:00	63.175	63.355	63.172	63.262	5
2025-12-05 13:05	63.255	63.285	63.222	63.237	5
2025-12-05 13:10	63.232	63.285	63.212	63.265	5
2025-12-05 13:15	63.260	63.285	63.182	63.192	5
2025-12-05 13:20	63.200	63.225	63.172	63.222	5
2025-12-05 13:25	63.235	63.260	63.200	63.247	5
2025-12-05 13:30	63.255	63.275	63.172	63.180	5
2025-12-05 13:35	63.172	63.205	63.152	63.195	5
2025-12-05 13:40	63.205	63.205	63.112	63.112	5
2025-12-05 13:45	63.125	63.150	63.097	63.135	5
2025-12-05 13:50	63.140	63.225	63.140	63.202	5
2025-12-05 13:55	63.210	63.235	63.192	63.222	5
2025-12-05 14:00	63.215	63.265	63.142	63.162	5
2025-12-05 14:05	63.175	63.195	63.142	63.172	5
2025-12-05 14:10	63.185	63.195	63.132	63.132	5
2025-12-05 14:15	63.122	63.165	63.110	63.150	5
2025-12-05 14:20	63.155	63.195	63.152	63.162	5
2025-12-05 14:25	63.160	63.255	63.152	63.252	5
2025-12-05 14:30	63.260	63.635	63.257	63.592	5
2025-12-05 14:35	63.605	63.705	63.562	63.645	5
2025-12-05 14:40	63.635	63.635	63.502	63.542	5
2025-12-05 14:45	63.555	63.605	63.515	63.600	5
2025-12-05 14:50	63.605	63.625	63.512	63.565	5
2025-12-05 14:55	63.570	63.615	63.542	63.590	5
2025-12-05 15:00	63.595	63.715	63.582	63.642	5
2025-12-05 15:05	63.655	63.675	63.638	63.672	5
2025-12-05 15:10	63.685	63.860	63.655	63.752	5
2025-12-05 15:15	63.745	63.835	63.712	63.782	5
2025-12-05 15:20	63.775	63.865	63.730	63.865	5
2025-12-05 15:25	63.855	63.955	63.842	63.925	5
2025-12-05 15:30	63.915	64.065	63.902	64.020	5
2025-12-05 15:35	64.015	64.025	63.942	63.947	5
2025-12-05 15:40	63.955	63.955	63.875	63.902	5
2025-12-05 15:45	63.915	63.970	63.892	63.952	5
2025-12-05 15:50	63.965	63.975	63.752	63.820	5
2025-12-05 15:55	63.825	63.980	63.818	63.895	5
2025-12-05 16:00	63.888	63.945	63.825	63.932	5
2025-12-05 16:05	63.940	63.955	63.872	63.922	5
2025-12-05 16:10	63.920	63.925	63.840	63.852	5
2025-12-05 16:15	63.860	63.865	63.702	63.720	5
2025-12-05 16:20	63.725	63.755	63.652	63.702	5
2025-12-05 16:25	63.692	63.780	63.685	63.745	5
2025-12-05 16:30	63.740	63.748	63.562	63.645	5
2025-12-05 16:35	63.650	63.695	63.612	63.612	5
2025-12-05 16:40	63.610	63.655	63.572	63.605	5
2025-12-05 16:45	63.600	63.625	63.532	63.565	5
2025-12-05 16:50	63.575	63.595	63.547	63.572	5
2025-12-05 16:55	63.565	63.585	63.532	63.565	5
2025-12-05 17:00	63.542	63.695	63.538	63.670	5
2025-12-05 17:05	63.672	63.715	63.622	63.700	5
2025-12-05 17:10	63.705	63.735	63.675	63.722	5
2025-12-05 17:15	63.735	63.875	63.735	63.855	5
2025-12-05 17:20	63.857	63.925	63.822	63.862	5
2025-12-05 17:25	63.855	63.915	63.852	63.895	5
2025-12-05 17:30	63.885	63.905	63.852	63.865	5
2025-12-05 17:35	63.855	63.905	63.842	63.885	5
2025-12-05 17:40	63.887	63.925	63.882	63.915	5
2025-12-05 17:45	63.920	63.945	63.892	63.910	5
2025-12-05 17:50	63.915	63.985	63.915	63.945	5
2025-12-05 17:55	63.935	63.945	63.872	63.910	5
2025-12-05 18:00	63.895	63.925	63.872	63.912	5
2025-12-05 18:05	63.920	63.925	63.845	63.852	5
2025-12-05 18:10	63.845	63.845	63.802	63.832	5
2025-12-05 18:15	63.840	63.845	63.802	63.817	5
2025-12-05 18:20	63.825	63.825	63.782	63.792	5
2025-12-05 18:25	63.805	63.820	63.782	63.815	5
2025-12-05 18:30	63.810	63.855	63.802	63.822	5
2025-12-05 18:35	63.815	63.825	63.737	63.765	5
2025-12-05 18:40	63.762	63.785	63.745	63.775	5
2025-12-05 18:45	63.785	63.835	63.775	63.802	5
2025-12-05 18:50	63.815	63.825	63.772	63.772	5
2025-12-05 18:55	63.765	63.795	63.712	63.712	5
2025-12-05 19:00	63.705	63.720	63.650	63.682	5
2025-12-05 19:05	63.675	63.695	63.670	63.682	5
2025-12-05 19:10	63.695	63.745	63.682	63.722	5
2025-12-05 19:15	63.720	63.745	63.665	63.665	5
2025-12-05 19:20	63.655	63.705	63.655	63.700	5
2025-12-05 19:25	63.705	63.745	63.672	63.712	5
2025-12-05 19:30	63.725	63.755	63.657	63.665	5
2025-12-05 19:35	63.655	63.680	63.642	63.652	5
2025-12-05 19:40	63.665	63.665	63.642	63.660	5
2025-12-05 19:45	63.662	63.752	63.652	63.702	5
2025-12-05 19:50	63.695	63.730	63.692	63.727	5
2025-12-05 19:55	63.725	63.755	63.725	63.745	5
2025-12-05 20:00	63.737	63.745	63.692	63.695	5
2025-12-05 20:05	63.697	63.725	63.697	63.705	5
2025-12-05 20:10	63.700	63.705	63.672	63.692	5
2025-12-05 20:15	63.690	63.715	63.680	63.685	5
2025-12-05 20:20	63.695	63.705	63.682	63.682	4
2025-12-05 20:25	63.675	63.695	63.672	63.692	5
2025-12-05 20:30	63.685	63.695	63.682	63.690	5
2025-12-05 20:35	63.685	63.750	63.682	63.735	5
2025-12-05 20:40	63.737	63.775	63.722	63.745	5
2025-12-05 20:45	63.755	63.755	63.702	63.722	5
2025-12-05 20:50	63.730	63.735	63.710	63.722	5
2025-12-05 20:55	63.730	63.735	63.692	63.725	5
2025-12-05 21:00	63.702	63.732	63.692	63.732	5
2025-12-05 21:05	63.737	63.742	63.732	63.732	5
2025-12-05 21:10	63.737	63.762	63.737	63.762	4
2025-12-05 21:15	63.772	63.772	63.762	63.772	5
2025-12-05 21:20	63.772	63.792	63.772	63.782	2
2025-12-05 21:25	63.782	63.782	63.772	63.772	4
2025-12-05 21:30	63.772	63.772	63.752	63.762	2
2025-12-05 21:35	63.752	63.772	63.752	63.767	3
2025-12-05 21:40	63.762	63.772	63.762	63.762	4
2025-12-05 21:45	63.767	63.772	63.752	63.772	4
2025-12-05 21:50	63.772	63.772	63.732	63.737	4
2025-12-05 21:55	63.732	63.742	63.722	63.742	5
2025-12-08 01:00	63.675	63.755	63.612	63.742	5
2025-12-08 01:05	63.735	63.785	63.732	63.767	5
2025-12-08 01:10	63.772	63.790	63.742	63.750	4
2025-12-08 01:15	63.755	63.760	63.700	63.700	5
2025-12-08 01:20	63.702	63.745	63.702	63.745	4
2025-12-08 01:25	63.735	63.735	63.632	63.632	5
2025-12-08 01:30	63.640	63.670	63.630	63.670	4
2025-12-08 01:35	63.672	63.675	63.637	63.662	5
2025-12-08 01:40	63.670	63.725	63.670	63.725	4
2025-12-08 01:45	63.720	63.735	63.692	63.702	5
2025-12-08 01:50	63.707	63.750	63.702	63.732	5
2025-12-08 01:55	63.727	63.735	63.712	63.720	5
2025-12-08 02:00	63.725	63.725	63.680	63.710	5
2025-12-08 02:05	63.715	63.715	63.682	63.695	5
2025-12-08 02:10	63.700	63.700	63.672	63.690	5
2025-12-08 02:15	63.682	63.715	63.662	63.687	5
2025-12-08 02:20	63.695	63.715	63.692	63.705	5
2025-12-08 02:25	63.698	63.725	63.698	63.712	5
2025-12-08 02:30	63.720	63.775	63.720	63.762	5
2025-12-08 02:35	63.757	63.775	63.727	63.735	5
2025-12-08 02:40	63.745	63.785	63.737	63.762	4
2025-12-08 02:45	63.775	63.785	63.767	63.782	4
2025-12-08 02:50	63.795	63.795	63.772	63.790	5
2025-12-08 02:55	63.795	63.832	63.785	63.820	5
2025-12-08 03:00	63.822	63.825	63.782	63.802	5
2025-12-08 03:05	63.797	63.820	63.792	63.815	3
2025-12-08 03:10	63.807	63.825	63.805	63.822	4
2025-12-08 03:15	63.815	63.845	63.812	63.835	3
2025-12-08 03:20	63.845	63.845	63.792	63.807	5
2025-12-08 03:25	63.805	63.830	63.795	63.820	5
2025-12-08 03:30	63.815	63.860	63.800	63.845	5
2025-12-08 03:35	63.850	63.875	63.847	63.860	5
2025-12-08 03:40	63.855	63.855	63.830	63.842	3
2025-12-08 03:45	63.855	63.865	63.812	63.822	3
2025-12-08 03:50	63.812	63.835	63.812	63.820	3
2025-12-08 03:55	63.825	63.832	63.822	63.827	4
2025-12-08 04:00	63.832	63.840	63.810	63.822	4
2025-12-08 04:05	63.818	63.845	63.818	63.845	2
2025-12-08 04:10	63.838	63.850	63.837	63.847	5
2025-12-08 04:15	63.845	63.855	63.838	63.855	5
2025-12-08 04:20	63.848	63.855	63.843	63.850	4
2025-12-08 04:25	63.845	63.865	63.842	63.862	4
2025-12-08 04:30	63.858	63.865	63.852	63.865	4
2025-12-08 04:35	63.855	63.865	63.845	63.855	2
2025-12-08 04:40	63.845	63.855	63.842	63.843	4
2025-12-08 04:45	63.855	63.855	63.843	63.855	5
2025-12-08 04:50	63.850	63.850	63.842	63.843	4
2025-12-08 04:55	63.845	63.847	63.843	63.845	3
2025-12-08 05:00	63.847	63.855	63.832	63.840	4
2025-12-08 05:05	63.833	63.845	63.732	63.742	5
2025-12-08 05:10	63.755	63.765	63.745	63.747	5
2025-12-08 05:15	63.745	63.770	63.740	63.767	5
2025-12-08 05:20	63.775	63.795	63.770	63.790	3
2025-12-08 05:25	63.785	63.790	63.773	63.790	5
2025-12-08 05:30	63.782	63.855	63.772	63.852	5
2025-12-08 05:35	63.865	63.885	63.855	63.875	5
2025-12-08 05:40	63.877	63.900	63.872	63.892	5
2025-12-08 05:45	63.905	63.912	63.877	63.892	5
2025-12-08 05:50	63.897	63.910	63.880	63.882	5
2025-12-08 05:55	63.887	63.887	63.842	63.850	5
2025-12-08 06:00	63.845	63.890	63.845	63.867	5
2025-12-08 06:05	63.875	63.885	63.862	63.882	5
2025-12-08 06:10	63.880	63.900	63.870	63.900	5
2025-12-08 06:15	63.902	63.902	63.842	63.850	4
2025-12-08 06:20	63.852	63.870	63.842	63.870	5
2025-12-08 06:25	63.872	63.885	63.845	63.845	5
2025-12-08 06:30	63.847	63.860	63.822	63.850	5
2025-12-08 06:35	63.855	63.872	63.842	63.872	5
2025-12-08 06:40	63.870	63.880	63.852	63.852	5
2025-12-08 06:45	63.845	63.862	63.812	63.822	5
2025-12-08 06:50	63.845	63.885	63.832	63.832	5
2025-12-08 06:55	63.830	63.862	63.830	63.857	5
2025-12-08 07:00	63.848	63.865	63.800	63.840	5
2025-12-08 07:05	63.845	63.860	63.830	63.830	5
2025-12-08 07:10	63.822	63.855	63.802	63.842	4
2025-12-08 07:15	63.835	63.885	63.825	63.872	5
2025-12-08 07:20	63.870	63.880	63.850	63.875	4
2025-12-08 07:25	63.865	63.910	63.850	63.865	5
2025-12-08 07:30	63.855	63.855	63.802	63.835	5
2025-12-08 07:35	63.830	63.835	63.812	63.815	4
2025-12-08 07:40	63.810	63.845	63.787	63.795	5
2025-12-08 07:45	63.785	63.845	63.782	63.815	5
2025-12-08 07:50	63.820	63.885	63.817	63.880	5
2025-12-08 07:55	63.875	63.880	63.832	63.840	5
2025-12-08 08:00	63.845	63.875	63.762	63.847	5
2025-12-08 08:05	63.845	63.850	63.792	63.842	5
2025-12-08 08:10	63.850	63.872	63.812	63.835	5
2025-12-08 08:15	63.845	63.895	63.830	63.842	5
2025-12-08 08:20	63.855	63.915	63.855	63.902	5
2025-12-08 08:25	63.915	63.935	63.787	63.795	5
2025-12-08 08:30	63.790	63.850	63.745	63.762	5
2025-12-08 08:35	63.760	63.765	63.692	63.722	5
2025-12-08 08:40	63.705	63.705	63.622	63.662	5
2025-12-08 08:45	63.685	63.700	63.610	63.622	5
2025-12-08 08:50	63.615	63.655	63.605	63.625	5
2025-12-08 08:55	63.630	63.630	63.550	63.552	5
2025-12-08 09:00	63.548	63.605	63.542	63.590	5
2025-12-08 09:05	63.592	63.595	63.512	63.530	5
2025-12-08 09:10	63.532	63.575	63.522	63.532	4
2025-12-08 09:15	63.525	63.525	63.425	63.432	5
2025-12-08 09:20	63.420	63.455	63.322	63.322	5
2025-12-08 09:25	63.335	63.345	63.312	63.312	5
2025-12-08 09:30	63.295	63.310	63.165	63.222	5
2025-12-08 09:35	63.215	63.305	63.212	63.302	5
2025-12-08 09:40	63.300	63.325	63.272	63.320	5
2025-12-08 09:45	63.325	63.375	63.302	63.322	5
2025-12-08 09:50	63.330	63.345	63.262	63.282	5
2025-12-08 09:55	63.290	63.315	63.282	63.285	5
2025-12-08 10:00	63.295	63.295	63.222	63.232	5
2025-12-08 10:05	63.245	63.255	63.212	63.230	5
2025-12-08 10:10	63.235	63.285	63.222	63.275	5
2025-12-08 10:15	63.265	63.295	63.232	63.245	5
2025-12-08 10:20	63.235	63.295	63.232	63.262	5
2025-12-08 10:25	63.255	63.270	63.220	63.252	5
2025-12-08 10:30	63.245	63.245	63.132	63.135	5
2025-12-08 10:35	63.115	63.195	63.110	63.182	5
2025-12-08 10:40	63.195	63.215	63.175	63.202	5
2025-12-08 10:45	63.200	63.295	63.150	63.150	5
2025-12-08 10:50	63.155	63.165	63.132	63.145	5
2025-12-08 10:55	63.135	63.195	63.132	63.175	5
2025-12-08 11:00	63.170	63.262	63.165	63.240	5
2025-12-08 11:05	63.232	63.245	63.150	63.152	5
2025-12-08 11:10	63.165	63.165	63.042	63.075	5
2025-12-08 11:15	63.085	63.145	63.085	63.092	5
2025-12-08 11:20	63.085	63.105	63.072	63.085	5
2025-12-08 11:25	63.105	63.140	63.092	63.112	5
2025-12-08 11:30	63.110	63.125	63.052	63.072	5
2025-12-08 11:35	63.085	63.085	63.022	63.052	5
2025-12-08 11:40	63.065	63.125	63.050	63.112	5
2025-12-08 11:45	63.110	63.155	63.110	63.142	5
2025-12-08 11:50	63.155	63.155	63.092	63.122	4
2025-12-08 11:55	63.130	63.135	63.085	63.102	3
2025-12-08 12:00	63.110	63.115	63.075	63.082	4
2025-12-08 12:05	63.090	63.105	63.050	63.055	5
2025-12-08 12:10	63.065	63.095	63.062	63.092	4
2025-12-08 12:15	63.085	63.115	63.072	63.092	5
2025-12-08 12:20	63.085	63.095	63.072	63.085	5
2025-12-08 12:25	63.080	63.095	63.062	63.080	5
2025-12-08 12:30	63.075	63.075	62.995	63.005	5
2025-12-08 12:35	63.010	63.045	63.002	63.022	4
2025-12-08 12:40	63.015	63.045	63.012	63.032	5
2025-12-08 12:45	63.025	63.035	62.992	62.992	3
2025-12-08 12:50	62.960	62.985	62.892	62.895	4
2025-12-08 12:55	62.900	62.905	62.842	62.890	5
2025-12-08 13:00	62.883	62.975	62.852	62.972	5
2025-12-08 13:05	62.985	62.995	62.952	62.992	5
2025-12-08 13:10	63.005	63.035	62.982	63.015	5
2025-12-08 13:15	63.005	63.055	63.000	63.045	5
2025-12-08 13:20	63.040	63.045	62.982	63.002	5
2025-12-08 13:25	63.000	63.052	62.992	63.035	5
2025-12-08 13:30	63.045	63.265	63.042	63.195	5
2025-12-08 13:35	63.185	63.235	63.162	63.165	5
2025-12-08 13:40	63.160	63.215	63.152	63.195	5
2025-12-08 13:45	63.205	63.210	63.152	63.182	5
2025-12-08 13:50	63.195	63.195	63.125	63.135	5
2025-12-08 13:55	63.125	63.130	63.072	63.122	5
2025-12-08 14:00	63.135	63.175	62.805	62.835	5
2025-12-08 14:05	62.825	62.922	62.782	62.892	5
2025-12-08 14:10	62.905	62.905	62.825	62.857	5
2025-12-08 14:15	62.860	62.965	62.852	62.892	5
2025-12-08 14:20	62.885	62.945	62.832	62.912	5
2025-12-08 14:25	62.925	62.925	62.832	62.845	5
2025-12-08 14:30	62.840	62.845	62.762	62.810	5
2025-12-08 14:35	62.805	62.885	62.792	62.882	5
2025-12-08 14:40	62.895	62.965	62.832	62.872	5
2025-12-08 14:45	62.885	63.065	62.880	62.992	5
2025-12-08 14:50	62.985	63.035	62.952	63.000	5
2025-12-08 14:55	62.992	63.012	62.932	62.952	5
2025-12-08 15:00	62.945	63.025	62.925	62.952	5
2025-12-08 15:05	62.950	62.960	62.790	62.822	5
2025-12-08 15:10	62.835	62.885	62.815	62.835	5
2025-12-08 15:15	62.840	62.865	62.795	62.860	5
2025-12-08 15:20	62.855	62.895	62.840	62.855	5
2025-12-08 15:25	62.865	62.885	62.812	62.855	5
2025-12-08 15:30	62.842	63.010	62.838	62.980	5
2025-12-08 15:35	62.972	63.025	62.950	63.000	5
2025-12-08 15:40	62.995	63.025	62.897	62.925	5
2025-12-08 15:45	62.935	63.005	62.897	63.002	5
2025-12-08 15:50	63.000	63.067	62.972	63.002	5
2025-12-08 15:55	62.995	63.050	62.940	62.940	5
2025-12-08 16:00	62.930	62.935	62.682	62.752	5
2025-12-08 16:05	62.745	62.875	62.742	62.870	5
2025-12-08 16:10	62.875	62.875	62.810	62.832	5
2025-12-08 16:15	62.830	62.835	62.755	62.755	5
2025-12-08 16:20	62.765	62.795	62.727	62.772	5
2025-12-08 16:25	62.765	62.785	62.712	62.762	5
2025-12-08 16:30	62.765	62.855	62.738	62.835	5
2025-12-08 16:35	62.845	62.895	62.822	62.832	5
2025-12-08 16:40	62.845	62.865	62.752	62.772	5
2025-12-08 16:45	62.785	62.805	62.755	62.772	5
2025-12-08 16:50	62.765	62.815	62.722	62.810	5
2025-12-08 16:55	62.815	62.915	62.802	62.902	5
2025-12-08 17:00	62.898	62.905	62.762	62.780	5
2025-12-08 17:05	62.782	62.792	62.750	62.775	5
2025-12-08 17:10	62.770	62.775	62.712	62.732	5
2025-12-08 17:15	62.730	62.765	62.682	62.700	5
2025-12-08 17:20	62.705	62.745	62.682	62.730	5
2025-12-08 17:25	62.722	62.780	62.722	62.742	5
2025-12-08 17:30	62.760	62.760	62.682	62.690	5
2025-12-08 17:35	62.695	62.760	62.695	62.732	5
2025-12-08 17:40	62.730	62.735	62.682	62.685	5
2025-12-08 17:45	62.660	62.695	62.622	62.682	5
2025-12-08 17:50	62.695	62.715	62.662	62.680	5
2025-12-08 17:55	62.675	62.695	62.652	62.682	5
2025-12-08 18:00	62.680	62.705	62.640	62.655	5
2025-12-08 18:05	62.665	62.675	62.632	62.637	5
2025-12-08 18:10	62.632	62.637	62.582	62.602	5
2025-12-08 18:15	62.600	62.625	62.573	62.582	5
2025-12-08 18:20	62.580	62.585	62.485	62.512	5
2025-12-08 18:25	62.525	62.535	62.502	62.502	5
2025-12-08 18:30	62.500	62.515	62.320	62.340	5
2025-12-08 18:35	62.345	62.385	62.312	62.385	5
2025-12-08 18:40	62.380	62.395	62.332	62.375	5
2025-12-08 18:45	62.365	62.385	62.352	62.372	5
2025-12-08 18:50	62.385	62.435	62.357	62.402	5
2025-12-08 18:55	62.415	62.425	62.382	62.405	5
2025-12-08 19:00	62.398	62.425	62.342	62.355	5
2025-12-08 19:05	62.350	62.405	62.342	62.405	5
2025-12-08 19:10	62.395	62.405	62.365	62.402	5
2025-12-08 19:15	62.400	62.415	62.360	62.372	5
2025-12-08 19:20	62.385	62.455	62.382	62.455	5
2025-12-08 19:25	62.465	62.495	62.395	62.482	5
2025-12-08 19:30	62.475	62.475	62.412	62.435	5
2025-12-08 19:35	62.440	62.475	62.435	62.440	5
2025-12-08 19:40	62.442	62.442	62.402	62.405	5
2025-12-08 19:45	62.400	62.435	62.382	62.402	4
2025-12-08 19:50	62.410	62.415	62.382	62.400	4
2025-12-08 19:55	62.405	62.412	62.362	62.412	5
2025-12-08 20:00	62.425	62.425	62.390	62.400	5
2025-12-08 20:05	62.392	62.415	62.390	62.402	5
2025-12-08 20:10	62.410	62.415	62.392	62.412	4
2025-12-08 20:15	62.410	62.415	62.392	62.402	5
2025-12-08 20:20	62.415	62.420	62.392	62.395	5
2025-12-08 20:25	62.405	62.405	62.382	62.390	5
2025-12-08 20:30	62.395	62.415	62.382	62.412	5
2025-12-08 20:35	62.405	62.435	62.402	62.422	5
2025-12-08 20:40	62.420	62.425	62.410	62.412	4
2025-12-08 20:45	62.410	62.435	62.402	62.402	5
2025-12-08 20:50	62.425	62.425	62.400	62.420	4
2025-12-08 20:55	62.425	62.462	62.417	62.462	5
2025-12-08 21:00	62.460	62.460	62.432	62.442	5
2025-12-08 21:05	62.442	62.447	62.412	62.412	5
2025-12-08 21:10	62.417	62.417	62.397	62.412	4
2025-12-08 21:15	62.412	62.432	62.412	62.432	2
2025-12-08 21:20	62.437	62.472	62.437	62.462	5
2025-12-08 21:25	62.467	62.467	62.442	62.452	5
2025-12-08 21:30	62.457	62.462	62.432	62.442	5
2025-12-08 21:35	62.442	62.452	62.442	62.442	4
2025-12-08 21:40	62.442	62.452	62.442	62.452	4
2025-12-08 21:45	62.457	62.457	62.432	62.432	5
2025-12-08 21:50	62.437	62.437	62.422	62.422	4
2025-12-08 21:55	62.422	62.452	62.417	62.442	5
2025-12-09 01:00	62.510	62.525	62.432	62.437	5
2025-12-09 01:05	62.445	62.445	62.392	62.430	5
2025-12-09 01:10	62.422	62.475	62.415	62.470	5
2025-12-09 01:15	62.465	62.485	62.432	62.432	5
2025-12-09 01:20	62.440	62.485	62.440	62.475	5
2025-12-09 01:25	62.482	62.482	62.432	62.452	4
2025-12-09 01:30	62.465	62.465	62.430	62.432	4
2025-12-09 01:35	62.445	62.462	62.435	62.445	5
2025-12-09 01:40	62.455	62.455	62.435	62.442	3
2025-12-09 01:45	62.450	62.450	62.402	62.425	4
2025-12-09 01:50	62.415	62.425	62.395	62.405	5
2025-12-09 01:55	62.400	62.405	62.357	62.392	5
2025-12-09 02:00	62.405	62.455	62.390	62.417	5
2025-12-09 02:05	62.412	62.455	62.395	62.450	5
2025-12-09 02:10	62.445	62.455	62.402	62.402	5
2025-12-09 02:15	62.415	62.435	62.410	62.430	5
2025-12-09 02:20	62.425	62.425	62.408	62.420	5
2025-12-09 02:25	62.425	62.435	62.415	62.432	5
2025-12-09 02:30	62.422	62.430	62.372	62.395	5
2025-12-09 02:35	62.390	62.425	62.382	62.415	5
2025-12-09 02:40	62.420	62.435	62.405	62.415	5
2025-12-09 02:45	62.410	62.425	62.402	62.415	4
2025-12-09 02:50	62.408	62.415	62.352	62.352	5
2025-12-09 02:55	62.347	62.375	62.342	62.362	4
2025-12-09 03:00	62.355	62.365	62.341	62.352	5
2025-12-09 03:05	62.370	62.370	62.341	62.355	5
2025-12-09 03:10	62.365	62.365	62.341	62.350	5
2025-12-09 03:15	62.342	62.350	62.341	62.345	5
2025-12-09 03:20	62.341	62.360	62.341	62.352	5
2025-12-09 03:25	62.348	62.362	62.342	62.360	3
2025-12-09 03:30	62.365	62.365	62.341	62.342	5
2025-12-09 03:35	62.350	62.355	62.348	62.348	3
2025-12-09 03:40	62.355	62.375	62.352	62.352	5
2025-12-09 03:45	62.348	62.372	62.348	62.372	5
2025-12-09 03:50	62.367	62.375	62.360	62.375	4
2025-12-09 03:55	62.368	62.385	62.368	62.372	5
2025-12-09 04:00	62.385	62.385	62.358	62.368	5
2025-12-09 04:05	62.370	62.387	62.370	62.387	4
2025-12-09 04:10	62.382	62.395	62.378	62.382	4
2025-12-09 04:15	62.390	62.395	62.378	62.392	5
2025-12-09 04:20	62.385	62.395	62.355	62.360	5
2025-12-09 04:25	62.353	62.360	62.350	62.350	3
2025-12-09 04:30	62.343	62.355	62.341	62.341	5
2025-12-09 04:35	62.341	62.341	62.341	62.341	4
2025-12-09 04:40	62.341	62.341	62.282	62.295	4
2025-12-09 04:45	62.305	62.315	62.302	62.312	2
2025-12-09 04:50	62.322	62.335	62.320	62.325	4
2025-12-09 04:55	62.317	62.325	62.313	62.325	5
2025-12-09 05:00	62.315	62.325	62.310	62.320	4
2025-12-09 05:05	62.322	62.322	62.298	62.310	3
2025-12-09 05:10	62.315	62.325	62.298	62.322	4
2025-12-09 05:15	62.320	62.322	62.320	62.320	3
2025-12-09 05:20	62.315	62.315	62.305	62.308	3
2025-12-09 05:25	62.315	62.325	62.302	62.308	4
2025-12-09 05:30	62.315	62.315	62.282	62.285	3
2025-12-09 05:35	62.255	62.255	62.217	62.255	5
2025-12-09 05:40	62.260	62.290	62.252	62.285	5
2025-12-09 05:45	62.290	62.295	62.262	62.272	5
2025-12-09 05:50	62.285	62.285	62.265	62.272	5
2025-12-09 05:55	62.285	62.315	62.272	62.310	5
2025-12-09 06:00	62.315	62.315	62.272	62.302	5
2025-12-09 06:05	62.300	62.307	62.260	62.262	5
2025-12-09 06:10	62.260	62.260	62.222	62.235	5
2025-12-09 06:15	62.245	62.275	62.235	62.257	5
2025-12-09 06:20	62.262	62.285	62.247	62.265	5
2025-12-09 06:25	62.257	62.295	62.257	62.292	5
2025-12-09 06:30	62.290	62.300	62.272	62.290	5
2025-12-09 06:35	62.295	62.295	62.272	62.280	5
2025-12-09 06:40	62.272	62.305	62.252	62.290	5
2025-12-09 06:45	62.295	62.325	62.280	62.297	5
2025-12-09 06:50	62.292	62.365	62.282	62.352	5
2025-12-09 06:55	62.360	62.360	62.332	62.347	5
2025-12-09 07:00	62.355	62.445	62.302	62.420	5
2025-12-09 07:05	62.412	62.445	62.402	62.437	5
2025-12-09 07:10	62.445	62.445	62.352	62.382	5
2025-12-09 07:15	62.375	62.455	62.362	62.442	5
2025-12-09 07:20	62.450	62.470	62.415	62.420	5
2025-12-09 07:25	62.415	62.465	62.415	62.432	5
2025-12-09 07:30	62.435	62.505	62.432	62.465	5
2025-12-09 07:35	62.470	62.470	62.412	62.412	5
2025-12-09 07:40	62.425	62.440	62.390	62.402	5
2025-12-09 07:45	62.410	62.435	62.382	62.435	5
2025-12-09 07:50	62.430	62.455	62.405	62.442	5
2025-12-09 07:55	62.440	62.445	62.395	62.412	5
2025-12-09 08:00	62.408	62.465	62.390	62.445	5
2025-12-09 08:05	62.440	62.440	62.377	62.402	5
2025-12-09 08:10	62.415	62.455	62.380	62.452	5
2025-12-09 08:15	62.465	62.482	62.412	62.415	5
2025-12-09 08:20	62.422	62.422	62.322	62.340	5
2025-12-09 08:25	62.335	62.345	62.292	62.335	5
2025-12-09 08:30	62.340	62.425	62.340	62.392	4
2025-12-09 08:35	62.385	62.445	62.362	62.442	5
2025-12-09 08:40	62.440	62.515	62.402	62.510	5
2025-12-09 08:45	62.505	62.510	62.410	62.422	5
2025-12-09 08:50	62.435	62.445	62.342	62.345	5
2025-12-09 08:55	62.335	62.345	62.282	62.302	5
2025-12-09 09:00	62.298	62.325	62.252	62.310	5
2025-12-09 09:05	62.315	62.355	62.300	62.310	5
2025-12-09 09:10	62.315	62.345	62.282	62.305	5
2025-12-09 09:15	62.310	62.385	62.290	62.362	5
2025-12-09 09:20	62.375	62.405	62.332	62.385	5
2025-12-09 09:25	62.380	62.395	62.340	62.382	5
2025-12-09 09:30	62.375	62.385	62.322	62.322	5
2025-12-09 09:35	62.315	62.320	62.245	62.295	5
2025-12-09 09:40	62.285	62.415	62.272	62.397	5
2025-12-09 09:45	62.395	62.410	62.312	62.317	5
2025-12-09 09:50	62.322	62.340	62.297	62.330	5
2025-12-09 09:55	62.322	62.405	62.315	62.402	5
2025-12-09 10:00	62.425	62.525	62.417	62.512	5
2025-12-09 10:05	62.510	62.565	62.452	62.562	5
2025-12-09 10:10	62.575	62.632	62.547	62.615	5
2025-12-09 10:15	62.625	62.682	62.597	62.682	5
2025-12-09 10:20	62.695	62.725	62.675	62.707	5
2025-12-09 10:25	62.715	62.735	62.670	62.685	5
2025-12-09 10:30	62.695	62.695	62.612	62.632	5
2025-12-09 10:35	62.630	62.665	62.582	62.627	5
2025-12-09 10:40	62.625	62.675	62.610	62.675	5
2025-12-09 10:45	62.662	62.680	62.632	62.655	5
2025-12-09 10:50	62.647	62.675	62.622	62.662	5
2025-12-09 10:55	62.670	62.692	62.622	62.622	5
2025-12-09 11:00	62.615	62.640	62.595	62.622	5
2025-12-09 11:05	62.617	62.625	62.582	62.582	5
2025-12-09 11:10	62.575	62.585	62.552	62.580	5
2025-12-09 11:15	62.585	62.585	62.552	62.572	5
2025-12-09 11:20	62.577	62.605	62.575	62.585	5
2025-12-09 11:25	62.595	62.682	62.595	62.672	5
2025-12-09 11:30	62.685	62.730	62.675	62.682	5
2025-12-09 11:35	62.680	62.685	62.645	62.645	5
2025-12-09 11:40	62.640	62.695	62.640	62.687	5
2025-12-09 11:45	62.685	62.695	62.652	62.680	5
2025-12-09 11:50	62.675	62.695	62.662	62.682	5
2025-12-09 11:55	62.690	62.735	62.690	62.712	5
2025-12-09 12:00	62.725	62.755	62.710	62.742	5
2025-12-09 12:05	62.755	62.755	62.692	62.732	5
2025-12-09 12:10	62.745	62.755	62.725	62.732	5
2025-12-09 12:15	62.725	62.725	62.702	62.705	3
2025-12-09 12:20	62.695	62.705	62.632	62.632	5
2025-12-09 12:25	62.640	62.650	62.602	62.632	5
2025-12-09 12:30	62.630	62.675	62.620	62.662	5
2025-12-09 12:35	62.655	62.665	62.622	62.652	5
2025-12-09 12:40	62.650	62.650	62.562	62.572	5
2025-12-09 12:45	62.570	62.635	62.562	62.622	5
2025-12-09 12:50	62.620	62.625	62.592	62.622	5
2025-12-09 12:55	62.615	62.615	62.572	62.600	5
2025-12-09 13:00	62.595	62.615	62.532	62.560	5
2025-12-09 13:05	62.552	62.585	62.540	62.545	5
2025-12-09 13:10	62.537	62.572	62.512	62.522	5
2025-12-09 13:15	62.515	62.520	62.472	62.480	5
2025-12-09 13:20	62.482	62.485	62.432	62.465	5
2025-12-09 13:25	62.467	62.475	62.362	62.385	5
2025-12-09 13:30	62.390	62.410	62.322	62.352	5
2025-12-09 13:35	62.360	62.395	62.322	62.322	5
2025-12-09 13:40	62.335	62.405	62.332	62.372	5
2025-12-09 13:45	62.380	62.425	62.342	62.372	5
2025-12-09 13:50	62.365	62.370	62.292	62.312	5
2025-12-09 13:55	62.310	62.425	62.302	62.425	5
2025-12-09 14:00	62.435	62.495	62.292	62.352	5
2025-12-09 14:05	62.347	62.365	62.272	62.315	5
2025-12-09 14:10	62.312	62.405	62.302	62.395	5
2025-12-09 14:15	62.400	62.400	62.330	62.345	5
2025-12-09 14:20	62.350	62.395	62.332	62.342	5
2025-12-09 14:25	62.350	62.425	62.345	62.385	5
2025-12-09 14:30	62.375	62.415	62.322	62.322	5
2025-12-09 14:35	62.330	62.360	62.252	62.262	5
2025-12-09 14:40	62.255	62.335	62.255	62.292	5
2025-12-09 14:45	62.305	62.335	62.252	62.322	5
2025-12-09 14:50	62.335	62.375	62.302	62.315	5
2025-12-09 14:55	62.305	62.325	62.168	62.168	5
2025-12-09 15:00	62.168	62.235	62.072	62.235	5
2025-12-09 15:05	62.240	62.285	62.195	62.230	5
2025-12-09 15:10	62.235	62.235	62.112	62.157	5
2025-12-09 15:15	62.155	62.175	62.072	62.072	5
2025-12-09 15:20	62.065	62.075	61.885	61.925	5
2025-12-09 15:25	61.935	61.965	61.882	61.922	5
2025-12-09 15:30	61.915	61.965	61.817	61.935	5
2025-12-09 15:35	61.940	61.945	61.892	61.905	5
2025-12-09 15:40	61.900	61.945	61.862	61.927	5
2025-12-09 15:45	61.925	61.985	61.892	61.922	5
2025-12-09 15:50	61.915	61.915	61.822	61.895	5
2025-12-09 15:55	61.905	61.955	61.882	61.932	5
2025-12-09 16:00	61.925	62.055	61.922	62.005	5
2025-12-09 16:05	61.995	62.015	61.930	61.930	5
2025-12-09 16:10	61.932	61.955	61.892	61.942	5
2025-12-09 16:15	61.940	62.015	61.922	61.995	5
2025-12-09 16:20	61.990	62.005	61.905	61.945	5
2025-12-09 16:25	61.950	61.975	61.922	61.955	5
2025-12-09 16:30	61.945	61.990	61.845	61.870	5
2025-12-09 16:35	61.875	61.915	61.812	61.900	5
2025-12-09 16:40	61.890	61.955	61.872	61.907	5
2025-12-09 16:45	61.912	61.925	61.880	61.902	5
2025-12-09 16:50	61.900	61.910	61.852	61.902	5
2025-12-09 16:55	61.905	61.930	61.875	61.892	5
2025-12-09 17:00	61.893	61.935	61.875	61.895	5
2025-12-09 17:05	61.905	61.945	61.892	61.905	5
2025-12-09 17:10	61.910	61.915	61.875	61.892	5
2025-12-09 17:15	61.890	61.925	61.872	61.902	5
2025-12-09 17:20	61.915	61.925	61.865	61.892	5
2025-12-09 17:25	61.885	61.905	61.840	61.855	5
2025-12-09 17:30	61.850	61.885	61.842	61.882	5
2025-12-09 17:35	61.890	61.895	61.850	61.852	5
2025-12-09 17:40	61.845	61.895	61.842	61.882	5
2025-12-09 17:45	61.880	61.915	61.862	61.895	5
2025-12-09 17:50	61.887	61.895	61.867	61.880	5
2025-12-09 17:55	61.872	61.905	61.852	61.855	5
2025-12-09 18:00	61.845	61.895	61.822	61.882	5
2025-12-09 18:05	61.880	61.880	61.840	61.840	5
2025-12-09 18:10	61.842	61.895	61.837	61.895	5
2025-12-09 18:15	61.890	61.945	61.872	61.932	5
2025-12-09 18:20	61.940	61.965	61.932	61.942	5
2025-12-09 18:25	61.940	61.940	61.882	61.900	5
2025-12-09 18:30	61.892	61.975	61.892	61.965	5
2025-12-09 18:35	61.957	61.960	61.862	61.880	5
2025-12-09 18:40	61.885	61.895	61.860	61.892	5
2025-12-09 18:45	61.885	61.915	61.882	61.897	5
2025-12-09 18:50	61.902	61.905	61.847	61.860	5
2025-12-09 18:55	61.855	61.885	61.852	61.870	5
2025-12-09 19:00	61.875	61.925	61.852	61.885	5
2025-12-09 19:05	61.880	61.905	61.865	61.902	5
2025-12-09 19:10	61.900	61.935	61.882	61.935	5
2025-12-09 19:15	61.930	61.935	61.892	61.925	5
2025-12-09 19:20	61.920	61.925	61.872	61.925	5
2025-12-09 19:25	61.930	61.955	61.862	61.912	5
2025-12-09 19:30	61.905	61.955	61.902	61.952	5
2025-12-09 19:35	61.965	61.985	61.952	61.975	5
2025-12-09 19:40	61.980	61.995	61.972	61.990	5
2025-12-09 19:45	61.995	62.015	61.982	61.995	5
2025-12-09 19:50	62.000	62.075	61.987	62.062	5
2025-12-09 19:55	62.060	62.060	62.032	62.032	4
2025-12-09 20:00	62.040	62.055	62.032	62.042	5
2025-12-09 20:05	62.035	62.055	62.020	62.050	5
2025-12-09 20:10	62.055	62.065	62.050	62.052	5
2025-12-09 20:15	62.060	62.065	62.027	62.028	5
2025-12-09 20:20	62.025	62.045	62.022	62.032	5
2025-12-09 20:25	62.025	62.025	62.012	62.017	4
2025-12-09 20:30	62.015	62.020	61.985	61.992	4
2025-12-09 20:35	62.000	62.005	61.972	62.002	5
2025-12-09 20:40	62.010	62.020	62.002	62.012	5
2025-12-09 20:45	62.025	62.042	62.002	62.035	5
2025-12-09 20:50	62.030	62.045	62.012	62.015	5
2025-12-09 20:55	62.020	62.025	61.992	61.995	4
2025-12-09 21:00	61.982	62.012	61.982	62.007	5
2025-12-09 21:05	62.007	62.022	62.007	62.022	3
2025-12-09 21:10	62.022	62.037	62.022	62.037	4
2025-12-09 21:15	62.037	62.042	62.032	62.037	4
2025-12-09 21:20	62.032	62.052	62.027	62.042	5
2025-12-09 21:25	62.042	62.052	62.022	62.027	5
2025-12-09 21:30	62.027	62.027	61.967	61.967	5
2025-12-09 21:35	61.967	62.022	61.962	62.022	4
2025-12-09 21:40	62.012	62.048	62.012	62.027	5
2025-12-09 21:45	62.032	62.032	62.002	62.027	4
2025-12-09 21:50	62.022	62.067	62.022	62.032	5
2025-12-09 21:55	62.042	62.062	62.032	62.057	5
2025-12-10 01:00	62.022	62.065	61.980	62.025	5
2025-12-10 01:05	62.027	62.060	61.995	62.012	5
2025-12-10 01:10	62.005	62.035	62.000	62.030	5
2025-12-10 01:15	62.032	62.055	62.032	62.055	4
2025-12-10 01:20	62.065	62.065	62.025	62.030	4
2025-12-10 01:25	62.025	62.050	62.012	62.030	5
2025-12-10 01:30	62.032	62.055	62.022	62.050	3
2025-12-10 01:35	62.055	62.060	62.032	62.035	4
2025-12-10 01:40	62.040	62.065	62.035	62.065	3
2025-12-10 01:45	62.060	62.075	62.052	62.072	5
2025-12-10 01:50	62.070	62.095	62.050	62.072	5
2025-12-10 01:55	62.085	62.100	62.065	62.065	2
2025-12-10 02:00	62.075	62.110	62.060	62.085	5
2025-12-10 02:05	62.090	62.090	62.062	62.075	5
2025-12-10 02:10	62.080	62.085	62.042	62.065	5
2025-12-10 02:15	62.058	62.075	62.058	62.058	5
2025-12-10 02:20	62.065	62.092	62.062	62.070	5
2025-12-10 02:25	62.062	62.065	62.040	62.045	5
2025-12-10 02:30	62.050	62.055	62.042	62.050	5
2025-12-10 02:35	62.055	62.055	62.035	62.050	3
2025-12-10 02:40	62.045	62.045	62.028	62.035	5
2025-12-10 02:45	62.037	62.050	62.025	62.037	4
2025-12-10 02:50	62.045	62.065	61.992	61.992	4
2025-12-10 02:55	62.000	62.020	62.000	62.012	5
2025-12-10 03:00	62.005	62.005	61.950	61.955	5
2025-12-10 03:05	61.960	61.985	61.942	61.972	5
2025-12-10 03:10	61.970	62.010	61.962	62.000	5
2025-12-10 03:15	61.995	62.005	61.992	62.000	4
2025-12-10 03:20	62.002	62.020	61.992	62.000	5
2025-12-10 03:25	61.995	62.035	61.995	62.015	5
2025-12-10 03:30	62.020	62.025	62.002	62.022	4
2025-12-10 03:35	62.020	62.022	62.005	62.005	4
2025-12-10 03:40	62.010	62.015	62.003	62.012	3
2025-12-10 03:50	62.025	62.025	62.008	62.015	5
2025-12-10 03:55	62.025	62.025	62.012	62.012	5
2025-12-10 04:00	62.020	62.035	62.013	62.032	4
2025-12-10 04:05	62.045	62.045	62.038	62.045	3
2025-12-10 04:10	62.040	62.040	62.022	62.025	4
2025-12-10 04:15	62.020	62.025	62.015	62.015	3
2025-12-10 04:20	62.010	62.017	62.005	62.015	4
2025-12-10 04:25	62.020	62.025	62.012	62.012	2
2025-12-10 04:35	62.025	62.025	62.008	62.022	2
2025-12-10 04:40	62.020	62.020	62.005	62.005	2
2025-12-10 04:45	61.998	62.015	61.998	62.012	3
2025-12-10 04:50	62.008	62.008	61.962	61.980	5
2025-12-10 04:55	61.972	61.990	61.972	61.985	5
2025-12-10 05:00	61.978	61.995	61.978	61.992	3
2025-12-10 05:05	61.990	61.995	61.980	61.985	3
2025-12-10 05:10	61.980	61.980	61.960	61.962	2
2025-12-10 05:15	61.975	61.982	61.972	61.982	4
2025-12-10 05:20	61.995	62.005	61.990	62.002	4
2025-12-10 05:25	62.015	62.030	62.010	62.030	4
2025-12-10 05:30	62.022	62.035	62.002	62.012	5
2025-12-10 05:35	62.020	62.040	62.020	62.035	5
2025-12-10 05:40	62.025	62.062	62.022	62.052	5
2025-12-10 05:45	62.060	62.085	62.035	62.035	4
2025-12-10 05:50	62.030	62.040	62.015	62.025	5
2025-12-10 05:55	62.030	62.050	62.022	62.040	5
2025-12-10 06:00	62.045	62.065	62.037	62.050	5
2025-12-10 06:05	62.045	62.050	62.022	62.040	5
2025-12-10 06:10	62.032	62.045	62.020	62.040	5
2025-12-10 06:15	62.042	62.090	62.042	62.070	5
2025-12-10 06:20	62.065	62.085	62.060	62.072	5
2025-12-10 06:25	62.085	62.095	62.082	62.087	5
2025-12-10 06:30	62.085	62.095	62.050	62.075	5
2025-12-10 06:35	62.070	62.085	62.055	62.082	5
2025-12-10 06:40	62.095	62.125	62.092	62.120	5
2025-12-10 06:45	62.125	62.145	62.112	62.130	5
2025-12-10 06:50	62.122	62.135	62.102	62.112	5
2025-12-10 06:55	62.100	62.115	62.092	62.095	5
2025-12-10 07:00	62.085	62.095	62.042	62.087	5
2025-12-10 07:05	62.085	62.092	62.035	62.055	5
2025-12-10 07:10	62.060	62.060	62.032	62.045	5
2025-12-10 07:15	62.050	62.105	62.045	62.065	5
2025-12-10 07:20	62.057	62.075	62.042	62.050	5
2025-12-10 07:25	62.045	62.065	62.042	62.065	5
2025-12-10 07:30	62.055	62.105	62.052	62.087	5
2025-12-10 07:35	62.085	62.095	62.055	62.065	5
2025-12-10 07:40	62.075	62.075	62.012	62.022	5
2025-12-10 07:45	62.035	62.055	62.022	62.030	5
2025-12-10 07:50	62.025	62.025	61.970	61.972	5
2025-12-10 07:55	61.970	61.995	61.915	61.972	5
2025-12-10 08:00	61.968	62.035	61.942	62.000	5
2025-12-10 08:05	61.992	62.035	61.952	62.032	5
2025-12-10 08:10	62.045	62.050	62.010	62.020	5
2025-12-10 08:15	62.015	62.065	62.002	62.032	5
2025-12-10 08:20	62.030	62.045	62.012	62.040	5
2025-12-10 08:25	62.042	62.085	61.922	61.942	5
2025-12-10 08:30	61.955	61.980	61.825	61.892	5
2025-12-10 08:35	61.900	61.935	61.852	61.890	5
2025-12-10 08:40	61.885	61.935	61.882	61.922	5
2025-12-10 08:45	61.930	61.935	61.862	61.870	5
2025-12-10 08:50	61.872	61.985	61.862	61.952	5
2025-12-10 08:55	61.935	61.935	61.882	61.905	5
2025-12-10 09:00	61.892	61.905	61.792	61.852	5
2025-12-10 09:05	61.865	62.005	61.862	61.970	5
2025-12-10 09:10	61.965	62.055	61.962	62.055	5
2025-12-10 09:15	62.065	62.125	62.022	62.025	5
2025-12-10 09:20	62.015	62.095	61.992	62.065	5
2025-12-10 09:25	62.060	62.085	62.032	62.072	5
2025-12-10 09:30	62.080	62.085	61.970	62.025	5
2025-12-10 09:35	62.030	62.035	61.992	62.015	5
2025-12-10 09:40	62.020	62.035	61.900	61.905	5
2025-12-10 09:45	61.910	61.945	61.802	61.805	5
2025-12-10 09:50	61.800	61.905	61.742	61.890	5
2025-12-10 09:55	61.885	61.905	61.865	61.895	5
2025-12-10 10:00	61.905	62.015	61.900	61.915	5
2025-12-10 10:05	61.925	62.005	61.922	61.992	5
2025-12-10 10:10	61.975	62.125	61.975	62.112	5
2025-12-10 10:15	62.135	62.165	62.057	62.060	5
2025-12-10 10:20	62.065	62.115	62.032	62.082	5
2025-12-10 10:25	62.080	62.080	61.982	62.002	5
2025-12-10 10:30	62.000	62.005	61.882	61.925	5
2025-12-10 10:35	61.935	62.025	61.932	62.022	5
2025-12-10 10:40	62.020	62.085	61.992	62.075	5
2025-12-10 10:45	62.067	62.175	62.067	62.142	5
2025-12-10 10:50	62.150	62.195	62.142	62.182	5
2025-12-10 10:55	62.195	62.250	62.187	62.215	5
2025-12-10 11:00	62.205	62.240	62.162	62.182	5
2025-12-10 11:05	62.195	62.245	62.192	62.215	5
2025-12-10 11:10	62.205	62.245	62.192	62.235	4
2025-12-10 11:15	62.222	62.222	62.152	62.165	5
2025-12-10 11:20	62.185	62.252	62.172	62.242	4
2025-12-10 11:25	62.255	62.295	62.228	62.252	5
2025-12-10 11:30	62.260	62.265	62.212	62.212	5
2025-12-10 11:35	62.225	62.255	62.212	62.222	5
2025-12-10 11:40	62.230	62.265	62.222	62.225	5
2025-12-10 11:45	62.230	62.235	62.202	62.212	5
2025-12-10 11:50	62.205	62.205	62.152	62.172	5
2025-12-10 11:55	62.155	62.195	62.152	62.172	5
2025-12-10 12:00	62.165	62.262	62.152	62.262	5
2025-12-10 12:05	62.260	62.275	62.230	62.252	5
2025-12-10 12:10	62.245	62.275	62.242	62.245	3
2025-12-10 12:15	62.255	62.260	62.175	62.182	5
2025-12-10 12:20	62.195	62.215	62.172	62.202	5
2025-12-10 12:25	62.210	62.235	62.192	62.225	5
2025-12-10 12:30	62.230	62.235	62.192	62.192	5
2025-12-10 12:35	62.205	62.245	62.182	62.230	5
2025-12-10 12:40	62.222	62.235	62.185	62.192	5
2025-12-10 12:45	62.205	62.265	62.202	62.242	4
2025-12-10 12:50	62.235	62.295	62.197	62.205	5
2025-12-10 12:55	62.215	62.215	62.132	62.140	5
2025-12-10 13:00	62.135	62.135	62.030	62.095	5
2025-12-10 13:05	62.105	62.145	62.050	62.072	5
2025-12-10 13:10	62.080	62.080	61.995	62.010	5
2025-12-10 13:15	62.015	62.062	62.002	62.015	5
2025-12-10 13:20	62.010	62.015	61.962	62.012	5
2025-12-10 13:25	62.000	62.015	61.972	61.985	5
2025-12-10 13:30	61.980	62.015	61.962	61.990	5
2025-12-10 13:35	61.985	62.025	61.955	61.985	5
2025-12-10 13:40	61.990	62.030	61.982	62.015	5
2025-12-10 13:45	62.025	62.055	62.017	62.032	5
2025-12-10 13:50	62.030	62.040	61.967	61.975	5
2025-12-10 13:55	61.965	61.975	61.915	61.975	5
2025-12-10 14:00	61.965	61.975	61.852	61.880	5
2025-12-10 14:05	61.872	61.885	61.802	61.802	5
2025-12-10 14:10	61.802	61.802	61.640	61.662	5
2025-12-10 14:15	61.665	61.705	61.520	61.602	5
2025-12-10 14:20	61.592	61.595	61.492	61.525	5
2025-12-10 14:25	61.535	61.625	61.522	61.605	5
2025-12-10 14:30	61.595	61.635	61.572	61.612	5
2025-12-10 14:35	61.625	61.625	61.462	61.472	5
2025-12-10 14:40	61.465	61.560	61.432	61.515	5
2025-12-10 14:45	61.515	61.595	61.437	61.517	5
2025-12-10 14:50	61.530	61.565	61.502	61.532	5
2025-12-10 14:55	61.545	61.565	61.505	61.545	5
2025-12-10 15:00	61.540	61.605	61.502	61.585	5
2025-12-10 15:05	61.580	61.625	61.535	61.545	5
2025-12-10 15:10	61.550	61.615	61.492	61.545	5
2025-12-10 15:15	61.555	61.575	61.502	61.535	5
2025-12-10 15:20	61.525	61.535	61.500	61.522	5
2025-12-10 15:25	61.530	61.535	61.472	61.520	5
2025-12-10 15:30	61.510	61.565	61.405	61.482	5
2025-12-10 15:35	61.480	61.505	61.432	61.482	5
2025-12-10 15:40	61.490	61.495	61.400	61.472	5
2025-12-10 15:45	61.470	61.485	61.437	61.452	5
2025-12-10 15:50	61.460	61.537	61.442	61.445	5
2025-12-10 15:55	61.435	61.455	61.377	61.420	5
2025-12-10 16:00	61.408	61.435	61.345	61.352	5
2025-12-10 16:05	61.365	61.450	61.362	61.422	5
2025-12-10 16:10	61.415	61.445	61.392	61.430	5
2025-12-10 16:15	61.425	61.455	61.405	61.442	5
2025-12-10 16:20	61.440	61.485	61.435	61.472	5
2025-12-10 16:25	61.480	61.535	61.422	61.492	5
2025-12-10 16:30	61.490	61.495	61.432	61.455	5
2025-12-10 16:35	61.447	61.515	61.432	61.502	5
2025-12-10 16:40	61.495	61.625	61.492	61.592	5
2025-12-10 16:45	61.590	61.695	61.575	61.642	5
2025-12-10 16:50	61.640	61.745	61.622	61.745	5
2025-12-10 16:55	61.755	61.775	61.722	61.762	5
2025-12-10 17:00	61.755	61.765	61.688	61.742	5
2025-12-10 17:05	61.755	61.785	61.702	61.772	5
2025-12-10 17:10	61.785	61.795	61.740	61.782	5
2025-12-10 17:15	61.780	61.825	61.780	61.792	5
2025-12-10 17:20	61.780	61.805	61.762	61.782	5
2025-12-10 17:25	61.790	61.825	61.782	61.795	5
2025-12-10 17:30	61.790	61.815	61.762	61.785	5
2025-12-10 17:35	61.795	61.795	61.700	61.715	5
2025-12-10 17:40	61.720	61.735	61.692	61.705	5
2025-12-10 17:45	61.707	61.755	61.702	61.750	5
2025-12-10 17:50	61.745	61.805	61.745	61.797	5
2025-12-10 17:55	61.805	61.825	61.762	61.772	5
2025-12-10 18:00	61.780	61.785	61.752	61.772	5
2025-12-10 18:05	61.780	61.815	61.772	61.812	5
2025-12-10 18:10	61.805	61.845	61.802	61.832	5
2025-12-10 18:15	61.845	61.935	61.832	61.912	5
2025-12-10 18:20	61.920	62.005	61.912	61.942	5
2025-12-10 18:25	61.935	61.935	61.865	61.875	5
2025-12-10 18:30	61.865	61.875	61.832	61.862	5
2025-12-10 18:35	61.855	61.885	61.852	61.872	5
2025-12-10 18:40	61.885	62.250	61.868	62.002	5
2025-12-10 18:45	62.015	62.135	62.005	62.122	5
2025-12-10 18:50	62.120	62.175	62.032	62.035	5
2025-12-10 18:55	62.040	62.070	61.965	62.060	5
2025-12-10 19:00	62.065	62.150	62.017	62.060	5
2025-12-10 19:05	62.062	62.180	62.060	62.162	5
2025-12-10 19:10	62.175	62.225	62.142	62.215	5
2025-12-10 19:15	62.210	62.265	62.202	62.240	5
2025-12-10 19:20	62.235	62.270	62.110	62.125	5
2025-12-10 19:25	62.130	62.255	62.102	62.255	5
2025-12-10 19:30	62.245	62.410	62.222	62.372	5
2025-12-10 19:35	62.385	62.415	62.358	62.392	5
2025-12-10 19:40	62.400	62.405	62.308	62.342	5
2025-12-10 19:45	62.355	62.415	62.352	62.372	5
2025-12-10 19:50	62.370	62.465	62.362	62.455	5
2025-12-10 19:55	62.447	62.475	62.442	62.455	4
2025-12-10 20:00	62.455	62.690	62.442	62.562	5
2025-12-10 20:05	62.570	62.610	62.542	62.600	5
2025-12-10 20:10	62.605	62.655	62.587	62.612	5
2025-12-10 20:15	62.605	62.650	62.592	62.600	5
2025-12-10 20:20	62.595	62.705	62.595	62.640	5
2025-12-10 20:25	62.632	62.672	62.622	62.662	5
2025-12-10 20:30	62.660	62.705	62.622	62.692	5
2025-12-10 20:35	62.700	62.705	62.642	62.655	5
2025-12-10 20:40	62.650	62.655	62.592	62.625	5
2025-12-10 20:45	62.620	62.645	62.610	62.640	5
2025-12-10 20:50	62.633	62.645	62.610	62.622	5
2025-12-10 20:55	62.630	62.635	62.557	62.610	5
2025-12-10 21:00	62.587	62.652	62.582	62.642	5
2025-12-10 21:05	62.642	62.642	62.622	62.632	5
2025-12-10 21:10	62.642	62.642	62.602	62.622	5
2025-12-10 21:15	62.617	62.672	62.617	62.642	5
2025-12-10 21:20	62.632	62.632	62.617	62.622	4
2025-12-10 21:25	62.622	62.622	62.597	62.597	5
2025-12-10 21:30	62.592	62.612	62.592	62.602	5
2025-12-10 21:35	62.612	62.623	62.602	62.612	4
2025-12-10 21:40	62.602	62.607	62.592	62.597	4
2025-12-10 21:45	62.602	62.617	62.592	62.602	4
2025-12-10 21:50	62.607	62.652	62.602	62.617	5
2025-12-10 21:55	62.612	62.627	62.602	62.622	5
2025-12-11 01:00	62.410	62.530	62.395	62.485	5
2025-12-11 01:05	62.490	62.530	62.480	62.482	5
2025-12-11 01:10	62.465	62.495	62.442	62.465	5
2025-12-11 01:15	62.475	62.485	62.445	62.472	5
2025-12-11 01:20	62.480	62.525	62.472	62.510	5
2025-12-11 01:25	62.515	62.605	62.515	62.595	5
2025-12-11 01:30	62.605	62.610	62.522	62.535	5
2025-12-11 01:35	62.527	62.545	62.512	62.532	5
2025-12-11 01:40	62.515	62.585	62.515	62.560	5
2025-12-11 01:45	62.565	62.570	62.542	62.542	5
2025-12-11 01:50	62.540	62.550	62.512	62.532	5
2025-12-11 01:55	62.540	62.545	62.512	62.512	5
2025-12-11 02:00	62.520	62.545	62.505	62.532	4
2025-12-11 02:05	62.530	62.535	62.492	62.492	3
2025-12-11 02:10	62.485	62.502	62.452	62.480	5
2025-12-11 02:15	62.482	62.490	62.422	62.422	5
2025-12-11 02:20	62.415	62.425	62.412	62.422	4
2025-12-11 02:25	62.415	62.425	62.410	62.415	2
2025-12-11 02:30	62.405	62.465	62.405	62.440	5
2025-12-11 02:35	62.445	62.465	62.407	62.412	5
2025-12-11 02:40	62.425	62.475	62.415	62.472	5
2025-12-11 02:45	62.467	62.472	62.432	62.432	5
2025-12-11 02:50	62.430	62.445	62.392	62.395	5
2025-12-11 02:55	62.390	62.405	62.370	62.375	5
2025-12-11 03:00	62.380	62.395	62.335	62.352	5
2025-12-11 03:05	62.357	62.375	62.260	62.272	5
2025-12-11 03:10	62.270	62.285	62.190	62.205	5
2025-12-11 03:15	62.207	62.240	62.192	62.215	5
2025-12-11 03:20	62.210	62.210	62.122	62.122	5
2025-12-11 03:25	62.120	62.160	62.100	62.135	5
2025-12-11 03:30	62.137	62.142	62.102	62.127	5
2025-12-11 03:35	62.132	62.145	62.115	62.130	5
2025-12-11 03:40	62.135	62.165	62.122	62.155	5
2025-12-11 03:45	62.145	62.152	62.122	62.152	5
2025-12-11 03:50	62.150	62.150	62.132	62.137	3
2025-12-11 03:55	62.132	62.165	62.132	62.150	5
2025-12-11 04:00	62.142	62.145	62.092	62.115	5
2025-12-11 04:05	62.120	62.150	62.120	62.142	5
2025-12-11 04:10	62.155	62.185	62.152	62.182	4
2025-12-11 04:15	62.165	62.165	62.142	62.142	5
2025-12-11 04:20	62.138	62.162	62.138	62.162	5
2025-12-11 04:25	62.157	62.165	62.142	62.150	4
2025-12-11 04:30	62.142	62.155	62.142	62.155	5
2025-12-11 04:35	62.160	62.160	62.112	62.137	5
2025-12-11 04:40	62.135	62.165	62.135	62.150	5
2025-12-11 04:45	62.155	62.160	62.132	62.137	5
2025-12-11 04:50	62.142	62.145	62.112	62.112	5
2025-12-11 04:55	62.125	62.125	62.095	62.107	5
2025-12-11 05:00	62.105	62.135	62.105	62.132	5
2025-12-11 05:05	62.130	62.130	62.105	62.110	5
2025-12-11 05:10	62.105	62.135	62.105	62.125	5
2025-12-11 05:15	62.120	62.140	62.120	62.130	5
2025-12-11 05:20	62.125	62.125	62.090	62.095	4
2025-12-11 05:25	62.105	62.110	62.083	62.085	5
2025-12-11 05:30	62.090	62.090	62.030	62.030	5
2025-12-11 05:35	62.032	62.040	62.002	62.012	5
2025-12-11 05:40	62.017	62.045	61.952	61.972	5
2025-12-11 05:45	61.970	61.982	61.960	61.962	5
2025-12-11 05:50	61.970	61.995	61.960	61.995	5
2025-12-11 05:55	62.000	62.000	61.972	61.975	5
2025-12-11 06:00	61.980	61.980	61.925	61.945	5
2025-12-11 06:05	61.940	61.965	61.917	61.937	5
2025-12-11 06:10	61.935	61.945	61.882	61.882	5
2025-12-11 06:15	61.870	61.895	61.852	61.875	5
2025-12-11 06:20	61.870	61.895	61.855	61.872	5
2025-12-11 06:25	61.880	61.895	61.862	61.887	5
2025-12-11 06:30	61.892	61.920	61.875	61.895	5
2025-12-11 06:35	61.890	61.930	61.890	61.922	5
2025-12-11 06:40	61.920	61.925	61.882	61.892	4
2025-12-11 06:45	61.890	61.895	61.842	61.865	5
2025-12-11 06:50	61.855	61.860	61.802	61.802	5
2025-12-11 06:55	61.810	61.825	61.790	61.820	5
2025-12-11 07:00	61.795	61.810	61.752	61.767	5
2025-12-11 07:05	61.775	61.815	61.752	61.802	5
2025-12-11 07:10	61.805	61.865	61.802	61.832	5
2025-12-11 07:15	61.830	61.835	61.807	61.812	5
2025-12-11 07:20	61.810	61.815	61.765	61.770	5
2025-12-11 07:25	61.775	61.795	61.682	61.700	5
2025-12-11 07:30	61.695	61.720	61.685	61.700	5
2025-12-11 07:35	61.705	61.805	61.702	61.792	5
2025-12-11 07:40	61.790	61.845	61.762	61.835	4
2025-12-11 07:45	61.825	61.845	61.805	61.825	5
2025-12-11 07:50	61.835	61.835	61.762	61.762	5
2025-12-11 07:55	61.755	61.807	61.742	61.762	5
2025-12-11 08:00	61.758	61.785	61.692	61.755	5
2025-12-11 08:05	61.765	61.785	61.712	61.725	5
2025-12-11 08:10	61.720	61.725	61.672	61.692	5
2025-12-11 08:15	61.705	61.715	61.582	61.582	5
2025-12-11 08:20	61.575	61.615	61.552	61.580	5
2025-12-11 08:25	61.575	61.615	61.535	61.582	5
2025-12-11 08:30	61.595	61.625	61.472	61.492	5
2025-12-11 08:35	61.500	61.545	61.452	61.532	5
2025-12-11 08:40	61.525	61.560	61.495	61.502	5
2025-12-11 08:45	61.510	61.575	61.502	61.522	5
2025-12-11 08:50	61.535	61.535	61.362	61.432	5
2025-12-11 08:55	61.430	61.485	61.430	61.447	5
2025-12-11 09:00	61.460	61.475	61.342	61.352	5
2025-12-11 09:05	61.350	61.500	61.350	61.472	5
2025-12-11 09:10	61.465	61.465	61.390	61.402	5
2025-12-11 09:15	61.415	61.420	61.362	61.370	5
2025-12-11 09:20	61.365	61.435	61.365	61.402	5
2025-12-11 09:25	61.400	61.432	61.352	61.405	5
2025-12-11 09:30	61.415	61.425	61.345	61.362	5
2025-12-11 09:35	61.360	61.405	61.355	61.395	5
2025-12-11 09:40	61.385	61.480	61.372	61.462	5
2025-12-11 09:45	61.475	61.485	61.412	61.435	5
2025-12-11 09:50	61.430	61.465	61.412	61.450	5
2025-12-11 09:55	61.445	61.455	61.382	61.385	5
2025-12-11 10:00	61.400	61.405	61.232	61.325	5
2025-12-11 10:05	61.330	61.345	61.262	61.272	5
2025-12-11 10:10	61.270	61.280	61.227	61.255	5
2025-12-11 10:15	61.262	61.265	61.212	61.232	5
2025-12-11 10:20	61.240	61.250	61.182	61.182	5
2025-12-11 10:25	61.195	61.235	61.192	61.202	5
2025-12-11 10:30	61.195	61.245	61.182	61.222	5
2025-12-11 10:35	61.235	61.325	61.230	61.312	5
2025-12-11 10:40	61.325	61.355	61.292	61.302	5
2025-12-11 10:45	61.300	61.325	61.282	61.312	5
2025-12-11 10:50	61.310	61.310	61.262	61.262	5
2025-12-11 10:55	61.260	61.265	61.222	61.242	5
2025-12-11 11:00	61.255	61.345	61.212	61.335	5
2025-12-11 11:05	61.345	61.370	61.322	61.332	5
2025-12-11 11:10	61.330	61.340	61.292	61.292	5
2025-12-11 11:15	61.305	61.315	61.292	61.305	5
2025-12-11 11:20	61.312	61.362	61.302	61.342	5
2025-12-11 11:25	61.340	61.415	61.337	61.392	5
2025-12-11 11:30	61.405	61.435	61.392	61.430	5
2025-12-11 11:35	61.425	61.445	61.395	61.402	5
2025-12-11 11:40	61.400	61.405	61.352	61.352	4
2025-12-11 11:45	61.365	61.485	61.362	61.445	5
2025-12-11 11:50	61.440	61.450	61.402	61.415	5
2025-12-11 11:55	61.405	61.445	61.402	61.430	5
2025-12-11 12:00	61.425	61.492	61.425	61.480	5
2025-12-11 12:05	61.472	61.525	61.452	61.520	5
2025-12-11 12:10	61.535	61.565	61.500	61.512	5
2025-12-11 12:15	61.505	61.525	61.490	61.522	4
2025-12-11 12:20	61.505	61.535	61.492	61.525	5
2025-12-11 12:25	61.515	61.575	61.502	61.520	5
2025-12-11 12:30	61.515	61.530	61.462	61.480	5
2025-12-11 12:35	61.472	61.495	61.432	61.495	5
2025-12-11 12:40	61.505	61.540	61.492	61.522	5
2025-12-11 12:45	61.520	61.535	61.477	61.485	5
2025-12-11 12:50	61.480	61.485	61.442	61.462	5
2025-12-11 12:55	61.460	61.505	61.452	61.485	5
2025-12-11 13:00	61.478	61.525	61.472	61.502	5
2025-12-11 13:05	61.495	61.535	61.462	61.502	5
2025-12-11 13:10	61.515	61.515	61.482	61.495	5
2025-12-11 13:15	61.485	61.505	61.442	61.495	5
2025-12-11 13:20	61.505	61.545	61.475	61.475	5
2025-12-11 13:25	61.485	61.505	61.470	61.482	5
2025-12-11 13:30	61.480	61.515	61.462	61.462	5
2025-12-11 13:35	61.475	61.475	61.400	61.425	5
2025-12-11 13:40	61.420	61.425	61.372	61.375	5
2025-12-11 13:45	61.365	61.365	61.295	61.325	5
2025-12-11 13:50	61.335	61.390	61.250	61.352	5
2025-12-11 13:55	61.347	61.365	61.262	61.295	5
2025-12-11 14:00	61.275	61.295	61.052	61.062	5
2025-12-11 14:05	61.075	61.160	61.065	61.085	5
2025-12-11 14:10	61.090	61.105	61.015	61.022	5
2025-12-11 14:15	61.035	61.095	60.982	61.002	5
2025-12-11 14:20	60.995	61.055	60.981	61.022	5
2025-12-11 14:25	61.035	61.035	60.981	60.985	5
2025-12-11 14:30	60.981	61.022	60.915	60.942	5
2025-12-11 14:35	60.955	61.085	60.930	61.025	5
2025-12-11 14:40	61.027	61.060	60.982	61.035	5
2025-12-11 14:45	61.055	61.115	60.992	61.012	5
2025-12-11 14:50	61.005	61.075	60.982	61.000	5
2025-12-11 14:55	61.005	61.075	61.005	61.042	5
2025-12-11 15:00	61.045	61.175	61.032	61.142	5
2025-12-11 15:05	61.135	61.215	61.112	61.112	5
2025-12-11 15:10	61.115	61.135	61.092	61.102	5
2025-12-11 15:15	61.115	61.145	61.052	61.065	5
2025-12-11 15:20	61.062	61.115	61.052	61.102	5
2025-12-11 15:25	61.110	61.147	61.082	61.085	5
2025-12-11 15:30	61.095	61.172	61.062	61.075	5
2025-12-11 15:35	61.065	61.075	60.992	61.045	5
2025-12-11 15:40	61.035	61.092	60.992	61.072	5
2025-12-11 15:45	61.077	61.125	61.062	61.082	5
2025-12-11 15:50	61.075	61.125	61.012	61.122	5
2025-12-11 15:55	61.117	61.165	61.112	61.142	5
2025-12-11 16:00	61.145	61.203	60.742	60.902	5
2025-12-11 16:05	60.915	61.055	60.882	60.895	5
2025-12-11 16:10	60.885	60.955	60.852	60.920	5
2025-12-11 16:15	60.925	60.930	60.872	60.897	5
2025-12-11 16:20	60.902	61.065	60.872	60.975	5
2025-12-11 16:25	60.965	60.965	60.902	60.935	5
2025-12-11 16:30	60.920	60.940	60.802	60.902	5
2025-12-11 16:35	60.910	60.972	60.902	60.935	5
2025-12-11 16:40	60.925	61.015	60.922	60.972	5
2025-12-11 16:45	60.970	61.015	60.912	60.930	5
2025-12-11 16:50	60.935	60.955	60.862	60.895	5
2025-12-11 16:55	60.905	60.960	60.887	60.920	5
2025-12-11 17:00	60.925	60.990	60.920	60.942	5
2025-12-11 17:05	60.935	60.995	60.920	60.922	5
2025-12-11 17:10	60.920	60.955	60.912	60.955	5
2025-12-11 17:15	60.965	60.985	60.945	60.972	5
2025-12-11 17:20	60.985	61.085	60.977	61.042	5
2025-12-11 17:25	61.050	61.085	61.002	61.020	5
2025-12-11 17:30	61.012	61.045	60.975	61.015	5
2025-12-11 17:35	61.010	61.012	60.972	61.000	5
2025-12-11 17:40	61.005	61.005	60.942	60.952	5
2025-12-11 17:45	60.950	60.982	60.932	60.950	5
2025-12-11 17:50	60.955	60.995	60.945	60.985	5
2025-12-11 17:55	60.980	61.015	60.962	60.995	5
2025-12-11 18:00	60.987	61.015	60.962	60.965	5
2025-12-11 18:05	60.970	60.970	60.932	60.935	5
2025-12-11 18:10	60.945	61.035	60.942	61.022	5
2025-12-11 18:15	61.015	61.075	60.992	61.005	5
2025-12-11 18:20	61.015	61.025	60.992	61.005	5
2025-12-11 18:25	61.015	61.035	60.972	61.025	5
2025-12-11 18:30	61.020	61.180	61.012	61.102	5
2025-12-11 18:35	61.100	61.155	61.082	61.112	5
2025-12-11 18:40	61.105	61.115	61.062	61.062	5
2025-12-11 18:45	61.055	61.100	61.042	61.090	5
2025-12-11 18:50	61.092	61.092	61.052	61.080	5
2025-12-11 18:55	61.082	61.115	61.062	61.087	5
2025-12-11 19:00	61.100	61.125	61.072	61.115	5
2025-12-11 19:05	61.110	61.130	61.082	61.130	5
2025-12-11 19:10	61.135	61.225	61.122	61.215	5
2025-12-11 19:15	61.210	61.255	61.202	61.235	5
2025-12-11 19:20	61.245	61.295	61.167	61.175	5
2025-12-11 19:25	61.170	61.285	61.152	61.282	5
2025-12-11 19:30	61.275	61.385	61.275	61.382	5
2025-12-11 19:35	61.380	61.445	61.380	61.432	5
2025-12-11 19:40	61.440	61.455	61.422	61.435	5
2025-12-11 19:45	61.440	61.485	61.435	61.440	5
2025-12-11 19:50	61.445	61.445	61.417	61.425	5
2025-12-11 19:55	61.415	61.445	61.402	61.425	5
2025-12-11 20:00	61.415	61.440	61.410	61.435	4
2025-12-11 20:05	61.420	61.445	61.412	61.442	5
2025-12-11 20:10	61.440	61.455	61.382	61.390	5
2025-12-11 20:15	61.392	61.405	61.372	61.385	5
2025-12-11 20:20	61.395	61.410	61.382	61.385	5
2025-12-11 20:25	61.375	61.375	61.332	61.362	5
2025-12-11 20:30	61.367	61.425	61.367	61.415	5
2025-12-11 20:35	61.410	61.455	61.407	61.442	4
2025-12-11 20:40	61.450	61.470	61.447	61.465	5
2025-12-11 20:45	61.457	61.457	61.420	61.422	5
2025-12-11 20:50	61.415	61.455	61.402	61.452	5
2025-12-11 20:55	61.465	61.475	61.452	61.470	4
2025-12-11 21:00	61.465	61.488	61.453	61.478	5
2025-12-11 21:05	61.473	61.483	61.473	61.478	4
2025-12-11 21:10	61.483	61.518	61.478	61.508	5
2025-12-11 21:15	61.518	61.568	61.518	61.538	4
2025-12-11 21:20	61.533	61.538	61.508	61.513	4
2025-12-11 21:25	61.518	61.528	61.508	61.518	4
2025-12-11 21:30	61.513	61.538	61.513	61.528	4
2025-12-11 21:35	61.533	61.558	61.518	61.558	5
2025-12-11 21:40	61.563	61.573	61.548	61.573	5
2025-12-11 21:45	61.568	61.573	61.548	61.553	5
2025-12-11 21:50	61.548	61.603	61.538	61.548	5
2025-12-11 21:55	61.553	61.573	61.538	61.563	5
2025-12-12 01:00	61.550	61.625	61.532	61.592	5
2025-12-12 01:05	61.605	61.607	61.520	61.532	5
2025-12-12 01:10	61.525	61.562	61.512	61.547	5
2025-12-12 01:15	61.555	61.575	61.542	61.562	5
2025-12-12 01:20	61.570	61.620	61.565	61.592	5
2025-12-12 01:25	61.600	61.605	61.582	61.600	5
2025-12-12 01:30	61.605	61.605	61.582	61.592	5
2025-12-12 01:35	61.590	61.605	61.572	61.585	5
2025-12-12 01:40	61.600	61.655	61.597	61.645	4
2025-12-12 01:45	61.650	61.650	61.612	61.632	5
2025-12-12 01:50	61.625	61.635	61.605	61.610	5
2025-12-12 01:55	61.602	61.645	61.575	61.622	5
2025-12-12 02:00	61.620	61.665	61.620	61.662	5
2025-12-12 02:05	61.660	61.680	61.642	61.665	5
2025-12-12 02:10	61.655	61.695	61.642	61.680	5
2025-12-12 02:15	61.675	61.682	61.655	61.662	5
2025-12-12 02:20	61.670	61.685	61.665	61.680	5
2025-12-12 02:25	61.675	61.675	61.652	61.672	4
2025-12-12 02:30	61.660	61.705	61.652	61.682	5
2025-12-12 02:35	61.670	61.695	61.662	61.685	5
2025-12-12 02:40	61.675	61.675	61.652	61.667	5
2025-12-12 02:45	61.667	61.670	61.632	61.637	5
2025-12-12 02:50	61.635	61.675	61.635	61.667	5
2025-12-12 02:55	61.672	61.672	61.652	61.657	5
2025-12-12 03:00	61.665	61.665	61.622	61.630	5
2025-12-12 03:05	61.623	61.740	61.623	61.737	5
2025-12-12 03:10	61.742	61.835	61.728	61.825	5
2025-12-12 03:15	61.830	61.835	61.735	61.735	5
2025-12-12 03:20	61.740	61.740	61.690	61.715	5
2025-12-12 03:25	61.725	61.735	61.712	61.722	5
2025-12-12 03:30	61.715	61.715	61.650	61.662	5
2025-12-12 03:35	61.660	61.665	61.632	61.662	3
2025-12-12 03:40	61.675	61.675	61.632	61.645	5
2025-12-12 03:45	61.650	61.672	61.650	61.670	5
2025-12-12 03:50	61.672	61.690	61.667	61.672	5
2025-12-12 03:55	61.670	61.675	61.662	61.662	4
2025-12-12 04:00	61.655	61.655	61.622	61.637	2
2025-12-12 04:05	61.650	61.660	61.647	61.652	4
2025-12-12 04:10	61.660	61.660	61.660	61.660	1
2025-12-12 04:15	61.675	61.675	61.662	61.675	3
2025-12-12 04:20	61.685	61.685	61.672	61.672	2
2025-12-12 04:25	61.685	61.695	61.682	61.690	4
2025-12-12 04:30	61.682	61.695	61.682	61.692	2
2025-12-12 04:35	61.700	61.700	61.695	61.695	1
2025-12-12 04:40	61.690	61.690	61.682	61.682	1
2025-12-12 04:45	61.680	61.685	61.670	61.670	4
2025-12-12 04:50	61.665	61.672	61.662	61.662	4
2025-12-12 04:55	61.675	61.675	61.662	61.670	5
2025-12-12 05:00	61.675	61.675	61.660	61.662	3
2025-12-12 05:05	61.675	61.695	61.662	61.662	5
2025-12-12 05:10	61.672	61.690	61.672	61.685	4
2025-12-12 05:15	61.690	61.750	61.682	61.745	5
2025-12-12 05:20	61.735	61.770	61.732	61.750	5
2025-12-12 05:25	61.742	61.755	61.742	61.745	4
2025-12-12 05:30	61.750	61.770	61.742	61.765	5
2025-12-12 05:35	61.755	61.760	61.725	61.745	5
2025-12-12 05:40	61.740	61.742	61.722	61.730	4
2025-12-12 05:45	61.722	61.730	61.712	61.725	5
2025-12-12 05:50	61.730	61.775	61.722	61.772	5
2025-12-12 05:55	61.785	61.785	61.732	61.732	5
2025-12-12 06:00	61.745	61.760	61.702	61.702	5
2025-12-12 06:05	61.710	61.732	61.700	61.712	5
2025-12-12 06:10	61.710	61.715	61.680	61.685	5
2025-12-12 06:15	61.680	61.702	61.662	61.697	5
2025-12-12 06:20	61.695	61.695	61.662	61.665	5
2025-12-12 06:25	61.670	61.690	61.662	61.680	5
2025-12-12 06:30	61.685	61.695	61.622	61.630	5
2025-12-12 06:35	61.625	61.662	61.622	61.622	5
2025-12-12 06:40	61.630	61.635	61.592	61.592	5
2025-12-12 06:45	61.590	61.615	61.580	61.582	5
2025-12-12 06:50	61.575	61.600	61.532	61.600	5
2025-12-12 06:55	61.592	61.595	61.547	61.560	5
2025-12-12 07:00	61.548	61.595	61.535	61.575	5
2025-12-12 07:05	61.585	61.645	61.572	61.632	5
2025-12-12 07:10	61.640	61.645	61.590	61.595	5
2025-12-12 07:15	61.600	61.602	61.560	61.575	5
2025-12-12 07:20	61.570	61.575	61.535	61.550	5
2025-12-12 07:25	61.555	61.555	61.472	61.502	5
2025-12-12 07:30	61.500	61.530	61.495	61.510	5
2025-12-12 07:35	61.515	61.545	61.507	61.535	5
2025-12-12 07:40	61.545	61.575	61.542	61.555	4
2025-12-12 07:45	61.550	61.610	61.532	61.602	5
2025-12-12 07:50	61.595	61.605	61.562	61.592	5
2025-12-12 07:55	61.590	61.605	61.532	61.590	5
2025-12-12 08:00	61.583	61.583	61.507	61.542	5
2025-12-12 08:05	61.535	61.575	61.532	61.532	5
2025-12-12 08:10	61.530	61.580	61.480	61.510	5
2025-12-12 08:15	61.515	61.565	61.512	61.552	5
2025-12-12 08:20	61.545	61.565	61.515	61.522	5
2025-12-12 08:25	61.535	61.585	61.522	61.572	5
2025-12-12 08:30	61.570	61.595	61.532	61.585	5
2025-12-12 08:35	61.595	61.615	61.542	61.542	5
2025-12-12 08:40	61.535	61.605	61.505	61.552	5
2025-12-12 08:45	61.562	61.685	61.562	61.670	5
2025-12-12 08:50	61.672	61.750	61.652	61.712	5
2025-12-12 08:55	61.722	61.765	61.705	61.745	5
2025-12-12 09:00	61.755	61.762	61.700	61.745	5
2025-12-12 09:05	61.750	61.750	61.702	61.740	5
2025-12-12 09:10	61.745	61.775	61.680	61.690	5
2025-12-12 09:15	61.695	61.705	61.610	61.610	5
2025-12-12 09:20	61.602	61.635	61.562	61.575	5
2025-12-12 09:25	61.562	61.570	61.395	61.402	5
2025-12-12 09:30	61.415	61.435	61.362	61.410	5
2025-12-12 09:35	61.405	61.425	61.332	61.352	5
2025-12-12 09:40	61.365	61.365	61.282	61.282	5
2025-12-12 09:45	61.295	61.350	61.265	61.285	5
2025-12-12 09:50	61.280	61.305	61.222	61.262	5
2025-12-12 09:55	61.260	61.285	61.200	61.235	5
2025-12-12 10:00	61.255	61.265	61.160	61.160	5
2025-12-12 10:05	61.155	61.165	61.035	61.082	5
2025-12-12 10:10	61.095	61.105	61.022	61.042	5
2025-12-12 10:15	61.040	61.105	61.032	61.102	5
2025-12-12 10:20	61.095	61.130	61.055	61.072	5
2025-12-12 10:25	61.070	61.105	61.060	61.080	5
2025-12-12 10:30	61.085	61.140	61.042	61.140	5
2025-12-12 10:35	61.145	61.165	61.112	61.155	5
2025-12-12 10:40	61.145	61.185	61.142	61.180	5
2025-12-12 10:45	61.185	61.185	61.135	61.150	5
2025-12-12 10:50	61.142	61.255	61.125	61.255	5
2025-12-12 10:55	61.250	61.265	61.202	61.202	5
2025-12-12 11:00	61.215	61.215	61.072	61.102	5
2025-12-12 11:05	61.095	61.165	61.072	61.115	5
2025-12-12 11:10	61.117	61.155	61.082	61.095	5
2025-12-12 11:15	61.085	61.105	61.050	61.060	5
2025-12-12 11:20	61.055	61.070	61.025	61.052	5
2025-12-12 11:25	61.065	61.105	61.025	61.030	5
2025-12-12 11:30	61.035	61.085	61.022	61.032	5
2025-12-12 11:35	61.040	61.045	60.985	61.022	5
2025-12-12 11:40	61.035	61.090	61.012	61.075	5
2025-12-12 11:45	61.085	61.155	61.067	61.125	5
2025-12-12 11:50	61.130	61.140	61.070	61.070	5
2025-12-12 11:55	61.075	61.135	61.050	61.110	5
2025-12-12 12:00	61.092	61.165	61.087	61.160	5
2025-12-12 12:05	61.162	61.185	61.132	61.170	5
2025-12-12 12:10	61.165	61.175	61.132	61.142	5
2025-12-12 12:15	61.140	61.145	61.072	61.082	5
2025-12-12 12:20	61.095	61.155	61.085	61.140	5
2025-12-12 12:25	61.132	61.145	61.092	61.120	5
2025-12-12 12:30	61.115	61.215	61.115	61.205	5
2025-12-12 12:35	61.210	61.255	61.195	61.212	5
2025-12-12 12:40	61.220	61.265	61.202	61.265	5
2025-12-12 12:45	61.260	61.285	61.242	61.267	5
2025-12-12 12:50	61.265	61.280	61.182	61.202	5
2025-12-12 12:55	61.210	61.225	61.172	61.195	5
2025-12-12 13:00	61.190	61.245	61.162	61.192	5
2025-12-12 13:05	61.205	61.275	61.192	61.262	5
2025-12-12 13:10	61.270	61.295	61.197	61.210	5
2025-12-12 13:15	61.205	61.215	61.172	61.180	5
2025-12-12 13:20	61.185	61.225	61.180	61.205	5
2025-12-12 13:25	61.215	61.215	61.162	61.172	5
2025-12-12 13:30	61.180	61.220	61.162	61.205	5
2025-12-12 13:35	61.220	61.295	61.215	61.255	5
2025-12-12 13:40	61.265	61.265	61.222	61.232	5
2025-12-12 13:45	61.225	61.235	61.092	61.092	5
2025-12-12 13:50	61.105	61.175	61.052	61.160	5
2025-12-12 13:55	61.155	61.225	61.122	61.225	5
2025-12-12 14:00	61.238	61.238	61.012	61.032	5
2025-12-12 14:05	61.045	61.085	61.012	61.042	5
2025-12-12 14:10	61.047	61.095	61.012	61.070	5
2025-12-12 14:15	61.065	61.125	61.022	61.092	5
2025-12-12 14:20	61.105	61.162	61.072	61.092	5
2025-12-12 14:25	61.085	61.122	61.052	61.102	5
2025-12-12 14:30	61.110	61.202	61.062	61.072	5
2025-12-12 14:35	61.070	61.192	61.052	61.170	5
2025-12-12 14:40	61.175	61.195	61.072	61.075	5
2025-12-12 14:45	61.082	61.115	60.917	61.000	5
2025-12-12 14:50	60.995	61.112	60.947	61.080	5
2025-12-12 14:55	61.085	61.190	61.075	61.182	5
2025-12-12 15:00	61.178	61.185	61.002	61.005	5
2025-12-12 15:05	61.000	61.030	60.902	60.915	5
2025-12-12 15:10	60.910	61.005	60.902	60.947	5
2025-12-12 15:15	60.955	61.020	60.955	60.970	5
2025-12-12 15:20	60.972	60.972	60.842	60.885	5
2025-12-12 15:25	60.890	60.905	60.842	60.877	5
2025-12-12 15:30	60.875	60.895	60.832	60.845	5
2025-12-12 15:35	60.840	60.935	60.830	60.902	5
2025-12-12 15:40	60.895	60.985	60.872	60.985	5
2025-12-12 15:45	60.995	61.075	60.982	61.005	5
2025-12-12 15:50	61.010	61.045	60.922	60.922	5
2025-12-12 15:55	60.920	60.925	60.792	60.842	5
2025-12-12 16:00	60.827	60.925	60.815	60.835	5
2025-12-12 16:05	60.840	60.945	60.822	60.902	5
2025-12-12 16:10	60.900	60.955	60.882	60.915	5
2025-12-12 16:15	60.903	60.992	60.898	60.942	5
2025-12-12 16:20	60.950	61.005	60.932	61.002	5
2025-12-12 16:25	61.007	61.045	60.962	60.980	5
2025-12-12 16:30	60.985	61.125	60.962	61.072	5
2025-12-12 16:35	61.085	61.095	60.985	61.025	5
2025-12-12 16:40	61.035	61.175	61.012	61.175	5
2025-12-12 16:45	61.170	61.295	61.137	61.242	5
2025-12-12 16:50	61.255	61.305	61.237	61.282	5
2025-12-12 16:55	61.295	61.305	61.192	61.252	5
2025-12-12 17:00	61.265	61.300	61.227	61.260	5
2025-12-12 17:05	61.265	61.305	61.265	61.302	5
2025-12-12 17:10	61.290	61.325	61.272	61.280	5
2025-12-12 17:15	61.282	61.325	61.282	61.292	5
2025-12-12 17:20	61.305	61.335	61.237	61.252	5
2025-12-12 17:25	61.245	61.265	61.200	61.215	5
2025-12-12 17:30	61.225	61.250	61.192	61.235	5
2025-12-12 17:35	61.225	61.275	61.215	61.275	5
2025-12-12 17:40	61.285	61.320	61.232	61.282	5
2025-12-12 17:45	61.287	61.335	61.282	61.282	5
2025-12-12 17:50	61.295	61.325	61.290	61.295	5
2025-12-12 17:55	61.305	61.330	61.292	61.295	5
2025-12-12 18:00	61.300	61.305	61.262	61.265	5
2025-12-12 18:05	61.255	61.320	61.252	61.277	5
2025-12-12 18:10	61.272	61.285	61.245	61.265	5
2025-12-12 18:15	61.262	61.285	61.262	61.275	5
2025-12-12 18:20	61.265	61.275	61.202	61.215	5
2025-12-12 18:25	61.225	61.295	61.212	61.277	5
2025-12-12 18:30	61.272	61.290	61.165	61.185	5
2025-12-12 18:35	61.195	61.245	61.192	61.192	5
2025-12-12 18:40	61.190	61.212	61.155	61.192	5
2025-12-12 18:45	61.197	61.225	61.192	61.220	5
2025-12-12 18:50	61.212	61.245	61.202	61.212	5
2025-12-12 18:55	61.210	61.210	61.122	61.145	5
2025-12-12 19:00	61.150	61.185	61.145	61.170	5
2025-12-12 19:05	61.175	61.230	61.155	61.215	5
2025-12-12 19:10	61.220	61.250	61.212	61.245	5
2025-12-12 19:15	61.240	61.275	61.220	61.242	5
2025-12-12 19:20	61.235	61.255	61.182	61.182	5
2025-12-12 19:25	61.175	61.195	61.072	61.102	5
2025-12-12 19:30	61.100	61.125	61.082	61.112	5
2025-12-12 19:35	61.120	61.125	61.052	61.092	5
2025-12-12 19:40	61.105	61.115	61.077	61.092	4
2025-12-12 19:45	61.085	61.105	61.065	61.070	5
2025-12-12 19:50	61.075	61.090	61.052	61.085	5
2025-12-12 19:55	61.090	61.090	61.052	61.052	5
2025-12-12 20:00	61.060	61.075	61.002	61.032	5
2025-12-12 20:05	61.027	61.055	61.022	61.055	4
2025-12-12 20:10	61.050	61.075	61.047	61.055	5
2025-12-12 20:15	61.065	61.095	61.060	61.065	5
2025-12-12 20:20	61.060	61.070	61.022	61.027	5
2025-12-12 20:25	61.022	61.070	61.002	61.052	5
2025-12-12 20:30	61.065	61.075	61.027	61.052	5
2025-12-12 20:35	61.047	61.065	61.042	61.062	5
2025-12-12 20:40	61.075	61.125	61.072	61.115	5
2025-12-12 20:45	61.120	61.185	61.118	61.160	5
2025-12-12 20:50	61.165	61.165	61.112	61.135	5
2025-12-12 20:55	61.140	61.145	61.127	61.145	5
2025-12-12 21:00	61.133	61.178	61.128	61.168	5
2025-12-12 21:05	61.163	61.173	61.133	61.138	5
2025-12-12 21:10	61.148	61.158	61.138	61.158	4
2025-12-12 21:15	61.153	61.153	61.138	61.143	4
2025-12-12 21:20	61.153	61.153	61.138	61.143	4
2025-12-12 21:25	61.138	61.153	61.118	61.153	5
2025-12-12 21:30	61.143	61.148	61.133	61.138	3
2025-12-12 21:35	61.148	61.168	61.148	61.158	3
2025-12-12 21:40	61.148	61.148	61.128	61.138	5
2025-12-12 21:45	61.128	61.148	61.128	61.148	5
2025-12-12 21:50	61.138	61.168	61.138	61.168	3
2025-12-12 21:55	61.163	61.172	61.152	61.172	4
2025-12-15 01:00	61.328	61.365	61.292	61.322	5
2025-12-15 01:05	61.335	61.345	61.292	61.315	5
2025-12-15 01:10	61.320	61.330	61.292	61.325	4
2025-12-15 01:15	61.320	61.345	61.312	61.327	5
2025-12-15 01:20	61.335	61.345	61.322	61.332	5
2025-12-15 01:25	61.345	61.345	61.322	61.342	5
2025-12-15 01:30	61.355	61.390	61.352	61.365	5
2025-12-15 01:35	61.370	61.375	61.330	61.340	5
2025-12-15 01:40	61.332	61.335	61.312	61.312	5
2025-12-15 01:45	61.325	61.345	61.322	61.340	5
2025-12-15 01:50	61.342	61.375	61.327	61.365	4
2025-12-15 01:55	61.355	61.360	61.342	61.350	4
2025-12-15 02:00	61.355	61.385	61.332	61.382	5
2025-12-15 02:05	61.395	61.435	61.390	61.422	5
2025-12-15 02:10	61.435	61.455	61.422	61.435	5
2025-12-15 02:15	61.445	61.472	61.442	61.465	4
2025-12-15 02:20	61.470	61.470	61.422	61.430	5
2025-12-15 02:25	61.425	61.435	61.425	61.425	5
2025-12-15 02:30	61.430	61.435	61.422	61.422	5
2025-12-15 02:35	61.435	61.435	61.402	61.412	5
2025-12-15 02:40	61.425	61.445	61.415	61.440	5
2025-12-15 02:45	61.435	61.440	61.392	61.392	3
2025-12-15 02:50	61.385	61.405	61.375	61.400	5
2025-12-15 02:55	61.402	61.405	61.377	61.382	3
2025-12-15 03:00	61.375	61.435	61.372	61.432	4
2025-12-15 03:05	61.430	61.430	61.412	61.415	5
2025-12-15 03:10	61.420	61.425	61.412	61.417	3
2025-12-15 03:15	61.415	61.442	61.415	61.442	5
2025-12-15 03:20	61.440	61.445	61.422	61.432	4
2025-12-15 03:25	61.430	61.435	61.412	61.422	4
2025-12-15 03:30	61.430	61.445	61.427	61.442	4
2025-12-15 03:35	61.435	61.435	61.417	61.422	4
2025-12-15 03:40	61.420	61.435	61.412	61.427	3
2025-12-15 03:45	61.425	61.435	61.405	61.405	5
2025-12-15 03:50	61.395	61.395	61.382	61.382	4
2025-12-15 03:55	61.390	61.405	61.390	61.402	2
2025-12-15 04:00	61.415	61.440	61.412	61.432	3
2025-12-15 04:05	61.440	61.445	61.432	61.440	3
2025-12-15 04:10	61.432	61.432	61.405	61.430	4
2025-12-15 04:15	61.432	61.432	61.412	61.417	4
2025-12-15 04:20	61.415	61.430	61.412	61.422	2
2025-12-15 04:25	61.427	61.432	61.427	61.430	3
2025-12-15 04:30	61.425	61.435	61.422	61.435	3
2025-12-15 04:35	61.430	61.430	61.410	61.422	5
2025-12-15 04:40	61.430	61.432	61.420	61.430	4
2025-12-15 04:45	61.422	61.435	61.422	61.430	3
2025-12-15 04:50	61.435	61.440	61.427	61.430	3
2025-12-15 04:55	61.435	61.435	61.420	61.420	4
2025-12-15 05:00	61.425	61.425	61.415	61.420	2
2025-12-15 05:05	61.412	61.425	61.412	61.425	2
2025-12-15 05:10	61.430	61.430	61.420	61.420	3
2025-12-15 05:15	61.412	61.412	61.390	61.402	5
2025-12-15 05:20	61.395	61.427	61.395	61.427	5
2025-12-15 05:25	61.425	61.425	61.392	61.400	4
2025-12-15 05:30	61.395	61.435	61.392	61.417	5
2025-12-15 05:35	61.412	61.425	61.405	61.425	5
2025-12-15 05:40	61.415	61.432	61.405	61.422	4
2025-12-15 05:45	61.420	61.420	61.402	61.402	2
2025-12-15 05:50	61.410	61.427	61.362	61.392	4
2025-12-15 05:55	61.400	61.405	61.362	61.362	5
2025-12-15 06:00	61.370	61.375	61.360	61.370	5
2025-12-15 06:05	61.365	61.375	61.332	61.350	5
2025-12-15 06:10	61.355	61.405	61.347	61.392	5
2025-12-15 06:15	61.400	61.410	61.390	61.407	5
2025-12-15 06:20	61.405	61.425	61.392	61.415	5
2025-12-15 06:25	61.420	61.445	61.412	61.427	5
2025-12-15 06:30	61.435	61.475	61.417	61.430	5
2025-12-15 06:35	61.425	61.435	61.402	61.425	5
2025-12-15 06:40	61.430	61.435	61.402	61.435	5
2025-12-15 06:45	61.425	61.430	61.392	61.400	5
2025-12-15 06:50	61.405	61.405	61.362	61.385	5
2025-12-15 06:55	61.377	61.405	61.372	61.385	5
2025-12-15 07:00	61.378	61.455	61.378	61.412	5
2025-12-15 07:05	61.425	61.435	61.392	61.425	5
2025-12-15 07:10	61.430	61.435	61.372	61.392	5
2025-12-15 07:15	61.385	61.435	61.382	61.410	5
2025-12-15 07:20	61.405	61.415	61.382	61.405	5
2025-12-15 07:25	61.400	61.415	61.352	61.382	5
2025-12-15 07:30	61.395	61.415	61.382	61.402	5
2025-12-15 07:35	61.407	61.412	61.365	61.390	5
2025-12-15 07:40	61.395	61.415	61.380	61.412	5
2025-12-15 07:45	61.425	61.437	61.392	61.412	5
2025-12-15 07:50	61.405	61.430	61.402	61.425	5
2025-12-15 07:55	61.415	61.415	61.310	61.330	5
2025-12-15 08:00	61.323	61.385	61.302	61.310	5
2025-12-15 08:05	61.312	61.325	61.282	61.312	5
2025-12-15 08:10	61.310	61.315	61.212	61.212	5
2025-12-15 08:15	61.217	61.260	61.190	61.220	5
2025-12-15 08:20	61.215	61.225	61.172	61.215	5
2025-12-15 08:25	61.210	61.250	61.182	61.220	5
2025-12-15 08:30	61.215	61.310	61.192	61.205	5
2025-12-15 08:35	61.195	61.225	61.160	61.160	5
2025-12-15 08:40	61.165	61.185	61.145	61.162	5
2025-12-15 08:45	61.175	61.205	61.142	61.185	5
2025-12-15 08:50	61.190	61.195	61.147	61.177	5
2025-12-15 08:55	61.180	61.248	61.172	61.242	4
2025-12-15 09:00	61.255	61.415	61.238	61.367	5
2025-12-15 09:05	61.362	61.362	61.282	61.292	5
2025-12-15 09:10	61.297	61.345	61.282	61.322	5
2025-12-15 09:15	61.330	61.330	61.252	61.275	5
2025-12-15 09:20	61.280	61.295	61.250	61.272	5
2025-12-15 09:25	61.285	61.325	61.200	61.212	5
2025-12-15 09:30	61.205	61.235	61.122	61.235	5
2025-12-15 09:35	61.225	61.285	61.192	61.212	5
2025-12-15 09:40	61.225	61.245	61.152	61.155	5
2025-12-15 09:45	61.165	61.205	61.115	61.162	5
2025-12-15 09:50	61.175	61.215	61.152	61.202	5
2025-12-15 09:55	61.215	61.235	61.172	61.225	5
2025-12-15 10:00	61.235	61.275	61.132	61.142	5
2025-12-15 10:05	61.140	61.140	61.032	61.072	5
2025-12-15 10:10	61.070	61.125	61.030	61.052	5
2025-12-15 10:15	61.050	61.085	61.015	61.022	5
2025-12-15 10:20	61.020	61.040	60.995	61.025	5
2025-12-15 10:25	61.015	61.055	60.992	61.032	5
2025-12-15 10:30	61.030	61.090	61.030	61.050	5
2025-12-15 10:35	61.042	61.075	61.002	61.015	5
2025-12-15 10:40	61.017	61.020	60.982	60.982	5
2025-12-15 10:45	60.990	61.015	60.962	60.982	5
2025-12-15 10:50	60.990	61.002	60.942	60.962	5
2025-12-15 10:55	60.952	60.990	60.940	60.972	5
2025-12-15 11:00	60.985	61.005	60.952	60.995	5
2025-12-15 11:05	61.005	61.045	60.992	61.005	5
2025-12-15 11:10	61.000	61.055	60.990	61.045	5
2025-12-15 11:15	61.040	61.085	61.020	61.025	5
2025-12-15 11:20	61.030	61.075	60.982	60.982	5
2025-12-15 11:25	60.975	61.015	60.965	60.972	5
2025-12-15 11:30	60.970	60.975	60.875	60.892	5
2025-12-15 11:35	60.885	60.905	60.862	60.880	5
2025-12-15 11:40	60.875	60.885	60.730	60.802	5
2025-12-15 11:45	60.800	60.805	60.745	60.792	5
2025-12-15 11:50	60.805	60.865	60.802	60.847	5
2025-12-15 11:55	60.845	60.845	60.797	60.802	5
2025-12-15 12:00	60.795	60.810	60.782	60.795	5
2025-12-15 12:05	60.787	60.825	60.782	60.822	5
2025-12-15 12:10	60.815	60.865	60.812	60.840	5
2025-12-15 12:15	60.832	60.845	60.792	60.805	5
2025-12-15 12:20	60.815	60.820	60.762	60.785	4
2025-12-15 12:25	60.795	60.805	60.755	60.792	5
2025-12-15 12:30	60.790	60.825	60.762	60.802	5
2025-12-15 12:35	60.800	60.825	60.782	60.782	5
2025-12-15 12:40	60.795	60.875	60.792	60.842	4
2025-12-15 12:45	60.835	60.845	60.792	60.792	5
2025-12-15 12:50	60.805	60.805	60.760	60.780	5
2025-12-15 12:55	60.785	60.865	60.775	60.857	5
2025-12-15 13:00	60.865	60.975	60.848	60.962	5
2025-12-15 13:05	60.975	61.085	60.962	61.062	5
2025-12-15 13:10	61.055	61.105	61.042	61.042	5
2025-12-15 13:15	61.040	61.070	61.012	61.012	5
2025-12-15 13:20	61.010	61.045	60.982	61.035	5
2025-12-15 13:25	61.025	61.045	60.985	61.020	5
2025-12-15 13:30	61.015	61.025	60.982	60.982	5
2025-12-15 13:35	60.975	60.980	60.892	60.900	5
2025-12-15 13:40	60.895	60.895	60.840	60.867	5
2025-12-15 13:45	60.875	60.920	60.835	60.852	5
2025-12-15 13:50	60.847	60.852	60.682	60.725	5
2025-12-15 13:55	60.720	60.825	60.692	60.780	5
2025-12-15 14:00	60.788	60.865	60.745	60.765	5
2025-12-15 14:05	60.755	60.825	60.722	60.785	5
2025-12-15 14:10	60.780	60.795	60.755	60.775	5
2025-12-15 14:15	60.780	60.855	60.772	60.842	5
2025-12-15 14:20	60.855	60.905	60.840	60.862	5
2025-12-15 14:25	60.860	60.875	60.832	60.862	5
2025-12-15 14:30	60.863	60.905	60.782	60.782	5
2025-12-15 14:35	60.792	60.822	60.745	60.752	5
2025-12-15 14:40	60.760	60.795	60.582	60.602	5
2025-12-15 14:45	60.615	60.665	60.582	60.602	5
2025-12-15 14:50	60.612	60.635	60.562	60.617	5
2025-12-15 14:55	60.628	60.660	60.602	60.655	5
2025-12-15 15:00	60.650	60.762	60.555	60.592	5
2025-12-15 15:05	60.590	60.688	60.585	60.615	5
2025-12-15 15:10	60.620	60.645	60.535	60.622	5
2025-12-15 15:15	60.615	60.675	60.602	60.638	5
2025-12-15 15:20	60.648	60.695	60.628	60.662	5
2025-12-15 15:25	60.670	60.695	60.552	60.585	5
2025-12-15 15:30	60.575	60.605	60.512	60.532	5
2025-12-15 15:35	60.530	60.545	60.502	60.512	5
2025-12-15 15:40	60.502	60.615	60.492	60.615	5
2025-12-15 15:45	60.625	60.655	60.532	60.552	5
2025-12-15 15:50	60.545	60.595	60.415	60.452	5
2025-12-15 15:55	60.448	60.520	60.442	60.502	5
2025-12-15 16:00	60.503	60.530	60.352	60.402	5
2025-12-15 16:05	60.395	60.450	60.352	60.445	5
2025-12-15 16:10	60.450	60.455	60.372	60.415	5
2025-12-15 16:15	60.405	60.465	60.385	60.395	5
2025-12-15 16:20	60.385	60.425	60.302	60.325	5
2025-12-15 16:25	60.330	60.425	60.312	60.382	5
2025-12-15 16:30	60.395	60.445	60.302	60.322	5
2025-12-15 16:35	60.315	60.325	60.147	60.245	5
2025-12-15 16:40	60.242	60.255	60.105	60.172	5
2025-12-15 16:45	60.180	60.195	60.132	60.152	5
2025-12-15 16:50	60.160	60.245	60.142	60.215	5
2025-12-15 16:55	60.210	60.335	60.202	60.300	5
2025-12-15 17:00	60.295	60.305	60.212	60.252	5
2025-12-15 17:05	60.265	60.315	60.262	60.292	5
2025-12-15 17:10	60.285	60.315	60.262	60.272	5
2025-12-15 17:15	60.285	60.315	60.260	60.315	5
2025-12-15 17:20	60.305	60.335	60.295	60.302	5
2025-12-15 17:25	60.315	60.355	60.302	60.302	5
2025-12-15 17:30	60.300	60.320	60.282	60.302	5
2025-12-15 17:35	60.307	60.405	60.290	60.400	5
2025-12-15 17:40	60.395	60.445	60.392	60.405	5
2025-12-15 17:45	60.415	60.415	60.330	60.345	5
2025-12-15 17:50	60.350	60.355	60.292	60.315	5
2025-12-15 17:55	60.325	60.365	60.315	60.362	5
2025-12-15 18:00	60.360	60.362	60.282	60.282	5
2025-12-15 18:05	60.295	60.295	60.212	60.232	5
2025-12-15 18:10	60.240	60.255	60.202	60.242	5
2025-12-15 18:15	60.240	60.270	60.225	60.252	5
2025-12-15 18:20	60.245	60.245	60.210	60.225	5
2025-12-15 18:25	60.228	60.230	60.162	60.162	5
2025-12-15 18:30	60.175	60.185	60.132	60.157	5
2025-12-15 18:35	60.165	60.165	60.125	60.142	5
2025-12-15 18:40	60.135	60.165	60.130	60.132	5
2025-12-15 18:45	60.145	60.215	60.122	60.215	5
2025-12-15 18:50	60.225	60.250	60.192	60.205	5
2025-12-15 18:55	60.215	60.295	60.212	60.247	5
2025-12-15 19:00	60.255	60.365	60.247	60.342	5
2025-12-15 19:05	60.350	60.385	60.312	60.317	5
2025-12-15 19:10	60.335	60.465	60.325	60.445	5
2025-12-15 19:15	60.450	60.548	60.442	60.530	5
2025-12-15 19:20	60.535	60.575	60.502	60.555	5
2025-12-15 19:25	60.560	60.595	60.512	60.542	5
2025-12-15 19:30	60.532	60.595	60.492	60.492	5
2025-12-15 19:35	60.505	60.505	60.402	60.412	5
2025-12-15 19:40	60.425	60.450	60.415	60.445	5
2025-12-15 19:45	60.440	60.492	60.437	60.492	5
2025-12-15 19:50	60.505	60.510	60.475	60.482	5
2025-12-15 19:55	60.480	60.485	60.452	60.452	5
2025-12-15 20:00	60.460	60.460	60.402	60.415	5
2025-12-15 20:05	60.410	60.432	60.410	60.432	5
2025-12-15 20:10	60.437	60.437	60.422	60.422	2
2025-12-15 20:15	60.430	60.475	60.422	60.440	5
2025-12-15 20:20	60.442	60.442	60.372	60.372	5
2025-12-15 20:25	60.380	60.380	60.317	60.352	5
2025-12-15 20:30	60.365	60.395	60.352	60.365	5
2025-12-15 20:35	60.370	60.375	60.352	60.372	5
2025-12-15 20:40	60.385	60.385	60.355	60.355	5
2025-12-15 20:45	60.360	60.375	60.342	60.375	5
2025-12-15 20:50	60.365	60.400	60.357	60.372	5
2025-12-15 20:55	60.380	60.380	60.352	60.362	5
2025-12-15 21:00	60.360	60.363	60.328	60.338	5
2025-12-15 21:05	60.328	60.348	60.293	60.298	5
2025-12-15 21:10	60.293	60.323	60.288	60.308	5
2025-12-15 21:15	60.318	60.318	60.298	60.308	5
2025-12-15 21:20	60.313	60.333	60.313	60.318	5
2025-12-15 21:25	60.323	60.328	60.298	60.308	5
2025-12-15 21:30	60.313	60.333	60.303	60.333	5
2025-12-15 21:35	60.328	60.338	60.318	60.338	4
2025-12-15 21:40	60.333	60.358	60.333	60.358	4
2025-12-15 21:45	60.353	60.368	60.348	60.358	5
2025-12-15 21:50	60.353	60.403	60.353	60.403	5
2025-12-15 21:55	60.398	60.398	60.368	60.373	5
2025-12-16 01:00	60.362	60.362	60.252	60.290	5
2025-12-16 01:05	60.292	60.292	60.220	60.252	5
2025-12-16 01:10	60.245	60.317	60.242	60.275	5
2025-12-16 01:15	60.270	60.355	60.270	60.335	5
2025-12-16 01:20	60.340	60.365	60.325	60.332	5
2025-12-16 01:25	60.325	60.345	60.312	60.322	5
2025-12-16 01:30	60.330	60.357	60.325	60.337	5
2025-12-16 01:35	60.332	60.337	60.285	60.302	5
2025-12-16 01:40	60.295	60.335	60.292	60.335	5
2025-12-16 01:45	60.330	60.335	60.292	60.292	5
2025-12-16 01:50	60.285	60.295	60.208	60.225	5
2025-12-16 01:55	60.230	60.235	60.172	60.177	5
2025-12-16 02:00	60.182	60.210	60.132	60.192	5
2025-12-16 02:05	60.197	60.205	60.162	60.177	4
2025-12-16 02:10	60.185	60.222	60.185	60.195	5
2025-12-16 02:15	60.205	60.215	60.172	60.175	5
2025-12-16 02:20	60.185	60.215	60.182	60.212	5
2025-12-16 02:25	60.220	60.282	60.215	60.255	5
2025-12-16 02:30	60.252	60.265	60.212	60.212	5
2025-12-16 02:35	60.220	60.225	60.210	60.220	5
2025-12-16 02:40	60.225	60.235	60.182	60.190	5
2025-12-16 02:45	60.192	60.205	60.162	60.180	5
2025-12-16 02:50	60.175	60.185	60.147	60.155	5
2025-12-16 02:55	60.160	60.165	60.142	60.165	5
2025-12-16 03:00	60.175	60.175	60.152	60.162	5
2025-12-16 03:05	60.170	60.185	60.165	60.175	5
2025-12-16 03:10	60.185	60.195	60.162	60.175	5
2025-12-16 03:15	60.185	60.195	60.172	60.182	4
2025-12-16 03:20	60.190	60.215	60.190	60.200	4
2025-12-16 03:25	60.205	60.215	60.192	60.200	4
2025-12-16 03:30	60.195	60.205	60.175	60.192	5
2025-12-16 03:35	60.202	60.215	60.197	60.202	4
2025-12-16 03:40	60.215	60.215	60.180	60.185	4
2025-12-16 03:45	60.180	60.205	60.180	60.205	5
2025-12-16 03:50	60.207	60.230	60.202	60.222	5
2025-12-16 03:55	60.215	60.215	60.187	60.192	4
2025-12-16 04:00	60.200	60.200	60.172	60.182	5
2025-12-16 04:05	60.175	60.185	60.172	60.182	2
2025-12-16 04:10	60.190	60.220	60.190	60.215	5
2025-12-16 04:15	60.207	60.220	60.205	60.220	5
2025-12-16 04:20	60.222	60.245	60.222	60.245	5
2025-12-16 04:25	60.240	60.240	60.215	60.215	5
2025-12-16 04:30	60.225	60.225	60.212	60.220	4
2025-12-16 04:35	60.225	60.225	60.202	60.210	5
2025-12-16 04:40	60.215	60.240	60.215	60.222	5
2025-12-16 04:45	60.230	60.237	60.215	60.220	5
2025-12-16 04:50	60.212	60.230	60.210	60.217	4
2025-12-16 04:55	60.215	60.222	60.212	60.212	4
2025-12-16 05:00	60.205	60.220	60.200	60.212	5
2025-12-16 05:05	60.220	60.255	60.190	60.190	3
2025-12-16 05:10	60.185	60.195	60.162	60.162	5
2025-12-16 05:15	60.170	60.185	60.165	60.170	5
2025-12-16 05:20	60.175	60.175	60.155	60.162	3
2025-12-16 05:25	60.155	60.155	60.122	60.130	5
2025-12-16 05:30	60.135	60.135	60.082	60.110	5
2025-12-16 05:35	60.105	60.120	60.090	60.097	5
2025-12-16 05:40	60.090	60.105	60.060	60.095	5
2025-12-16 05:45	60.105	60.112	60.077	60.090	5
2025-12-16 05:50	60.085	60.105	60.082	60.092	5
2025-12-16 05:55	60.105	60.125	60.072	60.082	4
2025-12-16 06:00	60.095	60.115	60.072	60.087	5
2025-12-16 06:05	60.095	60.115	60.082	60.090	5
2025-12-16 06:10	60.092	60.125	60.082	60.095	5
2025-12-16 06:15	60.090	60.105	60.082	60.102	5
2025-12-16 06:20	60.110	60.147	60.110	60.132	5
2025-12-16 06:25	60.140	60.165	60.132	60.162	5
2025-12-16 06:30	60.155	60.195	60.152	60.185	5
2025-12-16 06:35	60.190	60.215	60.172	60.215	5
2025-12-16 06:40	60.210	60.225	60.180	60.182	5
2025-12-16 06:45	60.175	60.195	60.172	60.190	5
2025-12-16 06:50	60.195	60.205	60.157	60.182	5
2025-12-16 06:55	60.195	60.282	60.192	60.280	5
2025-12-16 07:00	60.255	60.260	60.202	60.227	5
2025-12-16 07:05	60.215	60.230	60.162	60.210	5
2025-12-16 07:10	60.212	60.225	60.202	60.210	5
2025-12-16 07:15	60.212	60.215	60.172	60.192	5
2025-12-16 07:20	60.190	60.190	60.162	60.165	5
2025-12-16 07:25	60.175	60.215	60.170	60.200	4
2025-12-16 07:30	60.195	60.265	60.190	60.212	5
2025-12-16 07:35	60.225	60.235	60.187	60.217	5
2025-12-16 07:40	60.225	60.255	60.210	60.220	5
2025-12-16 07:45	60.222	60.250	60.192	60.192	5
2025-12-16 07:50	60.200	60.200	60.152	60.162	5
2025-12-16 07:55	60.185	60.190	60.095	60.110	5
2025-12-16 08:00	60.115	60.175	60.062	60.085	5
2025-12-16 08:05	60.072	60.077	59.942	59.980	5
2025-12-16 08:10	59.975	59.985	59.902	59.912	5
2025-12-16 08:15	59.910	59.965	59.892	59.922	5
2025-12-16 08:20	59.930	59.930	59.882	59.882	5
2025-12-16 08:25	59.895	59.910	59.832	59.865	5
2025-12-16 08:30	59.870	59.870	59.770	59.800	5
2025-12-16 08:35	59.795	59.805	59.652	59.722	5
2025-12-16 08:40	59.715	59.795	59.712	59.775	5
2025-12-16 08:45	59.795	59.845	59.765	59.825	5
2025-12-16 08:50	59.817	59.885	59.812	59.862	5
2025-12-16 08:55	59.855	59.900	59.852	59.872	5
2025-12-16 09:00	59.868	59.910	59.782	59.872	5
2025-12-16 09:05	59.885	59.905	59.812	59.832	5
2025-12-16 09:10	59.825	59.845	59.797	59.840	5
2025-12-16 09:15	59.845	59.845	59.772	59.772	5
2025-12-16 09:20	59.785	59.785	59.750	59.760	5
2025-12-16 09:25	59.752	59.765	59.692	59.697	5
2025-12-16 09:30	59.688	59.710	59.582	59.642	5
2025-12-16 09:35	59.632	59.645	59.572	59.610	5
2025-12-16 09:40	59.612	59.695	59.608	59.615	5
2025-12-16 09:45	59.605	59.635	59.582	59.605	5
2025-12-16 09:50	59.595	59.635	59.582	59.595	5
2025-12-16 09:55	59.600	59.650	59.590	59.595	5
2025-12-16 10:00	59.605	59.605	59.522	59.535	5
2025-12-16 10:05	59.525	59.525	59.432	59.472	5
2025-12-16 10:10	59.480	59.505	59.422	59.445	5
2025-12-16 10:15	59.435	59.495	59.422	59.442	5
2025-12-16 10:20	59.455	59.465	59.410	59.465	5
2025-12-16 10:25	59.475	59.560	59.445	59.552	5
2025-12-16 10:30	59.557	59.590	59.542	59.552	5
2025-12-16 10:35	59.535	59.635	59.522	59.635	5
2025-12-16 10:40	59.640	59.642	59.575	59.602	5
2025-12-16 10:45	59.595	59.605	59.552	59.572	5
2025-12-16 10:50	59.570	59.630	59.552	59.562	5
2025-12-16 10:55	59.570	59.605	59.555	59.575	5
2025-12-16 11:00	59.565	59.585	59.522	59.532	5
2025-12-16 11:05	59.530	59.635	59.515	59.595	5
2025-12-16 11:10	59.585	59.585	59.522	59.565	5
2025-12-16 11:15	59.560	59.602	59.542	59.602	5
2025-12-16 11:20	59.597	59.695	59.597	59.692	5
2025-12-16 11:25	59.685	59.685	59.610	59.610	5
2025-12-16 11:30	59.615	59.615	59.560	59.570	5
2025-12-16 11:35	59.575	59.575	59.520	59.542	5
2025-12-16 11:40	59.540	59.615	59.532	59.602	5
2025-12-16 11:45	59.600	59.635	59.582	59.625	5
2025-12-16 11:50	59.635	59.680	59.602	59.662	5
2025-12-16 11:55	59.655	59.675	59.610	59.632	5
2025-12-16 12:00	59.622	59.685	59.598	59.680	5
2025-12-16 12:05	59.675	59.705	59.662	59.695	5
2025-12-16 12:10	59.685	59.740	59.682	59.722	5
2025-12-16 12:15	59.720	59.735	59.697	59.732	5
2025-12-16 12:20	59.730	59.735	59.682	59.712	5
2025-12-16 12:25	59.720	59.745	59.675	59.690	5
2025-12-16 12:30	59.685	59.695	59.632	59.635	5
2025-12-16 12:35	59.625	59.685	59.622	59.660	5
2025-12-16 12:40	59.665	59.665	59.625	59.652	5
2025-12-16 12:45	59.645	59.665	59.642	59.642	4
2025-12-16 12:50	59.640	59.645	59.605	59.630	5
2025-12-16 12:55	59.635	59.655	59.625	59.645	5
2025-12-16 13:00	59.638	59.710	59.552	59.562	5
2025-12-16 13:05	59.555	59.575	59.522	59.535	5
2025-12-16 13:10	59.540	59.615	59.507	59.595	5
2025-12-16 13:15	59.590	59.645	59.562	59.632	5
2025-12-16 13:20	59.645	59.665	59.582	59.642	5
2025-12-16 13:25	59.640	59.665	59.627	59.640	5
2025-12-16 13:30	59.645	59.652	59.567	59.602	5
2025-12-16 13:35	59.600	59.605	59.472	59.495	5
2025-12-16 13:40	59.490	59.585	59.490	59.540	5
2025-12-16 13:45	59.532	59.550	59.402	59.407	5
2025-12-16 13:50	59.415	59.425	59.352	59.402	5
2025-12-16 13:55	59.425	59.495	59.412	59.452	5
2025-12-16 14:00	59.428	59.428	59.252	59.335	5
2025-12-16 14:05	59.345	59.345	59.212	59.232	5
2025-12-16 14:10	59.240	59.275	59.222	59.222	5
2025-12-16 14:15	59.220	59.320	59.165	59.300	5
2025-12-16 14:20	59.292	59.355	59.282	59.322	5
2025-12-16 14:25	59.315	59.385	59.302	59.332	5
2025-12-16 14:30	59.327	59.365	59.212	59.217	5
2025-12-16 14:35	59.235	59.265	59.175	59.225	5
2025-12-16 14:40	59.220	59.225	59.162	59.185	5
2025-12-16 14:45	59.195	59.195	59.042	59.112	5
2025-12-16 14:50	59.100	59.145	59.040	59.072	5
2025-12-16 14:55	59.068	59.125	59.010	59.020	5
2025-12-16 15:00	59.013	59.055	58.982	58.997	5
2025-12-16 15:05	59.010	59.075	58.972	59.002	5
2025-12-16 15:10	58.995	59.025	58.972	59.025	5
2025-12-16 15:15	59.013	59.025	58.882	58.882	5
2025-12-16 15:20	58.895	58.935	58.862	58.895	5
2025-12-16 15:25	58.887	58.887	58.762	58.770	5
2025-12-16 15:30	58.775	58.855	58.772	58.787	5
2025-12-16 15:35	58.785	58.865	58.772	58.805	5
2025-12-16 15:40	58.802	58.822	58.692	58.820	5
2025-12-16 15:45	58.815	58.895	58.802	58.830	5
2025-12-16 15:50	58.825	58.865	58.795	58.820	5
2025-12-16 15:55	58.815	58.960	58.812	58.932	5
2025-12-16 16:00	58.923	59.015	58.900	58.905	5
2025-12-16 16:05	58.895	58.920	58.842	58.892	5
2025-12-16 16:10	58.900	58.900	58.845	58.862	5
2025-12-16 16:15	58.855	59.002	58.852	58.982	5
2025-12-16 16:20	58.995	59.025	58.942	58.995	5
2025-12-16 16:25	59.005	59.015	58.947	59.005	5
2025-12-16 16:30	59.015	59.095	58.992	59.085	5
2025-12-16 16:35	59.095	59.190	59.035	59.035	5
2025-12-16 16:40	59.040	59.105	58.992	59.085	5
2025-12-16 16:45	59.095	59.135	59.072	59.075	5
2025-12-16 16:50	59.085	59.115	59.062	59.095	5
2025-12-16 16:55	59.100	59.180	59.082	59.152	5
2025-12-16 17:00	59.165	59.215	59.142	59.202	5
2025-12-16 17:05	59.215	59.295	59.210	59.222	5
2025-12-16 17:10	59.220	59.235	59.162	59.215	5
2025-12-16 17:15	59.220	59.235	59.152	59.172	5
2025-12-16 17:20	59.165	59.165	59.055	59.062	5
2025-12-16 17:25	59.060	59.115	59.042	59.115	5
2025-12-16 17:30	59.120	59.195	59.110	59.110	5
2025-12-16 17:35	59.102	59.115	59.015	59.015	5
2025-12-16 17:40	59.025	59.050	59.012	59.045	5
2025-12-16 17:45	59.065	59.105	59.042	59.042	5
2025-12-16 17:50	59.050	59.055	59.012	59.035	5
2025-12-16 17:55	59.040	59.055	58.992	59.005	5
2025-12-16 18:00	59.015	59.035	58.958	59.022	5
2025-12-16 18:05	59.035	59.040	58.962	58.982	5
2025-12-16 18:10	58.990	59.035	58.982	59.032	5
2025-12-16 18:15	59.050	59.055	58.990	58.995	5
2025-12-16 18:20	59.005	59.035	58.978	59.032	5
2025-12-16 18:25	59.040	59.077	59.002	59.070	5
2025-12-16 18:30	59.065	59.195	59.052	59.192	5
2025-12-16 18:35	59.190	59.220	59.172	59.200	5
2025-12-16 18:40	59.192	59.220	59.132	59.132	5
2025-12-16 18:45	59.145	59.155	59.122	59.132	5
2025-12-16 18:50	59.122	59.140	59.072	59.072	5
2025-12-16 18:55	59.080	59.095	59.032	59.042	5
2025-12-16 19:00	59.035	59.060	58.982	58.982	5
2025-12-16 19:05	58.995	59.015	58.952	58.972	5
2025-12-16 19:10	58.970	58.982	58.912	58.925	5
2025-12-16 19:15	58.935	58.985	58.915	58.965	5
2025-12-16 19:20	58.955	58.975	58.932	58.952	5
2025-12-16 19:25	58.945	59.005	58.875	58.922	5
2025-12-16 19:30	58.915	58.965	58.895	58.942	5
2025-12-16 19:35	58.935	58.955	58.917	58.945	4
2025-12-16 19:40	58.950	58.975	58.945	58.975	5
2025-12-16 19:45	58.970	58.985	58.945	58.970	5
2025-12-16 19:50	58.962	58.995	58.912	58.920	5
2025-12-16 19:55	58.925	58.925	58.865	58.892	5
2025-12-16 20:00	58.905	58.935	58.882	58.892	5
2025-12-16 20:05	58.900	58.900	58.830	58.842	5
2025-12-16 20:10	58.835	58.895	58.822	58.892	5
2025-12-16 20:15	58.900	58.905	58.862	58.870	5
2025-12-16 20:20	58.875	58.880	58.862	58.862	5
2025-12-16 20:25	58.860	58.875	58.840	58.855	5
2025-12-16 20:30	58.860	58.885	58.850	58.862	5
2025-12-16 20:35	58.875	58.875	58.852	58.860	5
2025-12-16 20:40	58.852	58.862	58.832	58.845	5
2025-12-16 20:45	58.835	58.845	58.802	58.817	5
2025-12-16 20:50	58.813	58.845	58.813	58.840	5
2025-12-16 20:55	58.845	58.875	58.822	58.840	5
2025-12-16 21:00	58.833	58.838	58.788	58.803	5
2025-12-16 21:05	58.798	58.808	58.778	58.778	5
2025-12-16 21:10	58.758	58.818	58.758	58.818	4
2025-12-16 21:15	58.813	58.838	58.808	58.818	4
2025-12-16 21:20	58.823	58.828	58.818	58.823	5
2025-12-16 21:25	58.828	58.833	58.798	58.803	4
2025-12-16 21:30	58.808	58.808	58.773	58.788	5
2025-12-16 21:35	58.798	58.818	58.798	58.818	5
2025-12-16 21:40	58.813	58.818	58.748	58.763	5
2025-12-16 21:45	58.768	58.798	58.768	58.793	5
2025-12-16 21:50	58.783	58.803	58.768	58.803	5
2025-12-16 21:55	58.798	58.843	58.798	58.838	5
2025-12-17 01:00	59.307	59.455	59.240	59.432	5
2025-12-17 01:05	59.440	59.455	59.310	59.380	5
2025-12-17 01:10	59.375	59.405	59.287	59.322	5
2025-12-17 01:15	59.312	59.335	59.275	59.310	5
2025-12-17 01:20	59.302	59.325	59.272	59.292	5
2025-12-17 01:25	59.285	59.295	59.260	59.275	5
2025-12-17 01:30	59.285	59.465	59.265	59.422	5
2025-12-17 01:35	59.430	59.450	59.362	59.380	5
2025-12-17 01:40	59.370	59.402	59.332	59.380	5
2025-12-17 01:45	59.385	59.400	59.362	59.362	5
2025-12-17 01:50	59.360	59.407	59.357	59.407	5
2025-12-17 01:55	59.415	59.425	59.352	59.355	5
2025-12-17 02:00	59.365	59.420	59.352	59.417	5
2025-12-17 02:05	59.425	59.465	59.425	59.465	5
2025-12-17 02:10	59.470	59.515	59.462	59.482	5
2025-12-17 02:15	59.490	59.522	59.460	59.502	5
2025-12-17 02:20	59.515	59.515	59.465	59.487	5
2025-12-17 02:25	59.495	59.575	59.480	59.565	5
2025-12-17 02:30	59.570	59.635	59.537	59.580	5
2025-12-17 02:35	59.585	59.635	59.562	59.632	5
2025-12-17 02:40	59.640	59.655	59.605	59.622	5
2025-12-17 02:45	59.620	59.620	59.555	59.562	5
2025-12-17 02:50	59.555	59.555	59.457	59.492	5
2025-12-17 02:55	59.490	59.515	59.472	59.512	5
2025-12-17 03:00	59.518	59.575	59.510	59.565	5
2025-12-17 03:05	59.567	59.575	59.512	59.537	5
2025-12-17 03:10	59.545	59.565	59.522	59.522	5
2025-12-17 03:15	59.520	59.560	59.515	59.520	5
2025-12-17 03:20	59.522	59.530	59.482	59.530	5
2025-12-17 03:25	59.525	59.610	59.510	59.590	5
2025-12-17 03:30	59.585	59.605	59.532	59.595	5
2025-12-17 03:35	59.585	59.625	59.577	59.602	4
2025-12-17 03:40	59.600	59.610	59.582	59.582	5
2025-12-17 03:45	59.575	59.625	59.562	59.592	4
2025-12-17 03:50	59.590	59.605	59.580	59.600	5
2025-12-17 03:55	59.605	59.605	59.562	59.592	5
2025-12-17 04:00	59.600	59.607	59.577	59.605	5
2025-12-17 04:05	59.610	59.610	59.580	59.590	5
2025-12-17 04:10	59.595	59.625	59.592	59.612	5
2025-12-17 04:15	59.608	59.610	59.570	59.575	5
2025-12-17 04:20	59.580	59.595	59.570	59.590	5
2025-12-17 04:25	59.585	59.660	59.585	59.652	5
2025-12-17 04:30	59.642	59.665	59.625	59.630	5
2025-12-17 04:35	59.632	59.645	59.610	59.612	5
2025-12-17 04:40	59.610	59.642	59.610	59.632	5
2025-12-17 04:45	59.630	59.630	59.600	59.602	5
2025-12-17 04:50	59.595	59.695	59.585	59.685	4
2025-12-17 04:55	59.675	59.705	59.670	59.695	3
2025-12-17 05:00	59.690	59.745	59.682	59.740	5
2025-12-17 05:05	59.738	59.755	59.712	59.752	5
2025-12-17 05:10	59.765	59.785	59.742	59.775	5
2025-12-17 05:15	59.770	59.775	59.715	59.722	5
2025-12-17 05:20	59.720	59.725	59.692	59.722	4
2025-12-17 05:25	59.705	59.725	59.675	59.685	5
2025-12-17 05:30	59.672	59.785	59.672	59.755	5
2025-12-17 05:35	59.765	59.805	59.742	59.802	5
2025-12-17 05:40	59.810	59.865	59.802	59.827	5
2025-12-17 05:45	59.822	59.855	59.783	59.790	5
2025-12-17 05:50	59.792	59.800	59.737	59.745	5
2025-12-17 05:55	59.750	59.782	59.745	59.765	5
2025-12-17 06:00	59.755	59.775	59.712	59.750	5
2025-12-17 06:05	59.745	59.785	59.722	59.785	5
2025-12-17 06:10	59.795	59.860	59.792	59.835	5
2025-12-17 06:15	59.805	59.825	59.792	59.825	5
2025-12-17 06:20	59.817	59.825	59.722	59.740	5
2025-12-17 06:25	59.732	59.790	59.722	59.780	5
2025-12-17 06:30	59.772	59.795	59.752	59.762	5
2025-12-17 06:35	59.760	59.760	59.617	59.617	5
2025-12-17 06:40	59.622	59.665	59.592	59.640	5
2025-12-17 06:45	59.632	59.690	59.632	59.672	5
2025-12-17 06:50	59.685	59.705	59.672	59.697	5
2025-12-17 06:55	59.700	59.770	59.692	59.720	5
2025-12-17 07:00	59.705	59.730	59.652	59.730	5
2025-12-17 07:05	59.722	59.865	59.722	59.865	5
2025-12-17 07:10	59.875	59.875	59.727	59.765	5
2025-12-17 07:15	59.755	59.855	59.752	59.822	5
2025-12-17 07:20	59.812	59.845	59.780	59.810	5
2025-12-17 07:25	59.805	59.815	59.732	59.785	5
2025-12-17 07:30	59.775	59.815	59.727	59.740	5
2025-12-17 07:35	59.735	59.790	59.722	59.740	5
2025-12-17 07:40	59.745	59.785	59.732	59.782	5
2025-12-17 07:45	59.790	59.805	59.757	59.777	5
2025-12-17 07:50	59.782	59.785	59.722	59.750	5
2025-12-17 07:55	59.745	59.775	59.660	59.672	5
2025-12-17 08:00	59.668	59.735	59.612	59.722	5
2025-12-17 08:05	59.735	59.735	59.652	59.692	5
2025-12-17 08:10	59.705	59.705	59.620	59.625	5
2025-12-17 08:15	59.615	59.625	59.562	59.622	5
2025-12-17 08:20	59.615	59.650	59.587	59.602	5
2025-12-17 08:25	59.600	59.640	59.555	59.610	5
2025-12-17 08:30	59.607	59.630	59.517	59.562	5
2025-12-17 08:35	59.575	59.635	59.562	59.615	5
2025-12-17 08:40	59.620	59.625	59.562	59.562	5
2025-12-17 08:45	59.555	59.685	59.530	59.682	5
2025-12-17 08:50	59.695	59.715	59.635	59.635	5
2025-12-17 08:55	59.625	59.960	59.582	59.947	5
2025-12-17 09:00	59.940	60.310	59.937	60.122	5
2025-12-17 09:05	60.130	60.192	59.982	60.052	5
2025-12-17 09:10	60.045	60.045	59.932	60.005	5
2025-12-17 09:15	60.008	60.020	59.835	59.840	5
2025-12-17 09:20	59.835	59.885	59.808	59.872	5
2025-12-17 09:25	59.865	59.965	59.845	59.922	5
2025-12-17 09:30	59.935	60.035	59.915	60.025	5
2025-12-17 09:35	60.045	60.155	60.022	60.132	5
2025-12-17 09:40	60.145	60.235	60.142	60.162	5
2025-12-17 09:45	60.155	60.215	60.102	60.142	5
2025-12-17 09:50	60.140	60.152	60.052	60.075	5
2025-12-17 09:55	60.080	60.165	60.062	60.152	5
2025-12-17 10:00	60.145	60.245	60.142	60.235	5
2025-12-17 10:05	60.245	60.265	60.152	60.252	5
2025-12-17 10:10	60.250	60.275	60.202	60.252	5
2025-12-17 10:15	60.245	60.345	60.192	60.322	5
2025-12-17 10:20	60.320	60.370	60.262	60.275	5
2025-12-17 10:25	60.290	60.345	60.273	60.297	5
2025-12-17 10:30	60.305	60.325	60.242	60.262	5
2025-12-17 10:35	60.275	60.315	60.222	60.240	5
2025-12-17 10:40	60.235	60.340	60.222	60.302	5
2025-12-17 10:45	60.300	60.325	60.235	60.255	5
2025-12-17 10:50	60.265	60.345	60.265	60.330	5
2025-12-17 10:55	60.335	60.335	60.235	60.235	5
2025-12-17 11:00	60.240	60.275	60.182	60.192	5
2025-12-17 11:05	60.185	60.202	60.130	60.130	5
2025-12-17 11:10	60.135	60.155	60.115	60.125	5
2025-12-17 11:15	60.120	60.155	60.115	60.152	5
2025-12-17 11:20	60.160	60.245	60.160	60.232	5
2025-12-17 11:25	60.240	60.240	60.192	60.227	5
2025-12-17 11:30	60.215	60.215	60.130	60.132	5
2025-12-17 11:35	60.130	60.135	60.062	60.072	5
2025-12-17 11:40	60.085	60.110	60.052	60.102	5
2025-12-17 11:45	60.090	60.115	60.042	60.042	5
2025-12-17 11:50	60.040	60.095	60.032	60.062	5
2025-12-17 11:55	60.055	60.060	60.032	60.055	5
2025-12-17 12:00	60.033	60.080	59.998	60.062	5
2025-12-17 12:05	60.068	60.100	60.062	60.095	4
2025-12-17 12:10	60.100	60.155	60.062	60.142	5
2025-12-17 12:15	60.132	60.165	60.102	60.142	5
2025-12-17 12:20	60.150	60.165	60.122	60.122	5
2025-12-17 12:25	60.135	60.135	60.022	60.035	5
2025-12-17 12:30	60.040	60.045	59.912	59.932	5
2025-12-17 12:35	59.940	59.965	59.852	59.882	5
2025-12-17 12:40	59.875	59.885	59.842	59.882	5
2025-12-17 12:45	59.895	59.945	59.892	59.922	5
2025-12-17 12:50	59.920	59.945	59.880	59.895	5
2025-12-17 12:55	59.890	59.935	59.857	59.880	5
2025-12-17 13:00	59.895	59.925	59.832	59.912	5
2025-12-17 13:05	59.905	59.980	59.902	59.972	5
2025-12-17 13:10	59.980	60.000	59.872	59.900	5
2025-12-17 13:15	59.895	59.945	59.862	59.902	5
2025-12-17 13:20	59.915	59.930	59.875	59.900	5
2025-12-17 13:25	59.902	59.940	59.870	59.872	5
2025-12-17 13:30	59.865	59.985	59.840	59.967	5
2025-12-17 13:35	59.975	59.990	59.942	59.945	5
2025-12-17 13:40	59.935	59.950	59.882	59.945	5
2025-12-17 13:45	59.940	59.975	59.915	59.922	5
2025-12-17 13:50	59.935	59.945	59.902	59.922	5
2025-12-17 13:55	59.932	60.025	59.932	59.985	5
2025-12-17 14:00	59.983	59.983	59.762	59.792	5
2025-12-17 14:05	59.790	59.800	59.722	59.765	5
2025-12-17 14:10	59.775	59.815	59.675	59.695	5
2025-12-17 14:15	59.700	59.860	59.697	59.775	5
2025-12-17 14:20	59.785	59.785	59.702	59.732	5
2025-12-17 14:25	59.730	59.815	59.715	59.755	5
2025-12-17 14:30	59.745	59.795	59.682	59.752	5
2025-12-17 14:35	59.745	59.765	59.685	59.712	5
2025-12-17 14:40	59.710	59.725	59.572	59.672	5
2025-12-17 14:45	59.685	59.755	59.652	59.735	5
2025-12-17 14:50	59.740	59.785	59.715	59.720	5
2025-12-17 14:55	59.725	59.755	59.388	59.692	5
2025-12-17 15:00	59.672	59.770	59.592	59.755	5
2025-12-17 15:05	59.745	59.825	59.740	59.792	5
2025-12-17 15:10	59.790	59.845	59.752	59.832	5
2025-12-17 15:15	59.825	59.950	59.825	59.905	5
2025-12-17 15:20	59.895	59.915	59.865	59.865	5
2025-12-17 15:25	59.860	60.025	59.852	59.992	5
2025-12-17 15:30	60.002	60.002	59.732	59.732	5
2025-12-17 15:35	59.745	59.805	59.652	59.708	5
2025-12-17 15:40	59.702	59.712	59.612	59.657	5
2025-12-17 15:45	59.648	59.775	59.572	59.730	5
2025-12-17 15:50	59.732	59.760	59.617	59.640	5
2025-12-17 15:55	59.635	59.725	59.602	59.702	5
2025-12-17 16:00	59.708	59.905	59.708	59.902	5
2025-12-17 16:05	59.907	60.005	59.852	59.975	5
2025-12-17 16:10	59.962	60.002	59.885	59.892	5
2025-12-17 16:15	59.885	59.940	59.822	59.902	5
2025-12-17 16:20	59.910	59.955	59.872	59.945	5
2025-12-17 16:25	59.930	59.975	59.850	59.852	5
2025-12-17 16:30	59.850	59.855	59.655	59.700	5
2025-12-17 16:35	59.705	59.845	59.682	59.752	5
2025-12-17 16:40	59.765	59.865	59.712	59.832	5
2025-12-17 16:45	59.840	59.915	59.832	59.855	5
2025-12-17 16:50	59.865	59.915	59.835	59.865	5
2025-12-17 16:55	59.870	59.900	59.822	59.872	5
2025-12-17 17:00	59.880	59.915	59.855	59.855	5
2025-12-17 17:05	59.857	59.875	59.812	59.835	5
2025-12-17 17:10	59.830	59.865	59.752	59.752	5
2025-12-17 17:15	59.745	59.825	59.720	59.810	5
2025-12-17 17:20	59.812	59.915	59.812	59.892	5
2025-12-17 17:25	59.905	59.905	59.820	59.822	5
2025-12-17 17:30	59.820	59.865	59.792	59.792	5
2025-12-17 17:35	59.800	59.835	59.772	59.785	5
2025-12-17 17:40	59.780	59.815	59.775	59.785	5
2025-12-17 17:45	59.795	59.815	59.735	59.772	5
2025-12-17 17:50	59.767	59.792	59.712	59.722	5
2025-12-17 17:55	59.735	59.825	59.722	59.815	5
2025-12-17 18:00	59.805	59.880	59.805	59.810	5
2025-12-17 18:05	59.805	59.855	59.792	59.845	5
2025-12-17 18:10	59.850	59.865	59.820	59.827	5
2025-12-17 18:15	59.822	59.855	59.822	59.840	5
2025-12-17 18:20	59.835	59.902	59.822	59.882	5
2025-12-17 18:25	59.895	59.902	59.872	59.885	5
2025-12-17 18:30	59.880	59.910	59.872	59.900	5
2025-12-17 18:35	59.895	59.930	59.872	59.872	5
2025-12-17 18:40	59.865	59.885	59.842	59.877	5
2025-12-17 18:45	59.885	59.885	59.807	59.837	5
2025-12-17 18:50	59.835	59.845	59.717	59.732	5
2025-12-17 18:55	59.740	59.780	59.732	59.735	5
2025-12-17 19:00	59.732	59.785	59.717	59.775	5
2025-12-17 19:05	59.765	59.805	59.762	59.795	5
2025-12-17 19:10	59.782	59.795	59.732	59.755	5
2025-12-17 19:15	59.750	59.805	59.745	59.755	5
2025-12-17 19:20	59.765	59.795	59.675	59.695	5
2025-12-17 19:25	59.700	59.710	59.607	59.655	5
2025-12-17 19:30	59.650	59.715	59.612	59.702	4
2025-12-17 19:35	59.725	59.755	59.710	59.732	5
2025-12-17 19:40	59.740	59.795	59.740	59.790	5
2025-12-17 19:45	59.782	59.825	59.777	59.812	5
2025-12-17 19:50	59.817	59.820	59.752	59.752	5
2025-12-17 19:55	59.765	59.825	59.752	59.820	5
2025-12-17 20:00	59.808	59.875	59.798	59.875	5
2025-12-17 20:05	59.880	59.975	59.875	59.965	5
2025-12-17 20:10	59.970	60.040	59.962	60.035	5
2025-12-17 20:15	60.040	60.135	60.035	60.122	5
2025-12-17 20:20	60.120	60.125	60.077	60.082	5
2025-12-17 20:25	60.075	60.172	60.062	60.172	5
2025-12-17 20:30	60.180	60.235	60.157	60.212	5
2025-12-17 20:35	60.205	60.285	60.202	60.270	5
2025-12-17 20:40	60.265	60.375	60.262	60.362	5
2025-12-17 20:45	60.375	60.425	60.342	60.412	5
2025-12-17 20:50	60.405	60.425	60.322	60.422	5
2025-12-17 20:55	60.435	60.470	60.362	60.390	5
2025-12-17 21:00	60.383	60.538	60.383	60.498	5
2025-12-17 21:05	60.493	60.628	60.493	60.598	5
2025-12-17 21:10	60.583	60.648	60.578	60.603	5
2025-12-17 21:15	60.613	60.628	60.563	60.588	5
2025-12-17 21:20	60.593	60.593	60.558	60.563	5
2025-12-17 21:25	60.558	60.568	60.538	60.558	5
2025-12-17 21:30	60.548	60.588	60.523	60.543	5
2025-12-17 21:35	60.538	60.573	60.493	60.498	5
2025-12-17 21:40	60.493	60.573	60.493	60.568	5
2025-12-17 21:45	60.578	60.603	60.558	60.583	5
2025-12-17 21:50	60.578	60.598	60.548	60.583	5
2025-12-17 21:55	60.578	60.603	60.563	60.583	5
2025-12-18 01:00	60.595	60.625	60.502	60.552	5
2025-12-18 01:05	60.557	60.575	60.505	60.522	5
2025-12-18 01:10	60.520	60.565	60.512	60.547	5
2025-12-18 01:15	60.540	60.575	60.540	60.570	5
2025-12-18 01:20	60.562	60.615	60.562	60.615	5
2025-12-18 01:25	60.605	60.635	60.592	60.630	5
2025-12-18 01:30	60.625	60.645	60.605	60.642	5
2025-12-18 01:35	60.640	60.647	60.602	60.602	5
2025-12-18 01:40	60.600	60.605	60.592	60.597	3
2025-12-18 01:45	60.602	60.615	60.550	60.550	5
2025-12-18 01:50	60.555	60.595	60.542	60.572	5
2025-12-18 01:55	60.580	60.595	60.532	60.532	4
2025-12-18 02:00	60.533	60.600	60.533	60.562	5
2025-12-18 02:05	60.555	60.575	60.542	60.542	5
2025-12-18 02:10	60.540	60.540	60.192	60.235	5
2025-12-18 02:15	60.240	60.265	59.992	60.002	5
2025-12-18 02:20	60.015	60.105	59.802	59.880	5
2025-12-18 02:25	59.870	59.922	59.737	59.892	5
2025-12-18 02:30	59.885	59.970	59.872	59.965	5
2025-12-18 02:35	59.970	60.035	59.970	60.022	5
2025-12-18 02:40	60.045	60.070	60.042	60.042	5
2025-12-18 02:45	60.055	60.092	60.045	60.052	5
2025-12-18 02:50	60.045	60.075	60.042	60.072	5
2025-12-18 02:55	60.085	60.095	60.052	60.062	4
2025-12-18 03:00	60.058	60.075	60.042	60.060	5
2025-12-18 03:05	60.065	60.105	60.042	60.085	5
2025-12-18 03:10	60.095	60.125	60.072	60.112	5
2025-12-18 03:15	60.125	60.135	60.052	60.052	5
2025-12-18 03:20	60.060	60.090	60.042	60.085	5
2025-12-18 03:25	60.095	60.095	60.055	60.072	5
2025-12-18 03:30	60.080	60.095	60.055	60.065	5
2025-12-18 03:35	60.058	60.067	60.040	60.040	5
2025-12-18 03:40	60.032	60.050	60.012	60.020	5
2025-12-18 03:45	60.022	60.060	60.022	60.032	4
2025-12-18 03:50	60.055	60.075	60.042	60.062	5
2025-12-18 03:55	60.070	60.085	60.062	60.062	5
2025-12-18 04:00	60.055	60.060	60.027	60.060	5
2025-12-18 04:05	60.065	60.065	59.955	59.955	5
2025-12-18 04:10	59.950	59.972	59.942	59.970	5
2025-12-18 04:15	59.960	60.030	59.957	60.022	5
2025-12-18 04:20	60.020	60.045	60.012	60.045	5
2025-12-18 04:25	60.050	60.072	60.042	60.042	5
2025-12-18 04:30	60.050	60.050	60.010	60.015	5
2025-12-18 04:35	60.008	60.025	60.008	60.022	3
2025-12-18 04:40	60.020	60.030	60.007	60.022	5
2025-12-18 04:45	60.030	60.075	60.022	60.065	4
2025-12-18 04:50	60.055	60.075	60.052	60.072	5
2025-12-18 04:55	60.068	60.068	60.012	60.025	5
2025-12-18 05:00	60.012	60.025	59.982	60.000	5
2025-12-18 05:05	59.995	60.032	59.995	60.030	5
2025-12-18 05:10	60.025	60.035	60.018	60.025	5
2025-12-18 05:15	60.030	60.085	60.030	60.077	5
2025-12-18 05:20	60.090	60.095	60.077	60.077	3
2025-12-18 05:25	60.072	60.095	60.070	60.077	5
2025-12-18 05:30	60.075	60.130	60.075	60.105	5
2025-12-18 05:35	60.110	60.110	60.075	60.085	5
2025-12-18 05:40	60.080	60.127	60.080	60.105	5
2025-12-18 05:45	60.115	60.130	60.100	60.125	5
2025-12-18 05:50	60.115	60.142	60.112	60.140	5
2025-12-18 05:55	60.142	60.145	60.117	60.140	5
2025-12-18 06:00	60.145	60.172	60.132	60.167	5
2025-12-18 06:05	60.172	60.210	60.155	60.205	5
2025-12-18 06:10	60.197	60.212	60.170	60.200	5
2025-12-18 06:15	60.190	60.215	60.175	60.190	5
2025-12-18 06:20	60.195	60.195	60.150	60.160	5
2025-12-18 06:25	60.152	60.180	60.142	60.175	5
2025-12-18 06:30	60.180	60.195	60.152	60.152	4
2025-12-18 06:35	60.150	60.187	60.145	60.165	5
2025-12-18 06:40	60.160	60.195	60.150	60.172	5
2025-12-18 06:45	60.185	60.202	60.172	60.192	5
2025-12-18 06:50	60.205	60.235	60.200	60.217	5
2025-12-18 06:55	60.212	60.235	60.202	60.225	5
2025-12-18 07:00	60.215	60.225	60.175	60.215	5
2025-12-18 07:05	60.225	60.227	60.120	60.185	5
2025-12-18 07:10	60.178	60.195	60.142	60.162	5
2025-12-18 07:15	60.170	60.175	60.142	60.150	5
2025-12-18 07:20	60.142	60.155	60.132	60.140	5
2025-12-18 07:25	60.145	60.165	60.132	60.152	5
2025-12-18 07:30	60.165	60.245	60.160	60.245	5
2025-12-18 07:35	60.235	60.275	60.222	60.232	5
2025-12-18 07:40	60.230	60.230	60.152	60.155	5
2025-12-18 07:45	60.145	60.205	60.112	60.182	5
2025-12-18 07:50	60.175	60.205	60.127	60.132	5
2025-12-18 07:55	60.145	60.165	60.100	60.112	5
2025-12-18 08:00	60.125	60.135	60.037	60.072	5
2025-12-18 08:05	60.070	60.165	60.057	60.072	5
2025-12-18 08:10	60.082	60.155	60.052	60.065	5
2025-12-18 08:15	60.070	60.088	60.035	60.075	5
2025-12-18 08:20	60.065	60.155	60.062	60.140	5
2025-12-18 08:25	60.145	60.185	60.080	60.110	5
2025-12-18 08:30	60.105	60.180	60.055	60.102	5
2025-12-18 08:35	60.115	60.115	60.042	60.075	5
2025-12-18 08:40	60.070	60.125	60.065	60.080	5
2025-12-18 08:45	60.072	60.075	59.960	59.970	5
2025-12-18 08:50	59.972	59.995	59.932	59.935	5
2025-12-18 08:55	59.930	59.975	59.922	59.945	5
2025-12-18 09:00	59.960	60.040	59.922	59.992	5
2025-12-18 09:05	59.985	60.042	59.972	59.995	5
2025-12-18 09:10	59.997	59.997	59.932	59.955	5
2025-12-18 09:15	59.965	60.050	59.935	59.950	5
2025-12-18 09:20	59.955	59.960	59.875	59.910	5
2025-12-18 09:25	59.905	59.935	59.892	59.907	5
2025-12-18 09:30	59.905	59.935	59.872	59.900	5
2025-12-18 09:35	59.895	59.900	59.742	59.760	5
2025-12-18 09:40	59.755	59.772	59.707	59.732	5
2025-12-18 09:45	59.730	59.825	59.730	59.792	5
2025-12-18 09:50	59.790	59.810	59.772	59.792	5
2025-12-18 09:55	59.790	59.855	59.785	59.815	5
2025-12-18 10:00	59.808	59.875	59.752	59.752	5
2025-12-18 10:05	59.760	59.815	59.752	59.780	5
2025-12-18 10:10	59.772	59.785	59.740	59.752	5
2025-12-18 10:15	59.765	59.825	59.752	59.805	5
2025-12-18 10:20	59.810	59.825	59.775	59.795	5
2025-12-18 10:25	59.800	59.855	59.775	59.855	5
2025-12-18 10:30	59.865	59.885	59.802	59.822	5
2025-12-18 10:35	59.820	59.820	59.700	59.705	5
2025-12-18 10:40	59.715	59.715	59.652	59.672	5
2025-12-18 10:45	59.670	59.685	59.632	59.672	5
2025-12-18 10:50	59.670	59.672	59.632	59.652	5
2025-12-18 10:55	59.635	59.635	59.602	59.625	5
2025-12-18 11:00	59.622	59.695	59.622	59.685	5
2025-12-18 11:05	59.690	59.755	59.662	59.728	5
2025-12-18 11:10	59.735	59.767	59.680	59.702	5
2025-12-18 11:15	59.715	59.765	59.712	59.745	5
2025-12-18 11:20	59.735	59.802	59.712	59.772	5
2025-12-18 11:25	59.765	59.765	59.672	59.672	5
2025-12-18 11:30	59.665	59.665	59.612	59.632	5
2025-12-18 11:35	59.640	59.665	59.592	59.645	5
2025-12-18 11:40	59.650	59.685	59.612	59.632	5
2025-12-18 11:45	59.625	59.640	59.532	59.565	5
2025-12-18 11:50	59.570	59.625	59.555	59.582	5
2025-12-18 11:55	59.575	59.605	59.562	59.567	5
2025-12-18 12:00	59.562	59.630	59.542	59.585	5
2025-12-18 12:05	59.595	59.625	59.565	59.572	5
2025-12-18 12:10	59.585	59.595	59.522	59.585	5
2025-12-18 12:15	59.580	59.635	59.572	59.632	5
2025-12-18 12:20	59.625	59.715	59.622	59.692	5
2025-12-18 12:25	59.685	59.745	59.682	59.732	5
2025-12-18 12:30	59.745	59.780	59.702	59.702	5
2025-12-18 12:35	59.710	59.740	59.680	59.722	5
2025-12-18 12:40	59.730	59.775	59.722	59.755	5
2025-12-18 12:45	59.760	59.780	59.722	59.775	5
2025-12-18 12:50	59.780	59.802	59.752	59.762	5
2025-12-18 12:55	59.755	59.755	59.702	59.717	5
2025-12-18 13:00	59.725	59.835	59.722	59.782	5
2025-12-18 13:05	59.780	59.875	59.732	59.852	5
2025-12-18 13:10	59.865	59.955	59.852	59.905	5
2025-12-18 13:15	59.895	59.945	59.887	59.925	5
2025-12-18 13:20	59.920	59.945	59.892	59.932	5
2025-12-18 13:25	59.925	59.940	59.910	59.925	5
2025-12-18 13:30	59.930	60.015	59.917	59.950	5
2025-12-18 13:35	59.945	60.000	59.897	59.905	5
2025-12-18 13:40	59.915	59.985	59.910	59.955	5
2025-12-18 13:45	59.950	59.975	59.890	59.905	5
2025-12-18 13:50	59.907	59.920	59.872	59.900	5
2025-12-18 13:55	59.905	59.905	59.832	59.845	5
2025-12-18 14:00	59.812	59.905	59.708	59.892	5
2025-12-18 14:05	59.890	59.975	59.762	59.765	5
2025-12-18 14:10	59.775	59.920	59.753	59.915	5
2025-12-18 14:15	59.902	60.050	59.897	60.032	5
2025-12-18 14:20	60.025	60.145	60.002	60.105	5
2025-12-18 14:25	60.095	60.155	60.092	60.130	5
2025-12-18 14:30	60.110	60.145	60.025	60.025	5
2025-12-18 14:35	60.030	60.045	59.902	60.012	5
2025-12-18 14:40	60.025	60.025	59.912	59.942	5
2025-12-18 14:45	59.950	60.025	59.932	59.955	5
2025-12-18 14:50	59.958	60.045	59.940	60.032	5
2025-12-18 14:55	60.045	60.165	60.022	60.142	5
2025-12-18 15:00	60.150	60.205	60.088	60.092	5
2025-12-18 15:05	60.085	60.100	59.972	59.995	5
2025-12-18 15:10	59.985	60.025	59.912	60.022	5
2025-12-18 15:15	60.035	60.092	59.975	60.000	5
2025-12-18 15:20	60.010	60.055	59.975	60.025	5
2025-12-18 15:25	60.015	60.115	60.012	60.097	5
2025-12-18 15:30	60.105	60.165	60.062	60.095	5
2025-12-18 15:35	60.090	60.090	59.975	60.020	5
2025-12-18 15:40	60.025	60.055	59.992	60.032	5
2025-12-18 15:45	60.045	60.065	60.022	60.062	5
2025-12-18 15:50	60.057	60.120	59.992	60.095	5
2025-12-18 15:55	60.097	60.105	60.010	60.015	5
2025-12-18 16:00	60.008	60.045	59.982	60.027	5
2025-12-18 16:05	60.035	60.150	60.035	60.085	5
2025-12-18 16:10	60.075	60.155	60.052	60.112	5
2025-12-18 16:15	60.117	60.120	59.982	60.012	5
2025-12-18 16:20	60.025	60.085	59.992	60.082	5
2025-12-18 16:25	60.095	60.185	60.087	60.125	5
2025-12-18 16:30	60.130	60.215	60.090	60.212	5
2025-12-18 16:35	60.217	60.295	60.217	60.232	5
2025-12-18 16:40	60.245	60.255	60.132	60.142	5
2025-12-18 16:45	60.150	60.155	59.992	59.995	5
2025-12-18 16:50	59.985	60.015	59.922	60.002	5
2025-12-18 16:55	59.995	60.065	59.972	60.042	5
2025-12-18 17:00	60.038	60.225	60.038	60.202	5
2025-12-18 17:05	60.195	60.195	60.032	60.032	5
2025-12-18 17:10	60.030	60.105	60.005	60.105	5
2025-12-18 17:15	60.095	60.135	60.067	60.117	5
2025-12-18 17:20	60.115	60.155	60.037	60.050	5
2025-12-18 17:25	60.055	60.085	60.017	60.022	5
2025-12-18 17:30	60.030	60.142	60.017	60.132	5
2025-12-18 17:35	60.125	60.135	60.075	60.075	5
2025-12-18 17:40	60.077	60.115	60.072	60.085	5
2025-12-18 17:45	60.090	60.095	60.042	60.055	5
2025-12-18 17:50	60.050	60.050	59.968	59.995	5
2025-12-18 17:55	59.985	60.015	59.982	59.992	5
2025-12-18 18:00	59.988	60.065	59.985	60.042	5
2025-12-18 18:05	60.035	60.065	60.002	60.002	5
2025-12-18 18:10	60.015	60.035	59.982	59.995	4
2025-12-18 18:15	59.990	60.075	59.990	60.065	5
2025-12-18 18:20	60.067	60.085	60.042	60.042	5
2025-12-18 18:25	60.050	60.075	60.022	60.025	5
2025-12-18 18:30	60.005	60.040	59.952	60.012	5
2025-12-18 18:35	60.025	60.050	60.002	60.022	5
2025-12-18 18:40	60.020	60.045	59.962	59.962	5
2025-12-18 18:45	59.955	59.965	59.890	59.942	5
2025-12-18 18:50	59.940	60.005	59.932	59.937	5
2025-12-18 18:55	59.935	59.945	59.862	59.925	5
2025-12-18 19:00	59.935	59.965	59.895	59.900	5
2025-12-18 19:05	59.895	59.895	59.802	59.850	5
2025-12-18 19:10	59.845	59.880	59.812	59.875	5
2025-12-18 19:15	59.885	59.935	59.852	59.862	5
2025-12-18 19:20	59.870	59.895	59.772	59.802	5
2025-12-18 19:25	59.815	59.865	59.762	59.762	5
2025-12-18 19:30	59.775	59.812	59.752	59.762	5
2025-12-18 19:35	59.770	59.785	59.722	59.742	5
2025-12-18 19:40	59.740	59.755	59.682	59.702	5
2025-12-18 19:45	59.697	59.705	59.672	59.692	5
2025-12-18 19:50	59.690	59.695	59.652	59.672	5
2025-12-18 19:55	59.665	59.665	59.612	59.632	3
2025-12-18 20:00	59.638	59.715	59.638	59.715	5
2025-12-18 20:05	59.710	59.717	59.682	59.685	4
2025-12-18 20:10	59.680	59.725	59.672	59.720	5
2025-12-18 20:15	59.722	59.725	59.682	59.697	5
2025-12-18 20:20	59.702	59.715	59.682	59.692	5
2025-12-18 20:25	59.690	59.705	59.682	59.695	5
2025-12-18 20:30	59.705	59.725	59.702	59.707	4
2025-12-18 20:35	59.715	59.720	59.702	59.720	5
2025-12-18 20:40	59.722	59.725	59.682	59.682	5
2025-12-18 20:45	59.695	59.725	59.685	59.720	5
2025-12-18 20:50	59.725	59.725	59.662	59.662	5
2025-12-18 20:55	59.660	59.675	59.652	59.670	5
2025-12-18 21:00	59.663	59.688	59.658	59.683	5
2025-12-18 21:05	59.678	59.683	59.658	59.683	5
2025-12-18 21:10	59.688	59.688	59.678	59.683	4
2025-12-18 21:15	59.678	59.703	59.678	59.703	5
2025-12-18 21:20	59.708	59.738	59.698	59.723	5
2025-12-18 21:25	59.732	59.748	59.723	59.743	5
2025-12-18 21:30	59.738	59.788	59.733	59.738	5
2025-12-18 21:35	59.733	59.748	59.713	59.733	5
2025-12-18 21:40	59.738	59.743	59.718	59.723	5
2025-12-18 21:45	59.728	59.728	59.678	59.688	5
2025-12-18 21:50	59.693	59.708	59.678	59.708	5
2025-12-18 21:55	59.703	59.728	59.693	59.718	5
2025-12-19 01:00	59.690	59.768	59.685	59.695	5
2025-12-19 01:05	59.690	59.755	59.690	59.740	5
2025-12-19 01:10	59.725	59.730	59.692	59.702	5
2025-12-19 01:15	59.710	59.720	59.682	59.695	5
2025-12-19 01:20	59.690	59.705	59.652	59.675	5
2025-12-19 01:25	59.662	59.695	59.652	59.655	5
2025-12-19 01:30	59.645	59.655	59.562	59.562	5
2025-12-19 01:35	59.575	59.625	59.552	59.612	5
2025-12-19 01:40	59.607	59.615	59.592	59.592	5
2025-12-19 01:45	59.605	59.605	59.592	59.602	4
2025-12-19 01:50	59.610	59.685	59.602	59.662	5
2025-12-19 01:55	59.655	59.655	59.622	59.622	4
2025-12-19 02:00	59.630	59.637	59.612	59.635	5
2025-12-19 02:05	59.630	59.655	59.622	59.652	5
2025-12-19 02:10	59.657	59.685	59.652	59.672	5
2025-12-19 02:15	59.685	59.685	59.657	59.665	5
2025-12-19 02:20	59.658	59.695	59.652	59.680	4
2025-12-19 02:25	59.685	59.695	59.675	59.690	5
2025-12-19 02:30	59.695	59.715	59.667	59.705	5
2025-12-19 02:35	59.710	59.715	59.642	59.642	5
2025-12-19 02:40	59.635	59.645	59.622	59.628	5
2025-12-19 02:45	59.635	59.635	59.592	59.610	5
2025-12-19 02:50	59.602	59.655	59.602	59.655	5
2025-12-19 02:55	59.647	59.665	59.645	59.655	5
2025-12-19 03:00	59.650	59.655	59.612	59.625	5
2025-12-19 03:05	59.630	59.650	59.617	59.640	5
2025-12-19 03:10	59.642	59.650	59.612	59.622	5
2025-12-19 03:15	59.635	59.635	59.602	59.610	5
2025-12-19 03:20	59.605	59.605	59.582	59.595	4
2025-12-19 03:25	59.615	59.675	59.612	59.650	5
2025-12-19 03:30	59.645	59.662	59.632	59.662	5
2025-12-19 03:35	59.660	59.675	59.655	59.672	5
2025-12-19 03:40	59.670	59.702	59.665	59.702	5
2025-12-19 03:45	59.700	59.725	59.692	59.712	5
2025-12-19 03:50	59.710	59.710	59.662	59.672	5
2025-12-19 03:55	59.668	59.670	59.648	59.648	3
2025-12-19 04:00	59.655	59.685	59.650	59.675	5
2025-12-19 04:05	59.670	59.715	59.670	59.705	4
2025-12-19 04:10	59.715	59.795	59.712	59.790	5
2025-12-19 04:15	59.780	59.805	59.732	59.732	5
2025-12-19 04:20	59.725	59.725	59.682	59.682	4
2025-12-19 04:25	59.680	59.705	59.652	59.697	5
2025-12-19 04:30	59.697	59.710	59.685	59.692	4
2025-12-19 04:35	59.690	59.705	59.675	59.705	4
2025-12-19 04:40	59.697	59.712	59.695	59.705	5
2025-12-19 04:45	59.715	59.720	59.708	59.710	4
2025-12-19 04:50	59.712	59.712	59.697	59.702	4
2025-12-19 04:55	59.698	59.725	59.698	59.702	5
2025-12-19 05:00	59.715	59.720	59.705	59.705	4
2025-12-19 05:05	59.698	59.705	59.692	59.700	5
2025-12-19 05:10	59.705	59.705	59.688	59.688	5
2025-12-19 05:15	59.687	59.695	59.675	59.685	5
2025-12-19 05:20	59.678	59.695	59.672	59.672	3
2025-12-19 05:25	59.667	59.675	59.645	59.655	4
2025-12-19 05:30	59.645	59.695	59.642	59.655	5
2025-12-19 05:35	59.660	59.667	59.620	59.622	4
2025-12-19 05:40	59.645	59.650	59.608	59.630	5
2025-12-19 05:45	59.625	59.630	59.602	59.602	5
2025-12-19 05:50	59.610	59.627	59.602	59.622	5
2025-12-19 05:55	59.630	59.630	59.592	59.620	5
2025-12-19 06:00	59.615	59.655	59.602	59.650	5
2025-12-19 06:05	59.642	59.672	59.602	59.630	5
2025-12-19 06:10	59.625	59.630	59.602	59.615	5
2025-12-19 06:15	59.620	59.622	59.592	59.592	4
2025-12-19 06:20	59.605	59.635	59.592	59.630	4
2025-12-19 06:25	59.622	59.650	59.622	59.637	5
2025-12-19 06:30	59.645	59.720	59.640	59.712	4
2025-12-19 06:35	59.720	59.725	59.692	59.702	4
2025-12-19 06:40	59.710	59.715	59.662	59.675	5
2025-12-19 06:45	59.677	59.680	59.640	59.657	5
2025-12-19 06:50	59.665	59.692	59.652	59.685	5
2025-12-19 06:55	59.687	59.700	59.682	59.692	5
2025-12-19 07:00	59.688	59.710	59.640	59.692	5
2025-12-19 07:05	59.705	59.705	59.622	59.635	5
2025-12-19 07:10	59.630	59.655	59.620	59.642	5
2025-12-19 07:15	59.655	59.685	59.622	59.627	5
2025-12-19 07:20	59.632	59.632	59.612	59.625	5
2025-12-19 07:25	59.635	59.682	59.625	59.672	5
2025-12-19 07:30	59.685	59.772	59.667	59.752	5
2025-12-19 07:35	59.765	59.765	59.672	59.672	5
2025-12-19 07:40	59.682	59.725	59.682	59.702	5
2025-12-19 07:45	59.700	59.700	59.632	59.642	5
2025-12-19 07:50	59.640	59.645	59.512	59.550	5
2025-12-19 07:55	59.545	59.552	59.450	59.472	5
2025-12-19 08:00	59.465	59.555	59.458	59.505	5
2025-12-19 08:05	59.515	59.625	59.490	59.572	5
2025-12-19 08:10	59.582	59.605	59.522	59.572	5
2025-12-19 08:15	59.567	59.765	59.552	59.740	5
2025-12-19 08:20	59.732	59.765	59.680	59.752	5
2025-12-19 08:25	59.760	59.782	59.712	59.730	5
2025-12-19 08:30	59.732	59.745	59.682	59.702	5
2025-12-19 08:35	59.715	59.715	59.612	59.620	5
2025-12-19 08:40	59.615	59.695	59.592	59.680	5
2025-12-19 08:45	59.675	59.705	59.647	59.655	5
2025-12-19 08:50	59.660	59.695	59.640	59.692	5
2025-12-19 08:55	59.690	59.695	59.632	59.665	5
2025-12-19 09:00	59.685	59.755	59.612	59.655	5
2025-12-19 09:05	59.657	59.667	59.602	59.622	5
2025-12-19 09:10	59.640	59.715	59.615	59.650	5
2025-12-19 09:15	59.660	59.660	59.540	59.565	5
2025-12-19 09:20	59.557	59.565	59.500	59.502	5
2025-12-19 09:25	59.500	59.525	59.460	59.490	5
2025-12-19 09:30	59.495	59.595	59.452	59.585	5
2025-12-19 09:35	59.565	59.615	59.532	59.532	5
2025-12-19 09:40	59.530	59.530	59.435	59.465	5
2025-12-19 09:45	59.460	59.545	59.447	59.540	5
2025-12-19 09:50	59.535	59.665	59.497	59.645	5
2025-12-19 09:55	59.635	59.655	59.572	59.602	5
2025-12-19 10:00	59.615	59.615	59.432	59.452	5
2025-12-19 10:05	59.460	59.512	59.382	59.457	5
2025-12-19 10:10	59.465	59.615	59.465	59.555	5
2025-12-19 10:15	59.565	59.592	59.532	59.540	5
2025-12-19 10:20	59.535	59.575	59.502	59.542	5
2025-12-19 10:25	59.535	59.565	59.512	59.555	5
2025-12-19 10:30	59.550	59.695	59.502	59.652	5
2025-12-19 10:35	59.650	59.765	59.642	59.755	5
2025-12-19 10:40	59.760	59.812	59.732	59.742	5
2025-12-19 10:45	59.750	59.840	59.745	59.822	5
2025-12-19 10:50	59.817	59.880	59.792	59.820	5
2025-12-19 10:55	59.825	59.825	59.750	59.775	5
2025-12-19 11:00	59.777	59.855	59.772	59.842	5
2025-12-19 11:05	59.847	59.875	59.795	59.870	5
2025-12-19 11:10	59.872	59.895	59.822	59.875	5
2025-12-19 11:15	59.885	59.975	59.882	59.905	5
2025-12-19 11:20	59.910	59.985	59.895	59.972	5
2025-12-19 11:25	59.978	60.005	59.932	59.965	5
2025-12-19 11:30	59.970	59.975	59.932	59.932	5
2025-12-19 11:35	59.930	59.935	59.902	59.922	5
2025-12-19 11:40	59.915	59.985	59.897	59.945	5
2025-12-19 11:45	59.940	60.025	59.940	59.980	5
2025-12-19 11:50	59.985	60.025	59.972	60.000	5
2025-12-19 11:55	60.005	60.015	59.992	59.992	5
2025-12-19 12:00	60.010	60.025	59.982	59.995	5
2025-12-19 12:05	60.005	60.015	59.957	59.962	5
2025-12-19 12:10	59.960	59.965	59.912	59.920	5
2025-12-19 12:15	59.930	59.955	59.882	59.892	5
2025-12-19 12:20	59.885	59.955	59.862	59.947	5
2025-12-19 12:25	59.942	60.055	59.942	60.032	5
2025-12-19 12:30	60.045	60.065	60.030	60.052	5
2025-12-19 12:35	60.065	60.085	60.035	60.080	5
2025-12-19 12:40	60.082	60.145	60.058	60.122	5
2025-12-19 12:45	60.115	60.115	60.065	60.082	5
2025-12-19 12:50	60.090	60.110	60.082	60.105	5
2025-12-19 12:55	60.095	60.137	60.077	60.082	5
2025-12-19 13:00	60.065	60.225	60.045	60.205	5
2025-12-19 13:05	60.195	60.275	60.182	60.222	5
2025-12-19 13:10	60.230	60.230	60.150	60.215	5
2025-12-19 13:15	60.220	60.225	60.162	60.182	5
2025-12-19 13:20	60.190	60.210	60.152	60.172	5
2025-12-19 13:25	60.190	60.190	60.152	60.152	5
2025-12-19 13:30	60.160	60.215	60.152	60.215	4
2025-12-19 13:35	60.225	60.235	60.202	60.225	5
2025-12-19 13:40	60.235	60.325	60.212	60.322	5
2025-12-19 13:45	60.320	60.335	60.287	60.302	5
2025-12-19 13:50	60.315	60.345	60.277	60.330	5
2025-12-19 13:55	60.325	60.325	60.282	60.285	5
2025-12-19 14:00	60.275	60.280	60.132	60.180	5
2025-12-19 14:05	60.175	60.215	60.102	60.212	5
2025-12-19 14:10	60.225	60.245	60.182	60.182	5
2025-12-19 14:15	60.195	60.215	60.145	60.170	5
2025-12-19 14:20	60.162	60.185	60.022	60.022	5
2025-12-19 14:25	60.015	60.115	59.982	60.105	5
2025-12-19 14:30	60.100	60.285	60.088	60.230	5
2025-12-19 14:35	60.232	60.275	60.192	60.242	5
2025-12-19 14:40	60.247	60.295	60.207	60.290	5
2025-12-19 14:45	60.295	60.305	60.192	60.242	5
2025-12-19 14:50	60.250	60.265	60.122	60.125	5
2025-12-19 14:55	60.135	60.215	60.122	60.207	5
2025-12-19 15:00	60.215	60.265	60.092	60.132	5
2025-12-19 15:05	60.140	60.165	60.092	60.150	5
2025-12-19 15:10	60.155	60.215	60.135	60.185	5
2025-12-19 15:15	60.180	60.180	60.062	60.070	5
2025-12-19 15:20	60.065	60.075	60.010	60.050	5
2025-12-19 15:25	60.045	60.115	60.035	60.115	5
2025-12-19 15:30	60.105	60.110	60.012	60.012	5
2025-12-19 15:35	60.005	60.040	59.932	59.985	5
2025-12-19 15:40	59.975	60.040	59.947	59.972	5
2025-12-19 15:45	59.985	60.005	59.907	59.910	5
2025-12-19 15:50	59.905	59.975	59.875	59.972	5
2025-12-19 15:55	59.985	59.995	59.930	59.962	5
2025-12-19 16:00	59.960	60.035	59.960	59.992	5
2025-12-19 16:05	59.997	60.105	59.997	60.092	5
2025-12-19 16:10	60.097	60.105	60.032	60.042	5
2025-12-19 16:15	60.050	60.080	60.025	60.072	5
2025-12-19 16:20	60.070	60.190	60.062	60.115	5
2025-12-19 16:25	60.125	60.238	60.102	60.212	5
2025-12-19 16:30	60.207	60.325	60.175	60.290	5
2025-12-19 16:35	60.300	60.325	60.227	60.240	5
2025-12-19 16:40	60.245	60.265	60.202	60.252	5
2025-12-19 16:45	60.260	60.275	60.232	60.245	5
2025-12-19 16:50	60.235	60.285	60.202	60.212	5
2025-12-19 16:55	60.225	60.245	60.175	60.225	5
2025-12-19 17:00	60.220	60.267	60.212	60.230	5
2025-12-19 17:05	60.235	60.315	60.225	60.275	5
2025-12-19 17:10	60.270	60.270	60.182	60.195	5
2025-12-19 17:15	60.200	60.255	60.172	60.222	5
2025-12-19 17:20	60.230	60.255	60.220	60.242	5
2025-12-19 17:25	60.250	60.322	60.250	60.315	5
2025-12-19 17:30	60.310	60.325	60.272	60.310	5
2025-12-19 17:35	60.315	60.315	60.252	60.280	5
2025-12-19 17:40	60.272	60.285	60.242	60.250	5
2025-12-19 17:45	60.245	60.315	60.232	60.315	5
2025-12-19 17:50	60.322	60.345	60.272	60.325	5
2025-12-19 17:55	60.315	60.325	60.312	60.312	5
2025-12-19 18:00	60.305	60.342	60.285	60.332	5
2025-12-19 18:05	60.337	60.545	60.337	60.495	5
2025-12-19 18:10	60.505	60.505	60.442	60.475	5
2025-12-19 18:15	60.480	60.515	60.432	60.455	5
2025-12-19 18:20	60.457	60.460	60.422	60.442	5
2025-12-19 18:25	60.455	60.475	60.442	60.452	5
2025-12-19 18:30	60.450	60.455	60.372	60.405	5
2025-12-19 18:35	60.415	60.565	60.415	60.562	5
2025-12-19 18:40	60.555	60.625	60.535	60.582	5
2025-12-19 18:45	60.590	60.605	60.532	60.560	5
2025-12-19 18:50	60.565	60.575	60.522	60.542	5
2025-12-19 18:55	60.570	60.605	60.552	60.565	5
2025-12-19 19:00	60.555	60.555	60.422	60.460	5
2025-12-19 19:05	60.465	60.465	60.357	60.385	5
2025-12-19 19:10	60.395	60.505	60.392	60.462	5
2025-12-19 19:15	60.475	60.495	60.422	60.442	5
2025-12-19 19:20	60.450	60.465	60.412	60.447	5
2025-12-19 19:25	60.452	60.500	60.415	60.452	5
2025-12-19 19:30	60.460	60.475	60.430	60.442	4
2025-12-19 19:35	60.435	60.470	60.432	60.465	5
2025-12-19 19:40	60.455	60.505	60.432	60.495	5
2025-12-19 19:45	60.485	60.490	60.452	60.487	5
2025-12-19 19:50	60.492	60.492	60.442	60.452	5
2025-12-19 19:55	60.445	60.465	60.432	60.432	5
2025-12-19 20:00	60.428	60.470	60.428	60.462	5
2025-12-19 20:05	60.460	60.475	60.452	60.465	4
2025-12-19 20:10	60.460	60.465	60.392	60.392	5
2025-12-19 20:15	60.400	60.425	60.392	60.415	5
2025-12-19 20:20	60.420	60.455	60.420	60.452	5
2025-12-19 20:25	60.460	60.485	60.442	60.480	5
2025-12-19 20:30	60.470	60.555	60.465	60.552	5
2025-12-19 20:35	60.565	60.585	60.552	60.575	5
2025-12-19 20:40	60.555	60.577	60.542	60.552	5
2025-12-19 20:45	60.545	60.547	60.522	60.522	5
2025-12-19 20:50	60.517	60.545	60.512	60.535	4
2025-12-19 20:55	60.540	60.540	60.492	60.505	5
2025-12-19 21:00	60.498	60.503	60.483	60.498	5
2025-12-19 21:05	60.508	60.528	60.498	60.513	5
2025-12-19 21:10	60.508	60.508	60.488	60.488	4
2025-12-19 21:15	60.483	60.483	60.473	60.483	2
2025-12-19 21:20	60.473	60.528	60.473	60.508	5
2025-12-19 21:25	60.513	60.513	60.478	60.478	5
2025-12-19 21:30	60.473	60.478	60.463	60.468	3
2025-12-19 21:35	60.463	60.463	60.428	60.443	4
2025-12-19 21:40	60.438	60.463	60.428	60.463	5
2025-12-19 21:45	60.468	60.508	60.468	60.508	5
2025-12-19 21:50	60.503	60.503	60.483	60.498	5
2025-12-19 21:55	60.493	60.503	60.472	60.472	5
2025-12-22 01:00	60.868	60.925	60.862	60.872	5
2025-12-22 01:05	60.855	60.935	60.852	60.910	5
2025-12-22 01:10	60.902	60.935	60.897	60.905	5
2025-12-22 01:15	60.910	60.952	60.900	60.945	5
2025-12-22 01:20	60.935	60.935	60.865	60.870	4
2025-12-22 01:25	60.872	60.895	60.860	60.860	5
2025-12-22 01:30	60.855	60.912	60.855	60.912	5
2025-12-22 01:35	60.910	60.925	60.892	60.905	5
2025-12-22 01:40	60.915	60.915	60.852	60.855	5
2025-12-22 01:45	60.835	60.865	60.822	60.855	4
2025-12-22 01:50	60.850	60.885	60.850	60.857	4
2025-12-22 01:55	60.862	60.882	60.852	60.860	5
2025-12-22 02:00	60.865	60.905	60.857	60.902	5
2025-12-22 02:05	60.915	60.970	60.902	60.930	5
2025-12-22 02:10	60.925	60.925	60.880	60.915	4
2025-12-22 02:15	60.908	60.915	60.902	60.902	2
2025-12-22 02:20	60.892	60.950	60.892	60.937	5
2025-12-22 02:25	60.932	60.945	60.922	60.940	4
2025-12-22 02:30	60.945	61.045	60.942	61.015	5
2025-12-22 02:35	61.025	61.040	61.010	61.022	5
2025-12-22 02:40	61.020	61.020	60.930	60.940	5
2025-12-22 02:45	60.932	60.945	60.910	60.940	5
2025-12-22 02:50	60.945	60.965	60.925	60.940	5
2025-12-22 02:55	60.945	60.945	60.912	60.932	4
2025-12-22 03:00	60.928	60.975	60.928	60.935	4
2025-12-22 03:05	60.937	60.955	60.932	60.955	2
2025-12-22 03:10	60.985	60.985	60.952	60.962	3
2025-12-22 03:15	60.952	60.965	60.912	60.925	5
2025-12-22 03:20	60.915	60.950	60.885	60.885	5
2025-12-22 03:25	60.875	60.885	60.872	60.872	1
2025-12-22 03:30	60.865	60.875	60.848	60.855	3
2025-12-22 03:35	60.865	60.920	60.848	60.905	3
2025-12-22 03:40	60.895	60.912	60.882	60.912	3
2025-12-22 03:45	60.925	60.947	60.922	60.947	5
2025-12-22 03:50	60.942	60.942	60.912	60.912	5
2025-12-22 03:55	60.908	60.908	60.908	60.908	1
2025-12-22 04:00	60.915	60.915	60.890	60.892	4
2025-12-22 04:05	60.900	60.915	60.892	60.902	4
2025-12-22 04:10	60.908	60.915	60.908	60.908	3
2025-12-22 04:15	60.915	60.915	60.915	60.915	1
2025-12-22 04:20	60.908	60.975	60.908	60.970	5
2025-12-22 04:25	60.962	60.995	60.958	60.995	5
2025-12-22 04:30	61.005	61.015	61.002	61.015	3
2025-12-22 04:35	61.005	61.012	60.987	61.000	5
2025-12-22 04:40	60.995	60.995	60.962	60.972	5
2025-12-22 04:45	60.968	60.995	60.968	60.988	5
2025-12-22 04:50	60.995	61.005	60.982	60.992	4
2025-12-22 04:55	60.990	60.992	60.968	60.968	4
2025-12-22 05:00	60.985	60.990	60.972	60.985	5
2025-12-22 05:05	60.975	60.985	60.968	60.968	3
2025-12-22 05:10	60.975	60.975	60.927	60.932	5
2025-12-22 05:15	60.930	60.940	60.912	60.928	5
2025-12-22 05:20	60.935	60.975	60.935	60.972	5
2025-12-22 05:25	60.985	60.985	60.968	60.975	3
2025-12-22 05:30	60.960	61.182	60.957	61.182	5
2025-12-22 05:35	61.195	61.225	61.117	61.132	5
2025-12-22 05:40	61.130	61.155	61.102	61.135	5
2025-12-22 05:45	61.137	61.155	61.125	61.132	5
2025-12-22 05:50	61.125	61.140	61.095	61.110	5
2025-12-22 05:55	61.112	61.125	61.085	61.097	5
2025-12-22 06:00	61.095	61.125	61.090	61.092	5
2025-12-22 06:05	61.100	61.115	61.082	61.092	5
2025-12-22 06:10	61.090	61.125	61.080	61.125	4
2025-12-22 06:15	61.135	61.135	61.067	61.077	5
2025-12-22 06:20	61.075	61.090	61.005	61.017	5
2025-12-22 06:25	61.035	61.055	61.002	61.042	5
2025-12-22 06:30	61.050	61.065	61.027	61.032	5
2025-12-22 06:35	61.040	61.082	61.025	61.082	5
2025-12-22 06:40	61.080	61.125	61.080	61.115	5
2025-12-22 06:45	61.105	61.175	61.102	61.155	5
2025-12-22 06:50	61.147	61.185	61.132	61.142	5
2025-12-22 06:55	61.140	61.150	61.112	61.140	5
2025-12-22 07:00	61.123	61.175	61.072	61.172	5
2025-12-22 07:05	61.160	61.165	61.102	61.147	5
2025-12-22 07:10	61.170	61.205	61.145	61.200	5
2025-12-22 07:15	61.205	61.205	61.152	61.160	5
2025-12-22 07:20	61.165	61.165	61.122	61.122	5
2025-12-22 07:25	61.115	61.135	61.112	61.115	5
2025-12-22 07:30	61.125	61.125	61.080	61.087	5
2025-12-22 07:35	61.100	61.105	61.032	61.052	5
2025-12-22 07:40	61.065	61.085	61.052	61.082	5
2025-12-22 07:45	61.075	61.082	61.052	61.055	4
2025-12-22 07:50	61.060	61.065	60.992	61.015	5
2025-12-22 07:55	61.017	61.055	61.005	61.030	5
2025-12-22 08:00	61.025	61.055	61.005	61.055	5
2025-12-22 08:05	61.047	61.065	61.022	61.022	5
2025-12-22 08:10	61.030	61.035	60.942	60.990	5
2025-12-22 08:15	60.985	61.022	60.982	60.995	5
2025-12-22 08:20	60.985	61.025	60.967	61.020	5
2025-12-22 08:25	61.025	61.025	60.930	60.935	5
2025-12-22 08:30	60.945	60.975	60.922	60.945	5
2025-12-22 08:35	60.955	61.015	60.950	60.992	5
2025-12-22 08:40	61.000	61.012	60.962	60.990	5
2025-12-22 08:45	60.982	60.992	60.892	60.942	5
2025-12-22 08:50	60.965	61.020	60.965	61.000	5
2025-12-22 08:55	60.992	61.045	60.982	61.027	5
2025-12-22 09:00	61.040	61.090	60.988	60.992	5
2025-12-22 09:05	60.985	61.002	60.932	60.942	5
2025-12-22 09:10	60.950	61.015	60.932	60.990	5
2025-12-22 09:15	60.980	61.005	60.952	61.005	5
2025-12-22 09:20	61.000	61.005	60.922	60.952	5
2025-12-22 09:25	60.957	60.985	60.872	60.872	5
2025-12-22 09:30	60.885	60.995	60.862	60.982	5
2025-12-22 09:35	60.965	61.000	60.922	60.922	5
2025-12-22 09:40	60.915	60.990	60.900	60.972	5
2025-12-22 09:45	60.962	60.995	60.942	60.972	5
2025-12-22 09:50	60.965	61.045	60.962	61.042	5
2025-12-22 09:55	61.035	61.045	61.002	61.012	5
2025-12-22 10:00	61.020	61.055	60.972	61.032	5
2025-12-22 10:05	61.040	61.045	61.012	61.012	5
2025-12-22 10:10	61.002	61.095	61.002	61.072	5
2025-12-22 10:15	61.085	61.155	61.082	61.132	5
2025-12-22 10:20	61.140	61.165	61.072	61.085	5
2025-12-22 10:25	61.075	61.235	61.072	61.225	5
2025-12-22 10:30	61.230	61.355	61.222	61.352	5
2025-12-22 10:35	61.350	61.365	61.302	61.362	5
2025-12-22 10:40	61.375	61.455	61.362	61.430	5
2025-12-22 10:45	61.425	61.435	61.392	61.412	5
2025-12-22 10:50	61.420	61.420	61.365	61.395	5
2025-12-22 10:55	61.397	61.455	61.382	61.390	5
2025-12-22 11:00	61.395	61.475	61.395	61.462	5
2025-12-22 11:05	61.455	61.512	61.425	61.502	5
2025-12-22 11:10	61.500	61.565	61.485	61.540	5
2025-12-22 11:15	61.545	61.615	61.537	61.575	5
2025-12-22 11:20	61.580	61.585	61.532	61.550	5
2025-12-22 11:25	61.552	61.605	61.542	61.602	5
2025-12-22 11:30	61.615	61.615	61.562	61.602	5
2025-12-22 11:35	61.595	61.635	61.582	61.592	5
2025-12-22 11:40	61.585	61.635	61.582	61.602	5
2025-12-22 11:45	61.615	61.665	61.605	61.622	5
2025-12-22 11:50	61.635	61.695	61.612	61.680	5
2025-12-22 11:55	61.675	61.750	61.675	61.735	5
2025-12-22 12:00	61.745	61.745	61.655	61.662	5
2025-12-22 12:05	61.667	61.675	61.622	61.632	5
2025-12-22 12:10	61.645	61.665	61.632	61.632	5
2025-12-22 12:15	61.625	61.670	61.612	61.622	5
2025-12-22 12:20	61.630	61.685	61.615	61.662	4
2025-12-22 12:25	61.675	61.685	61.652	61.682	4
2025-12-22 12:30	61.705	61.715	61.655	61.692	5
2025-12-22 12:35	61.680	61.695	61.642	61.692	5
2025-12-22 12:40	61.705	61.725	61.702	61.715	5
2025-12-22 12:45	61.720	61.735	61.702	61.702	4
2025-12-22 12:50	61.715	61.730	61.692	61.712	5
2025-12-22 12:55	61.705	61.725	61.687	61.700	5
2025-12-22 13:00	61.702	61.735	61.672	61.722	5
2025-12-22 13:05	61.735	61.775	61.712	61.762	5
2025-12-22 13:10	61.770	61.805	61.755	61.767	5
2025-12-22 13:15	61.785	61.785	61.712	61.725	5
2025-12-22 13:20	61.720	61.775	61.692	61.762	5
2025-12-22 13:25	61.760	61.805	61.760	61.772	5
2025-12-22 13:30	61.785	61.822	61.777	61.787	5
2025-12-22 13:35	61.795	61.865	61.787	61.862	5
2025-12-22 13:40	61.860	61.915	61.812	61.915	5
2025-12-22 13:45	61.905	62.115	61.902	62.092	5
2025-12-22 13:50	62.105	62.135	62.022	62.047	5
2025-12-22 13:55	62.052	62.055	61.962	61.980	5
2025-12-22 14:00	61.962	62.055	61.922	61.967	5
2025-12-22 14:05	61.975	62.010	61.882	61.882	5
2025-12-22 14:10	61.895	61.905	61.772	61.802	5
2025-12-22 14:15	61.795	61.815	61.712	61.782	5
2025-12-22 14:20	61.795	61.845	61.772	61.830	5
2025-12-22 14:25	61.825	61.855	61.782	61.825	5
2025-12-22 14:30	61.818	61.975	61.802	61.892	5
2025-12-22 14:35	61.902	61.935	61.872	61.910	5
2025-12-22 14:40	61.905	61.925	61.812	61.820	5
2025-12-22 14:45	61.825	61.890	61.792	61.810	5
2025-12-22 14:50	61.815	61.835	61.670	61.810	5
2025-12-22 14:55	61.812	61.820	61.722	61.792	5
2025-12-22 15:00	61.790	61.790	61.712	61.732	5
2025-12-22 15:05	61.725	61.815	61.722	61.795	5
2025-12-22 15:10	61.805	61.825	61.772	61.822	5
2025-12-22 15:15	61.827	61.865	61.812	61.865	5
2025-12-22 15:20	61.855	61.925	61.835	61.905	5
2025-12-22 15:25	61.910	61.975	61.910	61.935	5
2025-12-22 15:30	61.925	61.925	61.742	61.785	5
2025-12-22 15:35	61.775	61.787	61.742	61.752	5
2025-12-22 15:40	61.747	61.772	61.682	61.750	5
2025-12-22 15:45	61.755	61.755	61.672	61.702	5
2025-12-22 15:50	61.700	61.702	61.635	61.672	5
2025-12-22 15:55	61.685	61.695	61.592	61.600	5
2025-12-22 16:00	61.598	61.655	61.565	61.652	5
2025-12-22 16:05	61.660	61.665	61.602	61.635	5
2025-12-22 16:10	61.625	61.685	61.617	61.660	5
2025-12-22 16:15	61.655	61.690	61.632	61.655	5
2025-12-22 16:20	61.645	61.675	61.620	61.672	5
2025-12-22 16:25	61.705	61.755	61.668	61.695	5
2025-12-22 16:30	61.692	61.845	61.690	61.782	5
2025-12-22 16:35	61.775	61.785	61.722	61.722	5
2025-12-22 16:40	61.735	61.805	61.715	61.725	5
2025-12-22 16:45	61.730	61.810	61.725	61.795	5
2025-12-22 16:50	61.805	61.895	61.792	61.852	5
2025-12-22 16:55	61.845	61.910	61.822	61.832	5
2025-12-22 17:00	61.838	61.915	61.832	61.882	5
2025-12-22 17:05	61.895	61.905	61.852	61.902	5
2025-12-22 17:10	61.892	61.925	61.872	61.920	5
2025-12-22 17:15	61.922	61.925	61.882	61.892	5
2025-12-22 17:20	61.900	61.905	61.825	61.825	5
2025-12-22 17:25	61.820	61.865	61.792	61.862	5
2025-12-22 17:30	61.875	61.925	61.855	61.925	5
2025-12-22 17:35	61.930	61.940	61.892	61.925	5
2025-12-22 17:40	61.932	61.960	61.912	61.922	5
2025-12-22 17:45	61.915	61.975	61.912	61.942	5
2025-12-22 17:50	61.955	61.955	61.890	61.895	5
2025-12-22 17:55	61.900	61.900	61.795	61.822	5
2025-12-22 18:00	61.820	61.855	61.812	61.840	5
2025-12-22 18:05	61.842	61.935	61.842	61.922	5
2025-12-22 18:10	61.910	61.955	61.902	61.950	5
2025-12-22 18:15	61.942	61.975	61.942	61.955	5
2025-12-22 18:20	61.965	61.972	61.932	61.965	5
2025-12-22 18:25	61.955	61.965	61.910	61.925	5
2025-12-22 18:30	61.935	61.950	61.882	61.912	5
2025-12-22 18:35	61.905	62.005	61.902	61.995	5
2025-12-22 18:40	62.002	62.015	61.947	61.950	5
2025-12-22 18:45	61.955	61.975	61.942	61.975	5
2025-12-22 18:50	61.982	62.005	61.972	61.972	5
2025-12-22 18:55	61.970	61.985	61.945	61.965	5
2025-12-22 19:00	61.955	61.985	61.922	61.960	5
2025-12-22 19:05	61.965	61.965	61.900	61.932	5
2025-12-22 19:10	61.925	61.995	61.910	61.970	5
2025-12-22 19:15	61.975	62.025	61.970	62.015	5
2025-12-22 19:20	62.005	62.050	61.962	62.045	5
2025-12-22 19:25	62.040	62.095	61.955	62.072	5
2025-12-22 19:30	62.078	62.105	62.047	62.052	5
2025-12-22 19:35	62.065	62.085	62.062	62.062	5
2025-12-22 19:40	62.060	62.065	62.012	62.012	5
2025-12-22 19:45	62.020	62.035	62.015	62.022	3
2025-12-22 19:50	62.030	62.100	62.022	62.082	5
2025-12-22 19:55	62.078	62.095	62.075	62.092	5
2025-12-22 20:00	62.105	62.105	62.090	62.102	3
2025-12-22 20:05	62.095	62.115	62.082	62.095	5
2025-12-22 20:10	62.088	62.125	62.082	62.112	5
2025-12-22 20:15	62.110	62.130	62.110	62.115	5
2025-12-22 20:20	62.105	62.125	62.100	62.125	4
2025-12-22 20:25	62.130	62.130	62.092	62.095	4
2025-12-22 20:30	62.100	62.105	62.090	62.105	4
2025-12-22 20:35	62.095	62.145	62.092	62.140	3
2025-12-22 20:40	62.145	62.145	62.092	62.092	5
2025-12-22 20:45	62.100	62.102	62.052	62.052	4
2025-12-22 20:50	62.060	62.065	62.042	62.062	5
2025-12-22 20:55	62.060	62.060	62.042	62.060	5
2025-12-22 21:00	62.055	62.060	61.978	61.988	5
2025-12-22 21:05	61.983	61.988	61.958	61.968	3
2025-12-22 21:10	61.963	61.968	61.948	61.953	5
2025-12-22 21:15	61.948	61.953	61.943	61.943	3
2025-12-22 21:20	61.948	61.958	61.943	61.958	4
2025-12-22 21:25	61.972	62.013	61.972	61.998	4
2025-12-22 21:30	61.993	62.048	61.993	62.038	4
2025-12-22 21:35	62.043	62.043	62.018	62.018	4
2025-12-22 21:40	62.013	62.033	62.013	62.023	5
2025-12-22 21:45	62.018	62.018	61.998	62.003	4
2025-12-22 21:50	61.998	62.018	61.983	61.998	5
2025-12-22 21:55	61.993	62.013	61.988	61.998	4
2025-12-23 01:00	61.902	61.990	61.902	61.990	5
2025-12-23 01:05	61.985	62.045	61.985	62.032	5
2025-12-23 01:10	62.030	62.040	61.975	61.992	5
2025-12-23 01:15	62.000	62.015	61.992	62.002	5
2025-12-23 01:20	61.980	61.980	61.932	61.952	5
2025-12-23 01:25	61.950	61.955	61.905	61.935	5
2025-12-23 01:30	61.950	61.970	61.945	61.955	4
2025-12-23 01:35	61.960	61.985	61.955	61.955	4
2025-12-23 01:40	61.957	61.962	61.927	61.942	5
2025-12-23 01:45	61.940	61.945	61.905	61.932	5
2025-12-23 01:50	61.940	61.962	61.922	61.952	5
2025-12-23 01:55	61.945	61.955	61.932	61.950	5
2025-12-23 02:00	61.945	61.955	61.932	61.932	5
2025-12-23 02:05	61.940	61.975	61.930	61.962	5
2025-12-23 02:10	61.975	62.025	61.972	62.012	5
2025-12-23 02:15	62.010	62.012	61.972	61.972	5
2025-12-23 02:20	61.965	62.015	61.962	62.012	4
2025-12-23 02:25	62.017	62.055	62.017	62.045	5
2025-12-23 02:30	62.050	62.055	62.032	62.042	5
2025-12-23 02:35	62.040	62.040	61.982	61.982	5
2025-12-23 02:40	61.975	61.995	61.957	61.990	5
2025-12-23 02:45	61.985	61.987	61.952	61.980	5
2025-12-23 02:50	61.975	61.980	61.962	61.980	4
2025-12-23 02:55	61.970	62.002	61.965	62.000	5
2025-12-23 03:00	62.015	62.050	62.005	62.032	5
2025-12-23 03:05	62.025	62.045	62.012	62.045	5
2025-12-23 03:10	62.040	62.055	62.040	62.052	4
2025-12-23 03:15	62.060	62.065	62.027	62.027	4
2025-12-23 03:20	62.032	62.052	62.015	62.040	5
2025-12-23 03:25	62.032	62.040	62.025	62.032	4
2025-12-23 03:30	62.030	62.045	62.007	62.045	5
2025-12-23 03:35	62.038	62.045	62.033	62.042	4
2025-12-23 03:40	62.035	62.045	62.028	62.037	3
2025-12-23 03:45	62.035	62.040	61.992	61.992	5
2025-12-23 03:50	62.005	62.010	61.992	62.005	4
2025-12-23 03:55	62.000	62.015	61.985	62.010	5
2025-12-23 04:00	62.012	62.012	62.002	62.012	4
2025-12-23 04:05	62.025	62.025	62.002	62.005	2
2025-12-23 04:10	62.000	62.010	61.982	61.985	4
2025-12-23 04:15	61.990	61.990	61.972	61.972	5
2025-12-23 04:20	61.977	61.977	61.958	61.965	5
2025-12-23 04:25	61.958	61.970	61.955	61.970	2
2025-12-23 04:30	61.963	61.980	61.963	61.980	4
2025-12-23 04:35	61.972	61.980	61.968	61.975	5
2025-12-23 04:40	61.962	61.985	61.962	61.980	4
2025-12-23 04:45	61.973	61.980	61.968	61.973	5
2025-12-23 04:50	61.980	61.980	61.968	61.980	3
2025-12-23 04:55	61.973	61.980	61.952	61.952	4
2025-12-23 05:00	61.948	61.948	61.902	61.907	5
2025-12-23 05:05	61.902	61.950	61.902	61.922	5
2025-12-23 05:10	61.912	61.917	61.882	61.885	2
2025-12-23 05:15	61.890	61.905	61.882	61.885	4
2025-12-23 05:20	61.887	61.892	61.855	61.867	4
2025-12-23 05:25	61.872	61.892	61.867	61.877	5
2025-12-23 05:30	61.885	61.925	61.872	61.900	5
2025-12-23 05:35	61.902	61.915	61.872	61.912	5
2025-12-23 05:40	61.905	61.905	61.812	61.847	5
2025-12-23 05:45	61.855	61.860	61.812	61.845	5
2025-12-23 05:50	61.835	61.850	61.827	61.850	5
2025-12-23 05:55	61.842	61.860	61.817	61.850	5
2025-12-23 06:00	61.845	61.865	61.832	61.865	5
2025-12-23 06:05	61.867	61.895	61.862	61.890	5
2025-12-23 06:10	61.882	61.890	61.817	61.835	5
2025-12-23 06:15	61.827	61.857	61.822	61.852	5
2025-12-23 06:20	61.850	61.860	61.835	61.855	5
2025-12-23 06:25	61.860	61.880	61.855	61.865	5
2025-12-23 06:30	61.870	61.875	61.852	61.857	5
2025-12-23 06:35	61.855	61.855	61.807	61.827	5
2025-12-23 06:40	61.835	61.865	61.817	61.865	5
2025-12-23 06:45	61.860	61.915	61.852	61.907	5
2025-12-23 06:50	61.902	61.910	61.882	61.905	5
2025-12-23 06:55	61.900	61.932	61.892	61.910	5
2025-12-23 07:00	61.918	61.952	61.872	61.942	5
2025-12-23 07:05	61.935	61.935	61.908	61.922	4
2025-12-23 07:10	61.912	61.925	61.892	61.892	5
2025-12-23 07:15	61.910	61.940	61.900	61.937	4
2025-12-23 07:20	61.950	61.950	61.907	61.925	4
2025-12-23 07:25	61.935	61.965	61.922	61.962	5
2025-12-23 07:30	61.960	61.960	61.930	61.942	5
2025-12-23 07:35	61.940	61.945	61.915	61.932	5
2025-12-23 07:40	61.937	61.975	61.932	61.965	5
2025-12-23 07:45	61.960	61.960	61.922	61.950	5
2025-12-23 07:50	61.945	61.985	61.927	61.972	5
2025-12-23 07:55	61.965	61.975	61.932	61.947	5
2025-12-23 08:00	61.938	62.045	61.938	62.037	5
2025-12-23 08:05	62.032	62.080	62.032	62.080	5
2025-12-23 08:10	62.082	62.120	62.052	62.052	5
2025-12-23 08:15	62.065	62.095	62.027	62.075	5
2025-12-23 08:20	62.090	62.145	62.075	62.122	5
2025-12-23 08:25	62.120	62.135	62.052	62.052	5
2025-12-23 08:30	62.060	62.065	61.992	62.030	5
2025-12-23 08:35	62.032	62.065	62.017	62.022	5
2025-12-23 08:40	62.032	62.032	61.972	61.972	5
2025-12-23 08:45	61.977	61.995	61.935	61.985	5
2025-12-23 08:50	61.980	62.040	61.960	62.022	5
2025-12-23 08:55	62.030	62.035	61.995	62.025	5
2025-12-23 09:00	62.030	62.105	62.012	62.012	5
2025-12-23 09:05	62.017	62.065	62.015	62.060	5
2025-12-23 09:10	62.065	62.105	62.020	62.102	5
2025-12-23 09:15	62.100	62.125	62.062	62.082	5
2025-12-23 09:20	62.090	62.115	62.082	62.115	5
2025-12-23 09:25	62.107	62.115	62.082	62.092	5
2025-12-23 09:30	62.090	62.102	62.062	62.087	5
2025-12-23 09:35	62.085	62.120	62.082	62.092	5
2025-12-23 09:40	62.105	62.125	62.060	62.110	5
2025-12-23 09:45	62.115	62.170	62.102	62.147	5
2025-12-23 09:50	62.145	62.155	62.102	62.135	5
2025-12-23 09:55	62.140	62.165	62.095	62.100	5
2025-12-23 10:00	62.080	62.080	62.015	62.032	5
2025-12-23 10:05	62.025	62.072	62.002	62.072	5
2025-12-23 10:10	62.090	62.125	62.050	62.062	5
2025-12-23 10:15	62.050	62.152	62.030	62.132	5
2025-12-23 10:20	62.137	62.142	62.092	62.102	5
2025-12-23 10:25	62.095	62.165	62.092	62.162	5
2025-12-23 10:30	62.170	62.225	62.132	62.167	5
2025-12-23 10:35	62.172	62.175	62.095	62.102	5
2025-12-23 10:40	62.115	62.132	62.072	62.112	5
2025-12-23 10:45	62.095	62.152	62.092	62.150	5
2025-12-23 10:50	62.135	62.175	62.132	62.152	5
2025-12-23 10:55	62.160	62.175	62.142	62.142	4
2025-12-23 11:00	62.148	62.148	62.077	62.135	5
2025-12-23 11:05	62.125	62.157	62.092	62.157	5
2025-12-23 11:10	62.165	62.202	62.152	62.202	5
2025-12-23 11:15	62.210	62.225	62.170	62.195	5
2025-12-23 11:20	62.200	62.205	62.157	62.175	5
2025-12-23 11:25	62.170	62.180	62.117	62.117	5
2025-12-23 11:30	62.115	62.120	62.037	62.097	5
2025-12-23 11:35	62.102	62.105	62.077	62.095	5
2025-12-23 11:40	62.100	62.135	62.082	62.112	5
2025-12-23 11:45	62.120	62.160	62.102	62.150	5
2025-12-23 11:50	62.160	62.165	62.095	62.095	5
2025-12-23 11:55	62.090	62.155	62.085	62.155	5
2025-12-23 12:00	62.148	62.205	62.148	62.167	5
2025-12-23 12:05	62.162	62.180	62.082	62.082	5
2025-12-23 12:10	62.087	62.135	62.085	62.132	5
2025-12-23 12:15	62.140	62.145	62.082	62.082	4
2025-12-23 12:20	62.095	62.150	62.090	62.132	5
2025-12-23 12:25	62.145	62.155	62.122	62.145	4
2025-12-23 12:30	62.155	62.175	62.142	62.172	5
2025-12-23 12:35	62.170	62.205	62.152	62.187	5
2025-12-23 12:40	62.195	62.215	62.170	62.192	5
2025-12-23 12:45	62.185	62.215	62.182	62.215	3
2025-12-23 12:50	62.217	62.235	62.190	62.225	5
2025-12-23 12:55	62.220	62.235	62.192	62.202	5
2025-12-23 13:00	62.195	62.255	62.195	62.212	5
2025-12-23 13:05	62.225	62.245	62.152	62.172	5
2025-12-23 13:10	62.165	62.185	62.142	62.152	5
2025-12-23 13:15	62.142	62.222	62.142	62.195	5
2025-12-23 13:20	62.185	62.195	62.152	62.167	5
2025-12-23 13:25	62.175	62.177	62.122	62.132	5
2025-12-23 13:30	62.130	62.195	62.127	62.190	5
2025-12-23 13:35	62.192	62.192	62.110	62.130	5
2025-12-23 13:40	62.135	62.215	62.135	62.182	5
2025-12-23 13:45	62.195	62.265	62.190	62.225	5
2025-12-23 13:50	62.228	62.240	62.192	62.215	5
2025-12-23 13:55	62.220	62.235	62.168	62.187	5
2025-12-23 14:00	62.190	62.215	62.102	62.215	5
2025-12-23 14:05	62.210	62.220	62.110	62.157	5
2025-12-23 14:10	62.162	62.175	62.105	62.115	5
2025-12-23 14:15	62.120	62.120	62.017	62.025	5
2025-12-23 14:20	62.015	62.025	61.955	61.972	5
2025-12-23 14:25	61.970	61.982	61.862	61.870	5
2025-12-23 14:30	61.865	61.975	61.852	61.900	5
2025-12-23 14:35	61.892	61.935	61.840	61.922	5
2025-12-23 14:40	61.930	61.935	61.715	61.775	5
2025-12-23 14:45	61.785	61.835	61.772	61.815	5
2025-12-23 14:50	61.805	61.857	61.782	61.825	5
2025-12-23 14:55	61.820	61.820	61.772	61.772	5
2025-12-23 15:00	61.777	61.812	61.732	61.765	5
2025-12-23 15:05	61.757	61.837	61.755	61.792	5
2025-12-23 15:10	61.790	61.870	61.765	61.855	5
2025-12-23 15:15	61.870	61.895	61.807	61.862	5
2025-12-23 15:20	61.870	61.935	61.827	61.842	5
2025-12-23 15:25	61.840	61.865	61.802	61.862	5
2025-12-23 15:30	61.852	61.865	61.815	61.832	5
2025-12-23 15:35	61.827	61.850	61.815	61.830	5
2025-12-23 15:40	61.835	61.915	61.795	61.880	5
2025-12-23 15:45	61.875	61.900	61.845	61.855	5
2025-12-23 15:50	61.865	61.865	61.775	61.795	5
2025-12-23 15:55	61.800	61.815	61.755	61.755	5
2025-12-23 16:00	61.760	61.845	61.725	61.835	5
2025-12-23 16:05	61.840	61.845	61.795	61.825	5
2025-12-23 16:10	61.840	61.990	61.835	61.965	5
2025-12-23 16:15	61.970	62.015	61.945	62.015	5
2025-12-23 16:20	62.025	62.120	62.025	62.095	5
2025-12-23 16:25	62.090	62.135	62.085	62.085	5
2025-12-23 16:30	62.090	62.105	62.040	62.085	5
2025-12-23 16:35	62.090	62.195	62.085	62.135	5
2025-12-23 16:40	62.140	62.155	62.065	62.115	5
2025-12-23 16:45	62.105	62.125	62.070	62.105	5
2025-12-23 16:50	62.115	62.145	62.105	62.135	5
2025-12-23 16:55	62.130	62.140	62.065	62.080	5
2025-12-23 17:00	62.085	62.115	62.065	62.115	5
2025-12-23 17:05	62.120	62.165	62.115	62.150	5
2025-12-23 17:10	62.145	62.215	62.125	62.205	5
2025-12-23 17:15	62.195	62.225	62.155	62.195	5
2025-12-23 17:20	62.185	62.245	62.180	62.235	5
2025-12-23 17:25	62.240	62.240	62.170	62.185	5
2025-12-23 17:30	62.165	62.185	62.155	62.170	5
2025-12-23 17:35	62.165	62.185	62.145	62.155	5
2025-12-23 17:40	62.160	62.185	62.135	62.175	5
2025-12-23 17:45	62.165	62.225	62.155	62.225	5
2025-12-23 17:50	62.235	62.275	62.235	62.265	5
2025-12-23 17:55	62.255	62.255	62.195	62.235	5
2025-12-23 18:00	62.245	62.285	62.215	62.265	5
2025-12-23 18:05	62.270	62.270	62.245	62.265	5
2025-12-23 18:10	62.270	62.270	62.270	62.270	1
2025-12-24 01:00	61.922	61.960	61.875	61.910	5
2025-12-24 01:05	61.905	61.935	61.895	61.925	5
2025-12-24 01:10	61.930	61.930	61.895	61.902	5
2025-12-24 01:15	61.910	61.910	61.847	61.860	5
2025-12-24 01:20	61.865	61.865	61.812	61.852	5
2025-12-24 01:25	61.842	61.855	61.812	61.812	5
2025-12-24 01:30	61.807	61.825	61.762	61.780	5
2025-12-24 01:35	61.772	61.785	61.730	61.745	5
2025-12-24 01:40	61.747	61.810	61.742	61.810	5
2025-12-24 01:45	61.815	61.840	61.802	61.817	5
2025-12-24 01:50	61.822	61.855	61.812	61.812	5
2025-12-24 01:55	61.825	61.855	61.812	61.817	5
2025-12-24 02:00	61.830	61.840	61.812	61.820	5
2025-12-24 02:05	61.825	61.842	61.820	61.822	5
2025-12-24 02:10	61.817	61.875	61.815	61.855	5
2025-12-24 02:15	61.857	61.875	61.852	61.872	4
2025-12-24 02:20	61.870	61.885	61.860	61.875	5
2025-12-24 02:25	61.865	61.865	61.852	61.852	3
2025-12-24 02:30	61.845	61.862	61.822	61.822	5
2025-12-24 02:35	61.830	61.875	61.830	61.870	5
2025-12-24 02:40	61.875	61.875	61.852	61.872	5
2025-12-24 02:45	61.865	61.890	61.855	61.887	3
2025-12-24 02:50	61.882	61.892	61.862	61.862	5
2025-12-24 02:55	61.860	61.862	61.832	61.832	3
2025-12-24 03:00	61.830	61.842	61.802	61.830	5
2025-12-24 03:05	61.832	61.845	61.820	61.827	4
2025-12-24 03:10	61.832	61.855	61.822	61.845	5
2025-12-24 03:15	61.837	61.880	61.837	61.867	5
2025-12-24 03:20	61.865	61.865	61.825	61.842	5
2025-12-24 03:25	61.840	61.852	61.825	61.852	5
2025-12-24 03:30	61.845	61.847	61.812	61.845	5
2025-12-24 03:35	61.855	61.855	61.840	61.845	5
2025-12-24 03:40	61.850	61.905	61.818	61.895	5
2025-12-24 03:45	61.890	61.895	61.815	61.815	5
2025-12-24 03:50	61.825	61.895	61.817	61.885	4
2025-12-24 03:55	61.890	61.905	61.882	61.895	5
2025-12-24 04:00	61.905	61.932	61.882	61.932	5
2025-12-24 04:05	61.935	61.950	61.932	61.935	3
2025-12-24 04:10	61.945	61.945	61.932	61.932	2
2025-12-24 04:15	61.905	61.952	61.882	61.935	5
2025-12-24 04:20	61.945	61.965	61.935	61.935	4
2025-12-24 04:25	61.945	61.945	61.662	61.682	4
2025-12-24 04:30	61.675	61.875	61.675	61.855	5
2025-12-24 04:35	61.875	61.875	61.835	61.847	5
2025-12-24 04:40	61.845	61.895	61.840	61.890	5
2025-12-24 04:45	61.885	61.890	61.855	61.875	5
2025-12-24 04:50	61.877	61.885	61.865	61.880	5
2025-12-24 04:55	61.885	61.925	61.875	61.920	5
2025-12-24 05:00	61.922	61.935	61.892	61.897	5
2025-12-24 05:05	61.895	61.920	61.895	61.917	5
2025-12-24 05:10	61.922	61.925	61.895	61.925	5
2025-12-24 05:15	61.920	61.922	61.905	61.910	4
2025-12-24 05:20	61.915	61.925	61.902	61.920	5
2025-12-24 05:25	61.915	61.945	61.912	61.927	4
2025-12-24 05:30	61.935	61.940	61.905	61.915	5
2025-12-24 05:35	61.905	61.920	61.887	61.907	5
2025-12-24 05:40	61.912	61.945	61.902	61.945	5
2025-12-24 05:45	61.955	61.955	61.925	61.925	4
2025-12-24 05:50	61.915	61.915	61.872	61.895	5
2025-12-24 05:55	61.905	61.910	61.892	61.895	4
2025-12-24 06:00	61.885	61.885	61.852	61.852	5
2025-12-24 06:05	61.848	61.885	61.848	61.872	4
2025-12-24 06:10	61.865	61.895	61.862	61.892	5
2025-12-24 06:15	61.890	61.895	61.872	61.890	4
2025-12-24 06:20	61.892	61.915	61.890	61.915	5
2025-12-24 06:25	61.910	61.922	61.902	61.922	5
2025-12-24 06:30	61.930	61.955	61.925	61.932	5
2025-12-24 06:35	61.945	61.955	61.942	61.955	4
2025-12-24 06:40	61.950	61.955	61.935	61.942	5
2025-12-24 06:45	61.940	62.015	61.940	62.007	5
2025-12-24 06:50	62.015	62.065	62.015	62.062	5
2025-12-24 06:55	62.070	62.070	62.012	62.012	5
2025-12-24 07:00	61.995	62.040	61.982	62.005	4
2025-12-24 07:05	62.015	62.035	61.992	61.992	5
2025-12-24 07:10	61.995	62.025	61.987	62.007	5
2025-12-24 07:15	62.005	62.020	61.985	62.020	5
2025-12-24 07:20	62.022	62.022	62.005	62.005	5
2025-12-24 07:25	62.002	62.020	61.992	62.002	5
2025-12-24 07:30	62.010	62.032	62.002	62.015	5
2025-12-24 07:35	62.008	62.045	62.002	62.042	5
2025-12-24 07:40	62.055	62.062	62.032	62.042	5
2025-12-24 07:45	62.050	62.065	62.030	62.062	5
2025-12-24 07:50	62.060	62.095	62.052	62.055	4
2025-12-24 07:55	62.045	62.045	62.022	62.030	5
2025-12-24 08:00	62.055	62.082	62.012	62.062	5
2025-12-24 08:05	62.080	62.105	62.072	62.082	5
2025-12-24 08:10	62.075	62.155	62.042	62.135	5
2025-12-24 08:15	62.125	62.165	62.122	62.142	5
2025-12-24 08:20	62.135	62.150	62.112	62.147	5
2025-12-24 08:25	62.145	62.152	62.112	62.132	5
2025-12-24 08:30	62.128	62.190	62.105	62.190	5
2025-12-24 08:35	62.185	62.195	62.152	62.152	5
2025-12-24 08:40	62.160	62.180	62.142	62.142	5
2025-12-24 08:45	62.150	62.175	62.142	62.170	5
2025-12-24 08:50	62.172	62.172	62.132	62.142	5
2025-12-24 08:55	62.150	62.150	62.027	62.045	5
2025-12-24 09:00	62.032	62.070	61.975	62.000	5
2025-12-24 09:05	61.995	62.042	61.900	61.900	5
2025-12-24 09:10	61.902	61.965	61.862	61.952	5
2025-12-24 09:15	61.925	61.930	61.812	61.852	5
2025-12-24 09:20	61.860	61.915	61.842	61.882	5
2025-12-24 09:25	61.880	61.885	61.842	61.875	5
2025-12-24 09:30	61.865	61.932	61.860	61.930	5
2025-12-24 09:35	61.935	61.935	61.875	61.922	5
2025-12-24 09:40	61.930	61.975	61.912	61.965	4
2025-12-24 09:45	61.960	62.010	61.945	62.005	5
2025-12-24 09:50	61.990	61.995	61.910	61.910	5
2025-12-24 09:55	61.915	61.945	61.912	61.922	5
2025-12-24 10:00	61.930	61.935	61.892	61.930	5
2025-12-24 10:05	61.935	61.935	61.902	61.902	5
2025-12-24 10:10	61.910	61.920	61.862	61.902	5
2025-12-24 10:15	61.907	61.960	61.902	61.932	5
2025-12-24 10:20	61.945	61.982	61.910	61.982	5
2025-12-24 10:25	61.975	61.995	61.962	61.975	5
2025-12-24 10:30	61.980	61.980	61.942	61.962	4
2025-12-24 10:35	61.975	62.030	61.955	61.982	5
2025-12-24 10:40	61.990	62.045	61.990	62.032	5
2025-12-24 10:45	62.025	62.045	62.012	62.012	5
2025-12-24 10:50	62.010	62.010	61.972	61.972	5
2025-12-24 10:55	61.990	62.010	61.972	62.005	5
2025-12-24 11:00	61.995	62.005	61.962	61.975	5
2025-12-24 11:05	61.980	61.982	61.942	61.942	5
2025-12-24 11:10	61.950	61.985	61.950	61.982	3
2025-12-24 11:15	61.995	62.022	61.955	61.975	5
2025-12-24 11:20	61.967	61.972	61.875	61.885	5
2025-12-24 11:25	61.890	61.950	61.872	61.940	5
2025-12-24 11:30	61.945	61.980	61.945	61.970	5
2025-12-24 11:35	61.950	61.977	61.942	61.965	5
2025-12-24 11:40	61.960	62.115	61.952	62.115	5
2025-12-24 11:45	62.120	62.120	62.032	62.062	5
2025-12-24 11:50	62.075	62.085	62.022	62.035	5
2025-12-24 11:55	62.045	62.060	62.010	62.015	5
2025-12-24 12:00	62.025	62.040	61.977	61.987	5
2025-12-24 12:05	61.995	61.995	61.952	61.952	5
2025-12-24 12:10	61.942	62.007	61.912	61.992	5
2025-12-24 12:15	62.005	62.035	61.985	61.992	5
2025-12-24 12:20	62.005	62.045	61.990	62.042	5
2025-12-24 12:25	62.040	62.125	62.015	62.022	5
2025-12-24 12:30	62.035	62.065	61.885	61.950	5
2025-12-24 12:35	61.945	61.955	61.872	61.925	5
2025-12-24 12:40	61.930	61.960	61.912	61.957	5
2025-12-24 12:45	61.952	61.985	61.872	61.882	5
2025-12-24 12:50	61.890	61.915	61.850	61.865	5
2025-12-24 12:55	61.855	61.915	61.842	61.885	5
2025-12-24 13:00	61.875	61.970	61.872	61.940	5
2025-12-24 13:05	61.935	61.945	61.877	61.925	5
2025-12-24 13:10	61.935	61.945	61.872	61.922	5
2025-12-24 13:15	61.915	61.945	61.912	61.922	5
2025-12-24 13:20	61.905	61.955	61.882	61.932	5
2025-12-24 13:25	61.930	61.930	61.872	61.882	5
2025-12-24 13:30	61.915	61.915	61.852	61.875	5
2025-12-24 13:35	61.865	61.865	61.812	61.822	5
2025-12-24 13:40	61.845	61.915	61.832	61.902	5
2025-12-24 13:45	61.907	61.940	61.902	61.932	5
2025-12-24 13:50	61.925	61.945	61.892	61.922	5
2025-12-24 13:55	61.917	61.935	61.900	61.925	5
2025-12-24 14:00	61.912	61.985	61.865	61.865	5
2025-12-24 14:05	61.855	61.960	61.812	61.950	5
2025-12-24 14:10	61.952	61.985	61.922	61.932	5
2025-12-24 14:15	61.940	61.995	61.935	61.982	5
2025-12-24 14:20	61.975	62.005	61.962	62.002	5
2025-12-24 14:25	62.000	62.002	61.955	61.985	5
2025-12-24 14:30	61.965	62.075	61.922	62.022	5
2025-12-24 14:35	62.015	62.040	61.985	61.992	5
2025-12-24 14:40	61.985	62.070	61.982	62.045	5
2025-12-24 14:45	62.047	62.065	61.992	62.005	5
2025-12-24 14:50	62.010	62.025	61.982	62.002	5
2025-12-24 14:55	62.010	62.012	61.942	61.962	5
2025-12-24 15:00	61.952	62.010	61.905	61.962	5
2025-12-24 15:05	61.960	62.015	61.960	61.962	5
2025-12-24 15:10	61.970	61.985	61.912	61.942	5
2025-12-24 15:15	61.947	61.975	61.897	61.900	5
2025-12-24 15:20	61.895	61.895	61.822	61.855	5
2025-12-24 15:25	61.842	61.850	61.772	61.825	5
2025-12-24 15:30	61.830	61.830	61.690	61.702	5
2025-12-24 15:35	61.695	61.707	61.622	61.627	5
2025-12-24 15:40	61.632	61.655	61.567	61.595	5
2025-12-24 15:45	61.605	61.615	61.535	61.605	5
2025-12-24 15:50	61.600	61.625	61.562	61.615	5
2025-12-24 15:55	61.610	61.640	61.592	61.605	5
2025-12-24 16:00	61.585	61.655	61.562	61.630	5
2025-12-24 16:05	61.632	61.695	61.612	61.650	5
2025-12-24 16:10	61.660	61.725	61.650	61.682	5
2025-12-24 16:15	61.690	61.740	61.682	61.735	5
2025-12-24 16:20	61.725	61.775	61.720	61.720	5
2025-12-24 16:25	61.715	61.765	61.712	61.745	5
2025-12-24 16:30	61.755	61.755	61.615	61.672	5
2025-12-24 16:35	61.680	61.710	61.655	61.672	5
2025-12-24 16:40	61.670	61.685	61.650	61.655	5
2025-12-24 16:45	61.645	61.695	61.632	61.692	5
2025-12-24 16:50	61.705	61.812	61.702	61.810	5
2025-12-24 16:55	61.802	61.810	61.740	61.790	5
2025-12-24 17:00	61.782	61.885	61.782	61.880	5
2025-12-24 17:05	61.890	61.950	61.882	61.910	5
2025-12-24 17:10	61.902	61.920	61.875	61.900	5
2025-12-24 17:15	61.892	61.925	61.892	61.920	5
2025-12-24 17:20	61.925	61.925	61.835	61.850	5
2025-12-24 17:25	61.852	61.865	61.832	61.857	5
2025-12-24 17:30	61.862	61.900	61.852	61.890	5
2025-12-24 17:35	61.892	61.905	61.757	61.812	5
2025-12-24 17:40	61.810	61.830	61.782	61.825	5
2025-12-24 17:45	61.830	61.885	61.822	61.870	5
2025-12-24 17:50	61.875	61.875	61.792	61.792	5
2025-12-24 17:55	61.790	61.795	61.722	61.762	5
2025-12-24 18:00	61.758	61.790	61.750	61.750	5
2025-12-24 18:05	61.755	61.775	61.722	61.730	5
2025-12-24 18:10	61.735	61.785	61.730	61.772	5
2025-12-24 18:15	61.770	61.775	61.722	61.750	5
2025-12-24 18:20	61.752	61.782	61.702	61.707	5
2025-12-24 18:25	61.705	61.810	61.677	61.805	4
2025-12-26 01:00	61.847	61.970	61.847	61.950	5
2025-12-26 01:05	61.942	61.955	61.905	61.935	5
2025-12-26 01:10	61.940	62.025	61.940	61.997	5
2025-12-26 01:15	61.995	62.025	61.927	61.957	5
2025-12-26 01:20	61.965	61.985	61.935	61.975	5
2025-12-26 01:25	61.970	61.972	61.922	61.935	5
2025-12-26 01:30	61.930	61.970	61.927	61.962	5
2025-12-26 01:35	61.955	61.975	61.942	61.942	5
2025-12-26 01:40	61.955	61.975	61.928	61.947	5
2025-12-26 01:45	61.952	61.952	61.935	61.942	5
2025-12-26 01:50	61.940	61.965	61.935	61.942	5
2025-12-26 01:55	61.940	61.940	61.877	61.877	5
2025-12-26 02:00	61.875	61.942	61.872	61.902	5
2025-12-26 02:05	61.885	61.885	61.840	61.875	5
2025-12-26 02:10	61.885	61.925	61.882	61.917	5
2025-12-26 02:15	61.925	61.940	61.917	61.917	3
2025-12-26 02:20	61.913	61.915	61.892	61.912	4
2025-12-26 02:25	61.908	61.925	61.908	61.922	4
2025-12-26 02:30	61.912	61.925	61.892	61.917	5
2025-12-26 02:35	61.925	61.937	61.895	61.902	5
2025-12-26 02:40	61.915	61.940	61.912	61.940	2
2025-12-26 02:45	61.942	61.955	61.927	61.937	4
2025-12-26 02:50	61.942	61.955	61.880	61.892	5
2025-12-26 02:55	61.885	61.895	61.867	61.892	3
2025-12-26 03:00	61.905	61.915	61.900	61.905	3
2025-12-26 03:05	61.900	61.905	61.892	61.900	5
2025-12-26 03:10	61.905	61.925	61.892	61.902	3
2025-12-26 03:15	61.915	61.915	61.882	61.882	5
2025-12-26 03:20	61.890	61.895	61.862	61.872	5
2025-12-26 03:25	61.865	61.910	61.835	61.902	5
2025-12-26 03:30	61.895	61.895	61.845	61.845	5
2025-12-26 03:35	61.850	61.855	61.835	61.845	5
2025-12-26 03:40	61.840	61.855	61.835	61.852	3
2025-12-26 03:45	61.842	61.855	61.832	61.855	4
2025-12-26 03:50	61.850	61.850	61.832	61.842	5
2025-12-26 03:55	61.840	61.842	61.833	61.842	5
2025-12-26 04:00	61.835	61.837	61.745	61.750	5
2025-12-26 04:05	61.745	61.795	61.737	61.795	4
2025-12-26 04:10	61.790	61.820	61.790	61.807	4
2025-12-26 04:15	61.802	61.825	61.802	61.822	4
2025-12-26 04:20	61.815	61.827	61.808	61.827	3
2025-12-26 04:25	61.835	61.845	61.807	61.820	5
2025-12-26 04:30	61.822	61.842	61.822	61.838	3
2025-12-26 04:35	61.850	61.850	61.817	61.822	5
2025-12-26 04:40	61.835	61.842	61.832	61.835	3
2025-12-26 04:45	61.830	61.850	61.825	61.838	5
2025-12-26 04:50	61.850	61.850	61.832	61.832	4
2025-12-26 04:55	61.828	61.830	61.813	61.820	5
2025-12-26 05:00	61.825	61.825	61.793	61.805	3
2025-12-26 05:05	61.797	61.810	61.792	61.800	4
2025-12-26 05:10	61.795	61.800	61.785	61.795	3
2025-12-26 05:15	61.790	61.790	61.770	61.770	2
2025-12-26 05:20	61.765	61.770	61.737	61.748	5
2025-12-26 05:25	61.742	61.790	61.732	61.790	4
2025-12-26 05:30	61.795	61.805	61.710	61.722	5
2025-12-26 05:35	61.730	61.755	61.722	61.737	5
2025-12-26 05:40	61.735	61.755	61.702	61.740	5
2025-12-26 05:45	61.732	61.775	61.727	61.752	5
2025-12-26 05:50	61.757	61.805	61.750	61.770	5
2025-12-26 05:55	61.775	61.835	61.775	61.832	5
2025-12-26 06:00	61.830	61.875	61.827	61.860	5
2025-12-26 06:05	61.852	61.860	61.812	61.827	4
2025-12-26 06:10	61.820	61.840	61.797	61.822	5
2025-12-26 06:15	61.827	61.865	61.825	61.852	5
2025-12-26 06:20	61.860	61.875	61.842	61.870	5
2025-12-26 06:25	61.865	61.895	61.852	61.862	4
2025-12-26 06:30	61.855	61.930	61.852	61.900	5
2025-12-26 06:35	61.905	61.920	61.882	61.917	5
2025-12-26 06:40	61.925	61.925	61.880	61.910	5
2025-12-26 06:45	61.912	61.950	61.910	61.917	5
2025-12-26 06:50	61.912	61.932	61.908	61.915	5
2025-12-26 06:55	61.910	61.910	61.875	61.885	5
2025-12-26 07:00	61.890	61.930	61.890	61.920	5
2025-12-26 07:05	61.912	61.957	61.900	61.945	5
2025-12-26 07:10	61.940	61.945	61.935	61.940	3
2025-12-26 07:15	61.935	61.940	61.922	61.925	5
2025-12-26 07:20	61.920	61.925	61.907	61.920	3
2025-12-26 07:25	61.915	61.935	61.915	61.922	5
2025-12-26 07:30	61.930	61.945	61.925	61.935	4
2025-12-26 07:35	61.922	61.945	61.922	61.927	5
2025-12-26 07:40	61.932	61.932	61.855	61.872	4
2025-12-26 07:45	61.885	61.890	61.852	61.867	5
2025-12-26 07:50	61.872	61.905	61.867	61.900	4
2025-12-26 07:55	61.895	61.902	61.775	61.775	5
2025-12-26 08:00	61.790	61.905	61.782	61.872	5
2025-12-26 08:05	61.865	61.865	61.795	61.845	5
2025-12-26 08:10	61.837	61.897	61.837	61.870	5
2025-12-26 08:15	61.862	61.870	61.770	61.815	5
2025-12-26 08:20	61.822	61.845	61.795	61.815	5
2025-12-26 08:25	61.810	61.845	61.712	61.725	5
2025-12-26 08:30	61.730	61.800	61.692	61.792	5
2025-12-26 08:35	61.810	61.872	61.792	61.802	5
2025-12-26 08:40	61.800	61.840	61.800	61.830	5
2025-12-26 08:45	61.822	61.865	61.820	61.840	5
2025-12-26 08:50	61.842	61.945	61.837	61.910	5
2025-12-26 08:55	61.902	61.975	61.902	61.955	5
2025-12-26 09:00	61.950	62.035	61.942	61.995	5
2025-12-26 09:05	61.985	62.030	61.942	61.942	5
2025-12-26 09:10	61.950	61.960	61.922	61.952	5
2025-12-26 09:15	61.942	61.950	61.882	61.935	5
2025-12-26 09:20	61.945	61.945	61.895	61.925	5
2025-12-26 09:25	61.915	61.975	61.912	61.975	5
2025-12-26 09:30	61.970	61.985	61.952	61.955	5
2025-12-26 09:35	61.960	61.960	61.792	61.800	5
2025-12-26 09:40	61.795	61.805	61.750	61.805	4
2025-12-26 09:45	61.800	61.840	61.772	61.782	5
2025-12-26 09:50	61.775	61.805	61.742	61.790	5
2025-12-26 09:55	61.785	61.835	61.762	61.820	5
2025-12-26 10:00	61.815	61.892	61.802	61.880	5
2025-12-26 10:05	61.875	61.915	61.875	61.905	4
2025-12-26 10:10	61.910	61.935	61.902	61.917	5
2025-12-26 10:15	61.925	61.940	61.895	61.932	5
2025-12-26 10:20	61.945	61.975	61.920	61.962	5
2025-12-26 10:25	61.975	62.125	61.972	62.115	5
2025-12-26 10:30	62.125	62.235	62.122	62.195	5
2025-12-26 10:35	62.197	62.215	62.132	62.140	5
2025-12-26 10:40	62.145	62.172	62.122	62.125	5
2025-12-26 10:45	62.115	62.115	62.070	62.082	5
2025-12-26 10:50	62.095	62.095	62.042	62.055	5
2025-12-26 10:55	62.045	62.045	61.907	61.922	5
2025-12-26 11:00	61.905	61.935	61.862	61.887	5
2025-12-26 11:05	61.885	61.990	61.862	61.977	5
2025-12-26 11:10	61.982	62.025	61.937	61.955	5
2025-12-26 11:15	61.950	61.995	61.950	61.990	5
2025-12-26 11:20	61.982	61.995	61.955	61.962	5
2025-12-26 11:25	61.975	62.010	61.912	61.920	5
2025-12-26 11:30	61.912	61.912	61.807	61.822	5
2025-12-26 11:35	61.800	61.850	61.760	61.835	5
2025-12-26 11:40	61.830	61.830	61.682	61.712	5
2025-12-26 11:45	61.710	61.710	61.610	61.637	5
2025-12-26 11:50	61.645	61.715	61.640	61.685	5
2025-12-26 11:55	61.672	61.775	61.672	61.775	5
2025-12-26 12:00	61.785	61.885	61.782	61.832	5
2025-12-26 12:05	61.830	61.850	61.802	61.825	5
2025-12-26 12:10	61.805	61.805	61.742	61.775	5
2025-12-26 12:15	61.765	61.765	61.722	61.750	5
2025-12-26 12:20	61.745	61.810	61.745	61.780	5
2025-12-26 12:25	61.790	61.795	61.747	61.760	5
2025-12-26 12:30	61.765	61.860	61.765	61.822	5
2025-12-26 12:35	61.830	61.842	61.772	61.795	5
2025-12-26 12:40	61.790	61.790	61.742	61.752	5
2025-12-26 12:45	61.760	61.760	61.702	61.732	5
2025-12-26 12:50	61.745	61.772	61.732	61.747	5
2025-12-26 12:55	61.745	61.780	61.682	61.705	5
2025-12-26 13:00	61.707	61.775	61.612	61.762	5
2025-12-26 13:05	61.760	61.795	61.692	61.702	5
2025-12-26 13:10	61.695	61.745	61.685	61.735	5
2025-12-26 13:15	61.740	61.780	61.685	61.695	5
2025-12-26 13:20	61.690	61.692	61.592	61.655	5
2025-12-26 13:25	61.665	61.730	61.642	61.705	5
2025-12-26 13:30	61.715	61.720	61.662	61.682	5
2025-12-26 13:35	61.675	61.695	61.650	61.672	5
2025-12-26 13:40	61.675	61.705	61.602	61.602	5
2025-12-26 13:45	61.595	61.602	61.370	61.462	5
2025-12-26 13:50	61.475	61.485	61.382	61.392	5
2025-12-26 13:55	61.405	61.485	61.375	61.375	5
2025-12-26 14:00	61.362	61.362	61.112	61.212	5
2025-12-26 14:05	61.210	61.322	61.185	61.300	5
2025-12-26 14:10	61.305	61.325	61.222	61.272	5
2025-12-26 14:15	61.280	61.332	61.235	61.257	5
2025-12-26 14:20	61.255	61.275	61.208	61.230	5
2025-12-26 14:25	61.225	61.270	61.195	61.215	5
2025-12-26 14:30	61.210	61.325	61.165	61.230	5
2025-12-26 14:35	61.232	61.295	61.212	61.235	5
2025-12-26 14:40	61.240	61.262	61.205	61.237	5
2025-12-26 14:45	61.245	61.262	61.162	61.170	5
2025-12-26 14:50	61.162	61.185	61.075	61.082	5
2025-12-26 14:55	61.080	61.225	61.070	61.190	5
2025-12-26 15:00	61.185	61.195	61.100	61.140	5
2025-12-26 15:05	61.145	61.185	61.112	61.140	5
2025-12-26 15:10	61.135	61.165	61.092	61.160	5
2025-12-26 15:15	61.162	61.162	61.045	61.062	5
2025-12-26 15:20	61.060	61.095	61.052	61.085	5
2025-12-26 15:25	61.080	61.117	61.072	61.087	5
2025-12-26 15:30	61.085	61.095	61.022	61.085	5
2025-12-26 15:35	61.080	61.110	61.032	61.055	5
2025-12-26 15:40	61.047	61.052	60.982	61.032	5
2025-12-26 15:45	61.030	61.095	61.022	61.060	5
2025-12-26 15:50	61.055	61.055	60.982	60.992	5
2025-12-26 15:55	60.982	60.982	60.825	60.870	5
2025-12-26 16:00	60.858	60.865	60.792	60.822	5
2025-12-26 16:05	60.835	60.885	60.832	60.882	5
2025-12-26 16:10	60.875	60.895	60.852	60.862	5
2025-12-26 16:15	60.875	60.915	60.862	60.877	5
2025-12-26 16:20	60.872	60.905	60.812	60.820	5
2025-12-26 16:25	60.825	60.835	60.762	60.807	5
2025-12-26 16:30	60.815	60.815	60.742	60.762	5
2025-12-26 16:35	60.760	60.780	60.702	60.752	5
2025-12-26 16:40	60.745	60.805	60.742	60.787	5
2025-12-26 16:45	60.795	60.795	60.662	60.695	5
2025-12-26 16:50	60.705	60.725	60.685	60.715	5
2025-12-26 16:55	60.725	60.765	60.692	60.715	5
2025-12-26 17:00	60.695	60.755	60.682	60.710	5
2025-12-26 17:05	60.712	60.800	60.712	60.762	5
2025-12-26 17:10	60.770	60.775	60.732	60.772	5
2025-12-26 17:15	60.785	60.785	60.732	60.740	5
2025-12-26 17:20	60.745	60.755	60.682	60.705	5
2025-12-26 17:25	60.710	60.715	60.632	60.632	5
2025-12-26 17:30	60.635	60.695	60.620	60.665	5
2025-12-26 17:35	60.670	60.670	60.592	60.635	5
2025-12-26 17:40	60.645	60.675	60.642	60.675	5
2025-12-26 17:45	60.685	60.725	60.672	60.702	5
2025-12-26 17:50	60.710	60.710	60.662	60.672	5
2025-12-26 17:55	60.670	60.700	60.662	60.672	5
2025-12-26 18:00	60.665	60.750	60.662	60.702	5
2025-12-26 18:05	60.710	60.725	60.682	60.690	5
2025-12-26 18:10	60.682	60.705	60.665	60.702	5
2025-12-26 18:15	60.695	60.715	60.665	60.695	5
2025-12-26 18:20	60.685	60.685	60.632	60.645	5
2025-12-26 18:25	60.640	60.652	60.615	60.635	5
2025-12-26 18:30	60.640	60.715	60.635	60.692	5
2025-12-26 18:35	60.697	60.710	60.682	60.700	5
2025-12-26 18:40	60.692	60.705	60.635	60.665	5
2025-12-26 18:45	60.667	60.670	60.562	60.572	5
2025-12-26 18:50	60.585	60.595	60.523	60.523	5
2025-12-26 18:55	60.523	60.535	60.523	60.523	5
2025-12-26 19:00	60.523	60.565	60.523	60.523	5
2025-12-26 19:05	60.530	60.547	60.523	60.523	5
2025-12-26 19:10	60.523	60.555	60.523	60.523	5
2025-12-26 19:15	60.523	60.523	60.442	60.452	5
2025-12-26 19:20	60.445	60.455	60.382	60.392	5
2025-12-26 19:25	60.385	60.410	60.162	60.165	5
2025-12-26 19:30	60.165	60.230	60.132	60.192	5
2025-12-26 19:35	60.185	60.250	60.165	60.240	5
2025-12-26 19:40	60.232	60.255	60.202	60.245	5
2025-12-26 19:45	60.235	60.245	60.162	60.202	5
2025-12-26 19:50	60.195	60.230	60.182	60.197	5
2025-12-26 19:55	60.195	60.265	60.195	60.240	5
2025-12-26 20:00	60.242	60.305	60.232	60.262	5
2025-12-26 20:05	60.275	60.275	60.220	60.222	5
2025-12-26 20:10	60.235	60.290	60.230	60.275	5
2025-12-26 20:15	60.285	60.300	60.262	60.275	5
2025-12-26 20:20	60.265	60.285	60.262	60.285	5
2025-12-26 20:25	60.275	60.320	60.272	60.295	5
2025-12-26 20:30	60.285	60.345	60.282	60.325	5
2025-12-26 20:35	60.327	60.365	60.323	60.340	5
2025-12-26 20:40	60.335	60.365	60.335	60.355	4
2025-12-26 20:45	60.342	60.382	60.342	60.355	5
2025-12-26 20:50	60.365	60.415	60.357	60.395	5
2025-12-26 20:55	60.400	60.430	60.400	60.400	5
2025-12-26 21:00	60.377	60.382	60.337	60.337	5
2025-12-26 21:05	60.342	60.362	60.337	60.352	5
2025-12-26 21:10	60.362	60.407	60.362	60.382	5
2025-12-26 21:15	60.377	60.407	60.372	60.402	4
2025-12-26 21:20	60.412	60.417	60.397	60.402	5
2025-12-26 21:25	60.397	60.427	60.397	60.427	5
2025-12-26 21:30	60.422	60.462	60.422	60.457	5
2025-12-26 21:35	60.457	60.457	60.437	60.442	5
2025-12-26 21:40	60.432	60.447	60.397	60.402	5
2025-12-26 21:45	60.392	60.417	60.382	60.387	5
2025-12-26 21:50	60.377	60.407	60.377	60.402	5
2025-12-26 21:55	60.407	60.422	60.402	60.422	5
2025-12-29 01:00	60.632	60.735	60.615	60.662	5
2025-12-29 01:05	60.655	60.780	60.652	60.777	5
2025-12-29 01:10	60.782	60.797	60.740	60.742	5
2025-12-29 01:15	60.750	60.752	60.672	60.672	5
2025-12-29 01:20	60.685	60.712	60.672	60.680	5
2025-12-29 01:25	60.672	60.685	60.640	60.675	5
2025-12-29 01:30	60.665	60.720	60.662	60.692	5
2025-12-29 01:35	60.700	60.717	60.632	60.635	5
2025-12-29 01:40	60.630	60.655	60.582	60.600	5
2025-12-29 01:45	60.595	60.650	60.572	60.642	5
2025-12-29 01:50	60.635	60.672	60.632	60.662	5
2025-12-29 01:55	60.655	60.675	60.615	60.637	5
2025-12-29 02:00	60.635	60.650	60.595	60.650	5
2025-12-29 02:05	60.645	60.682	60.622	60.640	5
2025-12-29 02:10	60.645	60.650	60.612	60.650	5
2025-12-29 02:15	60.645	60.670	60.645	60.652	4
2025-12-29 02:20	60.660	60.675	60.645	60.675	4
2025-12-29 02:25	60.665	60.685	60.657	60.685	3
2025-12-29 02:30	60.695	60.770	60.692	60.765	5
2025-12-29 02:35	60.760	60.765	60.735	60.735	5
2025-12-29 02:40	60.730	60.765	60.725	60.757	5
2025-12-29 02:45	60.765	60.795	60.762	60.780	5
2025-12-29 02:50	60.785	60.795	60.758	60.758	5
2025-12-29 02:55	60.765	60.775	60.742	60.765	5
2025-12-29 03:00	60.760	60.770	60.735	60.745	5
2025-12-29 03:05	60.755	60.755	60.732	60.752	3
2025-12-29 03:10	60.740	60.787	60.722	60.787	5
2025-12-29 03:15	60.792	60.805	60.780	60.800	5
2025-12-29 03:20	60.792	60.802	60.782	60.792	5
2025-12-29 03:25	60.787	60.805	60.772	60.782	5
2025-12-29 03:30	60.795	60.845	60.782	60.845	5
2025-12-29 03:35	60.835	60.840	60.812	60.840	4
2025-12-29 03:40	60.835	60.840	60.815	60.817	5
2025-12-29 03:45	60.825	60.825	60.802	60.815	3
2025-12-29 03:50	60.808	60.835	60.805	60.830	4
2025-12-29 03:55	60.832	60.845	60.822	60.830	5
2025-12-29 04:00	60.822	60.825	60.808	60.808	4
2025-12-29 04:05	60.825	60.840	60.815	60.832	3
2025-12-29 04:10	60.840	60.845	60.832	60.840	3
2025-12-29 04:15	60.832	60.850	60.832	60.845	3
2025-12-29 04:20	60.838	60.845	60.835	60.845	4
2025-12-29 04:25	60.838	60.852	60.832	60.840	4
2025-12-29 04:30	60.832	60.835	60.828	60.830	3
2025-12-29 04:35	60.835	60.840	60.818	60.818	4
2025-12-29 04:40	60.815	60.820	60.797	60.815	4
2025-12-29 04:45	60.810	60.810	60.795	60.805	4
2025-12-29 04:50	60.815	60.825	60.812	60.822	3
2025-12-29 04:55	60.820	60.825	60.802	60.810	5
2025-12-29 05:00	60.805	60.825	60.785	60.792	3
2025-12-29 05:05	60.805	60.810	60.792	60.792	4
2025-12-29 05:10	60.800	60.805	60.795	60.805	5
2025-12-29 05:15	60.820	60.845	60.812	60.825	4
2025-12-29 05:20	60.820	60.825	60.818	60.825	4
2025-12-29 05:25	60.818	60.865	60.818	60.840	4
2025-12-29 05:30	60.842	61.015	60.832	61.015	5
2025-12-29 05:35	61.007	61.012	60.972	60.985	5
2025-12-29 05:40	60.990	61.010	60.985	60.985	5
2025-12-29 05:45	60.995	60.995	60.982	60.982	1
2025-12-29 05:50	60.970	60.975	60.940	60.957	4
2025-12-29 05:55	60.965	60.965	60.882	60.890	5
2025-12-29 06:00	60.885	60.885	60.837	60.860	5
2025-12-29 06:05	60.852	60.875	60.837	60.867	5
2025-12-29 06:10	60.875	60.940	60.875	60.922	5
2025-12-29 06:15	60.930	60.930	60.900	60.912	4
2025-12-29 06:20	60.925	60.940	60.900	60.900	5
2025-12-29 06:25	60.893	60.900	60.852	60.857	5
2025-12-29 06:30	60.855	60.880	60.850	60.875	5
2025-12-29 06:35	60.880	60.885	60.842	60.845	5
2025-12-29 06:40	60.840	60.865	60.822	60.855	5
2025-12-29 06:45	60.845	60.872	60.810	60.810	5
2025-12-29 06:50	60.805	60.825	60.805	60.820	4
2025-12-29 06:55	60.822	60.840	60.812	60.830	5
2025-12-29 07:00	60.825	60.905	60.820	60.842	5
2025-12-29 07:05	60.835	60.835	60.802	60.820	5
2025-12-29 07:10	60.825	60.890	60.812	60.872	5
2025-12-29 07:15	60.880	60.925	60.855	60.880	5
2025-12-29 07:20	60.865	60.910	60.842	60.907	5
2025-12-29 07:25	60.905	60.905	60.840	60.855	5
2025-12-29 07:30	60.860	60.865	60.820	60.835	5
2025-12-29 07:35	60.827	60.837	60.767	60.795	5
2025-12-29 07:40	60.805	60.875	60.802	60.860	5
2025-12-29 07:45	60.865	60.885	60.842	60.865	5
2025-12-29 07:50	60.870	60.895	60.842	60.890	5
2025-12-29 07:55	60.882	60.882	60.785	60.845	5
2025-12-29 08:00	60.838	60.965	60.818	60.945	5
2025-12-29 08:05	60.940	60.955	60.870	60.872	5
2025-12-29 08:10	60.865	60.935	60.860	60.912	5
2025-12-29 08:15	60.925	60.940	60.862	60.862	5
2025-12-29 08:20	60.860	60.905	60.840	60.862	5
2025-12-29 08:25	60.872	60.895	60.777	60.800	5
2025-12-29 08:30	60.795	60.900	60.782	60.842	5
2025-12-29 08:35	60.835	60.850	60.772	60.805	5
2025-12-29 08:40	60.815	60.865	60.815	60.862	5
2025-12-29 08:45	60.875	60.947	60.872	60.945	5
2025-12-29 08:50	60.955	60.990	60.932	60.962	5
2025-12-29 08:55	60.970	61.065	60.965	61.062	5
2025-12-29 09:00	61.063	61.165	61.062	61.160	5
2025-12-29 09:05	61.152	61.155	61.072	61.132	5
2025-12-29 09:10	61.140	61.165	61.102	61.132	5
2025-12-29 09:15	61.125	61.172	61.100	61.162	5
2025-12-29 09:20	61.155	61.225	61.127	61.212	5
2025-12-29 09:25	61.205	61.265	61.192	61.237	5
2025-12-29 09:30	61.250	61.275	61.200	61.235	5
2025-12-29 09:35	61.245	61.350	61.232	61.342	5
2025-12-29 09:40	61.335	61.435	61.332	61.425	5
2025-12-29 09:45	61.420	61.475	61.402	61.452	5
2025-12-29 09:50	61.465	61.505	61.415	61.502	5
2025-12-29 09:55	61.495	61.525	61.415	61.435	5
2025-12-29 10:00	61.445	61.445	61.365	61.392	5
2025-12-29 10:05	61.400	61.465	61.352	61.392	5
2025-12-29 10:10	61.390	61.400	61.325	61.325	5
2025-12-29 10:15	61.320	61.345	61.285	61.342	5
2025-12-29 10:20	61.350	61.385	61.322	61.332	5
2025-12-29 10:25	61.340	61.355	61.280	61.290	5
2025-12-29 10:30	61.292	61.292	61.190	61.272	5
2025-12-29 10:35	61.270	61.300	61.222	61.265	5
2025-12-29 10:40	61.275	61.325	61.275	61.305	5
2025-12-29 10:45	61.300	61.360	61.292	61.360	5
2025-12-29 10:50	61.365	61.365	61.302	61.347	5
2025-12-29 10:55	61.355	61.425	61.342	61.412	5
2025-12-29 11:00	61.405	61.435	61.330	61.355	5
2025-12-29 11:05	61.340	61.392	61.320	61.380	5
2025-12-29 11:10	61.385	61.455	61.362	61.445	5
2025-12-29 11:15	61.435	61.442	61.365	61.395	5
2025-12-29 11:20	61.397	61.465	61.392	61.445	5
2025-12-29 11:25	61.440	61.460	61.422	61.442	5
2025-12-29 11:30	61.450	61.475	61.402	61.465	5
2025-12-29 11:35	61.460	61.465	61.365	61.405	5
2025-12-29 11:40	61.395	61.445	61.382	61.435	5
2025-12-29 11:45	61.432	61.475	61.415	61.472	5
2025-12-29 11:50	61.465	61.505	61.450	61.475	5
2025-12-29 11:55	61.485	61.485	61.432	61.460	5
2025-12-29 12:00	61.465	61.475	61.387	61.402	5
2025-12-29 12:05	61.410	61.435	61.392	61.422	5
2025-12-29 12:10	61.420	61.425	61.322	61.365	5
2025-12-29 12:15	61.355	61.395	61.352	61.382	5
2025-12-29 12:20	61.375	61.375	61.352	61.362	5
2025-12-29 12:25	61.355	61.395	61.350	61.382	5
2025-12-29 12:30	61.390	61.460	61.390	61.445	5
2025-12-29 12:35	61.437	61.485	61.437	61.485	5
2025-12-29 12:40	61.475	61.585	61.472	61.585	5
2025-12-29 12:45	61.575	61.615	61.522	61.602	5
2025-12-29 12:50	61.595	61.615	61.582	61.595	5
2025-12-29 12:55	61.585	61.595	61.552	61.562	4
2025-12-29 13:00	61.558	61.625	61.497	61.582	5
2025-12-29 13:05	61.575	61.675	61.552	61.642	5
2025-12-29 13:10	61.665	61.665	61.582	61.600	5
2025-12-29 13:15	61.605	61.615	61.575	61.592	5
2025-12-29 13:20	61.580	61.585	61.522	61.552	5
2025-12-29 13:25	61.545	61.610	61.532	61.562	5
2025-12-29 13:30	61.545	61.605	61.532	61.582	5
2025-12-29 13:35	61.580	61.590	61.542	61.557	5
2025-12-29 13:40	61.555	61.560	61.512	61.515	5
2025-12-29 13:45	61.520	61.555	61.492	61.542	5
2025-12-29 13:50	61.555	61.575	61.535	61.562	5
2025-12-29 13:55	61.560	61.590	61.525	61.527	5
2025-12-29 14:00	61.515	61.535	61.362	61.382	5
2025-12-29 14:05	61.375	61.390	61.305	61.362	5
2025-12-29 14:10	61.355	61.522	61.352	61.517	5
2025-12-29 14:15	61.512	61.535	61.420	61.452	5
2025-12-29 14:20	61.450	61.465	61.412	61.445	5
2025-12-29 14:25	61.440	61.485	61.422	61.467	5
2025-12-29 14:30	61.458	61.665	61.422	61.615	5
2025-12-29 14:35	61.630	61.705	61.440	61.450	5
2025-12-29 14:40	61.442	61.580	61.362	61.572	5
2025-12-29 14:45	61.575	61.585	61.515	61.562	5
2025-12-29 14:50	61.575	61.585	61.520	61.535	5
2025-12-29 14:55	61.540	61.565	61.462	61.500	5
2025-12-29 15:00	61.495	61.520	61.432	61.470	5
2025-12-29 15:05	61.465	61.515	61.450	61.485	5
2025-12-29 15:10	61.475	61.542	61.465	61.525	5
2025-12-29 15:15	61.520	61.585	61.507	61.585	5
2025-12-29 15:20	61.582	61.615	61.542	61.555	5
2025-12-29 15:25	61.560	61.575	61.502	61.520	5
2025-12-29 15:30	61.518	61.635	61.518	61.627	5
2025-12-29 15:35	61.635	61.635	61.562	61.565	5
2025-12-29 15:40	61.560	61.575	61.492	61.572	5
2025-12-29 15:45	61.585	61.625	61.542	61.592	5
2025-12-29 15:50	61.602	61.622	61.575	61.602	5
2025-12-29 15:55	61.593	61.635	61.572	61.592	5
2025-12-29 16:00	61.605	61.612	61.445	61.502	5
2025-12-29 16:05	61.515	61.620	61.492	61.600	5
2025-12-29 16:10	61.592	61.635	61.552	61.632	5
2025-12-29 16:15	61.650	61.655	61.560	61.592	5
2025-12-29 16:20	61.585	61.620	61.497	61.535	5
2025-12-29 16:25	61.545	61.575	61.412	61.430	5
2025-12-29 16:30	61.422	61.550	61.412	61.500	5
2025-12-29 16:35	61.502	61.515	61.462	61.462	5
2025-12-29 16:40	61.455	61.490	61.400	61.442	5
2025-12-29 16:45	61.450	61.450	61.382	61.430	5
2025-12-29 16:50	61.435	61.475	61.422	61.442	5
2025-12-29 16:55	61.455	61.465	61.392	61.400	5
2025-12-29 17:00	61.393	61.415	61.372	61.402	5
2025-12-29 17:05	61.395	61.422	61.380	61.392	5
2025-12-29 17:10	61.415	61.445	61.402	61.430	5
2025-12-29 17:15	61.425	61.510	61.412	61.482	5
2025-12-29 17:20	61.475	61.475	61.390	61.450	5
2025-12-29 17:25	61.445	61.465	61.402	61.462	5
2025-12-29 17:30	61.470	61.490	61.432	61.432	5
2025-12-29 17:35	61.425	61.440	61.372	61.430	5
2025-12-29 17:40	61.425	61.440	61.330	61.335	5
2025-12-29 17:45	61.340	61.385	61.332	61.365	5
2025-12-29 17:50	61.367	61.367	61.335	61.360	4
2025-12-29 17:55	61.365	61.395	61.362	61.362	5
2025-12-29 18:00	61.370	61.385	61.332	61.342	5
2025-12-29 18:05	61.355	61.365	61.305	61.310	5
2025-12-29 18:10	61.305	61.305	61.215	61.272	5
2025-12-29 18:15	61.265	61.265	61.172	61.242	5
2025-12-29 18:20	61.260	61.275	61.240	61.262	5
2025-12-29 18:25	61.270	61.295	61.232	61.275	5
2025-12-29 18:30	61.285	61.415	61.272	61.395	5
2025-12-29 18:35	61.405	61.410	61.332	61.385	5
2025-12-29 18:40	61.380	61.385	61.292	61.312	5
2025-12-29 18:45	61.325	61.340	61.312	61.320	5
2025-12-29 18:50	61.312	61.355	61.272	61.272	5
2025-12-29 18:55	61.270	61.320	61.267	61.295	5
2025-12-29 19:00	61.305	61.372	61.272	61.372	5
2025-12-29 19:05	61.385	61.410	61.365	61.397	5
2025-12-29 19:10	61.405	61.445	61.377	61.445	5
2025-12-29 19:15	61.430	61.455	61.380	61.382	5
2025-12-29 19:20	61.380	61.405	61.352	61.387	5
2025-12-29 19:25	61.390	61.485	61.362	61.475	5
2025-12-29 19:30	61.475	61.562	61.475	61.562	5
2025-12-29 19:35	61.560	61.565	61.462	61.462	5
2025-12-29 19:40	61.445	61.480	61.422	61.462	5
2025-12-29 19:45	61.475	61.485	61.387	61.410	5
2025-12-29 19:50	61.402	61.415	61.375	61.400	4
2025-12-29 19:55	61.405	61.415	61.397	61.410	5
2025-12-29 20:00	61.415	61.415	61.372	61.405	5
2025-12-29 20:05	61.395	61.405	61.382	61.397	5
2025-12-29 20:10	61.395	61.395	61.370	61.380	5
2025-12-29 20:15	61.372	61.380	61.337	61.337	4
2025-12-29 20:20	61.335	61.350	61.307	61.312	5
2025-12-29 20:25	61.310	61.340	61.302	61.305	5
2025-12-29 20:30	61.320	61.335	61.302	61.322	4
2025-12-29 20:35	61.330	61.347	61.322	61.347	5
2025-12-29 20:40	61.342	61.345	61.302	61.302	5
2025-12-29 20:45	61.310	61.330	61.303	61.330	4
2025-12-29 20:50	61.325	61.330	61.232	61.255	5
2025-12-29 20:55	61.250	61.252	61.217	61.240	5
2025-12-29 21:00	61.245	61.245	61.222	61.222	4
2025-12-29 21:05	61.222	61.242	61.212	61.232	4
2025-12-29 21:10	61.227	61.232	61.202	61.207	5
2025-12-29 21:15	61.192	61.197	61.167	61.172	4
2025-12-29 21:20	61.172	61.177	61.172	61.177	2
2025-12-29 21:25	61.182	61.182	61.172	61.182	4
2025-12-29 21:30	61.177	61.182	61.162	61.182	5
2025-12-29 21:35	61.192	61.202	61.182	61.182	5
2025-12-29 21:40	61.187	61.192	61.182	61.182	4
2025-12-29 21:45	61.172	61.177	61.167	61.177	4
2025-12-29 21:50	61.177	61.212	61.177	61.212	4
2025-12-29 21:55	61.207	61.212	61.187	61.187	4
2025-12-30 01:00	61.145	61.150	60.970	61.100	5
2025-12-30 01:05	61.102	61.145	61.065	61.145	5
2025-12-30 01:10	61.155	61.162	61.127	61.150	5
2025-12-30 01:15	61.157	61.252	61.142	61.240	5
2025-12-30 01:20	61.232	61.295	61.232	61.282	5
2025-12-30 01:25	61.295	61.325	61.262	61.272	5
2025-12-30 01:30	61.267	61.305	61.252	61.262	5
2025-12-30 01:35	61.270	61.300	61.250	61.250	5
2025-12-30 01:40	61.252	61.295	61.245	61.282	5
2025-12-30 01:45	61.277	61.320	61.255	61.265	5
2025-12-30 01:50	61.275	61.285	61.262	61.282	5
2025-12-30 01:55	61.290	61.305	61.282	61.295	5
2025-12-30 02:00	61.295	61.355	61.285	61.290	5
2025-12-30 02:05	61.282	61.312	61.272	61.302	5
2025-12-30 02:10	61.300	61.310	61.272	61.302	5
2025-12-30 02:15	61.295	61.325	61.265	61.310	5
2025-12-30 02:20	61.315	61.315	61.270	61.282	5
2025-12-30 02:25	61.290	61.300	61.262	61.262	4
2025-12-30 02:30	61.245	61.265	61.212	61.260	5
2025-12-30 02:35	61.255	61.287	61.242	61.287	5
2025-12-30 02:40	61.285	61.287	61.252	61.265	5
2025-12-30 02:45	61.270	61.305	61.257	61.280	5
2025-12-30 02:50	61.285	61.375	61.272	61.352	5
2025-12-30 02:55	61.347	61.405	61.327	61.350	5
2025-12-30 03:00	61.355	61.375	61.352	61.370	5
2025-12-30 03:05	61.365	61.415	61.357	61.397	5
2025-12-30 03:10	61.392	61.430	61.385	61.407	5
2025-12-30 03:15	61.415	61.445	61.377	61.445	5
2025-12-30 03:20	61.450	61.465	61.430	61.455	5
2025-12-30 03:25	61.465	61.510	61.462	61.492	5
2025-12-30 03:30	61.480	61.525	61.472	61.515	5
2025-12-30 03:35	61.520	61.525	61.482	61.492	3
2025-12-30 03:40	61.488	61.490	61.457	61.457	5
2025-12-30 03:45	61.465	61.465	61.432	61.432	5
2025-12-30 03:50	61.430	61.440	61.402	61.402	4
2025-12-30 03:55	61.415	61.435	61.407	61.430	4
2025-12-30 04:00	61.423	61.445	61.423	61.442	4
2025-12-30 04:05	61.455	61.470	61.452	61.455	3
2025-12-30 04:10	61.448	61.448	61.430	61.435	4
2025-12-30 04:15	61.445	61.445	61.422	61.430	4
2025-12-30 04:20	61.435	61.435	61.417	61.430	5
2025-12-30 04:25	61.422	61.435	61.422	61.435	5
2025-12-30 04:30	61.440	61.455	61.427	61.440	4
2025-12-30 04:35	61.445	61.460	61.432	61.457	4
2025-12-30 04:40	61.455	61.465	61.447	61.447	5
2025-12-30 04:45	61.443	61.455	61.438	61.440	4
2025-12-30 04:50	61.425	61.435	61.417	61.427	4
2025-12-30 04:55	61.432	61.445	61.410	61.440	3
2025-12-30 05:00	61.435	61.440	61.392	61.400	4
2025-12-30 05:05	61.395	61.395	61.375	61.390	4
2025-12-30 05:10	61.395	61.420	61.372	61.420	5
2025-12-30 05:15	61.415	61.435	61.407	61.430	4
2025-12-30 05:20	61.440	61.470	61.432	61.470	5
2025-12-30 05:25	61.480	61.490	61.470	61.470	5
2025-12-30 05:30	61.485	61.595	61.485	61.567	5
2025-12-30 05:35	61.562	61.562	61.492	61.500	5
2025-12-30 05:40	61.502	61.515	61.440	61.462	5
2025-12-30 05:45	61.460	61.495	61.442	61.490	5
2025-12-30 05:50	61.495	61.525	61.487	61.507	5
2025-12-30 05:55	61.512	61.530	61.492	61.495	5
2025-12-30 06:00	61.497	61.505	61.475	61.482	5
2025-12-30 06:05	61.475	61.525	61.462	61.525	4
2025-12-30 06:10	61.535	61.555	61.482	61.487	5
2025-12-30 06:15	61.485	61.485	61.415	61.425	5
2025-12-30 06:20	61.435	61.445	61.362	61.382	5
2025-12-30 06:25	61.395	61.415	61.347	61.357	5
2025-12-30 06:30	61.365	61.405	61.345	61.385	5
2025-12-30 06:35	61.377	61.410	61.335	61.350	5
2025-12-30 06:40	61.330	61.355	61.317	61.342	5
2025-12-30 06:45	61.350	61.392	61.335	61.365	5
2025-12-30 06:50	61.357	61.370	61.320	61.360	5
2025-12-30 06:55	61.365	61.365	61.320	61.335	5
2025-12-30 07:00	61.337	61.337	61.297	61.330	5
2025-12-30 07:05	61.335	61.355	61.332	61.350	5
2025-12-30 07:10	61.345	61.375	61.315	61.362	5
2025-12-30 07:15	61.370	61.400	61.347	61.370	5
2025-12-30 07:20	61.375	61.445	61.375	61.420	5
2025-12-30 07:25	61.440	61.465	61.390	61.395	5
2025-12-30 07:30	61.385	61.445	61.370	61.442	4
2025-12-30 07:35	61.440	61.465	61.415	61.462	5
2025-12-30 07:40	61.460	61.475	61.442	61.455	5
2025-12-30 07:45	61.445	61.445	61.392	61.420	5
2025-12-30 07:50	61.425	61.445	61.400	61.430	5
2025-12-30 07:55	61.422	61.445	61.390	61.435	5
2025-12-30 08:00	61.412	61.465	61.362	61.415	5
2025-12-30 08:05	61.420	61.475	61.412	61.472	5
2025-12-30 08:10	61.480	61.525	61.422	61.500	5
2025-12-30 08:15	61.485	61.565	61.482	61.565	5
2025-12-30 08:20	61.555	61.615	61.552	61.585	5
2025-12-30 08:25	61.590	61.590	61.460	61.505	5
2025-12-30 08:30	61.515	61.640	61.502	61.525	5
2025-12-30 08:35	61.515	61.615	61.512	61.612	5
2025-12-30 08:40	61.620	61.625	61.565	61.585	5
2025-12-30 08:45	61.590	61.622	61.552	61.595	5
2025-12-30 08:50	61.590	61.600	61.545	61.572	5
2025-12-30 08:55	61.565	61.642	61.562	61.592	5
2025-12-30 09:00	61.585	61.615	61.542	61.585	5
2025-12-30 09:05	61.575	61.652	61.552	61.552	5
2025-12-30 09:10	61.565	61.625	61.537	61.612	5
2025-12-30 09:15	61.610	61.635	61.547	61.625	5
2025-12-30 09:20	61.610	61.675	61.610	61.675	5
2025-12-30 09:25	61.690	61.692	61.622	61.677	5
2025-12-30 09:30	61.675	61.812	61.665	61.722	5
2025-12-30 09:35	61.735	61.775	61.702	61.762	5
2025-12-30 09:40	61.755	61.775	61.722	61.765	5
2025-12-30 09:45	61.755	61.785	61.745	61.775	5
2025-12-30 09:50	61.770	61.800	61.745	61.772	5
2025-12-30 09:55	61.765	61.785	61.732	61.742	5
2025-12-30 10:00	61.730	61.795	61.725	61.785	5
2025-12-30 10:05	61.790	61.815	61.760	61.815	5
2025-12-30 10:10	61.805	61.810	61.747	61.782	5
2025-12-30 10:15	61.772	61.785	61.742	61.762	4
2025-12-30 10:20	61.755	61.765	61.730	61.730	5
2025-12-30 10:25	61.735	61.745	61.632	61.640	5
2025-12-30 10:30	61.635	61.645	61.562	61.572	5
2025-12-30 10:35	61.580	61.675	61.542	61.652	5
2025-12-30 10:40	61.665	61.695	61.632	61.682	5
2025-12-30 10:45	61.695	61.715	61.662	61.675	5
2025-12-30 10:50	61.680	61.695	61.672	61.675	5
2025-12-30 10:55	61.670	61.702	61.652	61.692	5
2025-12-30 11:00	61.685	61.705	61.672	61.705	4
2025-12-30 11:05	61.710	61.775	61.705	61.762	5
2025-12-30 11:10	61.770	61.770	61.712	61.752	5
2025-12-30 11:15	61.757	61.775	61.752	61.770	5
2025-12-30 11:20	61.765	61.765	61.735	61.735	5
2025-12-30 11:25	61.740	61.755	61.692	61.712	5
2025-12-30 11:30	61.720	61.720	61.655	61.672	5
2025-12-30 11:35	61.685	61.695	61.640	61.685	5
2025-12-30 11:40	61.690	61.690	61.632	61.662	5
2025-12-30 11:45	61.675	61.725	61.672	61.692	5
2025-12-30 11:50	61.697	61.770	61.697	61.752	5
2025-12-30 11:55	61.765	61.785	61.752	61.775	5
2025-12-30 12:00	61.785	61.815	61.762	61.795	5
2025-12-30 12:05	61.805	61.825	61.792	61.812	5
2025-12-30 12:10	61.825	61.855	61.812	61.842	5
2025-12-30 12:15	61.855	61.865	61.822	61.845	5
2025-12-30 12:20	61.847	61.855	61.762	61.762	5
2025-12-30 12:25	61.755	61.790	61.725	61.725	5
2025-12-30 12:30	61.715	61.745	61.640	61.692	5
2025-12-30 12:35	61.685	61.695	61.640	61.642	5
2025-12-30 12:40	61.647	61.700	61.640	61.682	4
2025-12-30 12:45	61.690	61.725	61.672	61.725	5
2025-12-30 12:50	61.700	61.725	61.675	61.715	5
2025-12-30 12:55	61.702	61.725	61.700	61.722	5
2025-12-30 13:00	61.715	61.775	61.702	61.755	5
2025-12-30 13:05	61.757	61.775	61.722	61.752	5
2025-12-30 13:10	61.760	61.775	61.712	61.722	5
2025-12-30 13:15	61.715	61.750	61.715	61.742	5
2025-12-30 13:20	61.755	61.775	61.695	61.722	5
2025-12-30 13:25	61.730	61.765	61.705	61.712	5
2025-12-30 13:30	61.720	61.735	61.690	61.735	5
2025-12-30 13:35	61.725	61.747	61.692	61.705	5
2025-12-30 13:40	61.695	61.710	61.665	61.692	5
2025-12-30 13:45	61.690	61.740	61.655	61.715	5
2025-12-30 13:50	61.720	61.775	61.680	61.755	5
2025-12-30 13:55	61.752	61.785	61.690	61.730	5
2025-12-30 14:00	61.715	61.785	61.692	61.712	5
2025-12-30 14:05	61.710	61.745	61.702	61.725	5
2025-12-30 14:10	61.735	61.785	61.730	61.752	5
2025-12-30 14:15	61.760	61.765	61.672	61.707	5
2025-12-30 14:20	61.720	61.785	61.687	61.765	5
2025-12-30 14:25	61.775	61.795	61.692	61.705	5
2025-12-30 14:30	61.710	61.755	61.692	61.702	5
2025-12-30 14:35	61.700	61.745	61.682	61.692	5
2025-12-30 14:40	61.685	61.695	61.642	61.662	5
2025-12-30 14:45	61.675	61.755	61.672	61.755	5
2025-12-30 14:50	61.765	61.765	61.682	61.725	5
2025-12-30 14:55	61.730	61.735	61.682	61.705	5
2025-12-30 15:00	61.715	61.715	61.662	61.700	5
2025-12-30 15:05	61.692	61.705	61.642	61.682	5
2025-12-30 15:10	61.675	61.735	61.652	61.712	5
2025-12-30 15:15	61.725	61.755	61.682	61.692	5
2025-12-30 15:20	61.685	61.695	61.642	61.682	5
2025-12-30 15:25	61.675	61.690	61.622	61.642	5
2025-12-30 15:30	61.655	61.675	61.642	61.642	5
2025-12-30 15:35	61.655	61.665	61.622	61.665	5
2025-12-30 15:40	61.667	61.685	61.650	61.650	5
2025-12-30 15:45	61.655	61.675	61.612	61.622	5
2025-12-30 15:50	61.635	61.640	61.572	61.602	5
2025-12-30 15:55	61.595	61.635	61.572	61.612	5
2025-12-30 16:00	61.625	61.635	61.562	61.575	5
2025-12-30 16:05	61.580	61.675	61.572	61.647	5
2025-12-30 16:10	61.642	61.645	61.562	61.575	5
2025-12-30 16:15	61.585	61.635	61.542	61.582	5
2025-12-30 16:20	61.575	61.595	61.492	61.510	5
2025-12-30 16:25	61.515	61.515	61.362	61.362	5
2025-12-30 16:30	61.360	61.480	61.342	61.442	5
2025-12-30 16:35	61.435	61.492	61.432	61.475	5
2025-12-30 16:40	61.465	61.490	61.432	61.472	5
2025-12-30 16:45	61.480	61.480	61.442	61.472	5
2025-12-30 16:50	61.465	61.475	61.422	61.442	5
2025-12-30 16:55	61.435	61.455	61.395	61.402	5
2025-12-30 17:00	61.398	61.398	61.342	61.382	5
2025-12-30 17:05	61.395	61.450	61.372	61.402	5
2025-12-30 17:10	61.415	61.430	61.372	61.392	5
2025-12-30 17:15	61.385	61.385	61.330	61.372	4
2025-12-30 17:20	61.370	61.375	61.302	61.312	5
2025-12-30 17:25	61.325	61.365	61.292	61.352	5
2025-12-30 17:30	61.350	61.375	61.322	61.335	5
2025-12-30 17:35	61.345	61.345	61.282	61.300	5
2025-12-30 17:40	61.305	61.315	61.255	61.292	5
2025-12-30 17:45	61.305	61.315	61.282	61.305	5
2025-12-30 17:50	61.315	61.350	61.312	61.320	5
2025-12-30 17:55	61.325	61.350	61.302	61.340	5
2025-12-30 18:00	61.345	61.365	61.342	61.345	5
2025-12-30 18:05	61.355	61.362	61.282	61.302	5
2025-12-30 18:10	61.305	61.330	61.302	61.325	5
2025-12-30 18:15	61.335	61.372	61.325	61.362	5
2025-12-30 18:20	61.355	61.392	61.352	61.372	5
2025-12-30 18:25	61.370	61.375	61.342	61.352	5
2025-12-30 18:30	61.365	61.380	61.352	61.355	5
2025-12-30 18:35	61.350	61.405	61.342	61.380	5
2025-12-30 18:40	61.375	61.385	61.362	61.385	5
2025-12-30 18:45	61.390	61.392	61.362	61.362	4
2025-12-30 18:50	61.375	61.395	61.362	61.387	5
2025-12-30 18:55	61.385	61.405	61.350	61.362	5
2025-12-30 19:00	61.370	61.370	61.312	61.342	5
2025-12-30 19:05	61.355	61.370	61.345	61.352	5
2025-12-30 19:10	61.345	61.375	61.330	61.335	5
2025-12-30 19:15	61.345	61.350	61.295	61.302	4
2025-12-30 19:20	61.295	61.300	61.242	61.295	5
2025-12-30 19:25	61.305	61.370	61.282	61.305	5
2025-12-30 19:30	61.295	61.345	61.262	61.322	5
2025-12-30 19:35	61.335	61.395	61.332	61.382	5
2025-12-30 19:40	61.375	61.392	61.372	61.392	4
2025-12-30 19:45	61.385	61.387	61.340	61.342	5
2025-12-30 19:50	61.335	61.345	61.302	61.302	5
2025-12-30 19:55	61.310	61.315	61.292	61.312	5
2025-12-30 20:00	61.320	61.320	61.295	61.302	4
2025-12-30 20:05	61.307	61.320	61.292	61.292	5
2025-12-30 20:10	61.300	61.315	61.290	61.315	5
2025-12-30 20:15	61.320	61.335	61.315	61.322	5
2025-12-30 20:20	61.320	61.335	61.315	61.325	4
2025-12-30 20:25	61.320	61.325	61.252	61.262	4
2025-12-30 20:30	61.252	61.275	61.245	61.265	5
2025-12-30 20:35	61.275	61.315	61.272	61.310	4
2025-12-30 20:40	61.315	61.325	61.300	61.312	4
2025-12-30 20:45	61.325	61.335	61.312	61.332	3
2025-12-30 20:50	61.325	61.330	61.315	61.322	4
2025-12-30 20:55	61.327	61.335	61.292	61.297	5
2025-12-30 21:00	61.277	61.282	61.262	61.262	5
2025-12-30 21:05	61.267	61.267	61.242	61.262	4
2025-12-30 21:10	61.262	61.272	61.262	61.272	3
2025-12-30 21:15	61.282	61.282	61.262	61.262	5
2025-12-30 21:20	61.267	61.272	61.262	61.267	4
2025-12-30 21:25	61.262	61.262	61.247	61.247	5
2025-12-30 21:30	61.242	61.247	61.222	61.237	5
2025-12-30 21:35	61.247	61.273	61.247	61.257	2
2025-12-30 21:40	61.252	61.273	61.252	61.262	3
2025-12-30 21:45	61.252	61.277	61.242	61.272	5
2025-12-30 21:50	61.267	61.332	61.262	61.322	5
2025-12-30 21:55	61.307	61.322	61.302	61.307	4
2025-12-31 01:00	61.297	61.310	61.212	61.270	5
2025-12-31 01:05	61.262	61.305	61.242	61.285	5
2025-12-31 01:10	61.290	61.305	61.272	61.285	5
2025-12-31 01:15	61.280	61.280	61.252	61.280	4
2025-12-31 01:20	61.275	61.275	61.202	61.217	5
2025-12-31 01:25	61.225	61.245	61.215	61.242	5
2025-12-31 01:30	61.240	61.257	61.207	61.225	5
2025-12-31 01:35	61.235	61.255	61.212	61.255	5
2025-12-31 01:40	61.260	61.285	61.250	61.257	5
2025-12-31 01:45	61.255	61.260	61.240	61.245	4
2025-12-31 01:50	61.225	61.255	61.202	61.217	5
2025-12-31 01:55	61.222	61.230	61.175	61.180	5
2025-12-31 02:00	61.185	61.222	61.150	61.202	5
2025-12-31 02:05	61.200	61.225	61.187	61.222	5
2025-12-31 02:10	61.215	61.215	61.162	61.180	5
2025-12-31 02:15	61.182	61.270	61.177	61.250	5
2025-12-31 02:20	61.242	61.305	61.227	61.272	5
2025-12-31 02:25	61.290	61.290	61.252	61.252	5
2025-12-31 02:30	61.245	61.255	61.172	61.195	5
2025-12-31 02:35	61.182	61.225	61.182	61.222	4
2025-12-31 02:40	61.230	61.232	61.210	61.215	4
2025-12-31 02:45	61.202	61.255	61.182	61.222	5
2025-12-31 02:50	61.220	61.255	61.207	61.242	5
2025-12-31 02:55	61.235	61.235	61.205	61.217	4
2025-12-31 03:00	61.225	61.255	61.202	61.252	4
2025-12-31 03:05	61.265	61.265	61.252	61.255	5
2025-12-31 03:10	61.260	61.265	61.242	61.262	5
2025-12-31 03:15	61.285	61.310	61.262	61.272	5
2025-12-31 03:20	61.270	61.295	61.162	61.177	5
2025-12-31 03:25	61.182	61.215	61.175	61.205	5
2025-12-31 03:30	61.207	61.240	61.207	61.225	5
2025-12-31 03:35	61.220	61.255	61.220	61.225	5
2025-12-31 03:40	61.235	61.265	61.222	61.245	5
2025-12-31 03:45	61.255	61.255	61.230	61.240	4
2025-12-31 03:50	61.245	61.255	61.212	61.217	5
2025-12-31 03:55	61.215	61.250	61.195	61.250	5
2025-12-31 04:00	61.255	61.405	61.237	61.405	5
2025-12-31 04:05	61.410	61.410	61.372	61.372	5
2025-12-31 04:10	61.382	61.425	61.362	61.415	5
2025-12-31 04:15	61.405	61.475	61.392	61.447	5
2025-12-31 04:20	61.445	61.470	61.435	61.465	5
2025-12-31 04:25	61.470	61.605	61.452	61.575	5
2025-12-31 04:30	61.580	61.605	61.542	61.552	5
2025-12-31 04:35	61.570	61.575	61.470	61.487	5
2025-12-31 04:40	61.480	61.485	61.405	61.405	5
2025-12-31 04:45	61.412	61.435	61.402	61.402	5
2025-12-31 04:50	61.410	61.435	61.402	61.410	5
2025-12-31 04:55	61.405	61.415	61.392	61.412	5
2025-12-31 05:00	61.395	61.415	61.392	61.402	5
2025-12-31 05:05	61.420	61.420	61.395	61.395	4
2025-12-31 05:10	61.400	61.415	61.388	61.388	4
2025-12-31 05:15	61.405	61.415	61.362	61.362	5
2025-12-31 05:20	61.360	61.365	61.312	61.330	5
2025-12-31 05:25	61.335	61.345	61.322	61.322	5
2025-12-31 05:30	61.315	61.315	61.230	61.247	5
2025-12-31 05:35	61.252	61.255	61.202	61.202	5
2025-12-31 05:40	61.210	61.240	61.210	61.222	5
2025-12-31 05:45	61.215	61.252	61.212	61.217	4
2025-12-31 05:50	61.222	61.225	61.182	61.212	5
2025-12-31 05:55	61.205	61.235	61.197	61.217	5
2025-12-31 06:00	61.207	61.245	61.200	61.242	5
2025-12-31 06:05	61.237	61.245	61.192	61.210	5
2025-12-31 06:10	61.202	61.225	61.202	61.225	5
2025-12-31 06:15	61.235	61.265	61.222	61.260	5
2025-12-31 06:20	61.265	61.265	61.220	61.232	5
2025-12-31 06:25	61.227	61.275	61.212	61.252	5
2025-12-31 06:30	61.245	61.265	61.237	61.260	5
2025-12-31 06:35	61.255	61.295	61.242	61.280	5
2025-12-31 06:40	61.275	61.282	61.240	61.255	5
2025-12-31 06:45	61.248	61.275	61.248	61.255	5
2025-12-31 06:50	61.240	61.250	61.225	61.237	5
2025-12-31 06:55	61.230	61.235	61.177	61.205	5
2025-12-31 07:00	61.200	61.295	61.200	61.272	5
2025-12-31 07:05	61.277	61.325	61.262	61.325	5
2025-12-31 07:10	61.320	61.320	61.290	61.302	4
2025-12-31 07:15	61.300	61.305	61.277	61.277	5
2025-12-31 07:20	61.272	61.300	61.272	61.285	5
2025-12-31 07:25	61.277	61.305	61.267	61.295	5
2025-12-31 07:30	61.287	61.292	61.232	61.242	5
2025-12-31 07:35	61.255	61.285	61.247	61.260	5
2025-12-31 07:40	61.262	61.280	61.232	61.232	5
2025-12-31 07:45	61.230	61.237	61.213	61.220	4
2025-12-31 07:50	61.212	61.220	61.182	61.190	5
2025-12-31 07:55	61.185	61.205	61.155	61.205	5
2025-12-31 08:00	61.165	61.207	61.112	61.185	5
2025-12-31 08:05	61.177	61.182	61.112	61.145	5
2025-12-31 08:10	61.150	61.185	61.142	61.172	4
2025-12-31 08:15	61.170	61.195	61.145	61.145	3
2025-12-31 08:20	61.155	61.165	61.130	61.162	5
2025-12-31 08:25	61.155	61.200	61.062	61.112	5
2025-12-31 08:30	61.110	61.110	61.062	61.092	5
2025-12-31 08:35	61.105	61.110	61.060	61.085	5
2025-12-31 08:40	61.090	61.105	61.062	61.075	5
2025-12-31 08:45	61.065	61.105	61.052	61.105	4
2025-12-31 08:50	61.097	61.110	61.052	61.062	5
2025-12-31 08:55	61.060	61.075	61.052	61.075	5
2025-12-31 09:00	61.095	61.182	61.082	61.142	5
2025-12-31 09:05	61.155	61.225	61.147	61.197	4
2025-12-31 09:10	61.192	61.235	61.155	61.175	5
2025-12-31 09:15	61.155	61.175	61.142	61.162	5
2025-12-31 09:20	61.172	61.192	61.152	61.157	4
2025-12-31 09:25	61.170	61.215	61.152	61.192	5
2025-12-31 09:30	61.175	61.275	61.172	61.265	5
2025-12-31 09:35	61.257	61.287	61.232	61.287	5
2025-12-31 09:40	61.295	61.405	61.285	61.392	5
2025-12-31 09:45	61.382	61.520	61.365	61.505	5
2025-12-31 09:50	61.507	61.525	61.442	61.465	5
2025-12-31 09:55	61.460	61.490	61.402	61.415	5
2025-12-31 10:00	61.395	61.400	61.298	61.345	5
2025-12-31 10:05	61.350	61.360	61.282	61.315	5
2025-12-31 10:10	61.305	61.390	61.302	61.382	5
2025-12-31 10:15	61.395	61.512	61.382	61.487	5
2025-12-31 10:20	61.492	61.515	61.482	61.492	5
2025-12-31 10:25	61.505	61.505	61.432	61.460	5
2025-12-31 10:30	61.455	61.460	61.382	61.412	5
2025-12-31 10:35	61.425	61.472	61.410	61.462	5
2025-12-31 10:40	61.475	61.505	61.462	61.475	5
2025-12-31 10:45	61.485	61.495	61.452	61.462	5
2025-12-31 10:50	61.470	61.475	61.412	61.415	5
2025-12-31 10:55	61.405	61.452	61.402	61.450	5
2025-12-31 11:00	61.445	61.460	61.407	61.442	5
2025-12-31 11:05	61.440	61.515	61.440	61.455	5
2025-12-31 11:10	61.457	61.470	61.432	61.432	5
2025-12-31 11:15	61.445	61.465	61.435	61.452	5
2025-12-31 11:20	61.445	61.475	61.432	61.472	5
2025-12-31 11:25	61.465	61.475	61.452	61.465	5
2025-12-31 11:30	61.455	61.532	61.432	61.502	5
2025-12-31 11:35	61.515	61.640	61.500	61.640	5
2025-12-31 11:40	61.632	61.670	61.622	61.665	5
2025-12-31 11:45	61.675	61.675	61.612	61.642	5
2025-12-31 11:50	61.655	61.655	61.572	61.592	5
2025-12-31 11:55	61.605	61.610	61.562	61.570	5
2025-12-31 12:00	61.572	61.585	61.550	61.570	5
2025-12-31 12:05	61.575	61.600	61.522	61.592	5
2025-12-31 12:10	61.605	61.635	61.577	61.587	5
2025-12-31 12:15	61.582	61.655	61.532	61.652	5
2025-12-31 12:20	61.660	61.705	61.645	61.655	5
2025-12-31 12:25	61.660	61.672	61.555	61.562	5
2025-12-31 12:30	61.555	61.625	61.512	61.602	5
2025-12-31 12:35	61.600	61.615	61.572	61.595	5
2025-12-31 12:40	61.585	61.615	61.562	61.592	5
2025-12-31 12:45	61.585	61.585	61.502	61.522	5
2025-12-31 12:50	61.530	61.550	61.435	61.455	5
2025-12-31 12:55	61.457	61.505	61.412	61.490	5
2025-12-31 13:00	61.495	61.545	61.477	61.510	5
2025-12-31 13:05	61.505	61.555	61.502	61.502	5
2025-12-31 13:10	61.490	61.570	61.462	61.540	5
2025-12-31 13:15	61.535	61.590	61.532	61.567	5
2025-12-31 13:20	61.565	61.645	61.553	61.645	5
2025-12-31 13:25	61.635	61.725	61.632	61.715	5
2025-12-31 13:30	61.725	61.845	61.708	61.830	5
2025-12-31 13:35	61.832	61.885	61.812	61.822	5
2025-12-31 13:40	61.830	61.900	61.820	61.832	5
2025-12-31 13:45	61.825	61.830	61.752	61.795	5
2025-12-31 13:50	61.800	61.905	61.792	61.820	5
2025-12-31 13:55	61.817	61.825	61.782	61.800	5
2025-12-31 14:00	61.805	61.825	61.662	61.700	5
2025-12-31 14:05	61.692	61.705	61.492	61.557	5
2025-12-31 14:10	61.575	61.645	61.552	61.615	5
2025-12-31 14:15	61.605	61.635	61.542	61.635	5
2025-12-31 14:20	61.630	61.705	61.612	61.697	5
2025-12-31 14:25	61.692	61.705	61.652	61.702	5
2025-12-31 14:30	61.695	61.760	61.605	61.610	5
2025-12-31 14:35	61.602	61.655	61.572	61.587	5
2025-12-31 14:40	61.600	61.630	61.572	61.600	5
2025-12-31 14:45	61.605	61.625	61.542	61.612	5
2025-12-31 14:50	61.625	61.695	61.602	61.662	5
2025-12-31 14:55	61.675	61.705	61.602	61.612	5
2025-12-31 15:00	61.618	61.705	61.602	61.652	5
2025-12-31 15:05	61.647	61.735	61.647	61.675	5
2025-12-31 15:10	61.665	61.735	61.652	61.662	5
2025-12-31 15:15	61.655	61.665	61.515	61.535	5
2025-12-31 15:20	61.530	61.552	61.452	61.465	5
2025-12-31 15:25	61.460	61.480	61.435	61.450	5
2025-12-31 15:30	61.445	61.452	61.262	61.345	5
2025-12-31 15:35	61.337	61.425	61.335	61.375	5
2025-12-31 15:40	61.365	61.405	61.332	61.375	5
2025-12-31 15:45	61.377	61.435	61.375	61.427	5
2025-12-31 15:50	61.425	61.425	61.232	61.262	5
2025-12-31 15:55	61.260	61.265	61.212	61.212	5
2025-12-31 16:00	61.202	61.305	61.162	61.287	5
2025-12-31 16:05	61.295	61.425	61.287	61.380	5
2025-12-31 16:10	61.385	61.385	61.252	61.285	5
2025-12-31 16:15	61.287	61.342	61.287	61.302	5
2025-12-31 16:20	61.315	61.345	61.252	61.255	5
2025-12-31 16:25	61.260	61.265	61.222	61.255	5
2025-12-31 16:30	61.245	61.285	61.225	61.255	5
2025-12-31 16:35	61.255	61.285	61.218	61.230	5
2025-12-31 16:40	61.235	61.235	61.145	61.165	5
2025-12-31 16:45	61.195	61.255	61.162	61.232	5
2025-12-31 16:50	61.215	61.215	61.117	61.175	5
2025-12-31 16:55	61.185	61.235	61.182	61.222	5
2025-12-31 17:00	61.245	61.265	61.212	61.222	5
2025-12-31 17:05	61.230	61.275	61.217	61.262	5
2025-12-31 17:10	61.255	61.275	61.232	61.232	5
2025-12-31 17:15	61.225	61.255	61.202	61.235	5
2025-12-31 17:20	61.245	61.265	61.212	61.222	5
2025-12-31 17:25	61.230	61.245	61.212	61.245	4
2025-12-31 17:30	61.235	61.235	61.192	61.232	5
2025-12-31 17:35	61.240	61.255	61.222	61.222	5
2025-12-31 17:40	61.230	61.235	61.202	61.205	5
2025-12-31 17:45	61.207	61.212	61.162	61.185	5
2025-12-31 17:50	61.180	61.200	61.115	61.145	5
2025-12-31 17:55	61.150	61.165	61.132	61.142	5
2025-12-31 18:00	61.135	61.175	61.132	61.152	5
2025-12-31 18:05	61.145	61.145	60.992	61.052	5
2025-12-31 18:10	61.065	61.065	60.942	61.002	5
2025-12-31 18:15	61.010	61.085	61.005	61.062	5
2025-12-31 18:20	61.055	61.055	60.937	60.942	5
2025-12-31 18:25	60.937	60.945	60.892	60.915	5
2025-12-31 18:30	60.910	60.935	60.862	60.880	5
2025-12-31 18:35	60.885	60.975	60.885	60.962	5
2025-12-31 18:40	60.975	60.975	60.932	60.935	5
2025-12-31 18:45	60.940	61.025	60.932	61.015	5
2025-12-31 18:50	61.005	61.015	60.942	60.942	5
2025-12-31 18:55	60.950	60.980	60.932	60.962	5
2025-12-31 19:00	60.970	61.010	60.950	60.962	5
2025-12-31 19:05	60.970	60.990	60.922	60.972	5
2025-12-31 19:10	60.965	60.965	60.902	60.935	5
2025-12-31 19:15	60.937	60.945	60.870	60.875	5
2025-12-31 19:20	60.880	60.895	60.832	60.845	5
2025-12-31 19:25	60.847	60.875	60.802	60.842	4
2026-01-02 01:00	60.865	60.915	60.817	60.900	5
2026-01-02 01:05	60.895	60.930	60.872	60.890	5
2026-01-02 01:10	60.882	60.910	60.882	60.890	5
2026-01-02 01:15	60.892	60.945	60.882	60.920	5
2026-01-02 01:20	60.905	60.905	60.862	60.865	5
2026-01-02 01:25	60.855	60.880	60.852	60.867	5
2026-01-02 01:30	60.875	60.895	60.867	60.895	5
2026-01-02 01:35	60.905	60.922	60.897	60.920	5
2026-01-02 01:40	60.922	60.965	60.922	60.957	5
2026-01-02 01:45	60.965	60.975	60.960	60.965	4
2026-01-02 01:50	60.975	60.975	60.952	60.952	5
2026-01-02 01:55	60.950	60.950	60.942	60.942	5
2026-01-02 02:00	60.950	60.965	60.932	60.945	5
2026-01-02 02:05	60.935	60.965	60.928	60.965	3
2026-01-02 02:10	60.960	60.995	60.955	60.982	5
2026-01-02 02:15	60.978	61.012	60.978	60.982	5
2026-01-02 02:20	60.975	60.975	60.968	60.975	2
2026-01-02 02:25	60.980	61.000	60.970	61.000	5
2026-01-02 02:30	61.005	61.005	60.952	60.960	5
2026-01-02 02:35	60.965	61.015	60.965	61.010	5
2026-01-02 02:40	60.995	61.002	60.982	60.990	5
2026-01-02 02:45	61.000	61.025	60.992	61.022	5
2026-01-02 02:50	61.035	61.055	61.032	61.045	5
2026-01-02 02:55	61.050	61.055	61.030	61.030	5
2026-01-02 03:00	61.025	61.065	61.017	61.042	5
2026-01-02 03:05	61.035	61.055	61.022	61.040	5
2026-01-02 03:10	61.045	61.055	61.045	61.047	3
2026-01-02 03:15	61.045	61.070	61.035	61.065	5
2026-01-02 03:20	61.060	61.070	61.060	61.070	3
2026-01-02 03:25	61.075	61.075	61.052	61.060	4
2026-01-02 03:30	61.062	61.105	61.062	61.100	5
2026-01-02 03:35	61.105	61.135	61.102	61.122	5
2026-01-02 03:40	61.130	61.135	61.122	61.125	3
2026-01-02 03:45	61.115	61.130	61.102	61.130	5
2026-01-02 03:50	61.125	61.145	61.118	61.140	5
2026-01-02 03:55	61.135	61.135	61.122	61.128	5
2026-01-02 04:00	61.135	61.155	61.122	61.150	5
2026-01-02 04:05	61.155	61.185	61.152	61.175	5
2026-01-02 04:10	61.168	61.182	61.162	61.168	4
2026-01-02 04:15	61.165	61.170	61.157	61.165	4
2026-01-02 04:20	61.158	61.165	61.042	61.087	4
2026-01-02 04:25	61.092	61.110	61.082	61.110	5
2026-01-02 04:30	61.115	61.125	61.092	61.092	4
2026-01-02 04:35	61.082	61.090	61.075	61.075	5
2026-01-02 04:40	61.077	61.080	61.072	61.080	5
2026-01-02 04:45	61.072	61.075	61.058	61.070	4
2026-01-02 04:50	61.065	61.065	61.048	61.055	5
2026-01-02 04:55	61.048	61.075	61.045	61.075	3
2026-01-02 05:00	61.080	61.110	61.075	61.100	4
2026-01-02 05:05	61.110	61.125	61.105	61.110	5
2026-01-02 05:10	61.105	61.135	61.105	61.130	5
2026-01-02 05:15	61.145	61.155	61.138	61.155	5
2026-01-02 05:20	61.160	61.165	61.142	61.142	3
2026-01-02 05:25	61.150	61.170	61.143	61.152	5
2026-01-02 05:30	61.145	61.155	61.137	61.140	5
2026-01-02 05:35	61.135	61.135	61.118	61.118	4
2026-01-02 05:40	61.130	61.140	61.127	61.140	5
2026-01-02 05:45	61.125	61.135	61.123	61.127	5
2026-01-02 05:50	61.132	61.147	61.128	61.147	5
2026-01-02 05:55	61.150	61.160	61.143	61.157	3
2026-01-02 06:00	61.153	61.205	61.152	61.205	5
2026-01-02 06:05	61.200	61.230	61.200	61.225	5
2026-01-02 06:10	61.218	61.245	61.212	61.212	5
2026-01-02 06:15	61.205	61.220	61.185	61.192	5
2026-01-02 06:20	61.190	61.205	61.188	61.205	5
2026-01-02 06:25	61.215	61.275	61.212	61.272	5
2026-01-02 06:30	61.270	61.312	61.265	61.272	5
2026-01-02 06:35	61.268	61.275	61.252	61.252	5
2026-01-02 06:40	61.245	61.255	61.235	61.235	4
2026-01-02 06:45	61.225	61.255	61.212	61.217	5
2026-01-02 06:50	61.212	61.260	61.207	61.245	5
2026-01-02 06:55	61.240	61.270	61.232	61.267	5
2026-01-02 07:00	61.275	61.305	61.260	61.300	4
2026-01-02 07:05	61.305	61.305	61.237	61.255	5
2026-01-02 07:10	61.260	61.265	61.247	61.255	5
2026-01-02 07:15	61.265	61.270	61.212	61.242	5
2026-01-02 07:20	61.255	61.270	61.250	61.250	5
2026-01-02 07:25	61.255	61.315	61.255	61.302	5
2026-01-02 07:30	61.315	61.340	61.310	61.317	5
2026-01-02 07:35	61.315	61.325	61.255	61.262	5
2026-01-02 07:40	61.270	61.270	61.215	61.222	5
2026-01-02 07:45	61.212	61.220	61.172	61.175	5
2026-01-02 07:50	61.170	61.192	61.142	61.180	5
2026-01-02 07:55	61.170	61.215	61.120	61.210	5
2026-01-02 08:00	61.223	61.232	61.115	61.115	5
2026-01-02 08:05	61.110	61.190	61.070	61.185	5
2026-01-02 08:10	61.195	61.252	61.182	61.225	5
2026-01-02 08:15	61.240	61.325	61.210	61.312	5
2026-01-02 08:20	61.320	61.325	61.162	61.192	5
2026-01-02 08:25	61.182	61.195	61.075	61.095	5
2026-01-02 08:30	61.105	61.145	60.985	60.985	5
2026-01-02 08:35	60.995	61.085	60.992	61.052	5
2026-01-02 08:40	61.065	61.065	60.952	60.952	5
2026-01-02 08:45	60.970	60.970	60.892	60.922	5
2026-01-02 08:50	60.915	60.915	60.845	60.852	5
2026-01-02 08:55	60.850	60.852	60.720	60.722	5
2026-01-02 09:00	60.720	60.755	60.675	60.752	5
2026-01-02 09:05	60.765	60.765	60.652	60.670	5
2026-01-02 09:10	60.665	60.667	60.557	60.562	5
2026-01-02 09:15	60.575	60.575	60.495	60.502	5
2026-01-02 09:20	60.492	60.625	60.492	60.602	5
2026-01-02 09:25	60.610	60.615	60.435	60.440	5
2026-01-02 09:30	60.435	60.505	60.400	60.492	5
2026-01-02 09:35	60.505	60.520	60.465	60.472	5
2026-01-02 09:40	60.467	60.535	60.452	60.527	5
2026-01-02 09:45	60.525	60.615	60.512	60.560	5
2026-01-02 09:50	60.555	60.595	60.555	60.575	5
2026-01-02 09:55	60.580	60.635	60.537	60.615	5
2026-01-02 10:00	60.635	60.805	60.615	60.752	5
2026-01-02 10:05	60.745	60.895	60.742	60.860	5
2026-01-02 10:10	60.855	60.965	60.855	60.882	5
2026-01-02 10:15	60.895	60.895	60.772	60.832	5
2026-01-02 10:20	60.830	60.845	60.762	60.762	5
2026-01-02 10:25	60.775	60.805	60.755	60.802	5
2026-01-02 10:30	60.825	60.825	60.732	60.775	5
2026-01-02 10:35	60.765	60.795	60.757	60.767	5
2026-01-02 10:40	60.780	60.805	60.672	60.752	5
2026-01-02 10:45	60.745	60.775	60.705	60.772	5
2026-01-02 10:50	60.762	60.872	60.762	60.785	5
2026-01-02 10:55	60.770	60.795	60.762	60.785	5
2026-01-02 11:00	60.775	60.865	60.765	60.857	5
2026-01-02 11:05	60.865	60.865	60.822	60.845	5
2026-01-02 11:10	60.860	60.860	60.765	60.782	5
2026-01-02 11:15	60.775	60.815	60.752	60.800	5
2026-01-02 11:20	60.792	60.802	60.762	60.785	5
2026-01-02 11:25	60.775	60.785	60.732	60.740	5
2026-01-02 11:30	60.732	60.732	60.640	60.670	5
2026-01-02 11:35	60.675	60.680	60.582	60.582	5
2026-01-02 11:40	60.575	60.602	60.532	60.575	5
2026-01-02 11:45	60.590	60.645	60.590	60.615	5
2026-01-02 11:50	60.610	60.635	60.582	60.602	5
2026-01-02 11:55	60.610	60.675	60.602	60.665	5
2026-01-02 12:00	60.645	60.697	60.632	60.647	5
2026-01-02 12:05	60.652	60.652	60.572	60.595	5
2026-01-02 12:10	60.600	60.605	60.512	60.542	5
2026-01-02 12:15	60.555	60.615	60.552	60.602	5
2026-01-02 12:20	60.595	60.605	60.545	60.555	5
2026-01-02 12:25	60.545	60.552	60.442	60.482	5
2026-01-02 12:30	60.475	60.475	60.382	60.432	5
2026-01-02 12:35	60.425	60.452	60.402	60.415	5
2026-01-02 12:40	60.405	60.442	60.392	60.432	5
2026-01-02 12:45	60.445	60.455	60.412	60.422	5
2026-01-02 12:50	60.435	60.445	60.402	60.412	5
2026-01-02 12:55	60.425	60.455	60.272	60.292	5
2026-01-02 13:00	60.285	60.355	60.252	60.352	5
2026-01-02 13:05	60.365	60.435	60.342	60.405	5
2026-01-02 13:10	60.400	60.425	60.252	60.260	5
2026-01-02 13:15	60.265	60.325	60.232	60.305	5
2026-01-02 13:20	60.295	60.312	60.272	60.282	5
2026-01-02 13:25	60.295	60.350	60.282	60.335	5
2026-01-02 13:30	60.330	60.335	60.252	60.292	5
2026-01-02 13:35	60.285	60.362	60.267	60.345	5
2026-01-02 13:40	60.335	60.405	60.315	60.390	5
2026-01-02 13:45	60.385	60.410	60.300	60.340	5
2026-01-02 13:50	60.335	60.335	60.282	60.285	5
2026-01-02 13:55	60.295	60.325	60.262	60.262	5
2026-01-02 14:00	60.255	60.337	60.205	60.322	5
2026-01-02 14:05	60.335	60.370	60.195	60.205	5
2026-01-02 14:10	60.200	60.255	60.182	60.252	5
2026-01-02 14:15	60.265	60.285	60.192	60.215	5
2026-01-02 14:20	60.210	60.220	60.152	60.192	5
2026-01-02 14:25	60.185	60.240	60.182	60.230	5
2026-01-02 14:30	60.235	60.315	60.222	60.255	5
2026-01-02 14:35	60.245	60.270	60.122	60.122	5
2026-01-02 14:40	60.115	60.125	60.015	60.072	5
2026-01-02 14:45	60.085	60.135	60.062	60.092	5
2026-01-02 14:50	60.075	60.115	60.047	60.062	5
2026-01-02 14:55	60.055	60.115	60.022	60.085	5
2026-01-02 15:00	60.078	60.125	60.065	60.115	5
2026-01-02 15:05	60.110	60.215	60.082	60.092	5
2026-01-02 15:10	60.085	60.135	60.082	60.135	5
2026-01-02 15:15	60.125	60.192	60.102	60.142	5
2026-01-02 15:20	60.155	60.155	60.002	60.045	5
2026-01-02 15:25	60.055	60.105	60.012	60.082	5
2026-01-02 15:30	60.085	60.135	60.050	60.115	5
2026-01-02 15:35	60.105	60.115	60.057	60.075	5
2026-01-02 15:40	60.085	60.210	60.082	60.210	5
2026-01-02 15:45	60.215	60.325	60.182	60.232	5
2026-01-02 15:50	60.225	60.245	60.052	60.172	5
2026-01-02 15:55	60.170	60.185	60.095	60.110	5
2026-01-02 16:00	60.103	60.185	60.082	60.152	5
2026-01-02 16:05	60.145	60.205	60.102	60.167	5
2026-01-02 16:10	60.172	60.257	60.142	60.242	5
2026-01-02 16:15	60.235	60.295	60.162	60.162	5
2026-01-02 16:20	60.175	60.210	60.105	60.142	5
2026-01-02 16:25	60.135	60.165	60.012	60.042	5
2026-01-02 16:30	60.065	60.150	59.985	60.102	5
2026-01-02 16:35	60.095	60.165	60.082	60.132	5
2026-01-02 16:40	60.140	60.225	60.102	60.202	5
2026-01-02 16:45	60.215	60.215	60.132	60.145	5
2026-01-02 16:50	60.140	60.145	60.062	60.102	5
2026-01-02 16:55	60.110	60.145	60.092	60.135	5
2026-01-02 17:00	60.150	60.165	60.112	60.135	5
2026-01-02 17:05	60.140	60.205	60.140	60.195	5
2026-01-02 17:10	60.185	60.325	60.152	60.292	5
2026-01-02 17:15	60.305	60.515	60.297	60.392	5
2026-01-02 17:20	60.385	60.495	60.382	60.422	5
2026-01-02 17:25	60.430	60.515	60.422	60.492	5
2026-01-02 17:30	60.485	60.552	60.470	60.522	5
2026-01-02 17:35	60.515	60.545	60.392	60.405	5
2026-01-02 17:40	60.400	60.420	60.272	60.332	5
2026-01-02 17:45	60.340	60.415	60.275	60.292	5
2026-01-02 17:50	60.282	60.327	60.272	60.322	5
2026-01-02 17:55	60.330	60.375	60.305	60.375	5
2026-01-02 18:00	60.368	60.415	60.355	60.402	5
2026-01-02 18:05	60.410	60.425	60.315	60.362	5
2026-01-02 18:10	60.375	60.422	60.352	60.412	5
2026-01-02 18:15	60.420	60.435	60.392	60.435	5
2026-01-02 18:20	60.425	60.475	60.410	60.435	5
2026-01-02 18:25	60.430	60.445	60.362	60.375	5
2026-01-02 18:30	60.370	60.492	60.367	60.490	5
2026-01-02 18:35	60.485	60.525	60.485	60.515	5
2026-01-02 18:40	60.510	60.535	60.472	60.532	5
2026-01-02 18:45	60.545	60.615	60.532	60.535	5
2026-01-02 18:50	60.530	60.565	60.492	60.535	5
2026-01-02 18:55	60.525	60.620	60.502	60.575	5
2026-01-02 19:00	60.575	60.665	60.575	60.660	5
2026-01-02 19:05	60.655	60.685	60.635	60.685	5
2026-01-02 19:10	60.695	60.825	60.675	60.812	5
2026-01-02 19:15	60.825	60.825	60.750	60.765	5
2026-01-02 19:20	60.765	60.785	60.717	60.750	5
2026-01-02 19:25	60.745	60.785	60.690	60.785	5
2026-01-02 19:30	60.782	60.792	60.712	60.750	5
2026-01-02 19:35	60.745	60.750	60.722	60.725	5
2026-01-02 19:40	60.715	60.777	60.712	60.770	5
2026-01-02 19:45	60.765	60.765	60.685	60.685	5
2026-01-02 19:50	60.675	60.740	60.652	60.727	5
2026-01-02 19:55	60.735	60.735	60.670	60.682	5
2026-01-02 20:00	60.672	60.735	60.672	60.705	5
2026-01-02 20:05	60.710	60.720	60.692	60.712	5
2026-01-02 20:10	60.710	60.732	60.695	60.732	5
2026-01-02 20:15	60.725	60.725	60.700	60.715	5
2026-01-02 20:20	60.710	60.745	60.710	60.742	5
2026-01-02 20:25	60.740	60.745	60.710	60.722	4
2026-01-02 20:30	60.735	60.755	60.717	60.727	5
2026-01-02 20:35	60.722	60.745	60.697	60.700	5
2026-01-02 20:40	60.702	60.735	60.702	60.712	5
2026-01-02 20:45	60.710	60.710	60.662	60.680	5
2026-01-02 20:50	60.665	60.730	60.662	60.712	5
2026-01-02 20:55	60.710	60.740	60.702	60.732	5
2026-01-02 21:00	60.712	60.737	60.712	60.722	5
2026-01-02 21:05	60.717	60.727	60.712	60.722	4
2026-01-02 21:10	60.722	60.732	60.712	60.712	5
2026-01-02 21:15	60.712	60.717	60.702	60.702	4
2026-01-02 21:20	60.712	60.727	60.712	60.727	5
2026-01-02 21:25	60.722	60.737	60.717	60.732	4
2026-01-02 21:30	60.737	60.752	60.732	60.737	5
2026-01-02 21:35	60.737	60.737	60.727	60.727	4
2026-01-02 21:40	60.742	60.742	60.717	60.722	4
2026-01-02 21:45	60.717	60.762	60.712	60.727	5
2026-01-02 21:50	60.732	60.777	60.722	60.777	5
2026-01-02 21:55	60.767	60.777	60.757	60.777	4
2026-01-05 01:00	60.850	61.215	60.845	61.185	5
2026-01-05 01:05	61.180	61.215	61.127	61.142	5
2026-01-05 01:10	61.155	61.165	61.067	61.135	5
2026-01-05 01:15	61.127	61.145	61.002	61.042	5
2026-01-05 01:20	61.032	61.065	60.962	61.037	5
2026-01-05 01:25	61.035	61.105	61.027	61.097	5
2026-01-05 01:30	61.105	61.105	61.000	61.002	5
2026-01-05 01:35	61.000	61.040	60.960	61.040	5
2026-01-05 01:40	61.035	61.045	60.942	60.957	5
2026-01-05 01:45	60.955	60.955	60.850	60.855	5
2026-01-05 01:50	60.860	60.882	60.770	60.812	5
2026-01-05 01:55	60.805	60.810	60.717	60.755	5
2026-01-05 02:00	60.742	60.805	60.715	60.745	5
2026-01-05 02:05	60.755	60.785	60.732	60.752	5
2026-01-05 02:10	60.760	60.785	60.732	60.772	5
2026-01-05 02:15	60.785	60.810	60.755	60.770	5
2026-01-05 02:20	60.772	60.805	60.757	60.802	5
2026-01-05 02:25	60.790	60.815	60.785	60.815	5
2026-01-05 02:30	60.825	60.865	60.812	60.832	5
2026-01-05 02:35	60.827	60.835	60.792	60.817	5
2026-01-05 02:40	60.815	60.845	60.755	60.772	5
2026-01-05 02:45	60.780	60.780	60.747	60.772	5
2026-01-05 02:50	60.785	60.807	60.755	60.802	5
2026-01-05 02:55	60.800	60.800	60.732	60.750	5
2026-01-05 03:00	60.745	60.755	60.662	60.667	5
2026-01-05 03:05	60.665	60.722	60.662	60.700	5
2026-01-05 03:10	60.705	60.725	60.682	60.710	5
2026-01-05 03:15	60.705	60.742	60.695	60.725	5
2026-01-05 03:20	60.720	60.735	60.715	60.722	5
2026-01-05 03:25	60.735	60.745	60.692	60.725	5
2026-01-05 03:30	60.720	60.730	60.697	60.705	5
2026-01-05 03:35	60.692	60.700	60.682	60.687	3
2026-01-05 03:40	60.695	60.700	60.592	60.600	5
2026-01-05 03:45	60.595	60.615	60.552	60.570	5
2026-01-05 03:50	60.575	60.575	60.485	60.517	5
2026-01-05 03:55	60.522	60.535	60.517	60.532	5
2026-01-05 04:00	60.525	60.600	60.522	60.595	5
2026-01-05 04:05	60.590	60.605	60.560	60.560	4
2026-01-05 04:10	60.555	60.585	60.550	60.567	5
2026-01-05 04:15	60.575	60.605	60.570	60.580	5
2026-01-05 04:20	60.572	60.605	60.572	60.585	5
2026-01-05 04:25	60.590	60.595	60.578	60.587	5
2026-01-05 04:30	60.595	60.595	60.552	60.565	5
2026-01-05 04:35	60.558	60.575	60.555	60.555	5
2026-01-05 04:40	60.548	60.555	60.542	60.552	4
2026-01-05 04:45	60.545	60.555	60.485	60.492	5
2026-01-05 04:50	60.500	60.515	60.482	60.482	5
2026-01-05 04:55	60.475	60.490	60.462	60.482	4
2026-01-05 05:00	60.480	60.510	60.467	60.485	5
2026-01-05 05:05	60.475	60.485	60.452	60.475	5
2026-01-05 05:10	60.470	60.520	60.462	60.512	5
2026-01-05 05:15	60.508	60.550	60.508	60.538	5
2026-01-05 05:20	60.535	60.542	60.512	60.535	5
2026-01-05 05:25	60.527	60.542	60.502	60.530	5
2026-01-05 05:30	60.545	60.545	60.397	60.455	5
2026-01-05 05:35	60.460	60.512	60.437	60.462	5
2026-01-05 05:40	60.460	60.460	60.362	60.377	5
2026-01-05 05:45	60.370	60.395	60.352	60.375	5
2026-01-05 05:50	60.370	60.370	60.282	60.350	5
2026-01-05 05:55	60.352	60.380	60.322	60.355	5
2026-01-05 06:00	60.347	60.372	60.335	60.357	5
2026-01-05 06:05	60.355	60.435	60.355	60.407	5
2026-01-05 06:10	60.412	60.435	60.402	60.435	5
2026-01-05 06:15	60.445	60.465	60.425	60.440	5
2026-01-05 06:20	60.442	60.445	60.372	60.415	5
2026-01-05 06:25	60.407	60.412	60.315	60.390	5
2026-01-05 06:30	60.395	60.425	60.360	60.370	5
2026-01-05 06:35	60.372	60.415	60.332	60.405	5
2026-01-05 06:40	60.410	60.425	60.392	60.420	5
2026-01-05 06:45	60.412	60.412	60.322	60.345	5
2026-01-05 06:50	60.340	60.340	60.275	60.305	5
2026-01-05 06:55	60.300	60.345	60.285	60.317	5
2026-01-05 07:00	60.325	60.420	60.315	60.395	5
2026-01-05 07:05	60.390	60.425	60.382	60.390	5
2026-01-05 07:10	60.382	60.382	60.327	60.345	5
2026-01-05 07:15	60.355	60.355	60.305	60.340	5
2026-01-05 07:20	60.332	60.345	60.202	60.270	5
2026-01-05 07:25	60.272	60.282	60.192	60.195	5
2026-01-05 07:30	60.175	60.245	60.172	60.240	5
2026-01-05 07:35	60.245	60.280	60.217	60.217	5
2026-01-05 07:40	60.235	60.245	60.165	60.175	5
2026-01-05 07:45	60.170	60.220	60.152	60.192	5
2026-01-05 07:50	60.215	60.235	60.192	60.222	5
2026-01-05 07:55	60.212	60.215	60.182	60.195	5
2026-01-05 08:00	60.188	60.330	60.178	60.302	5
2026-01-05 08:05	60.300	60.315	60.232	60.255	5
2026-01-05 08:10	60.250	60.295	60.242	60.250	5
2026-01-05 08:15	60.242	60.242	60.125	60.125	5
2026-01-05 08:20	60.105	60.160	60.072	60.072	5
2026-01-05 08:25	60.065	60.085	59.742	59.750	5
2026-01-05 08:30	59.745	59.895	59.732	59.862	5
2026-01-05 08:35	59.870	59.970	59.835	59.932	5
2026-01-05 08:40	59.942	59.950	59.835	59.925	5
2026-01-05 08:45	59.915	59.985	59.912	59.970	5
2026-01-05 08:50	59.965	59.995	59.942	59.972	5
2026-01-05 08:55	59.985	60.135	59.972	60.035	5
2026-01-05 09:00	60.020	60.070	60.002	60.025	5
2026-01-05 09:05	60.030	60.105	60.017	60.092	5
2026-01-05 09:10	60.090	60.230	60.080	60.185	5
2026-01-05 09:15	60.180	60.305	60.150	60.255	5
2026-01-05 09:20	60.265	60.395	60.262	60.347	5
2026-01-05 09:25	60.365	60.395	60.300	60.302	5
2026-01-05 09:30	60.325	60.565	60.322	60.562	5
2026-01-05 09:35	60.572	60.610	60.492	60.512	5
2026-01-05 09:40	60.520	60.615	60.520	60.602	5
2026-01-05 09:45	60.610	60.725	60.605	60.712	5
2026-01-05 09:50	60.725	60.792	60.722	60.790	5
2026-01-05 09:55	60.785	60.845	60.785	60.802	5
2026-01-05 10:00	60.820	60.825	60.652	60.685	5
2026-01-05 10:05	60.670	60.695	60.580	60.630	5
2026-01-05 10:10	60.625	60.705	60.592	60.705	5
2026-01-05 10:15	60.702	60.725	60.670	60.702	5
2026-01-05 10:20	60.715	60.725	60.672	60.692	5
2026-01-05 10:25	60.685	60.695	60.652	60.675	5
2026-01-05 10:30	60.670	60.715	60.642	60.695	5
2026-01-05 10:35	60.690	60.782	60.690	60.775	5
2026-01-05 10:40	60.765	60.775	60.665	60.682	5
2026-01-05 10:45	60.690	60.715	60.632	60.702	5
2026-01-05 10:50	60.695	60.775	60.672	60.750	5
2026-01-05 10:55	60.740	60.755	60.702	60.715	5
2026-01-05 11:00	60.705	60.795	60.672	60.792	5
2026-01-05 11:05	60.790	60.815	60.752	60.762	5
2026-01-05 11:10	60.775	60.845	60.772	60.842	5
2026-01-05 11:15	60.855	60.865	60.795	60.830	5
2026-01-05 11:20	60.832	60.845	60.812	60.835	5
2026-01-05 11:25	60.840	60.865	60.802	60.802	5
2026-01-05 11:30	60.810	60.835	60.762	60.770	5
2026-01-05 11:35	60.765	60.845	60.752	60.840	5
2026-01-05 11:40	60.835	61.105	60.818	61.052	5
2026-01-05 11:45	61.065	61.075	60.980	61.032	5
2026-01-05 11:50	61.040	61.075	60.955	60.955	5
2026-01-05 11:55	60.950	61.005	60.932	60.992	5
2026-01-05 12:00	60.988	60.988	60.822	60.822	5
2026-01-05 12:05	60.830	60.985	60.822	60.952	5
2026-01-05 12:10	60.965	61.005	60.932	60.962	5
2026-01-05 12:15	60.970	61.025	60.955	60.975	5
2026-01-05 12:20	60.980	61.035	60.970	61.025	5
2026-01-05 12:25	61.020	61.035	60.952	60.980	5
2026-01-05 12:30	60.985	61.050	60.982	61.040	5
2026-01-05 12:35	61.042	61.135	61.032	61.122	5
2026-01-05 12:40	61.115	61.175	61.077	61.077	5
2026-01-05 12:45	61.075	61.145	61.075	61.145	5
2026-01-05 12:50	61.155	61.155	61.090	61.147	5
2026-01-05 12:55	61.150	61.205	61.132	61.200	5
2026-01-05 13:00	61.198	61.325	61.152	61.310	5
2026-01-05 13:05	61.320	61.335	61.245	61.292	5
2026-01-05 13:10	61.285	61.285	61.145	61.195	5
2026-01-05 13:15	61.192	61.195	61.112	61.170	5
2026-01-05 13:20	61.165	61.175	61.132	61.157	5
2026-01-05 13:25	61.155	61.222	61.152	61.200	5
2026-01-05 13:30	61.202	61.252	61.202	61.215	5
2026-01-05 13:35	61.225	61.255	61.185	61.215	5
2026-01-05 13:40	61.220	61.265	61.152	61.162	5
2026-01-05 13:45	61.170	61.205	61.132	61.192	5
2026-01-05 13:50	61.205	61.222	61.142	61.192	5
2026-01-05 13:55	61.205	61.215	61.162	61.215	5
2026-01-05 14:00	61.202	61.390	61.192	61.205	5
2026-01-05 14:05	61.215	61.270	61.112	61.115	5
2026-01-05 14:10	61.125	61.225	61.112	61.215	5
2026-01-05 14:15	61.220	61.275	61.200	61.235	5
2026-01-05 14:20	61.240	61.305	61.235	61.272	5
2026-01-05 14:25	61.265	61.285	61.232	61.262	5
2026-01-05 14:30	61.260	61.495	61.255	61.485	5
2026-01-05 14:35	61.480	61.495	61.412	61.422	5
2026-01-05 14:40	61.427	61.460	61.390	61.425	5
2026-01-05 14:45	61.430	61.482	61.340	61.405	5
2026-01-05 14:50	61.392	61.445	61.352	61.442	5
2026-01-05 14:55	61.432	61.432	61.332	61.357	5
2026-01-05 15:00	61.350	61.375	61.180	61.190	5
2026-01-05 15:05	61.192	61.192	60.992	61.012	5
2026-01-05 15:10	61.017	61.077	60.942	61.067	5
2026-01-05 15:15	61.075	61.205	61.062	61.152	5
2026-01-05 15:20	61.160	61.325	61.152	61.315	5
2026-01-05 15:25	61.320	61.335	61.222	61.270	5
2026-01-05 15:30	61.275	61.435	61.262	61.435	5
2026-01-05 15:35	61.430	61.495	61.402	61.472	5
2026-01-05 15:40	61.465	61.640	61.462	61.615	5
2026-01-05 15:45	61.608	61.745	61.572	61.715	5
2026-01-05 15:50	61.725	61.785	61.672	61.772	5
2026-01-05 15:55	61.785	61.855	61.762	61.785	5
2026-01-05 16:00	61.773	61.785	61.722	61.732	5
2026-01-05 16:05	61.745	61.745	61.582	61.627	5
2026-01-05 16:10	61.622	61.745	61.612	61.745	5
2026-01-05 16:15	61.755	61.762	61.632	61.672	5
2026-01-05 16:20	61.670	61.670	61.612	61.632	5
2026-01-05 16:25	61.640	61.665	61.520	61.520	5
2026-01-05 16:30	61.520	61.600	61.482	61.492	5
2026-01-05 16:35	61.505	61.505	61.392	61.415	5
2026-01-05 16:40	61.405	61.422	61.332	61.347	5
2026-01-05 16:45	61.342	61.435	61.295	61.422	5
2026-01-05 16:50	61.430	61.545	61.412	61.532	5
2026-01-05 16:55	61.530	61.535	61.462	61.515	5
2026-01-05 17:00	61.505	61.655	61.505	61.632	5
2026-01-05 17:05	61.630	61.665	61.602	61.640	5
2026-01-05 17:10	61.642	61.685	61.637	61.655	5
2026-01-05 17:15	61.665	61.685	61.642	61.672	5
2026-01-05 17:20	61.665	61.675	61.602	61.642	5
2026-01-05 17:25	61.655	61.715	61.635	61.695	5
2026-01-05 17:30	61.700	61.705	61.632	61.632	5
2026-01-05 17:35	61.625	61.750	61.622	61.702	5
2026-01-05 17:40	61.715	61.725	61.682	61.692	5
2026-01-05 17:45	61.690	61.695	61.632	61.672	5
2026-01-05 17:50	61.685	61.725	61.672	61.712	5
2026-01-05 17:55	61.705	61.735	61.682	61.735	5
2026-01-05 18:00	61.725	61.735	61.652	61.652	5
2026-01-05 18:05	61.665	61.715	61.662	61.702	5
2026-01-05 18:10	61.715	61.725	61.692	61.707	5
2026-01-05 18:15	61.725	61.745	61.712	61.742	5
2026-01-05 18:20	61.740	61.765	61.735	61.752	5
2026-01-05 18:25	61.760	61.795	61.755	61.770	5
2026-01-05 18:30	61.775	61.852	61.762	61.842	5
2026-01-05 18:35	61.840	61.865	61.772	61.772	5
2026-01-05 18:40	61.780	61.792	61.685	61.702	4
2026-01-05 18:45	61.715	61.725	61.692	61.705	5
2026-01-05 18:50	61.715	61.755	61.705	61.745	5
2026-01-05 18:55	61.750	61.775	61.722	61.735	5
2026-01-05 19:00	61.730	61.740	61.642	61.652	5
2026-01-05 19:05	61.645	61.707	61.625	61.705	5
2026-01-05 19:10	61.710	61.765	61.702	61.725	5
2026-01-05 19:15	61.715	61.725	61.692	61.702	5
2026-01-05 19:20	61.710	61.730	61.682	61.702	5
2026-01-05 19:25	61.692	61.775	61.682	61.742	5
2026-01-05 19:30	61.732	61.745	61.712	61.742	5
2026-01-05 19:35	61.755	61.805	61.752	61.805	5
2026-01-05 19:40	61.795	61.795	61.732	61.732	5
2026-01-05 19:45	61.725	61.747	61.712	61.715	5
2026-01-05 19:50	61.710	61.725	61.710	61.712	5
2026-01-05 19:55	61.720	61.735	61.695	61.715	5
2026-01-05 20:00	61.720	61.765	61.715	61.757	5
2026-01-05 20:05	61.755	61.765	61.732	61.742	5
2026-01-05 20:10	61.750	61.780	61.742	61.775	5
2026-01-05 20:15	61.770	61.790	61.762	61.785	3
2026-01-05 20:20	61.790	61.820	61.785	61.807	5
2026-01-05 20:25	61.820	61.820	61.782	61.802	5
2026-01-05 20:30	61.800	61.805	61.782	61.792	3
2026-01-05 20:35	61.790	61.792	61.740	61.760	5
2026-01-05 20:40	61.762	61.762	61.732	61.755	5
2026-01-05 20:45	61.747	61.775	61.747	61.770	5
2026-01-05 20:50	61.775	61.835	61.770	61.812	5
2026-01-05 20:55	61.820	61.825	61.780	61.790	5
2026-01-05 21:00	61.783	61.807	61.762	61.792	4
2026-01-05 21:05	61.782	61.837	61.782	61.832	5
2026-01-05 21:10	61.832	61.837	61.792	61.792	4
2026-01-05 21:15	61.792	61.792	61.782	61.787	5
2026-01-05 21:20	61.792	61.792	61.772	61.772	4
2026-01-05 21:25	61.762	61.787	61.752	61.777	5
2026-01-05 21:30	61.777	61.802	61.757	61.802	5
2026-01-05 21:35	61.812	61.822	61.782	61.792	4
2026-01-05 21:40	61.792	61.797	61.782	61.792	5
2026-01-05 21:45	61.787	61.807	61.787	61.792	5
2026-01-05 21:50	61.787	61.817	61.777	61.782	5
2026-01-05 21:55	61.777	61.777	61.747	61.772	5
2026-01-06 01:00	61.697	61.730	61.572	61.590	5
2026-01-06 01:05	61.592	61.620	61.562	61.575	5
2026-01-06 01:10	61.580	61.635	61.580	61.602	5
2026-01-06 01:15	61.610	61.635	61.582	61.622	5
2026-01-06 01:20	61.630	61.640	61.565	61.590	5
2026-01-06 01:25	61.595	61.595	61.502	61.532	5
2026-01-06 01:30	61.540	61.565	61.500	61.512	5
2026-01-06 01:35	61.525	61.565	61.455	61.500	5
2026-01-06 01:40	61.505	61.555	61.495	61.550	5
2026-01-06 01:45	61.545	61.585	61.495	61.497	5
2026-01-06 01:50	61.510	61.525	61.492	61.502	5
2026-01-06 01:55	61.515	61.517	61.477	61.482	5
2026-01-06 02:00	61.490	61.525	61.472	61.512	5
2026-01-06 02:05	61.508	61.525	61.350	61.457	5
2026-01-06 02:10	61.455	61.535	61.442	61.535	5
2026-01-06 02:15	61.530	61.530	61.495	61.512	4
2026-01-06 02:20	61.525	61.535	61.502	61.510	5
2026-01-06 02:25	61.505	61.525	61.502	61.510	5
2026-01-06 02:30	61.515	61.530	61.492	61.492	5
2026-01-06 02:35	61.490	61.492	61.468	61.470	5
2026-01-06 02:40	61.465	61.505	61.462	61.505	5
2026-01-06 02:45	61.510	61.532	61.495	61.525	5
2026-01-06 02:50	61.515	61.525	61.497	61.497	5
2026-01-06 02:55	61.492	61.505	61.450	61.460	5
2026-01-06 03:00	61.465	61.475	61.422	61.440	5
2026-01-06 03:05	61.435	61.465	61.435	61.455	4
2026-01-06 03:10	61.460	61.510	61.460	61.502	5
2026-01-06 03:15	61.510	61.545	61.495	61.540	5
2026-01-06 03:20	61.535	61.540	61.495	61.517	5
2026-01-06 03:25	61.530	61.550	61.525	61.550	4
2026-01-06 03:30	61.552	61.567	61.537	61.562	5
2026-01-06 03:35	61.570	61.585	61.562	61.580	4
2026-01-06 03:40	61.575	61.610	61.575	61.605	4
2026-01-06 03:45	61.610	61.620	61.595	61.600	5
2026-01-06 03:50	61.593	61.610	61.593	61.610	4
2026-01-06 03:55	61.603	61.612	61.577	61.585	4
2026-01-06 04:00	61.590	61.590	61.575	61.590	5
2026-01-06 04:05	61.585	61.585	61.570	61.570	3
2026-01-06 04:10	61.565	61.572	61.562	61.565	5
2026-01-06 04:15	61.558	61.565	61.558	61.565	3
2026-01-06 04:20	61.560	61.575	61.560	61.565	5
2026-01-06 04:25	61.560	61.570	61.545	61.570	4
2026-01-06 04:30	61.562	61.605	61.562	61.590	3
2026-01-06 04:35	61.585	61.610	61.582	61.610	4
2026-01-06 04:40	61.602	61.620	61.602	61.612	5
2026-01-06 04:45	61.608	61.610	61.595	61.600	4
2026-01-06 04:50	61.595	61.602	61.590	61.597	5
2026-01-06 04:55	61.592	61.597	61.572	61.580	4
2026-01-06 05:00	61.575	61.580	61.562	61.570	5
2026-01-06 05:05	61.565	61.565	61.552	61.557	3
2026-01-06 05:10	61.553	61.560	61.540	61.540	3
2026-01-06 05:15	61.535	61.570	61.535	61.567	4
2026-01-06 05:20	61.560	61.565	61.552	61.562	4
2026-01-06 05:25	61.560	61.605	61.560	61.605	5
2026-01-06 05:30	61.597	61.625	61.572	61.572	5
2026-01-06 05:35	61.570	61.600	61.552	61.555	5
2026-01-06 05:40	61.560	61.580	61.552	61.570	5
2026-01-06 05:45	61.575	61.585	61.562	61.580	5
2026-01-06 05:50	61.572	61.580	61.562	61.570	5
2026-01-06 05:55	61.575	61.580	61.532	61.532	5
2026-01-06 06:00	61.527	61.535	61.492	61.525	5
2026-01-06 06:05	61.530	61.565	61.520	61.547	5
2026-01-06 06:10	61.552	61.585	61.522	61.525	5
2026-01-06 06:15	61.515	61.550	61.510	61.550	5
2026-01-06 06:20	61.545	61.570	61.532	61.570	5
2026-01-06 06:25	61.565	61.630	61.562	61.622	5
2026-01-06 06:30	61.635	61.645	61.602	61.640	5
2026-01-06 06:35	61.635	61.635	61.587	61.612	5
2026-01-06 06:40	61.610	61.630	61.572	61.600	5
2026-01-06 06:45	61.605	61.655	61.597	61.645	5
2026-01-06 06:50	61.650	61.650	61.577	61.602	5
2026-01-06 06:55	61.607	61.615	61.572	61.585	5
2026-01-06 07:00	61.585	61.595	61.475	61.492	5
2026-01-06 07:05	61.500	61.525	61.492	61.502	5
2026-01-06 07:10	61.500	61.530	61.462	61.520	5
2026-01-06 07:15	61.515	61.562	61.487	61.552	5
2026-01-06 07:20	61.565	61.575	61.525	61.532	5
2026-01-06 07:25	61.540	61.545	61.472	61.500	5
2026-01-06 07:30	61.492	61.492	61.445	61.455	5
2026-01-06 07:35	61.460	61.460	61.432	61.440	5
2026-01-06 07:40	61.445	61.460	61.387	61.387	5
2026-01-06 07:45	61.382	61.420	61.332	61.412	5
2026-01-06 07:50	61.405	61.435	61.382	61.435	5
2026-01-06 07:55	61.440	61.445	61.385	61.405	5
2026-01-06 08:00	61.398	61.425	61.330	61.332	5
2026-01-06 08:05	61.325	61.435	61.322	61.412	5
2026-01-06 08:10	61.405	61.425	61.325	61.335	5
2026-01-06 08:15	61.355	61.405	61.352	61.382	5
2026-01-06 08:20	61.380	61.390	61.342	61.375	5
2026-01-06 08:25	61.385	61.385	61.292	61.320	5
2026-01-06 08:30	61.315	61.425	61.315	61.405	5
2026-01-06 08:35	61.392	61.425	61.392	61.410	5
2026-01-06 08:40	61.405	61.515	61.402	61.482	5
2026-01-06 08:45	61.495	61.680	61.492	61.670	5
2026-01-06 08:50	61.672	61.725	61.642	61.702	5
2026-01-06 08:55	61.715	61.945	61.712	61.922	5
2026-01-06 09:00	61.935	62.125	61.922	61.962	5
2026-01-06 09:05	61.957	61.962	61.822	61.885	5
2026-01-06 09:10	61.895	61.925	61.762	61.825	5
2026-01-06 09:15	61.820	61.895	61.802	61.882	5
2026-01-06 09:20	61.875	61.985	61.872	61.982	5
2026-01-06 09:25	61.995	62.025	61.965	62.022	5
2026-01-06 09:30	62.030	62.075	62.012	62.022	5
2026-01-06 09:35	62.015	62.015	61.962	61.992	5
2026-01-06 09:40	61.975	61.985	61.870	61.870	5
2026-01-06 09:45	61.862	61.905	61.812	61.812	5
2026-01-06 09:50	61.805	61.975	61.770	61.925	5
2026-01-06 09:55	61.935	61.935	61.862	61.872	5
2026-01-06 10:00	61.885	61.945	61.852	61.920	5
2026-01-06 10:05	61.922	61.925	61.880	61.902	5
2026-01-06 10:10	61.915	61.995	61.910	61.985	5
2026-01-06 10:15	61.975	61.975	61.872	61.935	5
2026-01-06 10:20	61.930	61.935	61.857	61.895	5
2026-01-06 10:25	61.892	61.905	61.832	61.842	5
2026-01-06 10:30	61.837	61.915	61.832	61.890	5
2026-01-06 10:35	61.895	61.915	61.862	61.912	5
2026-01-06 10:40	61.925	62.015	61.912	61.982	5
2026-01-06 10:45	61.977	62.075	61.975	62.065	5
2026-01-06 10:50	62.075	62.075	62.022	62.055	5
2026-01-06 10:55	62.065	62.075	62.032	62.062	5
2026-01-06 11:00	62.055	62.065	62.002	62.005	5
2026-01-06 11:05	61.995	62.055	61.992	62.052	5
2026-01-06 11:10	62.045	62.085	62.012	62.042	5
2026-01-06 11:15	62.035	62.045	61.955	61.965	5
2026-01-06 11:20	61.970	62.002	61.962	61.982	5
2026-01-06 11:25	61.990	61.995	61.902	61.972	5
2026-01-06 11:30	61.985	62.015	61.975	61.975	5
2026-01-06 11:35	61.965	62.065	61.945	62.052	5
2026-01-06 11:40	62.065	62.075	62.032	62.072	5
2026-01-06 11:45	62.085	62.095	62.032	62.075	5
2026-01-06 11:50	62.065	62.075	62.012	62.022	5
2026-01-06 11:55	62.035	62.095	62.032	62.055	5
2026-01-06 12:00	62.060	62.075	61.992	61.992	5
2026-01-06 12:05	61.985	62.005	61.962	61.992	5
2026-01-06 12:10	62.005	62.062	62.002	62.025	5
2026-01-06 12:15	62.022	62.035	61.962	61.962	5
2026-01-06 12:20	61.975	62.060	61.972	62.032	5
2026-01-06 12:25	62.045	62.095	62.032	62.072	5
2026-01-06 12:30	62.070	62.075	62.010	62.015	5
2026-01-06 12:35	62.035	62.035	61.932	61.972	5
2026-01-06 12:40	61.965	61.975	61.832	61.912	5
2026-01-06 12:45	61.905	61.975	61.872	61.965	5
2026-01-06 12:50	61.975	62.025	61.972	62.000	5
2026-01-06 12:55	62.002	62.025	61.982	62.005	5
2026-01-06 13:00	62.015	62.025	61.962	62.005	5
2026-01-06 13:05	62.010	62.095	62.002	62.042	5
2026-01-06 13:10	62.055	62.085	61.980	62.025	5
2026-01-06 13:15	62.035	62.075	62.022	62.052	5
2026-01-06 13:20	62.045	62.065	62.022	62.032	5
2026-01-06 13:25	62.025	62.067	62.015	62.022	5
2026-01-06 13:30	62.035	62.045	61.985	62.012	5
2026-01-06 13:35	62.025	62.065	62.002	62.045	5
2026-01-06 13:40	62.050	62.225	62.037	62.152	5
2026-01-06 13:45	62.145	62.305	62.142	62.252	5
2026-01-06 13:50	62.265	62.265	62.192	62.222	5
2026-01-06 13:55	62.215	62.245	62.182	62.192	5
2026-01-06 14:00	62.185	62.255	62.082	62.135	5
2026-01-06 14:05	62.145	62.200	62.122	62.165	5
2026-01-06 14:10	62.160	62.205	62.072	62.092	5
2026-01-06 14:15	62.105	62.125	62.045	62.112	5
2026-01-06 14:20	62.125	62.205	62.062	62.182	5
2026-01-06 14:25	62.195	62.200	62.130	62.135	5
2026-01-06 14:30	62.125	62.225	62.112	62.152	5
2026-01-06 14:35	62.160	62.165	62.082	62.085	5
2026-01-06 14:40	62.095	62.185	62.085	62.122	5
2026-01-06 14:45	62.120	62.140	61.988	62.072	5
2026-01-06 14:50	62.065	62.112	61.820	61.912	5
2026-01-06 14:55	61.925	61.935	61.562	61.582	5
2026-01-06 15:00	61.578	61.615	61.341	61.410	5
2026-01-06 15:05	61.405	61.425	61.232	61.322	5
2026-01-06 15:10	61.320	61.375	61.252	61.312	5
2026-01-06 15:15	61.325	61.505	61.292	61.502	5
2026-01-06 15:20	61.515	61.705	61.510	61.685	5
2026-01-06 15:25	61.682	61.722	61.577	61.592	5
2026-01-06 15:30	61.605	61.670	61.512	61.632	5
2026-01-06 15:35	61.615	61.675	61.592	61.662	5
2026-01-06 15:40	61.655	61.885	61.652	61.875	5
2026-01-06 15:45	61.865	61.875	61.612	61.637	5
2026-01-06 15:50	61.655	61.710	61.592	61.615	5
2026-01-06 15:55	61.625	61.705	61.592	61.622	5
2026-01-06 16:00	61.615	61.705	61.592	61.692	5
2026-01-06 16:05	61.697	61.742	61.532	61.602	5
2026-01-06 16:10	61.595	61.605	61.462	61.592	5
2026-01-06 16:15	61.590	61.605	61.482	61.502	5
2026-01-06 16:20	61.515	61.555	61.452	61.452	5
2026-01-06 16:25	61.460	61.585	61.440	61.572	5
2026-01-06 16:30	61.570	61.655	61.530	61.542	5
2026-01-06 16:35	61.565	61.565	61.482	61.502	5
2026-01-06 16:40	61.492	61.565	61.482	61.565	5
2026-01-06 16:45	61.560	61.575	61.540	61.555	5
2026-01-06 16:50	61.545	61.545	61.482	61.482	5
2026-01-06 16:55	61.465	61.485	61.442	61.452	5
2026-01-06 17:00	61.465	61.480	61.372	61.412	4
2026-01-06 17:05	61.410	61.465	61.410	61.425	5
2026-01-06 17:10	61.420	61.425	61.292	61.302	5
2026-01-06 17:15	61.310	61.315	61.165	61.185	5
2026-01-06 17:20	61.195	61.305	61.192	61.282	5
2026-01-06 17:25	61.295	61.295	61.232	61.232	5
2026-01-06 17:30	61.225	61.260	61.202	61.212	5
2026-01-06 17:35	61.205	61.245	61.122	61.122	5
2026-01-06 17:40	61.115	61.140	61.082	61.115	5
2026-01-06 17:45	61.110	61.165	61.102	61.132	5
2026-01-06 17:50	61.140	61.185	61.135	61.172	5
2026-01-06 17:55	61.170	61.175	61.122	61.142	5
2026-01-06 18:00	61.135	61.185	61.125	61.162	5
2026-01-06 18:05	61.175	61.175	61.115	61.142	5
2026-01-06 18:10	61.135	61.215	61.132	61.182	5
2026-01-06 18:15	61.175	61.195	61.125	61.142	5
2026-01-06 18:20	61.135	61.185	61.112	61.180	5
2026-01-06 18:25	61.172	61.185	61.125	61.140	5
2026-01-06 18:30	61.135	61.145	61.002	61.045	5
2026-01-06 18:35	61.047	61.085	61.040	61.062	5
2026-01-06 18:40	61.055	61.075	61.035	61.045	5
2026-01-06 18:45	61.050	61.055	61.022	61.032	5
2026-01-06 18:50	61.030	61.055	61.022	61.025	5
2026-01-06 18:55	61.015	61.035	60.882	60.892	5
2026-01-06 19:00	60.905	60.905	60.822	60.822	5
2026-01-06 19:05	60.815	60.885	60.812	60.875	5
2026-01-06 19:10	60.880	60.895	60.692	60.702	5
2026-01-06 19:15	60.715	60.735	60.622	60.692	5
2026-01-06 19:20	60.705	60.760	60.582	60.725	5
2026-01-06 19:25	60.722	60.740	60.642	60.667	5
2026-01-06 19:30	60.665	60.710	60.642	60.657	5
2026-01-06 19:35	60.665	60.675	60.592	60.595	5
2026-01-06 19:40	60.592	60.615	60.555	60.585	5
2026-01-06 19:45	60.595	60.605	60.542	60.590	5
2026-01-06 19:50	60.575	60.595	60.515	60.530	5
2026-01-06 19:55	60.522	60.522	60.492	60.495	5
2026-01-06 20:00	60.488	60.545	60.462	60.522	5
2026-01-06 20:05	60.515	60.535	60.512	60.525	5
2026-01-06 20:10	60.535	60.535	60.452	60.455	5
2026-01-06 20:15	60.445	60.465	60.422	60.445	5
2026-01-06 20:20	60.440	60.475	60.402	60.475	5
2026-01-06 20:25	60.465	60.515	60.382	60.505	5
2026-01-06 20:30	60.500	60.600	60.495	60.562	5
2026-01-06 20:35	60.560	60.575	60.542	60.550	4
2026-01-06 20:40	60.542	60.600	60.537	60.572	5
2026-01-06 20:45	60.570	60.582	60.552	60.562	5
2026-01-06 20:50	60.575	60.575	60.522	60.530	5
2026-01-06 20:55	60.525	60.525	60.447	60.462	5
2026-01-06 21:00	60.442	60.492	60.442	60.487	5
2026-01-06 21:05	60.482	60.492	60.462	60.462	5
2026-01-06 21:10	60.462	60.462	60.422	60.452	5
2026-01-06 21:15	60.452	60.487	60.452	60.472	5
2026-01-06 21:20	60.482	60.492	60.467	60.467	5
2026-01-06 21:25	60.462	60.527	60.462	60.507	5
2026-01-06 21:30	60.532	60.582	60.512	60.557	5
2026-01-06 21:35	60.552	60.557	60.532	60.532	5
2026-01-06 21:40	60.527	60.587	60.527	60.532	5
2026-01-06 21:45	60.532	60.532	60.522	60.522	5
2026-01-06 21:50	60.517	60.522	60.447	60.477	5
2026-01-06 21:55	60.482	60.507	60.477	60.502	5
2026-01-07 01:00	60.113	60.222	59.992	60.112	5
2026-01-07 01:05	60.100	60.120	60.010	60.042	5
2026-01-07 01:10	60.060	60.105	60.012	60.102	5
2026-01-07 01:15	60.095	60.112	60.052	60.080	5
2026-01-07 01:20	60.075	60.240	60.062	60.142	5
2026-01-07 01:25	60.152	60.215	60.065	60.092	5
2026-01-07 01:30	60.085	60.162	60.042	60.152	5
2026-01-07 01:35	60.165	60.290	60.148	60.245	5
2026-01-07 01:40	60.235	60.370	60.235	60.342	5
2026-01-07 01:45	60.325	60.340	60.247	60.252	5
2026-01-07 01:50	60.250	60.250	60.152	60.160	5
2026-01-07 01:55	60.152	60.165	60.082	60.092	5
2026-01-07 02:00	60.097	60.135	60.052	60.107	5
2026-01-07 02:05	60.115	60.115	60.002	60.060	5
2026-01-07 02:10	60.065	60.115	60.050	60.070	5
2026-01-07 02:15	60.075	60.145	60.062	60.120	5
2026-01-07 02:20	60.115	60.122	60.092	60.095	5
2026-01-07 02:25	60.105	60.105	60.025	60.050	5
2026-01-07 02:30	60.045	60.060	59.992	60.050	5
2026-01-07 02:35	60.052	60.142	60.050	60.142	5
2026-01-07 02:40	60.155	60.160	60.095	60.115	5
2026-01-07 02:45	60.120	60.150	60.097	60.120	5
2026-01-07 02:50	60.115	60.155	60.100	60.117	5
2026-01-07 02:55	60.125	60.165	60.107	60.145	5
2026-01-07 03:00	60.155	60.185	60.122	60.150	5
2026-01-07 03:05	60.155	60.175	60.112	60.130	5
2026-01-07 03:10	60.132	60.137	60.062	60.075	5
2026-01-07 03:15	60.077	60.135	60.072	60.135	5
2026-01-07 03:20	60.140	60.155	60.115	60.152	5
2026-01-07 03:25	60.145	60.175	60.142	60.152	5
2026-01-07 03:30	60.165	60.175	60.132	60.147	5
2026-01-07 03:35	60.145	60.145	60.080	60.082	5
2026-01-07 03:40	60.095	60.095	60.005	60.032	4
2026-01-07 03:45	60.045	60.070	60.032	60.065	5
2026-01-07 03:50	60.070	60.080	60.042	60.075	5
2026-01-07 03:55	60.070	60.070	60.042	60.060	5
2026-01-07 04:00	60.065	60.127	60.065	60.090	5
2026-01-07 04:05	60.085	60.095	60.072	60.092	5
2026-01-07 04:10	60.105	60.125	60.032	60.070	5
2026-01-07 04:15	60.075	60.075	60.012	60.030	5
2026-01-07 04:20	60.022	60.022	59.992	60.002	5
2026-01-07 04:25	60.015	60.015	59.972	59.982	5
2026-01-07 04:30	59.995	60.005	59.985	59.997	5
2026-01-07 04:35	59.995	60.005	59.955	59.982	5
2026-01-07 04:40	59.990	60.025	59.987	60.013	5
2026-01-07 04:45	60.025	60.030	60.013	60.025	5
2026-01-07 04:50	60.035	60.035	59.982	59.992	5
2026-01-07 04:55	60.000	60.015	59.982	59.992	4
2026-01-07 05:00	59.990	59.992	59.962	59.970	4
2026-01-07 05:05	59.962	59.965	59.945	59.950	4
2026-01-07 05:10	59.943	59.975	59.943	59.965	5
2026-01-07 05:15	59.960	59.975	59.945	59.945	5
2026-01-07 05:20	59.950	59.965	59.927	59.955	5
2026-01-07 05:25	59.950	59.960	59.925	59.945	5
2026-01-07 05:30	59.950	59.960	59.862	59.885	5
2026-01-07 05:35	59.880	59.905	59.872	59.892	5
2026-01-07 05:40	59.900	59.920	59.870	59.880	5
2026-01-07 05:45	59.875	59.895	59.862	59.870	5
2026-01-07 05:50	59.865	59.920	59.865	59.917	5
2026-01-07 05:55	59.925	60.005	59.920	60.002	5
2026-01-07 06:00	60.010	60.082	59.992	60.077	5
2026-01-07 06:05	60.082	60.150	60.080	60.145	5
2026-01-07 06:10	60.150	60.165	60.112	60.122	5
2026-01-07 06:15	60.120	60.155	60.102	60.110	5
2026-01-07 06:20	60.115	60.125	60.055	60.070	5
2026-01-07 06:25	60.075	60.110	60.037	60.052	5
2026-01-07 06:30	60.060	60.070	59.992	60.032	5
2026-01-07 06:35	60.025	60.025	59.955	60.000	5
2026-01-07 06:40	59.995	59.995	59.922	59.970	5
2026-01-07 06:45	59.975	60.000	59.962	59.965	5
2026-01-07 06:50	59.985	59.990	59.917	59.935	5
2026-01-07 06:55	59.940	59.955	59.925	59.950	5
2026-01-07 07:00	59.935	59.935	59.885	59.905	5
2026-01-07 07:05	59.905	59.910	59.862	59.902	3
2026-01-07 07:10	59.895	60.055	59.895	60.042	5
2026-01-07 07:15	60.035	60.125	60.035	60.095	5
2026-01-07 07:20	60.080	60.115	60.012	60.012	5
2026-01-07 07:25	60.020	60.025	59.982	60.025	5
2026-01-07 07:30	60.015	60.095	60.012	60.050	4
2026-01-07 07:35	60.055	60.095	60.012	60.012	5
2026-01-07 07:40	60.025	60.035	59.952	59.962	5
2026-01-07 07:45	59.960	60.025	59.937	59.952	5
2026-01-07 07:50	59.960	60.055	59.960	60.047	5
2026-01-07 07:55	60.042	60.085	60.022	60.057	5
2026-01-07 08:00	60.053	60.065	59.982	60.012	5
2026-01-07 08:05	60.030	60.105	59.992	60.092	5
2026-01-07 08:10	60.085	60.185	60.085	60.162	5
2026-01-07 08:15	60.175	60.255	60.132	60.192	5
2026-01-07 08:20	60.205	60.215	60.142	60.162	5
2026-01-07 08:25	60.157	60.245	60.152	60.225	5
2026-01-07 08:30	60.215	60.285	60.172	60.182	5
2026-01-07 08:35	60.205	60.275	60.170	60.275	5
2026-01-07 08:40	60.265	60.275	60.225	60.255	5
2026-01-07 08:45	60.250	60.275	60.220	60.250	5
2026-01-07 08:50	60.245	60.305	60.232	60.262	5
2026-01-07 08:55	60.255	60.265	60.225	60.252	5
2026-01-07 09:00	60.248	60.248	60.152	60.222	5
2026-01-07 09:05	60.220	60.245	60.172	60.172	5
2026-01-07 09:10	60.165	60.245	60.162	60.242	5
2026-01-07 09:15	60.255	60.290	60.195	60.285	5
2026-01-07 09:20	60.295	60.395	60.292	60.372	5
2026-01-07 09:25	60.365	60.375	60.267	60.325	5
2026-01-07 09:30	60.315	60.355	60.245	60.262	5
2026-01-07 09:35	60.275	60.335	60.242	60.312	5
2026-01-07 09:40	60.325	60.325	60.182	60.225	5
2026-01-07 09:45	60.220	60.235	60.065	60.135	5
2026-01-07 09:50	60.130	60.185	60.082	60.102	5
2026-01-07 09:55	60.095	60.095	60.002	60.060	5
2026-01-07 10:00	60.055	60.205	60.002	60.202	5
2026-01-07 10:05	60.200	60.205	60.115	60.162	5
2026-01-07 10:10	60.175	60.185	60.132	60.165	5
2026-01-07 10:15	60.175	60.305	60.162	60.292	5
2026-01-07 10:20	60.305	60.412	60.290	60.400	5
2026-01-07 10:25	60.395	60.420	60.312	60.322	5
2026-01-07 10:30	60.315	60.415	60.255	60.415	5
2026-01-07 10:35	60.395	60.435	60.340	60.362	5
2026-01-07 10:40	60.367	60.455	60.365	60.445	5
2026-01-07 10:45	60.455	60.475	60.382	60.455	5
2026-01-07 10:50	60.465	60.515	60.442	60.510	5
2026-01-07 10:55	60.502	60.595	60.500	60.575	5
2026-01-07 11:00	60.550	60.595	60.502	60.582	5
2026-01-07 11:05	60.575	60.675	60.542	60.670	5
2026-01-07 11:10	60.675	60.705	60.585	60.595	5
2026-01-07 11:15	60.605	60.605	60.532	60.545	5
2026-01-07 11:20	60.550	60.565	60.512	60.512	5
2026-01-07 11:25	60.525	60.595	60.502	60.582	5
2026-01-07 11:30	60.575	60.620	60.537	60.570	5
2026-01-07 11:35	60.572	60.572	60.502	60.522	5
2026-01-07 11:40	60.532	60.540	60.452	60.495	5
2026-01-07 11:45	60.505	60.515	60.437	60.472	5
2026-01-07 11:50	60.485	60.515	60.472	60.487	5
2026-01-07 11:55	60.505	60.535	60.490	60.522	5
2026-01-07 12:00	60.535	60.552	60.482	60.542	4
2026-01-07 12:05	60.540	60.540	60.475	60.485	5
2026-01-07 12:10	60.495	60.505	60.452	60.482	5
2026-01-07 12:15	60.475	60.505	60.432	60.482	5
2026-01-07 12:20	60.495	60.545	60.472	60.532	5
2026-01-07 12:25	60.545	60.605	60.522	60.570	5
2026-01-07 12:30	60.572	60.755	60.562	60.642	5
2026-01-07 12:35	60.655	60.705	60.625	60.695	5
2026-01-07 12:40	60.685	60.735	60.672	60.722	5
2026-01-07 12:45	60.730	60.795	60.725	60.752	5
2026-01-07 12:50	60.745	60.780	60.735	60.775	5
2026-01-07 12:55	60.775	60.815	60.770	60.772	5
2026-01-07 13:00	60.762	60.815	60.682	60.802	5
2026-01-07 13:05	60.815	60.825	60.762	60.797	5
2026-01-07 13:10	60.805	60.835	60.742	60.822	5
2026-01-07 13:15	60.815	60.865	60.800	60.812	5
2026-01-07 13:20	60.810	60.905	60.710	60.745	5
2026-01-07 13:25	60.725	60.735	60.385	60.480	5
2026-01-07 13:30	60.472	60.575	60.422	60.525	5
2026-01-07 13:35	60.535	60.685	60.500	60.670	5
2026-01-07 13:40	60.665	60.715	60.645	60.647	5
2026-01-07 13:45	60.655	60.655	60.550	60.632	5
2026-01-07 13:50	60.640	60.785	60.640	60.772	5
2026-01-07 13:55	60.765	60.775	60.682	60.722	5
2026-01-07 14:00	60.718	60.738	60.582	60.647	5
2026-01-07 14:05	60.655	60.805	60.652	60.755	5
2026-01-07 14:10	60.742	60.785	60.672	60.675	5
2026-01-07 14:15	60.665	60.675	60.482	60.502	5
2026-01-07 14:20	60.500	60.500	60.362	60.412	5
2026-01-07 14:25	60.420	60.425	60.352	60.405	5
2026-01-07 14:30	60.398	60.485	60.335	60.372	5
2026-01-07 14:35	60.395	60.450	60.252	60.275	5
2026-01-07 14:40	60.262	60.325	60.162	60.322	5
2026-01-07 14:45	60.330	60.355	60.292	60.332	5
2026-01-07 14:50	60.325	60.435	60.312	60.352	5
2026-01-07 14:55	60.360	60.402	60.312	60.340	5
2026-01-07 15:00	60.338	60.345	60.175	60.182	5
2026-01-07 15:05	60.195	60.280	60.182	60.262	5
2026-01-07 15:10	60.252	60.265	60.200	60.245	5
2026-01-07 15:15	60.240	60.265	60.162	60.232	5
2026-01-07 15:20	60.255	60.255	60.162	60.202	5
2026-01-07 15:25	60.195	60.255	60.162	60.240	5
2026-01-07 15:30	60.233	60.295	60.155	60.252	5
2026-01-07 15:35	60.245	60.255	60.093	60.182	5
2026-01-07 15:40	60.195	60.285	60.122	60.267	5
2026-01-07 15:45	60.265	60.465	60.265	60.422	5
2026-01-07 15:50	60.420	60.475	60.372	60.405	5
2026-01-07 15:55	60.395	60.405	60.252	60.260	5
2026-01-07 16:00	60.265	60.280	60.172	60.265	5
2026-01-07 16:05	60.275	60.305	60.202	60.282	5
2026-01-07 16:10	60.275	60.305	60.230	60.292	5
2026-01-07 16:15	60.285	60.290	60.192	60.217	5
2026-01-07 16:20	60.230	60.395	60.222	60.392	5
2026-01-07 16:25	60.385	60.415	60.302	60.315	5
2026-01-07 16:30	60.312	60.335	60.202	60.215	5
2026-01-07 16:35	60.220	60.225	60.102	60.142	5
2026-01-07 16:40	60.135	60.205	60.112	60.182	5
2026-01-07 16:45	60.172	60.185	60.112	60.122	5
2026-01-07 16:50	60.115	60.145	60.052	60.145	5
2026-01-07 16:55	60.135	60.145	60.032	60.032	5
2026-01-07 17:00	60.035	60.070	60.005	60.035	5
2026-01-07 17:05	60.032	60.075	59.942	59.942	5
2026-01-07 17:10	59.955	59.965	59.855	59.922	5
2026-01-07 17:15	59.930	60.015	59.930	59.980	5
2026-01-07 17:20	59.975	59.975	59.920	59.950	5
2026-01-07 17:25	59.955	59.955	59.882	59.902	5
2026-01-07 17:30	59.915	59.955	59.892	59.932	5
2026-01-07 17:35	59.945	59.965	59.892	59.907	5
2026-01-07 17:40	59.910	59.915	59.812	59.882	5
2026-01-07 17:45	59.875	59.915	59.862	59.862	5
2026-01-07 17:50	59.860	59.885	59.802	59.852	5
2026-01-07 17:55	59.845	59.872	59.810	59.815	5
2026-01-07 18:00	59.812	59.865	59.792	59.832	5
2026-01-07 18:05	59.845	59.875	59.822	59.842	5
2026-01-07 18:10	59.850	59.905	59.822	59.885	5
2026-01-07 18:15	59.895	59.905	59.855	59.872	5
2026-01-07 18:20	59.865	59.895	59.845	59.895	5
2026-01-07 18:25	59.900	59.905	59.852	59.875	5
2026-01-07 18:30	59.885	59.885	59.832	59.862	5
2026-01-07 18:35	59.860	59.935	59.842	59.912	5
2026-01-07 18:40	59.935	59.945	59.855	59.865	5
2026-01-07 18:45	59.875	59.905	59.862	59.872	5
2026-01-07 18:50	59.865	59.915	59.852	59.885	5
2026-01-07 18:55	59.895	59.935	59.882	59.925	5
2026-01-07 19:00	59.915	59.995	59.915	59.972	5
2026-01-07 19:05	59.985	60.005	59.912	59.922	5
2026-01-07 19:10	59.912	59.975	59.902	59.907	5
2026-01-07 19:15	59.905	59.955	59.882	59.932	5
2026-01-07 19:20	59.925	59.975	59.922	59.972	5
2026-01-07 19:25	59.965	59.975	59.912	59.932	5
2026-01-07 19:30	59.945	60.045	59.932	60.032	5
2026-01-07 19:35	60.025	60.175	60.022	60.162	5
2026-01-07 19:40	60.175	60.175	60.088	60.112	5
2026-01-07 19:45	60.125	60.190	60.095	60.172	4
2026-01-07 19:50	60.182	60.245	60.160	60.165	5
2026-01-07 19:55	60.175	60.175	60.127	60.162	5
2026-01-07 20:00	60.175	60.225	60.155	60.207	5
2026-01-07 20:05	60.205	60.215	60.152	60.170	5
2026-01-07 20:10	60.165	60.175	60.095	60.155	5
2026-01-07 20:15	60.145	60.145	60.092	60.125	5
2026-01-07 20:20	60.120	60.165	60.120	60.155	5
2026-01-07 20:25	60.145	60.185	60.140	60.182	5
2026-01-07 20:30	60.175	60.175	60.102	60.105	5
2026-01-07 20:35	60.110	60.145	60.092	60.142	4
2026-01-07 20:40	60.155	60.215	60.152	60.202	5
2026-01-07 20:45	60.215	60.240	60.212	60.232	3
2026-01-07 20:50	60.225	60.255	60.212	60.242	5
2026-01-07 20:55	60.240	60.275	60.232	60.265	4
2026-01-07 21:00	60.242	60.272	60.222	60.242	5
2026-01-07 21:05	60.252	60.272	60.242	60.262	5
2026-01-07 21:10	60.262	60.302	60.262	60.292	5
2026-01-07 21:15	60.292	60.302	60.282	60.282	5
2026-01-07 21:20	60.282	60.287	60.262	60.262	5
2026-01-07 21:25	60.262	60.272	60.242	60.252	5
2026-01-07 21:30	60.242	60.283	60.242	60.268	5
2026-01-07 21:35	60.273	60.288	60.268	60.288	5
2026-01-07 21:40	60.283	60.288	60.268	60.273	5
2026-01-07 21:45	60.268	60.273	60.243	60.268	4
2026-01-07 21:50	60.288	60.338	60.287	60.318	5
2026-01-07 21:55	60.323	60.358	60.318	60.353	5
2026-01-08 01:00	60.270	60.372	60.245	60.325	5
2026-01-08 01:05	60.320	60.365	60.302	60.332	5
2026-01-08 01:10	60.325	60.335	60.302	60.317	5
2026-01-08 01:15	60.322	60.375	60.312	60.362	5
2026-01-08 01:20	60.370	60.375	60.352	60.352	5
2026-01-08 01:25	60.365	60.375	60.327	60.355	5
2026-01-08 01:30	60.342	60.360	60.312	60.352	5
2026-01-08 01:35	60.345	60.372	60.337	60.365	4
2026-01-08 01:40	60.352	60.365	60.342	60.355	4
2026-01-08 01:45	60.360	60.415	60.360	60.405	5
2026-01-08 01:50	60.415	60.425	60.372	60.372	4
2026-01-08 01:55	60.385	60.415	60.377	60.400	5
2026-01-08 02:00	60.405	60.405	60.240	60.312	5
2026-01-08 02:05	60.318	60.325	60.282	60.307	5
2026-01-08 02:10	60.305	60.330	60.285	60.312	4
2026-01-08 02:15	60.320	60.355	60.312	60.345	5
2026-01-08 02:20	60.340	60.342	60.308	60.320	4
2026-01-08 02:25	60.325	60.325	60.292	60.292	4
2026-01-08 02:30	60.285	60.285	60.182	60.182	5
2026-01-08 02:35	60.195	60.195	60.145	60.155	5
2026-01-08 02:40	60.165	60.185	60.137	60.165	5
2026-01-08 02:45	60.160	60.195	60.120	60.132	5
2026-01-08 02:50	60.145	60.215	60.145	60.162	5
2026-01-08 02:55	60.167	60.197	60.167	60.185	5
2026-01-08 03:00	60.190	60.192	60.132	60.142	5
2026-01-08 03:05	60.155	60.165	60.110	60.165	5
2026-01-08 03:10	60.157	60.167	60.127	60.137	5
2026-01-08 03:15	60.135	60.145	60.102	60.132	5
2026-01-08 03:20	60.140	60.175	60.115	60.172	5
2026-01-08 03:25	60.170	60.225	60.170	60.220	5
2026-01-08 03:30	60.212	60.225	60.167	60.180	5
2026-01-08 03:35	60.172	60.180	60.170	60.180	5
2026-01-08 03:40	60.175	60.180	60.173	60.180	5
2026-01-08 03:45	60.175	60.210	60.175	60.205	5
2026-01-08 03:50	60.200	60.220	60.192	60.220	4
2026-01-08 03:55	60.225	60.245	60.222	60.232	5
2026-01-08 04:00	60.230	60.232	60.207	60.207	5
2026-01-08 04:05	60.215	60.215	60.185	60.197	5
2026-01-08 04:10	60.195	60.215	60.192	60.205	4
2026-01-08 04:15	60.197	60.240	60.197	60.237	5
2026-01-08 04:20	60.250	60.265	60.247	60.253	4
2026-01-08 04:25	60.285	60.285	60.262	60.280	5
2026-01-08 04:30	60.275	60.290	60.268	60.272	5
2026-01-08 04:35	60.268	60.300	60.268	60.300	5
2026-01-08 04:40	60.302	60.302	60.262	60.262	3
2026-01-08 04:45	60.255	60.275	60.242	60.268	2
2026-01-08 04:50	60.270	60.275	60.262	60.265	4
2026-01-08 04:55	60.255	60.265	60.248	60.255	3
2026-01-08 05:00	60.245	60.267	60.242	60.267	5
2026-01-08 05:05	60.272	60.272	60.252	60.265	5
2026-01-08 05:10	60.260	60.310	60.255	60.295	3
2026-01-08 05:15	60.290	60.295	60.272	60.285	5
2026-01-08 05:20	60.280	60.295	60.272	60.272	5
2026-01-08 05:25	60.285	60.285	60.252	60.252	5
2026-01-08 05:30	60.262	60.262	60.215	60.235	5
2026-01-08 05:35	60.222	60.250	60.212	60.240	5
2026-01-08 05:40	60.245	60.260	60.200	60.212	5
2026-01-08 05:45	60.217	60.235	60.202	60.220	5
2026-01-08 05:50	60.222	60.245	60.195	60.200	5
2026-01-08 05:55	60.202	60.252	60.197	60.235	5
2026-01-08 06:00	60.237	60.237	60.167	60.167	5
2026-01-08 06:05	60.162	60.170	60.135	60.147	5
2026-01-08 06:10	60.145	60.152	60.090	60.100	5
2026-01-08 06:15	60.102	60.122	60.095	60.122	5
2026-01-08 06:20	60.118	60.118	60.067	60.070	5
2026-01-08 06:25	60.072	60.125	60.062	60.125	5
2026-01-08 06:30	60.120	60.185	60.110	60.172	5
2026-01-08 06:35	60.185	60.220	60.180	60.192	5
2026-01-08 06:40	60.185	60.195	60.182	60.195	5
2026-01-08 06:45	60.185	60.212	60.172	60.212	5
2026-01-08 06:50	60.210	60.235	60.192	60.202	5
2026-01-08 06:55	60.197	60.245	60.197	60.245	5
2026-01-08 07:00	60.222	60.245	60.192	60.192	5
2026-01-08 07:05	60.190	60.215	60.182	60.215	5
2026-01-08 07:10	60.225	60.265	60.225	60.257	5
2026-01-08 07:15	60.255	60.255	60.210	60.210	5
2026-01-08 07:20	60.215	60.225	60.182	60.202	5
2026-01-08 07:25	60.200	60.215	60.165	60.195	5
2026-01-08 07:30	60.190	60.215	60.150	60.162	5
2026-01-08 07:35	60.157	60.205	60.135	60.152	5
2026-01-08 07:40	60.145	60.155	60.112	60.142	5
2026-01-08 07:45	60.140	60.165	60.095	60.115	5
2026-01-08 07:50	60.120	60.185	60.112	60.172	5
2026-01-08 07:55	60.155	60.155	60.102	60.140	5
2026-01-08 08:00	60.128	60.140	60.015	60.080	5
2026-01-08 08:05	60.085	60.145	60.062	60.082	5
2026-01-08 08:10	60.072	60.105	60.032	60.052	5
2026-01-08 08:15	60.060	60.110	60.032	60.045	5
2026-01-08 08:20	60.055	60.125	60.045	60.105	5
2026-01-08 08:25	60.110	60.125	60.032	60.055	5
2026-01-08 08:30	60.052	60.122	59.972	59.975	5
2026-01-08 08:35	59.965	60.025	59.942	60.022	5
2026-01-08 08:40	60.040	60.065	60.012	60.052	5
2026-01-08 08:45	60.045	60.055	59.982	60.040	5
2026-01-08 08:50	60.032	60.075	60.012	60.062	5
2026-01-08 08:55	60.070	60.155	60.070	60.142	5
2026-01-08 09:00	60.125	60.132	60.020	60.032	5
2026-01-08 09:05	60.025	60.140	60.012	60.087	5
2026-01-08 09:10	60.105	60.235	60.092	60.225	5
2026-01-08 09:15	60.215	60.295	60.212	60.295	5
2026-01-08 09:20	60.290	60.295	60.172	60.195	5
2026-01-08 09:25	60.185	60.235	60.135	60.222	5
2026-01-08 09:30	60.227	60.285	60.222	60.265	5
2026-01-08 09:35	60.260	60.345	60.235	60.342	4
2026-01-08 09:40	60.335	60.405	60.332	60.392	5
2026-01-08 09:45	60.405	60.425	60.372	60.420	5
2026-01-08 09:50	60.415	60.455	60.382	60.455	5
2026-01-08 09:55	60.445	60.465	60.372	60.375	5
2026-01-08 10:00	60.365	60.395	60.342	60.365	5
2026-01-08 10:05	60.375	60.465	60.362	60.422	5
2026-01-08 10:10	60.420	60.525	60.415	60.505	5
2026-01-08 10:15	60.515	60.515	60.452	60.492	5
2026-01-08 10:20	60.505	60.555	60.482	60.482	5
2026-01-08 10:25	60.475	60.510	60.452	60.495	5
2026-01-08 10:30	60.505	60.525	60.462	60.512	5
2026-01-08 10:35	60.517	60.540	60.500	60.522	5
2026-01-08 10:40	60.535	60.575	60.512	60.560	5
2026-01-08 10:45	60.555	60.645	60.552	60.582	5
2026-01-08 10:50	60.590	60.645	60.562	60.632	5
2026-01-08 10:55	60.645	60.665	60.602	60.612	5
2026-01-08 11:00	60.605	60.605	60.562	60.592	5
2026-01-08 11:05	60.605	60.620	60.532	60.615	5
2026-01-08 11:10	60.617	60.645	60.612	60.612	4
2026-01-08 11:15	60.605	60.650	60.592	60.642	5
2026-01-08 11:20	60.640	60.650	60.612	60.645	5
2026-01-08 11:25	60.635	60.655	60.602	60.642	5
2026-01-08 11:30	60.650	60.665	60.622	60.652	4
2026-01-08 11:35	60.660	60.825	60.655	60.782	5
2026-01-08 11:40	60.790	60.805	60.742	60.762	5
2026-01-08 11:45	60.775	60.775	60.702	60.752	5
2026-01-08 11:50	60.745	60.805	60.742	60.792	4
2026-01-08 11:55	60.785	60.812	60.772	60.792	4
2026-01-08 12:00	60.788	60.835	60.762	60.812	5
2026-01-08 12:05	60.810	60.845	60.762	60.772	5
2026-01-08 12:10	60.770	60.825	60.752	60.802	5
2026-01-08 12:15	60.815	60.815	60.765	60.772	5
2026-01-08 12:20	60.785	60.812	60.750	60.762	5
2026-01-08 12:25	60.760	60.815	60.737	60.800	5
2026-01-08 12:30	60.802	60.855	60.792	60.845	5
2026-01-08 12:35	60.840	60.905	60.822	60.892	5
2026-01-08 12:40	60.885	60.935	60.872	60.912	5
2026-01-08 12:45	60.925	60.935	60.872	60.912	5
2026-01-08 12:50	60.920	60.925	60.892	60.905	5
2026-01-08 12:55	60.907	60.935	60.852	60.935	5
2026-01-08 13:00	60.915	60.925	60.822	60.925	5
2026-01-08 13:05	60.935	60.965	60.882	60.942	5
2026-01-08 13:10	60.950	60.952	60.900	60.922	5
2026-01-08 13:15	60.935	60.952	60.895	60.907	5
2026-01-08 13:20	60.905	61.015	60.882	60.912	5
2026-01-08 13:25	60.925	60.950	60.897	60.945	5
2026-01-08 13:30	60.955	61.165	60.952	61.155	5
2026-01-08 13:35	61.152	61.175	61.102	61.160	5
2026-01-08 13:40	61.165	61.215	61.142	61.172	5
2026-01-08 13:45	61.185	61.185	61.122	61.152	5
2026-01-08 13:50	61.145	61.155	61.012	61.052	5
2026-01-08 13:55	61.045	61.125	61.012	61.122	5
2026-01-08 14:00	61.115	61.155	61.042	61.057	5
2026-01-08 14:05	61.055	61.155	61.042	61.122	5
2026-01-08 14:10	61.115	61.155	61.092	61.135	5
2026-01-08 14:15	61.140	61.245	61.125	61.212	5
2026-01-08 14:20	61.205	61.212	61.062	61.145	5
2026-01-08 14:25	61.140	61.155	61.102	61.127	5
2026-01-08 14:30	61.135	61.245	61.080	61.230	5
2026-01-08 14:35	61.235	61.255	61.190	61.212	5
2026-01-08 14:40	61.210	61.225	61.122	61.125	5
2026-01-08 14:45	61.118	61.145	61.082	61.092	5
2026-01-08 14:50	61.105	61.105	60.982	61.012	5
2026-01-08 14:55	61.025	61.035	60.965	61.012	5
2026-01-08 15:00	61.008	61.042	60.982	61.022	5
2026-01-08 15:05	61.030	61.105	60.995	61.070	5
2026-01-08 15:10	61.065	61.095	61.022	61.052	5
2026-01-08 15:15	61.050	61.055	60.912	60.922	5
2026-01-08 15:20	60.935	60.942	60.882	60.915	5
2026-01-08 15:25	60.905	60.975	60.902	60.925	5
2026-01-08 15:30	60.912	60.955	60.882	60.902	5
2026-01-08 15:35	60.895	60.935	60.872	60.910	5
2026-01-08 15:40	60.905	60.965	60.892	60.932	5
2026-01-08 15:45	60.925	60.970	60.867	60.882	5
2026-01-08 15:50	60.865	60.935	60.842	60.912	5
2026-01-08 15:55	60.925	60.965	60.912	60.955	5
2026-01-08 16:00	60.948	61.075	60.942	61.072	5
2026-01-08 16:05	61.065	61.165	61.060	61.102	5
2026-01-08 16:10	61.095	61.135	61.080	61.125	5
2026-01-08 16:15	61.127	61.175	61.115	61.152	5
2026-01-08 16:20	61.165	61.165	61.102	61.142	5
2026-01-08 16:25	61.132	61.135	61.072	61.095	5
2026-01-08 16:30	61.105	61.165	61.072	61.142	5
2026-01-08 16:35	61.155	61.175	61.125	61.165	5
2026-01-08 16:40	61.155	61.235	61.142	61.212	5
2026-01-08 16:45	61.225	61.265	61.162	61.162	5
2026-01-08 16:50	61.155	61.195	61.122	61.165	5
2026-01-08 16:55	61.170	61.215	61.152	61.185	5
2026-01-08 17:00	61.178	61.245	61.162	61.235	5
2026-01-08 17:05	61.230	61.275	61.222	61.272	5
2026-01-08 17:10	61.265	61.330	61.262	61.312	5
2026-01-08 17:15	61.295	61.335	61.292	61.322	5
2026-01-08 17:20	61.315	61.315	61.270	61.302	5
2026-01-08 17:25	61.307	61.345	61.292	61.332	5
2026-01-08 17:30	61.345	61.355	61.302	61.332	5
2026-01-08 17:35	61.325	61.505	61.322	61.442	5
2026-01-08 17:40	61.435	61.475	61.382	61.382	5
2026-01-08 17:45	61.390	61.415	61.380	61.382	5
2026-01-08 17:50	61.395	61.425	61.372	61.402	5
2026-01-08 17:55	61.410	61.435	61.392	61.432	5
2026-01-08 18:00	61.442	61.495	61.412	61.472	5
2026-01-08 18:05	61.465	61.475	61.442	61.472	5
2026-01-08 18:10	61.470	61.485	61.442	61.462	5
2026-01-08 18:15	61.455	61.555	61.452	61.552	5
2026-01-08 18:20	61.545	61.595	61.542	61.575	5
2026-01-08 18:25	61.570	61.605	61.555	61.565	5
2026-01-08 18:30	61.575	61.575	61.512	61.542	5
2026-01-08 18:35	61.535	61.615	61.532	61.610	5
2026-01-08 18:40	61.615	61.752	61.615	61.692	5
2026-01-08 18:45	61.700	61.825	61.700	61.822	5
2026-01-08 18:50	61.815	61.845	61.800	61.832	5
2026-01-08 18:55	61.845	61.848	61.782	61.842	5
2026-01-08 19:00	61.835	61.835	61.705	61.782	5
2026-01-08 19:05	61.775	61.795	61.702	61.782	5
2026-01-08 19:10	61.795	61.835	61.770	61.782	5
2026-01-08 19:15	61.795	61.825	61.765	61.820	5
2026-01-08 19:20	61.815	61.932	61.812	61.925	5
2026-01-08 19:25	61.915	61.995	61.885	61.985	5
2026-01-08 19:30	61.975	62.045	61.952	62.002	5
2026-01-08 19:35	62.015	62.190	62.012	62.182	5
2026-01-08 19:40	62.195	62.235	62.170	62.225	5
2026-01-08 19:45	62.220	62.435	62.192	62.420	5
2026-01-08 19:50	62.415	62.490	62.412	62.445	5
2026-01-08 19:55	62.435	62.435	62.332	62.412	5
2026-01-08 20:00	62.425	62.565	62.422	62.522	5
2026-01-08 20:05	62.515	62.530	62.455	62.502	5
2026-01-08 20:10	62.495	62.535	62.485	62.522	5
2026-01-08 20:15	62.520	62.565	62.512	62.565	5
2026-01-08 20:20	62.555	62.615	62.532	62.605	5
2026-01-08 20:25	62.595	62.655	62.572	62.642	5
2026-01-08 20:30	62.635	62.725	62.605	62.692	5
2026-01-08 20:35	62.685	62.775	62.682	62.692	5
2026-01-08 20:40	62.705	62.842	62.692	62.820	5
2026-01-08 20:45	62.815	62.975	62.802	62.900	5
2026-01-08 20:50	62.905	62.950	62.842	62.930	5
2026-01-08 20:55	62.935	62.975	62.882	62.885	5
2026-01-08 21:00	62.878	62.888	62.808	62.813	5
2026-01-08 21:05	62.808	62.838	62.788	62.803	5
2026-01-08 21:10	62.808	62.858	62.788	62.798	5
2026-01-08 21:15	62.803	62.888	62.803	62.883	5
2026-01-08 21:20	62.878	62.998	62.878	62.898	5
2026-01-08 21:25	62.893	62.923	62.878	62.888	5
2026-01-08 21:30	62.883	62.898	62.843	62.843	5
2026-01-08 21:35	62.838	62.838	62.668	62.678	5
2026-01-08 21:40	62.673	62.688	62.633	62.688	5
2026-01-08 21:45	62.693	62.748	62.663	62.688	5
2026-01-08 21:50	62.673	62.763	62.668	62.693	5
2026-01-08 21:55	62.688	62.723	62.653	62.698	5
2026-01-09 01:00	62.558	62.565	62.310	62.372	5
2026-01-09 01:05	62.380	62.425	62.315	62.345	5
2026-01-09 01:10	62.355	62.365	62.302	62.312	5
2026-01-09 01:15	62.325	62.345	62.242	62.242	5
2026-01-09 01:20	62.250	62.355	62.242	62.322	5
2026-01-09 01:25	62.330	62.412	62.322	62.355	5
2026-01-09 01:30	62.360	62.375	62.265	62.285	5
2026-01-09 01:35	62.295	62.305	62.265	62.282	5
2026-01-09 01:40	62.275	62.305	62.252	62.282	5
2026-01-09 01:45	62.305	62.325	62.292	62.307	5
2026-01-09 01:50	62.315	62.365	62.315	62.345	5
2026-01-09 01:55	62.350	62.375	62.340	62.370	5
2026-01-09 02:00	62.375	62.435	62.362	62.420	5
2026-01-09 02:05	62.412	62.445	62.392	62.412	5
2026-01-09 02:10	62.405	62.405	62.360	62.372	5
2026-01-09 02:15	62.385	62.425	62.377	62.425	5
2026-01-09 02:20	62.430	62.455	62.392	62.392	5
2026-01-09 02:25	62.390	62.405	62.362	62.392	5
2026-01-09 02:30	62.405	62.425	62.372	62.402	5
2026-01-09 02:35	62.400	62.410	62.365	62.405	5
2026-01-09 02:40	62.395	62.415	62.382	62.415	5
2026-01-09 02:45	62.405	62.435	62.392	62.412	4
2026-01-09 02:50	62.410	62.435	62.372	62.372	5
2026-01-09 02:55	62.365	62.425	62.352	62.405	5
2026-01-09 03:00	62.415	62.415	62.372	62.372	5
2026-01-09 03:05	62.370	62.375	62.322	62.345	5
2026-01-09 03:10	62.350	62.362	62.332	62.332	4
2026-01-09 03:15	62.340	62.345	62.292	62.312	5
2026-01-09 03:20	62.320	62.340	62.272	62.280	5
2026-01-09 03:25	62.275	62.315	62.267	62.300	5
2026-01-09 03:30	62.292	62.302	62.265	62.295	5
2026-01-09 03:35	62.300	62.335	62.285	62.315	4
2026-01-09 03:40	62.325	62.335	62.320	62.322	2
2026-01-09 03:45	62.335	62.345	62.312	62.322	5
2026-01-09 03:50	62.315	62.345	62.312	62.332	5
2026-01-09 03:55	62.330	62.365	62.328	62.362	5
2026-01-09 04:00	62.370	62.390	62.307	62.320	5
2026-01-09 04:05	62.305	62.355	62.302	62.345	5
2026-01-09 04:10	62.355	62.372	62.350	62.362	4
2026-01-09 04:15	62.375	62.375	62.372	62.372	1
2026-01-09 04:20	62.365	62.400	62.365	62.390	5
2026-01-09 04:25	62.382	62.392	62.382	62.382	3
2026-01-09 04:30	62.390	62.410	62.390	62.400	4
2026-01-09 04:35	62.392	62.410	62.392	62.410	5
2026-01-09 04:40	62.402	62.445	62.402	62.435	5
2026-01-09 04:45	62.440	62.442	62.412	62.420	5
2026-01-09 04:50	62.412	62.415	62.382	62.412	5
2026-01-09 04:55	62.408	62.425	62.408	62.412	3
2026-01-09 05:00	62.425	62.425	62.362	62.367	5
2026-01-09 05:05	62.365	62.375	62.350	62.355	5
2026-01-09 05:10	62.357	62.375	62.342	62.375	4
2026-01-09 05:15	62.362	62.370	62.352	62.365	5
2026-01-09 05:20	62.370	62.370	62.332	62.345	5
2026-01-09 05:25	62.350	62.375	62.342	62.375	4
2026-01-09 05:30	62.370	62.475	62.365	62.472	5
2026-01-09 05:35	62.465	62.470	62.422	62.452	5
2026-01-09 05:40	62.460	62.465	62.422	62.422	5
2026-01-09 05:45	62.430	62.450	62.422	62.432	5
2026-01-09 05:50	62.440	62.440	62.405	62.420	4
2026-01-09 05:55	62.415	62.420	62.400	62.410	5
2026-01-09 06:00	62.415	62.455	62.400	62.445	5
2026-01-09 06:05	62.450	62.455	62.430	62.452	4
2026-01-09 06:10	62.445	62.475	62.442	62.472	5
2026-01-09 06:15	62.470	62.525	62.455	62.520	5
2026-01-09 06:20	62.525	62.525	62.490	62.522	5
2026-01-09 06:25	62.540	62.605	62.532	62.582	5
2026-01-09 06:30	62.575	62.615	62.542	62.605	5
2026-01-09 06:35	62.610	62.635	62.597	62.625	5
2026-01-09 06:40	62.615	62.622	62.562	62.575	5
2026-01-09 06:45	62.585	62.635	62.572	62.600	5
2026-01-09 06:50	62.595	62.605	62.552	62.592	5
2026-01-09 06:55	62.590	62.622	62.582	62.612	5
2026-01-09 07:00	62.625	62.705	62.612	62.695	5
2026-01-09 07:05	62.700	62.770	62.692	62.735	5
2026-01-09 07:10	62.732	62.732	62.652	62.685	5
2026-01-09 07:15	62.695	62.725	62.682	62.725	5
2026-01-09 07:20	62.722	62.805	62.720	62.765	5
2026-01-09 07:25	62.755	62.815	62.732	62.782	5
2026-01-09 07:30	62.795	62.810	62.745	62.750	5
2026-01-09 07:35	62.752	62.755	62.702	62.725	5
2026-01-09 07:40	62.715	62.715	62.662	62.672	5
2026-01-09 07:45	62.670	62.685	62.617	62.632	4
2026-01-09 07:50	62.645	62.645	62.552	62.552	5
2026-01-09 07:55	62.550	62.585	62.508	62.585	5
2026-01-09 08:00	62.590	62.595	62.442	62.492	5
2026-01-09 08:05	62.505	62.540	62.480	62.512	5
2026-01-09 08:10	62.525	62.525	62.412	62.470	5
2026-01-09 08:15	62.465	62.520	62.442	62.455	5
2026-01-09 08:20	62.465	62.495	62.437	62.475	5
2026-01-09 08:25	62.472	62.505	62.415	62.432	5
2026-01-09 08:30	62.427	62.565	62.427	62.542	5
2026-01-09 08:35	62.555	62.575	62.502	62.525	5
2026-01-09 08:40	62.520	62.535	62.462	62.492	5
2026-01-09 08:45	62.485	62.565	62.482	62.512	5
2026-01-09 08:50	62.510	62.525	62.412	62.420	5
2026-01-09 08:55	62.425	62.495	62.402	62.412	5
2026-01-09 09:00	62.418	62.500	62.418	62.487	5
2026-01-09 09:05	62.482	62.535	62.472	62.492	5
2026-01-09 09:10	62.485	62.495	62.392	62.420	5
2026-01-09 09:15	62.415	62.425	62.272	62.312	5
2026-01-09 09:20	62.325	62.365	62.302	62.312	5
2026-01-09 09:25	62.305	62.330	62.150	62.162	5
2026-01-09 09:30	62.175	62.175	61.882	61.940	5
2026-01-09 09:35	61.935	61.965	61.860	61.895	5
2026-01-09 09:40	61.885	61.905	61.812	61.890	5
2026-01-09 09:45	61.885	62.035	61.875	62.022	5
2026-01-09 09:50	62.015	62.120	62.015	62.077	5
2026-01-09 09:55	62.085	62.165	62.072	62.142	5
2026-01-09 10:00	62.155	62.225	62.125	62.152	5
2026-01-09 10:05	62.150	62.185	62.095	62.102	5
2026-01-09 10:10	62.095	62.165	62.092	62.145	5
2026-01-09 10:15	62.132	62.265	62.100	62.240	5
2026-01-09 10:20	62.242	62.245	62.162	62.222	5
2026-01-09 10:25	62.235	62.265	62.115	62.115	5
2026-01-09 10:30	62.125	62.205	62.112	62.195	5
2026-01-09 10:35	62.205	62.300	62.192	62.252	5
2026-01-09 10:40	62.265	62.285	62.222	62.270	5
2026-01-09 10:45	62.265	62.275	62.222	62.252	5
2026-01-09 10:50	62.245	62.272	62.222	62.260	5
2026-01-09 10:55	62.252	62.325	62.242	62.312	5
2026-01-09 11:00	62.325	62.385	62.322	62.352	5
2026-01-09 11:05	62.360	62.445	62.360	62.435	5
2026-01-09 11:10	62.442	62.505	62.422	62.465	5
2026-01-09 11:15	62.455	62.475	62.422	62.442	5
2026-01-09 11:20	62.435	62.440	62.385	62.402	5
2026-01-09 11:25	62.415	62.455	62.385	62.437	5
2026-01-09 11:30	62.442	62.495	62.425	62.450	5
2026-01-09 11:35	62.455	62.550	62.455	62.505	5
2026-01-09 11:40	62.515	62.555	62.502	62.532	5
2026-01-09 11:45	62.545	62.545	62.492	62.525	5
2026-01-09 11:50	62.530	62.565	62.485	62.505	5
2026-01-09 11:55	62.500	62.565	62.500	62.522	5
2026-01-09 12:00	62.518	62.565	62.472	62.545	5
2026-01-09 12:05	62.555	62.565	62.495	62.502	5
2026-01-09 12:10	62.515	62.515	62.472	62.505	5
2026-01-09 12:15	62.515	62.545	62.472	62.475	5
2026-01-09 12:20	62.465	62.535	62.465	62.512	5
2026-01-09 12:25	62.510	62.555	62.502	62.512	5
2026-01-09 12:30	62.525	62.555	62.512	62.522	5
2026-01-09 12:35	62.530	62.535	62.462	62.502	5
2026-01-09 12:40	62.515	62.515	62.412	62.432	5
2026-01-09 12:45	62.445	62.475	62.395	62.425	5
2026-01-09 12:50	62.435	62.455	62.372	62.375	5
2026-01-09 12:55	62.385	62.432	62.362	62.362	5
2026-01-09 13:00	62.355	62.505	62.342	62.502	5
2026-01-09 13:05	62.495	62.495	62.382	62.392	5
2026-01-09 13:10	62.405	62.440	62.400	62.432	5
2026-01-09 13:15	62.425	62.425	62.342	62.362	5
2026-01-09 13:20	62.370	62.382	62.302	62.302	5
2026-01-09 13:25	62.295	62.375	62.272	62.345	5
2026-01-09 13:30	62.350	62.395	62.325	62.365	5
2026-01-09 13:35	62.355	62.372	62.212	62.222	5
2026-01-09 13:40	62.245	62.335	62.242	62.302	5
2026-01-09 13:45	62.315	62.415	62.272	62.405	5
2026-01-09 13:50	62.410	62.525	62.377	62.482	5
2026-01-09 13:55	62.475	62.485	62.422	62.465	5
2026-01-09 14:00	62.458	62.565	62.382	62.512	5
2026-01-09 14:05	62.520	62.635	62.515	62.630	5
2026-01-09 14:10	62.635	62.815	62.597	62.812	5
2026-01-09 14:15	62.810	63.225	62.810	63.202	5
2026-01-09 14:20	63.200	63.200	62.952	62.975	5
2026-01-09 14:25	62.970	63.015	62.862	62.992	5
2026-01-09 14:30	62.985	63.115	62.957	63.105	5
2026-01-09 14:35	63.095	63.245	63.085	63.222	5
2026-01-09 14:40	63.215	63.295	63.192	63.235	5
2026-01-09 14:45	63.218	63.305	63.177	63.295	5
2026-01-09 14:50	63.270	63.435	63.252	63.422	5
2026-01-09 14:55	63.415	63.435	63.282	63.320	5
2026-01-09 15:00	63.310	63.325	63.122	63.212	5
2026-01-09 15:05	63.222	63.225	63.062	63.102	5
2026-01-09 15:10	63.092	63.245	63.092	63.212	5
2026-01-09 15:15	63.210	63.255	63.152	63.195	5
2026-01-09 15:20	63.205	63.315	63.155	63.272	5
2026-01-09 15:25	63.265	63.415	63.230	63.400	5
2026-01-09 15:30	63.385	63.400	63.342	63.355	5
2026-01-09 15:35	63.342	63.440	63.282	63.422	5
2026-01-09 15:40	63.415	63.455	63.385	63.415	5
2026-01-09 15:45	63.408	63.495	63.382	63.465	5
2026-01-09 15:50	63.460	63.525	63.452	63.522	5
2026-01-09 15:55	63.535	63.625	63.522	63.562	5
2026-01-09 16:00	63.558	63.605	63.535	63.542	5
2026-01-09 16:05	63.540	63.542	63.415	63.520	5
2026-01-09 16:10	63.525	63.525	63.422	63.502	5
2026-01-09 16:15	63.500	63.520	63.442	63.465	5
2026-01-09 16:20	63.455	63.505	63.422	63.452	5
2026-01-09 16:25	63.457	63.655	63.457	63.612	5
2026-01-09 16:30	63.618	63.705	63.618	63.682	5
2026-01-09 16:35	63.675	63.695	63.622	63.662	5
2026-01-09 16:40	63.655	63.695	63.632	63.677	5
2026-01-09 16:45	63.695	63.755	63.682	63.745	5
2026-01-09 16:50	63.755	63.865	63.742	63.845	5
2026-01-09 16:55	63.835	63.905	63.812	63.872	5
2026-01-09 17:00	63.868	63.875	63.802	63.842	5
2026-01-09 17:05	63.850	63.855	63.802	63.845	5
2026-01-09 17:10	63.840	63.845	63.707	63.765	5
2026-01-09 17:15	63.775	63.795	63.712	63.722	5
2026-01-09 17:20	63.728	63.735	63.542	63.602	5
2026-01-09 17:25	63.595	63.595	63.512	63.512	5
2026-01-09 17:30	63.525	63.590	63.512	63.545	5
2026-01-09 17:35	63.555	63.565	63.495	63.532	5
2026-01-09 17:40	63.545	63.555	63.482	63.502	5
2026-01-09 17:45	63.512	63.545	63.472	63.540	5
2026-01-09 17:50	63.542	63.575	63.505	63.542	5
2026-01-09 17:55	63.535	63.585	63.487	63.552	5
2026-01-09 18:00	63.557	63.562	63.452	63.455	5
2026-01-09 18:05	63.460	63.465	63.392	63.415	5
2026-01-09 18:10	63.425	63.425	63.297	63.322	5
2026-01-09 18:15	63.315	63.332	63.268	63.305	5
2026-01-09 18:20	63.315	63.440	63.302	63.430	5
2026-01-09 18:25	63.425	63.485	63.402	63.432	5
2026-01-09 18:30	63.430	63.510	63.422	63.462	5
2026-01-09 18:35	63.475	63.505	63.432	63.490	5
2026-01-09 18:40	63.485	63.545	63.445	63.522	5
2026-01-09 18:45	63.535	63.585	63.515	63.562	5
2026-01-09 18:50	63.555	63.595	63.552	63.582	5
2026-01-09 18:55	63.590	63.635	63.585	63.620	5
2026-01-09 19:00	63.615	63.625	63.482	63.502	5
2026-01-09 19:05	63.495	63.555	63.472	63.522	5
2026-01-09 19:10	63.515	63.545	63.482	63.535	5
2026-01-09 19:15	63.525	63.535	63.492	63.522	5
2026-01-09 19:20	63.512	63.555	63.492	63.492	5
2026-01-09 19:25	63.485	63.495	63.262	63.292	5
2026-01-09 19:30	63.305	63.345	63.212	63.257	5
2026-01-09 19:35	63.252	63.252	63.192	63.232	5
2026-01-09 19:40	63.230	63.270	63.220	63.225	5
2026-01-09 19:45	63.215	63.235	63.185	63.195	5
2026-01-09 19:50	63.200	63.215	63.152	63.175	5
2026-01-09 19:55	63.165	63.208	63.152	63.165	5
2026-01-09 20:00	63.157	63.160	63.115	63.135	5
2026-01-09 20:05	63.125	63.165	63.112	63.155	5
2026-01-09 20:10	63.150	63.220	63.142	63.202	5
2026-01-09 20:15	63.195	63.200	63.132	63.135	5
2026-01-09 20:20	63.125	63.162	63.112	63.132	5
2026-01-09 20:25	63.145	63.165	63.140	63.155	5
2026-01-09 20:30	63.140	63.195	63.140	63.152	5
2026-01-09 20:35	63.160	63.162	63.095	63.095	5
2026-01-09 20:40	63.085	63.105	63.040	63.060	5
2026-01-09 20:45	63.055	63.092	63.032	63.052	5
2026-01-09 20:50	63.050	63.065	62.982	62.985	5
2026-01-09 20:55	62.995	63.020	62.962	62.995	5
2026-01-09 21:00	62.988	63.023	62.978	62.998	5
2026-01-09 21:05	62.988	63.003	62.978	62.978	5
2026-01-09 21:10	62.983	63.018	62.978	63.013	5
2026-01-09 21:15	63.008	63.018	62.998	63.018	5
2026-01-09 21:20	63.013	63.018	62.993	63.008	5
2026-01-09 21:25	63.018	63.048	63.018	63.038	5
2026-01-09 21:30	63.033	63.088	63.033	63.078	5
2026-01-09 21:35	63.068	63.128	63.023	63.023	5
2026-01-09 21:40	63.003	63.028	62.978	62.993	5
2026-01-09 21:45	62.998	62.998	62.928	62.968	5
2026-01-09 21:50	62.958	62.963	62.948	62.958	5
2026-01-09 21:55	62.953	62.992	62.948	62.977	5
2026-01-12 01:00	63.665	63.670	63.435	63.485	5
2026-01-12 01:05	63.480	63.480	63.295	63.340	5
2026-01-12 01:10	63.345	63.355	63.142	63.170	5
2026-01-12 01:15	63.172	63.237	63.132	63.222	5
2026-01-12 01:20	63.230	63.245	63.182	63.227	5
2026-01-12 01:25	63.232	63.305	63.207	63.282	5
2026-01-12 01:30	63.290	63.305	63.262	63.282	5
2026-01-12 01:35	63.295	63.385	62.992	63.087	5
2026-01-12 01:40	63.097	63.177	62.872	62.965	5
2026-01-12 01:45	62.970	63.060	62.882	62.940	5
2026-01-12 01:50	62.945	63.035	62.942	63.002	5
2026-01-12 01:55	62.995	63.040	62.965	62.990	5
2026-01-12 02:00	62.995	63.095	62.995	63.080	5
2026-01-12 02:05	63.082	63.205	63.082	63.182	5
2026-01-12 02:10	63.195	63.270	63.190	63.265	5
2026-01-12 02:15	63.255	63.275	63.227	63.272	5
2026-01-12 02:20	63.285	63.325	63.267	63.272	5
2026-01-12 02:25	63.280	63.290	63.165	63.170	5
2026-01-12 02:30	63.175	63.275	63.105	63.260	5
2026-01-12 02:35	63.255	63.335	63.242	63.335	5
2026-01-12 02:40	63.325	63.370	63.302	63.362	5
2026-01-12 02:45	63.375	63.405	63.355	63.372	5
2026-01-12 02:50	63.385	63.415	63.370	63.390	5
2026-01-12 02:55	63.385	63.395	63.362	63.372	5
2026-01-12 03:00	63.378	63.382	63.362	63.362	3
2026-01-12 03:05	63.375	63.400	63.372	63.395	5
2026-01-12 03:10	63.385	63.400	63.355	63.392	5
2026-01-12 03:15	63.405	63.405	63.362	63.382	5
2026-01-12 03:20	63.375	63.450	63.372	63.435	5
2026-01-12 03:25	63.430	63.430	63.375	63.402	5
2026-01-12 03:30	63.395	63.485	63.382	63.445	5
2026-01-12 03:35	63.440	63.475	63.432	63.470	5
2026-01-12 03:40	63.472	63.495	63.472	63.480	5
2026-01-12 03:45	63.485	63.495	63.432	63.432	5
2026-01-12 03:50	63.445	63.455	63.402	63.435	5
2026-01-12 03:55	63.428	63.428	63.387	63.392	4
2026-01-12 04:00	63.385	63.405	63.362	63.405	5
2026-01-12 04:05	63.410	63.485	63.410	63.452	5
2026-01-12 04:10	63.445	63.445	63.412	63.420	3
2026-01-12 04:15	63.422	63.437	63.407	63.435	5
2026-01-12 04:20	63.438	63.445	63.385	63.385	4
2026-01-12 04:25	63.390	63.395	63.360	63.382	5
2026-01-12 04:30	63.375	63.405	63.362	63.370	5
2026-01-12 04:35	63.362	63.382	63.358	63.372	5
2026-01-12 04:40	63.370	63.390	63.362	63.370	4
2026-01-12 04:45	63.382	63.400	63.370	63.400	5
2026-01-12 04:50	63.390	63.415	63.382	63.405	5
2026-01-12 04:55	63.400	63.420	63.400	63.412	3
2026-01-12 05:00	63.410	63.445	63.382	63.442	5
2026-01-12 05:05	63.438	63.467	63.432	63.442	5
2026-01-12 05:10	63.455	63.455	63.412	63.432	5
2026-01-12 05:15	63.440	63.442	63.427	63.427	5
2026-01-12 05:20	63.425	63.460	63.422	63.437	4
2026-01-12 05:25	63.430	63.440	63.410	63.440	4
2026-01-12 05:30	63.435	63.495	63.395	63.462	5
2026-01-12 05:35	63.455	63.460	63.402	63.435	5
2026-01-12 05:40	63.430	63.445	63.407	63.435	5
2026-01-12 05:45	63.440	63.455	63.377	63.377	5
2026-01-12 05:50	63.385	63.435	63.382	63.410	5
2026-01-12 05:55	63.415	63.515	63.410	63.502	5
2026-01-12 06:00	63.495	63.520	63.485	63.500	5
2026-01-12 06:05	63.495	63.495	63.455	63.472	5
2026-01-12 06:10	63.465	63.477	63.412	63.417	5
2026-01-12 06:15	63.425	63.425	63.392	63.410	5
2026-01-12 06:20	63.412	63.435	63.362	63.390	5
2026-01-12 06:25	63.405	63.465	63.382	63.432	5
2026-01-12 06:30	63.437	63.455	63.402	63.440	5
2026-01-12 06:35	63.435	63.465	63.412	63.460	5
2026-01-12 06:40	63.465	63.485	63.428	63.485	5
2026-01-12 06:45	63.475	63.488	63.452	63.487	5
2026-01-12 06:50	63.492	63.510	63.472	63.490	5
2026-01-12 06:55	63.485	63.502	63.422	63.440	5
2026-01-12 07:00	63.438	63.445	63.297	63.310	5
2026-01-12 07:05	63.315	63.315	63.232	63.265	5
2026-01-12 07:10	63.255	63.370	63.252	63.332	5
2026-01-12 07:15	63.340	63.357	63.315	63.352	5
2026-01-12 07:20	63.357	63.455	63.352	63.445	5
2026-01-12 07:25	63.455	63.455	63.292	63.320	5
2026-01-12 07:30	63.315	63.315	63.252	63.282	5
2026-01-12 07:35	63.280	63.285	63.232	63.240	5
2026-01-12 07:40	63.245	63.295	63.240	63.245	5
2026-01-12 07:45	63.240	63.275	63.212	63.215	5
2026-01-12 07:50	63.225	63.225	63.122	63.135	5
2026-01-12 07:55	63.140	63.160	63.102	63.155	5
2026-01-12 08:00	63.150	63.215	63.102	63.122	5
2026-01-12 08:05	63.135	63.220	63.122	63.202	5
2026-01-12 08:10	63.195	63.310	63.167	63.272	5
2026-01-12 08:15	63.285	63.315	63.202	63.272	5
2026-01-12 08:20	63.285	63.295	63.242	63.282	5
2026-01-12 08:25	63.295	63.295	63.172	63.185	5
2026-01-12 08:30	63.175	63.185	62.870	62.982	5
2026-01-12 08:35	62.990	63.035	62.872	63.025	5
2026-01-12 08:40	63.035	63.155	63.025	63.155	5
2026-01-12 08:45	63.165	63.220	63.122	63.215	5
2026-01-12 08:50	63.225	63.355	63.212	63.252	5
2026-01-12 08:55	63.240	63.240	63.132	63.155	5
2026-01-12 09:00	63.135	63.185	63.050	63.082	5
2026-01-12 09:05	63.090	63.105	63.050	63.105	5
2026-01-12 09:10	63.095	63.105	63.042	63.052	5
2026-01-12 09:15	63.050	63.065	62.982	63.025	5
2026-01-12 09:20	63.015	63.095	62.962	63.072	5
2026-01-12 09:25	63.070	63.070	62.972	63.032	5
2026-01-12 09:30	63.020	63.130	62.952	63.090	5
2026-01-12 09:35	63.095	63.135	63.035	63.127	5
2026-01-12 09:40	63.145	63.215	63.122	63.135	5
2026-01-12 09:45	63.145	63.165	63.102	63.102	5
2026-01-12 09:50	63.100	63.135	63.062	63.090	5
2026-01-12 09:55	63.092	63.105	63.035	63.092	5
2026-01-12 10:00	63.090	63.205	63.090	63.192	5
2026-01-12 10:05	63.205	63.235	63.072	63.075	5
2026-01-12 10:10	63.055	63.085	62.982	62.990	5
2026-01-12 10:15	62.985	63.015	62.932	62.972	5
2026-01-12 10:20	62.965	63.025	62.952	62.992	5
2026-01-12 10:25	63.000	63.100	62.992	63.072	5
2026-01-12 10:30	63.085	63.095	63.000	63.082	5
2026-01-12 10:35	63.095	63.115	63.032	63.072	5
2026-01-12 10:40	63.080	63.080	62.947	63.035	5
2026-01-12 10:45	63.045	63.052	62.960	62.982	5
2026-01-12 10:50	62.995	62.995	62.952	62.982	5
2026-01-12 10:55	63.000	63.075	62.982	63.065	5
2026-01-12 11:00	63.055	63.055	63.002	63.022	5
2026-01-12 11:05	63.035	63.035	62.932	62.972	5
2026-01-12 11:10	62.965	62.965	62.782	62.912	5
2026-01-12 11:15	62.925	62.935	62.792	62.820	5
2026-01-12 11:20	62.825	62.900	62.752	62.787	5
2026-01-12 11:25	62.785	62.855	62.750	62.852	5
2026-01-12 11:30	62.840	62.840	62.732	62.795	5
2026-01-12 11:35	62.800	62.835	62.762	62.832	5
2026-01-12 11:40	62.850	62.905	62.850	62.850	5
2026-01-12 11:45	62.852	62.952	62.850	62.912	5
2026-01-12 11:50	62.905	62.925	62.832	62.835	5
2026-01-12 11:55	62.845	62.875	62.820	62.875	5
2026-01-12 12:00	62.878	62.955	62.842	62.945	5
2026-01-12 12:05	62.942	62.955	62.900	62.902	5
2026-01-12 12:10	62.895	62.915	62.842	62.865	5
2026-01-12 12:15	62.875	62.935	62.792	62.932	5
2026-01-12 12:20	62.930	62.985	62.902	62.985	5
2026-01-12 12:25	62.995	63.060	62.952	63.045	5
2026-01-12 12:30	63.035	63.135	63.035	63.082	5
2026-01-12 12:35	63.095	63.165	63.072	63.122	5
2026-01-12 12:40	63.115	63.175	63.092	63.147	5
2026-01-12 12:45	63.155	63.215	63.137	63.192	5
2026-01-12 12:50	63.205	63.295	63.182	63.272	5
2026-01-12 12:55	63.270	63.290	63.235	63.272	4
2026-01-12 13:00	63.262	63.340	63.192	63.232	5
2026-01-12 13:05	63.225	63.245	63.105	63.142	5
2026-01-12 13:10	63.135	63.167	63.122	63.145	5
2026-01-12 13:15	63.155	63.215	63.132	63.205	5
2026-01-12 13:20	63.215	63.225	63.152	63.195	5
2026-01-12 13:25	63.180	63.205	63.142	63.182	5
2026-01-12 13:30	63.195	63.205	63.042	63.045	5
2026-01-12 13:35	63.035	63.095	62.965	63.085	5
2026-01-12 13:40	63.095	63.105	62.932	62.932	5
2026-01-12 13:45	62.955	63.040	62.922	63.022	5
2026-01-12 13:50	63.015	63.045	62.982	63.025	5
2026-01-12 13:55	63.015	63.045	62.992	63.045	5
2026-01-12 14:00	63.010	63.075	62.962	63.052	5
2026-01-12 14:05	63.045	63.150	63.022	63.022	5
2026-01-12 14:10	63.020	63.245	63.017	63.212	5
2026-01-12 14:15	63.225	63.235	63.132	63.145	5
2026-01-12 14:20	63.150	63.195	62.977	63.105	5
2026-01-12 14:25	63.115	63.195	63.112	63.165	5
2026-01-12 14:30	63.152	63.195	63.035	63.052	5
2026-01-12 14:35	63.065	63.165	63.052	63.105	5
2026-01-12 14:40	63.110	63.125	62.992	63.005	5
2026-01-12 14:45	62.998	63.045	62.815	62.822	5
2026-01-12 14:50	62.835	62.935	62.792	62.925	5
2026-01-12 14:55	62.935	63.065	62.935	63.015	5
2026-01-12 15:00	63.018	63.180	63.018	63.162	5
2026-01-12 15:05	63.155	63.195	63.095	63.142	5
2026-01-12 15:10	63.135	63.225	63.095	63.205	5
2026-01-12 15:15	63.215	63.225	63.142	63.172	5
2026-01-12 15:20	63.185	63.235	63.072	63.222	5
2026-01-12 15:25	63.210	63.395	63.155	63.362	5
2026-01-12 15:30	63.375	63.465	63.320	63.325	5
2026-01-12 15:35	63.330	63.455	63.330	63.442	5
2026-01-12 15:40	63.450	63.525	63.392	63.392	5
2026-01-12 15:45	63.400	63.465	63.382	63.392	5
2026-01-12 15:50	63.390	63.465	63.355	63.465	5
2026-01-12 15:55	63.470	63.495	63.432	63.472	5
2026-01-12 16:00	63.477	63.512	63.375	63.465	5
2026-01-12 16:05	63.460	63.585	63.452	63.565	5
2026-01-12 16:10	63.575	63.840	63.560	63.692	5
2026-01-12 16:15	63.685	63.705	63.522	63.552	5
2026-01-12 16:20	63.542	63.735	63.542	63.732	5
2026-01-12 16:25	63.725	63.745	63.432	63.435	5
2026-01-12 16:30	63.450	63.610	63.447	63.605	5
2026-01-12 16:35	63.615	63.625	63.472	63.472	5
2026-01-12 16:40	63.485	63.545	63.462	63.510	5
2026-01-12 16:45	63.505	63.555	63.462	63.472	5
2026-01-12 16:50	63.465	63.475	63.332	63.355	5
2026-01-12 16:55	63.335	63.385	63.262	63.352	5
2026-01-12 17:00	63.348	63.385	63.267	63.325	5
2026-01-12 17:05	63.315	63.450	63.312	63.445	5
2026-01-12 17:10	63.450	63.475	63.412	63.435	5
2026-01-12 17:15	63.425	63.425	63.272	63.370	5
2026-01-12 17:20	63.375	63.475	63.375	63.472	5
2026-01-12 17:25	63.465	63.465	63.352	63.365	5
2026-01-12 17:30	63.368	63.425	63.330	63.422	5
2026-01-12 17:35	63.435	63.485	63.412	63.482	5
2026-01-12 17:40	63.495	63.562	63.472	63.555	5
2026-01-12 17:45	63.565	63.590	63.520	63.542	5
2026-01-12 17:50	63.548	63.655	63.548	63.652	4
2026-01-12 17:55	63.650	63.655	63.585	63.605	5
2026-01-12 18:00	63.610	63.615	63.502	63.512	5
2026-01-12 18:05	63.525	63.535	63.432	63.472	5
2026-01-12 18:10	63.485	63.495	63.382	63.422	5
2026-01-12 18:15	63.430	63.575	63.425	63.535	5
2026-01-12 18:20	63.545	63.550	63.412	63.412	5
2026-01-12 18:25	63.405	63.495	63.402	63.475	5
2026-01-12 18:30	63.485	63.485	63.402	63.472	5
2026-01-12 18:35	63.470	63.472	63.352	63.375	5
2026-01-12 18:40	63.370	63.405	63.342	63.402	5
2026-01-12 18:45	63.400	63.435	63.392	63.405	5
2026-01-12 18:50	63.420	63.545	63.412	63.535	5
2026-01-12 18:55	63.545	63.545	63.432	63.442	5
2026-01-12 19:00	63.435	63.555	63.412	63.542	5
2026-01-12 19:05	63.550	63.585	63.522	63.575	5
2026-01-12 19:10	63.580	63.605	63.532	63.590	5
2026-01-12 19:15	63.585	63.840	63.575	63.765	5
2026-01-12 19:20	63.755	63.785	63.692	63.745	5
2026-01-12 19:25	63.740	63.915	63.732	63.892	5
2026-01-12 19:30	63.890	64.045	63.882	64.002	5
2026-01-12 19:35	64.010	64.135	64.002	64.122	5
2026-01-12 19:40	64.120	64.135	64.028	64.042	5
2026-01-12 19:45	64.055	64.055	63.872	63.875	5
2026-01-12 19:50	63.865	63.985	63.862	63.962	5
2026-01-12 19:55	63.975	63.975	63.932	63.962	5
2026-01-12 20:00	63.975	63.975	63.892	63.912	5
2026-01-12 20:05	63.905	63.905	63.842	63.852	5
2026-01-12 20:10	63.845	63.855	63.792	63.812	5
2026-01-12 20:15	63.810	63.815	63.780	63.785	5
2026-01-12 20:20	63.790	63.805	63.782	63.792	4
2026-01-12 20:25	63.785	63.835	63.780	63.825	5
2026-01-12 20:30	63.820	63.838	63.725	63.745	5
2026-01-12 20:35	63.755	63.800	63.732	63.800	5
2026-01-12 20:40	63.802	63.832	63.802	63.812	5
2026-01-12 20:45	63.820	63.900	63.812	63.882	5
2026-01-12 20:50	63.895	63.905	63.842	63.902	5
2026-01-12 20:55	63.895	63.915	63.860	63.860	5
2026-01-12 21:00	63.855	63.855	63.798	63.798	5
2026-01-12 21:05	63.803	63.868	63.788	63.868	5
2026-01-12 21:10	63.863	63.888	63.853	63.853	5
2026-01-12 21:15	63.858	63.958	63.858	63.938	5
2026-01-12 21:20	63.933	63.958	63.898	63.938	5
2026-01-12 21:25	63.933	63.988	63.928	63.968	4
2026-01-12 21:30	63.978	64.013	63.978	63.983	4
2026-01-12 21:35	63.988	63.993	63.968	63.988	5
2026-01-12 21:40	63.983	63.983	63.958	63.958	5
2026-01-12 21:45	63.963	64.268	63.953	64.143	5
2026-01-12 21:50	64.138	64.238	64.093	64.093	5
2026-01-12 21:55	64.088	64.248	64.083	64.198	5
2026-01-13 01:00	64.078	64.160	63.990	64.065	5
2026-01-13 01:05	64.057	64.255	64.052	64.230	5
2026-01-13 01:10	64.225	64.360	64.225	64.250	5
2026-01-13 01:15	64.252	64.255	64.160	64.202	5
2026-01-13 01:20	64.215	64.255	64.182	64.187	5
2026-01-13 01:25	64.182	64.210	64.155	64.170	5
2026-01-13 01:30	64.165	64.180	64.020	64.030	5
2026-01-13 01:35	64.040	64.105	64.012	64.097	5
2026-01-13 01:40	64.102	64.112	64.062	64.070	5
2026-01-13 01:45	64.075	64.090	64.042	64.070	5
2026-01-13 01:50	64.080	64.095	64.035	64.045	5
2026-01-13 01:55	64.037	64.055	64.017	64.030	5
2026-01-13 02:00	64.045	64.055	63.987	64.032	5
2026-01-13 02:05	64.025	64.085	64.025	64.080	5
2026-01-13 02:10	64.085	64.085	64.002	64.007	5
2026-01-13 02:15	64.012	64.022	63.892	63.892	5
2026-01-13 02:20	63.885	63.985	63.832	63.932	5
2026-01-13 02:25	63.955	63.965	63.872	63.872	5
2026-01-13 02:30	63.885	63.922	63.820	63.820	5
2026-01-13 02:35	63.825	63.882	63.817	63.872	5
2026-01-13 02:40	63.882	63.950	63.882	63.912	5
2026-01-13 02:45	63.920	63.960	63.905	63.955	5
2026-01-13 02:50	63.960	64.025	63.950	64.002	5
2026-01-13 02:55	64.007	64.032	64.002	64.012	5
2026-01-13 03:00	64.030	64.055	64.010	64.025	5
2026-01-13 03:05	64.035	64.050	64.002	64.025	5
2026-01-13 03:10	64.027	64.055	64.020	64.042	5
2026-01-13 03:15	64.050	64.062	64.022	64.042	5
2026-01-13 03:20	64.047	64.092	64.042	64.070	5
2026-01-13 03:25	64.075	64.095	64.055	64.080	5
2026-01-13 03:30	64.085	64.085	63.997	64.040	5
2026-01-13 03:35	64.042	64.105	64.025	64.095	4
2026-01-13 03:40	64.105	64.105	64.072	64.090	5
2026-01-13 03:45	64.085	64.090	64.062	64.072	4
2026-01-13 03:50	64.070	64.080	64.052	64.060	5
2026-01-13 03:55	64.055	64.085	64.050	64.072	4
2026-01-13 04:00	64.080	64.090	64.065	64.078	4
2026-01-13 04:05	64.095	64.105	64.032	64.047	5
2026-01-13 04:10	64.035	64.035	64.012	64.020	4
2026-01-13 04:15	64.025	64.065	64.013	64.062	5
2026-01-13 04:20	64.070	64.095	64.070	64.082	5
2026-01-13 04:25	64.078	64.085	64.065	64.065	2
2026-01-13 04:30	64.060	64.090	64.060	64.090	3
2026-01-13 04:35	64.080	64.100	64.068	64.090	5
2026-01-13 04:40	64.085	64.090	64.060	64.072	5
2026-01-13 04:45	64.070	64.095	64.062	64.070	5
2026-01-13 04:50	64.072	64.097	64.062	64.097	5
2026-01-13 04:55	64.092	64.125	64.092	64.120	5
2026-01-13 05:00	64.110	64.125	64.092	64.102	5
2026-01-13 05:05	64.095	64.100	64.055	64.072	5
2026-01-13 05:10	64.080	64.085	64.027	64.045	5
2026-01-13 05:15	64.050	64.050	64.017	64.027	4
2026-01-13 05:20	64.020	64.065	64.015	64.060	5
2026-01-13 05:25	64.065	64.095	64.057	64.092	4
2026-01-13 05:30	64.090	64.090	64.002	64.040	5
2026-01-13 05:35	64.032	64.040	63.985	64.012	5
2026-01-13 05:40	64.017	64.100	64.017	64.095	5
2026-01-13 05:45	64.097	64.135	64.092	64.135	5
2026-01-13 05:50	64.140	64.185	64.140	64.150	5
2026-01-13 05:55	64.152	64.185	64.117	64.127	5
2026-01-13 06:00	64.122	64.125	64.067	64.117	5
2026-01-13 06:05	64.130	64.225	64.097	64.210	5
2026-01-13 06:10	64.205	64.235	64.192	64.227	5
2026-01-13 06:15	64.232	64.232	64.162	64.215	5
2026-01-13 06:20	64.205	64.222	64.165	64.182	5
2026-01-13 06:25	64.190	64.195	64.162	64.177	5
2026-01-13 06:30	64.185	64.242	64.182	64.215	5
2026-01-13 06:35	64.210	64.210	64.155	64.192	5
2026-01-13 06:40	64.187	64.222	64.182	64.210	5
2026-01-13 06:45	64.212	64.295	64.207	64.295	5
2026-01-13 06:50	64.285	64.375	64.267	64.352	5
2026-01-13 06:55	64.360	64.445	64.342	64.425	5
2026-01-13 07:00	64.420	64.420	64.340	64.370	5
2026-01-13 07:05	64.372	64.372	64.235	64.235	5
2026-01-13 07:10	64.230	64.305	64.192	64.275	5
2026-01-13 07:15	64.270	64.322	64.232	64.302	5
2026-01-13 07:20	64.295	64.355	64.272	64.355	5
2026-01-13 07:25	64.347	64.375	64.322	64.352	5
2026-01-13 07:30	64.360	64.372	64.292	64.312	5
2026-01-13 07:35	64.330	64.335	64.242	64.242	5
2026-01-13 07:40	64.235	64.315	64.212	64.312	5
2026-01-13 07:45	64.305	64.320	64.250	64.282	5
2026-01-13 07:50	64.295	64.305	64.215	64.225	5
2026-01-13 07:55	64.235	64.260	64.192	64.192	5
2026-01-13 08:00	64.188	64.215	64.095	64.115	5
2026-01-13 08:05	64.120	64.175	64.120	64.165	5
2026-01-13 08:10	64.152	64.195	64.142	64.172	5
2026-01-13 08:15	64.165	64.195	64.152	64.165	5
2026-01-13 08:20	64.160	64.205	64.132	64.190	5
2026-01-13 08:25	64.195	64.210	64.110	64.132	5
2026-01-13 08:30	64.125	64.250	64.112	64.185	5
2026-01-13 08:35	64.190	64.365	64.162	64.342	5
2026-01-13 08:40	64.355	64.365	64.282	64.362	5
2026-01-13 08:45	64.375	64.435	64.325	64.325	5
2026-01-13 08:50	64.335	64.495	64.312	64.492	5
2026-01-13 08:55	64.500	64.585	64.482	64.510	5
2026-01-13 09:00	64.502	64.625	64.498	64.570	5
2026-01-13 09:05	64.575	64.615	64.532	64.605	5
2026-01-13 09:10	64.607	64.615	64.572	64.592	5
2026-01-13 09:15	64.585	64.675	64.582	64.605	5
2026-01-13 09:20	64.607	64.755	64.602	64.752	5
2026-01-13 09:25	64.775	64.860	64.742	64.822	5
2026-01-13 09:30	64.835	64.955	64.832	64.922	5
2026-01-13 09:35	64.935	65.065	64.932	65.035	5
2026-01-13 09:40	65.040	65.125	64.982	65.105	5
2026-01-13 09:45	65.100	65.175	65.012	65.025	5
2026-01-13 09:50	65.015	65.030	64.735	64.772	5
2026-01-13 09:55	64.765	64.855	64.712	64.815	5
2026-01-13 10:00	64.805	64.885	64.752	64.872	5
2026-01-13 10:05	64.877	64.945	64.862	64.945	5
2026-01-13 10:10	64.935	64.945	64.812	64.872	5
2026-01-13 10:15	64.905	64.915	64.845	64.880	5
2026-01-13 10:20	64.875	64.885	64.832	64.862	5
2026-01-13 10:25	64.860	64.895	64.710	64.712	5
2026-01-13 10:30	64.705	64.705	64.492	64.580	5
2026-01-13 10:35	64.582	64.600	64.502	64.570	5
2026-01-13 10:40	64.585	64.750	64.585	64.730	5
2026-01-13 10:45	64.722	64.745	64.622	64.692	5
2026-01-13 10:50	64.685	64.722	64.605	64.685	5
2026-01-13 10:55	64.675	64.755	64.672	64.687	5
2026-01-13 11:00	64.665	64.675	64.585	64.655	5
2026-01-13 11:05	64.665	64.695	64.612	64.622	5
2026-01-13 11:10	64.632	64.712	64.630	64.692	5
2026-01-13 11:15	64.705	64.725	64.672	64.720	5
2026-01-13 11:20	64.725	64.835	64.702	64.832	5
2026-01-13 11:25	64.845	64.885	64.792	64.882	5
2026-01-13 11:30	64.895	64.945	64.882	64.892	5
2026-01-13 11:35	64.905	64.975	64.902	64.952	5
2026-01-13 11:40	64.950	65.045	64.950	65.002	5
2026-01-13 11:45	65.015	65.075	64.987	65.062	5
2026-01-13 11:50	65.055	65.075	65.032	65.072	5
2026-01-13 11:55	65.085	65.125	65.042	65.085	5
2026-01-13 12:00	65.075	65.075	64.942	64.985	5
2026-01-13 12:05	64.965	64.980	64.880	64.922	5
2026-01-13 12:10	64.915	64.965	64.912	64.945	5
2026-01-13 12:15	64.955	64.955	64.890	64.922	5
2026-01-13 12:20	64.915	64.945	64.875	64.910	5
2026-01-13 12:25	64.902	64.915	64.842	64.912	5
2026-01-13 12:30	64.925	65.055	64.922	65.042	5
2026-01-13 12:35	65.055	65.055	64.932	64.955	5
2026-01-13 12:40	64.945	65.045	64.945	65.042	5
2026-01-13 12:45	65.035	65.065	64.990	65.062	5
2026-01-13 12:50	65.075	65.125	65.072	65.125	5
2026-01-13 12:55	65.120	65.125	65.022	65.080	5
2026-01-13 13:00	65.060	65.145	65.030	65.125	5
2026-01-13 13:05	65.135	65.140	64.942	64.945	5
2026-01-13 13:10	64.955	65.010	64.898	64.995	5
2026-01-13 13:15	65.005	65.125	65.002	65.082	5
2026-01-13 13:20	65.095	65.115	64.947	64.952	5
2026-01-13 13:25	64.945	65.065	64.945	65.047	5
2026-01-13 13:30	65.052	65.155	65.052	65.125	5
2026-01-13 13:35	65.115	65.115	65.018	65.072	5
2026-01-13 13:40	65.065	65.095	65.022	65.032	5
2026-01-13 13:45	65.040	65.075	65.005	65.035	5
2026-01-13 13:50	65.032	65.040	64.737	64.750	5
2026-01-13 13:55	64.745	64.855	64.745	64.852	5
2026-01-13 14:00	64.858	64.945	64.835	64.870	5
2026-01-13 14:05	64.875	64.875	64.720	64.785	5
2026-01-13 14:10	64.790	64.792	64.630	64.722	5
2026-01-13 14:15	64.730	64.745	64.612	64.710	5
2026-01-13 14:20	64.715	64.855	64.655	64.782	5
2026-01-13 14:25	64.795	64.925	64.782	64.895	5
2026-01-13 14:30	64.888	64.995	64.882	64.972	5
2026-01-13 14:35	64.955	65.020	64.885	64.992	5
2026-01-13 14:40	64.987	65.575	64.962	65.565	5
2026-01-13 14:45	65.568	65.775	65.455	65.712	5
2026-01-13 14:50	65.700	65.725	65.480	65.485	5
2026-01-13 14:55	65.475	65.475	65.222	65.400	5
2026-01-13 15:00	65.395	65.535	65.352	65.435	5
2026-01-13 15:05	65.440	65.525	65.435	65.485	5
2026-01-13 15:10	65.475	65.585	65.452	65.492	5
2026-01-13 15:15	65.487	65.625	65.462	65.607	5
2026-01-13 15:20	65.602	65.645	65.557	65.602	5
2026-01-13 15:25	65.595	65.635	65.552	65.562	5
2026-01-13 15:30	65.555	65.602	65.442	65.582	5
2026-01-13 15:35	65.595	65.685	65.552	65.682	5
2026-01-13 15:40	65.675	65.810	65.672	65.795	5
2026-01-13 15:45	65.800	65.805	65.730	65.792	5
2026-01-13 15:50	65.802	65.885	65.752	65.780	5
2026-01-13 15:55	65.775	65.820	65.732	65.790	5
2026-01-13 16:00	65.765	65.795	65.682	65.760	5
2026-01-13 16:05	65.762	65.775	65.682	65.725	5
2026-01-13 16:10	65.730	65.795	65.715	65.760	5
2026-01-13 16:15	65.765	65.765	65.602	65.732	5
2026-01-13 16:20	65.725	65.825	65.702	65.812	5
2026-01-13 16:25	65.820	65.895	65.682	65.695	5
2026-01-13 16:30	65.690	65.795	65.682	65.712	5
2026-01-13 16:35	65.705	65.845	65.622	65.820	5
2026-01-13 16:40	65.825	65.875	65.732	65.760	5
2026-01-13 16:45	65.765	65.765	65.672	65.715	5
2026-01-13 16:50	65.720	65.775	65.692	65.722	5
2026-01-13 16:55	65.730	65.755	65.682	65.722	5
2026-01-13 17:00	65.695	65.698	65.422	65.455	5
2026-01-13 17:05	65.445	65.480	65.372	65.382	5
2026-01-13 17:10	65.405	65.435	65.340	65.435	5
2026-01-13 17:15	65.430	65.520	65.422	65.502	5
2026-01-13 17:20	65.510	65.515	65.422	65.435	5
2026-01-13 17:25	65.420	65.425	65.262	65.382	5
2026-01-13 17:30	65.375	65.382	65.182	65.302	5
2026-01-13 17:35	65.295	65.315	65.222	65.275	5
2026-01-13 17:40	65.285	65.295	65.160	65.182	5
2026-01-13 17:45	65.175	65.250	65.162	65.190	5
2026-01-13 17:50	65.185	65.205	65.082	65.102	5
2026-01-13 17:55	65.095	65.125	65.042	65.095	5
2026-01-13 18:00	65.085	65.630	65.072	65.480	5
2026-01-13 18:05	65.485	65.490	65.355	65.412	5
2026-01-13 18:10	65.435	65.505	65.428	65.475	5
2026-01-13 18:15	65.485	65.492	65.392	65.425	5
2026-01-13 18:20	65.415	65.455	65.362	65.395	5
2026-01-13 18:25	65.382	65.560	65.382	65.555	5
2026-01-13 18:30	65.560	65.725	65.552	65.675	5
2026-01-13 18:35	65.677	65.720	65.502	65.522	5
2026-01-13 18:40	65.535	65.592	65.480	65.562	5
2026-01-13 18:45	65.560	65.560	65.492	65.525	5
2026-01-13 18:50	65.530	65.640	65.530	65.612	5
2026-01-13 18:55	65.610	65.618	65.520	65.595	5
2026-01-13 19:00	65.610	65.610	65.535	65.565	5
2026-01-13 19:05	65.555	65.598	65.532	65.542	5
2026-01-13 19:10	65.535	65.555	65.482	65.495	5
2026-01-13 19:15	65.500	65.525	64.693	65.322	5
2026-01-13 19:20	65.335	65.440	65.262	65.400	5
2026-01-13 19:25	65.395	65.495	65.350	65.472	5
2026-01-13 19:30	65.485	65.520	65.355	65.355	5
2026-01-13 19:35	65.352	65.465	65.245	65.465	5
2026-01-13 19:40	65.460	65.475	65.382	65.432	5
2026-01-13 19:45	65.445	65.455	65.407	65.435	5
2026-01-13 19:50	65.430	65.475	65.425	65.442	5
2026-01-13 19:55	65.450	65.475	65.385	65.385	5
2026-01-13 20:00	65.380	65.390	65.322	65.332	5
2026-01-13 20:05	65.330	65.465	65.292	65.442	5
2026-01-13 20:10	65.435	65.475	65.432	65.462	5
2026-01-13 20:15	65.475	65.475	65.432	65.442	3
2026-01-13 20:20	65.435	65.475	65.422	65.472	5
2026-01-13 20:25	65.470	65.475	65.425	65.465	5
2026-01-13 20:30	65.470	65.475	65.352	65.362	5
2026-01-13 20:35	65.360	65.390	65.352	65.360	5
2026-01-13 20:40	65.352	65.365	65.332	65.352	5
2026-01-13 20:45	65.345	65.370	65.272	65.352	5
2026-01-13 20:50	65.355	65.355	65.302	65.332	5
2026-01-13 20:55	65.330	65.380	65.322	65.370	5
2026-01-13 21:00	65.368	65.373	65.298	65.373	5
2026-01-13 21:05	65.368	65.408	65.328	65.408	5
2026-01-13 21:10	65.403	65.448	65.373	65.383	5
2026-01-13 21:15	65.388	65.398	65.333	65.363	5
2026-01-13 21:20	65.358	65.413	65.358	65.403	5
2026-01-13 21:25	65.398	65.403	65.348	65.373	5
2026-01-13 21:30	65.368	65.393	65.278	65.358	5
2026-01-13 21:35	65.353	65.373	65.338	65.353	5
2026-01-13 21:40	65.348	65.393	65.338	65.383	5
2026-01-13 21:45	65.378	65.388	65.363	65.383	5
2026-01-13 21:50	65.378	65.503	65.363	65.398	5
2026-01-13 21:55	65.402	65.423	65.358	65.393	5
2026-01-14 01:00	65.322	65.363	65.222	65.287	5
2026-01-14 01:05	65.295	65.305	65.265	65.270	5
2026-01-14 01:10	65.262	65.262	65.130	65.152	5
2026-01-14 01:15	65.150	65.225	65.150	65.220	5
2026-01-14 01:20	65.215	65.265	65.172	65.245	5
2026-01-14 01:25	65.250	65.300	65.232	65.242	5
2026-01-14 01:30	65.237	65.282	65.225	65.252	5
2026-01-14 01:35	65.245	65.312	65.230	65.302	5
2026-01-14 01:40	65.310	65.325	65.217	65.220	5
2026-01-14 01:45	65.215	65.252	65.200	65.237	5
2026-01-14 01:50	65.245	65.325	65.245	65.270	5
2026-01-14 01:55	65.272	65.345	65.262	65.322	5
2026-01-14 02:00	65.335	65.342	65.302	65.322	5
2026-01-14 02:05	65.335	65.400	65.310	65.355	5
2026-01-14 02:10	65.357	65.385	65.330	65.362	5
2026-01-14 02:15	65.375	65.395	65.352	65.372	5
2026-01-14 02:20	65.360	65.365	65.340	65.360	5
2026-01-14 02:25	65.357	65.365	65.352	65.365	5
2026-01-14 02:30	65.370	65.395	65.322	65.322	5
2026-01-14 02:35	65.310	65.325	65.272	65.315	5
2026-01-14 02:40	65.310	65.330	65.280	65.315	5
2026-01-14 02:45	65.310	65.330	65.262	65.305	5
2026-01-14 02:50	65.310	65.310	65.247	65.262	5
2026-01-14 02:55	65.258	65.285	65.250	65.262	5
2026-01-14 03:00	65.255	65.335	65.242	65.335	5
2026-01-14 03:05	65.330	65.355	65.292	65.312	5
2026-01-14 03:10	65.310	65.355	65.302	65.325	5
2026-01-14 03:15	65.315	65.355	65.302	65.352	5
2026-01-14 03:20	65.365	65.370	65.322	65.347	5
2026-01-14 03:25	65.342	65.342	65.212	65.255	5
2026-01-14 03:30	65.260	65.275	65.227	65.242	5
2026-01-14 03:35	65.232	65.232	65.135	65.140	5
2026-01-14 03:40	65.132	65.175	65.132	65.170	5
2026-01-14 03:45	65.172	65.195	65.162	65.190	5
2026-01-14 03:50	65.195	65.245	65.172	65.235	5
2026-01-14 03:55	65.245	65.310	65.242	65.305	5
2026-01-14 04:00	65.300	65.370	65.300	65.365	5
2026-01-14 04:05	65.357	65.370	65.312	65.312	5
2026-01-14 04:10	65.322	65.330	65.282	65.282	5
2026-01-14 04:15	65.290	65.290	65.262	65.272	5
2026-01-14 04:20	65.268	65.305	65.268	65.287	4
2026-01-14 04:25	65.295	65.295	65.282	65.292	3
2026-01-14 04:30	65.285	65.335	65.245	65.325	5
2026-01-14 04:35	65.317	65.360	65.317	65.350	5
2026-01-14 04:40	65.340	65.352	65.332	65.352	5
2026-01-14 04:45	65.355	65.355	65.325	65.327	3
2026-01-14 04:50	65.325	65.325	65.302	65.305	4
2026-01-14 04:55	65.307	65.315	65.282	65.282	5
2026-01-14 05:00	65.290	65.312	65.270	65.307	5
2026-01-14 05:05	65.305	65.315	65.277	65.277	4
2026-01-14 05:10	65.275	65.280	65.242	65.252	5
2026-01-14 05:15	65.245	65.257	65.235	65.245	5
2026-01-14 05:20	65.235	65.260	65.212	65.260	5
2026-01-14 05:25	65.252	65.300	65.250	65.297	5
2026-01-14 05:30	65.285	65.285	65.210	65.240	5
2026-01-14 05:35	65.235	65.280	65.222	65.267	5
2026-01-14 05:40	65.272	65.315	65.252	65.295	5
2026-01-14 05:45	65.290	65.295	65.197	65.210	5
2026-01-14 05:50	65.202	65.245	65.190	65.220	5
2026-01-14 05:55	65.215	65.220	65.152	65.205	5
2026-01-14 06:00	65.207	65.272	65.180	65.272	5
2026-01-14 06:05	65.265	65.285	65.232	65.257	5
2026-01-14 06:10	65.265	65.295	65.252	65.280	5
2026-01-14 06:15	65.285	65.300	65.237	65.247	5
2026-01-14 06:20	65.235	65.310	65.222	65.305	5
2026-01-14 06:25	65.312	65.340	65.217	65.232	5
2026-01-14 06:30	65.240	65.245	65.187	65.200	5
2026-01-14 06:35	65.195	65.240	65.195	65.217	5
2026-01-14 06:40	65.225	65.230	65.187	65.200	5
2026-01-14 06:45	65.202	65.215	65.172	65.182	5
2026-01-14 06:50	65.177	65.190	65.065	65.092	5
2026-01-14 06:55	65.097	65.110	64.955	64.980	5
2026-01-14 07:00	64.985	65.050	64.912	65.015	5
2026-01-14 07:05	65.025	65.090	65.025	65.045	5
2026-01-14 07:10	65.035	65.092	65.022	65.092	5
2026-01-14 07:15	65.087	65.125	65.052	65.085	5
2026-01-14 07:20	65.075	65.115	65.062	65.115	5
2026-01-14 07:25	65.095	65.125	65.040	65.045	5
2026-01-14 07:30	65.050	65.055	64.972	65.042	5
2026-01-14 07:35	65.055	65.095	65.025	65.042	5
2026-01-14 07:40	65.047	65.065	65.022	65.045	5
2026-01-14 07:45	65.040	65.060	64.952	64.965	5
2026-01-14 07:50	64.975	65.025	64.940	64.942	5
2026-01-14 07:55	64.940	64.985	64.930	64.972	5
2026-01-14 08:00	64.985	65.005	64.872	64.902	5
2026-01-14 08:05	64.925	64.975	64.898	64.962	5
2026-01-14 08:10	64.970	65.005	64.892	64.915	5
2026-01-14 08:15	64.902	64.985	64.835	64.852	5
2026-01-14 08:20	64.860	64.925	64.852	64.890	5
2026-01-14 08:25	64.895	64.915	64.782	64.820	5
2026-01-14 08:30	64.825	64.910	64.715	64.882	5
2026-01-14 08:35	64.895	64.945	64.872	64.942	5
2026-01-14 08:40	64.935	64.945	64.862	64.882	5
2026-01-14 08:45	64.890	65.022	64.885	64.985	5
2026-01-14 08:50	64.995	65.085	64.990	65.012	5
2026-01-14 08:55	64.995	65.025	64.882	64.925	5
2026-01-14 09:00	64.920	64.935	64.815	64.892	5
2026-01-14 09:05	64.890	64.895	64.785	64.812	5
2026-01-14 09:10	64.805	64.870	64.802	64.865	5
2026-01-14 09:15	64.855	64.865	64.802	64.832	5
2026-01-14 09:20	64.830	64.830	64.732	64.752	5
2026-01-14 09:25	64.765	64.775	64.705	64.770	5
2026-01-14 09:30	64.762	64.805	64.652	64.662	5
2026-01-14 09:35	64.670	64.845	64.642	64.842	5
2026-01-14 09:40	64.840	64.845	64.772	64.825	5
2026-01-14 09:45	64.828	65.075	64.822	65.062	5
2026-01-14 09:50	65.070	65.175	65.015	65.085	5
2026-01-14 09:55	65.075	65.305	65.067	65.285	5
2026-01-14 10:00	65.275	65.385	65.252	65.380	5
2026-01-14 10:05	65.385	65.465	65.325	65.442	5
2026-01-14 10:10	65.435	65.768	65.422	65.672	5
2026-01-14 10:15	65.680	65.795	65.632	65.782	5
2026-01-14 10:20	65.795	65.965	65.762	65.962	5
2026-01-14 10:25	65.968	65.985	65.822	65.850	5
2026-01-14 10:30	65.855	66.095	65.792	66.042	5
2026-01-14 10:35	66.055	66.110	65.932	65.992	5
2026-01-14 10:40	65.990	66.175	65.982	66.172	5
2026-01-14 10:45	66.165	66.230	66.105	66.202	5
2026-01-14 10:50	66.215	66.295	66.152	66.262	5
2026-01-14 10:55	66.275	66.345	66.170	66.335	5
2026-01-14 11:00	66.337	66.430	66.275	66.412	5
2026-01-14 11:05	66.405	66.405	66.140	66.255	5
2026-01-14 11:10	66.225	66.405	66.197	66.350	5
2026-01-14 11:15	66.355	66.355	66.212	66.242	5
2026-01-14 11:20	66.235	66.248	66.072	66.180	5
2026-01-14 11:25	66.175	66.180	66.070	66.110	5
2026-01-14 11:30	66.112	66.160	66.040	66.142	5
2026-01-14 11:35	66.155	66.305	66.132	66.242	5
2026-01-14 11:40	66.232	66.365	66.222	66.362	5
2026-01-14 11:45	66.375	66.395	66.242	66.252	5
2026-01-14 11:50	66.250	66.260	66.155	66.235	5
2026-01-14 11:55	66.225	66.245	66.142	66.160	5
2026-01-14 12:00	66.153	66.245	66.113	66.235	5
2026-01-14 12:05	66.230	66.245	66.012	66.022	5
2026-01-14 12:10	66.020	66.090	65.982	66.072	5
2026-01-14 12:15	66.065	66.102	66.022	66.062	5
2026-01-14 12:20	66.075	66.095	65.812	65.935	5
2026-01-14 12:25	65.945	66.045	65.892	65.892	5
2026-01-14 12:30	65.885	65.955	65.832	65.912	5
2026-01-14 12:35	65.905	65.995	65.862	65.972	5
2026-01-14 12:40	65.965	66.060	65.937	66.032	5
2026-01-14 12:45	66.030	66.195	66.027	66.192	5
2026-01-14 12:50	66.185	66.265	66.145	66.155	5
2026-01-14 12:55	66.150	66.255	66.105	66.232	5
2026-01-14 13:00	66.228	66.395	66.172	66.367	5
2026-01-14 13:05	66.365	66.435	66.190	66.202	5
2026-01-14 13:10	66.195	66.275	66.180	66.215	5
2026-01-14 13:15	66.225	66.320	66.122	66.245	5
2026-01-14 13:20	66.225	66.325	66.167	66.305	5
2026-01-14 13:25	66.300	66.365	66.262	66.312	5
2026-01-14 13:30	66.320	66.385	66.282	66.335	5
2026-01-14 13:35	66.350	66.365	66.240	66.302	5
2026-01-14 13:40	66.310	66.312	66.155	66.192	5
2026-01-14 13:45	66.190	66.235	66.152	66.175	5
2026-01-14 13:50	66.165	66.165	65.952	66.015	5
2026-01-14 13:55	66.020	66.130	65.962	66.045	5
2026-01-14 14:00	66.035	66.200	66.032	66.192	5
2026-01-14 14:05	66.190	66.225	66.150	66.197	5
2026-01-14 14:10	66.200	66.225	66.050	66.050	5
2026-01-14 14:15	66.045	66.110	65.992	66.040	5
2026-01-14 14:20	66.045	66.155	66.020	66.155	5
2026-01-14 14:25	66.160	66.165	66.070	66.095	5
2026-01-14 14:30	66.072	66.105	65.972	66.025	5
2026-01-14 14:35	66.035	66.115	66.022	66.072	5
2026-01-14 14:40	66.085	66.135	65.988	66.080	5
2026-01-14 14:45	66.085	66.152	66.052	66.132	5
2026-01-14 14:50	66.142	66.225	66.102	66.125	5
2026-01-14 14:55	66.105	66.135	66.042	66.082	5
2026-01-14 15:00	66.070	66.115	65.890	65.965	5
2026-01-14 15:05	65.960	65.965	65.635	65.635	5
2026-01-14 15:10	65.625	65.985	65.595	65.952	5
2026-01-14 15:15	65.965	66.052	65.927	66.002	5
2026-01-14 15:20	65.995	66.105	65.975	66.095	5
2026-01-14 15:25	66.085	66.220	66.048	66.185	5
2026-01-14 15:30	66.190	66.220	66.112	66.152	5
2026-01-14 15:35	66.160	66.175	66.042	66.165	5
2026-01-14 15:40	66.175	66.215	65.992	66.010	5
2026-01-14 15:45	65.993	66.020	65.902	65.982	5
2026-01-14 15:50	65.975	65.985	65.825	65.842	5
2026-01-14 15:55	65.865	66.045	65.790	66.035	5
2026-01-14 16:00	66.040	66.150	65.965	66.022	5
2026-01-14 16:05	66.027	66.050	65.882	65.985	5
2026-01-14 16:10	65.990	66.085	65.932	66.010	5
2026-01-14 16:15	66.015	66.020	65.875	65.930	5
2026-01-14 16:20	65.932	66.005	65.862	65.952	5
2026-01-14 16:25	65.960	65.965	65.825	65.875	5
2026-01-14 16:30	65.878	65.915	65.795	65.845	5
2026-01-14 16:35	65.850	65.925	65.832	65.912	5
2026-01-14 16:40	65.900	65.925	65.792	65.917	5
2026-01-14 16:45	65.915	65.945	65.832	65.925	5
2026-01-14 16:50	65.920	66.215	65.875	66.152	5
2026-01-14 16:55	66.160	66.260	66.132	66.165	5
2026-01-14 17:00	66.155	66.190	66.032	66.122	5
2026-01-14 17:05	66.135	66.235	66.100	66.230	5
2026-01-14 17:10	66.220	66.285	66.202	66.252	5
2026-01-14 17:15	66.250	66.415	66.232	66.412	5
2026-01-14 17:20	66.405	66.472	66.285	66.332	5
2026-01-14 17:25	66.345	66.425	66.340	66.417	5
2026-01-14 17:30	66.430	66.430	66.312	66.322	5
2026-01-14 17:35	66.330	66.365	66.252	66.275	5
2026-01-14 17:40	66.285	66.385	66.258	66.322	5
2026-01-14 17:45	66.315	66.325	66.152	66.155	5
2026-01-14 17:50	66.165	66.275	66.110	66.260	5
2026-01-14 17:55	66.255	66.335	66.215	66.215	5
2026-01-14 18:00	66.185	66.245	66.152	66.188	5
2026-01-14 18:05	66.182	66.185	66.040	66.075	5
2026-01-14 18:10	66.080	66.095	66.032	66.032	5
2026-01-14 18:15	66.025	66.180	66.020	66.172	5
2026-01-14 18:20	66.165	66.195	66.122	66.152	5
2026-01-14 18:25	66.165	66.212	66.132	66.202	5
2026-01-14 18:30	66.195	66.225	66.122	66.132	5
2026-01-14 18:35	66.140	66.165	66.102	66.102	5
2026-01-14 18:40	66.095	66.175	66.072	66.175	5
2026-01-14 18:45	66.170	66.235	66.152	66.162	5
2026-01-14 18:50	66.175	66.225	66.167	66.212	5
2026-01-14 18:55	66.225	66.292	66.222	66.255	5
2026-01-14 19:00	66.225	66.350	66.208	66.337	5
2026-01-14 19:05	66.332	66.380	66.292	66.380	5
2026-01-14 19:10	66.372	66.420	66.352	66.380	5
2026-01-14 19:15	66.385	66.435	66.350	66.372	5
2026-01-14 19:20	66.370	66.495	66.302	66.467	5
2026-01-14 19:25	66.465	66.535	66.365	66.512	5
2026-01-14 19:30	66.510	66.645	66.482	66.532	5
2026-01-14 19:35	66.525	66.555	66.492	66.532	5
2026-01-14 19:40	66.525	66.575	66.522	66.545	5
2026-01-14 19:45	66.535	66.615	66.525	66.612	5
2026-01-14 19:50	66.620	66.675	66.615	66.665	5
2026-01-14 19:55	66.655	66.785	66.652	66.752	5
2026-01-14 20:00	66.745	66.795	64.712	65.145	5
2026-01-14 20:05	65.142	65.295	64.150	64.447	5
2026-01-14 20:10	64.440	64.690	64.235	64.287	5
2026-01-14 20:15	64.300	64.885	64.247	64.497	5
2026-01-14 20:20	64.488	64.860	64.325	64.370	5
2026-01-14 20:25	64.360	64.530	64.235	64.257	5
2026-01-14 20:30	64.247	64.585	64.243	64.362	5
2026-01-14 20:35	64.340	64.353	63.452	63.620	5
2026-01-14 20:40	63.630	64.025	63.462	63.957	5
2026-01-14 20:45	63.955	64.250	63.950	64.240	5
2026-01-14 20:50	64.235	64.540	64.200	64.450	5
2026-01-14 20:55	64.455	64.630	64.325	64.582	5
2026-01-14 21:00	64.567	64.567	64.358	64.413	5
2026-01-14 21:05	64.418	64.468	64.408	64.433	5
2026-01-14 21:10	64.443	64.573	64.418	64.508	5
2026-01-14 21:15	64.503	64.568	64.403	64.403	5
2026-01-14 21:20	64.408	64.518	64.388	64.468	5
2026-01-14 21:25	64.478	64.708	64.473	64.698	5
2026-01-14 21:30	64.693	64.828	64.663	64.803	5
2026-01-14 21:35	64.798	64.858	64.668	64.843	5
2026-01-14 21:40	64.848	64.888	64.773	64.793	5
2026-01-14 21:45	64.798	64.883	64.748	64.873	5
2026-01-14 21:50	64.878	66.213	64.828	66.208	6
2026-01-14 21:55	66.203	66.263	65.223	65.528	9
2026-01-15 01:00	65.302	65.323	64.550	64.635	5
2026-01-15 01:05	64.615	64.925	64.605	64.902	5
2026-01-15 01:10	64.900	64.960	64.782	64.820	5
2026-01-15 01:15	64.825	64.875	64.732	64.772	5
2026-01-15 01:20	64.780	64.875	64.682	64.700	5
2026-01-15 01:25	64.692	64.730	64.602	64.685	5
2026-01-15 01:30	64.680	64.770	64.605	64.730	5
2026-01-15 01:35	64.732	64.765	64.637	64.637	5
2026-01-15 01:40	64.642	64.715	64.590	64.615	5
2026-01-15 01:45	64.610	64.635	64.462	64.470	5
2026-01-15 01:50	64.475	64.670	64.462	64.645	5
2026-01-15 01:55	64.647	64.755	64.635	64.712	5
2026-01-15 02:00	64.710	64.755	64.682	64.695	5
2026-01-15 02:05	64.690	64.720	64.637	64.675	5
2026-01-15 02:10	64.680	64.685	64.622	64.655	5
2026-01-15 02:15	64.647	64.700	64.645	64.645	5
2026-01-15 02:20	64.655	64.725	64.637	64.640	5
2026-01-15 02:25	64.635	64.677	64.612	64.632	5
2026-01-15 02:30	64.625	64.625	64.465	64.530	5
2026-01-15 02:35	64.535	64.575	64.522	64.567	5
2026-01-15 02:40	64.575	64.585	64.535	64.555	5
2026-01-15 02:45	64.542	64.590	64.540	64.570	5
2026-01-15 02:50	64.575	64.575	64.472	64.555	5
2026-01-15 02:55	64.565	64.565	64.482	64.552	5
2026-01-15 03:00	64.540	64.595	64.468	64.562	5
2026-01-15 03:05	64.560	64.620	64.527	64.615	5
2026-01-15 03:10	64.612	64.665	64.532	64.555	5
2026-01-15 03:15	64.550	64.625	64.542	64.582	5
2026-01-15 03:20	64.580	64.585	64.462	64.497	5
2026-01-15 03:25	64.495	64.495	64.270	64.312	5
2026-01-15 03:30	64.295	64.375	64.292	64.370	5
2026-01-15 03:35	64.372	64.412	64.342	64.382	5
2026-01-15 03:40	64.375	64.420	64.372	64.382	5
2026-01-15 03:45	64.372	64.475	64.352	64.475	5
2026-01-15 03:50	64.500	64.505	64.452	64.482	5
2026-01-15 03:55	64.475	64.495	64.452	64.470	4
2026-01-15 04:00	64.462	64.475	64.380	64.382	5
2026-01-15 04:05	64.405	64.420	64.382	64.412	5
2026-01-15 04:10	64.405	64.415	64.377	64.400	5
2026-01-15 04:15	64.395	64.415	64.350	64.410	5
2026-01-15 04:20	64.415	64.415	64.362	64.370	5
2026-01-15 04:25	64.362	64.390	64.345	64.385	5
2026-01-15 04:30	64.375	64.375	64.352	64.362	5
2026-01-15 04:35	64.390	64.415	64.352	64.402	5
2026-01-15 04:40	64.415	64.415	64.382	64.395	5
2026-01-15 04:45	64.405	64.450	64.388	64.405	4
2026-01-15 04:50	64.415	64.435	64.400	64.420	5
2026-01-15 04:55	64.425	64.425	64.362	64.405	5
2026-01-15 05:00	64.400	64.405	64.342	64.352	5
2026-01-15 05:05	64.345	64.365	64.312	64.322	4
2026-01-15 05:10	64.335	64.352	64.322	64.335	3
2026-01-15 05:15	64.345	64.375	64.312	64.345	5
2026-01-15 05:20	64.340	64.375	64.328	64.375	5
2026-01-15 05:25	64.380	64.410	64.362	64.390	5
2026-01-15 05:30	64.385	64.395	64.232	64.267	5
2026-01-15 05:35	64.272	64.315	64.242	64.242	5
2026-01-15 05:40	64.247	64.300	64.212	64.277	5
2026-01-15 05:45	64.275	64.275	64.202	64.230	5
2026-01-15 05:50	64.232	64.390	64.232	64.342	5
2026-01-15 05:55	64.350	64.400	64.320	64.347	5
2026-01-15 06:00	64.327	64.380	64.272	64.380	5
2026-01-15 06:05	64.372	64.465	64.372	64.422	5
2026-01-15 06:10	64.420	64.520	64.420	64.510	5
2026-01-15 06:15	64.512	64.565	64.482	64.555	5
2026-01-15 06:20	64.560	64.605	64.542	64.555	5
2026-01-15 06:25	64.560	64.655	64.552	64.652	5
2026-01-15 06:30	64.650	64.650	64.547	64.605	5
2026-01-15 06:35	64.600	64.607	64.550	64.590	5
2026-01-15 06:40	64.585	64.595	64.537	64.552	5
2026-01-15 06:45	64.550	64.642	64.537	64.612	5
2026-01-15 06:50	64.605	64.615	64.527	64.575	5
2026-01-15 06:55	64.565	64.592	64.515	64.527	5
2026-01-15 07:00	64.533	64.535	64.292	64.345	5
2026-01-15 07:05	64.355	64.405	64.242	64.260	5
2026-01-15 07:10	64.262	64.262	64.125	64.175	5
2026-01-15 07:15	64.165	64.265	64.162	64.222	5
2026-01-15 07:20	64.215	64.265	64.210	64.252	5
2026-01-15 07:25	64.270	64.445	64.252	64.412	5
2026-01-15 07:30	64.395	64.535	64.357	64.380	5
2026-01-15 07:35	64.375	64.395	64.162	64.222	5
2026-01-15 07:40	64.235	64.280	64.192	64.242	5
2026-01-15 07:45	64.255	64.265	64.202	64.242	5
2026-01-15 07:50	64.235	64.305	64.207	64.302	5
2026-01-15 07:55	64.310	64.345	64.245	64.330	5
2026-01-15 08:00	64.325	64.385	64.292	64.372	5
2026-01-15 08:05	64.365	64.410	64.312	64.372	5
2026-01-15 08:10	64.365	64.475	64.362	64.442	5
2026-01-15 08:15	64.440	64.555	64.422	64.552	5
2026-01-15 08:20	64.535	64.540	64.392	64.425	5
2026-01-15 08:25	64.435	64.455	64.248	64.345	5
2026-01-15 08:30	64.335	64.355	64.182	64.240	5
2026-01-15 08:35	64.245	64.265	64.140	64.215	5
2026-01-15 08:40	64.225	64.350	64.192	64.292	5
2026-01-15 08:45	64.290	64.395	64.282	64.345	5
2026-01-15 08:50	64.350	64.515	64.335	64.425	5
2026-01-15 08:55	64.415	64.555	64.352	64.547	5
2026-01-15 09:00	64.565	64.605	64.422	64.512	5
2026-01-15 09:05	64.525	64.540	64.442	64.492	5
2026-01-15 09:10	64.490	64.625	64.452	64.575	5
2026-01-15 09:15	64.565	64.575	64.462	64.495	5
2026-01-15 09:20	64.505	64.505	64.322	64.355	5
2026-01-15 09:25	64.345	64.350	64.262	64.332	5
2026-01-15 09:30	64.325	64.355	64.242	64.265	5
2026-01-15 09:35	64.270	64.285	64.022	64.082	5
2026-01-15 09:40	64.095	64.125	63.982	64.055	5
2026-01-15 09:45	64.050	64.062	63.780	63.782	5
2026-01-15 09:50	63.775	63.902	63.712	63.807	5
2026-01-15 09:55	63.805	63.845	63.635	63.662	5
2026-01-15 10:00	63.670	63.690	63.535	63.562	5
2026-01-15 10:05	63.570	63.745	63.562	63.635	5
2026-01-15 10:10	63.640	63.735	63.592	63.615	5
2026-01-15 10:15	63.610	63.665	63.432	63.487	5
2026-01-15 10:20	63.505	63.610	63.495	63.545	5
2026-01-15 10:25	63.555	63.620	63.492	63.602	5
2026-01-15 10:30	63.615	63.735	63.605	63.722	5
2026-01-15 10:35	63.715	63.715	63.615	63.655	5
2026-01-15 10:40	63.665	63.725	63.637	63.695	5
2026-01-15 10:45	63.685	63.875	63.682	63.870	5
2026-01-15 10:50	63.865	64.035	63.842	63.912	5
2026-01-15 10:55	63.905	63.975	63.882	63.912	5
2026-01-15 11:00	63.935	64.030	63.912	64.005	5
2026-01-15 11:05	64.010	64.130	64.002	64.072	5
2026-01-15 11:10	64.065	64.155	63.990	64.135	5
2026-01-15 11:15	64.125	64.220	64.122	64.215	5
2026-01-15 11:20	64.212	64.325	64.212	64.275	5
2026-01-15 11:25	64.265	64.305	64.077	64.122	5
2026-01-15 11:30	64.135	64.280	64.092	64.275	5
2026-01-15 11:35	64.265	64.295	64.225	64.267	5
2026-01-15 11:40	64.275	64.275	64.215	64.232	5
2026-01-15 11:45	64.245	64.390	64.245	64.372	5
2026-01-15 11:50	64.355	64.375	64.222	64.262	5
2026-01-15 11:55	64.275	64.345	64.222	64.345	5
2026-01-15 12:00	64.323	64.375	64.272	64.272	5
2026-01-15 12:05	64.280	64.330	64.260	64.290	5
2026-01-15 12:10	64.292	64.360	64.260	64.312	5
2026-01-15 12:15	64.320	64.385	64.317	64.335	4
2026-01-15 12:20	64.345	64.352	64.225	64.252	5
2026-01-15 12:25	64.245	64.250	64.042	64.042	5
2026-01-15 12:30	64.050	64.055	63.902	63.962	5
2026-01-15 12:35	63.975	64.025	63.902	63.925	5
2026-01-15 12:40	63.935	63.965	63.862	63.922	5
2026-01-15 12:45	63.935	63.935	63.720	63.825	5
2026-01-15 12:50	63.817	63.895	63.768	63.842	5
2026-01-15 12:55	63.815	63.900	63.772	63.835	5
2026-01-15 13:00	63.810	63.825	63.677	63.745	5
2026-01-15 13:05	63.740	63.770	63.682	63.732	5
2026-01-15 13:10	63.745	63.785	63.682	63.785	5
2026-01-15 13:15	63.790	63.815	63.522	63.530	5
2026-01-15 13:20	63.535	63.600	63.487	63.555	5
2026-01-15 13:25	63.542	63.765	63.512	63.760	5
2026-01-15 13:30	63.745	63.790	63.662	63.722	5
2026-01-15 13:35	63.720	63.775	63.682	63.712	5
2026-01-15 13:40	63.725	63.775	63.602	63.642	5
2026-01-15 13:45	63.655	63.700	63.612	63.650	5
2026-01-15 13:50	63.655	63.735	63.605	63.702	5
2026-01-15 13:55	63.700	63.700	63.612	63.665	5
2026-01-15 14:00	63.685	63.885	63.672	63.775	5
2026-01-15 14:05	63.785	63.842	63.702	63.802	5
2026-01-15 14:10	63.785	63.938	63.770	63.845	5
2026-01-15 14:15	63.855	63.855	63.725	63.772	5
2026-01-15 14:20	63.765	63.785	63.642	63.692	5
2026-01-15 14:25	63.702	63.795	63.692	63.765	5
2026-01-15 14:30	63.785	63.825	63.310	63.320	5
2026-01-15 14:35	63.315	63.535	63.258	63.530	5
2026-01-15 14:40	63.535	63.665	63.530	63.542	5
2026-01-15 14:45	63.548	63.720	63.522	63.572	5
2026-01-15 14:50	63.565	63.685	63.512	63.642	5
2026-01-15 14:55	63.640	63.722	63.585	63.707	5
2026-01-15 15:00	63.705	63.805	63.645	63.800	5
2026-01-15 15:05	63.795	63.845	63.690	63.710	5
2026-01-15 15:10	63.695	63.705	63.495	63.495	5
2026-01-15 15:15	63.505	63.525	63.435	63.495	5
2026-01-15 15:20	63.500	63.545	63.452	63.525	5
2026-01-15 15:25	63.535	63.605	63.407	63.420	5
2026-01-15 15:30	63.435	63.515	63.382	63.452	5
2026-01-15 15:35	63.475	63.660	63.472	63.652	5
2026-01-15 15:40	63.662	63.742	63.642	63.650	5
2026-01-15 15:45	63.645	63.775	63.645	63.732	5
2026-01-15 15:50	63.745	63.805	63.702	63.802	5
2026-01-15 15:55	63.800	63.825	63.705	63.795	5
2026-01-15 16:00	63.770	63.885	63.757	63.855	5
2026-01-15 16:05	63.845	63.855	63.755	63.810	5
2026-01-15 16:10	63.812	63.855	63.782	63.825	5
2026-01-15 16:15	63.820	63.820	63.682	63.712	5
2026-01-15 16:20	63.725	63.725	63.522	63.540	5
2026-01-15 16:25	63.535	63.595	63.458	63.570	5
2026-01-15 16:30	63.575	63.660	63.495	63.512	5
2026-01-15 16:35	63.510	63.540	63.395	63.432	5
2026-01-15 16:40	63.445	63.545	63.412	63.527	5
2026-01-15 16:45	63.532	63.565	63.452	63.462	5
2026-01-15 16:50	63.485	63.485	63.382	63.435	5
2026-01-15 16:55	63.430	63.465	63.385	63.410	5
2026-01-15 17:00	63.405	63.415	63.332	63.415	5
2026-01-15 17:05	63.398	63.455	63.348	63.392	5
2026-01-15 17:10	63.397	63.455	63.345	63.455	5
2026-01-15 17:15	63.445	63.465	63.385	63.405	5
2026-01-15 17:20	63.410	63.532	63.402	63.532	5
2026-01-15 17:25	63.530	63.545	63.472	63.482	5
2026-01-15 17:30	63.495	63.515	63.452	63.475	5
2026-01-15 17:35	63.485	63.615	63.472	63.562	5
2026-01-15 17:40	63.570	63.595	63.505	63.575	5
2026-01-15 17:45	63.565	63.595	63.522	63.585	5
2026-01-15 17:50	63.575	63.575	63.510	63.540	5
2026-01-15 17:55	63.545	63.615	63.522	63.607	5
2026-01-15 18:00	63.615	63.705	63.572	63.580	5
2026-01-15 18:05	63.575	63.632	63.562	63.625	5
2026-01-15 18:10	63.630	63.795	63.622	63.695	5
2026-01-15 18:15	63.700	63.865	63.662	63.822	5
2026-01-15 18:20	63.805	63.985	63.795	63.932	5
2026-01-15 18:25	63.930	64.020	63.848	63.945	5
2026-01-15 18:30	63.942	63.975	63.855	63.855	5
2026-01-15 18:35	63.860	63.935	63.820	63.875	5
2026-01-15 18:40	63.885	63.885	63.812	63.842	5
2026-01-15 18:45	63.835	63.880	63.702	63.710	5
2026-01-15 18:50	63.715	63.715	63.600	63.645	5
2026-01-15 18:55	63.647	63.755	63.632	63.722	5
2026-01-15 19:00	63.715	63.725	63.635	63.710	5
2026-01-15 19:05	63.705	63.775	63.682	63.762	5
2026-01-15 19:10	63.760	63.785	63.742	63.775	5
2026-01-15 19:15	63.785	63.785	63.732	63.752	5
2026-01-15 19:20	63.765	63.795	63.712	63.722	5
2026-01-15 19:25	63.730	63.785	63.702	63.752	5
2026-01-15 19:30	63.760	63.775	63.652	63.660	5
2026-01-15 19:35	63.655	63.675	63.622	63.642	5
2026-01-15 19:40	63.655	63.695	63.627	63.627	5
2026-01-15 19:45	63.632	63.645	63.562	63.602	5
2026-01-15 19:50	63.590	63.615	63.565	63.605	5
2026-01-15 19:55	63.615	63.615	63.542	63.562	5
2026-01-15 20:00	63.570	63.592	63.545	63.560	5
2026-01-15 20:05	63.562	63.625	63.545	63.590	5
2026-01-15 20:10	63.595	63.630	63.572	63.618	5
2026-01-15 20:15	63.612	63.625	63.562	63.572	5
2026-01-15 20:20	63.565	63.575	63.522	63.562	5
2026-01-15 20:25	63.570	63.575	63.460	63.462	5
2026-01-15 20:30	63.472	63.515	63.472	63.485	5
2026-01-15 20:35	63.480	63.505	63.452	63.472	5
2026-01-15 20:40	63.470	63.485	63.422	63.475	5
2026-01-15 20:45	63.485	63.485	63.432	63.440	4
2026-01-15 20:50	63.430	63.470	63.422	63.440	5
2026-01-15 20:55	63.445	63.495	63.435	63.492	5
2026-01-15 21:00	63.488	63.488	63.458	63.488	5
2026-01-15 21:05	63.498	63.618	63.483	63.578	5
2026-01-15 21:10	63.573	63.643	63.558	63.613	5
2026-01-15 21:15	63.618	63.713	63.613	63.688	5
2026-01-15 21:20	63.703	63.798	63.693	63.783	5
2026-01-15 21:25	63.778	63.793	63.728	63.728	5
2026-01-15 21:30	63.733	63.808	63.733	63.763	5
2026-01-15 21:35	63.758	63.773	63.733	63.733	5
2026-01-15 21:40	63.738	63.798	63.738	63.773	5
2026-01-15 21:45	63.768	63.798	63.748	63.773	5
2026-01-15 21:50	63.763	63.793	63.758	63.773	5
2026-01-15 21:55	63.768	63.803	63.748	63.783	5
2026-01-16 01:00	63.697	63.915	63.697	63.910	5
2026-01-16 01:05	63.905	63.905	63.792	63.860	5
2026-01-16 01:10	63.855	63.865	63.820	63.832	5
2026-01-16 01:15	63.845	63.845	63.787	63.800	5
2026-01-16 01:20	63.802	63.830	63.787	63.825	5
2026-01-16 01:25	63.832	63.837	63.800	63.820	5
2026-01-16 01:30	63.812	63.840	63.792	63.812	5
2026-01-16 01:35	63.820	63.825	63.782	63.792	5
2026-01-16 01:40	63.785	63.785	63.710	63.730	5
2026-01-16 01:45	63.725	63.770	63.712	63.745	5
2026-01-16 01:50	63.735	63.780	63.715	63.775	5
2026-01-16 01:55	63.770	63.777	63.712	63.740	5
2026-01-16 02:00	63.735	63.767	63.672	63.690	5
2026-01-16 02:05	63.685	63.720	63.652	63.710	5
2026-01-16 02:10	63.705	63.710	63.672	63.710	5
2026-01-16 02:15	63.705	63.745	63.705	63.740	5
2026-01-16 02:20	63.735	63.760	63.682	63.685	5
2026-01-16 02:25	63.690	63.712	63.680	63.680	5
2026-01-16 02:30	63.685	63.690	63.587	63.620	5
2026-01-16 02:35	63.612	63.630	63.562	63.592	5
2026-01-16 02:40	63.582	63.625	63.520	63.550	5
2026-01-16 02:45	63.552	63.605	63.550	63.572	5
2026-01-16 02:50	63.572	63.600	63.542	63.585	5
2026-01-16 02:55	63.590	63.630	63.572	63.630	5
2026-01-16 03:00	63.620	63.697	63.602	63.622	5
2026-01-16 03:05	63.630	63.652	63.602	63.602	5
2026-01-16 03:10	63.597	63.645	63.585	63.610	5
2026-01-16 03:15	63.600	63.620	63.590	63.605	5
2026-01-16 03:20	63.595	63.595	63.522	63.570	5
2026-01-16 03:25	63.572	63.585	63.552	63.552	5
2026-01-16 03:30	63.560	63.560	63.515	63.527	5
2026-01-16 03:35	63.545	63.605	63.542	63.582	5
2026-01-16 03:40	63.590	63.620	63.557	63.575	5
2026-01-16 03:45	63.570	63.602	63.562	63.600	5
2026-01-16 03:50	63.595	63.615	63.595	63.602	5
2026-01-16 03:55	63.600	63.605	63.562	63.575	5
2026-01-16 04:00	63.570	63.570	63.550	63.565	5
2026-01-16 04:05	63.575	63.585	63.532	63.560	5
2026-01-16 04:10	63.555	63.555	63.545	63.545	5
2026-01-16 04:15	63.532	63.552	63.522	63.552	5
2026-01-16 04:20	63.565	63.617	63.562	63.617	3
2026-01-16 04:25	63.612	63.617	63.592	63.600	5
2026-01-16 04:30	63.592	63.600	63.580	63.590	5
2026-01-16 04:35	63.595	63.625	63.582	63.615	5
2026-01-16 04:40	63.617	63.635	63.612	63.625	5
2026-01-16 04:45	63.630	63.640	63.602	63.605	5
2026-01-16 04:50	63.595	63.595	63.562	63.592	5
2026-01-16 04:55	63.590	63.600	63.572	63.600	5
2026-01-16 05:00	63.595	63.630	63.595	63.605	5
2026-01-16 05:05	63.610	63.615	63.580	63.582	5
2026-01-16 05:10	63.587	63.600	63.565	63.570	5
2026-01-16 05:15	63.565	63.585	63.552	63.582	4
2026-01-16 05:20	63.580	63.585	63.572	63.578	4
2026-01-16 05:25	63.585	63.585	63.550	63.550	4
2026-01-16 05:30	63.545	63.565	63.492	63.512	5
2026-01-16 05:35	63.520	63.605	63.520	63.582	5
2026-01-16 05:40	63.575	63.585	63.542	63.577	5
2026-01-16 05:45	63.572	63.630	63.562	63.620	5
2026-01-16 05:50	63.615	63.618	63.550	63.550	5
2026-01-16 05:55	63.545	63.560	63.497	63.507	5
2026-01-16 06:00	63.505	63.535	63.482	63.505	5
2026-01-16 06:05	63.510	63.510	63.475	63.487	5
2026-01-16 06:10	63.495	63.525	63.487	63.500	5
2026-01-16 06:15	63.515	63.515	63.472	63.497	5
2026-01-16 06:20	63.505	63.505	63.482	63.482	4
2026-01-16 06:25	63.487	63.535	63.420	63.460	5
2026-01-16 06:30	63.465	63.505	63.452	63.505	5
2026-01-16 06:35	63.500	63.510	63.462	63.490	5
2026-01-16 06:40	63.480	63.525	63.470	63.512	5
2026-01-16 06:45	63.517	63.595	63.507	63.585	5
2026-01-16 06:50	63.590	63.655	63.565	63.645	5
2026-01-16 06:55	63.650	63.675	63.635	63.665	5
2026-01-16 07:00	63.655	63.765	63.655	63.752	5
2026-01-16 07:05	63.762	63.855	63.762	63.832	5
2026-01-16 07:10	63.845	63.880	63.792	63.842	5
2026-01-16 07:15	63.835	63.915	63.812	63.892	5
2026-01-16 07:20	63.890	63.897	63.812	63.862	5
2026-01-16 07:25	63.875	63.905	63.805	63.840	5
2026-01-16 07:30	63.842	63.970	63.832	63.955	5
2026-01-16 07:35	63.945	64.015	63.928	63.955	5
2026-01-16 07:40	63.947	63.947	63.810	63.875	5
2026-01-16 07:45	63.880	63.902	63.775	63.812	5
2026-01-16 07:50	63.817	63.875	63.802	63.852	5
2026-01-16 07:55	63.835	63.855	63.742	63.822	5
2026-01-16 08:00	63.835	63.845	63.762	63.775	5
2026-01-16 08:05	63.780	63.805	63.682	63.700	5
2026-01-16 08:10	63.705	63.755	63.672	63.747	5
2026-01-16 08:15	63.755	63.785	63.672	63.735	5
2026-01-16 08:20	63.745	63.765	63.662	63.722	5
2026-01-16 08:25	63.715	63.750	63.612	63.660	5
2026-01-16 08:30	63.652	63.785	63.642	63.720	5
2026-01-16 08:35	63.715	63.722	63.655	63.680	5
2026-01-16 08:40	63.682	63.855	63.680	63.820	5
2026-01-16 08:45	63.805	63.930	63.762	63.927	5
2026-01-16 08:50	63.925	64.140	63.912	64.110	5
2026-01-16 08:55	64.105	64.145	64.070	64.082	5
2026-01-16 09:00	64.095	64.095	63.982	64.005	5
2026-01-16 09:05	64.015	64.225	63.972	64.212	5
2026-01-16 09:10	64.185	64.295	64.092	64.292	5
2026-01-16 09:15	64.285	64.335	64.215	64.232	5
2026-01-16 09:20	64.245	64.305	64.202	64.302	5
2026-01-16 09:25	64.310	64.415	64.288	64.402	5
2026-01-16 09:30	64.415	64.505	64.400	64.415	5
2026-01-16 09:35	64.405	64.425	64.307	64.402	5
2026-01-16 09:40	64.415	64.440	64.302	64.362	5
2026-01-16 09:45	64.355	64.415	64.312	64.352	5
2026-01-16 09:50	64.340	64.412	64.262	64.275	5
2026-01-16 09:55	64.285	64.295	64.212	64.250	5
2026-01-16 10:00	64.255	64.330	64.222	64.285	5
2026-01-16 10:05	64.272	64.310	64.215	64.257	5
2026-01-16 10:10	64.260	64.455	64.260	64.412	5
2026-01-16 10:15	64.402	64.455	64.332	64.365	5
2026-01-16 10:20	64.355	64.385	64.322	64.322	5
2026-01-16 10:25	64.335	64.415	64.332	64.365	5
2026-01-16 10:30	64.370	64.465	64.332	64.430	5
2026-01-16 10:35	64.425	64.460	64.372	64.415	5
2026-01-16 10:40	64.425	64.425	64.362	64.402	5
2026-01-16 10:45	64.400	64.552	64.382	64.502	5
2026-01-16 10:50	64.512	64.530	64.420	64.447	5
2026-01-16 10:55	64.465	64.605	64.452	64.567	5
2026-01-16 11:00	64.565	64.625	64.492	64.492	5
2026-01-16 11:05	64.482	64.510	64.402	64.485	5
2026-01-16 11:10	64.495	64.545	64.455	64.492	5
2026-01-16 11:15	64.485	64.545	64.482	64.532	5
2026-01-16 11:20	64.540	64.555	64.522	64.555	5
2026-01-16 11:25	64.545	64.560	64.482	64.512	5
2026-01-16 11:30	64.520	64.565	64.502	64.562	5
2026-01-16 11:35	64.580	64.585	64.532	64.557	5
2026-01-16 11:40	64.555	64.585	64.542	64.562	5
2026-01-16 11:45	64.575	64.575	64.502	64.515	5
2026-01-16 11:50	64.520	64.552	64.492	64.512	5
2026-01-16 11:55	64.520	64.575	64.515	64.542	5
2026-01-16 12:00	64.538	64.538	64.448	64.532	5
2026-01-16 12:05	64.545	64.585	64.532	64.535	5
2026-01-16 12:10	64.542	64.612	64.535	64.562	5
2026-01-16 12:15	64.575	64.745	64.575	64.640	5
2026-01-16 12:20	64.642	64.750	64.638	64.732	5
2026-01-16 12:25	64.720	64.742	64.632	64.665	5
2026-01-16 12:30	64.675	64.675	64.582	64.632	5
2026-01-16 12:35	64.645	64.702	64.615	64.615	5
2026-01-16 12:40	64.620	64.635	64.592	64.625	5
2026-01-16 12:45	64.610	64.625	64.492	64.532	5
2026-01-16 12:50	64.545	64.608	64.525	64.575	5
2026-01-16 12:55	64.580	64.582	64.422	64.432	5
2026-01-16 13:00	64.415	64.428	64.342	64.372	5
2026-01-16 13:05	64.370	64.405	64.332	64.375	5
2026-01-16 13:10	64.367	64.485	64.367	64.445	5
2026-01-16 13:15	64.460	64.465	64.372	64.452	5
2026-01-16 13:20	64.445	64.465	64.402	64.442	5
2026-01-16 13:25	64.435	64.475	64.402	64.432	5
2026-01-16 13:30	64.425	64.485	64.397	64.412	5
2026-01-16 13:35	64.420	64.475	64.415	64.460	5
2026-01-16 13:40	64.455	64.495	64.452	64.472	5
2026-01-16 13:45	64.477	64.565	64.475	64.565	5
2026-01-16 13:50	64.570	64.620	64.532	64.532	5
2026-01-16 13:55	64.540	64.695	64.532	64.645	5
2026-01-16 14:00	64.625	64.670	64.532	64.565	5
2026-01-16 14:05	64.575	64.595	64.532	64.587	5
2026-01-16 14:10	64.585	64.665	64.532	64.562	5
2026-01-16 14:15	64.555	64.675	64.552	64.635	5
2026-01-16 14:20	64.630	64.745	64.562	64.710	5
2026-01-16 14:25	64.705	64.725	64.582	64.600	5
2026-01-16 14:30	64.605	64.605	64.432	64.532	5
2026-01-16 14:35	64.525	64.545	64.342	64.352	5
2026-01-16 14:40	64.360	64.365	64.172	64.215	5
2026-01-16 14:45	64.212	64.365	64.182	64.322	5
2026-01-16 14:50	64.335	64.335	64.192	64.242	5
2026-01-16 14:55	64.255	64.295	64.190	64.225	5
2026-01-16 15:00	64.235	64.245	64.122	64.230	5
2026-01-16 15:05	64.235	64.305	64.215	64.245	5
2026-01-16 15:10	64.240	64.385	64.237	64.382	5
2026-01-16 15:15	64.375	64.432	64.308	64.308	5
2026-01-16 15:20	64.313	64.435	64.312	64.422	5
2026-01-16 15:25	64.415	64.415	64.325	64.355	5
2026-01-16 15:30	64.365	64.385	64.252	64.375	5
2026-01-16 15:35	64.370	64.470	64.342	64.460	5
2026-01-16 15:40	64.445	64.495	64.397	64.410	5
2026-01-16 15:45	64.402	64.470	64.347	64.347	5
2026-01-16 15:50	64.355	64.362	64.242	64.342	5
2026-01-16 15:55	64.335	64.400	64.322	64.332	5
2026-01-16 16:00	64.322	64.345	64.255	64.342	5
2026-01-16 16:05	64.355	64.385	64.322	64.332	5
2026-01-16 16:10	64.340	64.455	64.322	64.445	5
2026-01-16 16:15	64.455	64.505	64.425	64.472	5
2026-01-16 16:20	64.480	64.565	64.462	64.545	5
2026-01-16 16:25	64.535	64.545	64.465	64.465	5
2026-01-16 16:30	64.475	64.505	64.432	64.442	5
2026-01-16 16:35	64.440	64.505	64.422	64.442	5
2026-01-16 16:40	64.450	64.455	64.402	64.452	5
2026-01-16 16:45	64.465	64.465	64.362	64.372	5
2026-01-16 16:50	64.380	64.505	64.380	64.495	5
2026-01-16 16:55	64.500	64.515	64.457	64.485	5
2026-01-16 17:00	64.490	64.525	64.450	64.505	5
2026-01-16 17:05	64.495	64.515	64.445	64.447	5
2026-01-16 17:10	64.455	64.465	64.402	64.440	5
2026-01-16 17:15	64.445	64.615	64.440	64.475	5
2026-01-16 17:20	64.480	64.510	64.430	64.505	5
2026-01-16 17:25	64.510	64.535	64.432	64.455	5
2026-01-16 17:30	64.450	64.485	64.432	64.465	5
2026-01-16 17:35	64.470	64.495	64.425	64.435	5
2026-01-16 17:40	64.437	64.445	64.152	64.272	5
2026-01-16 17:45	64.280	64.415	64.262	64.405	5
2026-01-16 17:50	64.385	64.412	64.352	64.410	5
2026-01-16 17:55	64.415	64.505	64.407	64.412	5
2026-01-16 18:00	64.420	64.475	64.352	64.442	5
2026-01-16 18:05	64.450	64.495	64.432	64.465	5
2026-01-16 18:10	64.475	64.565	64.470	64.502	5
2026-01-16 18:15	64.510	64.525	64.440	64.442	5
2026-01-16 18:20	64.440	64.505	64.412	64.502	5
2026-01-16 18:25	64.500	64.555	64.500	64.542	5
2026-01-16 18:30	64.547	64.550	64.512	64.522	5
2026-01-16 18:35	64.530	64.530	64.400	64.400	5
2026-01-16 18:40	64.395	64.425	64.300	64.307	5
2026-01-16 18:45	64.305	64.325	64.277	64.315	5
2026-01-16 18:50	64.310	64.435	64.305	64.402	5
2026-01-16 18:55	64.395	64.525	64.385	64.500	5
2026-01-16 19:00	64.492	64.505	64.462	64.482	5
2026-01-16 19:05	64.490	64.490	64.362	64.362	5
2026-01-16 19:10	64.370	64.400	64.315	64.315	5
2026-01-16 19:15	64.325	64.365	64.220	64.235	5
2026-01-16 19:20	64.232	64.285	64.202	64.220	5
2026-01-16 19:25	64.222	64.295	64.062	64.102	5
2026-01-16 19:30	64.100	64.105	63.982	64.025	5
2026-01-16 19:35	64.020	64.080	64.002	64.065	5
2026-01-16 19:40	64.055	64.075	64.012	64.027	5
2026-01-16 19:45	64.035	64.080	64.020	64.070	5
2026-01-16 19:50	64.075	64.085	64.045	64.085	5
2026-01-16 19:55	64.090	64.175	64.090	64.142	5
2026-01-16 20:00	64.140	64.142	64.092	64.105	5
2026-01-16 20:05	64.095	64.162	64.092	64.157	5
2026-01-16 20:10	64.155	64.165	64.145	64.155	5
2026-01-16 20:15	64.165	64.165	64.132	64.140	4
2026-01-16 20:20	64.135	64.152	64.115	64.152	5
2026-01-16 20:25	64.150	64.222	64.142	64.222	5
2026-01-16 20:30	64.230	64.230	64.182	64.205	5
2026-01-16 20:35	64.200	64.207	64.185	64.187	5
2026-01-16 20:40	64.192	64.205	64.172	64.172	5
2026-01-16 20:45	64.165	64.175	64.145	64.167	5
2026-01-16 20:50	64.175	64.195	64.170	64.182	5
2026-01-16 20:55	64.177	64.185	64.062	64.077	5
2026-01-16 21:00	64.070	64.073	64.023	64.068	5
2026-01-16 21:05	64.058	64.098	64.053	64.093	5
2026-01-16 21:10	64.098	64.118	64.093	64.108	5
2026-01-16 21:15	64.113	64.123	64.093	64.123	5
2026-01-16 21:20	64.118	64.118	64.098	64.103	5
2026-01-16 21:25	64.113	64.113	64.063	64.078	5
2026-01-16 21:30	64.068	64.068	64.038	64.038	3
2026-01-16 21:35	64.028	64.068	64.028	64.043	4
2026-01-16 21:40	64.038	64.053	64.028	64.038	5
2026-01-16 21:45	64.033	64.038	64.008	64.013	5
2026-01-16 21:50	64.018	64.028	63.998	64.008	5
2026-01-16 21:55	64.013	64.018	63.947	63.982	5
2026-01-19 01:00	64.025	64.045	63.915	63.960	5
2026-01-19 01:05	63.965	63.975	63.900	63.970	5
2026-01-19 01:10	63.975	63.985	63.865	63.915	5
2026-01-19 01:15	63.910	64.000	63.910	63.965	5
2026-01-19 01:20	63.960	63.985	63.945	63.950	5
2026-01-19 01:25	63.955	64.005	63.950	63.995	5
2026-01-19 01:30	64.000	64.050	63.975	64.040	5
2026-01-19 01:35	64.030	64.085	64.025	64.065	5
2026-01-19 01:40	64.070	64.090	64.050	64.075	5
2026-01-19 01:45	64.065	64.100	64.065	64.100	5
2026-01-19 01:50	64.095	64.155	64.065	64.155	5
2026-01-19 01:55	64.145	64.195	64.140	64.155	5
2026-01-19 02:00	64.160	64.200	64.145	64.185	5
2026-01-19 02:05	64.175	64.175	64.105	64.125	5
2026-01-19 02:10	64.110	64.175	64.105	64.145	5
2026-01-19 02:15	64.130	64.135	64.105	64.115	5
2026-01-19 02:20	64.125	64.145	64.115	64.125	5
2026-01-19 02:25	64.130	64.165	64.120	64.155	4
2026-01-19 02:30	64.145	64.180	64.130	64.155	5
2026-01-19 02:35	64.145	64.165	64.130	64.145	4
2026-01-19 02:40	64.140	64.145	64.075	64.110	5
2026-01-19 02:45	64.105	64.145	64.100	64.135	5
2026-01-19 02:50	64.130	64.175	64.125	64.175	5
2026-01-19 02:55	64.170	64.215	64.165	64.175	5
2026-01-19 03:00	64.165	64.215	64.165	64.170	5
2026-01-19 03:05	64.175	64.195	64.160	64.175	5
2026-01-19 03:10	64.180	64.200	64.170	64.185	4
2026-01-19 03:15	64.195	64.195	64.175	64.195	5
2026-01-19 03:20	64.185	64.185	64.165	64.170	5
2026-01-19 03:25	64.175	64.190	64.165	64.170	5
2026-01-19 03:30	64.175	64.215	64.175	64.210	4
2026-01-19 03:35	64.215	64.245	64.195	64.220	5
2026-01-19 03:40	64.225	64.225	64.210	64.215	4
2026-01-19 03:45	64.210	64.235	64.205	64.215	5
2026-01-19 03:50	64.220	64.230	64.185	64.215	5
2026-01-19 03:55	64.220	64.245	64.215	64.245	4
2026-01-19 04:00	64.250	64.250	64.210	64.215	4
2026-01-19 04:05	64.195	64.225	64.195	64.215	4
2026-01-19 04:10	64.215	64.255	64.215	64.255	3
2026-01-19 04:15	64.245	64.305	64.240	64.295	3
2026-01-19 04:20	64.305	64.365	64.300	64.345	4
2026-01-19 04:25	64.335	64.355	64.285	64.285	5
2026-01-19 04:30	64.295	64.295	64.265	64.270	5
2026-01-19 04:35	64.265	64.315	64.265	64.305	4
2026-01-19 04:40	64.300	64.305	64.265	64.275	5
2026-01-19 04:45	64.285	64.285	64.170	64.175	5
2026-01-19 04:50	64.170	64.170	64.115	64.145	5
2026-01-19 04:55	64.135	64.135	64.055	64.055	5
2026-01-19 05:00	64.065	64.125	64.055	64.120	5
2026-01-19 05:05	64.115	64.175	64.115	64.165	4
2026-01-19 05:10	64.170	64.175	64.140	64.145	5
2026-01-19 05:15	64.155	64.170	64.120	64.140	5
2026-01-19 05:20	64.135	64.135	64.075	64.100	4
2026-01-19 05:25	64.105	64.105	64.075	64.090	3
2026-01-19 05:30	64.105	64.120	64.055	64.085	5
2026-01-19 05:35	64.090	64.095	64.035	64.050	5
2026-01-19 05:40	64.055	64.070	64.040	64.070	5
2026-01-19 05:45	64.065	64.085	64.055	64.070	5
2026-01-19 05:50	64.065	64.065	63.965	63.985	5
2026-01-19 05:55	63.990	64.055	63.950	64.030	5
2026-01-19 06:00	64.025	64.045	63.960	63.965	5
2026-01-19 06:05	63.970	63.990	63.910	63.925	5
2026-01-19 06:10	63.905	63.930	63.780	63.790	5
2026-01-19 06:15	63.795	63.805	63.715	63.725	5
2026-01-19 06:20	63.730	63.765	63.715	63.755	5
2026-01-19 06:25	63.750	63.810	63.745	63.805	5
2026-01-19 06:30	63.800	63.835	63.795	63.800	5
2026-01-19 06:35	63.805	63.810	63.710	63.715	5
2026-01-19 06:40	63.720	63.720	63.625	63.660	5
2026-01-19 06:45	63.665	63.675	63.600	63.630	5
2026-01-19 06:50	63.625	63.660	63.585	63.630	5
2026-01-19 06:55	63.625	63.675	63.610	63.650	5
2026-01-19 07:00	63.665	63.670	63.595	63.620	5
2026-01-19 07:05	63.615	63.615	63.565	63.575	5
2026-01-19 07:10	63.570	63.645	63.555	63.630	5
2026-01-19 07:15	63.625	63.735	63.600	63.735	5
2026-01-19 07:20	63.745	63.825	63.735	63.820	5
2026-01-19 07:25	63.815	63.815	63.735	63.755	5
2026-01-19 07:30	63.760	63.870	63.750	63.855	5
2026-01-19 07:35	63.845	63.895	63.835	63.860	5
2026-01-19 07:40	63.855	63.860	63.660	63.745	5
2026-01-19 07:45	63.755	63.785	63.655	63.655	5
2026-01-19 07:50	63.650	63.705	63.625	63.660	5
2026-01-19 07:55	63.665	63.765	63.540	63.695	5
2026-01-19 08:00	63.685	63.765	63.675	63.755	5
2026-01-19 08:05	63.765	63.805	63.715	63.775	5
2026-01-19 08:10	63.770	63.825	63.705	63.795	5
2026-01-19 08:15	63.790	63.795	63.615	63.615	5
2026-01-19 08:20	63.605	63.615	63.495	63.585	5
2026-01-19 08:25	63.590	63.635	63.495	63.570	5
2026-01-19 08:30	63.580	63.670	63.500	63.605	5
2026-01-19 08:35	63.615	63.625	63.390	63.405	5
2026-01-19 08:40	63.415	63.505	63.295	63.455	5
2026-01-19 08:45	63.460	63.495	63.405	63.465	5
2026-01-19 08:50	63.470	63.580	63.435	63.575	5
2026-01-19 08:55	63.570	63.690	63.560	63.600	5
2026-01-19 09:00	63.625	63.625	63.435	63.460	5
2026-01-19 09:05	63.455	63.465	63.365	63.395	5
2026-01-19 09:10	63.385	63.525	63.385	63.485	5
2026-01-19 09:15	63.470	63.505	63.435	63.455	5
2026-01-19 09:20	63.465	63.475	63.385	63.385	5
2026-01-19 09:25	63.390	63.415	63.355	63.395	5
2026-01-19 09:30	63.385	63.405	63.295	63.370	5
2026-01-19 09:35	63.365	63.375	63.295	63.335	5
2026-01-19 09:40	63.325	63.355	63.255	63.295	5
2026-01-19 09:45	63.300	63.365	63.285	63.360	5
2026-01-19 09:50	63.355	63.465	63.305	63.315	5
2026-01-19 09:55	63.325	63.345	63.275	63.295	5
2026-01-19 10:00	63.305	63.425	63.285	63.415	5
2026-01-19 10:05	63.410	63.515	63.385	63.440	5
2026-01-19 10:10	63.435	63.500	63.425	63.495	5
2026-01-19 10:15	63.500	63.585	63.495	63.585	5
2026-01-19 10:20	63.595	63.605	63.485	63.535	5
2026-01-19 10:25	63.530	63.545	63.485	63.495	5
2026-01-19 10:30	63.490	63.585	63.490	63.520	5
2026-01-19 10:35	63.525	63.690	63.515	63.635	5
2026-01-19 10:40	63.625	63.705	63.625	63.700	5
2026-01-19 10:45	63.705	63.765	63.635	63.640	5
2026-01-19 10:50	63.635	63.680	63.605	63.625	5
2026-01-19 10:55	63.615	63.705	63.615	63.685	5
2026-01-19 11:00	63.700	63.715	63.620	63.635	5
2026-01-19 11:05	63.640	63.655	63.565	63.570	5
2026-01-19 11:10	63.565	63.625	63.565	63.605	5
2026-01-19 11:15	63.595	63.705	63.595	63.655	5
2026-01-19 11:20	63.650	63.695	63.540	63.560	5
2026-01-19 11:25	63.555	63.725	63.505	63.725	5
2026-01-19 11:30	63.720	63.765	63.665	63.725	5
2026-01-19 11:35	63.715	63.745	63.545	63.565	5
2026-01-19 11:40	63.560	63.690	63.525	63.690	5
2026-01-19 11:45	63.675	63.785	63.675	63.755	5
2026-01-19 11:50	63.745	63.805	63.705	63.775	5
2026-01-19 11:55	63.765	63.775	63.715	63.715	5
2026-01-19 12:00	63.700	63.725	63.650	63.680	5
2026-01-19 12:05	63.665	63.705	63.605	63.615	5
2026-01-19 12:10	63.620	63.685	63.595	63.675	5
2026-01-19 12:15	63.660	63.680	63.590	63.595	5
2026-01-19 12:20	63.590	63.715	63.570	63.640	5
2026-01-19 12:25	63.635	63.660	63.595	63.625	5
2026-01-19 12:30	63.605	63.700	63.605	63.665	5
2026-01-19 12:35	63.660	63.740	63.655	63.725	5
2026-01-19 12:40	63.720	63.765	63.705	63.705	5
2026-01-19 12:45	63.700	63.715	63.675	63.695	5
2026-01-19 12:50	63.690	63.765	63.685	63.755	5
2026-01-19 12:55	63.750	63.775	63.735	63.750	5
2026-01-19 13:00	63.735	63.785	63.685	63.780	5
2026-01-19 13:05	63.775	63.815	63.705	63.795	5
2026-01-19 13:10	63.790	63.800	63.695	63.715	5
2026-01-19 13:15	63.710	63.745	63.680	63.735	5
2026-01-19 13:20	63.745	63.780	63.715	63.775	5
2026-01-19 13:25	63.765	63.785	63.745	63.755	5
2026-01-19 13:30	63.765	63.795	63.700	63.705	5
2026-01-19 13:35	63.710	63.715	63.675	63.705	5
2026-01-19 13:40	63.715	63.725	63.635	63.695	5
2026-01-19 13:45	63.675	63.775	63.665	63.755	5
2026-01-19 13:50	63.750	63.785	63.735	63.755	5
2026-01-19 13:55	63.750	63.765	63.740	63.765	5
2026-01-19 14:00	63.755	63.775	63.725	63.775	5
2026-01-19 14:05	63.765	63.810	63.725	63.725	5
2026-01-19 14:10	63.730	63.765	63.685	63.765	5
2026-01-19 14:15	63.755	63.805	63.725	63.765	5
2026-01-19 14:20	63.760	63.815	63.750	63.755	5
2026-01-19 14:25	63.760	63.830	63.755	63.765	5
2026-01-19 14:30	63.775	63.915	63.775	63.905	5
2026-01-19 14:35	63.895	63.955	63.845	63.855	5
2026-01-19 14:40	63.850	63.925	63.845	63.925	5
2026-01-19 14:45	63.915	64.055	63.915	64.005	5
2026-01-19 14:50	63.995	64.045	63.995	64.015	5
2026-01-19 14:55	64.010	64.065	63.995	64.055	5
2026-01-19 15:00	64.060	64.125	64.045	64.095	5
2026-01-19 15:05	64.105	64.115	64.050	64.085	5
2026-01-19 15:10	64.105	64.165	64.045	64.050	5
2026-01-19 15:15	64.055	64.055	63.985	64.005	5
2026-01-19 15:20	64.015	64.015	63.935	63.985	5
2026-01-19 15:25	63.990	64.035	63.975	64.015	5
2026-01-19 15:30	64.010	64.145	64.010	64.135	5
2026-01-19 15:35	64.145	64.165	64.105	64.115	5
2026-01-19 15:40	64.110	64.135	64.075	64.090	5
2026-01-19 15:45	64.085	64.135	64.065	64.085	5
2026-01-19 15:50	64.090	64.105	64.070	64.085	5
2026-01-19 15:55	64.065	64.155	64.055	64.095	5
2026-01-19 16:00	64.090	64.145	63.975	64.135	5
2026-01-19 16:05	64.140	64.205	64.095	64.135	5
2026-01-19 16:10	64.140	64.215	64.135	64.185	5
2026-01-19 16:15	64.175	64.185	64.095	64.185	5
2026-01-19 16:20	64.170	64.225	64.105	64.165	5
2026-01-19 16:25	64.170	64.215	64.125	64.185	5
2026-01-19 16:30	64.195	64.200	64.110	64.115	5
2026-01-19 16:35	64.110	64.125	64.075	64.110	5
2026-01-19 16:40	64.115	64.140	64.065	64.135	5
2026-01-19 16:45	64.130	64.175	64.125	64.165	5
2026-01-19 16:50	64.160	64.225	64.145	64.185	5
2026-01-19 16:55	64.195	64.200	64.125	64.155	5
2026-01-19 17:00	64.165	64.225	64.155	64.225	5
2026-01-19 17:05	64.215	64.220	64.075	64.105	5
2026-01-19 17:10	64.085	64.125	64.075	64.125	5
2026-01-19 17:15	64.130	64.130	64.095	64.105	5
2026-01-19 17:20	64.110	64.150	64.105	64.105	5
2026-01-19 17:25	64.110	64.115	64.020	64.030	5
2026-01-19 17:30	64.035	64.035	63.915	64.005	5
2026-01-19 17:35	64.000	64.015	63.975	63.985	5
2026-01-19 17:40	63.975	63.980	63.940	63.975	5
2026-01-19 17:45	63.980	64.005	63.965	63.995	5
2026-01-19 17:50	64.000	64.035	63.970	64.020	5
2026-01-19 17:55	64.015	64.025	63.875	63.915	5
2026-01-19 18:00	63.910	64.055	63.905	64.045	5
2026-01-19 18:05	64.050	64.090	64.045	64.085	5
2026-01-19 18:10	64.090	64.100	64.060	64.085	5
2026-01-19 18:15	64.090	64.115	64.090	64.115	5
2026-01-19 18:20	64.110	64.115	64.085	64.115	5
2026-01-19 18:25	64.105	64.110	64.085	64.100	5
2026-01-19 18:30	64.105	64.125	64.075	64.115	5
2026-01-19 18:35	64.110	64.115	64.110	64.115	1
2026-01-19 18:40	64.125	64.160	64.120	64.125	4
2026-01-19 18:45	64.135	64.145	64.125	64.130	5
2026-01-19 18:50	64.125	64.125	64.055	64.080	5
2026-01-19 18:55	64.070	64.100	64.025	64.090	5
2026-01-19 19:00	64.095	64.095	64.080	64.080	5
2026-01-19 19:05	64.085	64.120	64.080	64.090	4
2026-01-19 19:10	64.095	64.140	64.085	64.135	4
2026-01-19 19:15	64.130	64.160	64.130	64.155	4
2026-01-19 19:20	64.150	64.170	64.140	64.145	4
2026-01-19 19:25	64.140	64.155	64.130	64.135	5
2026-01-19 19:30	64.140	64.145	64.115	64.130	4
2026-01-19 19:35	64.125	64.140	64.120	64.130	2
2026-01-19 19:40	64.115	64.125	64.100	64.110	4
2026-01-19 19:45	64.115	64.120	64.085	64.085	4
2026-01-19 19:50	64.095	64.095	64.090	64.090	1
2026-01-19 19:55	64.090	64.095	64.085	64.090	4
2026-01-19 20:00	64.095	64.125	64.095	64.125	3
2026-01-19 20:05	64.120	64.145	64.120	64.130	4
2026-01-19 20:10	64.135	64.140	64.130	64.140	2
2026-01-19 20:15	64.135	64.140	64.125	64.140	3
2026-01-19 20:20	64.135	64.145	64.130	64.135	5
2026-01-19 20:25	64.140	64.165	64.140	64.155	3
2026-01-19 20:30	64.155	64.155	64.135	64.135	2
2026-01-19 20:35	64.150	64.160	64.145	64.160	2
2026-01-19 20:40	64.150	64.170	64.145	64.160	5
2026-01-19 20:45	64.165	64.175	64.130	64.140	4
2026-01-19 20:50	64.135	64.150	64.120	64.150	4
2026-01-19 20:55	64.155	64.165	64.155	64.165	2
2026-01-19 21:00	64.142	64.142	64.097	64.117	4
2026-01-19 21:05	64.107	64.107	64.107	64.107	1
2026-01-19 21:10	64.102	64.102	64.102	64.102	1
2026-01-19 21:25	64.117	64.117	64.107	64.107	3
2026-01-19 21:30	64.112	64.117	64.097	64.097	4
2026-01-19 21:35	64.092	64.097	64.087	64.097	3
2026-01-19 21:40	64.102	64.102	64.082	64.102	4
2026-01-19 21:45	64.107	64.127	64.087	64.102	4
2026-01-19 21:50	64.107	64.117	64.107	64.112	3
2026-01-19 21:55	64.122	64.142	64.122	64.137	2
2026-01-20 01:00	64.130	64.170	64.025	64.070	5
2026-01-20 01:05	64.065	64.110	64.015	64.030	5
2026-01-20 01:10	64.025	64.045	63.985	64.025	5
2026-01-20 01:15	64.020	64.030	63.955	63.965	5
2026-01-20 01:20	63.970	64.025	63.965	64.025	5
2026-01-20 01:25	64.055	64.090	64.045	64.075	5
2026-01-20 01:30	64.070	64.105	64.055	64.070	5
2026-01-20 01:35	64.065	64.065	64.025	64.050	5
2026-01-20 01:40	64.045	64.065	64.000	64.005	5
2026-01-20 01:45	64.010	64.050	64.010	64.045	5
2026-01-20 01:50	64.050	64.065	64.025	64.045	5
2026-01-20 01:55	64.035	64.035	63.950	63.950	5
2026-01-20 02:00	63.945	63.990	63.915	63.935	5
2026-01-20 02:05	63.940	63.980	63.940	63.975	5
2026-01-20 02:10	63.970	63.985	63.960	63.970	5
2026-01-20 02:15	63.975	64.025	63.975	64.015	4
2026-01-20 02:20	64.020	64.025	63.965	63.975	5
2026-01-20 02:25	63.980	63.990	63.965	63.985	5
2026-01-20 02:30	63.975	63.975	63.930	63.940	5
2026-01-20 02:35	63.945	63.945	63.900	63.925	5
2026-01-20 02:40	63.920	63.965	63.915	63.950	5
2026-01-20 02:45	63.945	63.950	63.925	63.935	5
2026-01-20 02:50	63.950	64.000	63.945	64.000	5
2026-01-20 02:55	64.010	64.055	64.005	64.010	5
2026-01-20 03:00	64.005	64.030	63.930	63.930	5
2026-01-20 03:05	63.925	63.950	63.925	63.935	5
2026-01-20 03:10	63.925	63.975	63.915	63.970	5
2026-01-20 03:15	63.965	63.965	63.935	63.940	5
2026-01-20 03:20	63.945	63.970	63.925	63.935	5
2026-01-20 03:25	63.940	63.970	63.940	63.970	5
2026-01-20 03:30	63.965	64.035	63.955	63.985	5
2026-01-20 03:35	63.990	64.000	63.980	63.985	4
2026-01-20 03:40	63.990	64.005	63.985	63.990	4
2026-01-20 03:45	63.985	63.995	63.985	63.990	2
2026-01-20 03:50	63.990	64.040	63.990	64.035	5
2026-01-20 03:55	64.040	64.085	64.035	64.075	5
2026-01-20 04:00	64.080	64.165	64.075	64.135	4
2026-01-20 04:05	64.145	64.155	64.115	64.125	5
2026-01-20 04:10	64.130	64.135	64.105	64.115	5
2026-01-20 04:15	64.105	64.105	64.075	64.085	2
2026-01-20 04:20	64.085	64.090	64.075	64.085	3
2026-01-20 04:25	64.090	64.095	64.065	64.065	2
2026-01-20 04:30	64.075	64.085	64.065	64.065	4
2026-01-20 04:35	64.070	64.105	64.065	64.090	5
2026-01-20 04:40	64.085	64.090	64.050	64.060	4
2026-01-20 04:45	64.065	64.065	64.045	64.060	5
2026-01-20 04:50	64.055	64.055	64.010	64.020	4
2026-01-20 04:55	64.015	64.015	63.995	64.000	5
2026-01-20 05:00	64.005	64.010	63.935	63.945	4
2026-01-20 05:05	63.950	63.965	63.940	63.940	4
2026-01-20 05:10	63.935	63.935	63.905	63.930	5
2026-01-20 05:15	63.935	63.965	63.930	63.960	5
2026-01-20 05:20	63.965	63.965	63.935	63.955	5
2026-01-20 05:25	63.945	63.980	63.945	63.965	5
2026-01-20 05:30	63.980	64.040	63.975	63.990	5
2026-01-20 05:35	63.985	63.995	63.965	63.970	5
2026-01-20 05:40	63.965	64.025	63.965	63.980	5
2026-01-20 05:45	63.990	64.030	63.990	64.030	5
2026-01-20 05:50	64.025	64.040	63.985	63.985	5
2026-01-20 05:55	63.990	64.010	63.935	63.975	5
2026-01-20 06:00	63.970	63.990	63.950	63.975	5
2026-01-20 06:05	63.970	64.030	63.955	64.025	5
2026-01-20 06:10	64.020	64.060	64.000	64.050	5
2026-01-20 06:15	64.055	64.055	63.985	64.015	5
2026-01-20 06:20	64.020	64.055	63.995	64.035	5
2026-01-20 06:25	64.040	64.095	64.035	64.070	5
2026-01-20 06:30	64.060	64.070	63.930	63.935	5
2026-01-20 06:35	63.930	63.975	63.865	63.875	5
2026-01-20 06:40	63.850	63.950	63.845	63.935	5
2026-01-20 06:45	63.945	64.020	63.935	64.020	5
2026-01-20 06:50	64.015	64.015	63.970	63.975	5
2026-01-20 06:55	63.970	64.020	63.935	64.020	5
2026-01-20 07:00	64.045	64.255	64.045	64.165	5
2026-01-20 07:05	64.160	64.165	63.925	63.935	5
2026-01-20 07:10	63.930	63.985	63.885	63.955	5
2026-01-20 07:15	63.945	63.955	63.815	63.845	5
2026-01-20 07:20	63.825	63.855	63.805	63.845	5
2026-01-20 07:25	63.850	63.875	63.795	63.865	5
2026-01-20 07:30	63.840	63.845	63.775	63.825	5
2026-01-20 07:35	63.815	63.825	63.705	63.755	5
2026-01-20 07:40	63.765	63.775	63.685	63.725	5
2026-01-20 07:45	63.720	63.755	63.690	63.715	5
2026-01-20 07:50	63.725	63.725	63.620	63.625	5
2026-01-20 07:55	63.605	63.670	63.590	63.655	5
2026-01-20 08:00	63.645	63.670	63.595	63.615	5
2026-01-20 08:05	63.595	63.685	63.565	63.625	5
2026-01-20 08:10	63.635	63.695	63.615	63.615	5
2026-01-20 08:15	63.610	63.625	63.535	63.555	5
2026-01-20 08:20	63.550	63.595	63.450	63.495	5
2026-01-20 08:25	63.505	63.515	63.365	63.385	5
2026-01-20 08:30	63.375	63.575	63.375	63.570	5
2026-01-20 08:35	63.575	63.585	63.485	63.485	5
2026-01-20 08:40	63.495	63.545	63.465	63.525	5
2026-01-20 08:45	63.530	63.555	63.485	63.505	5
2026-01-20 08:50	63.490	63.585	63.455	63.555	5
2026-01-20 08:55	63.565	63.655	63.515	63.655	5
2026-01-20 09:00	63.665	63.785	63.625	63.765	5
2026-01-20 09:05	63.755	63.775	63.700	63.705	5
2026-01-20 09:10	63.715	63.795	63.700	63.765	5
2026-01-20 09:15	63.775	63.870	63.775	63.845	5
2026-01-20 09:20	63.835	63.955	63.825	63.940	5
2026-01-20 09:25	63.935	64.135	63.935	64.115	5
2026-01-20 09:30	64.110	64.115	63.932	63.945	5
2026-01-20 09:35	63.935	63.965	63.875	63.915	5
2026-01-20 09:40	63.905	64.015	63.892	63.932	5
2026-01-20 09:45	63.940	63.955	63.797	63.860	5
2026-01-20 09:50	63.855	63.935	63.855	63.920	5
2026-01-20 09:55	63.925	64.102	63.868	64.095	5
2026-01-20 10:00	64.093	64.175	64.050	64.082	5
2026-01-20 10:05	64.075	64.075	63.987	64.015	5
2026-01-20 10:10	64.005	64.055	63.952	63.952	5
2026-01-20 10:15	63.950	64.015	63.942	63.992	5
2026-01-20 10:20	63.985	64.015	63.942	63.942	5
2026-01-20 10:25	63.950	64.105	63.950	64.095	5
2026-01-20 10:30	64.105	64.305	64.087	64.260	5
2026-01-20 10:35	64.265	64.270	64.162	64.195	5
2026-01-20 10:40	64.200	64.255	64.188	64.220	5
2026-01-20 10:45	64.225	64.225	64.132	64.152	5
2026-01-20 10:50	64.150	64.185	64.132	64.160	5
2026-01-20 10:55	64.155	64.240	64.155	64.235	5
2026-01-20 11:00	64.225	64.225	64.142	64.152	5
2026-01-20 11:05	64.175	64.175	64.012	64.022	5
2026-01-20 11:10	64.035	64.085	63.992	64.052	5
2026-01-20 11:15	64.060	64.125	64.052	64.112	5
2026-01-20 11:20	64.115	64.185	64.092	64.112	5
2026-01-20 11:25	64.120	64.185	64.115	64.172	5
2026-01-20 11:30	64.185	64.185	64.092	64.102	5
2026-01-20 11:35	64.115	64.142	64.072	64.105	5
2026-01-20 11:40	64.110	64.147	64.098	64.135	5
2026-01-20 11:45	64.150	64.225	64.128	64.212	5
2026-01-20 11:50	64.225	64.225	64.152	64.202	5
2026-01-20 11:55	64.210	64.295	64.187	64.282	5
2026-01-20 12:00	64.278	64.405	64.272	64.395	5
2026-01-20 12:05	64.390	64.525	64.390	64.505	5
2026-01-20 12:10	64.495	64.515	64.430	64.485	5
2026-01-20 12:15	64.475	64.478	64.402	64.402	5
2026-01-20 12:20	64.410	64.430	64.335	64.412	5
2026-01-20 12:25	64.402	64.415	64.360	64.375	5
2026-01-20 12:30	64.385	64.440	64.362	64.372	5
2026-01-20 12:35	64.377	64.455	64.372	64.425	5
2026-01-20 12:40	64.435	64.440	64.335	64.362	5
2026-01-20 12:45	64.360	64.425	64.312	64.420	5
2026-01-20 12:50	64.425	64.455	64.382	64.442	5
2026-01-20 12:55	64.447	64.470	64.422	64.467	5
2026-01-20 13:00	64.475	64.475	64.342	64.362	5
2026-01-20 13:05	64.370	64.405	64.350	64.360	5
2026-01-20 13:10	64.365	64.465	64.365	64.412	5
2026-01-20 13:15	64.405	64.435	64.375	64.390	5
2026-01-20 13:20	64.395	64.435	64.385	64.422	5
2026-01-20 13:25	64.415	64.435	64.355	64.390	5
2026-01-20 13:30	64.395	64.415	64.152	64.230	5
2026-01-20 13:35	64.215	64.285	64.192	64.202	4
2026-01-20 13:40	64.195	64.245	64.105	64.232	5
2026-01-20 13:45	64.237	64.242	64.135	64.152	5
2026-01-20 13:50	64.165	64.165	64.092	64.122	5
2026-01-20 13:55	64.115	64.195	64.095	64.180	5
2026-01-20 14:00	64.173	64.372	64.112	64.340	5
2026-01-20 14:05	64.335	64.340	64.197	64.302	5
2026-01-20 14:10	64.310	64.325	64.262	64.292	5
2026-01-20 14:15	64.280	64.612	64.280	64.572	5
2026-01-20 14:20	64.565	64.660	64.535	64.582	5
2026-01-20 14:25	64.595	64.845	64.582	64.835	5
2026-01-20 14:30	64.828	65.098	64.823	64.915	5
2026-01-20 14:35	64.915	64.927	64.722	64.725	5
2026-01-20 14:40	64.715	64.845	64.677	64.782	5
2026-01-20 14:45	64.795	64.855	64.742	64.785	5
2026-01-20 14:50	64.790	64.795	64.712	64.785	5
2026-01-20 14:55	64.790	64.970	64.752	64.962	5
2026-01-20 15:00	64.953	65.035	64.855	64.872	5
2026-01-20 15:05	64.865	64.935	64.852	64.915	5
2026-01-20 15:10	64.910	64.965	64.862	64.955	5
2026-01-20 15:15	64.960	64.970	64.892	64.952	5
2026-01-20 15:20	64.965	65.005	64.937	64.965	5
2026-01-20 15:25	64.960	65.105	64.902	65.067	5
2026-01-20 15:30	65.072	65.085	64.957	65.002	5
2026-01-20 15:35	65.010	65.025	64.952	64.995	5
2026-01-20 15:40	65.000	65.007	64.860	64.882	5
2026-01-20 15:45	64.875	64.885	64.702	64.740	5
2026-01-20 15:50	64.735	64.750	64.545	64.610	5
2026-01-20 15:55	64.602	64.675	64.572	64.610	5
2026-01-20 16:00	64.605	64.760	64.572	64.725	5
2026-01-20 16:05	64.738	64.765	64.652	64.675	5
2026-01-20 16:10	64.680	64.790	64.652	64.765	5
2026-01-20 16:15	64.755	64.865	64.742	64.812	5
2026-01-20 16:20	64.810	64.812	64.707	64.707	5
2026-01-20 16:25	64.705	64.805	64.687	64.775	5
2026-01-20 16:30	64.785	64.885	64.772	64.842	5
2026-01-20 16:35	64.835	64.865	64.792	64.845	5
2026-01-20 16:40	64.840	64.865	64.745	64.785	5
2026-01-20 16:45	64.780	64.815	64.742	64.795	5
2026-01-20 16:50	64.800	64.885	64.792	64.832	5
2026-01-20 16:55	64.822	64.872	64.772	64.860	5
2026-01-20 17:00	64.842	64.970	64.838	64.925	5
2026-01-20 17:05	64.905	64.985	64.902	64.985	5
2026-01-20 17:10	64.980	64.985	64.922	64.935	5
2026-01-20 17:15	64.940	64.960	64.915	64.940	5
2026-01-20 17:20	64.935	64.945	64.872	64.902	5
2026-01-20 17:25	64.900	64.915	64.862	64.875	5
2026-01-20 17:30	64.880	64.885	64.832	64.870	5
2026-01-20 17:35	64.862	64.890	64.842	64.855	5
2026-01-20 17:40	64.865	64.935	64.862	64.882	5
2026-01-20 17:45	64.880	64.925	64.795	64.805	5
2026-01-20 17:50	64.800	64.845	64.772	64.835	5
2026-01-20 17:55	64.830	64.945	64.802	64.930	5
2026-01-20 18:00	64.935	65.015	64.922	64.982	5
2026-01-20 18:05	64.980	64.980	64.912	64.915	5
2026-01-20 18:10	64.920	64.935	64.892	64.920	5
2026-01-20 18:15	64.915	64.930	64.792	64.815	5
2026-01-20 18:20	64.810	64.865	64.730	64.847	5
2026-01-20 18:25	64.845	64.850	64.807	64.825	5
2026-01-20 18:30	64.820	64.925	64.807	64.905	5
2026-01-20 18:35	64.910	64.910	64.812	64.835	5
2026-01-20 18:40	64.840	64.855	64.800	64.820	5
2026-01-20 18:45	64.815	64.865	64.765	64.770	5
2026-01-20 18:50	64.765	64.865	64.745	64.812	5
2026-01-20 18:55	64.807	64.845	64.792	64.830	5
2026-01-20 19:00	64.827	64.827	64.710	64.725	5
2026-01-20 19:05	64.720	64.755	64.682	64.692	5
2026-01-20 19:10	64.690	64.765	64.665	64.765	5
2026-01-20 19:15	64.775	64.775	64.682	64.695	5
2026-01-20 19:20	64.687	64.820	64.660	64.805	5
2026-01-20 19:25	64.795	64.935	64.792	64.882	5
2026-01-20 19:30	64.875	64.880	64.662	64.672	5
2026-01-20 19:35	64.670	64.695	64.632	64.645	5
2026-01-20 19:40	64.640	64.640	64.532	64.552	5
2026-01-20 19:45	64.557	64.557	64.472	64.487	5
2026-01-20 19:50	64.475	64.500	64.402	64.500	5
2026-01-20 19:55	64.492	64.505	64.405	64.425	5
2026-01-20 20:00	64.415	64.495	64.322	64.360	5
2026-01-20 20:05	64.365	64.420	64.332	64.385	5
2026-01-20 20:10	64.380	64.390	64.302	64.317	5
2026-01-20 20:15	64.312	64.332	64.237	64.270	5
2026-01-20 20:20	64.280	64.335	64.228	64.307	5
2026-01-20 20:25	64.305	64.380	64.182	64.190	5
2026-01-20 20:30	64.192	64.205	63.892	63.962	5
2026-01-20 20:35	63.960	63.995	63.870	63.922	5
2026-01-20 20:40	63.930	63.955	63.810	63.832	5
2026-01-20 20:45	63.845	63.945	63.727	63.760	5
2026-01-20 20:50	63.765	63.900	63.740	63.817	5
2026-01-20 20:55	63.825	63.882	63.775	63.882	5
2026-01-20 21:00	63.872	63.898	63.822	63.898	5
2026-01-20 21:05	63.908	63.928	63.853	63.928	5
2026-01-20 21:10	63.923	63.938	63.848	63.883	5
2026-01-20 21:15	63.888	63.933	63.873	63.918	5
2026-01-20 21:20	63.928	63.993	63.928	63.988	5
2026-01-20 21:25	63.978	63.978	63.878	63.883	5
2026-01-20 21:30	63.878	63.883	63.793	63.798	5
2026-01-20 21:35	63.793	63.818	63.748	63.818	5
2026-01-20 21:40	63.828	63.858	63.778	63.818	5
2026-01-20 21:45	63.828	63.873	63.818	63.828	5
2026-01-20 21:50	63.833	63.893	63.828	63.883	5
2026-01-20 21:55	63.878	63.913	63.868	63.873	5
2026-01-21 01:00	64.082	64.110	63.867	63.935	5
2026-01-21 01:05	63.925	63.975	63.895	63.952	5
2026-01-21 01:10	63.945	64.065	63.937	64.047	5
2026-01-21 01:15	64.042	64.090	64.022	64.070	5
2026-01-21 01:20	64.062	64.120	64.042	64.110	5
2026-01-21 01:25	64.115	64.135	64.082	64.130	5
2026-01-21 01:30	64.120	64.120	64.082	64.092	5
2026-01-21 01:35	64.087	64.090	64.037	64.055	5
2026-01-21 01:40	64.057	64.115	64.052	64.067	5
2026-01-21 01:45	64.075	64.115	64.052	64.105	5
2026-01-21 01:50	64.110	64.160	64.102	64.132	5
2026-01-21 01:55	64.140	64.165	64.125	64.142	5
2026-01-21 02:00	64.140	64.145	64.102	64.115	5
2026-01-21 02:05	64.125	64.185	64.107	64.135	5
2026-01-21 02:10	64.145	64.275	64.142	64.260	5
2026-01-21 02:15	64.265	64.265	64.212	64.242	5
2026-01-21 02:20	64.240	64.245	64.170	64.190	5
2026-01-21 02:25	64.195	64.215	64.142	64.147	5
2026-01-21 02:30	64.145	64.145	64.082	64.097	5
2026-01-21 02:35	64.105	64.130	64.082	64.115	5
2026-01-21 02:40	64.125	64.140	64.082	64.082	5
2026-01-21 02:45	64.070	64.087	64.062	64.085	5
2026-01-21 02:50	64.087	64.122	64.065	64.120	5
2026-01-21 02:55	64.125	64.165	64.122	64.162	5
2026-01-21 03:00	64.175	64.240	64.162	64.230	5
2026-01-21 03:05	64.225	64.245	64.220	64.240	4
2026-01-21 03:10	64.235	64.265	64.217	64.225	5
2026-01-21 03:15	64.220	64.220	64.147	64.165	5
2026-01-21 03:20	64.170	64.210	64.167	64.202	5
2026-01-21 03:25	64.200	64.230	64.187	64.205	5
2026-01-21 03:30	64.195	64.205	64.152	64.162	5
2026-01-21 03:35	64.170	64.170	64.142	64.152	5
2026-01-21 03:40	64.160	64.180	64.152	64.165	5
2026-01-21 03:45	64.155	64.177	64.122	64.172	5
2026-01-21 03:50	64.170	64.170	64.150	64.162	3
2026-01-21 03:55	64.175	64.185	64.122	64.122	5
2026-01-21 04:00	64.135	64.170	64.113	64.142	5
2026-01-21 04:05	64.150	64.165	64.137	64.160	5
2026-01-21 04:10	64.152	64.175	64.110	64.152	5
2026-01-21 04:15	64.150	64.180	64.137	64.150	5
2026-01-21 04:20	64.165	64.210	64.165	64.200	4
2026-01-21 04:25	64.205	64.210	64.182	64.185	5
2026-01-21 04:30	64.190	64.205	64.157	64.180	5
2026-01-21 04:35	64.185	64.190	64.155	64.155	5
2026-01-21 04:40	64.160	64.175	64.132	64.137	5
2026-01-21 04:45	64.145	64.150	64.097	64.097	5
2026-01-21 04:50	64.105	64.115	64.080	64.090	5
2026-01-21 04:55	64.085	64.125	64.085	64.120	4
2026-01-21 05:00	64.115	64.140	64.107	64.125	5
2026-01-21 05:05	64.150	64.160	64.127	64.150	5
2026-01-21 05:10	64.165	64.235	64.162	64.205	5
2026-01-21 05:15	64.210	64.210	64.112	64.130	5
2026-01-21 05:20	64.132	64.165	64.127	64.152	5
2026-01-21 05:25	64.160	64.215	64.160	64.202	5
2026-01-21 05:30	64.225	64.245	64.200	64.207	5
2026-01-21 05:35	64.202	64.205	64.155	64.155	5
2026-01-21 05:40	64.160	64.227	64.152	64.227	5
2026-01-21 05:45	64.225	64.275	64.195	64.272	5
2026-01-21 05:50	64.270	64.305	64.212	64.212	5
2026-01-21 05:55	64.220	64.232	64.202	64.202	5
2026-01-21 06:00	64.210	64.245	64.192	64.237	5
2026-01-21 06:05	64.242	64.300	64.235	64.292	5
2026-01-21 06:10	64.290	64.315	64.260	64.297	5
2026-01-21 06:15	64.292	64.305	64.252	64.265	5
2026-01-21 06:20	64.255	64.295	64.252	64.262	5
2026-01-21 06:25	64.260	64.260	64.132	64.162	5
2026-01-21 06:30	64.155	64.195	64.142	64.147	5
2026-01-21 06:35	64.155	64.155	64.052	64.070	5
2026-01-21 06:40	64.075	64.125	64.070	64.105	5
2026-01-21 06:45	64.115	64.175	64.095	64.152	5
2026-01-21 06:50	64.165	64.255	64.150	64.232	5
2026-01-21 06:55	64.240	64.265	64.217	64.242	5
2026-01-21 07:00	64.250	64.250	63.995	64.015	5
2026-01-21 07:05	64.020	64.035	63.942	63.952	5
2026-01-21 07:10	63.945	64.075	63.945	64.052	5
2026-01-21 07:15	64.065	64.180	64.040	64.142	5
2026-01-21 07:20	64.125	64.235	64.082	64.112	5
2026-01-21 07:25	64.117	64.205	64.112	64.155	5
2026-01-21 07:30	64.160	64.180	64.042	64.067	5
2026-01-21 07:35	64.075	64.095	63.892	63.920	5
2026-01-21 07:40	63.912	63.960	63.845	63.887	5
2026-01-21 07:45	63.895	64.025	63.880	64.002	5
2026-01-21 07:50	63.995	64.095	63.992	64.062	5
2026-01-21 07:55	64.070	64.070	63.942	63.955	5
2026-01-21 08:00	63.945	63.980	63.872	63.935	5
2026-01-21 08:05	63.937	63.975	63.895	63.952	5
2026-01-21 08:10	63.965	63.995	63.845	63.912	5
2026-01-21 08:15	63.900	64.085	63.900	64.012	5
2026-01-21 08:20	64.010	64.145	64.002	64.022	5
2026-01-21 08:25	64.015	64.035	63.852	64.002	5
2026-01-21 08:30	63.995	64.105	63.952	64.015	5
2026-01-21 08:35	64.025	64.035	63.870	63.945	5
2026-01-21 08:40	63.955	63.985	63.922	63.962	5
2026-01-21 08:45	63.945	63.965	63.805	63.842	5
2026-01-21 08:50	63.855	63.985	63.772	63.792	5
2026-01-21 08:55	63.785	63.795	63.692	63.702	5
2026-01-21 09:00	63.705	63.755	63.597	63.662	5
2026-01-21 09:05	63.655	63.770	63.652	63.745	5
2026-01-21 09:10	63.755	63.955	63.752	63.952	5
2026-01-21 09:15	63.965	63.985	63.892	63.947	5
2026-01-21 09:20	63.955	64.220	63.942	64.220	5
2026-01-21 09:25	64.225	64.225	64.042	64.070	5
2026-01-21 09:30	64.075	64.135	63.945	64.135	5
2026-01-21 09:35	64.130	64.195	64.042	64.042	5
2026-01-21 09:40	64.035	64.175	64.027	64.142	5
2026-01-21 09:45	64.155	64.325	64.152	64.242	5
2026-01-21 09:50	64.255	64.305	64.232	64.252	5
2026-01-21 09:55	64.245	64.315	64.202	64.312	5
2026-01-21 10:00	64.320	64.355	64.270	64.325	5
2026-01-21 10:05	64.322	64.395	64.277	64.302	5
2026-01-21 10:10	64.315	64.445	64.290	64.435	5
2026-01-21 10:15	64.432	64.475	64.412	64.412	5
2026-01-21 10:20	64.422	64.505	64.417	64.432	5
2026-01-21 10:25	64.445	64.535	64.428	64.475	5
2026-01-21 10:30	64.465	64.545	64.398	64.442	5
2026-01-21 10:35	64.465	64.465	64.278	64.312	5
2026-01-21 10:40	64.320	64.355	64.202	64.212	5
2026-01-21 10:45	64.225	64.255	64.182	64.212	5
2026-01-21 10:50	64.202	64.395	64.202	64.370	5
2026-01-21 10:55	64.375	64.485	64.362	64.400	5
2026-01-21 11:00	64.385	64.615	64.378	64.580	5
2026-01-21 11:05	64.585	64.685	64.552	64.565	5
2026-01-21 11:10	64.560	64.635	64.510	64.632	5
2026-01-21 11:15	64.650	64.815	64.650	64.782	5
2026-01-21 11:20	64.775	64.875	64.732	64.807	5
2026-01-21 11:25	64.812	64.935	64.752	64.912	5
2026-01-21 11:30	64.925	64.992	64.912	64.952	5
2026-01-21 11:35	64.945	65.125	64.932	65.102	5
2026-01-21 11:40	65.115	65.122	64.892	64.922	5
2026-01-21 11:45	64.915	64.967	64.855	64.942	5
2026-01-21 11:50	64.955	64.955	64.862	64.912	5
2026-01-21 11:55	64.905	64.930	64.792	64.910	5
2026-01-21 12:00	64.913	65.035	64.902	65.010	5
2026-01-21 12:05	65.015	65.025	64.940	65.022	5
2026-01-21 12:10	65.035	65.145	65.002	65.092	5
2026-01-21 12:15	65.090	65.120	65.052	65.102	5
2026-01-21 12:20	65.090	65.145	65.042	65.062	5
2026-01-21 12:25	65.060	65.105	64.977	64.985	5
2026-01-21 12:30	64.975	64.990	64.932	64.942	5
2026-01-21 12:35	64.935	65.000	64.907	64.915	5
2026-01-21 12:40	64.907	64.935	64.872	64.882	5
2026-01-21 12:45	64.890	64.915	64.852	64.880	5
2026-01-21 12:50	64.885	64.980	64.882	64.980	5
2026-01-21 12:55	64.990	65.040	64.947	65.002	5
2026-01-21 13:00	64.998	65.035	64.935	64.945	5
2026-01-21 13:05	64.935	65.105	64.932	65.082	5
2026-01-21 13:10	65.095	65.110	65.012	65.090	5
2026-01-21 13:15	65.085	65.095	65.022	65.090	5
2026-01-21 13:20	65.085	65.225	65.072	65.212	5
2026-01-21 13:25	65.205	65.315	65.162	65.272	5
2026-01-21 13:30	65.285	65.385	65.272	65.365	5
2026-01-21 13:35	65.360	65.380	65.022	65.040	5
2026-01-21 13:40	65.035	65.075	64.942	64.960	5
2026-01-21 13:45	64.955	65.010	64.900	64.992	5
2026-01-21 13:50	64.980	64.995	64.815	64.835	5
2026-01-21 13:55	64.830	64.927	64.830	64.840	5
2026-01-21 14:00	64.858	64.995	64.843	64.845	5
2026-01-21 14:05	64.843	64.915	64.822	64.875	5
2026-01-21 14:10	64.880	64.945	64.810	64.815	5
2026-01-21 14:15	64.805	64.875	64.662	64.825	5
2026-01-21 14:20	64.830	64.895	64.782	64.802	5
2026-01-21 14:25	64.815	64.870	64.792	64.820	5
2026-01-21 14:30	64.808	64.950	64.792	64.905	5
2026-01-21 14:35	64.910	64.985	64.852	64.915	5
2026-01-21 14:40	64.905	64.967	64.862	64.930	5
2026-01-21 14:45	64.922	64.940	64.845	64.935	5
2026-01-21 14:50	64.942	64.945	64.775	64.865	5
2026-01-21 14:55	64.875	64.975	64.872	64.887	5
2026-01-21 15:00	64.888	64.925	64.752	64.852	5
2026-01-21 15:05	64.845	64.917	64.692	64.725	5
2026-01-21 15:10	64.730	64.795	64.652	64.652	5
2026-01-21 15:15	64.650	64.785	64.630	64.750	5
2026-01-21 15:20	64.745	64.785	64.672	64.710	5
2026-01-21 15:25	64.715	64.735	64.622	64.722	5
2026-01-21 15:30	64.735	64.925	64.727	64.885	5
2026-01-21 15:35	64.895	65.025	64.842	64.972	5
2026-01-21 15:40	64.970	65.025	64.885	64.900	5
2026-01-21 15:45	64.905	64.975	64.882	64.932	5
2026-01-21 15:50	64.925	64.997	64.900	64.945	5
2026-01-21 15:55	64.935	65.030	64.915	64.992	5
2026-01-21 16:00	64.985	65.155	64.952	65.142	5
2026-01-21 16:05	65.140	65.142	64.995	65.037	5
2026-01-21 16:10	65.045	65.075	64.957	65.000	5
2026-01-21 16:15	64.995	65.055	64.840	64.865	5
2026-01-21 16:20	64.870	64.932	64.810	64.852	5
2026-01-21 16:25	64.860	64.945	64.832	64.897	5
2026-01-21 16:30	64.890	65.075	64.883	65.052	5
2026-01-21 16:35	65.045	65.055	64.902	64.935	5
2026-01-21 16:40	64.933	64.933	64.765	64.865	5
2026-01-21 16:45	64.860	64.905	64.828	64.860	5
2026-01-21 16:50	64.865	64.980	64.852	64.980	5
2026-01-21 16:55	64.985	65.035	64.932	64.972	5
2026-01-21 17:00	64.970	65.075	64.970	65.057	5
2026-01-21 17:05	65.055	65.065	64.972	65.020	5
2026-01-21 17:10	65.015	65.040	64.972	65.020	5
2026-01-21 17:15	65.015	65.020	64.842	64.852	5
2026-01-21 17:20	64.845	64.975	64.815	64.925	5
2026-01-21 17:25	64.935	64.985	64.902	64.965	5
2026-01-21 17:30	64.960	65.015	64.942	64.962	5
2026-01-21 17:35	64.955	65.005	64.932	64.995	5
2026-01-21 17:40	65.000	65.035	64.955	65.032	5
2026-01-21 17:45	65.030	65.030	64.982	65.000	5
2026-01-21 17:50	64.995	65.002	64.952	64.955	5
2026-01-21 17:55	64.960	64.985	64.912	64.975	5
2026-01-21 18:00	64.970	65.310	64.965	65.222	5
2026-01-21 18:05	65.215	65.220	65.047	65.062	5
2026-01-21 18:10	65.055	65.180	65.052	65.162	5
2026-01-21 18:15	65.170	65.210	65.142	65.182	5
2026-01-21 18:20	65.195	65.235	65.147	65.210	5
2026-01-21 18:25	65.215	65.235	65.192	65.225	5
2026-01-21 18:30	65.215	65.315	65.162	65.315	5
2026-01-21 18:35	65.305	65.335	65.207	65.215	5
2026-01-21 18:40	65.220	65.275	65.192	65.265	5
2026-01-21 18:45	65.260	65.355	65.228	65.320	5
2026-01-21 18:50	65.322	65.370	65.305	65.362	5
2026-01-21 18:55	65.370	65.385	65.262	65.272	5
2026-01-21 19:00	65.265	65.270	65.102	65.110	5
2026-01-21 19:05	65.112	65.175	65.105	65.125	5
2026-01-21 19:10	65.135	65.152	65.052	65.070	5
2026-01-21 19:15	65.065	65.090	65.025	65.025	5
2026-01-21 19:20	65.022	65.065	64.992	65.050	5
2026-01-21 19:25	65.045	65.255	65.042	65.205	5
2026-01-21 19:30	65.202	65.275	65.177	65.275	5
2026-01-21 19:35	65.267	65.300	65.142	65.147	5
2026-01-21 19:40	65.145	65.175	65.102	65.112	5
2026-01-21 19:45	65.120	65.185	65.095	65.182	5
2026-01-21 19:50	65.180	65.195	65.132	65.190	5
2026-01-21 19:55	65.192	65.265	65.167	65.242	5
2026-01-21 20:00	65.233	65.275	65.212	65.217	5
2026-01-21 20:05	65.222	65.250	65.145	65.155	5
2026-01-21 20:10	65.145	65.235	65.137	65.222	5
2026-01-21 20:15	65.215	65.235	65.185	65.192	5
2026-01-21 20:20	65.190	65.210	65.147	65.167	5
2026-01-21 20:25	65.175	65.220	65.165	65.202	5
2026-01-21 20:30	65.200	65.230	65.187	65.200	5
2026-01-21 20:35	65.205	65.270	65.200	65.270	5
2026-01-21 20:40	65.262	65.285	65.252	65.267	5
2026-01-21 20:45	65.265	65.295	65.255	65.280	5
2026-01-21 20:50	65.270	65.285	65.252	65.262	5
2026-01-21 20:55	65.260	65.292	65.250	65.260	5
2026-01-21 21:00	65.265	65.283	65.248	65.268	5
2026-01-21 21:05	65.258	65.278	65.253	65.258	5
2026-01-21 21:10	65.253	65.253	65.203	65.203	5
2026-01-21 21:15	65.198	65.238	65.178	65.228	5
2026-01-21 21:20	65.228	65.228	65.188	65.218	4
2026-01-21 21:25	65.223	65.253	65.218	65.248	5
2026-01-21 21:30	65.253	65.253	65.213	65.228	3
2026-01-21 21:35	65.223	65.233	65.193	65.228	5
2026-01-21 21:40	65.233	65.243	65.218	65.243	4
2026-01-21 21:45	65.247	65.298	65.247	65.268	5
2026-01-21 21:50	65.263	65.323	65.263	65.273	5
2026-01-21 21:55	65.268	65.273	65.233	65.263	5
2026-01-22 01:00	65.140	65.197	65.065	65.170	5
2026-01-22 01:05	65.165	65.235	65.157	65.225	5
2026-01-22 01:10	65.235	65.310	65.232	65.302	5
2026-01-22 01:15	65.310	65.340	65.292	65.327	5
2026-01-22 01:20	65.325	65.340	65.302	65.302	5
2026-01-22 01:25	65.295	65.325	65.292	65.297	5
2026-01-22 01:30	65.292	65.305	65.232	65.232	5
2026-01-22 01:35	65.240	65.255	65.210	65.217	5
2026-01-22 01:40	65.225	65.245	65.207	65.227	5
2026-01-22 01:45	65.225	65.235	65.210	65.215	5
2026-01-22 01:50	65.220	65.295	65.215	65.270	5
2026-01-22 01:55	65.265	65.302	65.262	65.262	5
2026-01-22 02:00	65.257	65.315	65.232	65.302	5
2026-01-22 02:05	65.310	65.322	65.262	65.262	5
2026-01-22 02:10	65.270	65.285	65.245	65.265	5
2026-01-22 02:15	65.280	65.315	65.265	65.315	4
2026-01-22 02:20	65.310	65.325	65.292	65.322	5
2026-01-22 02:25	65.315	65.325	65.262	65.272	5
2026-01-22 02:30	65.265	65.265	65.142	65.187	5
2026-01-22 02:35	65.180	65.195	65.142	65.175	5
2026-01-22 02:40	65.180	65.215	65.180	65.195	5
2026-01-22 02:45	65.205	65.222	65.195	65.205	5
2026-01-22 02:50	65.210	65.295	65.202	65.295	5
2026-01-22 02:55	65.285	65.310	65.275	65.305	5
2026-01-22 03:00	65.310	65.325	65.287	65.305	5
2026-01-22 03:05	65.307	65.342	65.302	65.322	5
2026-01-22 03:10	65.320	65.325	65.282	65.310	5
2026-01-22 03:15	65.302	65.312	65.272	65.302	5
2026-01-22 03:20	65.307	65.315	65.287	65.290	5
2026-01-22 03:25	65.295	65.325	65.280	65.302	5
2026-01-22 03:30	65.310	65.330	65.282	65.298	5
2026-01-22 03:35	65.315	65.320	65.297	65.310	5
2026-01-22 03:40	65.315	65.322	65.302	65.307	5
2026-01-22 03:45	65.312	65.340	65.312	65.325	4
2026-01-22 03:50	65.330	65.335	65.322	65.335	4
2026-01-22 03:55	65.330	65.350	65.307	65.310	5
2026-01-22 04:00	65.305	65.335	65.297	65.310	5
2026-01-22 04:05	65.312	65.340	65.312	65.335	5
2026-01-22 04:10	65.340	65.355	65.330	65.350	4
2026-01-22 04:15	65.340	65.355	65.315	65.337	5
2026-01-22 04:20	65.332	65.340	65.322	65.322	2
2026-01-22 04:25	65.315	65.320	65.312	65.313	5
2026-01-22 04:30	65.320	65.330	65.282	65.282	4
2026-01-22 04:35	65.290	65.290	65.282	65.285	4
2026-01-22 04:40	65.278	65.310	65.278	65.310	4
2026-01-22 04:45	65.305	65.325	65.305	65.317	5
2026-01-22 04:50	65.315	65.320	65.302	65.307	5
2026-01-22 04:55	65.302	65.330	65.298	65.312	4
2026-01-22 05:00	65.310	65.310	65.260	65.270	5
2026-01-22 05:05	65.262	65.285	65.260	65.280	4
2026-01-22 05:10	65.272	65.275	65.252	65.265	5
2026-01-22 05:15	65.258	65.265	65.220	65.230	5
2026-01-22 05:20	65.220	65.250	65.217	65.250	4
2026-01-22 05:25	65.255	65.275	65.240	65.245	4
2026-01-22 05:30	65.255	65.315	65.252	65.295	5
2026-01-22 05:35	65.290	65.340	65.277	65.305	5
2026-01-22 05:40	65.300	65.310	65.265	65.285	5
2026-01-22 05:45	65.295	65.325	65.292	65.320	5
2026-01-22 05:50	65.335	65.340	65.312	65.312	5
2026-01-22 05:55	65.305	65.320	65.252	65.252	5
2026-01-22 06:00	65.245	65.245	65.182	65.197	5
2026-01-22 06:05	65.195	65.205	65.180	65.190	5
2026-01-22 06:10	65.195	65.195	65.135	65.167	5
2026-01-22 06:15	65.165	65.215	65.162	65.205	5
2026-01-22 06:20	65.220	65.230	65.195	65.200	5
2026-01-22 06:25	65.195	65.197	65.148	65.160	5
2026-01-22 06:30	65.150	65.167	65.122	65.122	5
2026-01-22 06:35	65.127	65.160	65.112	65.122	5
2026-01-22 06:40	65.130	65.150	65.082	65.082	5
2026-01-22 06:45	65.090	65.125	65.065	65.125	5
2026-01-22 06:50	65.127	65.175	65.117	65.170	5
2026-01-22 06:55	65.160	65.215	65.157	65.180	5
2026-01-22 07:00	65.183	65.195	65.105	65.127	5
2026-01-22 07:05	65.120	65.155	65.107	65.140	5
2026-01-22 07:10	65.142	65.180	65.092	65.092	5
2026-01-22 07:15	65.100	65.100	65.045	65.075	5
2026-01-22 07:20	65.065	65.072	64.992	65.002	5
2026-01-22 07:25	65.010	65.012	64.962	64.992	5
2026-01-22 07:30	64.987	65.000	64.925	64.955	5
2026-01-22 07:35	64.957	64.980	64.925	64.947	5
2026-01-22 07:40	64.955	64.970	64.925	64.945	5
2026-01-22 07:45	64.935	64.945	64.925	64.932	5
2026-01-22 07:50	64.925	64.975	64.925	64.925	5
2026-01-22 07:55	64.925	64.945	64.925	64.932	5
2026-01-22 08:00	64.933	65.040	64.932	64.995	5
2026-01-22 08:05	65.000	65.005	64.957	64.987	5
2026-01-22 08:10	64.985	64.985	64.925	64.940	5
2026-01-22 08:15	64.945	65.000	64.925	64.970	5
2026-01-22 08:20	64.965	65.045	64.942	64.992	5
2026-01-22 08:25	65.000	65.005	64.940	64.980	5
2026-01-22 08:30	64.972	65.115	64.962	65.012	5
2026-01-22 08:35	65.025	65.035	64.972	65.025	5
2026-01-22 08:40	65.015	65.065	64.975	64.992	5
2026-01-22 08:45	64.985	65.025	64.850	64.897	5
2026-01-22 08:50	64.905	64.950	64.855	64.942	5
2026-01-22 08:55	64.950	64.950	64.892	64.925	5
2026-01-22 09:00	64.912	64.940	64.732	64.760	5
2026-01-22 09:05	64.765	64.845	64.722	64.785	5
2026-01-22 09:10	64.790	64.855	64.762	64.795	5
2026-01-22 09:15	64.800	64.835	64.762	64.822	5
2026-01-22 09:20	64.820	64.825	64.722	64.755	5
2026-01-22 09:25	64.750	64.765	64.712	64.732	5
2026-01-22 09:30	64.725	64.755	64.692	64.695	5
2026-01-22 09:35	64.685	64.740	64.660	64.672	5
2026-01-22 09:40	64.670	64.685	64.550	64.672	5
2026-01-22 09:45	64.670	64.715	64.612	64.642	5
2026-01-22 09:50	64.650	64.675	64.582	64.595	5
2026-01-22 09:55	64.590	64.705	64.582	64.617	5
2026-01-22 10:00	64.615	64.642	64.582	64.625	5
2026-01-22 10:05	64.622	64.645	64.600	64.645	5
2026-01-22 10:10	64.642	64.702	64.602	64.690	5
2026-01-22 10:15	64.695	64.705	64.662	64.675	5
2026-01-22 10:20	64.670	64.675	64.350	64.492	5
2026-01-22 10:25	64.495	64.552	64.450	64.472	5
2026-01-22 10:30	64.465	64.495	64.342	64.472	5
2026-01-22 10:35	64.467	64.635	64.462	64.565	5
2026-01-22 10:40	64.555	64.605	64.522	64.597	5
2026-01-22 10:45	64.595	64.610	64.505	64.525	5
2026-01-22 10:50	64.520	64.535	64.405	64.422	5
2026-01-22 10:55	64.400	64.425	64.368	64.402	5
2026-01-22 11:00	64.415	64.452	64.402	64.420	5
2026-01-22 11:05	64.415	64.455	64.392	64.425	5
2026-01-22 11:10	64.430	64.465	64.405	64.405	5
2026-01-22 11:15	64.415	64.415	64.215	64.242	5
2026-01-22 11:20	64.240	64.240	64.102	64.175	5
2026-01-22 11:25	64.165	64.285	64.152	64.255	5
2026-01-22 11:30	64.245	64.255	64.052	64.112	5
2026-01-22 11:35	64.110	64.135	64.052	64.135	5
2026-01-22 11:40	64.132	64.180	64.100	64.180	5
2026-01-22 11:45	64.172	64.315	64.172	64.312	5
2026-01-22 11:50	64.320	64.395	64.310	64.332	5
2026-01-22 11:55	64.340	64.345	64.292	64.322	5
2026-01-22 12:00	64.315	64.365	64.265	64.282	5
2026-01-22 12:05	64.295	64.315	64.200	64.212	5
2026-01-22 12:10	64.220	64.235	64.180	64.212	5
2026-01-22 12:15	64.205	64.322	64.183	64.282	5
2026-01-22 12:20	64.290	64.340	64.230	64.322	5
2026-01-22 12:25	64.335	64.345	64.287	64.302	5
2026-01-22 12:30	64.310	64.315	64.222	64.225	5
2026-01-22 12:35	64.227	64.265	64.200	64.245	5
2026-01-22 12:40	64.250	64.325	64.222	64.297	5
2026-01-22 12:45	64.305	64.310	64.202	64.210	5
2026-01-22 12:50	64.215	64.225	64.102	64.117	5
2026-01-22 12:55	64.115	64.145	64.049	64.049	5
2026-01-22 13:00	64.049	64.105	63.905	64.062	5
2026-01-22 13:05	64.057	64.065	63.980	64.017	5
2026-01-22 13:10	64.015	64.085	63.945	64.075	5
2026-01-22 13:15	64.072	64.155	64.032	64.115	5
2026-01-22 13:20	64.100	64.150	64.075	64.135	5
2026-01-22 13:25	64.127	64.265	64.127	64.242	5
2026-01-22 13:30	64.240	64.315	64.232	64.272	5
2026-01-22 13:35	64.270	64.335	64.267	64.290	5
2026-01-22 13:40	64.280	64.305	64.180	64.190	5
2026-01-22 13:45	64.192	64.245	64.170	64.242	5
2026-01-22 13:50	64.255	64.340	64.227	64.325	5
2026-01-22 13:55	64.330	64.345	64.232	64.270	5
2026-01-22 14:00	64.245	64.395	64.220	64.395	5
2026-01-22 14:05	64.405	64.435	64.325	64.432	5
2026-01-22 14:10	64.440	64.535	64.422	64.515	5
2026-01-22 14:15	64.525	64.555	64.442	64.472	5
2026-01-22 14:20	64.465	64.515	64.442	64.477	5
2026-01-22 14:25	64.485	64.542	64.452	64.485	5
2026-01-22 14:30	64.475	64.535	63.952	64.162	5
2026-01-22 14:35	64.175	64.265	64.008	64.072	5
2026-01-22 14:40	64.080	64.200	63.945	64.002	5
2026-01-22 14:45	64.010	64.202	64.005	64.125	5
2026-01-22 14:50	64.122	64.315	64.122	64.247	5
2026-01-22 14:55	64.242	64.345	64.222	64.290	5
2026-01-22 15:00	64.283	64.345	64.210	64.225	5
2026-01-22 15:05	64.212	64.245	64.040	64.055	5
2026-01-22 15:10	64.060	64.125	64.005	64.017	5
2026-01-22 15:15	64.012	64.055	63.962	64.030	5
2026-01-22 15:20	64.025	64.120	64.022	64.065	5
2026-01-22 15:25	64.058	64.168	64.058	64.060	5
2026-01-22 15:30	64.085	64.195	64.053	64.122	5
2026-01-22 15:35	64.117	64.195	64.067	64.147	5
2026-01-22 15:40	64.155	64.300	64.150	64.272	5
2026-01-22 15:45	64.270	64.325	64.222	64.325	5
2026-01-22 15:50	64.320	64.355	64.280	64.290	5
2026-01-22 15:55	64.285	64.335	64.262	64.285	5
2026-01-22 16:00	64.292	64.445	64.270	64.382	5
2026-01-22 16:05	64.380	64.473	64.350	64.392	5
2026-01-22 16:10	64.393	64.415	64.322	64.332	5
2026-01-22 16:15	64.345	64.375	64.252	64.252	5
2026-01-22 16:20	64.257	64.275	64.162	64.172	5
2026-01-22 16:25	64.185	64.285	64.182	64.255	5
2026-01-22 16:30	64.250	64.292	64.112	64.122	5
2026-01-22 16:35	64.130	64.215	63.995	64.012	5
2026-01-22 16:40	64.005	64.050	63.942	63.957	5
2026-01-22 16:45	63.965	64.060	63.965	64.025	5
2026-01-22 16:50	64.020	64.055	63.982	64.055	5
2026-01-22 16:55	64.075	64.075	64.022	64.050	5
2026-01-22 17:00	64.060	64.060	63.922	63.965	5
2026-01-22 17:05	63.960	64.055	63.952	64.032	5
2026-01-22 17:10	64.040	64.050	63.947	64.010	5
2026-01-22 17:15	64.012	64.065	63.982	64.012	5
2026-01-22 17:20	64.010	64.055	63.990	64.010	5
2026-01-22 17:25	64.015	64.017	63.902	63.915	5
2026-01-22 17:30	63.925	63.945	63.892	63.912	5
2026-01-22 17:35	63.920	63.935	63.892	63.895	5
2026-01-22 17:40	63.885	63.888	63.692	63.772	5
2026-01-22 17:45	63.780	63.785	63.725	63.740	5
2026-01-22 17:50	63.735	63.735	63.542	63.595	5
2026-01-22 17:55	63.605	63.805	63.582	63.752	5
2026-01-22 18:00	63.750	63.795	63.668	63.725	5
2026-01-22 18:05	63.720	63.795	63.715	63.762	5
2026-01-22 18:10	63.760	63.845	63.748	63.825	5
2026-01-22 18:15	63.845	63.905	63.842	63.850	5
2026-01-22 18:20	63.842	63.895	63.832	63.857	5
2026-01-22 18:25	63.865	63.915	63.822	63.895	5
2026-01-22 18:30	63.892	63.915	63.875	63.912	5
2026-01-22 18:35	63.925	63.965	63.912	63.925	5
2026-01-22 18:40	63.930	63.935	63.875	63.905	5
2026-01-22 18:45	63.907	63.935	63.892	63.892	5
2026-01-22 18:50	63.905	63.910	63.857	63.885	5
2026-01-22 18:55	63.887	63.945	63.887	63.905	5
2026-01-22 19:00	63.910	63.925	63.817	63.842	5
2026-01-22 19:05	63.840	63.935	63.835	63.920	5
2026-01-22 19:10	63.925	63.955	63.892	63.917	5
2026-01-22 19:15	63.925	63.995	63.897	63.957	5
2026-01-22 19:20	63.962	64.010	63.927	63.980	5
2026-01-22 19:25	63.985	64.075	63.972	64.045	5
2026-01-22 19:30	64.052	64.052	63.982	64.007	5
2026-01-22 19:35	64.005	64.075	64.002	64.062	5
2026-01-22 19:40	64.060	64.065	64.012	64.030	5
2026-01-22 19:45	64.035	64.045	64.007	64.025	5
2026-01-22 19:50	64.030	64.035	64.012	64.025	5
2026-01-22 19:55	64.020	64.035	64.012	64.022	5
2026-01-22 20:00	64.030	64.030	64.000	64.020	5
2026-01-22 20:05	64.025	64.025	64.002	64.015	4
2026-01-22 20:10	64.020	64.065	64.020	64.042	5
2026-01-22 20:15	64.050	64.075	64.032	64.070	5
2026-01-22 20:20	64.072	64.072	64.042	64.055	5
2026-01-22 20:25	64.062	64.065	64.020	64.037	5
2026-01-22 20:30	64.030	64.055	64.030	64.045	4
2026-01-22 20:35	64.040	64.065	64.032	64.055	4
2026-01-22 20:40	64.060	64.065	64.040	64.042	4
2026-01-22 20:45	64.050	64.075	64.040	64.045	5
2026-01-22 20:50	64.035	64.052	64.022	64.035	5
2026-01-22 20:55	64.050	64.095	64.032	64.095	5
2026-01-22 21:00	64.088	64.138	64.088	64.123	5
2026-01-22 21:05	64.128	64.128	64.098	64.108	5
2026-01-22 21:10	64.118	64.123	64.083	64.108	4
2026-01-22 21:15	64.103	64.128	64.098	64.128	5
2026-01-22 21:20	64.123	64.138	64.103	64.138	5
2026-01-22 21:25	64.133	64.148	64.128	64.138	4
2026-01-22 21:30	64.133	64.188	64.128	64.183	4
2026-01-22 21:35	64.188	64.258	64.183	64.233	5
2026-01-22 21:40	64.228	64.248	64.228	64.243	4
2026-01-22 21:45	64.238	64.248	64.213	64.223	4
2026-01-22 21:50	64.228	64.288	64.223	64.283	5
2026-01-22 21:55	64.278	64.343	64.263	64.343	5
2026-01-23 01:00	64.370	64.440	64.345	64.387	5
2026-01-23 01:05	64.400	64.400	64.307	64.317	5
2026-01-23 01:10	64.325	64.362	64.267	64.362	5
2026-01-23 01:15	64.355	64.490	64.352	64.490	5
2026-01-23 01:20	64.495	64.505	64.430	64.442	5
2026-01-23 01:25	64.450	64.450	64.400	64.410	5
2026-01-23 01:30	64.415	64.442	64.402	64.442	4
2026-01-23 01:35	64.460	64.460	64.377	64.390	5
2026-01-23 01:40	64.385	64.417	64.380	64.417	5
2026-01-23 01:45	64.415	64.460	64.415	64.450	5
2026-01-23 01:50	64.455	64.505	64.442	64.477	5
2026-01-23 01:55	64.472	64.477	64.452	64.465	5
2026-01-23 02:00	64.485	64.510	64.462	64.462	5
2026-01-23 02:05	64.475	64.487	64.457	64.472	5
2026-01-23 02:10	64.465	64.475	64.457	64.472	4
2026-01-23 02:15	64.465	64.475	64.462	64.470	5
2026-01-23 02:20	64.465	64.465	64.402	64.422	4
2026-01-23 02:25	64.415	64.445	64.402	64.427	5
2026-01-23 02:30	64.425	64.435	64.392	64.422	5
2026-01-23 02:35	64.415	64.462	64.410	64.445	5
2026-01-23 02:40	64.450	64.450	64.362	64.390	5
2026-01-23 02:45	64.395	64.490	64.395	64.485	5
2026-01-23 02:50	64.495	64.575	64.490	64.572	5
2026-01-23 02:55	64.570	64.590	64.537	64.555	5
2026-01-23 03:00	64.550	64.582	64.550	64.580	5
2026-01-23 03:05	64.575	64.585	64.540	64.542	5
2026-01-23 03:10	64.537	64.537	64.512	64.525	5
2026-01-23 03:15	64.517	64.537	64.502	64.507	5
2026-01-23 03:20	64.512	64.610	64.512	64.600	5
2026-01-23 03:25	64.605	64.610	64.582	64.602	5
2026-01-23 03:30	64.610	64.615	64.555	64.562	5
2026-01-23 03:35	64.555	64.600	64.547	64.600	5
2026-01-23 03:40	64.595	64.635	64.565	64.582	5
2026-01-23 03:45	64.590	64.615	64.582	64.605	5
2026-01-23 03:50	64.597	64.597	64.537	64.545	5
2026-01-23 03:55	64.555	64.560	64.517	64.525	4
2026-01-23 04:00	64.520	64.525	64.492	64.497	5
2026-01-23 04:05	64.493	64.525	64.492	64.515	5
2026-01-23 04:10	64.510	64.525	64.510	64.522	4
2026-01-23 04:15	64.540	64.540	64.522	64.522	4
2026-01-23 04:20	64.520	64.570	64.520	64.567	4
2026-01-23 04:25	64.572	64.605	64.572	64.587	5
2026-01-23 04:30	64.582	64.590	64.567	64.575	5
2026-01-23 04:35	64.568	64.595	64.568	64.595	5
2026-01-23 04:40	64.588	64.610	64.588	64.600	5
2026-01-23 04:45	64.602	64.605	64.590	64.595	5
2026-01-23 04:50	64.590	64.600	64.578	64.582	5
2026-01-23 04:55	64.590	64.592	64.583	64.585	5
2026-01-23 05:00	64.578	64.597	64.570	64.580	5
2026-01-23 05:05	64.575	64.575	64.547	64.555	4
2026-01-23 05:10	64.545	64.545	64.507	64.510	5
2026-01-23 05:15	64.505	64.505	64.462	64.480	5
2026-01-23 05:20	64.470	64.480	64.462	64.462	5
2026-01-23 05:25	64.460	64.462	64.427	64.435	5
2026-01-23 05:30	64.437	64.475	64.427	64.467	5
2026-01-23 05:35	64.475	64.475	64.430	64.457	5
2026-01-23 05:40	64.465	64.502	64.465	64.502	5
2026-01-23 05:45	64.500	64.535	64.490	64.520	5
2026-01-23 05:50	64.530	64.625	64.527	64.610	5
2026-01-23 05:55	64.605	64.620	64.510	64.510	5
2026-01-23 06:00	64.515	64.525	64.452	64.490	5
2026-01-23 06:05	64.485	64.545	64.485	64.500	5
2026-01-23 06:10	64.505	64.512	64.447	64.477	5
2026-01-23 06:15	64.472	64.502	64.472	64.492	5
2026-01-23 06:20	64.480	64.552	64.477	64.550	5
2026-01-23 06:25	64.560	64.645	64.555	64.600	5
2026-01-23 06:30	64.595	64.620	64.572	64.580	5
2026-01-23 06:35	64.582	64.620	64.567	64.617	5
2026-01-23 06:40	64.615	64.640	64.602	64.640	5
2026-01-23 06:45	64.635	64.680	64.622	64.652	4
2026-01-23 06:50	64.665	64.685	64.645	64.662	5
2026-01-23 06:55	64.670	64.692	64.657	64.672	5
2026-01-23 07:00	64.670	64.670	64.560	64.562	5
2026-01-23 07:05	64.570	64.595	64.512	64.527	5
2026-01-23 07:10	64.520	64.540	64.490	64.527	5
2026-01-23 07:15	64.517	64.527	64.395	64.410	5
2026-01-23 07:20	64.415	64.455	64.385	64.427	5
2026-01-23 07:25	64.435	64.450	64.402	64.435	5
2026-01-23 07:30	64.440	64.440	64.362	64.405	5
2026-01-23 07:35	64.410	64.425	64.332	64.345	5
2026-01-23 07:40	64.350	64.355	64.292	64.325	5
2026-01-23 07:45	64.323	64.340	64.272	64.315	5
2026-01-23 07:50	64.330	64.390	64.312	64.390	5
2026-01-23 07:55	64.392	64.392	64.322	64.342	5
2026-01-23 08:00	64.350	64.475	64.335	64.435	5
2026-01-23 08:05	64.445	64.445	64.347	64.370	5
2026-01-23 08:10	64.375	64.385	64.332	64.350	5
2026-01-23 08:15	64.343	64.430	64.343	64.375	5
2026-01-23 08:20	64.370	64.442	64.367	64.442	5
2026-01-23 08:25	64.435	64.565	64.417	64.518	5
2026-01-23 08:30	64.505	64.655	64.502	64.625	5
2026-01-23 08:35	64.630	64.672	64.572	64.672	5
2026-01-23 08:40	64.690	64.790	64.662	64.720	5
2026-01-23 08:45	64.725	64.725	64.652	64.717	5
2026-01-23 08:50	64.715	64.775	64.652	64.675	5
2026-01-23 08:55	64.677	64.677	64.552	64.607	5
2026-01-23 09:00	64.613	64.720	64.587	64.720	5
2026-01-23 09:05	64.715	64.765	64.572	64.632	5
2026-01-23 09:10	64.640	64.675	64.592	64.632	5
2026-01-23 09:15	64.640	64.730	64.635	64.727	5
2026-01-23 09:20	64.735	64.760	64.702	64.712	5
2026-01-23 09:25	64.725	64.770	64.690	64.730	5
2026-01-23 09:30	64.743	64.765	64.585	64.600	5
2026-01-23 09:35	64.610	64.650	64.555	64.567	5
2026-01-23 09:40	64.575	64.645	64.547	64.577	5
2026-01-23 09:45	64.570	64.690	64.567	64.617	5
2026-01-23 09:50	64.625	64.700	64.557	64.697	5
2026-01-23 09:55	64.705	64.725	64.642	64.682	5
2026-01-23 10:00	64.690	64.785	64.667	64.732	5
2026-01-23 10:05	64.730	64.762	64.682	64.752	5
2026-01-23 10:10	64.757	64.887	64.750	64.872	5
2026-01-23 10:15	64.885	64.905	64.822	64.905	5
2026-01-23 10:20	64.902	64.920	64.802	64.827	5
2026-01-23 10:25	64.825	64.900	64.787	64.900	5
2026-01-23 10:30	64.905	64.955	64.852	64.947	5
2026-01-23 10:35	64.945	65.035	64.932	64.962	5
2026-01-23 10:40	64.975	65.015	64.932	64.957	5
2026-01-23 10:45	64.955	64.955	64.872	64.952	5
2026-01-23 10:50	64.950	64.975	64.882	64.895	5
2026-01-23 10:55	64.892	64.945	64.892	64.940	5
2026-01-23 11:00	64.930	64.960	64.882	64.942	5
2026-01-23 11:05	64.950	64.955	64.907	64.955	5
2026-01-23 11:10	64.985	65.055	64.948	65.055	5
2026-01-23 11:15	65.047	65.090	65.035	65.082	5
2026-01-23 11:20	65.075	65.155	65.062	65.117	5
2026-01-23 11:25	65.130	65.145	65.052	65.142	5
2026-01-23 11:30	65.155	65.155	65.092	65.122	5
2026-01-23 11:35	65.115	65.130	65.065	65.072	5
2026-01-23 11:40	65.085	65.127	65.052	65.095	5
2026-01-23 11:45	65.090	65.135	65.075	65.087	5
2026-01-23 11:50	65.095	65.105	65.050	65.062	5
2026-01-23 11:55	65.070	65.110	65.050	65.100	5
2026-01-23 12:00	65.105	65.165	65.072	65.142	5
2026-01-23 12:05	65.150	65.175	65.120	65.155	5
2026-01-23 12:10	65.165	65.235	65.152	65.232	5
2026-01-23 12:15	65.245	65.245	65.175	65.222	5
2026-01-23 12:20	65.230	65.245	65.162	65.205	5
2026-01-23 12:25	65.215	65.250	65.212	65.240	5
2026-01-23 12:30	65.245	65.275	65.202	65.212	5
2026-01-23 12:35	65.205	65.235	65.182	65.215	5
2026-01-23 12:40	65.225	65.255	65.202	65.252	5
2026-01-23 12:45	65.235	65.240	65.152	65.152	5
2026-01-23 12:50	65.165	65.195	65.142	65.185	5
2026-01-23 12:55	65.175	65.195	65.152	65.182	5
2026-01-23 13:00	65.190	65.262	65.162	65.202	5
2026-01-23 13:05	65.195	65.205	65.102	65.152	5
2026-01-23 13:10	65.145	65.272	65.142	65.270	5
2026-01-23 13:15	65.275	65.295	65.240	65.242	5
2026-01-23 13:20	65.250	65.265	65.197	65.235	5
2026-01-23 13:25	65.240	65.275	65.232	65.262	5
2026-01-23 13:30	65.270	65.275	65.185	65.200	5
2026-01-23 13:35	65.205	65.225	65.190	65.212	5
2026-01-23 13:40	65.218	65.315	65.218	65.255	5
2026-01-23 13:45	65.260	65.465	65.245	65.432	5
2026-01-23 13:50	65.440	65.740	65.420	65.715	5
2026-01-23 13:55	65.710	65.780	65.630	65.735	5
2026-01-23 14:00	65.712	65.915	65.712	65.752	5
2026-01-23 14:05	65.760	65.782	65.652	65.665	5
2026-01-23 14:10	65.675	65.697	65.627	65.627	5
2026-01-23 14:15	65.632	65.650	65.580	65.635	5
2026-01-23 14:20	65.630	65.740	65.592	65.700	5
2026-01-23 14:25	65.705	65.795	65.705	65.730	5
2026-01-23 14:30	65.725	65.900	65.700	65.855	5
2026-01-23 14:35	65.845	65.900	65.780	65.885	5
2026-01-23 14:40	65.890	65.960	65.882	65.935	5
2026-01-23 14:45	65.937	65.945	65.805	65.870	5
2026-01-23 14:50	65.865	65.867	65.767	65.812	5
2026-01-23 14:55	65.825	65.870	65.817	65.870	5
2026-01-23 15:00	65.865	65.900	65.797	65.832	5
2026-01-23 15:05	65.845	65.850	65.797	65.815	5
2026-01-23 15:10	65.820	65.845	65.745	65.795	5
2026-01-23 15:15	65.785	65.835	65.745	65.747	5
2026-01-23 15:20	65.760	65.770	65.690	65.735	5
2026-01-23 15:25	65.740	65.910	65.712	65.892	5
2026-01-23 15:30	65.900	65.915	65.775	65.802	5
2026-01-23 15:35	65.790	65.805	65.712	65.732	5
2026-01-23 15:40	65.740	65.775	65.697	65.727	5
2026-01-23 15:45	65.725	65.725	65.580	65.622	5
2026-01-23 15:50	65.615	65.620	65.562	65.605	5
2026-01-23 15:55	65.600	65.630	65.550	65.575	5
2026-01-23 16:00	65.570	65.600	65.482	65.590	5
2026-01-23 16:05	65.595	65.625	65.532	65.600	5
2026-01-23 16:10	65.592	65.695	65.580	65.655	5
2026-01-23 16:15	65.665	65.762	65.645	65.750	5
2026-01-23 16:20	65.745	65.772	65.685	65.710	5
2026-01-23 16:25	65.705	65.775	65.672	65.730	5
2026-01-23 16:30	65.735	65.800	65.722	65.777	5
2026-01-23 16:35	65.785	65.795	65.762	65.785	5
2026-01-23 16:40	65.805	65.885	65.792	65.850	5
2026-01-23 16:45	65.845	65.865	65.797	65.850	5
2026-01-23 16:50	65.855	65.955	65.847	65.935	5
2026-01-23 16:55	65.940	65.965	65.882	65.890	5
2026-01-23 17:00	65.875	65.905	65.755	65.755	5
2026-01-23 17:05	65.745	65.745	65.665	65.682	5
2026-01-23 17:10	65.690	65.765	65.672	65.677	5
2026-01-23 17:15	65.685	65.695	65.602	65.670	5
2026-01-23 17:20	65.675	65.695	65.602	65.602	5
2026-01-23 17:25	65.585	65.625	65.580	65.622	5
2026-01-23 17:30	65.635	65.755	65.622	65.732	5
2026-01-23 17:35	65.745	65.800	65.705	65.772	5
2026-01-23 17:40	65.770	65.865	65.765	65.860	5
2026-01-23 17:45	65.855	66.005	65.855	65.995	5
2026-01-23 17:50	66.005	66.025	65.965	65.975	5
2026-01-23 17:55	65.965	65.987	65.952	65.965	5
2026-01-23 18:00	65.955	65.995	65.925	65.925	5
2026-01-23 18:05	65.915	65.985	65.898	65.952	5
2026-01-23 18:10	65.950	66.035	65.942	66.002	5
2026-01-23 18:15	65.990	66.005	65.912	65.927	5
2026-01-23 18:20	65.935	65.950	65.832	65.832	5
2026-01-23 18:25	65.840	65.880	65.822	65.875	5
2026-01-23 18:30	65.862	65.890	65.830	65.870	5
2026-01-23 18:35	65.875	65.885	65.822	65.835	5
2026-01-23 18:40	65.825	65.900	65.782	65.890	5
2026-01-23 18:45	65.895	65.895	65.742	65.747	5
2026-01-23 18:50	65.750	65.815	65.742	65.792	5
2026-01-23 18:55	65.805	65.890	65.792	65.875	5
2026-01-23 19:00	65.880	65.925	65.832	65.855	5
2026-01-23 19:05	65.860	65.890	65.795	65.820	5
2026-01-23 19:10	65.822	65.915	65.730	65.865	5
2026-01-23 19:15	65.870	65.895	65.842	65.882	5
2026-01-23 19:20	65.895	65.895	65.820	65.820	5
2026-01-23 19:25	65.815	65.895	65.815	65.832	5
2026-01-23 19:30	65.825	65.905	65.795	65.885	5
2026-01-23 19:35	65.875	65.995	65.872	65.992	5
2026-01-23 19:40	65.998	66.035	65.985	65.995	5
2026-01-23 19:45	66.005	66.005	65.932	65.950	5
2026-01-23 19:50	65.945	65.965	65.845	65.860	5
2026-01-23 19:55	65.852	65.875	65.802	65.875	5
2026-01-23 20:00	65.865	65.885	65.852	65.862	5
2026-01-23 20:05	65.855	65.910	65.852	65.905	5
2026-01-23 20:10	65.920	65.955	65.910	65.940	5
2026-01-23 20:15	65.942	65.965	65.925	65.960	5
2026-01-23 20:20	65.952	65.952	65.912	65.932	5
2026-01-23 20:25	65.940	65.945	65.922	65.942	4
2026-01-23 20:30	65.937	65.980	65.922	65.980	5
2026-01-23 20:35	65.975	66.010	65.965	65.995	5
2026-01-23 20:40	65.997	66.015	65.922	65.925	4
2026-01-23 20:45	65.915	65.925	65.882	65.882	5
2026-01-23 20:50	65.880	65.925	65.865	65.897	5
2026-01-23 20:55	65.905	65.975	65.892	65.965	5
2026-01-23 21:00	65.970	66.068	65.958	66.068	5
2026-01-23 21:05	66.063	66.138	66.063	66.128	5
2026-01-23 21:10	66.138	66.168	66.123	66.148	5
2026-01-23 21:15	66.133	66.158	66.093	66.158	5
2026-01-23 21:20	66.158	66.168	66.138	66.138	5
2026-01-23 21:25	66.143	66.148	66.083	66.118	5
2026-01-23 21:30	66.113	66.138	66.083	66.083	5
2026-01-23 21:35	66.098	66.158	66.098	66.158	5
2026-01-23 21:40	66.163	66.208	66.163	66.183	5
2026-01-23 21:45	66.188	66.188	66.138	66.148	5
2026-01-23 21:50	66.153	66.168	66.128	66.138	5
2026-01-23 21:55	66.128	66.178	66.128	66.147	5
2026-01-26 01:00	65.852	65.955	65.805	65.872	5
2026-01-26 01:05	65.885	65.885	65.767	65.787	5
2026-01-26 01:10	65.785	65.822	65.772	65.810	5
2026-01-26 01:15	65.815	65.955	65.810	65.942	5
2026-01-26 01:20	65.947	66.050	65.942	66.020	5
2026-01-26 01:25	66.012	66.065	65.967	65.980	5
2026-01-26 01:30	65.972	66.035	65.937	66.000	5
2026-01-26 01:35	65.990	65.995	65.870	65.870	5
2026-01-26 01:40	65.872	65.922	65.870	65.870	5
2026-01-26 01:45	65.872	65.895	65.837	65.887	5
2026-01-26 01:50	65.895	65.915	65.877	65.910	5
2026-01-26 01:55	65.915	65.945	65.880	65.880	5
2026-01-26 02:00	65.870	65.880	65.807	65.845	5
2026-01-26 02:05	65.837	65.850	65.792	65.805	5
2026-01-26 02:10	65.795	65.820	65.772	65.810	5
2026-01-26 02:15	65.805	65.830	65.782	65.790	4
2026-01-26 02:20	65.780	65.800	65.765	65.787	5
2026-01-26 02:25	65.792	65.860	65.787	65.830	5
2026-01-26 02:30	65.832	65.890	65.832	65.857	5
2026-01-26 02:35	65.865	65.870	65.837	65.870	5
2026-01-26 02:40	65.872	65.905	65.847	65.860	5
2026-01-26 02:45	65.855	65.880	65.827	65.847	5
2026-01-26 02:50	65.852	65.860	65.827	65.845	5
2026-01-26 02:55	65.850	65.860	65.762	65.762	5
2026-01-26 03:00	65.755	65.797	65.715	65.795	5
2026-01-26 03:05	65.800	65.835	65.787	65.815	5
2026-01-26 03:10	65.810	65.835	65.797	65.830	5
2026-01-26 03:15	65.835	65.855	65.810	65.852	5
2026-01-26 03:20	65.845	65.880	65.825	65.875	5
2026-01-26 03:25	65.885	65.885	65.847	65.867	5
2026-01-26 03:30	65.875	65.885	65.860	65.860	4
2026-01-26 03:35	65.870	65.885	65.857	65.877	5
2026-01-26 03:40	65.875	65.875	65.840	65.850	5
2026-01-26 03:45	65.860	65.880	65.852	65.880	5
2026-01-26 03:50	65.890	65.905	65.877	65.900	4
2026-01-26 03:55	65.895	65.900	65.872	65.900	5
2026-01-26 04:00	65.905	65.905	65.877	65.877	4
2026-01-26 04:05	65.885	65.890	65.872	65.872	5
2026-01-26 04:10	65.880	65.895	65.877	65.892	3
2026-01-26 04:15	65.897	65.955	65.890	65.950	5
2026-01-26 04:20	65.955	65.970	65.940	65.967	5
2026-01-26 04:25	65.975	65.980	65.960	65.962	5
2026-01-26 04:30	65.957	65.980	65.938	65.952	5
2026-01-26 04:35	65.950	65.990	65.943	65.967	5
2026-01-26 04:40	65.963	65.970	65.953	65.960	5
2026-01-26 04:45	65.955	65.975	65.955	65.970	4
2026-01-26 04:50	65.980	65.980	65.957	65.975	4
2026-01-26 04:55	65.968	65.980	65.957	65.975	5
2026-01-26 05:00	65.980	65.980	65.955	65.955	5
2026-01-26 05:05	65.945	65.945	65.882	65.892	5
2026-01-26 05:10	65.888	65.900	65.862	65.862	5
2026-01-26 05:15	65.868	65.900	65.868	65.885	5
2026-01-26 05:20	65.872	65.900	65.872	65.890	4
2026-01-26 05:25	65.892	65.920	65.877	65.897	5
2026-01-26 05:30	65.905	65.922	65.865	65.897	5
2026-01-26 05:35	65.902	65.970	65.902	65.922	5
2026-01-26 05:40	65.920	65.940	65.897	65.905	5
2026-01-26 05:45	65.900	65.905	65.855	65.860	5
2026-01-26 05:50	65.855	65.885	65.832	65.870	5
2026-01-26 05:55	65.857	66.095	65.812	66.025	5
2026-01-26 06:00	66.020	66.042	65.967	66.037	5
2026-01-26 06:05	66.030	66.180	66.002	66.115	5
2026-01-26 06:10	66.117	66.215	66.105	66.167	5
2026-01-26 06:15	66.165	66.235	66.142	66.212	5
2026-01-26 06:20	66.210	66.290	66.180	66.285	5
2026-01-26 06:25	66.290	66.515	66.280	66.490	5
2026-01-26 06:30	66.480	66.480	66.255	66.270	5
2026-01-26 06:35	66.275	66.275	66.120	66.125	5
2026-01-26 06:40	66.140	66.205	66.130	66.170	5
2026-01-26 06:45	66.175	66.310	66.112	66.305	5
2026-01-26 06:50	66.300	66.385	66.282	66.375	5
2026-01-26 06:55	66.370	66.430	66.342	66.355	5
2026-01-26 07:00	66.335	66.342	66.227	66.285	5
2026-01-26 07:05	66.280	66.330	66.225	66.250	5
2026-01-26 07:10	66.255	66.330	66.255	66.320	5
2026-01-26 07:15	66.325	66.330	66.255	66.287	5
2026-01-26 07:20	66.285	66.285	66.070	66.095	5
2026-01-26 07:25	66.075	66.120	66.002	66.085	5
2026-01-26 07:30	66.090	66.155	66.080	66.152	5
2026-01-26 07:35	66.150	66.170	66.105	66.145	5
2026-01-26 07:40	66.150	66.170	65.942	65.952	5
2026-01-26 07:45	65.975	66.000	65.902	65.942	5
2026-01-26 07:50	65.940	66.035	65.882	65.997	5
2026-01-26 07:55	66.002	66.010	65.692	65.715	5
2026-01-26 08:00	65.708	65.780	65.620	65.645	5
2026-01-26 08:05	65.655	65.745	65.637	65.730	5
2026-01-26 08:10	65.725	65.795	65.692	65.747	5
2026-01-26 08:15	65.752	65.770	65.667	65.705	5
2026-01-26 08:20	65.685	65.795	65.675	65.780	5
2026-01-26 08:25	65.775	65.782	65.707	65.735	5
2026-01-26 08:30	65.725	65.755	65.550	65.630	5
2026-01-26 08:35	65.615	65.800	65.605	65.800	5
2026-01-26 08:40	65.810	65.890	65.782	65.875	5
2026-01-26 08:45	65.865	65.895	65.752	65.830	5
2026-01-26 08:50	65.822	65.905	65.732	65.797	5
2026-01-26 08:55	65.805	66.025	65.790	66.022	5
2026-01-26 09:00	66.055	66.150	65.967	65.982	5
2026-01-26 09:05	66.010	66.102	66.003	66.095	5
2026-01-26 09:10	66.090	66.090	65.930	65.945	5
2026-01-26 09:15	65.935	66.005	65.845	65.892	5
2026-01-26 09:20	65.890	65.980	65.885	65.922	5
2026-01-26 09:25	65.930	65.935	65.755	65.817	5
2026-01-26 09:30	65.825	65.835	65.662	65.662	5
2026-01-26 09:35	65.650	65.795	65.637	65.772	5
2026-01-26 09:40	65.790	65.835	65.757	65.770	5
2026-01-26 09:45	65.765	65.815	65.725	65.727	5
2026-01-26 09:50	65.735	65.855	65.735	65.845	5
2026-01-26 09:55	65.850	66.005	65.837	65.935	5
2026-01-26 10:00	65.930	65.970	65.792	65.805	5
2026-01-26 10:05	65.825	65.885	65.785	65.870	5
2026-01-26 10:10	65.865	65.950	65.855	65.947	5
2026-01-26 10:15	65.960	66.035	65.950	66.032	5
2026-01-26 10:20	66.025	66.035	65.972	65.990	5
2026-01-26 10:25	65.992	66.037	65.985	66.035	5
2026-01-26 10:30	66.040	66.060	65.967	66.012	5
2026-01-26 10:35	66.025	66.030	65.970	65.990	5
2026-01-26 10:40	65.985	66.040	65.972	66.000	5
2026-01-26 10:45	66.002	66.072	65.980	66.035	5
2026-01-26 10:50	66.040	66.070	65.992	66.060	5
2026-01-26 10:55	66.062	66.075	66.020	66.070	5
2026-01-26 11:00	66.075	66.105	65.932	65.932	5
2026-01-26 11:05	65.940	65.952	65.892	65.935	5
2026-01-26 11:10	65.940	66.040	65.940	66.040	5
2026-01-26 11:15	66.028	66.028	65.945	65.947	5
2026-01-26 11:20	65.945	66.050	65.932	66.010	5
2026-01-26 11:25	66.005	66.110	65.962	66.100	5
2026-01-26 11:30	66.092	66.180	66.092	66.152	5
2026-01-26 11:35	66.150	66.255	66.150	66.250	5
2026-01-26 11:40	66.235	66.238	66.102	66.132	5
2026-01-26 11:45	66.130	66.130	66.017	66.020	5
2026-01-26 11:50	66.035	66.095	66.020	66.082	5
2026-01-26 11:55	66.080	66.085	65.982	65.995	5
2026-01-26 12:00	65.988	66.005	65.892	65.960	5
2026-01-26 12:05	65.955	65.975	65.900	65.955	5
2026-01-26 12:10	65.960	66.020	65.920	66.020	5
2026-01-26 12:15	66.025	66.040	65.987	66.002	5
2026-01-26 12:20	66.015	66.025	65.952	65.960	5
2026-01-26 12:25	65.955	65.960	65.850	65.895	5
2026-01-26 12:30	65.900	65.900	65.797	65.820	5
2026-01-26 12:35	65.815	65.845	65.762	65.772	5
2026-01-26 12:40	65.765	65.840	65.762	65.822	5
2026-01-26 12:45	65.820	65.880	65.820	65.860	5
2026-01-26 12:50	65.852	65.867	65.722	65.827	5
2026-01-26 12:55	65.830	65.830	65.715	65.742	5
2026-01-26 13:00	65.755	65.805	65.712	65.795	5
2026-01-26 13:05	65.790	65.830	65.730	65.767	5
2026-01-26 13:10	65.775	65.855	65.735	65.810	5
2026-01-26 13:15	65.815	65.815	65.605	65.675	5
2026-01-26 13:20	65.665	65.675	65.542	65.595	5
2026-01-26 13:25	65.585	65.605	65.510	65.595	5
2026-01-26 13:30	65.590	65.590	65.395	65.502	5
2026-01-26 13:35	65.500	65.535	65.467	65.505	5
2026-01-26 13:40	65.500	65.560	65.480	65.520	5
2026-01-26 13:45	65.512	65.600	65.490	65.550	5
2026-01-26 13:50	65.545	65.655	65.545	65.620	5
2026-01-26 13:55	65.610	65.625	65.545	65.572	5
2026-01-26 14:00	65.570	65.625	65.512	65.615	5
2026-01-26 14:05	65.620	65.625	65.492	65.567	5
2026-01-26 14:10	65.565	65.725	65.542	65.672	5
2026-01-26 14:15	65.670	65.670	65.485	65.490	5
2026-01-26 14:20	65.485	65.625	65.465	65.620	5
2026-01-26 14:25	65.625	65.680	65.348	65.447	5
2026-01-26 14:30	65.460	65.640	65.353	65.610	5
2026-01-26 14:35	65.605	65.695	65.473	65.660	5
2026-01-26 14:40	65.652	65.665	65.532	65.555	5
2026-01-26 14:45	65.560	65.565	65.462	65.532	5
2026-01-26 14:50	65.527	65.595	65.442	65.452	5
2026-01-26 14:55	65.445	65.450	65.330	65.362	5
2026-01-26 15:00	65.360	65.640	65.360	65.635	5
2026-01-26 15:05	65.637	65.715	65.622	65.662	5
2026-01-26 15:10	65.670	65.830	65.670	65.720	5
2026-01-26 15:15	65.712	65.720	65.645	65.667	5
2026-01-26 15:20	65.675	65.705	65.585	65.662	5
2026-01-26 15:25	65.655	65.665	65.547	65.592	5
2026-01-26 15:30	65.585	65.585	65.482	65.490	5
2026-01-26 15:35	65.485	65.525	65.437	65.502	5
2026-01-26 15:40	65.515	65.540	65.315	65.425	5
2026-01-26 15:45	65.430	65.475	65.362	65.445	5
2026-01-26 15:50	65.435	65.555	65.415	65.512	5
2026-01-26 15:55	65.520	65.525	65.462	65.485	5
2026-01-26 16:00	65.455	65.510	65.405	65.442	5
2026-01-26 16:05	65.455	65.525	65.312	65.400	5
2026-01-26 16:10	65.405	65.435	65.347	65.392	5
2026-01-26 16:15	65.385	65.465	65.342	65.342	5
2026-01-26 16:20	65.340	65.412	65.297	65.320	5
2026-01-26 16:25	65.315	65.405	65.310	65.392	5
2026-01-26 16:30	65.405	65.575	65.392	65.552	5
2026-01-26 16:35	65.545	65.685	65.540	65.672	5
2026-01-26 16:40	65.685	65.770	65.650	65.695	5
2026-01-26 16:45	65.685	65.695	65.615	65.625	5
2026-01-26 16:50	65.620	65.687	65.597	65.615	5
2026-01-26 16:55	65.640	65.720	65.595	65.702	5
2026-01-26 17:00	65.695	65.740	65.667	65.675	5
2026-01-26 17:05	65.685	65.720	65.615	65.700	5
2026-01-26 17:10	65.695	65.745	65.677	65.740	5
2026-01-26 17:15	65.735	65.745	65.675	65.690	5
2026-01-26 17:20	65.685	65.735	65.657	65.712	5
2026-01-26 17:25	65.710	65.735	65.685	65.685	5
2026-01-26 17:30	65.695	65.807	65.682	65.745	5
2026-01-26 17:35	65.742	65.865	65.732	65.830	5
2026-01-26 17:40	65.825	65.880	65.812	65.875	5
2026-01-26 17:45	65.870	65.915	65.792	65.805	5
2026-01-26 17:50	65.810	65.850	65.777	65.807	5
2026-01-26 17:55	65.815	65.865	65.812	65.850	5
2026-01-26 18:00	65.852	65.857	65.780	65.795	5
2026-01-26 18:05	65.800	65.810	65.742	65.765	5
2026-01-26 18:10	65.760	65.760	65.605	65.665	5
2026-01-26 18:15	65.655	65.660	65.550	65.580	5
2026-01-26 18:20	65.582	65.620	65.562	65.600	5
2026-01-26 18:25	65.595	65.645	65.517	65.527	5
2026-01-26 18:30	65.545	65.610	65.530	65.562	5
2026-01-26 18:35	65.555	65.580	65.505	65.505	5
2026-01-26 18:40	65.500	65.515	65.465	65.487	5
2026-01-26 18:45	65.485	65.720	65.485	65.585	5
2026-01-26 18:50	65.590	65.665	65.580	65.610	5
2026-01-26 18:55	65.602	65.615	65.517	65.542	5
2026-01-26 19:00	65.532	65.602	65.502	65.592	5
2026-01-26 19:05	65.600	65.635	65.580	65.610	5
2026-01-26 19:10	65.625	65.630	65.567	65.582	5
2026-01-26 19:15	65.595	65.635	65.555	65.577	5
2026-01-26 19:20	65.600	65.610	65.562	65.567	5
2026-01-26 19:25	65.585	65.625	65.522	65.545	5
2026-01-26 19:30	65.550	65.605	65.512	65.522	5
2026-01-26 19:35	65.515	65.530	65.412	65.447	5
2026-01-26 19:40	65.445	65.475	65.425	65.475	5
2026-01-26 19:45	65.480	65.515	65.472	65.505	5
2026-01-26 19:50	65.500	65.505	65.467	65.482	5
2026-01-26 19:55	65.490	65.527	65.480	65.527	5
2026-01-26 20:00	65.535	65.585	65.512	65.580	5
2026-01-26 20:05	65.575	65.652	65.572	65.625	5
2026-01-26 20:10	65.620	65.645	65.607	65.642	5
2026-01-26 20:15	65.640	65.650	65.605	65.615	5
2026-01-26 20:20	65.610	65.610	65.280	65.520	5
2026-01-26 20:25	65.493	65.688	65.493	65.672	5
2026-01-26 20:30	65.685	65.715	65.652	65.667	5
2026-01-26 20:35	65.675	65.745	65.640	65.707	5
2026-01-26 20:40	65.702	65.740	65.692	65.720	5
2026-01-26 20:45	65.722	65.765	65.722	65.750	5
2026-01-26 20:50	65.755	65.755	65.702	65.727	5
2026-01-26 20:55	65.735	65.755	65.677	65.705	5
2026-01-26 21:00	65.698	65.713	65.683	65.713	5
2026-01-26 21:05	65.723	65.768	65.723	65.758	5
2026-01-26 21:10	65.743	65.758	65.713	65.718	5
2026-01-26 21:15	65.713	65.723	65.693	65.708	5
2026-01-26 21:20	65.713	65.718	65.643	65.658	5
2026-01-26 21:25	65.673	65.673	65.603	65.608	5
2026-01-26 21:30	65.603	65.613	65.588	65.603	5
2026-01-26 21:35	65.598	65.598	65.553	65.583	5
2026-01-26 21:40	65.588	65.668	65.588	65.653	5
2026-01-26 21:45	65.658	65.708	65.653	65.668	5
2026-01-26 21:50	65.673	65.773	65.668	65.718	5
2026-01-26 21:55	65.713	65.743	65.693	65.703	5
2026-01-27 01:00	65.740	65.750	65.452	65.485	5
2026-01-27 01:05	65.480	65.485	65.367	65.460	5
2026-01-27 01:10	65.465	65.510	65.462	65.490	5
2026-01-27 01:15	65.480	65.482	65.412	65.427	5
2026-01-27 01:20	65.432	65.435	65.307	65.335	5
2026-01-27 01:25	65.327	65.335	65.242	65.242	5
2026-01-27 01:30	65.225	65.320	65.192	65.317	5
2026-01-27 01:35	65.330	65.360	65.305	65.332	5
2026-01-27 01:40	65.340	65.340	65.267	65.270	5
2026-01-27 01:45	65.260	65.265	65.182	65.195	5
2026-01-27 01:50	65.190	65.232	65.162	65.202	5
2026-01-27 01:55	65.197	65.210	65.088	65.120	5
2026-01-27 02:00	65.115	65.157	65.087	65.140	5
2026-01-27 02:05	65.135	65.245	65.127	65.210	5
2026-01-27 02:10	65.215	65.250	65.197	65.200	5
2026-01-27 02:15	65.210	65.215	65.185	65.195	5
2026-01-27 02:20	65.200	65.225	65.200	65.220	5
2026-01-27 02:25	65.213	65.220	65.202	65.215	5
2026-01-27 02:30	65.200	65.200	65.162	65.185	5
2026-01-27 02:35	65.195	65.215	65.167	65.175	5
2026-01-27 02:40	65.185	65.230	65.182	65.217	5
2026-01-27 02:45	65.225	65.225	65.197	65.202	5
2026-01-27 02:50	65.207	65.215	65.152	65.152	5
2026-01-27 02:55	65.165	65.195	65.162	65.185	5
2026-01-27 03:00	65.180	65.182	65.137	65.137	5
2026-01-27 03:05	65.142	65.145	65.082	65.110	5
2026-01-27 03:10	65.102	65.125	65.100	65.120	4
2026-01-27 03:15	65.125	65.135	65.095	65.102	5
2026-01-27 03:20	65.097	65.145	65.090	65.142	5
2026-01-27 03:25	65.150	65.155	65.105	65.120	5
2026-01-27 03:30	65.115	65.135	65.107	65.118	5
2026-01-27 03:35	65.125	65.155	65.115	65.145	5
2026-01-27 03:40	65.130	65.137	65.115	65.115	4
2026-01-27 03:45	65.125	65.125	65.102	65.102	5
2026-01-27 03:50	65.095	65.102	65.087	65.102	4
2026-01-27 03:55	65.098	65.130	65.092	65.102	5
2026-01-27 04:00	65.108	65.135	65.108	65.127	5
2026-01-27 04:05	65.120	65.125	65.112	65.122	4
2026-01-27 04:10	65.118	65.145	65.112	65.140	5
2026-01-27 04:15	65.135	65.145	65.128	65.135	5
2026-01-27 04:20	65.140	65.160	65.108	65.117	5
2026-01-27 04:25	65.110	65.110	65.067	65.092	5
2026-01-27 04:30	65.115	65.160	65.095	65.155	5
2026-01-27 04:35	65.165	65.165	65.117	65.122	5
2026-01-27 04:40	65.120	65.125	65.090	65.095	5
2026-01-27 04:45	65.105	65.110	65.092	65.100	4
2026-01-27 04:50	65.095	65.100	65.075	65.097	5
2026-01-27 04:55	65.092	65.095	65.072	65.072	5
2026-01-27 05:00	65.070	65.072	65.032	65.070	4
2026-01-27 05:05	65.075	65.155	65.075	65.142	5
2026-01-27 05:10	65.140	65.140	65.100	65.102	5
2026-01-27 05:15	65.110	65.130	65.095	65.120	5
2026-01-27 05:20	65.112	65.120	65.097	65.110	5
2026-01-27 05:25	65.103	65.155	65.102	65.152	5
2026-01-27 05:30	65.150	65.200	65.137	65.187	5
2026-01-27 05:35	65.192	65.210	65.182	65.182	5
2026-01-27 05:40	65.178	65.207	65.172	65.182	5
2026-01-27 05:45	65.187	65.245	65.185	65.245	5
2026-01-27 05:50	65.242	65.290	65.227	65.277	5
2026-01-27 05:55	65.282	65.315	65.267	65.275	5
2026-01-27 06:00	65.280	65.300	65.242	65.297	5
2026-01-27 06:05	65.305	65.340	65.302	65.312	5
2026-01-27 06:10	65.320	65.370	65.310	65.330	5
2026-01-27 06:15	65.332	65.375	65.312	65.320	5
2026-01-27 06:20	65.322	65.380	65.312	65.360	5
2026-01-27 06:25	65.352	65.400	65.342	65.370	5
2026-01-27 06:30	65.360	65.380	65.322	65.330	5
2026-01-27 06:35	65.325	65.342	65.245	65.245	5
2026-01-27 06:40	65.235	65.250	65.187	65.235	5
2026-01-27 06:45	65.237	65.345	65.235	65.320	5
2026-01-27 06:50	65.312	65.395	65.312	65.357	5
2026-01-27 06:55	65.367	65.385	65.357	65.375	5
2026-01-27 07:00	65.370	65.392	65.257	65.272	5
2026-01-27 07:05	65.262	65.330	65.247	65.275	5
2026-01-27 07:10	65.270	65.310	65.252	65.257	5
2026-01-27 07:15	65.265	65.275	65.195	65.232	5
2026-01-27 07:20	65.230	65.250	65.202	65.230	5
2026-01-27 07:25	65.235	65.260	65.182	65.200	5
2026-01-27 07:30	65.195	65.265	65.195	65.225	5
2026-01-27 07:35	65.215	65.290	65.162	65.162	5
2026-01-27 07:40	65.160	65.230	65.127	65.222	5
2026-01-27 07:45	65.240	65.275	65.187	65.275	5
2026-01-27 07:50	65.267	65.295	65.182	65.267	5
2026-01-27 07:55	65.265	65.270	65.197	65.220	5
2026-01-27 08:00	65.225	65.330	65.225	65.292	5
2026-01-27 08:05	65.290	65.335	65.267	65.307	5
2026-01-27 08:10	65.315	65.335	65.250	65.260	5
2026-01-27 08:15	65.250	65.305	65.190	65.252	5
2026-01-27 08:20	65.258	65.270	65.200	65.210	5
2026-01-27 08:25	65.205	65.210	65.010	65.010	5
2026-01-27 08:30	65.015	65.165	64.982	65.135	5
2026-01-27 08:35	65.140	65.230	65.117	65.190	5
2026-01-27 08:40	65.192	65.240	65.185	65.230	5
2026-01-27 08:45	65.235	65.255	65.107	65.110	5
2026-01-27 08:50	65.120	65.240	65.097	65.200	5
2026-01-27 08:55	65.195	65.285	65.175	65.280	5
2026-01-27 09:00	65.283	65.325	65.207	65.225	5
2026-01-27 09:05	65.230	65.245	65.152	65.155	5
2026-01-27 09:10	65.160	65.225	65.157	65.200	5
2026-01-27 09:15	65.205	65.340	65.177	65.327	5
2026-01-27 09:20	65.340	65.435	65.287	65.425	5
2026-01-27 09:25	65.435	65.500	65.430	65.460	5
2026-01-27 09:30	65.465	65.540	65.380	65.417	5
2026-01-27 09:35	65.430	65.470	65.370	65.370	5
2026-01-27 09:40	65.375	65.490	65.372	65.405	5
2026-01-27 09:45	65.415	65.440	65.390	65.397	5
2026-01-27 09:50	65.390	65.535	65.372	65.470	5
2026-01-27 09:55	65.465	65.507	65.427	65.507	5
2026-01-27 10:00	65.500	65.585	65.492	65.585	5
2026-01-27 10:05	65.580	65.705	65.527	65.672	5
2026-01-27 10:10	65.670	65.845	65.665	65.772	5
2026-01-27 10:15	65.767	65.830	65.750	65.790	5
2026-01-27 10:20	65.792	65.792	65.700	65.725	5
2026-01-27 10:25	65.728	65.787	65.695	65.712	5
2026-01-27 10:30	65.705	65.820	65.692	65.800	5
2026-01-27 10:35	65.795	65.900	65.792	65.875	5
2026-01-27 10:40	65.877	65.915	65.852	65.860	5
2026-01-27 10:45	65.845	65.845	65.807	65.815	5
2026-01-27 10:50	65.820	65.865	65.777	65.777	5
2026-01-27 10:55	65.790	65.850	65.790	65.822	5
2026-01-27 11:00	65.805	65.847	65.712	65.740	5
2026-01-27 11:05	65.745	65.815	65.735	65.810	5
2026-01-27 11:10	65.812	65.855	65.782	65.795	5
2026-01-27 11:15	65.797	65.845	65.792	65.805	5
2026-01-27 11:20	65.820	65.830	65.710	65.737	5
2026-01-27 11:25	65.735	65.765	65.655	65.655	5
2026-01-27 11:30	65.650	65.675	65.527	65.527	5
2026-01-27 11:35	65.520	65.620	65.467	65.595	5
2026-01-27 11:40	65.587	65.595	65.517	65.525	5
2026-01-27 11:45	65.520	65.540	65.472	65.510	5
2026-01-27 11:50	65.502	65.600	65.502	65.540	5
2026-01-27 11:55	65.545	65.575	65.497	65.512	5
2026-01-27 12:00	65.518	65.545	65.480	65.535	5
2026-01-27 12:05	65.530	65.580	65.467	65.470	5
2026-01-27 12:10	65.475	65.520	65.447	65.502	5
2026-01-27 12:15	65.510	65.550	65.477	65.510	5
2026-01-27 12:20	65.515	65.535	65.410	65.410	5
2026-01-27 12:25	65.405	65.465	65.382	65.455	5
2026-01-27 12:30	65.460	65.465	65.322	65.387	5
2026-01-27 12:35	65.395	65.415	65.372	65.372	5
2026-01-27 12:40	65.385	65.402	65.342	65.392	5
2026-01-27 12:45	65.390	65.515	65.387	65.485	5
2026-01-27 12:50	65.490	65.605	65.465	65.600	5
2026-01-27 12:55	65.595	65.615	65.535	65.560	5
2026-01-27 13:00	65.550	65.630	65.512	65.615	5
2026-01-27 13:05	65.610	65.685	65.610	65.662	5
2026-01-27 13:10	65.660	65.735	65.637	65.660	5
2026-01-27 13:15	65.665	65.915	65.660	65.915	5
2026-01-27 13:20	65.907	65.955	65.847	65.907	5
2026-01-27 13:25	65.905	66.060	65.895	66.045	5
2026-01-27 13:30	66.047	66.210	66.007	66.085	5
2026-01-27 13:35	66.080	66.220	66.052	66.180	5
2026-01-27 13:40	66.185	66.570	66.185	66.540	5
2026-01-27 13:45	66.535	66.600	66.435	66.475	5
2026-01-27 13:50	66.485	66.750	66.410	66.630	5
2026-01-27 13:55	66.635	66.725	66.595	66.720	5
2026-01-27 14:00	66.710	66.740	66.550	66.575	5
2026-01-27 14:05	66.580	66.625	66.450	66.455	5
2026-01-27 14:10	66.460	66.500	66.410	66.430	5
2026-01-27 14:15	66.425	66.465	66.330	66.345	5
2026-01-27 14:20	66.350	66.350	66.155	66.205	5
2026-01-27 14:25	66.210	66.290	66.075	66.125	5
2026-01-27 14:30	66.130	66.200	65.880	65.915	5
2026-01-27 14:35	65.930	66.140	65.920	66.095	5
2026-01-27 14:40	66.085	66.265	66.035	66.175	5
2026-01-27 14:45	66.180	66.245	66.130	66.165	5
2026-01-27 14:50	66.155	66.260	66.085	66.175	5
2026-01-27 14:55	66.170	66.215	66.105	66.210	5
2026-01-27 15:00	66.220	66.225	66.125	66.125	5
2026-01-27 15:05	66.135	66.315	66.050	66.310	5
2026-01-27 15:10	66.290	66.400	66.255	66.305	5
2026-01-27 15:15	66.310	66.330	66.145	66.185	5
2026-01-27 15:20	66.180	66.185	66.040	66.155	5
2026-01-27 15:25	66.150	66.215	66.135	66.185	5
2026-01-27 15:30	66.180	66.305	66.175	66.305	5
2026-01-27 15:35	66.310	66.365	66.245	66.350	5
2026-01-27 15:40	66.345	66.435	66.285	66.430	5
2026-01-27 15:45	66.425	66.440	66.365	66.440	5
2026-01-27 15:50	66.445	66.575	66.445	66.530	5
2026-01-27 15:55	66.540	66.655	66.495	66.645	5
2026-01-27 16:00	66.640	66.660	66.575	66.610	5
2026-01-27 16:05	66.615	66.705	66.580	66.705	5
2026-01-27 16:10	66.700	66.705	66.635	66.670	5
2026-01-27 16:15	66.665	66.690	66.600	66.685	5
2026-01-27 16:20	66.690	66.745	66.665	66.705	5
2026-01-27 16:25	66.700	66.895	66.675	66.800	5
2026-01-27 16:30	66.795	66.875	66.770	66.795	5
2026-01-27 16:35	66.785	66.915	66.775	66.880	5
2026-01-27 16:40	66.885	66.895	66.805	66.875	5
2026-01-27 16:45	66.860	66.895	66.825	66.885	5
2026-01-27 16:50	66.880	66.925	66.845	66.875	5
2026-01-27 16:55	66.880	66.910	66.845	66.880	5
2026-01-27 17:00	66.875	67.070	66.845	67.025	5
2026-01-27 17:05	67.030	67.040	66.965	66.980	5
2026-01-27 17:10	66.985	67.045	66.965	66.985	5
2026-01-27 17:15	66.990	67.005	66.940	66.970	5
2026-01-27 17:20	66.975	67.020	66.955	67.015	5
2026-01-27 17:25	67.010	67.095	67.005	67.080	5
2026-01-27 17:30	67.075	67.135	67.060	67.130	5
2026-01-27 17:35	67.125	67.235	67.125	67.165	5
2026-01-27 17:40	67.155	67.205	67.135	67.150	5
2026-01-27 17:45	67.155	67.165	67.065	67.090	5
2026-01-27 17:50	67.095	67.160	67.085	67.095	5
2026-01-27 17:55	67.085	67.165	67.075	67.155	5
2026-01-27 18:00	67.160	67.185	67.135	67.155	5
2026-01-27 18:05	67.145	67.180	67.090	67.165	5
2026-01-27 18:10	67.160	67.210	67.145	67.165	5
2026-01-27 18:15	67.175	67.305	67.155	67.300	5
2026-01-27 18:20	67.305	67.310	67.225	67.235	5
2026-01-27 18:25	67.240	67.275	67.205	67.220	5
2026-01-27 18:30	67.215	67.225	67.070	67.070	5
2026-01-27 18:35	67.065	67.090	67.015	67.070	5
2026-01-27 18:40	67.075	67.105	67.035	67.060	5
2026-01-27 18:45	67.065	67.135	67.065	67.125	5
2026-01-27 18:50	67.115	67.130	67.040	67.055	5
2026-01-27 18:55	67.060	67.085	67.015	67.045	5
2026-01-27 19:00	67.055	67.145	67.045	67.140	5
2026-01-27 19:05	67.145	67.205	67.115	67.205	5
2026-01-27 19:10	67.215	67.275	67.215	67.260	5
2026-01-27 19:15	67.265	67.320	67.255	67.285	5
2026-01-27 19:20	67.290	67.485	67.285	67.475	5
2026-01-27 19:25	67.465	67.605	67.410	67.545	5
2026-01-27 19:30	67.535	67.695	67.515	67.690	5
2026-01-27 19:35	67.695	67.760	67.655	67.655	5
2026-01-27 19:40	67.645	67.655	67.565	67.575	5
2026-01-27 19:45	67.570	67.575	67.425	67.455	5
2026-01-27 19:50	67.450	67.455	67.220	67.365	5
2026-01-27 19:55	67.370	67.385	67.250	67.265	5
2026-01-27 20:00	67.275	67.355	67.255	67.270	5
2026-01-27 20:05	67.275	67.345	67.275	67.335	5
2026-01-27 20:10	67.325	67.355	67.305	67.330	5
2026-01-27 20:15	67.325	67.375	67.315	67.355	5
2026-01-27 20:20	67.360	67.395	67.350	67.390	5
2026-01-27 20:25	67.395	67.430	67.375	67.410	5
2026-01-27 20:30	67.415	67.425	67.340	67.340	5
2026-01-27 20:35	67.335	67.340	67.280	67.315	5
2026-01-27 20:40	67.305	67.335	67.285	67.285	5
2026-01-27 20:45	67.275	67.370	67.270	67.355	5
2026-01-27 20:50	67.350	67.645	67.350	67.630	5
2026-01-27 20:55	67.625	67.735	67.615	67.685	5
2026-01-27 21:00	67.662	67.662	67.532	67.537	5
2026-01-27 21:05	67.532	67.542	67.442	67.507	5
2026-01-27 21:10	67.512	67.567	67.487	67.522	5
2026-01-27 21:15	67.517	67.522	67.472	67.492	5
2026-01-27 21:20	67.497	67.512	67.477	67.492	5
2026-01-27 21:25	67.497	67.512	67.487	67.507	4
2026-01-27 21:30	67.542	67.542	67.492	67.497	5
2026-01-27 21:35	67.492	67.532	67.462	67.517	5
2026-01-27 21:40	67.497	67.497	67.497	67.497	1
2026-01-28 01:00	66.572	66.755	66.572	66.740	5
2026-01-28 01:05	66.745	66.750	66.445	66.475	5
2026-01-28 01:10	66.470	66.545	66.435	66.530	5
2026-01-28 01:15	66.535	66.555	66.505	66.505	5
2026-01-28 01:20	66.500	66.545	66.490	66.510	5
2026-01-28 01:25	66.515	66.600	66.485	66.600	5
2026-01-28 01:30	66.592	66.630	66.572	66.577	5
2026-01-28 01:35	66.575	66.665	66.570	66.660	5
2026-01-28 01:40	66.662	66.715	66.662	66.700	5
2026-01-28 01:45	66.695	66.695	66.620	66.625	5
2026-01-28 01:50	66.630	66.655	66.612	66.640	5
2026-01-28 01:55	66.630	66.630	66.542	66.550	5
2026-01-28 02:00	66.555	66.705	66.507	66.702	5
2026-01-28 02:05	66.690	66.695	66.660	66.665	5
2026-01-28 02:10	66.675	66.690	66.642	66.662	5
2026-01-28 02:15	66.655	66.715	66.652	66.697	5
2026-01-28 02:20	66.705	66.730	66.682	66.730	5
2026-01-28 02:25	66.725	66.745	66.710	66.712	5
2026-01-28 02:30	66.717	66.765	66.685	66.690	5
2026-01-28 02:35	66.685	66.725	66.682	66.685	4
2026-01-28 02:40	66.695	66.705	66.662	66.682	5
2026-01-28 02:45	66.680	66.755	66.680	66.747	5
2026-01-28 02:50	66.745	66.755	66.722	66.745	5
2026-01-28 02:55	66.735	66.820	66.730	66.765	5
2026-01-28 03:00	66.755	66.802	66.752	66.782	5
2026-01-28 03:05	66.795	66.825	66.782	66.817	5
2026-01-28 03:10	66.825	66.865	66.815	66.850	5
2026-01-28 03:15	66.845	66.905	66.842	66.875	5
2026-01-28 03:20	66.880	66.925	66.860	66.922	5
2026-01-28 03:25	66.935	66.965	66.922	66.930	4
2026-01-28 03:30	66.925	66.937	66.905	66.925	5
2026-01-28 03:35	66.915	66.925	66.912	66.912	4
2026-01-28 03:40	66.910	66.925	66.862	66.862	5
2026-01-28 03:45	66.875	66.875	66.852	66.852	4
2026-01-28 03:50	66.860	66.865	66.802	66.815	5
2026-01-28 03:55	66.810	66.817	66.757	66.815	4
2026-01-28 04:00	66.820	66.840	66.793	66.822	4
2026-01-28 04:05	66.830	66.860	66.822	66.852	5
2026-01-28 04:10	66.850	66.865	66.797	66.862	5
2026-01-28 04:15	66.855	66.895	66.833	66.895	5
2026-01-28 04:20	66.905	66.905	66.852	66.862	5
2026-01-28 04:25	66.870	66.905	66.862	66.905	5
2026-01-28 04:30	66.915	66.925	66.895	66.895	5
2026-01-28 04:35	66.880	66.895	66.862	66.870	4
2026-01-28 04:40	66.865	66.875	66.790	66.817	5
2026-01-28 04:45	66.815	66.885	66.810	66.880	5
2026-01-28 04:50	66.882	66.905	66.882	66.887	5
2026-01-28 04:55	66.900	66.925	66.897	66.907	4
2026-01-28 05:00	66.905	66.905	66.882	66.895	5
2026-01-28 05:05	66.900	66.920	66.892	66.917	4
2026-01-28 05:10	66.915	66.915	66.900	66.905	2
2026-01-28 05:15	66.897	66.905	66.885	66.892	5
2026-01-28 05:20	66.900	66.920	66.900	66.900	5
2026-01-28 05:25	66.905	66.905	66.888	66.900	5
2026-01-28 05:30	66.895	66.960	66.882	66.955	5
2026-01-28 05:35	66.965	66.975	66.912	66.942	5
2026-01-28 05:40	66.950	66.950	66.885	66.895	4
2026-01-28 05:45	66.900	66.910	66.875	66.907	5
2026-01-28 05:50	66.905	66.955	66.902	66.942	5
2026-01-28 05:55	66.950	66.970	66.932	66.965	5
2026-01-28 06:00	66.972	67.025	66.962	67.015	5
2026-01-28 06:05	67.020	67.100	67.005	67.082	5
2026-01-28 06:10	67.095	67.105	66.982	66.982	5
2026-01-28 06:15	66.990	67.025	66.982	67.000	5
2026-01-28 06:20	67.002	67.002	66.887	66.897	5
2026-01-28 06:25	66.905	66.935	66.872	66.885	5
2026-01-28 06:30	66.870	66.925	66.852	66.905	5
2026-01-28 06:35	66.910	66.935	66.882	66.890	5
2026-01-28 06:40	66.895	66.947	66.882	66.945	5
2026-01-28 06:45	66.950	66.965	66.922	66.955	5
2026-01-28 06:50	66.950	66.995	66.912	66.917	5
2026-01-28 06:55	66.910	66.915	66.820	66.855	5
2026-01-28 07:00	66.863	66.875	66.710	66.715	5
2026-01-28 07:05	66.720	66.735	66.620	66.665	5
2026-01-28 07:10	66.670	66.705	66.622	66.635	5
2026-01-28 07:15	66.640	66.685	66.625	66.655	5
2026-01-28 07:20	66.657	66.662	66.562	66.632	5
2026-01-28 07:25	66.625	66.635	66.562	66.572	5
2026-01-28 07:30	66.565	66.625	66.562	66.605	5
2026-01-28 07:35	66.610	66.635	66.522	66.597	5
2026-01-28 07:40	66.610	66.615	66.512	66.512	5
2026-01-28 07:45	66.510	66.535	66.440	66.442	5
2026-01-28 07:50	66.440	66.495	66.437	66.462	5
2026-01-28 07:55	66.467	66.535	66.452	66.532	5
2026-01-28 08:00	66.535	66.595	66.482	66.482	5
2026-01-28 08:05	66.487	66.560	66.440	66.535	5
2026-01-28 08:10	66.525	66.585	66.472	66.515	5
2026-01-28 08:15	66.505	66.550	66.450	66.532	5
2026-01-28 08:20	66.545	66.595	66.482	66.482	5
2026-01-28 08:25	66.495	66.562	66.455	66.540	5
2026-01-28 08:30	66.525	66.595	66.510	66.592	5
2026-01-28 08:35	66.585	66.665	66.572	66.605	5
2026-01-28 08:40	66.600	66.605	66.492	66.542	5
2026-01-28 08:45	66.555	66.780	66.545	66.765	5
2026-01-28 08:50	66.755	66.845	66.752	66.832	5
2026-01-28 08:55	66.845	66.865	66.705	66.765	5
2026-01-28 09:00	66.737	66.765	66.635	66.680	5
2026-01-28 09:05	66.675	66.675	66.542	66.627	5
2026-01-28 09:10	66.622	66.635	66.420	66.445	5
2026-01-28 09:15	66.440	66.510	66.427	66.432	5
2026-01-28 09:20	66.445	66.525	66.442	66.460	5
2026-01-28 09:25	66.465	66.490	66.320	66.325	5
2026-01-28 09:30	66.335	66.385	66.220	66.242	5
2026-01-28 09:35	66.235	66.275	66.122	66.222	5
2026-01-28 09:40	66.215	66.315	66.212	66.252	5
2026-01-28 09:45	66.260	66.365	66.245	66.342	5
2026-01-28 09:50	66.335	66.335	66.172	66.262	5
2026-01-28 09:55	66.275	66.275	66.192	66.232	5
2026-01-28 10:00	66.245	66.295	66.192	66.255	5
2026-01-28 10:05	66.260	66.335	66.242	66.245	5
2026-01-28 10:10	66.240	66.245	66.162	66.162	5
2026-01-28 10:15	66.170	66.285	66.162	66.222	5
2026-01-28 10:20	66.220	66.265	66.202	66.212	5
2026-01-28 10:25	66.205	66.245	66.182	66.212	5
2026-01-28 10:30	66.225	66.225	66.165	66.205	5
2026-01-28 10:35	66.195	66.252	66.142	66.240	5
2026-01-28 10:40	66.235	66.295	66.222	66.260	5
2026-01-28 10:45	66.252	66.290	66.212	66.287	5
2026-01-28 10:50	66.282	66.315	66.192	66.202	5
2026-01-28 10:55	66.200	66.215	66.152	66.192	5
2026-01-28 11:00	66.190	66.350	66.172	66.342	5
2026-01-28 11:05	66.335	66.372	66.272	66.362	5
2026-01-28 11:10	66.370	66.410	66.342	66.372	5
2026-01-28 11:15	66.385	66.445	66.375	66.415	5
2026-01-28 11:20	66.425	66.495	66.422	66.482	5
2026-01-28 11:25	66.490	66.540	66.482	66.515	5
2026-01-28 11:30	66.505	66.555	66.425	66.425	5
2026-01-28 11:35	66.420	66.470	66.402	66.455	5
2026-01-28 11:40	66.460	66.482	66.435	66.482	5
2026-01-28 11:45	66.505	66.582	66.485	66.495	5
2026-01-28 11:50	66.500	66.520	66.482	66.510	5
2026-01-28 11:55	66.505	66.680	66.500	66.647	5
2026-01-28 12:00	66.655	66.685	66.592	66.625	4
2026-01-28 12:05	66.615	66.615	66.572	66.585	5
2026-01-28 12:10	66.587	67.148	66.475	66.575	5
2026-01-28 12:15	66.565	66.870	66.525	66.800	5
2026-01-28 12:20	66.805	66.855	66.705	66.845	5
2026-01-28 12:25	66.850	66.900	66.735	66.790	5
2026-01-28 12:30	66.795	66.835	66.735	66.775	5
2026-01-28 12:35	66.785	66.885	66.785	66.800	5
2026-01-28 12:40	66.795	66.895	66.755	66.885	5
2026-01-28 12:45	66.890	67.005	66.885	66.935	5
2026-01-28 12:50	66.945	67.015	66.930	67.005	5
2026-01-28 12:55	67.000	67.035	66.910	66.930	5
2026-01-28 13:00	66.888	67.010	66.865	66.975	5
2026-01-28 13:05	66.985	67.125	66.980	67.085	5
2026-01-28 13:10	67.095	67.110	67.000	67.005	5
2026-01-28 13:15	67.015	67.055	66.875	66.875	5
2026-01-28 13:20	66.885	67.085	66.875	67.075	5
2026-01-28 13:25	67.065	67.135	67.045	67.125	5
2026-01-28 13:30	67.130	67.165	67.030	67.055	5
2026-01-28 13:35	67.045	67.175	67.025	67.155	5
2026-01-28 13:40	67.145	67.235	67.105	67.165	5
2026-01-28 13:45	67.160	67.275	67.135	67.265	5
2026-01-28 13:50	67.245	67.335	67.235	67.295	5
2026-01-28 13:55	67.300	67.395	67.300	67.365	5
2026-01-28 14:00	67.323	67.475	67.320	67.455	5
2026-01-28 14:05	67.450	67.480	67.395	67.425	5
2026-01-28 14:10	67.430	67.435	67.300	67.335	5
2026-01-28 14:15	67.340	67.415	67.100	67.135	5
2026-01-28 14:20	67.140	67.180	66.828	67.010	5
2026-01-28 14:25	67.025	67.175	67.010	67.025	5
2026-01-28 14:30	67.015	67.090	66.955	67.030	5
2026-01-28 14:35	67.035	67.180	67.035	67.165	5
2026-01-28 14:40	67.155	67.155	67.075	67.115	5
2026-01-28 14:45	67.105	67.110	66.985	66.990	5
2026-01-28 14:50	66.995	67.165	66.975	67.125	5
2026-01-28 14:55	67.115	67.225	67.095	67.175	5
2026-01-28 15:00	67.185	67.265	67.145	67.230	5
2026-01-28 15:05	67.225	67.275	66.658	66.815	5
2026-01-28 15:10	66.810	66.935	66.765	66.935	5
2026-01-28 15:15	66.925	66.975	66.885	66.945	5
2026-01-28 15:20	66.955	67.095	66.955	67.075	5
2026-01-28 15:25	67.080	67.095	67.015	67.015	5
2026-01-28 15:30	67.025	67.125	66.965	67.110	5
2026-01-28 15:35	67.115	67.155	66.985	67.075	5
2026-01-28 15:40	67.065	67.075	67.000	67.005	5
2026-01-28 15:45	66.995	67.020	66.915	66.960	5
2026-01-28 15:50	66.955	67.005	66.905	67.005	5
2026-01-28 15:55	67.015	67.100	66.985	67.010	5
2026-01-28 16:00	66.968	67.125	66.945	67.085	5
2026-01-28 16:05	67.075	67.125	67.020	67.085	5
2026-01-28 16:10	67.075	67.165	66.985	67.055	5
2026-01-28 16:15	67.060	67.110	67.005	67.015	5
2026-01-28 16:20	67.020	67.055	66.985	67.035	5
2026-01-28 16:25	67.025	67.080	66.985	66.995	5
2026-01-28 16:30	67.000	67.065	66.905	66.965	5
2026-01-28 16:35	66.975	67.055	66.935	66.985	5
2026-01-28 16:40	66.975	67.020	66.935	66.970	5
2026-01-28 16:45	66.965	67.025	66.945	67.000	5
2026-01-28 16:50	67.005	67.055	66.825	66.845	5
2026-01-28 16:55	66.835	66.920	66.805	66.855	5
2026-01-28 17:00	66.813	66.890	66.770	66.835	5
2026-01-28 17:05	66.830	66.905	66.805	66.895	5
2026-01-28 17:10	66.890	66.905	66.685	66.715	5
2026-01-28 17:15	66.700	66.845	66.685	66.835	5
2026-01-28 17:20	66.810	66.900	66.805	66.890	5
2026-01-28 17:25	66.895	66.925	66.795	66.815	5
2026-01-28 17:30	66.820	66.895	66.800	66.885	5
2026-01-28 17:35	66.890	66.955	66.875	66.925	5
2026-01-28 17:40	66.920	67.035	66.910	66.985	5
2026-01-28 17:45	66.980	66.995	66.860	66.895	5
2026-01-28 17:50	66.885	66.895	66.785	66.865	5
2026-01-28 17:55	66.855	66.875	66.825	66.845	5
2026-01-28 18:00	66.830	66.920	66.825	66.895	5
2026-01-28 18:05	66.875	66.915	66.820	66.835	5
2026-01-28 18:10	66.840	66.895	66.840	66.865	5
2026-01-28 18:15	66.855	66.935	66.845	66.905	5
2026-01-28 18:20	66.885	66.985	66.885	66.955	5
2026-01-28 18:25	66.960	66.970	66.915	66.925	5
2026-01-28 18:30	66.935	67.110	66.910	67.105	5
2026-01-28 18:35	67.095	67.120	67.005	67.035	5
2026-01-28 18:40	67.040	67.120	67.035	67.105	5
2026-01-28 18:45	67.110	67.155	67.105	67.155	5
2026-01-28 18:50	67.160	67.245	67.155	67.225	5
2026-01-28 18:55	67.230	67.305	67.230	67.240	5
2026-01-28 19:00	67.250	67.305	67.153	67.285	5
2026-01-28 19:05	67.290	67.295	67.200	67.205	5
2026-01-28 19:10	67.200	67.275	67.190	67.260	5
2026-01-28 19:15	67.265	67.345	67.255	67.300	5
2026-01-28 19:20	67.305	67.375	67.265	67.365	5
2026-01-28 19:25	67.375	67.415	67.285	67.285	5
2026-01-28 19:30	67.290	67.305	67.215	67.225	5
2026-01-28 19:35	67.230	67.275	67.215	67.220	5
2026-01-28 19:40	67.225	67.275	67.193	67.275	5
2026-01-28 19:45	67.285	67.320	67.233	67.315	5
2026-01-28 19:50	67.320	67.350	67.290	67.295	5
2026-01-28 19:55	67.300	67.345	67.300	67.330	5
2026-01-28 20:00	67.325	67.430	67.320	67.410	5
2026-01-28 20:05	67.415	67.535	67.405	67.495	5
2026-01-28 20:10	67.490	67.490	67.450	67.475	5
2026-01-28 20:15	67.470	67.485	67.450	67.455	5
2026-01-28 20:20	67.450	67.485	67.395	67.485	5
2026-01-28 20:25	67.475	67.495	67.465	67.485	5
2026-01-28 20:30	67.490	67.535	67.485	67.520	5
2026-01-28 20:35	67.525	67.550	67.495	67.515	5
2026-01-28 20:40	67.520	67.565	67.515	67.555	5
2026-01-28 20:45	67.560	67.570	67.500	67.500	5
2026-01-28 20:50	67.495	67.525	67.485	67.495	5
2026-01-28 20:55	67.500	67.500	67.465	67.470	5
2026-01-28 21:00	67.475	67.480	67.422	67.442	5
2026-01-28 21:05	67.423	67.452	67.423	67.442	5
2026-01-28 21:10	67.442	67.482	67.432	67.477	5
2026-01-28 21:15	67.472	67.557	67.462	67.547	5
2026-01-28 21:20	67.552	67.612	67.552	67.582	5
2026-01-28 21:25	67.587	67.592	67.562	67.572	5
2026-01-28 21:30	67.577	67.602	67.562	67.597	5
2026-01-28 21:35	67.592	67.597	67.572	67.597	5
2026-01-28 21:40	67.602	67.602	67.567	67.567	5
2026-01-28 21:45	67.572	67.582	67.552	67.557	5
2026-01-28 21:50	67.552	67.572	67.522	67.537	5
2026-01-28 21:55	67.532	67.592	67.532	67.587	5
2026-01-29 01:00	67.600	67.715	67.520	67.690	5
2026-01-29 01:05	67.695	67.830	67.685	67.690	5
2026-01-29 01:10	67.685	67.685	67.608	67.675	5
2026-01-29 01:15	67.665	67.765	67.665	67.730	5
2026-01-29 01:20	67.735	67.735	67.665	67.720	5
2026-01-29 01:25	67.715	67.735	67.695	67.735	5
2026-01-29 01:30	67.740	67.790	67.735	67.785	5
2026-01-29 01:35	67.780	67.875	67.775	67.815	5
2026-01-29 01:40	67.820	67.865	67.785	67.785	5
2026-01-29 01:45	67.775	67.830	67.755	67.815	5
2026-01-29 01:50	67.820	67.875	67.810	67.845	5
2026-01-29 01:55	67.840	67.890	67.805	67.875	5
2026-01-29 02:00	67.870	67.885	67.805	67.815	5
2026-01-29 02:05	67.805	67.805	67.695	67.715	5
2026-01-29 02:10	67.720	67.845	67.705	67.840	5
2026-01-29 02:15	67.835	67.855	67.795	67.815	4
2026-01-29 02:20	67.820	67.835	67.810	67.810	5
2026-01-29 02:25	67.815	67.885	67.805	67.885	5
2026-01-29 02:30	67.890	67.925	67.865	67.880	5
2026-01-29 02:35	67.885	67.900	67.848	67.885	5
2026-01-29 02:40	67.895	67.915	67.895	67.915	5
2026-01-29 02:45	67.905	67.950	67.890	67.925	4
2026-01-29 02:50	67.935	68.060	67.925	68.050	5
2026-01-29 02:55	68.045	68.100	68.020	68.070	5
2026-01-29 03:00	68.075	68.125	68.055	68.065	5
2026-01-29 03:05	68.075	68.120	68.075	68.100	5
2026-01-29 03:10	68.095	68.135	68.075	68.100	5
2026-01-29 03:15	68.105	68.135	68.055	68.070	5
2026-01-29 03:20	68.075	68.145	68.075	68.095	5
2026-01-29 03:25	68.110	68.120	68.085	68.090	5
2026-01-29 03:30	68.085	68.085	67.975	68.045	5
2026-01-29 03:35	68.030	68.045	68.015	68.035	5
2026-01-29 03:40	68.040	68.090	68.040	68.075	5
2026-01-29 03:45	68.070	68.145	68.065	68.130	5
2026-01-29 03:50	68.125	68.155	68.115	68.125	5
2026-01-29 03:55	68.130	68.145	68.125	68.135	4
2026-01-29 04:00	68.125	68.145	68.088	68.135	5
2026-01-29 04:05	68.140	68.140	68.115	68.125	5
2026-01-29 04:10	68.120	68.195	68.115	68.175	4
2026-01-29 04:15	68.165	68.205	68.160	68.190	5
2026-01-29 04:20	68.195	68.245	68.195	68.245	5
2026-01-29 04:25	68.250	68.355	68.250	68.335	4
2026-01-29 04:30	68.325	68.335	68.240	68.315	5
2026-01-29 04:35	68.325	68.340	68.290	68.295	5
2026-01-29 04:40	68.290	68.385	68.290	68.375	5
2026-01-29 04:45	68.370	68.395	68.365	68.395	5
2026-01-29 04:50	68.405	68.425	68.370	68.380	5
2026-01-29 04:55	68.375	68.395	68.350	68.355	5
2026-01-29 05:00	68.360	68.365	68.275	68.320	5
2026-01-29 05:05	68.305	68.310	68.210	68.210	5
2026-01-29 05:10	68.200	68.255	68.177	68.240	5
2026-01-29 05:15	68.225	68.225	68.175	68.200	5
2026-01-29 05:20	68.205	68.205	68.170	68.180	5
2026-01-29 05:25	68.185	68.230	68.175	68.225	5
2026-01-29 05:30	68.230	68.275	68.185	68.185	5
2026-01-29 05:35	68.200	68.265	68.145	68.155	5
2026-01-29 05:40	68.160	68.190	68.135	68.155	5
2026-01-29 05:45	68.150	68.195	68.135	68.155	5
2026-01-29 05:50	68.165	68.165	68.065	68.080	5
2026-01-29 05:55	68.085	68.185	68.080	68.175	5
2026-01-29 06:00	68.165	68.175	68.145	68.155	5
2026-01-29 06:05	68.160	68.170	68.095	68.100	5
2026-01-29 06:10	68.105	68.125	68.065	68.115	5
2026-01-29 06:15	68.110	68.185	68.110	68.185	5
2026-01-29 06:20	68.190	68.215	68.175	68.185	5
2026-01-29 06:25	68.180	68.205	68.175	68.195	5
2026-01-29 06:30	68.190	68.380	68.160	68.370	5
2026-01-29 06:35	68.375	68.550	68.365	68.535	5
2026-01-29 06:40	68.525	68.565	68.485	68.495	5
2026-01-29 06:45	68.505	68.515	68.235	68.375	5
2026-01-29 06:50	68.355	68.375	68.235	68.245	5
2026-01-29 06:55	68.240	68.335	68.240	68.300	5
2026-01-29 07:00	68.263	68.445	68.263	68.430	5
2026-01-29 07:05	68.425	68.515	68.368	68.455	5
2026-01-29 07:10	68.450	68.455	68.345	68.345	5
2026-01-29 07:15	68.340	68.385	68.285	68.325	5
2026-01-29 07:20	68.320	68.370	68.285	68.285	5
2026-01-29 07:25	68.295	68.305	68.225	68.225	5
2026-01-29 07:30	68.230	68.325	68.205	68.315	5
2026-01-29 07:35	68.320	68.335	68.275	68.315	5
2026-01-29 07:40	68.310	68.345	68.285	68.310	5
2026-01-29 07:45	68.315	68.325	68.205	68.285	5
2026-01-29 07:50	68.305	68.335	68.240	68.250	5
2026-01-29 07:55	68.255	68.255	68.120	68.155	5
2026-01-29 08:00	68.113	68.210	68.083	68.185	5
2026-01-29 08:05	68.195	68.225	68.160	68.225	5
2026-01-29 08:10	68.240	68.255	68.205	68.245	5
2026-01-29 08:15	68.235	68.245	68.175	68.225	5
2026-01-29 08:20	68.235	68.305	68.215	68.285	5
2026-01-29 08:25	68.290	68.365	68.265	68.275	5
2026-01-29 08:30	68.285	68.335	68.255	68.275	5
2026-01-29 08:35	68.270	68.405	68.270	68.375	5
2026-01-29 08:40	68.365	68.505	68.365	68.485	5
2026-01-29 08:45	68.475	68.625	68.445	68.605	5
2026-01-29 08:50	68.610	68.755	68.605	68.745	5
2026-01-29 08:55	68.750	68.755	68.665	68.735	5
2026-01-29 09:00	68.715	68.745	68.535	68.630	5
2026-01-29 09:05	68.635	68.700	68.600	68.645	5
2026-01-29 09:10	68.640	68.640	68.455	68.525	5
2026-01-29 09:15	68.530	68.580	68.485	68.575	5
2026-01-29 09:20	68.585	68.740	68.555	68.730	5
2026-01-29 09:25	68.735	68.910	68.735	68.895	5
2026-01-29 09:30	68.900	69.025	68.885	69.025	5
2026-01-29 09:35	69.020	69.035	68.935	69.025	5
2026-01-29 09:40	69.020	69.025	68.940	68.995	5
2026-01-29 09:45	68.985	69.065	68.965	69.015	5
2026-01-29 09:50	69.020	69.235	69.020	69.155	5
2026-01-29 09:55	69.145	69.165	69.000	69.000	5
2026-01-29 10:00	68.990	69.025	68.835	68.860	5
2026-01-29 10:05	68.865	68.890	68.745	68.755	5
2026-01-29 10:10	68.750	68.765	68.635	68.655	5
2026-01-29 10:15	68.660	68.660	68.535	68.585	5
2026-01-29 10:20	68.590	68.695	68.590	68.655	5
2026-01-29 10:25	68.665	68.665	68.535	68.565	5
2026-01-29 10:30	68.555	68.560	68.445	68.520	5
2026-01-29 10:35	68.515	68.665	68.515	68.665	5
2026-01-29 10:40	68.660	68.725	68.620	68.715	5
2026-01-29 10:45	68.725	68.835	68.700	68.795	5
2026-01-29 10:50	68.785	68.985	68.780	68.955	5
2026-01-29 10:55	68.950	68.970	68.795	68.840	5
2026-01-29 11:00	68.778	68.835	68.725	68.750	5
2026-01-29 11:05	68.745	68.795	68.700	68.715	5
2026-01-29 11:10	68.720	68.750	68.625	68.725	5
2026-01-29 11:15	68.730	68.765	68.530	68.530	5
2026-01-29 11:20	68.535	68.610	68.490	68.605	5
2026-01-29 11:25	68.600	68.675	68.550	68.670	5
2026-01-29 11:30	68.675	68.785	68.675	68.775	5
2026-01-29 11:35	68.780	68.935	68.780	68.915	5
2026-01-29 11:40	68.935	69.045	68.915	69.030	5
2026-01-29 11:45	69.025	69.035	68.935	68.945	5
2026-01-29 11:50	68.955	68.955	68.810	68.810	5
2026-01-29 11:55	68.805	68.845	68.750	68.825	5
2026-01-29 12:00	68.810	68.885	68.715	68.840	5
2026-01-29 12:05	68.835	68.865	68.710	68.800	5
2026-01-29 12:10	68.805	68.855	68.765	68.775	5
2026-01-29 12:15	68.770	68.910	68.770	68.830	5
2026-01-29 12:20	68.835	68.935	68.785	68.915	5
2026-01-29 12:25	68.910	68.965	68.825	68.825	5
2026-01-29 12:30	68.815	68.830	68.770	68.825	5
2026-01-29 12:35	68.820	68.945	68.790	68.790	5
2026-01-29 12:40	68.785	68.905	68.775	68.855	5
2026-01-29 12:45	68.860	68.905	68.830	68.855	5
2026-01-29 12:50	68.845	68.855	68.748	68.800	5
2026-01-29 12:55	68.810	68.835	68.775	68.795	5
2026-01-29 13:00	68.765	68.855	68.735	68.855	5
2026-01-29 13:05	68.860	68.995	68.835	68.995	5
2026-01-29 13:10	69.000	69.165	68.995	69.145	5
2026-01-29 13:15	69.140	69.520	69.135	69.365	5
2026-01-29 13:20	69.360	69.395	69.265	69.305	5
2026-01-29 13:25	69.310	69.375	69.220	69.295	5
2026-01-29 13:30	69.300	69.325	69.145	69.250	5
2026-01-29 13:35	69.260	69.335	69.235	69.325	5
2026-01-29 13:40	69.330	69.460	69.315	69.325	5
2026-01-29 13:45	69.315	69.345	69.220	69.335	5
2026-01-29 13:50	69.340	69.575	69.295	69.550	5
2026-01-29 13:55	69.555	69.670	69.515	69.520	5
2026-01-29 14:00	69.530	69.835	69.453	69.785	5
2026-01-29 14:05	69.790	69.845	69.720	69.805	5
2026-01-29 14:10	69.810	70.185	69.805	70.175	5
2026-01-29 14:15	70.165	70.445	70.125	70.265	5
2026-01-29 14:20	70.270	70.270	70.055	70.250	5
2026-01-29 14:25	70.255	70.445	70.240	70.325	5
2026-01-29 14:30	70.340	70.340	70.105	70.260	5
2026-01-29 14:35	70.255	70.505	70.220	70.445	5
2026-01-29 14:40	70.455	70.555	70.415	70.420	5
2026-01-29 14:45	70.425	70.425	70.255	70.335	5
2026-01-29 14:50	70.345	70.375	70.015	70.225	5
2026-01-29 14:55	70.235	70.295	70.135	70.160	5
2026-01-29 15:00	70.123	70.205	69.923	69.970	5
2026-01-29 15:05	69.965	70.030	69.798	69.815	5
2026-01-29 15:10	69.795	69.865	69.235	69.295	5
2026-01-29 15:15	69.233	69.465	68.873	69.405	5
2026-01-29 15:20	69.410	69.555	69.140	69.175	5
2026-01-29 15:25	69.155	69.320	69.128	69.180	5
2026-01-29 15:30	69.190	69.275	68.708	69.060	5
2026-01-29 15:35	69.065	69.190	68.913	69.010	5
2026-01-29 15:40	69.005	69.115	68.795	68.810	5
2026-01-29 15:45	68.815	69.365	68.815	69.290	5
2026-01-29 15:50	69.285	69.425	69.115	69.400	5
2026-01-29 15:55	69.395	69.535	69.375	69.490	5
2026-01-29 16:00	69.443	69.700	69.420	69.420	5
2026-01-29 16:05	69.425	69.530	69.195	69.330	5
2026-01-29 16:10	69.325	69.565	69.315	69.565	5
2026-01-29 16:15	69.575	69.760	69.495	69.735	5
2026-01-29 16:20	69.725	69.825	69.395	69.500	5
2026-01-29 16:25	69.530	69.685	69.445	69.605	5
2026-01-29 16:30	69.615	69.730	69.550	69.565	5
2026-01-29 16:35	69.560	69.575	69.285	69.370	5
2026-01-29 16:40	69.375	69.455	69.165	69.180	5
2026-01-29 16:45	69.190	69.200	68.880	69.180	5
2026-01-29 16:50	69.185	69.260	69.155	69.155	5
2026-01-29 16:55	69.160	69.305	69.095	69.280	5
2026-01-29 17:00	69.275	69.455	69.235	69.435	5
2026-01-29 17:05	69.425	69.425	69.120	69.225	5
2026-01-29 17:10	69.215	69.385	69.150	69.375	5
2026-01-29 17:15	69.385	69.510	69.340	69.440	5
2026-01-29 17:20	69.435	69.675	69.430	69.615	5
2026-01-29 17:25	69.625	69.705	69.565	69.635	5
2026-01-29 17:30	69.640	69.735	69.505	69.660	5
2026-01-29 17:35	69.665	69.770	69.655	69.675	5
2026-01-29 17:40	69.685	69.715	69.615	69.655	5
2026-01-29 17:45	69.660	69.720	69.575	69.665	5
2026-01-29 17:50	69.660	69.702	69.573	69.630	5
2026-01-29 17:55	69.635	69.645	69.385	69.535	5
2026-01-29 18:00	69.515	69.610	69.390	69.420	5
2026-01-29 18:05	69.425	69.470	69.300	69.455	5
2026-01-29 18:10	69.460	69.605	69.418	69.485	5
2026-01-29 18:15	69.495	69.505	69.385	69.425	5
2026-01-29 18:20	69.430	69.490	69.355	69.375	5
2026-01-29 18:25	69.370	69.395	69.160	69.215	5
2026-01-29 18:30	69.210	69.240	68.935	68.970	5
2026-01-29 18:35	68.980	69.165	68.943	69.115	5
2026-01-29 18:40	69.125	69.295	69.125	69.225	5
2026-01-29 18:45	69.235	69.435	69.175	69.420	5
2026-01-29 18:50	69.425	69.495	69.275	69.345	5
2026-01-29 18:55	69.350	69.355	69.215	69.235	5
2026-01-29 19:00	69.245	69.515	69.205	69.485	5
2026-01-29 19:05	69.500	69.635	69.500	69.625	5
2026-01-29 19:10	69.615	69.665	69.540	69.575	5
2026-01-29 19:15	69.570	69.615	69.540	69.595	5
2026-01-29 19:20	69.590	69.590	69.425	69.465	5
2026-01-29 19:25	69.475	69.730	69.455	69.545	5
2026-01-29 19:30	69.555	69.555	69.300	69.425	5
2026-01-29 19:35	69.420	69.550	69.420	69.480	5
2026-01-29 19:40	69.485	69.510	69.430	69.505	5
2026-01-29 19:45	69.510	69.565	69.495	69.565	5
2026-01-29 19:50	69.555	69.645	69.540	69.600	5
2026-01-29 19:55	69.595	69.615	69.525	69.530	5
2026-01-29 20:00	69.525	69.575	69.505	69.555	5
2026-01-29 20:05	69.560	69.710	69.545	69.700	5
2026-01-29 20:10	69.695	69.725	69.655	69.700	5
2026-01-29 20:15	69.705	69.850	69.663	69.825	5
2026-01-29 20:20	69.830	69.925	69.795	69.920	5
2026-01-29 20:25	69.950	70.025	69.905	69.935	5
2026-01-29 20:30	69.915	69.915	69.695	69.760	5
2026-01-29 20:35	69.765	69.890	69.760	69.860	5
2026-01-29 20:40	69.855	69.860	69.760	69.760	5
2026-01-29 20:45	69.755	69.760	69.685	69.735	5
2026-01-29 20:50	69.740	69.830	69.650	69.660	5
2026-01-29 20:55	69.665	69.685	69.570	69.610	5
2026-01-29 21:00	69.605	69.605	69.462	69.477	5
2026-01-29 21:05	69.482	69.492	69.387	69.397	5
2026-01-29 21:10	69.427	69.437	69.362	69.402	5
2026-01-29 21:15	69.397	69.432	69.332	69.347	5
2026-01-29 21:20	69.352	69.427	69.342	69.422	5
2026-01-29 21:25	69.427	69.477	69.377	69.387	5
2026-01-29 21:30	69.382	69.512	69.362	69.507	5
2026-01-29 21:35	69.517	69.572	69.512	69.547	5
2026-01-29 21:40	69.537	69.582	69.492	69.517	5
2026-01-29 21:45	69.507	69.627	69.502	69.607	5
2026-01-29 21:50	69.612	69.612	69.537	69.572	5
2026-01-29 21:55	69.567	69.657	69.552	69.637	5
2026-01-30 01:00	69.615	69.705	69.335	69.485	5
2026-01-30 01:05	69.480	69.510	69.208	69.310	5
2026-01-30 01:10	69.315	69.410	69.245	69.325	5
2026-01-30 01:15	69.330	69.425	69.295	69.295	5
2026-01-30 01:20	69.290	69.360	69.170	69.190	5
2026-01-30 01:25	69.200	69.240	69.068	69.155	5
2026-01-30 01:30	69.150	69.350	69.120	69.325	5
2026-01-30 01:35	69.335	69.335	69.130	69.130	5
2026-01-30 01:40	69.140	69.165	68.900	68.900	5
2026-01-30 01:45	68.895	68.975	68.850	68.895	5
2026-01-30 01:50	68.885	68.995	68.850	68.945	5
2026-01-30 01:55	68.940	69.040	68.875	68.965	5
2026-01-30 02:00	68.975	69.020	68.875	68.875	5
2026-01-30 02:05	68.870	68.920	68.715	68.730	5
2026-01-30 02:10	68.725	68.755	68.425	68.460	5
2026-01-30 02:15	68.480	68.520	68.355	68.420	5
2026-01-30 02:20	68.425	68.425	68.255	68.320	5
2026-01-30 02:25	68.305	68.425	68.275	68.315	5
2026-01-30 02:30	68.310	68.330	67.770	68.020	5
2026-01-30 02:35	68.015	68.325	67.945	68.300	5
2026-01-30 02:40	68.295	68.465	68.240	68.350	5
2026-01-30 02:45	68.360	68.590	68.350	68.530	5
2026-01-30 02:50	68.535	68.655	68.490	68.520	5
2026-01-30 02:55	68.530	68.625	68.515	68.610	5
2026-01-30 03:00	68.615	68.640	68.380	68.390	5
2026-01-30 03:05	68.385	68.415	68.320	68.400	5
2026-01-30 03:10	68.395	68.400	68.255	68.325	5
2026-01-30 03:15	68.330	68.375	68.285	68.365	5
2026-01-30 03:20	68.350	68.500	68.245	68.500	5
2026-01-30 03:25	68.505	68.570	68.445	68.490	5
2026-01-30 03:30	68.475	68.530	68.425	68.490	5
2026-01-30 03:35	68.480	68.505	68.365	68.405	5
2026-01-30 03:40	68.400	68.410	68.365	68.375	5
2026-01-30 03:45	68.360	68.385	68.305	68.385	5
2026-01-30 03:50	68.380	68.495	68.320	68.430	5
2026-01-30 03:55	68.435	68.460	68.390	68.390	5
2026-01-30 04:00	68.395	68.475	68.390	68.425	5
2026-01-30 04:05	68.415	68.530	68.415	68.505	5
2026-01-30 04:10	68.455	68.530	68.438	68.475	5
2026-01-30 04:15	68.485	68.570	68.460	68.550	5
2026-01-30 04:20	68.545	68.545	68.495	68.495	5
2026-01-30 04:25	68.485	68.530	68.450	68.525	5
2026-01-30 04:30	68.535	68.575	68.475	68.485	5
2026-01-30 04:35	68.495	68.535	68.475	68.530	5
2026-01-30 04:40	68.535	68.590	68.495	68.555	5
2026-01-30 04:45	68.570	68.575	68.500	68.505	5
2026-01-30 04:50	68.510	68.520	68.445	68.455	5
2026-01-30 04:55	68.408	68.470	68.408	68.445	5
2026-01-30 05:00	68.440	68.470	68.415	68.425	5
2026-01-30 05:05	68.420	68.425	68.360	68.405	5
2026-01-30 05:10	68.395	68.500	68.375	68.465	5
2026-01-30 05:15	68.435	68.555	68.405	68.410	5
2026-01-30 05:20	68.405	68.440	68.400	68.430	5
2026-01-30 05:25	68.425	68.435	68.380	68.390	5
2026-01-30 05:30	68.395	68.650	68.395	68.540	5
2026-01-30 05:35	68.535	68.750	68.510	68.710	5
2026-01-30 05:40	68.705	68.765	68.655	68.695	5
2026-01-30 05:45	68.700	68.855	68.695	68.815	5
2026-01-30 05:50	68.810	68.870	68.790	68.820	5
2026-01-30 05:55	68.810	68.810	68.570	68.615	5
2026-01-30 06:00	68.610	68.630	68.545	68.605	5
2026-01-30 06:05	68.600	68.600	68.470	68.535	5
2026-01-30 06:10	68.530	68.595	68.505	68.560	5
2026-01-30 06:15	68.565	68.580	68.405	68.470	5
2026-01-30 06:20	68.465	68.520	68.405	68.505	5
2026-01-30 06:25	68.510	68.525	68.365	68.400	5
2026-01-30 06:30	68.395	68.440	68.335	68.350	5
2026-01-30 06:35	68.355	68.500	68.355	68.480	5
2026-01-30 06:40	68.485	68.490	68.335	68.355	5
2026-01-30 06:45	68.360	68.425	68.315	68.390	5
2026-01-30 06:50	68.385	68.405	68.268	68.335	5
2026-01-30 06:55	68.325	68.340	68.085	68.135	5
2026-01-30 07:00	68.140	68.255	68.125	68.195	5
2026-01-30 07:05	68.205	68.390	68.205	68.375	5
2026-01-30 07:10	68.365	68.415	68.215	68.265	5
2026-01-30 07:15	68.270	68.315	68.235	68.285	5
2026-01-30 07:20	68.305	68.380	68.285	68.350	5
2026-01-30 07:25	68.345	68.455	68.325	68.425	5
2026-01-30 07:30	68.435	68.475	68.375	68.395	5
2026-01-30 07:35	68.405	68.465	68.350	68.350	5
2026-01-30 07:40	68.355	68.475	68.315	68.455	5
2026-01-30 07:45	68.460	68.505	68.415	68.450	5
2026-01-30 07:50	68.445	68.470	68.270	68.325	5
2026-01-30 07:55	68.345	68.390	68.270	68.275	5
2026-01-30 08:00	68.223	68.525	68.200	68.495	5
2026-01-30 08:05	68.485	68.565	68.405	68.500	5
2026-01-30 08:10	68.495	68.585	68.325	68.340	5
2026-01-30 08:15	68.335	68.340	68.270	68.315	5
2026-01-30 08:20	68.305	68.365	68.255	68.320	5
2026-01-30 08:25	68.315	68.445	68.275	68.370	5
2026-01-30 08:30	68.375	68.425	68.255	68.395	5
2026-01-30 08:35	68.355	68.580	68.320	68.575	5
2026-01-30 08:40	68.565	68.705	68.515	68.670	5
2026-01-30 08:45	68.665	68.805	68.635	68.785	5
2026-01-30 08:50	68.795	68.805	68.615	68.675	5
2026-01-30 08:55	68.670	68.685	68.590	68.610	5
2026-01-30 09:00	68.610	68.825	68.595	68.805	5
2026-01-30 09:05	68.815	68.975	68.805	68.925	5
2026-01-30 09:10	68.920	69.140	68.920	69.065	5
2026-01-30 09:15	69.060	69.185	68.925	68.970	5
2026-01-30 09:20	68.965	69.040	68.915	68.990	5
2026-01-30 09:25	68.995	69.085	68.960	69.085	5
2026-01-30 09:30	69.090	69.240	68.945	68.975	5
2026-01-30 09:35	68.980	69.055	68.920	68.995	5
2026-01-30 09:40	68.985	68.995	68.845	68.850	5
2026-01-30 09:45	68.845	68.905	68.745	68.775	5
2026-01-30 09:50	68.780	68.845	68.615	68.650	5
2026-01-30 09:55	68.645	68.805	68.645	68.750	5
2026-01-30 10:00	68.703	68.765	68.605	68.680	5
2026-01-30 10:05	68.690	68.765	68.525	68.615	5
2026-01-30 10:10	68.620	68.625	68.375	68.390	5
2026-01-30 10:15	68.385	68.470	68.303	68.455	5
2026-01-30 10:20	68.440	68.575	68.350	68.565	5
2026-01-30 10:25	68.555	68.655	68.540	68.655	5
2026-01-30 10:30	68.650	68.790	68.640	68.660	5
2026-01-30 10:35	68.665	68.665	68.590	68.625	5
2026-01-30 10:40	68.635	68.845	68.630	68.845	5
2026-01-30 10:45	68.850	68.895	68.750	68.890	5
2026-01-30 10:50	68.885	68.985	68.765	68.775	5
2026-01-30 10:55	68.760	68.800	68.715	68.755	5
2026-01-30 11:00	68.750	68.895	68.745	68.835	5
2026-01-30 11:05	68.860	68.925	68.835	68.920	5
2026-01-30 11:10	68.925	69.095	68.905	69.045	5
2026-01-30 11:15	69.040	69.040	68.895	68.895	5
2026-01-30 11:20	68.925	69.055	68.910	68.995	5
2026-01-30 11:25	68.985	69.085	68.960	69.080	5
2026-01-30 11:30	69.085	69.085	68.378	68.680	5
2026-01-30 11:35	68.695	68.845	68.580	68.700	5
2026-01-30 11:40	68.705	68.730	68.495	68.635	5
2026-01-30 11:45	68.645	68.810	68.610	68.805	5
2026-01-30 11:50	68.810	69.025	68.745	68.985	5
2026-01-30 11:55	68.990	69.100	68.930	69.065	5
2026-01-30 12:00	69.028	69.165	69.005	69.095	5
2026-01-30 12:05	69.105	69.140	69.045	69.070	5
2026-01-30 12:10	69.075	69.175	68.925	69.165	5
2026-01-30 12:15	69.175	69.225	69.020	69.045	5
2026-01-30 12:20	69.055	69.065	68.975	69.040	5
2026-01-30 12:25	69.045	69.125	69.045	69.120	5
2026-01-30 12:30	69.115	69.120	69.045	69.085	5
2026-01-30 12:35	69.095	69.155	69.065	69.120	5
2026-01-30 12:40	69.125	69.215	69.115	69.200	5
2026-01-30 12:45	69.195	69.285	69.175	69.235	5
2026-01-30 12:50	69.250	69.375	69.245	69.365	5
2026-01-30 12:55	69.375	69.410	69.220	69.305	5
2026-01-30 13:00	69.285	69.440	69.135	69.195	5
2026-01-30 13:05	69.190	69.220	69.045	69.095	5
2026-01-30 13:10	69.085	69.250	69.085	69.155	5
2026-01-30 13:15	69.145	69.225	69.055	69.135	5
2026-01-30 13:20	69.130	69.215	69.110	69.185	5
2026-01-30 13:25	69.180	69.335	69.160	69.300	5
2026-01-30 13:30	69.295	69.515	69.265	69.505	5
2026-01-30 13:35	69.490	69.490	69.315	69.385	5
2026-01-30 13:40	69.390	69.435	69.320	69.340	5
2026-01-30 13:45	69.345	69.360	69.235	69.315	5
2026-01-30 13:50	69.295	69.305	69.085	69.165	5
2026-01-30 13:55	69.160	69.530	69.125	69.475	5
2026-01-30 14:00	69.445	69.745	69.403	69.605	5
2026-01-30 14:05	69.615	69.765	69.475	69.735	5
2026-01-30 14:10	69.740	69.835	69.660	69.805	5
2026-01-30 14:15	69.800	69.845	69.740	69.795	5
2026-01-30 14:20	69.805	69.865	69.785	69.830	5
2026-01-30 14:25	69.835	69.950	69.830	69.865	5
2026-01-30 14:30	69.823	70.095	69.823	70.050	5
2026-01-30 14:35	70.055	70.055	69.895	69.980	5
2026-01-30 14:40	69.975	70.050	69.875	70.005	5
2026-01-30 14:45	70.000	70.050	69.845	69.850	5
2026-01-30 14:50	69.855	69.905	69.715	69.715	5
2026-01-30 14:55	69.710	69.930	69.665	69.880	5
2026-01-30 15:00	69.890	69.925	69.708	69.735	5
2026-01-30 15:05	69.740	69.845	69.675	69.835	5
2026-01-30 15:10	69.840	69.870	69.695	69.755	5
2026-01-30 15:15	69.760	69.975	69.665	69.940	5
2026-01-30 15:20	69.935	69.945	69.705	69.725	5
2026-01-30 15:25	69.745	69.780	69.455	69.495	5
2026-01-30 15:30	69.500	69.725	69.485	69.690	5
2026-01-30 15:35	69.695	69.870	69.695	69.815	5
2026-01-30 15:40	69.820	69.845	69.645	69.645	5
2026-01-30 15:45	69.635	69.645	69.545	69.600	5
2026-01-30 15:50	69.605	69.710	69.555	69.685	5
2026-01-30 15:55	69.643	69.840	69.643	69.795	5
2026-01-30 16:00	69.805	69.835	69.660	69.710	5
2026-01-30 16:05	69.705	69.970	69.695	69.885	5
2026-01-30 16:10	69.895	69.940	69.775	69.895	5
2026-01-30 16:15	69.885	70.080	69.870	70.025	5
2026-01-30 16:20	70.020	70.025	69.915	69.965	5
2026-01-30 16:25	69.955	70.115	69.955	70.095	5
2026-01-30 16:30	70.043	70.195	70.043	70.100	5
2026-01-30 16:35	70.105	70.120	69.865	69.935	5
2026-01-30 16:40	69.930	69.975	69.745	69.775	5
2026-01-30 16:45	69.765	69.805	69.670	69.705	5
2026-01-30 16:50	69.700	69.845	69.675	69.810	5
2026-01-30 16:55	69.805	69.885	69.795	69.825	5
2026-01-30 17:00	69.778	69.890	69.585	69.725	5
2026-01-30 17:05	69.730	69.855	69.730	69.835	5
2026-01-30 17:10	69.830	69.930	69.810	69.905	5
2026-01-30 17:15	69.910	69.955	68.990	68.990	5
2026-01-30 17:20	68.985	69.225	68.655	69.020	5
2026-01-30 17:25	69.025	69.135	68.725	68.755	5
2026-01-30 17:30	68.750	69.035	68.703	68.955	5
2026-01-30 17:35	68.960	68.965	68.550	68.555	5
2026-01-30 17:40	68.550	68.855	68.525	68.810	5
2026-01-30 17:45	68.800	68.800	68.435	68.480	5
2026-01-30 17:50	68.485	68.775	68.455	68.775	5
2026-01-30 17:55	68.785	68.815	68.625	68.645	5
2026-01-30 18:00	68.640	68.750	68.585	68.715	5
2026-01-30 18:05	68.710	68.775	68.610	68.655	5
2026-01-30 18:10	68.625	68.720	68.320	68.435	5
2026-01-30 18:15	68.445	68.585	68.435	68.465	5
2026-01-30 18:20	68.470	68.655	68.445	68.635	5
2026-01-30 18:25	68.630	68.655	68.480	68.520	5
2026-01-30 18:30	68.478	68.525	68.365	68.405	5
2026-01-30 18:35	68.410	68.435	68.270	68.435	5
2026-01-30 18:40	68.445	68.605	68.435	68.585	5
2026-01-30 18:45	68.580	68.755	68.555	68.700	5
2026-01-30 18:50	68.695	68.825	68.670	68.775	5
2026-01-30 18:55	68.785	68.925	68.760	68.855	5
2026-01-30 19:00	68.845	69.075	68.798	69.055	5
2026-01-30 19:05	69.065	69.145	68.925	69.110	5
2026-01-30 19:10	69.105	69.255	69.060	69.195	5
2026-01-30 19:15	69.190	69.375	69.170	69.295	5
2026-01-30 19:20	69.305	69.325	69.185	69.300	5
2026-01-30 19:25	69.295	69.345	69.185	69.295	5
2026-01-30 19:30	69.305	69.530	69.305	69.505	5
2026-01-30 19:35	69.500	69.575	69.485	69.565	5
2026-01-30 19:40	69.570	69.640	69.535	69.585	5
2026-01-30 19:45	69.580	69.655	69.560	69.645	5
2026-01-30 19:50	69.640	69.720	69.535	69.720	5
2026-01-30 19:55	69.725	69.735	69.635	69.635	5
2026-01-30 20:00	69.583	69.735	69.583	69.700	5
2026-01-30 20:05	69.720	69.760	69.650	69.705	5
2026-01-30 20:10	69.715	69.875	69.715	69.825	5
2026-01-30 20:15	69.840	69.915	69.785	69.895	5
2026-01-30 20:20	69.900	69.910	69.830	69.865	5
2026-01-30 20:25	69.850	69.915	69.845	69.895	5
2026-01-30 20:30	69.890	70.005	69.815	69.985	5
2026-01-30 20:35	69.990	70.025	69.945	69.975	5
2026-01-30 20:40	69.985	70.025	69.955	70.020	5
2026-01-30 20:45	70.025	70.030	69.855	69.875	5
2026-01-30 20:50	69.880	69.950	69.855	69.910	5
2026-01-30 20:55	69.905	69.955	69.895	69.930	5
2026-01-30 21:00	69.925	69.952	69.882	69.902	5
2026-01-30 21:05	69.897	70.002	69.892	69.992	5
2026-01-30 21:10	69.987	69.987	69.862	69.887	5
2026-01-30 21:15	69.892	69.937	69.847	69.867	5
2026-01-30 21:20	69.862	69.937	69.852	69.927	5
2026-01-30 21:25	69.932	69.952	69.877	69.877	5
2026-01-30 21:30	69.867	69.867	69.802	69.832	5
2026-01-30 21:35	69.822	69.862	69.812	69.832	5
2026-01-30 21:40	69.827	69.842	69.777	69.822	5
2026-01-30 21:45	69.832	69.842	69.782	69.807	5
2026-01-30 21:50	69.812	69.817	69.742	69.812	5
2026-01-30 21:55	69.817	69.837	69.762	69.772	5
2026-02-02 01:00	67.787	67.792	67.055	67.090	5
2026-02-02 01:05	67.095	67.205	67.015	67.125	5
2026-02-02 01:10	67.140	67.215	67.015	67.015	5
2026-02-02 01:15	67.020	67.220	66.958	67.160	5
2026-02-02 01:20	67.155	67.215	66.990	67.045	5
2026-02-02 01:25	67.055	67.155	67.050	67.100	5
2026-02-02 01:30	67.105	67.115	66.900	67.055	5
2026-02-02 01:35	67.060	67.210	67.020	67.035	5
2026-02-02 01:40	67.040	67.080	66.890	66.965	5
2026-02-02 01:45	66.975	67.020	66.650	66.735	5
2026-02-02 01:50	66.740	67.055	66.740	67.035	5
2026-02-02 01:55	67.040	67.135	67.025	67.090	5
2026-02-02 02:00	67.085	67.175	67.035	67.140	5
2026-02-02 02:05	67.130	67.140	67.050	67.070	5
2026-02-02 02:10	67.060	67.070	66.985	67.015	5
2026-02-02 02:15	67.020	67.080	66.960	66.960	5
2026-02-02 02:20	66.955	66.980	66.900	66.920	5
2026-02-02 02:25	66.915	66.925	66.880	66.885	5
2026-02-02 02:30	66.880	67.015	66.775	66.775	5
2026-02-02 02:35	66.780	66.835	66.715	66.730	5
2026-02-02 02:40	66.735	66.805	66.670	66.685	5
2026-02-02 02:45	66.695	66.845	66.680	66.820	5
2026-02-02 02:50	66.825	66.835	66.695	66.710	5
2026-02-02 02:55	66.715	66.720	66.325	66.450	5
2026-02-02 03:00	66.445	66.585	66.410	66.555	5
2026-02-02 03:05	66.550	66.650	66.440	66.490	5
2026-02-02 03:10	66.445	66.500	66.285	66.320	5
2026-02-02 03:15	66.325	66.465	66.325	66.410	5
2026-02-02 03:20	66.415	66.530	66.410	66.530	5
2026-02-02 03:25	66.525	66.560	66.360	66.380	5
2026-02-02 03:30	66.390	66.525	66.390	66.515	5
2026-02-02 03:35	66.520	66.525	66.380	66.395	5
2026-02-02 03:40	66.390	66.435	66.375	66.385	5
2026-02-02 03:45	66.375	66.445	66.340	66.430	5
2026-02-02 03:50	66.425	66.450	66.375	66.385	5
2026-02-02 03:55	66.380	66.380	66.305	66.310	5
2026-02-02 04:00	66.315	66.345	66.214	66.214	5
2026-02-02 04:05	66.214	66.215	66.135	66.180	5
2026-02-02 04:10	66.170	66.285	66.160	66.230	5
2026-02-02 04:15	66.240	66.290	66.200	66.265	5
2026-02-02 04:20	66.270	66.285	66.195	66.240	5
2026-02-02 04:25	66.225	66.240	66.180	66.210	5
2026-02-02 04:30	66.215	66.225	66.155	66.220	5
2026-02-02 04:35	66.230	66.310	66.200	66.255	5
2026-02-02 04:40	66.265	66.265	66.220	66.230	5
2026-02-02 04:45	66.235	66.325	66.215	66.325	5
2026-02-02 04:50	66.320	66.320	66.230	66.235	5
2026-02-02 04:55	66.230	66.240	66.185	66.195	5
2026-02-02 05:00	66.200	66.205	66.155	66.160	5
2026-02-02 05:05	66.165	66.170	66.145	66.160	5
2026-02-02 05:10	66.155	66.155	66.005	66.025	5
2026-02-02 05:15	66.020	66.030	65.950	65.980	5
2026-02-02 05:20	65.975	66.030	65.885	65.925	5
2026-02-02 05:25	65.920	65.955	65.865	65.935	5
2026-02-02 05:30	65.940	65.955	65.520	65.570	5
2026-02-02 05:35	65.575	65.615	65.485	65.535	5
2026-02-02 05:40	65.530	65.615	65.440	65.555	5
2026-02-02 05:45	65.560	65.660	65.418	65.590	5
2026-02-02 05:50	65.595	65.680	65.485	65.495	5
2026-02-02 05:55	65.500	65.650	65.480	65.620	5
2026-02-02 06:00	65.568	65.815	65.568	65.710	5
2026-02-02 06:05	65.705	65.750	65.605	65.670	5
2026-02-02 06:10	65.680	65.800	65.600	65.735	5
2026-02-02 06:15	65.740	65.780	65.650	65.715	5
2026-02-02 06:20	65.725	65.725	65.450	65.580	5
2026-02-02 06:25	65.590	65.710	65.485	65.685	5
2026-02-02 06:30	65.690	65.715	65.570	65.635	5
2026-02-02 06:35	65.625	65.705	65.580	65.695	5
2026-02-02 06:40	65.705	65.880	65.695	65.775	5
2026-02-02 06:45	65.740	65.790	65.700	65.750	5
2026-02-02 06:50	65.745	65.835	65.685	65.740	5
2026-02-02 06:55	65.745	65.805	65.655	65.665	5
2026-02-02 07:00	65.623	65.965	65.623	65.965	5
2026-02-02 07:05	65.960	66.205	65.905	66.180	5
2026-02-02 07:10	66.185	66.285	66.130	66.190	5
2026-02-02 07:15	66.185	66.280	66.110	66.120	5
2026-02-02 07:20	66.115	66.165	66.025	66.155	5
2026-02-02 07:25	66.160	66.165	66.010	66.055	5
2026-02-02 07:30	66.050	66.060	65.850	65.945	5
2026-02-02 07:35	65.940	65.945	65.750	65.855	5
2026-02-02 07:40	65.860	65.955	65.835	65.845	5
2026-02-02 07:45	65.855	66.045	65.840	66.040	5
2026-02-02 07:50	66.035	66.075	65.900	65.930	5
2026-02-02 07:55	65.940	66.010	65.910	65.960	5
2026-02-02 08:00	65.923	66.065	65.750	65.955	5
2026-02-02 08:05	65.965	65.965	65.755	65.845	5
2026-02-02 08:10	65.830	65.975	65.820	65.955	5
2026-02-02 08:15	65.950	66.090	65.915	66.060	5
2026-02-02 08:20	66.055	66.085	65.950	66.055	5
2026-02-02 08:25	66.050	66.275	66.035	66.255	5
2026-02-02 08:30	66.250	66.465	66.185	66.385	5
2026-02-02 08:35	66.395	66.395	66.095	66.185	5
2026-02-02 08:40	66.195	66.230	66.025	66.205	5
2026-02-02 08:45	66.200	66.230	66.020	66.070	5
2026-02-02 08:50	66.065	66.080	65.835	65.880	5
2026-02-02 08:55	65.875	65.955	65.720	65.720	5
2026-02-02 09:00	65.678	65.820	65.535	65.580	5
2026-02-02 09:05	65.575	65.875	65.505	65.875	5
2026-02-02 09:10	65.870	65.925	65.615	65.660	5
2026-02-02 09:15	65.670	65.730	65.535	65.680	5
2026-02-02 09:20	65.675	65.885	65.645	65.845	5
2026-02-02 09:25	65.850	65.895	65.770	65.875	5
2026-02-02 09:30	65.845	66.065	65.825	65.875	5
2026-02-02 09:35	65.900	66.075	65.855	66.015	5
2026-02-02 09:40	65.995	66.045	65.865	65.865	5
2026-02-02 09:45	65.870	66.145	65.870	66.120	5
2026-02-02 09:50	66.105	66.255	66.080	66.235	5
2026-02-02 09:55	66.240	66.275	66.125	66.245	5
2026-02-02 10:00	66.225	66.235	66.095	66.180	5
2026-02-02 10:05	66.175	66.335	66.165	66.305	5
2026-02-02 10:10	66.310	66.405	66.265	66.335	5
2026-02-02 10:15	66.330	66.365	66.280	66.305	5
2026-02-02 10:20	66.310	66.310	66.085	66.190	5
2026-02-02 10:25	66.185	66.220	66.035	66.130	5
2026-02-02 10:30	66.135	66.270	66.120	66.160	5
2026-02-02 10:35	66.165	66.215	66.115	66.165	5
2026-02-02 10:40	66.175	66.195	66.095	66.165	5
2026-02-02 10:45	66.160	66.175	66.025	66.055	5
2026-02-02 10:50	66.045	66.050	65.875	65.885	5
2026-02-02 10:55	65.880	66.070	65.875	66.040	5
2026-02-02 11:00	66.045	66.125	66.015	66.015	5
2026-02-02 11:05	66.020	66.075	65.965	66.060	5
2026-02-02 11:10	66.065	66.065	65.920	65.925	5
2026-02-02 11:15	65.930	65.965	65.905	65.945	5
2026-02-02 11:20	65.940	65.975	65.915	65.940	5
2026-02-02 11:25	65.945	65.975	65.815	65.975	5
2026-02-02 11:30	65.965	65.970	65.845	65.860	5
2026-02-02 11:35	65.865	65.885	65.735	65.745	5
2026-02-02 11:40	65.735	65.855	65.705	65.835	5
2026-02-02 11:45	65.850	66.025	65.835	65.995	5
2026-02-02 11:50	66.005	66.105	65.995	66.040	5
2026-02-02 11:55	66.035	66.035	65.935	65.955	5
2026-02-02 12:00	65.965	66.160	65.913	66.030	5
2026-02-02 12:05	66.025	66.175	66.025	66.155	5
2026-02-02 12:10	66.170	66.220	66.095	66.165	5
2026-02-02 12:15	66.160	66.185	66.065	66.135	5
2026-02-02 12:20	66.145	66.295	66.125	66.260	5
2026-02-02 12:25	66.265	66.325	66.215	66.245	5
2026-02-02 12:30	66.255	66.305	66.205	66.265	5
2026-02-02 12:35	66.275	66.355	66.205	66.305	5
2026-02-02 12:40	66.290	66.335	66.235	66.300	5
2026-02-02 12:45	66.295	66.305	66.150	66.165	5
2026-02-02 12:50	66.175	66.195	66.035	66.075	5
2026-02-02 12:55	66.085	66.235	66.050	66.205	5
2026-02-02 13:00	66.163	66.163	65.765	65.945	5
2026-02-02 13:05	65.940	66.070	65.875	66.045	5
2026-02-02 13:10	66.055	66.085	65.845	65.860	5
2026-02-02 13:15	65.818	65.860	65.615	65.825	5
2026-02-02 13:20	65.815	65.955	65.770	65.795	5
2026-02-02 13:25	65.790	65.905	65.765	65.850	5
2026-02-02 13:30	65.845	65.985	65.835	65.905	5
2026-02-02 13:35	65.900	65.980	65.855	65.865	5
2026-02-02 13:40	65.875	65.905	65.785	65.805	5
2026-02-02 13:45	65.800	66.110	65.800	66.105	5
2026-02-02 13:50	66.100	66.165	65.990	66.110	5
2026-02-02 13:55	66.115	66.170	66.080	66.165	5
2026-02-02 14:00	66.160	66.385	66.095	66.255	5
2026-02-02 14:05	66.250	66.370	66.240	66.335	5
2026-02-02 14:10	66.325	66.490	66.285	66.435	5
2026-02-02 14:15	66.425	66.540	66.295	66.465	5
2026-02-02 14:20	66.475	66.510	66.425	66.485	5
2026-02-02 14:25	66.475	66.525	66.405	66.425	5
2026-02-02 14:30	66.415	66.430	66.195	66.250	5
2026-02-02 14:35	66.240	66.435	66.240	66.350	5
2026-02-02 14:40	66.345	66.375	66.160	66.265	5
2026-02-02 14:45	66.270	66.295	66.155	66.235	5
2026-02-02 14:50	66.230	66.365	66.205	66.235	5
2026-02-02 14:55	66.240	66.245	65.965	66.045	5
2026-02-02 15:00	66.003	66.415	65.983	66.410	5
2026-02-02 15:05	66.405	66.475	66.230	66.345	5
2026-02-02 15:10	66.350	66.575	66.325	66.465	5
2026-02-02 15:15	66.455	66.475	65.970	66.415	5
2026-02-02 15:20	66.395	66.485	66.133	66.210	5
2026-02-02 15:25	66.205	66.230	66.045	66.055	5
2026-02-02 15:30	66.035	66.305	66.030	66.265	5
2026-02-02 15:35	66.250	66.410	66.245	66.345	5
2026-02-02 15:40	66.303	66.345	65.958	66.045	5
2026-02-02 15:45	66.040	66.100	65.870	65.890	5
2026-02-02 15:50	65.895	65.980	65.855	65.970	5
2026-02-02 15:55	65.965	66.025	65.905	66.005	5
2026-02-02 16:00	66.010	66.210	65.905	66.150	5
2026-02-02 16:05	66.155	66.200	66.025	66.115	5
2026-02-02 16:10	66.130	66.135	66.025	66.085	5
2026-02-02 16:15	66.080	66.080	65.935	65.965	5
2026-02-02 16:20	65.955	66.050	65.845	66.025	5
2026-02-02 16:25	66.020	66.260	65.980	66.175	5
2026-02-02 16:30	66.180	66.255	66.020	66.075	5
2026-02-02 16:35	66.085	66.115	65.885	65.935	5
2026-02-02 16:40	65.925	66.085	65.925	66.065	5
2026-02-02 16:45	66.080	66.375	66.080	66.260	5
2026-02-02 16:50	66.245	66.245	66.135	66.155	5
2026-02-02 16:55	66.160	66.297	66.070	66.115	5
2026-02-02 17:00	66.110	66.125	65.955	65.960	5
2026-02-02 17:05	65.955	66.060	65.955	66.015	5
2026-02-02 17:10	66.005	66.075	65.910	66.055	5
2026-02-02 17:15	66.045	66.050	65.925	65.925	5
2026-02-02 17:20	65.930	65.975	65.855	65.935	5
2026-02-02 17:25	65.945	66.000	65.915	65.985	5
2026-02-02 17:30	65.980	66.080	65.980	66.040	5
2026-02-02 17:35	66.035	66.085	65.950	66.040	5
2026-02-02 17:40	66.025	66.055	65.925	65.955	5
2026-02-02 17:45	65.960	66.055	65.955	66.055	5
2026-02-02 17:50	66.045	66.145	65.995	66.005	5
2026-02-02 17:55	66.000	66.045	65.915	65.975	5
2026-02-02 18:00	65.933	66.055	65.933	66.010	5
2026-02-02 18:05	66.020	66.130	65.945	66.120	5
2026-02-02 18:10	66.115	66.165	66.095	66.125	5
2026-02-02 18:15	66.120	66.305	66.115	66.265	5
2026-02-02 18:20	66.260	66.285	66.125	66.165	5
2026-02-02 18:25	66.155	66.175	66.100	66.120	5
2026-02-02 18:30	66.130	66.145	66.070	66.105	5
2026-02-02 18:35	66.095	66.155	66.080	66.130	5
2026-02-02 18:40	66.135	66.150	66.065	66.125	5
2026-02-02 18:45	66.115	66.175	66.030	66.045	5
2026-02-02 18:50	66.040	66.045	65.765	65.855	5
2026-02-02 18:55	65.850	65.995	65.845	65.950	5
2026-02-02 19:00	65.935	65.945	65.815	65.885	5
2026-02-02 19:05	65.890	65.900	65.775	65.860	5
2026-02-02 19:10	65.865	65.945	65.845	65.935	5
2026-02-02 19:15	65.925	66.025	65.895	65.985	5
2026-02-02 19:20	65.990	66.185	65.985	66.155	5
2026-02-02 19:25	66.150	66.350	66.145	66.325	5
2026-02-02 19:30	66.305	66.325	66.145	66.195	5
2026-02-02 19:35	66.200	66.205	66.105	66.120	5
2026-02-02 19:40	66.125	66.155	66.075	66.115	5
2026-02-02 19:45	66.125	66.135	66.090	66.135	5
2026-02-02 19:50	66.145	66.255	66.145	66.170	5
2026-02-02 19:55	66.165	66.280	66.165	66.200	5
2026-02-02 20:00	66.195	66.300	66.155	66.260	5
2026-02-02 20:05	66.255	66.330	66.225	66.320	5
2026-02-02 20:10	66.315	66.325	66.275	66.320	5
2026-02-02 20:15	66.315	66.335	66.290	66.330	5
2026-02-02 20:20	66.325	66.330	66.175	66.215	5
2026-02-02 20:25	66.220	66.305	66.205	66.300	5
2026-02-02 20:30	66.305	66.335	66.285	66.325	5
2026-02-02 20:35	66.320	66.335	66.295	66.315	5
2026-02-02 20:40	66.285	66.330	66.285	66.305	5
2026-02-02 20:45	66.300	66.325	66.285	66.320	5
2026-02-02 20:50	66.325	66.370	66.325	66.350	5
2026-02-02 20:55	66.355	66.405	66.355	66.380	5
2026-02-02 21:00	66.365	66.402	66.352	66.372	5
2026-02-02 21:05	66.362	66.362	66.277	66.297	5
2026-02-02 21:10	66.292	66.317	66.282	66.292	5
2026-02-02 21:15	66.273	66.292	66.268	66.292	5
2026-02-02 21:20	66.312	66.362	66.312	66.362	5
2026-02-02 21:25	66.357	66.382	66.337	66.337	5
2026-02-02 21:30	66.332	66.332	66.287	66.287	4
2026-02-02 21:35	66.297	66.312	66.282	66.287	5
2026-02-02 21:40	66.297	66.297	66.262	66.272	5
2026-02-02 21:45	66.262	66.377	66.262	66.377	5
2026-02-02 21:50	66.372	66.442	66.337	66.437	5
2026-02-02 21:55	66.432	66.452	66.387	66.427	5
2026-02-03 01:00	66.052	66.465	66.052	66.445	5
2026-02-03 01:05	66.440	66.505	66.320	66.355	5
2026-02-03 01:10	66.345	66.435	66.345	66.435	5
2026-02-03 01:15	66.430	66.520	66.420	66.500	5
2026-02-03 01:20	66.495	66.530	66.455	66.505	5
2026-02-03 01:25	66.500	66.530	66.420	66.485	5
2026-02-03 01:30	66.480	66.480	66.335	66.395	5
2026-02-03 01:35	66.400	66.475	66.400	66.410	5
2026-02-03 01:40	66.420	66.505	66.420	66.495	5
2026-02-03 01:45	66.490	66.560	66.450	66.450	5
2026-02-03 01:50	66.445	66.490	66.425	66.475	5
2026-02-03 01:55	66.470	66.490	66.420	66.435	5
2026-02-03 02:00	66.440	66.470	66.295	66.300	5
2026-02-03 02:05	66.295	66.305	66.220	66.245	5
2026-02-03 02:10	66.275	66.275	66.125	66.125	5
2026-02-03 02:15	66.120	66.120	65.965	66.030	5
2026-02-03 02:20	66.025	66.045	65.795	65.835	5
2026-02-03 02:25	65.840	65.895	65.775	65.805	5
2026-02-03 02:30	65.795	65.820	65.640	65.795	5
2026-02-03 02:35	65.805	65.855	65.765	65.830	5
2026-02-03 02:40	65.825	65.835	65.685	65.745	5
2026-02-03 02:45	65.735	65.805	65.695	65.800	5
2026-02-03 02:50	65.795	65.795	65.715	65.770	5
2026-02-03 02:55	65.765	65.860	65.760	65.815	5
2026-02-03 03:00	65.805	65.850	65.765	65.820	5
2026-02-03 03:05	65.825	65.830	65.745	65.765	5
2026-02-03 03:10	65.775	65.785	65.705	65.705	5
2026-02-03 03:15	65.710	65.785	65.665	65.785	5
2026-02-03 03:20	65.790	65.870	65.780	65.845	5
2026-02-03 03:25	65.860	65.905	65.840	65.875	5
2026-02-03 03:30	65.870	65.985	65.870	65.985	5
2026-02-03 03:35	65.990	66.070	65.975	66.035	5
2026-02-03 03:40	66.025	66.055	66.010	66.015	5
2026-02-03 03:45	66.020	66.020	65.955	65.960	5
2026-02-03 03:50	65.965	66.030	65.960	66.020	5
2026-02-03 03:55	66.025	66.035	65.990	66.015	5
2026-02-03 04:00	66.010	66.095	66.010	66.080	5
2026-02-03 04:05	66.085	66.110	66.050	66.055	5
2026-02-03 04:10	66.008	66.060	66.008	66.010	5
2026-02-03 04:15	66.015	66.045	66.010	66.035	5
2026-02-03 04:20	66.030	66.045	65.995	65.995	5
2026-02-03 04:25	66.000	66.020	65.950	65.960	5
2026-02-03 04:30	65.965	66.040	65.910	66.030	5
2026-02-03 04:35	66.035	66.090	66.020	66.065	5
2026-02-03 04:40	66.060	66.065	66.000	66.010	5
2026-02-03 04:45	66.000	66.005	65.955	65.985	5
2026-02-03 04:50	65.980	66.005	65.975	65.980	5
2026-02-03 04:55	65.975	66.005	65.975	66.000	5
2026-02-03 05:00	66.005	66.050	66.000	66.010	5
2026-02-03 05:05	66.005	66.005	65.890	65.905	5
2026-02-03 05:10	65.900	65.900	65.875	65.895	5
2026-02-03 05:15	65.885	65.970	65.880	65.970	5
2026-02-03 05:20	65.923	66.005	65.923	65.960	5
2026-02-03 05:25	65.950	65.970	65.940	65.970	5
2026-02-03 05:30	65.960	65.970	65.865	65.885	5
2026-02-03 05:35	65.895	66.030	65.895	65.995	5
2026-02-03 05:40	65.985	65.995	65.875	65.880	5
2026-02-03 05:45	65.870	65.990	65.870	65.985	5
2026-02-03 05:50	65.995	66.055	65.995	66.020	5
2026-02-03 05:55	66.030	66.035	65.945	65.950	5
2026-02-03 06:00	65.955	65.960	65.880	65.880	5
2026-02-03 06:05	65.885	65.895	65.825	65.850	5
2026-02-03 06:10	65.855	65.990	65.840	65.925	5
2026-02-03 06:15	65.935	65.985	65.915	65.975	5
2026-02-03 06:20	65.980	65.995	65.875	65.945	5
2026-02-03 06:25	65.950	66.015	65.945	65.980	5
2026-02-03 06:30	65.975	65.990	65.920	65.940	5
2026-02-03 06:35	65.950	65.990	65.915	65.965	5
2026-02-03 06:40	65.970	66.005	65.915	65.950	5
2026-02-03 06:45	65.955	65.985	65.925	65.960	5
2026-02-03 06:50	65.955	65.955	65.855	65.895	5
2026-02-03 06:55	65.890	65.945	65.840	65.915	5
2026-02-03 07:00	65.868	66.065	65.868	66.030	5
2026-02-03 07:05	66.025	66.035	65.960	65.990	5
2026-02-03 07:10	65.985	66.025	65.950	66.005	5
2026-02-03 07:15	66.000	66.020	65.865	65.905	5
2026-02-03 07:20	65.900	65.965	65.790	65.865	5
2026-02-03 07:25	65.860	65.935	65.830	65.900	5
2026-02-03 07:30	65.920	65.975	65.890	65.965	5
2026-02-03 07:35	65.970	66.045	65.915	65.980	5
2026-02-03 07:40	65.975	66.105	65.960	66.075	5
2026-02-03 07:45	66.028	66.070	65.975	66.010	5
2026-02-03 07:50	66.015	66.040	65.900	66.035	5
2026-02-03 07:55	66.040	66.070	65.945	65.970	5
2026-02-03 08:00	65.928	66.005	65.905	65.965	5
2026-02-03 08:05	65.970	66.035	65.930	65.995	5
2026-02-03 08:10	65.990	66.055	65.955	66.055	5
2026-02-03 08:15	66.065	66.135	66.030	66.045	5
2026-02-03 08:20	66.050	66.065	65.985	66.035	5
2026-02-03 08:25	66.025	66.085	65.920	66.085	5
2026-02-03 08:30	66.075	66.185	65.975	66.180	5
2026-02-03 08:35	66.195	66.205	66.070	66.095	5
2026-02-03 08:40	66.100	66.180	65.900	65.920	5
2026-02-03 08:45	65.925	65.930	65.690	65.745	5
2026-02-03 08:50	65.760	65.780	65.485	65.485	5
2026-02-03 08:55	65.495	65.730	65.390	65.675	5
2026-02-03 09:00	65.680	65.690	65.485	65.515	5
2026-02-03 09:05	65.520	65.580	65.455	65.495	5
2026-02-03 09:10	65.510	65.580	65.435	65.445	5
2026-02-03 09:15	65.440	65.440	65.153	65.405	5
2026-02-03 09:20	65.415	65.535	65.390	65.400	5
2026-02-03 09:25	65.405	65.440	65.305	65.320	5
2026-02-03 09:30	65.325	65.545	65.325	65.530	5
2026-02-03 09:35	65.525	65.665	65.520	65.545	5
2026-02-03 09:40	65.550	65.695	65.545	65.660	5
2026-02-03 09:45	65.655	65.835	65.645	65.825	5
2026-02-03 09:50	65.835	65.935	65.795	65.805	5
2026-02-03 09:55	65.810	65.880	65.765	65.805	5
2026-02-03 10:00	65.800	66.025	65.800	65.975	5
2026-02-03 10:05	65.965	66.145	65.925	66.125	5
2026-02-03 10:10	66.135	66.235	66.135	66.215	5
2026-02-03 10:15	66.205	66.215	66.110	66.160	5
2026-02-03 10:20	66.165	66.245	66.060	66.245	5
2026-02-03 10:25	66.235	66.325	66.225	66.305	5
2026-02-03 10:30	66.300	66.345	66.245	66.290	5
2026-02-03 10:35	66.295	66.345	66.225	66.285	5
2026-02-03 10:40	66.280	66.345	66.215	66.325	5
2026-02-03 10:45	66.305	66.365	66.305	66.335	5
2026-02-03 10:50	66.325	66.410	66.275	66.350	5
2026-02-03 10:55	66.345	66.380	66.245	66.290	5
2026-02-03 11:00	66.275	66.280	66.195	66.245	5
2026-02-03 11:05	66.235	66.265	66.180	66.225	5
2026-02-03 11:10	66.240	66.325	66.195	66.265	5
2026-02-03 11:15	66.270	66.315	66.195	66.275	5
2026-02-03 11:20	66.270	66.270	66.175	66.245	5
2026-02-03 11:25	66.260	66.345	66.225	66.325	5
2026-02-03 11:30	66.330	66.335	66.225	66.250	5
2026-02-03 11:35	66.255	66.490	66.220	66.350	5
2026-02-03 11:40	66.355	66.410	66.305	66.410	5
2026-02-03 11:45	66.405	66.410	66.265	66.285	5
2026-02-03 11:50	66.295	66.425	66.280	66.425	5
2026-02-03 11:55	66.420	66.475	66.370	66.445	5
2026-02-03 12:00	66.403	66.575	66.403	66.525	5
2026-02-03 12:05	66.510	66.590	66.485	66.575	5
2026-02-03 12:10	66.560	66.605	66.530	66.565	5
2026-02-03 12:15	66.555	66.560	66.405	66.430	5
2026-02-03 12:20	66.425	66.460	66.265	66.430	5
2026-02-03 12:25	66.420	66.465	66.395	66.430	5
2026-02-03 12:30	66.440	66.545	66.380	66.505	5
2026-02-03 12:35	66.490	66.545	66.425	66.540	5
2026-02-03 12:40	66.535	66.615	66.515	66.555	5
2026-02-03 12:45	66.545	66.625	66.510	66.595	5
2026-02-03 12:50	66.590	66.635	66.585	66.590	5
2026-02-03 12:55	66.595	66.615	66.560	66.595	5
2026-02-03 13:00	66.600	66.625	66.455	66.515	5
2026-02-03 13:05	66.520	66.620	66.495	66.615	5
2026-02-03 13:10	66.610	66.610	66.455	66.465	5
2026-02-03 13:15	66.470	66.515	66.410	66.450	5
2026-02-03 13:20	66.455	66.480	66.415	66.445	5
2026-02-03 13:25	66.450	66.630	66.450	66.585	5
2026-02-03 13:30	66.590	66.635	66.555	66.595	5
2026-02-03 13:35	66.590	66.595	66.510	66.580	5
2026-02-03 13:40	66.575	66.745	66.575	66.685	5
2026-02-03 13:45	66.695	66.715	66.535	66.615	5
2026-02-03 13:50	66.610	66.655	66.565	66.570	5
2026-02-03 13:55	66.565	66.675	66.550	66.655	5
2026-02-03 14:00	66.635	66.650	66.455	66.625	5
2026-02-03 14:05	66.615	66.775	66.570	66.755	5
2026-02-03 14:10	66.750	66.825	66.695	66.720	5
2026-02-03 14:15	66.715	66.860	66.695	66.855	5
2026-02-03 14:20	66.860	66.875	66.795	66.835	5
2026-02-03 14:25	66.825	66.825	66.705	66.745	5
2026-02-03 14:30	66.720	66.785	66.590	66.675	5
2026-02-03 14:35	66.670	66.935	66.650	66.865	5
2026-02-03 14:40	66.875	66.955	66.815	66.815	5
2026-02-03 14:45	66.805	66.955	66.760	66.930	5
2026-02-03 14:50	66.925	67.125	66.880	67.020	5
2026-02-03 14:55	67.035	67.045	66.735	66.755	5
2026-02-03 15:00	66.750	66.765	66.630	66.665	5
2026-02-03 15:05	66.670	66.815	66.655	66.785	5
2026-02-03 15:10	66.790	66.850	66.568	66.675	5
2026-02-03 15:15	66.670	66.835	66.630	66.800	5
2026-02-03 15:20	66.805	66.880	66.735	66.755	5
2026-02-03 15:25	66.750	66.875	66.735	66.810	5
2026-02-03 15:30	66.835	66.920	66.785	66.895	5
2026-02-03 15:35	66.880	66.925	66.840	66.885	5
2026-02-03 15:40	66.895	66.925	66.795	66.855	5
2026-02-03 15:45	66.850	66.955	66.785	66.935	5
2026-02-03 15:50	66.940	66.965	66.865	66.905	5
2026-02-03 15:55	66.910	66.985	66.765	66.770	5
2026-02-03 16:00	66.733	66.860	66.720	66.720	5
2026-02-03 16:05	66.725	66.930	66.675	66.820	5
2026-02-03 16:10	66.825	66.885	66.745	66.870	5
2026-02-03 16:15	66.875	66.965	66.795	66.885	5
2026-02-03 16:20	66.890	67.010	66.845	66.935	5
2026-02-03 16:25	66.925	67.065	66.875	66.960	5
2026-02-03 16:30	66.965	67.000	66.895	66.985	5
2026-02-03 16:35	66.995	67.060	66.870	66.925	5
2026-02-03 16:40	66.940	66.990	66.760	66.770	5
2026-02-03 16:45	66.765	66.815	66.630	66.815	5
2026-02-03 16:50	66.810	66.825	66.715	66.725	5
2026-02-03 16:55	66.720	66.785	66.583	66.715	5
2026-02-03 17:00	66.725	66.775	66.625	66.685	5
2026-02-03 17:05	66.675	66.685	66.560	66.645	5
2026-02-03 17:10	66.650	67.795	66.620	67.510	5
2026-02-03 17:15	67.520	67.580	67.165	67.405	5
2026-02-03 17:20	67.385	67.405	66.940	67.005	5
2026-02-03 17:25	67.000	67.265	66.955	67.165	5
2026-02-03 17:30	67.138	67.450	67.138	67.360	5
2026-02-03 17:35	67.370	67.465	67.275	67.285	5
2026-02-03 17:40	67.275	67.340	67.105	67.110	5
2026-02-03 17:45	67.115	67.155	66.960	67.150	5
2026-02-03 17:50	67.145	67.345	67.125	67.335	5
2026-02-03 17:55	67.325	67.365	67.215	67.225	5
2026-02-03 18:00	67.215	67.235	67.125	67.235	5
2026-02-03 18:05	67.240	67.290	66.720	67.045	5
2026-02-03 18:10	67.055	67.235	67.055	67.155	5
2026-02-03 18:15	67.145	67.205	67.095	67.170	5
2026-02-03 18:20	67.155	67.180	67.050	67.080	5
2026-02-03 18:25	67.085	67.085	66.930	66.965	5
2026-02-03 18:30	66.960	67.135	66.945	67.110	5
2026-02-03 18:35	67.105	67.295	67.105	67.290	5
2026-02-03 18:40	67.295	67.455	67.223	67.370	5
2026-02-03 18:45	67.365	67.365	67.260	67.280	5
2026-02-03 18:50	67.275	67.315	67.185	67.245	5
2026-02-03 18:55	67.240	67.265	67.160	67.190	5
2026-02-03 19:00	67.185	67.215	66.940	66.955	5
2026-02-03 19:05	66.950	66.970	66.790	66.825	5
2026-02-03 19:10	66.815	67.170	66.810	67.170	5
2026-02-03 19:15	67.165	67.310	67.150	67.245	5
2026-02-03 19:20	67.235	67.370	67.205	67.335	5
2026-02-03 19:25	67.345	67.415	67.225	67.235	5
2026-02-03 19:30	67.245	67.370	67.190	67.365	5
2026-02-03 19:35	67.345	67.485	67.345	67.485	5
2026-02-03 19:40	67.480	67.630	67.470	67.520	5
2026-02-03 19:45	67.515	67.525	67.425	67.445	5
2026-02-03 19:50	67.455	67.515	67.370	67.400	5
2026-02-03 19:55	67.405	67.555	67.405	67.540	5
2026-02-03 20:00	67.530	67.625	67.525	67.620	5
2026-02-03 20:05	67.615	67.625	67.570	67.585	5
2026-02-03 20:10	67.580	67.695	67.580	67.655	5
2026-02-03 20:15	67.660	67.775	67.630	67.740	5
2026-02-03 20:20	67.745	67.920	67.740	67.920	5
2026-02-03 20:25	67.925	67.955	67.710	67.890	5
2026-02-03 20:30	67.880	68.025	67.865	68.025	5
2026-02-03 20:35	68.020	68.050	67.915	68.020	5
2026-02-03 20:40	68.025	68.090	68.020	68.065	5
2026-02-03 20:45	68.070	68.200	68.055	68.090	5
2026-02-03 20:50	68.095	68.250	68.045	68.210	5
2026-02-03 20:55	68.215	68.245	68.135	68.155	5
2026-02-03 21:00	68.165	68.165	68.042	68.112	5
2026-02-03 21:05	68.117	68.172	68.092	68.112	5
2026-02-03 21:10	68.117	68.187	68.082	68.102	5
2026-02-03 21:15	68.107	68.107	67.962	67.977	5
2026-02-03 21:20	67.982	68.017	67.977	68.007	5
2026-02-03 21:25	67.997	68.017	67.972	67.987	5
2026-02-03 21:30	67.992	68.132	67.947	67.997	5
2026-02-03 21:35	68.002	68.012	67.947	67.962	5
2026-02-03 21:40	67.967	67.977	67.612	67.827	5
2026-02-03 21:45	67.862	67.902	67.747	67.867	5
2026-02-03 21:50	67.872	68.067	67.872	67.937	5
2026-02-03 21:55	67.927	67.972	67.907	67.952	5
2026-02-04 01:00	67.867	67.870	67.535	67.785	5
2026-02-04 01:05	67.790	68.025	67.790	67.975	5
2026-02-04 01:10	67.970	68.030	67.905	67.915	5
2026-02-04 01:15	67.910	68.015	67.910	67.995	5
2026-02-04 01:20	67.985	68.155	67.985	68.150	5
2026-02-04 01:25	68.145	68.220	68.105	68.190	5
2026-02-04 01:30	68.195	68.235	68.145	68.155	5
2026-02-04 01:35	68.160	68.160	68.095	68.125	5
2026-02-04 01:40	68.130	68.195	68.125	68.155	5
2026-02-04 01:45	68.150	68.165	68.055	68.090	5
2026-02-04 01:50	68.085	68.170	68.075	68.150	5
2026-02-04 01:55	68.155	68.165	68.055	68.125	5
2026-02-04 02:00	68.130	68.210	68.130	68.200	5
2026-02-04 02:05	68.190	68.190	68.090	68.090	5
2026-02-04 02:10	68.085	68.110	68.025	68.085	5
2026-02-04 02:15	68.090	68.120	68.060	68.115	5
2026-02-04 02:20	68.110	68.115	68.070	68.095	5
2026-02-04 02:25	68.090	68.105	68.060	68.090	4
2026-02-04 02:30	68.100	68.120	67.955	67.960	5
2026-02-04 02:35	67.955	68.010	67.910	67.930	5
2026-02-04 02:40	67.925	67.935	67.855	67.910	5
2026-02-04 02:45	67.905	67.925	67.845	67.890	5
2026-02-04 02:50	67.895	67.895	67.620	67.680	5
2026-02-04 02:55	67.675	67.720	67.630	67.700	5
2026-02-04 03:00	67.710	67.765	67.630	67.670	5
2026-02-04 03:05	67.675	67.795	67.640	67.755	5
2026-02-04 03:10	67.750	67.855	67.725	67.810	5
2026-02-04 03:15	67.800	67.820	67.700	67.725	5
2026-02-04 03:20	67.720	67.790	67.705	67.765	5
2026-02-04 03:25	67.770	67.800	67.750	67.775	5
2026-02-04 03:30	67.770	67.785	67.755	67.775	5
2026-02-04 03:35	67.790	67.790	67.755	67.775	5
2026-02-04 03:40	67.790	67.795	67.750	67.760	5
2026-02-04 03:45	67.750	67.765	67.740	67.755	5
2026-02-04 03:50	67.750	67.915	67.750	67.905	5
2026-02-04 03:55	67.910	67.920	67.860	67.870	5
2026-02-04 04:00	67.875	67.875	67.830	67.835	5
2026-02-04 04:05	67.840	67.860	67.830	67.835	5
2026-02-04 04:10	67.840	67.865	67.798	67.865	5
2026-02-04 04:15	67.860	67.875	67.840	67.860	5
2026-02-04 04:20	67.855	67.860	67.820	67.820	5
2026-02-04 04:25	67.815	67.850	67.805	67.845	5
2026-02-04 04:30	67.840	67.870	67.835	67.860	5
2026-02-04 04:35	67.865	67.875	67.850	67.875	5
2026-02-04 04:40	67.870	67.905	67.870	67.895	3
2026-02-04 04:45	67.885	67.915	67.828	67.895	5
2026-02-04 04:50	67.890	67.915	67.868	67.890	5
2026-02-04 04:55	67.885	67.885	67.828	67.850	5
2026-02-04 05:00	67.855	67.860	67.815	67.835	5
2026-02-04 05:05	67.840	67.865	67.818	67.845	5
2026-02-04 05:10	67.850	67.860	67.803	67.830	5
2026-02-04 05:15	67.825	67.830	67.785	67.830	5
2026-02-04 05:20	67.835	67.845	67.815	67.825	5
2026-02-04 05:25	67.830	67.855	67.825	67.835	5
2026-02-04 05:30	67.855	67.875	67.765	67.805	5
2026-02-04 05:35	67.810	67.835	67.785	67.800	5
2026-02-04 05:40	67.805	67.825	67.790	67.805	5
2026-02-04 05:45	67.810	67.875	67.810	67.870	5
2026-02-04 05:50	67.865	67.885	67.820	67.820	5
2026-02-04 05:55	67.815	67.840	67.780	67.785	5
2026-02-04 06:00	67.790	67.835	67.785	67.800	5
2026-02-04 06:05	67.805	67.805	67.700	67.740	5
2026-02-04 06:10	67.745	67.835	67.740	67.820	5
2026-02-04 06:15	67.830	67.830	67.750	67.775	5
2026-02-04 06:20	67.770	67.770	67.720	67.760	5
2026-02-04 06:25	67.755	67.755	67.690	67.710	5
2026-02-04 06:30	67.705	67.725	67.690	67.720	5
2026-02-04 06:35	67.715	67.725	67.660	67.720	5
2026-02-04 06:40	67.725	67.770	67.690	67.745	5
2026-02-04 06:45	67.755	67.825	67.725	67.820	5
2026-02-04 06:50	67.825	67.865	67.770	67.780	5
2026-02-04 06:55	67.785	67.795	67.725	67.770	5
2026-02-04 07:00	67.780	67.825	67.715	67.740	5
2026-02-04 07:05	67.735	67.775	67.720	67.740	5
2026-02-04 07:10	67.735	67.740	67.585	67.625	5
2026-02-04 07:15	67.620	67.620	67.545	67.560	5
2026-02-04 07:20	67.565	67.590	67.525	67.575	5
2026-02-04 07:25	67.585	67.595	67.270	67.435	5
2026-02-04 07:30	67.430	67.505	67.420	67.480	5
2026-02-04 07:35	67.470	67.475	67.340	67.375	5
2026-02-04 07:40	67.370	67.460	67.370	67.455	5
2026-02-04 07:45	67.460	67.480	67.370	67.375	5
2026-02-04 07:50	67.385	67.385	67.295	67.340	5
2026-02-04 07:55	67.345	67.385	67.275	67.325	5
2026-02-04 08:00	67.293	67.440	67.293	67.435	5
2026-02-04 08:05	67.430	67.495	67.390	67.495	5
2026-02-04 08:10	67.485	67.510	67.435	67.500	5
2026-02-04 08:15	67.495	67.645	67.475	67.640	5
2026-02-04 08:20	67.620	67.705	67.610	67.625	5
2026-02-04 08:25	67.615	67.630	67.465	67.555	5
2026-02-04 08:30	67.565	67.575	67.395	67.395	5
2026-02-04 08:35	67.385	67.390	67.205	67.245	5
2026-02-04 08:40	67.240	67.250	67.110	67.115	5
2026-02-04 08:45	67.110	67.155	67.070	67.095	5
2026-02-04 08:50	67.100	67.197	66.965	67.175	5
2026-02-04 08:55	67.165	67.260	67.150	67.195	5
2026-02-04 09:00	67.185	67.285	67.130	67.275	5
2026-02-04 09:05	67.270	67.305	67.195	67.230	5
2026-02-04 09:10	67.235	67.280	67.110	67.110	5
2026-02-04 09:15	67.120	67.195	67.110	67.180	5
2026-02-04 09:20	67.175	67.240	67.130	67.155	5
2026-02-04 09:25	67.150	67.250	67.145	67.235	5
2026-02-04 09:30	67.255	67.495	67.255	67.485	5
2026-02-04 09:35	67.480	67.590	67.455	67.515	5
2026-02-04 09:40	67.525	67.625	67.475	67.505	5
2026-02-04 09:45	67.510	67.570	67.510	67.570	5
2026-02-04 09:50	67.575	67.745	67.575	67.725	5
2026-02-04 09:55	67.720	67.785	67.670	67.745	5
2026-02-04 10:00	67.725	67.755	67.625	67.705	5
2026-02-04 10:05	67.695	67.775	67.650	67.725	5
2026-02-04 10:10	67.715	67.735	67.585	67.620	5
2026-02-04 10:15	67.615	67.755	67.580	67.755	5
2026-02-04 10:20	67.785	67.790	67.700	67.715	5
2026-02-04 10:25	67.705	67.720	67.655	67.710	5
2026-02-04 10:30	67.720	67.825	67.710	67.765	5
2026-02-04 10:35	67.775	67.815	67.685	67.690	5
2026-02-04 10:40	67.685	67.700	67.630	67.670	5
2026-02-04 10:45	67.660	67.665	67.500	67.505	5
2026-02-04 10:50	67.500	67.605	67.475	67.580	5
2026-02-04 10:55	67.585	67.625	67.555	67.560	5
2026-02-04 11:00	67.550	67.550	67.340	67.345	5
2026-02-04 11:05	67.340	67.395	67.325	67.340	5
2026-02-04 11:10	67.335	67.415	67.315	67.370	5
2026-02-04 11:15	67.365	67.425	67.340	67.375	5
2026-02-04 11:20	67.370	67.375	67.290	67.330	5
2026-02-04 11:25	67.335	67.435	67.335	67.380	5
2026-02-04 11:30	67.375	67.455	67.285	67.395	5
2026-02-04 11:35	67.400	67.450	67.370	67.385	5
2026-02-04 11:40	67.375	67.415	67.370	67.400	5
2026-02-04 11:45	67.410	67.435	67.380	67.405	5
2026-02-04 11:50	67.400	67.545	67.400	67.485	5
2026-02-04 11:55	67.450	67.450	67.305	67.325	5
2026-02-04 12:00	67.273	67.395	67.255	67.390	5
2026-02-04 12:05	67.385	67.480	67.370	67.480	5
2026-02-04 12:10	67.475	67.535	67.395	67.515	5
2026-02-04 12:15	67.520	67.520	67.425	67.510	5
2026-02-04 12:20	67.515	67.545	67.455	67.465	5
2026-02-04 12:25	67.455	67.455	67.330	67.355	5
2026-02-04 12:30	67.350	67.485	67.295	67.480	5
2026-02-04 12:35	67.475	67.495	67.455	67.485	5
2026-02-04 12:40	67.475	67.525	67.425	67.520	5
2026-02-04 12:45	67.525	67.630	67.505	67.520	5
2026-02-04 12:50	67.515	67.545	67.455	67.525	5
2026-02-04 12:55	67.510	67.530	67.425	67.460	5
2026-02-04 13:00	67.388	67.530	67.365	67.485	5
2026-02-04 13:05	67.490	67.535	67.420	67.485	5
2026-02-04 13:10	67.475	67.475	67.420	67.445	5
2026-02-04 13:15	67.435	67.465	67.310	67.325	5
2026-02-04 13:20	67.335	67.450	67.290	67.430	5
2026-02-04 13:25	67.440	67.565	67.425	67.445	5
2026-02-04 13:30	67.435	67.455	67.315	67.370	5
2026-02-04 13:35	67.375	67.405	67.320	67.325	5
2026-02-04 13:40	67.320	67.370	67.185	67.215	5
2026-02-04 13:45	67.220	67.240	67.045	67.165	5
2026-02-04 13:50	67.175	67.230	67.115	67.180	5
2026-02-04 13:55	67.185	67.185	67.015	67.040	5
2026-02-04 14:00	67.045	67.180	67.015	67.060	5
2026-02-04 14:05	67.055	67.165	67.045	67.140	5
2026-02-04 14:10	67.135	67.380	67.130	67.340	5
2026-02-04 14:15	67.345	67.405	67.300	67.365	5
2026-02-04 14:20	67.370	67.430	67.325	67.405	5
2026-02-04 14:25	67.395	67.475	67.340	67.455	5
2026-02-04 14:30	67.445	67.630	67.430	67.585	5
2026-02-04 14:35	67.595	67.615	67.435	67.505	5
2026-02-04 14:40	67.500	67.595	67.485	67.580	5
2026-02-04 14:45	67.570	67.690	67.505	67.690	5
2026-02-04 14:50	67.685	67.690	67.505	67.625	5
2026-02-04 14:55	67.615	67.630	67.415	67.470	5
2026-02-04 15:00	67.480	67.480	67.350	67.440	5
2026-02-04 15:05	67.445	67.625	67.445	67.585	5
2026-02-04 15:10	67.595	67.645	67.550	67.615	5
2026-02-04 15:15	67.605	67.690	67.590	67.655	5
2026-02-04 15:20	67.650	67.805	67.593	67.625	5
2026-02-04 15:25	67.630	67.705	67.585	67.620	5
2026-02-04 15:30	67.630	67.740	67.395	67.400	5
2026-02-04 15:35	67.395	67.450	67.205	67.325	5
2026-02-04 15:40	67.300	67.600	67.245	67.590	5
2026-02-04 15:45	67.595	67.625	67.435	67.490	5
2026-02-04 15:50	67.485	67.660	67.485	67.650	5
2026-02-04 15:55	67.645	67.715	67.490	67.535	5
2026-02-04 16:00	67.525	67.585	67.310	67.315	5
2026-02-04 16:05	67.305	67.475	67.295	67.415	5
2026-02-04 16:10	67.405	67.510	67.295	67.305	5
2026-02-04 16:15	67.310	67.345	67.195	67.250	5
2026-02-04 16:20	67.240	67.360	67.205	67.320	5
2026-02-04 16:25	67.325	67.425	67.285	67.375	5
2026-02-04 16:30	67.380	67.565	67.380	67.515	5
2026-02-04 16:35	67.505	67.585	67.465	67.515	5
2026-02-04 16:40	67.520	67.545	67.435	67.445	5
2026-02-04 16:45	67.440	67.535	67.425	67.530	5
2026-02-04 16:50	67.535	67.735	67.525	67.725	5
2026-02-04 16:55	67.715	67.785	67.675	67.755	5
2026-02-04 17:00	67.745	67.845	67.725	67.845	5
2026-02-04 17:05	67.835	67.885	67.775	67.875	5
2026-02-04 17:10	67.885	67.905	67.825	67.875	5
2026-02-04 17:15	67.885	67.915	67.795	67.825	5
2026-02-04 17:20	67.835	67.875	67.815	67.835	5
2026-02-04 17:25	67.840	68.960	67.748	68.920	5
2026-02-04 17:30	68.915	69.380	68.510	69.350	5
2026-02-04 17:35	69.355	69.700	69.150	69.700	5
2026-02-04 17:40	69.715	69.730	69.085	69.130	5
2026-02-04 17:45	69.135	69.280	68.905	68.995	5
2026-02-04 17:50	68.980	69.235	68.980	69.140	5
2026-02-04 17:55	69.135	69.395	69.020	69.330	5
2026-02-04 18:00	69.335	69.360	69.160	69.285	5
2026-02-04 18:05	69.295	69.425	69.235	69.315	5
2026-02-04 18:10	69.320	69.365	69.215	69.295	5
2026-02-04 18:15	69.300	69.355	69.055	69.145	5
2026-02-04 18:20	69.150	69.330	69.105	69.275	5
2026-02-04 18:25	69.265	69.485	69.255	69.455	5
2026-02-04 18:30	69.465	69.535	69.385	69.530	5
2026-02-04 18:35	69.525	69.605	69.475	69.505	5
2026-02-04 18:40	69.490	69.515	68.763	69.090	5
2026-02-04 18:45	69.085	69.255	69.005	69.225	5
2026-02-04 18:50	69.210	69.300	69.030	69.235	5
2026-02-04 18:55	69.240	69.320	69.220	69.270	5
2026-02-04 19:00	69.260	69.540	69.150	69.485	5
2026-02-04 19:05	69.480	69.712	69.355	69.480	5
2026-02-04 19:10	69.485	69.555	69.385	69.395	5
2026-02-04 19:15	69.400	69.465	69.275	69.450	5
2026-02-04 19:20	69.445	69.555	69.367	69.535	5
2026-02-04 19:25	69.540	69.575	69.370	69.435	5
2026-02-04 19:30	69.440	69.545	69.415	69.475	5
2026-02-04 19:35	69.480	69.515	69.000	69.070	5
2026-02-04 19:40	69.080	69.385	68.985	69.380	5
2026-02-04 19:45	69.375	69.375	68.043	68.535	5
2026-02-04 19:50	68.530	68.795	68.190	68.490	5
2026-02-04 19:55	68.485	68.620	68.363	68.460	5
2026-02-04 20:00	68.480	68.690	68.400	68.645	5
2026-02-04 20:05	68.650	68.690	68.485	68.620	5
2026-02-04 20:10	68.625	68.710	68.480	68.515	5
2026-02-04 20:15	68.520	68.560	68.445	68.560	5
2026-02-04 20:20	68.555	68.685	68.550	68.560	5
2026-02-04 20:25	68.565	68.605	68.530	68.555	5
2026-02-04 20:30	68.550	68.745	68.530	68.715	5
2026-02-04 20:35	68.705	68.840	68.663	68.695	5
2026-02-04 20:40	68.700	68.725	68.685	68.685	5
2026-02-04 20:45	68.655	68.685	68.555	68.590	5
2026-02-04 20:50	68.595	68.610	68.510	68.595	5
2026-02-04 20:55	68.605	68.630	68.505	68.530	5
2026-02-04 21:00	68.535	68.557	68.497	68.537	5
2026-02-04 21:05	68.542	68.607	68.532	68.597	5
2026-02-04 21:10	68.592	68.627	68.562	68.622	5
2026-02-04 21:15	68.617	68.617	68.507	68.527	5
2026-02-04 21:20	68.522	68.562	68.462	68.547	5
2026-02-04 21:25	68.552	68.557	68.507	68.557	5
2026-02-04 21:30	68.533	68.602	68.533	68.592	5
2026-02-04 21:35	68.587	68.647	68.582	68.617	5
2026-02-04 21:40	68.612	68.687	68.592	68.677	5
2026-02-04 21:45	68.667	68.712	68.637	68.712	5
2026-02-04 21:50	68.702	68.757	68.657	68.737	5
2026-02-04 21:55	68.752	68.757	68.692	68.697	5
2026-02-05 01:00	68.670	68.670	68.325	68.540	5
2026-02-05 01:05	68.530	68.740	68.510	68.715	5
2026-02-05 01:10	68.700	68.710	68.535	68.535	5
2026-02-05 01:15	68.525	68.530	68.420	68.455	5
2026-02-05 01:20	68.450	68.515	68.395	68.515	5
2026-02-05 01:25	68.505	68.600	68.490	68.520	5
2026-02-05 01:30	68.525	68.580	68.505	68.555	5
2026-02-05 01:35	68.560	68.595	68.535	68.545	5
2026-02-05 01:40	68.550	68.550	68.460	68.480	5
2026-02-05 01:45	68.475	68.475	68.415	68.450	5
2026-02-05 01:50	68.455	68.475	68.425	68.455	5
2026-02-05 01:55	68.460	68.460	68.285	68.295	5
2026-02-05 02:00	68.290	68.325	68.225	68.295	5
2026-02-05 02:05	68.300	68.320	67.940	68.020	5
2026-02-05 02:10	68.030	68.090	67.855	67.945	5
2026-02-05 02:15	67.955	67.990	67.835	67.885	5
2026-02-05 02:20	67.880	68.095	67.870	68.065	5
2026-02-05 02:25	68.075	68.215	68.055	68.190	5
2026-02-05 02:30	68.185	68.195	68.065	68.120	5
2026-02-05 02:35	68.115	68.225	68.115	68.190	5
2026-02-05 02:40	68.185	68.255	68.105	68.175	5
2026-02-05 02:45	68.180	68.190	67.900	67.985	5
2026-02-05 02:50	67.980	68.010	67.840	67.895	5
2026-02-05 02:55	67.880	67.970	67.790	67.890	5
2026-02-05 03:00	67.900	68.030	67.690	68.030	5
2026-02-05 03:05	68.025	68.095	67.985	68.075	5
2026-02-05 03:10	68.070	68.205	68.070	68.105	5
2026-02-05 03:15	68.110	68.125	68.015	68.100	5
2026-02-05 03:20	68.105	68.150	68.050	68.065	5
2026-02-05 03:25	68.070	68.135	68.015	68.040	5
2026-02-05 03:30	68.045	68.050	67.970	68.000	5
2026-02-05 03:35	67.990	67.990	67.915	67.975	5
2026-02-05 03:40	67.990	68.085	67.970	68.080	5
2026-02-05 03:45	68.075	68.105	68.045	68.060	5
2026-02-05 03:50	68.070	68.075	68.010	68.040	5
2026-02-05 03:55	68.045	68.075	68.040	68.055	5
2026-02-05 04:00	68.060	68.105	67.940	67.940	5
2026-02-05 04:05	67.945	67.955	67.880	67.925	5
2026-02-05 04:10	67.930	67.950	67.905	67.935	5
2026-02-05 04:15	67.940	68.035	67.925	68.020	5
2026-02-05 04:20	68.025	68.030	67.935	67.935	5
2026-02-05 04:25	67.945	68.005	67.935	67.980	5
2026-02-05 04:30	67.985	68.020	67.955	68.020	5
2026-02-05 04:35	68.015	68.020	67.945	67.950	5
2026-02-05 04:40	67.960	68.035	67.960	68.030	4
2026-02-05 04:45	68.025	68.030	67.958	67.975	5
2026-02-05 04:50	67.980	68.025	67.980	68.015	5
2026-02-05 04:55	68.020	68.020	67.963	68.005	5
2026-02-05 05:00	67.990	68.015	67.970	67.990	5
2026-02-05 05:05	67.995	68.005	67.940	67.955	5
2026-02-05 05:10	67.950	67.970	67.935	67.940	5
2026-02-05 05:15	67.935	67.945	67.820	67.875	5
2026-02-05 05:20	67.885	67.935	67.875	67.885	5
2026-02-05 05:25	67.880	68.005	67.880	67.990	5
2026-02-05 05:30	67.985	67.995	67.855	67.885	5
2026-02-05 05:35	67.880	67.965	67.870	67.955	5
2026-02-05 05:40	67.960	68.070	67.955	68.060	5
2026-02-05 05:45	68.065	68.105	68.035	68.045	5
2026-02-05 05:50	68.050	68.080	68.030	68.035	5
2026-02-05 05:55	68.040	68.040	67.900	67.930	5
2026-02-05 06:00	67.935	67.960	67.905	67.940	5
2026-02-05 06:05	67.945	68.015	67.935	67.995	5
2026-02-05 06:10	68.000	68.035	67.975	68.000	5
2026-02-05 06:15	67.990	68.015	67.945	67.980	5
2026-02-05 06:20	67.975	67.990	67.940	67.960	5
2026-02-05 06:25	67.955	68.055	67.935	68.055	5
2026-02-05 06:30	68.065	68.080	68.025	68.040	5
2026-02-05 06:35	68.045	68.160	67.970	68.160	5
2026-02-05 06:40	68.150	68.185	68.065	68.095	5
2026-02-05 06:45	68.100	68.175	68.090	68.090	5
2026-02-05 06:50	68.095	68.115	68.005	68.020	5
2026-02-05 06:55	68.025	68.095	67.980	68.080	5
2026-02-05 07:00	68.095	68.140	68.020	68.085	5
2026-02-05 07:05	68.095	68.140	68.025	68.085	5
2026-02-05 07:10	68.095	68.165	68.090	68.150	5
2026-02-05 07:15	68.145	68.255	68.145	68.255	5
2026-02-05 07:20	68.260	68.300	68.160	68.190	5
2026-02-05 07:25	68.195	68.255	68.190	68.240	5
2026-02-05 07:30	68.245	68.265	68.180	68.255	5
2026-02-05 07:35	68.260	68.260	68.055	68.165	5
2026-02-05 07:40	68.155	68.235	68.115	68.230	5
2026-02-05 07:45	68.210	68.325	68.210	68.315	5
2026-02-05 07:50	68.305	68.355	68.255	68.315	5
2026-02-05 07:55	68.300	68.300	68.220	68.255	5
2026-02-05 08:00	68.223	68.380	68.223	68.355	5
2026-02-05 08:05	68.345	68.380	68.320	68.345	5
2026-02-05 08:10	68.350	68.390	68.300	68.355	5
2026-02-05 08:15	68.350	68.365	68.225	68.255	5
2026-02-05 08:20	68.250	68.355	68.235	68.275	5
2026-02-05 08:25	68.285	68.360	68.210	68.245	5
2026-02-05 08:30	68.240	68.475	68.195	68.435	5
2026-02-05 08:35	68.420	68.450	68.365	68.405	5
2026-02-05 08:40	68.385	68.425	68.360	68.385	5
2026-02-05 08:45	68.380	68.475	68.350	68.455	5
2026-02-05 08:50	68.450	68.495	68.325	68.355	5
2026-02-05 08:55	68.360	68.435	68.295	68.370	5
2026-02-05 09:00	68.375	68.375	68.190	68.330	5
2026-02-05 09:05	68.325	68.325	68.195	68.305	5
2026-02-05 09:10	68.315	68.335	68.225	68.255	5
2026-02-05 09:15	68.240	68.335	68.230	68.235	5
2026-02-05 09:20	68.240	68.465	68.225	68.455	5
2026-02-05 09:25	68.425	68.640	68.425	68.635	5
2026-02-05 09:30	68.650	68.655	68.450	68.460	5
2026-02-05 09:35	68.465	68.540	68.465	68.480	5
2026-02-05 09:40	68.490	68.525	68.410	68.415	5
2026-02-05 09:45	68.425	68.545	68.410	68.480	5
2026-02-05 09:50	68.485	68.500	68.385	68.490	5
2026-02-05 09:55	68.485	68.530	68.415	68.450	5
2026-02-05 10:00	68.440	68.510	68.385	68.495	5
2026-02-05 10:05	68.490	68.565	68.455	68.555	5
2026-02-05 10:10	68.565	68.575	68.455	68.560	5
2026-02-05 10:15	68.555	68.585	68.515	68.515	5
2026-02-05 10:20	68.525	68.585	68.475	68.530	5
2026-02-05 10:25	68.525	68.565	68.470	68.505	5
2026-02-05 10:30	68.495	68.675	68.475	68.625	5
2026-02-05 10:35	68.630	68.630	68.500	68.515	5
2026-02-05 10:40	68.525	68.555	68.485	68.535	5
2026-02-05 10:45	68.540	68.540	68.400	68.435	5
2026-02-05 10:50	68.430	68.435	68.365	68.425	5
2026-02-05 10:55	68.420	68.465	68.395	68.400	5
2026-02-05 11:00	68.380	68.545	68.325	68.490	5
2026-02-05 11:05	68.500	68.575	68.460	68.485	5
2026-02-05 11:10	68.495	68.650	68.485	68.645	5
2026-02-05 11:15	68.655	68.820	68.655	68.765	5
2026-02-05 11:20	68.760	68.775	68.630	68.665	5
2026-02-05 11:25	68.660	68.750	68.655	68.735	5
2026-02-05 11:30	68.730	68.785	68.645	68.655	5
2026-02-05 11:35	68.660	68.700	68.615	68.680	5
2026-02-05 11:40	68.670	68.670	68.410	68.455	5
2026-02-05 11:45	68.465	68.675	68.465	68.675	5
2026-02-05 11:50	68.670	68.755	68.650	68.745	5
2026-02-05 11:55	68.755	68.805	68.705	68.795	5
2026-02-05 12:00	68.805	68.920	68.805	68.855	5
2026-02-05 12:05	68.850	68.850	68.675	68.690	5
2026-02-05 12:10	68.685	68.760	68.645	68.690	5
2026-02-05 12:15	68.695	68.725	68.590	68.605	5
2026-02-05 12:20	68.600	68.605	68.350	68.355	5
2026-02-05 12:25	68.350	68.445	68.287	68.410	5
2026-02-05 12:30	68.405	68.405	68.195	68.215	5
2026-02-05 12:35	68.210	68.245	68.040	68.095	5
2026-02-05 12:40	68.105	68.105	67.885	67.890	5
2026-02-05 12:45	67.885	68.005	67.865	67.945	5
2026-02-05 12:50	67.935	68.105	67.930	68.100	5
2026-02-05 12:55	68.090	68.115	68.035	68.080	5
2026-02-05 13:00	68.033	68.033	67.725	67.845	5
2026-02-05 13:05	67.840	68.035	67.840	68.015	5
2026-02-05 13:10	68.025	68.095	68.025	68.080	5
2026-02-05 13:15	68.075	68.190	68.055	68.065	5
2026-02-05 13:20	68.070	68.265	68.060	68.100	5
2026-02-05 13:25	68.105	68.110	67.925	67.975	5
2026-02-05 13:30	67.913	68.000	67.895	68.000	5
2026-02-05 13:35	67.990	68.055	67.825	67.845	5
2026-02-05 13:40	67.840	67.925	67.705	67.730	5
2026-02-05 13:45	67.735	67.765	67.495	67.505	5
2026-02-05 13:50	67.520	67.705	67.510	67.680	5
2026-02-05 13:55	67.675	67.775	67.600	67.610	5
2026-02-05 14:00	67.568	67.765	67.560	67.700	5
2026-02-05 14:05	67.695	67.775	67.585	67.635	5
2026-02-05 14:10	67.640	67.715	67.270	67.270	5
2026-02-05 14:15	67.275	67.460	67.225	67.435	5
2026-02-05 14:20	67.430	67.610	67.410	67.565	5
2026-02-05 14:25	67.575	67.770	67.565	67.710	5
2026-02-05 14:30	67.695	67.830	67.505	67.605	5
2026-02-05 14:35	67.600	67.685	67.450	67.580	5
2026-02-05 14:40	67.575	67.715	67.530	67.655	5
2026-02-05 14:45	67.650	67.840	67.583	67.825	5
2026-02-05 14:50	67.820	67.885	67.765	67.795	5
2026-02-05 14:55	67.790	67.880	67.735	67.785	5
2026-02-05 15:00	67.743	67.815	67.575	67.690	5
2026-02-05 15:05	67.685	67.755	67.590	67.730	5
2026-02-05 15:10	67.725	67.795	67.555	67.570	5
2026-02-05 15:15	67.565	67.780	67.555	67.615	5
2026-02-05 15:20	67.610	67.625	67.300	67.345	5
2026-02-05 15:25	67.340	67.465	67.205	67.260	5
2026-02-05 15:30	67.265	67.300	66.975	66.975	5
2026-02-05 15:35	66.985	67.145	66.910	67.130	5
2026-02-05 15:40	67.135	67.260	67.110	67.210	5
2026-02-05 15:45	67.163	67.265	67.105	67.170	5
2026-02-05 15:50	67.165	67.310	67.090	67.185	5
2026-02-05 15:55	67.180	67.320	67.165	67.270	5
2026-02-05 16:00	67.233	67.385	67.233	67.365	5
2026-02-05 16:05	67.360	67.410	67.260	67.365	5
2026-02-05 16:10	67.360	67.500	66.985	67.085	5
2026-02-05 16:15	67.070	67.255	67.070	67.115	5
2026-02-05 16:20	67.125	67.365	67.115	67.360	5
2026-02-05 16:25	67.365	67.415	67.300	67.395	5
2026-02-05 16:30	67.385	67.540	67.343	67.430	5
2026-02-05 16:35	67.435	67.565	67.410	67.425	5
2026-02-05 16:40	67.430	67.650	67.385	67.635	5
2026-02-05 16:45	67.625	67.665	67.570	67.665	5
2026-02-05 16:50	67.660	67.795	67.660	67.720	5
2026-02-05 16:55	67.715	67.805	67.690	67.775	5
2026-02-05 17:00	67.790	67.800	67.635	67.680	5
2026-02-05 17:05	67.685	67.745	67.615	67.650	5
2026-02-05 17:10	67.655	67.705	67.595	67.625	5
2026-02-05 17:15	67.615	67.720	67.565	67.715	5
2026-02-05 17:20	67.705	67.810	67.660	67.810	5
2026-02-05 17:25	67.815	67.835	67.725	67.735	5
2026-02-05 17:30	67.745	67.830	67.680	67.765	5
2026-02-05 17:35	67.760	67.880	67.755	67.810	5
2026-02-05 17:40	67.805	67.950	67.805	67.860	5
2026-02-05 17:45	67.855	67.895	67.825	67.850	5
2026-02-05 17:50	67.855	68.060	67.810	67.815	5
2026-02-05 17:55	67.805	67.885	67.745	67.805	5
2026-02-05 18:00	67.795	67.895	67.775	67.870	5
2026-02-05 18:05	67.875	67.900	67.775	67.775	5
2026-02-05 18:10	67.785	67.815	67.745	67.785	5
2026-02-05 18:15	67.800	67.810	67.625	67.635	5
2026-02-05 18:20	67.630	67.660	67.535	67.605	5
2026-02-05 18:25	67.610	67.705	67.575	67.585	5
2026-02-05 18:30	67.590	67.700	67.590	67.600	5
2026-02-05 18:35	67.605	67.655	67.545	67.575	5
2026-02-05 18:40	67.565	67.715	67.560	67.675	5
2026-02-05 18:45	67.685	67.725	67.655	67.660	5
2026-02-05 18:50	67.655	67.655	67.535	67.565	5
2026-02-05 18:55	67.555	67.650	67.535	67.605	5
2026-02-05 19:00	67.595	67.645	67.535	67.540	5
2026-02-05 19:05	67.535	67.675	67.525	67.655	5
2026-02-05 19:10	67.650	67.675	67.605	67.625	5
2026-02-05 19:15	67.630	67.700	67.620	67.685	5
2026-02-05 19:20	67.695	67.705	67.605	67.635	5
2026-02-05 19:25	67.640	67.675	67.445	67.505	5
2026-02-05 19:30	67.510	67.525	67.345	67.405	5
2026-02-05 19:35	67.400	67.400	67.183	67.335	5
2026-02-05 19:40	67.340	67.405	67.320	67.360	5
2026-02-05 19:45	67.370	67.475	67.365	67.475	5
2026-02-05 19:50	67.470	67.490	67.375	67.435	5
2026-02-05 19:55	67.445	67.460	67.405	67.435	5
2026-02-05 20:00	67.445	67.510	67.410	67.490	5
2026-02-05 20:05	67.495	67.600	67.455	67.590	5
2026-02-05 20:10	67.595	67.690	67.565	67.680	5
2026-02-05 20:15	67.675	67.690	67.575	67.635	5
2026-02-05 20:20	67.630	67.665	67.605	67.610	5
2026-02-05 20:25	67.625	67.660	67.605	67.610	5
2026-02-05 20:30	67.620	67.675	67.605	67.610	5
2026-02-05 20:35	67.605	67.615	67.535	67.550	5
2026-02-05 20:40	67.545	67.565	67.495	67.520	5
2026-02-05 20:45	67.515	67.525	67.460	67.470	5
2026-02-05 20:50	67.475	67.495	67.405	67.420	5
2026-02-05 20:55	67.440	67.530	67.420	67.525	5
2026-02-05 21:00	67.520	67.527	67.482	67.497	5
2026-02-05 21:05	67.502	67.502	67.427	67.432	5
2026-02-05 21:10	67.427	67.442	67.417	67.422	5
2026-02-05 21:15	67.427	67.427	67.322	67.332	5
2026-02-05 21:20	67.322	67.347	67.302	67.312	5
2026-02-05 21:25	67.317	67.317	67.247	67.282	5
2026-02-05 21:30	67.272	67.272	67.237	67.262	5
2026-02-05 21:35	67.267	67.317	67.262	67.302	5
2026-02-05 21:40	67.307	67.377	67.277	67.377	5
2026-02-05 21:45	67.382	67.407	67.322	67.327	5
2026-02-05 21:50	67.322	67.462	67.287	67.307	5
2026-02-05 21:55	67.312	67.352	67.287	67.347	5
2026-02-06 01:00	67.190	67.220	67.010	67.130	5
2026-02-06 01:05	67.125	67.225	67.100	67.140	5
2026-02-06 01:10	67.130	67.200	67.120	67.160	5
2026-02-06 01:15	67.150	67.245	67.005	67.010	5
2026-02-06 01:20	67.000	67.045	66.900	66.940	5
2026-02-06 01:25	66.930	66.950	66.860	66.890	5
2026-02-06 01:30	66.900	66.995	66.860	66.950	5
2026-02-06 01:35	66.955	67.030	66.910	66.945	5
2026-02-06 01:40	66.950	67.040	66.945	67.035	5
2026-02-06 01:45	67.030	67.265	67.025	67.220	5
2026-02-06 01:50	67.215	67.290	67.195	67.280	5
2026-02-06 01:55	67.275	67.375	67.260	67.290	5
2026-02-06 02:00	67.295	67.365	67.245	67.330	5
2026-02-06 02:05	67.325	67.390	67.295	67.390	5
2026-02-06 02:10	67.385	67.615	67.365	67.580	5
2026-02-06 02:15	67.570	67.610	67.500	67.525	5
2026-02-06 02:20	67.520	67.555	67.480	67.555	5
2026-02-06 02:25	67.550	67.650	67.535	67.635	5
2026-02-06 02:30	67.630	67.995	67.625	67.975	5
2026-02-06 02:35	67.990	68.100	67.910	67.940	5
2026-02-06 02:40	67.935	67.955	67.735	67.830	5
2026-02-06 02:45	67.835	67.865	67.740	67.755	5
2026-02-06 02:50	67.750	67.755	67.615	67.660	5
2026-02-06 02:55	67.665	67.670	67.555	67.585	5
2026-02-06 03:00	67.570	67.700	67.550	67.685	5
2026-02-06 03:05	67.675	67.755	67.665	67.690	5
2026-02-06 03:10	67.695	67.700	67.610	67.625	5
2026-02-06 03:15	67.620	67.745	67.620	67.700	5
2026-02-06 03:20	67.695	67.735	67.675	67.680	5
2026-02-06 03:25	67.685	67.785	67.670	67.755	5
2026-02-06 03:30	67.760	67.775	67.705	67.725	5
2026-02-06 03:35	67.730	67.790	67.675	67.700	5
2026-02-06 03:40	67.695	67.720	67.665	67.715	5
2026-02-06 03:45	67.720	67.780	67.720	67.780	5
2026-02-06 03:50	67.785	67.805	67.750	67.800	5
2026-02-06 03:55	67.795	67.860	67.765	67.850	5
2026-02-06 04:00	67.855	67.940	67.855	67.920	5
2026-02-06 04:05	67.925	67.930	67.865	67.875	5
2026-02-06 04:10	67.865	67.910	67.835	67.890	5
2026-02-06 04:15	67.880	67.910	67.840	67.875	5
2026-02-06 04:20	67.865	67.895	67.840	67.885	5
2026-02-06 04:25	67.890	67.945	67.875	67.935	5
2026-02-06 04:30	67.930	67.930	67.865	67.885	5
2026-02-06 04:35	67.880	67.905	67.875	67.900	5
2026-02-06 04:40	67.905	67.905	67.858	67.858	5
2026-02-06 04:45	67.900	67.905	67.860	67.860	5
2026-02-06 04:50	67.870	67.870	67.815	67.825	5
2026-02-06 04:55	67.830	67.875	67.830	67.870	5
2026-02-06 05:00	67.875	67.905	67.840	67.870	5
2026-02-06 05:05	67.865	67.890	67.845	67.860	5
2026-02-06 05:10	67.865	67.890	67.840	67.890	5
2026-02-06 05:15	67.895	67.895	67.860	67.870	5
2026-02-06 05:20	67.875	67.925	67.865	67.925	5
2026-02-06 05:25	67.935	68.035	67.930	68.005	5
2026-02-06 05:30	67.995	68.145	67.950	68.120	5
2026-02-06 05:35	68.125	68.265	68.070	68.175	5
2026-02-06 05:40	68.180	68.435	68.180	68.405	5
2026-02-06 05:45	68.400	68.500	68.320	68.350	5
2026-02-06 05:50	68.345	68.350	68.220	68.315	5
2026-02-06 05:55	68.320	68.370	68.270	68.320	5
2026-02-06 06:00	68.330	68.370	68.245	68.300	5
2026-02-06 06:05	68.305	68.515	68.210	68.505	5
2026-02-06 06:10	68.495	68.575	68.375	68.455	5
2026-02-06 06:15	68.450	68.465	68.350	68.405	5
2026-02-06 06:20	68.400	68.470	68.355	68.370	5
2026-02-06 06:25	68.380	68.410	68.275	68.340	5
2026-02-06 06:30	68.345	68.375	68.295	68.305	5
2026-02-06 06:35	68.295	68.360	68.245	68.285	5
2026-02-06 06:40	68.275	68.330	68.240	68.315	5
2026-02-06 06:45	68.310	68.335	68.255	68.305	5
2026-02-06 06:50	68.310	68.315	68.205	68.270	5
2026-02-06 06:55	68.275	68.325	68.260	68.300	5
2026-02-06 07:00	68.330	68.420	68.260	68.400	5
2026-02-06 07:05	68.405	68.470	68.353	68.355	5
2026-02-06 07:10	68.345	68.395	68.335	68.340	5
2026-02-06 07:15	68.345	68.365	68.300	68.340	5
2026-02-06 07:20	68.335	68.405	68.300	68.360	5
2026-02-06 07:25	68.365	68.455	68.365	68.365	5
2026-02-06 07:30	68.355	68.490	68.335	68.395	5
2026-02-06 07:35	68.400	68.440	68.330	68.345	5
2026-02-06 07:40	68.350	68.365	68.240	68.315	5
2026-02-06 07:45	68.325	68.395	68.285	68.365	5
2026-02-06 07:50	68.355	68.400	68.320	68.325	5
2026-02-06 07:55	68.315	68.425	68.315	68.405	5
2026-02-06 08:00	68.358	68.405	68.205	68.275	5
2026-02-06 08:05	68.270	68.285	68.155	68.160	5
2026-02-06 08:10	68.165	68.265	68.145	68.230	5
2026-02-06 08:15	68.235	68.275	68.155	68.210	5
2026-02-06 08:20	68.205	68.350	68.175	68.325	5
2026-02-06 08:25	68.320	68.350	68.135	68.165	5
2026-02-06 08:30	68.170	68.355	68.145	68.325	5
2026-02-06 08:35	68.335	68.390	68.300	68.375	5
2026-02-06 08:40	68.370	68.395	67.865	68.095	5
2026-02-06 08:45	68.090	68.290	68.080	68.250	5
2026-02-06 08:50	68.245	68.380	68.240	68.345	5
2026-02-06 08:55	68.365	68.400	68.235	68.295	5
2026-02-06 09:00	68.275	68.315	68.195	68.260	5
2026-02-06 09:05	68.265	68.295	68.165	68.265	5
2026-02-06 09:10	68.260	68.460	68.260	68.400	5
2026-02-06 09:15	68.395	68.750	68.380	68.710	5
2026-02-06 09:20	68.705	68.795	68.350	68.510	5
2026-02-06 09:25	68.500	68.725	68.500	68.635	5
2026-02-06 09:30	68.610	68.705	68.340	68.580	5
2026-02-06 09:35	68.570	68.627	68.430	68.475	5
2026-02-06 09:40	68.470	68.480	68.335	68.345	5
2026-02-06 09:45	68.335	68.440	68.103	68.325	5
2026-02-06 09:50	68.330	68.440	68.245	68.365	5
2026-02-06 09:55	68.360	68.485	68.293	68.430	5
2026-02-06 10:00	68.405	68.430	68.240	68.305	5
2026-02-06 10:05	68.310	68.310	67.905	68.080	5
2026-02-06 10:10	68.085	68.165	68.035	68.075	5
2026-02-06 10:15	68.070	68.115	67.950	67.965	5
2026-02-06 10:20	67.950	67.975	67.810	67.915	5
2026-02-06 10:25	67.905	68.025	67.855	67.945	5
2026-02-06 10:30	67.940	68.015	67.770	67.780	5
2026-02-06 10:35	67.775	67.885	67.735	67.815	5
2026-02-06 10:40	67.800	67.830	67.655	67.665	5
2026-02-06 10:45	67.675	67.710	67.565	67.580	5
2026-02-06 10:50	67.575	67.705	67.525	67.605	5
2026-02-06 10:55	67.595	67.655	67.505	67.650	5
2026-02-06 11:00	67.680	67.745	67.565	67.565	5
2026-02-06 11:05	67.570	67.615	67.505	67.610	5
2026-02-06 11:10	67.605	67.760	67.580	67.715	5
2026-02-06 11:15	67.705	67.745	67.520	67.575	5
2026-02-06 11:20	67.585	67.630	67.520	67.555	5
2026-02-06 11:25	67.540	67.555	67.455	67.515	5
2026-02-06 11:30	67.530	67.665	67.530	67.600	5
2026-02-06 11:35	67.595	67.660	67.545	67.625	5
2026-02-06 11:40	67.630	67.705	67.590	67.665	5
2026-02-06 11:45	67.655	67.915	67.600	67.665	5
2026-02-06 11:50	67.650	67.710	67.068	67.365	5
2026-02-06 11:55	67.360	67.565	67.295	67.520	5
2026-02-06 12:00	67.495	67.500	67.310	67.380	5
2026-02-06 12:05	67.395	67.510	67.360	67.470	5
2026-02-06 12:10	67.460	67.475	67.300	67.305	5
2026-02-06 12:15	67.295	67.335	66.965	67.165	5
2026-02-06 12:20	67.155	67.300	67.110	67.285	5
2026-02-06 12:25	67.295	67.360	67.255	67.315	5
2026-02-06 12:30	67.310	67.500	67.290	67.430	5
2026-02-06 12:35	67.435	67.485	67.350	67.360	5
2026-02-06 12:40	67.350	67.490	67.293	67.480	5
2026-02-06 12:45	67.465	67.465	67.300	67.350	5
2026-02-06 12:50	67.345	67.420	67.345	67.390	5
2026-02-06 12:55	67.395	67.400	67.295	67.310	5
2026-02-06 13:00	67.253	67.420	67.140	67.300	5
2026-02-06 13:05	67.295	67.540	67.295	67.460	5
2026-02-06 13:10	67.475	67.580	67.445	67.465	5
2026-02-06 13:15	67.470	67.515	67.315	67.370	5
2026-02-06 13:20	67.380	67.510	67.380	67.465	5
2026-02-06 13:25	67.450	67.557	67.370	67.415	5
2026-02-06 13:30	67.420	67.680	67.415	67.620	5
2026-02-06 13:35	67.610	67.888	67.113	67.330	5
2026-02-06 13:40	67.335	67.350	66.978	67.235	5
2026-02-06 13:45	67.240	67.355	67.130	67.155	5
2026-02-06 13:50	67.160	67.185	67.050	67.120	5
2026-02-06 13:55	67.125	67.235	66.533	66.700	5
2026-02-06 14:00	66.653	66.965	66.585	66.740	5
2026-02-06 14:05	66.745	67.070	66.685	67.060	5
2026-02-06 14:10	67.085	67.165	66.980	67.115	5
2026-02-06 14:15	67.120	67.125	66.915	66.920	5
2026-02-06 14:20	66.925	67.140	66.925	67.020	5
2026-02-06 14:25	67.015	67.255	67.000	67.240	5
2026-02-06 14:30	67.235	67.520	67.160	67.480	5
2026-02-06 14:35	67.490	67.490	67.315	67.355	5
2026-02-06 14:40	67.365	67.640	67.340	67.565	5
2026-02-06 14:45	67.570	67.615	67.425	67.550	5
2026-02-06 14:50	67.545	67.695	67.520	67.525	5
2026-02-06 14:55	67.565	67.925	67.550	67.800	5
2026-02-06 15:00	67.805	67.975	67.785	67.875	5
2026-02-06 15:05	67.880	68.005	67.865	67.950	5
2026-02-06 15:10	67.955	68.195	67.955	68.120	5
2026-02-06 15:15	68.115	68.170	67.985	68.050	5
2026-02-06 15:20	68.055	68.225	68.040	68.180	5
2026-02-06 15:25	68.175	68.225	68.135	68.215	5
2026-02-06 15:30	68.210	68.365	68.135	68.255	5
2026-02-06 15:35	68.265	68.305	67.790	68.115	5
2026-02-06 15:40	68.110	68.205	68.005	68.110	5
2026-02-06 15:45	68.115	68.280	68.000	68.270	5
2026-02-06 15:50	68.285	68.505	68.270	68.405	5
2026-02-06 15:55	68.400	68.415	68.288	68.340	5
2026-02-06 16:00	68.350	68.355	68.210	68.265	5
2026-02-06 16:05	68.270	68.345	68.125	68.345	5
2026-02-06 16:10	68.335	68.445	68.335	68.375	5
2026-02-06 16:15	68.380	68.525	68.365	68.495	5
2026-02-06 16:20	68.490	68.515	68.395	68.400	5
2026-02-06 16:25	68.405	68.555	68.355	68.495	5
2026-02-06 16:30	68.500	68.575	68.440	68.490	5
2026-02-06 16:35	68.485	68.565	68.410	68.505	5
2026-02-06 16:40	68.510	68.540	68.315	68.385	5
2026-02-06 16:45	68.395	68.455	68.350	68.365	5
2026-02-06 16:50	68.375	68.515	68.375	68.505	5
2026-02-06 16:55	68.495	68.565	68.465	68.485	5
2026-02-06 17:00	68.460	68.545	68.425	68.515	5
2026-02-06 17:05	68.505	68.595	68.505	68.540	5
2026-02-06 17:10	68.555	68.635	68.540	68.590	5
2026-02-06 17:15	68.585	68.740	68.585	68.715	5
2026-02-06 17:20	68.725	68.735	68.655	68.675	5
2026-02-06 17:25	68.680	68.695	68.635	68.675	5
2026-02-06 17:30	68.680	68.705	68.660	68.680	5
2026-02-06 17:35	68.685	68.705	68.585	68.610	5
2026-02-06 17:40	68.605	68.745	68.605	68.625	5
2026-02-06 17:45	68.620	68.755	68.575	68.725	5
2026-02-06 17:50	68.735	68.790	68.690	68.725	5
2026-02-06 17:55	68.715	68.755	68.690	68.725	5
2026-02-06 18:00	68.730	68.755	68.645	68.720	5
2026-02-06 18:05	68.725	68.730	68.665	68.705	5
2026-02-06 18:10	68.695	68.805	68.695	68.800	5
2026-02-06 18:15	68.795	68.805	68.735	68.745	5
2026-02-06 18:20	68.730	68.735	68.290	68.605	5
2026-02-06 18:25	68.615	68.685	68.605	68.640	5
2026-02-06 18:30	68.630	68.645	68.480	68.525	5
2026-02-06 18:35	68.530	68.605	68.425	68.540	5
2026-02-06 18:40	68.535	68.540	68.455	68.500	5
2026-02-06 18:45	68.485	68.595	68.485	68.535	5
2026-02-06 18:50	68.530	68.540	68.485	68.505	5
2026-02-06 18:55	68.515	68.525	68.435	68.470	5
2026-02-06 19:00	68.455	68.460	68.265	68.265	5
2026-02-06 19:05	68.255	68.390	68.255	68.340	5
2026-02-06 19:10	68.350	68.370	68.155	68.180	5
2026-02-06 19:15	68.175	68.235	68.140	68.165	5
2026-02-06 19:20	68.160	68.175	68.035	68.035	5
2026-02-06 19:25	68.040	68.120	67.955	68.050	5
2026-02-06 19:30	68.055	68.055	67.950	67.980	5
2026-02-06 19:35	67.985	68.005	67.935	67.965	5
2026-02-06 19:40	67.955	67.990	67.900	67.975	5
2026-02-06 19:45	67.985	67.995	67.940	67.965	5
2026-02-06 19:50	67.960	67.980	67.915	67.915	5
2026-02-06 19:55	67.925	67.945	67.845	67.860	5
2026-02-06 20:00	67.855	67.860	67.795	67.820	5
2026-02-06 20:05	67.825	67.840	67.785	67.805	5
2026-02-06 20:10	67.810	67.875	67.800	67.850	5
2026-02-06 20:15	67.855	67.900	67.845	67.870	5
2026-02-06 20:20	67.865	67.910	67.720	67.810	5
2026-02-06 20:25	67.805	67.885	67.805	67.845	5
2026-02-06 20:30	67.835	67.835	67.750	67.775	5
2026-02-06 20:35	67.760	67.795	67.710	67.765	5
2026-02-06 20:40	67.770	67.835	67.770	67.815	5
2026-02-06 20:45	67.810	67.845	67.810	67.845	5
2026-02-06 20:50	67.850	67.910	67.850	67.865	5
2026-02-06 20:55	67.870	67.930	67.850	67.905	5
2026-02-06 21:00	67.910	67.912	67.847	67.907	5
2026-02-06 21:05	67.897	67.897	67.767	67.867	5
2026-02-06 21:10	67.857	67.912	67.852	67.907	5
2026-02-06 21:15	67.902	67.932	67.897	67.907	5
2026-02-06 21:20	67.902	67.917	67.872	67.897	5
2026-02-06 21:25	67.887	67.922	67.872	67.882	5
2026-02-06 21:30	67.877	67.877	67.852	67.872	5
2026-02-06 21:35	67.848	67.848	67.807	67.847	5
2026-02-06 21:40	67.837	67.912	67.832	67.912	5
2026-02-06 21:45	67.902	67.902	67.812	67.827	5
2026-02-06 21:50	67.832	67.882	67.827	67.852	5
2026-02-06 21:55	67.847	67.872	67.827	67.867	5
2026-02-09 01:00	67.542	67.680	67.475	67.650	5
2026-02-09 01:05	67.655	67.685	67.580	67.590	5
2026-02-09 01:10	67.585	67.630	67.570	67.630	5
2026-02-09 01:15	67.625	67.650	67.570	67.595	5
2026-02-09 01:20	67.585	67.595	67.535	67.555	5
2026-02-09 01:25	67.545	67.630	67.540	67.590	5
2026-02-09 01:30	67.585	67.615	67.530	67.545	5
2026-02-09 01:35	67.540	67.565	67.495	67.530	5
2026-02-09 01:40	67.540	67.655	67.540	67.645	5
2026-02-09 01:45	67.650	67.655	67.585	67.620	5
2026-02-09 01:50	67.625	67.685	67.615	67.685	5
2026-02-09 01:55	67.695	67.710	67.615	67.635	5
2026-02-09 02:00	67.640	67.715	67.565	67.580	5
2026-02-09 02:05	67.590	67.630	67.445	67.490	5
2026-02-09 02:10	67.485	67.565	67.480	67.540	5
2026-02-09 02:15	67.545	67.555	67.520	67.540	5
2026-02-09 02:20	67.545	67.545	67.475	67.510	5
2026-02-09 02:25	67.515	67.530	67.485	67.485	5
2026-02-09 02:30	67.495	67.510	67.405	67.405	5
2026-02-09 02:35	67.395	67.395	67.325	67.350	5
2026-02-09 02:40	67.340	67.340	67.270	67.320	5
2026-02-09 02:45	67.325	67.405	67.258	67.400	5
2026-02-09 02:50	67.405	67.475	67.400	67.410	5
2026-02-09 02:55	67.415	67.420	67.355	67.375	5
2026-02-09 03:00	67.385	67.435	67.385	67.385	5
2026-02-09 03:05	67.395	67.435	67.385	67.430	5
2026-02-09 03:10	67.435	67.480	67.430	67.435	5
2026-02-09 03:15	67.425	67.435	67.355	67.365	5
2026-02-09 03:20	67.370	67.415	67.355	67.415	5
2026-02-09 03:25	67.420	67.425	67.380	67.395	5
2026-02-09 03:30	67.390	67.445	67.360	67.360	5
2026-02-09 03:35	67.355	67.365	67.305	67.310	5
2026-02-09 03:40	67.315	67.365	67.315	67.350	5
2026-02-09 03:45	67.345	67.400	67.345	67.390	5
2026-02-09 03:50	67.385	67.420	67.385	67.405	5
2026-02-09 03:55	67.400	67.405	67.380	67.390	5
2026-02-09 04:00	67.395	67.435	67.345	67.360	5
2026-02-09 04:05	67.365	67.385	67.360	67.370	5
2026-02-09 04:10	67.380	67.395	67.365	67.390	4
2026-02-09 04:15	67.385	67.405	67.358	67.390	5
2026-02-09 04:20	67.395	67.395	67.328	67.345	5
2026-02-09 04:25	67.350	67.365	67.303	67.350	4
2026-02-09 04:30	67.345	67.365	67.288	67.330	5
2026-02-09 04:35	67.320	67.340	67.295	67.335	4
2026-02-09 04:40	67.340	67.375	67.318	67.360	5
2026-02-09 04:45	67.365	67.395	67.360	67.365	4
2026-02-09 04:50	67.360	67.385	67.350	67.355	5
2026-02-09 04:55	67.308	67.390	67.308	67.360	5
2026-02-09 05:00	67.355	67.370	67.335	67.355	5
2026-02-09 05:05	67.350	67.365	67.335	67.360	5
2026-02-09 05:10	67.365	67.405	67.355	67.375	5
2026-02-09 05:15	67.365	67.390	67.338	67.360	5
2026-02-09 05:20	67.313	67.395	67.313	67.385	5
2026-02-09 05:25	67.380	67.385	67.370	67.370	5
2026-02-09 05:30	67.380	67.430	67.340	67.365	5
2026-02-09 05:35	67.370	67.380	67.350	67.355	5
2026-02-09 05:40	67.365	67.375	67.275	67.285	5
2026-02-09 05:45	67.275	67.290	67.180	67.215	5
2026-02-09 05:50	67.220	67.325	67.205	67.320	5
2026-02-09 05:55	67.325	67.350	67.300	67.310	5
2026-02-09 06:00	67.305	67.315	67.220	67.290	5
2026-02-09 06:05	67.295	67.305	67.280	67.305	5
2026-02-09 06:10	67.310	67.360	67.275	67.320	5
2026-02-09 06:15	67.315	67.355	67.270	67.300	5
2026-02-09 06:20	67.295	67.315	67.265	67.295	5
2026-02-09 06:25	67.290	67.310	67.280	67.310	5
2026-02-09 06:30	67.305	67.365	67.300	67.325	5
2026-02-09 06:35	67.330	67.400	67.325	67.395	5
2026-02-09 06:40	67.400	67.405	67.285	67.290	5
2026-02-09 06:45	67.285	67.315	67.275	67.300	5
2026-02-09 06:50	67.295	67.310	67.275	67.305	5
2026-02-09 06:55	67.300	67.325	67.270	67.310	5
2026-02-09 07:00	67.315	67.315	67.180	67.230	5
2026-02-09 07:05	67.225	67.315	67.225	67.310	5
2026-02-09 07:10	67.305	67.310	67.255	67.275	5
2026-02-09 07:15	67.270	67.330	67.260	67.285	5
2026-02-09 07:20	67.275	67.290	67.255	67.275	5
2026-02-09 07:25	67.270	67.295	67.200	67.260	5
2026-02-09 07:30	67.265	67.290	67.205	67.225	5
2026-02-09 07:35	67.215	67.250	67.140	67.145	5
2026-02-09 07:40	67.140	67.180	67.140	67.170	5
2026-02-09 07:45	67.180	67.235	67.175	67.210	5
2026-02-09 07:50	67.200	67.205	67.155	67.175	5
2026-02-09 07:55	67.165	67.205	67.135	67.190	5
2026-02-09 08:00	67.195	67.335	67.195	67.285	5
2026-02-09 08:05	67.270	67.350	67.195	67.250	5
2026-02-09 08:10	67.245	67.310	67.195	67.295	5
2026-02-09 08:15	67.300	67.565	67.295	67.560	5
2026-02-09 08:20	67.565	67.605	67.480	67.485	5
2026-02-09 08:25	67.490	67.520	67.390	67.465	5
2026-02-09 08:30	67.475	67.590	67.445	67.465	5
2026-02-09 08:35	67.450	67.475	67.335	67.350	5
2026-02-09 08:40	67.345	67.385	67.295	67.355	5
2026-02-09 08:45	67.360	67.455	67.320	67.415	5
2026-02-09 08:50	67.410	67.455	67.365	67.385	5
2026-02-09 08:55	67.380	67.425	67.355	67.390	5
2026-02-09 09:00	67.397	67.545	67.355	67.540	5
2026-02-09 09:05	67.545	67.605	67.495	67.520	5
2026-02-09 09:10	67.525	67.650	67.525	67.575	5
2026-02-09 09:15	67.570	67.655	67.550	67.650	5
2026-02-09 09:20	67.645	67.655	67.515	67.615	5
2026-02-09 09:25	67.605	67.680	67.560	67.580	5
2026-02-09 09:30	67.575	67.585	67.495	67.545	5
2026-02-09 09:35	67.550	67.565	67.455	67.475	5
2026-02-09 09:40	67.470	67.475	67.335	67.360	5
2026-02-09 09:45	67.365	67.410	67.235	67.300	5
2026-02-09 09:50	67.305	67.340	67.225	67.235	5
2026-02-09 09:55	67.240	67.385	67.225	67.375	5
2026-02-09 10:00	67.385	67.485	67.335	67.460	5
2026-02-09 10:05	67.455	67.565	67.425	67.505	5
2026-02-09 10:10	67.510	67.610	67.455	67.610	5
2026-02-09 10:15	67.605	67.845	67.585	67.825	5
2026-02-09 10:20	67.830	67.945	67.810	67.895	5
2026-02-09 10:25	67.900	68.165	67.875	68.150	5
2026-02-09 10:30	68.155	68.185	68.005	68.005	5
2026-02-09 10:35	68.010	68.175	67.955	68.105	5
2026-02-09 10:40	68.095	68.235	68.085	68.185	5
2026-02-09 10:45	68.180	68.230	68.175	68.175	5
2026-02-09 10:50	68.170	68.235	68.140	68.230	5
2026-02-09 10:55	68.235	68.335	68.225	68.315	5
2026-02-09 11:00	68.238	68.285	68.190	68.230	5
2026-02-09 11:05	68.235	68.295	68.155	68.170	5
2026-02-09 11:10	68.175	68.235	68.165	68.215	5
2026-02-09 11:15	68.220	68.265	68.200	68.205	5
2026-02-09 11:20	68.215	68.265	68.190	68.235	5
2026-02-09 11:25	68.245	68.305	68.215	68.295	5
2026-02-09 11:30	68.275	68.315	68.245	68.300	5
2026-02-09 11:35	68.290	68.295	68.225	68.285	5
2026-02-09 11:40	68.295	68.305	68.215	68.230	5
2026-02-09 11:45	68.240	68.305	67.965	68.085	5
2026-02-09 11:50	68.100	68.240	68.090	68.240	5
2026-02-09 11:55	68.235	68.305	68.180	68.295	5
2026-02-09 12:00	68.315	68.325	68.225	68.285	5
2026-02-09 12:05	68.295	68.355	68.280	68.330	5
2026-02-09 12:10	68.320	68.405	68.300	68.325	5
2026-02-09 12:15	68.315	68.365	68.275	68.315	5
2026-02-09 12:20	68.320	68.335	68.255	68.280	5
2026-02-09 12:25	68.270	68.295	68.185	68.190	5
2026-02-09 12:30	68.170	68.265	68.170	68.255	5
2026-02-09 12:35	68.250	68.265	68.180	68.190	5
2026-02-09 12:40	68.195	68.265	68.195	68.255	5
2026-02-09 12:45	68.260	68.260	68.165	68.200	5
2026-02-09 12:50	68.205	68.265	68.175	68.250	5
2026-02-09 12:55	68.240	68.265	68.185	68.215	5
2026-02-09 13:00	68.225	68.230	67.960	68.100	5
2026-02-09 13:05	68.095	68.140	68.010	68.060	5
2026-02-09 13:10	68.065	68.145	68.035	68.045	5
2026-02-09 13:15	68.030	68.160	68.025	68.085	5
2026-02-09 13:20	68.095	68.125	68.050	68.110	5
2026-02-09 13:25	68.115	68.120	67.960	68.005	5
2026-02-09 13:30	68.010	68.015	67.753	67.785	5
2026-02-09 13:35	67.780	67.835	67.740	67.780	5
2026-02-09 13:40	67.775	67.835	67.765	67.775	5
2026-02-09 13:45	67.780	67.852	67.725	67.765	5
2026-02-09 13:50	67.770	67.785	67.700	67.725	5
2026-02-09 13:55	67.735	67.765	67.700	67.725	5
2026-02-09 14:00	67.715	67.820	67.665	67.795	5
2026-02-09 14:05	67.790	67.820	67.705	67.760	5
2026-02-09 14:10	67.755	67.755	67.640	67.665	5
2026-02-09 14:15	67.670	67.735	67.585	67.725	5
2026-02-09 14:20	67.720	67.840	67.715	67.810	5
2026-02-09 14:25	67.815	67.915	67.815	67.855	5
2026-02-09 14:30	67.865	67.980	67.783	67.980	5
2026-02-09 14:35	67.970	68.435	67.940	68.365	5
2026-02-09 14:40	68.360	68.650	68.290	68.575	5
2026-02-09 14:45	68.565	68.795	68.525	68.765	5
2026-02-09 14:50	68.760	68.785	68.625	68.680	5
2026-02-09 14:55	68.675	68.680	68.420	68.580	5
2026-02-09 15:00	68.575	68.635	68.445	68.620	5
2026-02-09 15:05	68.625	68.670	68.505	68.585	5
2026-02-09 15:10	68.590	68.650	68.555	68.565	5
2026-02-09 15:15	68.503	68.645	68.480	68.560	5
2026-02-09 15:20	68.565	68.615	68.510	68.565	5
2026-02-09 15:25	68.575	68.660	68.545	68.635	5
2026-02-09 15:30	68.645	68.775	68.620	68.740	5
2026-02-09 15:35	68.745	68.755	68.610	68.615	5
2026-02-09 15:40	68.620	68.735	68.605	68.725	5
2026-02-09 15:45	68.730	68.755	68.675	68.715	5
2026-02-09 15:50	68.725	68.780	68.670	68.765	5
2026-02-09 15:55	68.770	68.795	68.725	68.740	5
2026-02-09 16:00	68.698	68.815	68.665	68.725	5
2026-02-09 16:05	68.730	68.735	68.645	68.685	5
2026-02-09 16:10	68.690	68.740	68.635	68.720	5
2026-02-09 16:15	68.725	68.855	68.715	68.800	5
2026-02-09 16:20	68.805	68.935	68.775	68.870	5
2026-02-09 16:25	68.875	69.045	68.835	69.025	5
2026-02-09 16:30	69.020	69.075	68.965	69.005	5
2026-02-09 16:35	68.995	69.045	68.975	69.035	5
2026-02-09 16:40	69.030	69.075	68.990	69.030	5
2026-02-09 16:45	69.035	69.295	69.033	69.255	5
2026-02-09 16:50	69.265	69.385	69.255	69.335	5
2026-02-09 16:55	69.330	69.410	69.315	69.400	5
2026-02-09 17:00	69.405	69.420	69.230	69.230	5
2026-02-09 17:05	69.235	69.240	69.125	69.155	5
2026-02-09 17:10	69.145	69.235	69.115	69.175	5
2026-02-09 17:15	69.165	69.315	69.165	69.315	5
2026-02-09 17:20	69.320	69.370	69.290	69.340	5
2026-02-09 17:25	69.345	69.355	69.270	69.330	5
2026-02-09 17:30	69.335	69.405	69.310	69.335	5
2026-02-09 17:35	69.330	69.385	69.285	69.370	5
2026-02-09 17:40	69.375	69.385	69.325	69.365	5
2026-02-09 17:45	69.375	69.405	69.315	69.340	5
2026-02-09 17:50	69.335	69.420	69.320	69.335	5
2026-02-09 17:55	69.325	69.350	69.290	69.325	5
2026-02-09 18:00	69.320	69.320	69.205	69.215	5
2026-02-09 18:05	69.205	69.240	69.148	69.215	5
2026-02-09 18:10	69.205	69.245	69.205	69.225	5
2026-02-09 18:15	69.230	69.240	69.150	69.235	5
2026-02-09 18:20	69.240	69.255	69.065	69.165	5
2026-02-09 18:25	69.155	69.200	69.135	69.155	5
2026-02-09 18:30	69.150	69.155	69.065	69.070	5
2026-02-09 18:35	69.065	69.095	69.035	69.040	5
2026-02-09 18:40	69.045	69.140	69.035	69.110	5
2026-02-09 18:45	69.105	69.155	69.065	69.120	5
2026-02-09 18:50	69.115	69.145	69.100	69.105	5
2026-02-09 18:55	69.100	69.135	69.065	69.135	5
2026-02-09 19:00	69.125	69.145	69.075	69.115	5
2026-02-09 19:05	69.120	69.125	69.015	69.015	5
2026-02-09 19:10	69.020	69.095	68.985	69.065	5
2026-02-09 19:15	69.070	69.125	69.055	69.105	5
2026-02-09 19:20	69.110	69.110	69.015	69.040	5
2026-02-09 19:25	69.045	69.075	68.975	68.985	5
2026-02-09 19:30	68.990	69.025	68.945	69.005	5
2026-02-09 19:35	69.000	69.020	68.945	68.950	5
2026-02-09 19:40	68.955	68.990	68.945	68.965	5
2026-02-09 19:45	68.970	68.970	68.885	68.895	5
2026-02-09 19:50	68.890	68.925	68.870	68.895	5
2026-02-09 19:55	68.900	68.935	68.890	68.920	5
2026-02-09 20:00	68.925	68.980	68.895	68.930	5
2026-02-09 20:05	68.935	68.975	68.925	68.935	5
2026-02-09 20:10	68.940	68.945	68.905	68.915	5
2026-02-09 20:15	68.905	68.925	68.890	68.910	5
2026-02-09 20:20	68.905	68.905	68.875	68.900	5
2026-02-09 20:25	68.895	68.910	68.865	68.900	5
2026-02-09 20:30	68.905	68.930	68.900	68.900	5
2026-02-09 20:35	68.895	68.910	68.880	68.905	5
2026-02-09 20:40	68.915	68.925	68.885	68.895	5
2026-02-09 20:45	68.900	68.935	68.885	68.890	5
2026-02-09 20:50	68.895	68.995	68.895	68.995	5
2026-02-09 20:55	68.990	68.990	68.945	68.955	5
2026-02-09 21:00	68.960	69.007	68.937	68.992	5
2026-02-09 21:05	68.997	69.027	68.992	69.012	5
2026-02-09 21:10	69.007	69.102	69.007	69.032	5
2026-02-09 21:15	69.037	69.042	69.007	69.042	4
2026-02-09 21:20	69.047	69.082	69.047	69.057	5
2026-02-09 21:25	69.072	69.087	69.047	69.047	4
2026-02-09 21:30	69.052	69.067	69.038	69.057	5
2026-02-09 21:35	69.052	69.082	69.022	69.082	5
2026-02-09 21:40	69.092	69.122	69.067	69.072	5
2026-02-09 21:45	69.077	69.087	69.062	69.062	5
2026-02-09 21:50	69.072	69.097	69.047	69.067	5
2026-02-09 21:55	69.072	69.107	69.062	69.077	5
2026-02-10 01:00	68.987	68.987	68.630	68.650	5
2026-02-10 01:05	68.645	68.705	68.525	68.700	5
2026-02-10 01:10	68.705	68.815	68.705	68.775	5
2026-02-10 01:15	68.780	68.840	68.765	68.780	5
2026-02-10 01:20	68.775	68.800	68.725	68.760	5
2026-02-10 01:25	68.755	68.865	68.755	68.860	5
2026-02-10 01:30	68.850	68.915	68.835	68.900	5
2026-02-10 01:35	68.895	68.970	68.875	68.960	5
2026-02-10 01:40	68.955	68.955	68.905	68.935	5
2026-02-10 01:45	68.940	69.020	68.925	68.930	5
2026-02-10 01:50	68.935	68.985	68.905	68.955	5
2026-02-10 01:55	68.950	68.995	68.935	68.980	5
2026-02-10 02:00	68.975	69.000	68.955	68.980	5
2026-02-10 02:05	68.975	69.005	68.875	68.950	5
2026-02-10 02:10	68.960	69.035	68.938	68.965	5
2026-02-10 02:15	68.970	69.005	68.948	68.980	5
2026-02-10 02:20	68.985	69.035	68.980	69.015	5
2026-02-10 02:25	69.020	69.025	68.953	68.975	5
2026-02-10 02:30	68.985	69.035	68.945	68.945	5
2026-02-10 02:35	68.930	69.015	68.905	69.010	5
2026-02-10 02:40	69.020	69.025	68.965	68.980	5
2026-02-10 02:45	68.975	69.045	68.975	68.995	5
2026-02-10 02:50	68.990	69.035	68.975	69.030	5
2026-02-10 02:55	69.025	69.025	68.970	68.980	5
2026-02-10 03:00	68.985	69.010	68.915	68.925	5
2026-02-10 03:05	68.920	68.925	68.865	68.900	5
2026-02-10 03:10	68.905	68.950	68.890	68.910	5
2026-02-10 03:15	68.920	68.925	68.805	68.815	5
2026-02-10 03:20	68.810	68.845	68.805	68.820	5
2026-02-10 03:25	68.815	68.825	68.785	68.795	5
2026-02-10 03:30	68.790	68.875	68.785	68.850	5
2026-02-10 03:35	68.840	68.880	68.815	68.840	5
2026-02-10 03:40	68.845	68.855	68.835	68.850	4
2026-02-10 03:45	68.855	68.860	68.805	68.810	4
2026-02-10 03:50	68.805	68.845	68.800	68.845	4
2026-02-10 03:55	68.855	68.885	68.850	68.880	5
2026-02-10 04:00	68.875	68.915	68.870	68.885	5
2026-02-10 04:05	68.895	68.930	68.890	68.910	5
2026-02-10 04:10	68.905	68.930	68.900	68.915	5
2026-02-10 04:15	68.920	68.940	68.910	68.930	5
2026-02-10 04:20	68.925	68.945	68.900	68.920	5
2026-02-10 04:25	68.915	68.925	68.885	68.900	5
2026-02-10 04:30	68.905	68.925	68.880	68.880	5
2026-02-10 04:35	68.890	68.895	68.870	68.870	5
2026-02-10 04:40	68.865	68.915	68.845	68.900	5
2026-02-10 04:45	68.895	68.940	68.838	68.915	5
2026-02-10 04:50	68.910	68.925	68.890	68.910	5
2026-02-10 04:55	68.915	68.915	68.865	68.890	5
2026-02-10 05:00	68.895	68.910	68.885	68.900	5
2026-02-10 05:05	68.895	68.905	68.875	68.900	5
2026-02-10 05:10	68.905	68.960	68.895	68.910	5
2026-02-10 05:15	68.905	68.905	68.850	68.905	5
2026-02-10 05:20	68.900	68.925	68.890	68.895	5
2026-02-10 05:25	68.890	68.905	68.820	68.825	5
2026-02-10 05:30	68.805	68.860	68.785	68.820	5
2026-02-10 05:35	68.825	68.885	68.820	68.860	5
2026-02-10 05:40	68.850	68.865	68.835	68.840	5
2026-02-10 05:45	68.835	68.860	68.785	68.815	5
2026-02-10 05:50	68.825	68.865	68.790	68.825	5
2026-02-10 05:55	68.835	68.855	68.805	68.805	5
2026-02-10 06:00	68.795	68.835	68.785	68.835	5
2026-02-10 06:05	68.825	68.960	68.825	68.900	5
2026-02-10 06:10	68.895	68.990	68.880	68.950	5
2026-02-10 06:15	68.945	69.035	68.905	69.020	5
2026-02-10 06:20	69.005	69.115	68.995	69.005	5
2026-02-10 06:25	69.000	69.085	68.958	69.005	5
2026-02-10 06:30	69.010	69.115	68.960	69.115	5
2026-02-10 06:35	69.110	69.175	69.100	69.120	5
2026-02-10 06:40	69.115	69.160	69.115	69.140	5
2026-02-10 06:45	69.145	69.165	69.090	69.100	5
2026-02-10 06:50	69.095	69.095	69.040	69.060	5
2026-02-10 06:55	69.055	69.095	69.050	69.095	5
2026-02-10 07:00	69.068	69.175	69.068	69.135	5
2026-02-10 07:05	69.145	69.160	69.075	69.110	5
2026-02-10 07:10	69.115	69.140	69.015	69.020	5
2026-02-10 07:15	69.015	69.035	68.920	68.945	5
2026-02-10 07:20	68.935	68.960	68.915	68.920	5
2026-02-10 07:25	68.925	68.985	68.883	68.965	5
2026-02-10 07:30	68.970	69.095	68.970	69.075	5
2026-02-10 07:35	69.070	69.115	69.030	69.050	5
2026-02-10 07:40	69.045	69.100	68.985	68.985	5
2026-02-10 07:45	68.980	69.010	68.960	68.990	5
2026-02-10 07:50	68.985	69.070	68.960	68.970	5
2026-02-10 07:55	68.965	69.040	68.965	69.030	5
2026-02-10 08:00	69.010	69.020	68.835	68.855	5
2026-02-10 08:05	68.860	68.970	68.855	68.895	5
2026-02-10 08:10	68.900	68.935	68.820	68.835	5
2026-02-10 08:15	68.820	68.915	68.820	68.850	5
2026-02-10 08:20	68.855	68.960	68.850	68.940	5
2026-02-10 08:25	68.935	68.965	68.860	68.905	5
2026-02-10 08:30	68.895	69.060	68.895	69.025	5
2026-02-10 08:35	69.015	69.015	68.910	68.930	5
2026-02-10 08:40	68.925	69.000	68.905	68.970	5
2026-02-10 08:45	68.965	69.195	68.950	69.195	5
2026-02-10 08:50	69.190	69.290	69.115	69.230	5
2026-02-10 08:55	69.220	69.365	69.220	69.355	5
2026-02-10 09:00	69.360	69.400	69.325	69.355	5
2026-02-10 09:05	69.360	69.395	69.300	69.355	5
2026-02-10 09:10	69.360	69.405	69.290	69.295	5
2026-02-10 09:15	69.290	69.355	69.280	69.335	5
2026-02-10 09:20	69.330	69.395	69.325	69.335	5
2026-02-10 09:25	69.325	69.335	69.230	69.275	5
2026-02-10 09:30	69.265	69.275	69.085	69.090	5
2026-02-10 09:35	69.085	69.110	68.930	69.005	5
2026-02-10 09:40	69.015	69.015	68.865	68.935	5
2026-02-10 09:45	68.925	69.000	68.855	68.990	5
2026-02-10 09:50	68.985	68.995	68.875	68.925	5
2026-02-10 09:55	68.920	68.935	68.840	68.865	5
2026-02-10 10:00	68.860	68.860	68.735	68.775	5
2026-02-10 10:05	68.770	68.890	68.745	68.885	5
2026-02-10 10:10	68.880	68.965	68.855	68.920	5
2026-02-10 10:15	68.915	68.985	68.845	68.970	5
2026-02-10 10:20	68.960	68.995	68.883	68.995	5
2026-02-10 10:25	69.000	69.055	68.960	68.990	5
2026-02-10 10:30	68.985	69.205	68.945	69.115	5
2026-02-10 10:35	69.110	69.140	69.035	69.050	5
2026-02-10 10:40	69.055	69.100	69.025	69.085	5
2026-02-10 10:45	69.090	69.110	69.035	69.035	5
2026-02-10 10:50	69.045	69.070	69.010	69.010	5
2026-02-10 10:55	69.005	69.115	69.000	69.100	5
2026-02-10 11:00	69.063	69.250	69.055	69.245	5
2026-02-10 11:05	69.255	69.325	69.245	69.275	5
2026-02-10 11:10	69.265	69.265	69.145	69.195	5
2026-02-10 11:15	69.200	69.270	69.200	69.255	5
2026-02-10 11:20	69.275	69.285	69.180	69.185	5
2026-02-10 11:25	69.170	69.235	69.165	69.220	5
2026-02-10 11:30	69.225	69.325	69.200	69.325	5
2026-02-10 11:35	69.335	69.395	69.300	69.375	5
2026-02-10 11:40	69.365	69.405	69.325	69.370	5
2026-02-10 11:45	69.365	69.425	69.360	69.395	5
2026-02-10 11:50	69.385	69.390	69.320	69.345	5
2026-02-10 11:55	69.355	69.405	69.355	69.365	5
2026-02-10 12:00	69.355	69.365	69.315	69.315	5
2026-02-10 12:05	69.325	69.335	69.265	69.285	5
2026-02-10 12:10	69.295	69.295	69.225	69.235	5
2026-02-10 12:15	69.230	69.230	69.105	69.185	5
2026-02-10 12:20	69.175	69.215	69.105	69.165	5
2026-02-10 12:25	69.175	69.225	69.130	69.150	5
2026-02-10 12:30	69.160	69.180	69.085	69.170	5
2026-02-10 12:35	69.175	69.240	69.170	69.170	5
2026-02-10 12:40	69.165	69.165	69.035	69.105	5
2026-02-10 12:45	69.115	69.215	69.105	69.165	5
2026-02-10 12:50	69.160	69.225	69.145	69.205	5
2026-02-10 12:55	69.200	69.240	69.165	69.230	5
2026-02-10 13:00	69.205	69.350	69.145	69.265	5
2026-02-10 13:05	69.260	69.395	69.245	69.360	5
2026-02-10 13:10	69.355	69.410	69.310	69.385	5
2026-02-10 13:15	69.390	69.455	69.325	69.395	5
2026-02-10 13:20	69.400	69.435	69.375	69.405	5
2026-02-10 13:25	69.395	69.455	69.385	69.405	5
2026-02-10 13:30	69.410	69.420	69.275	69.380	5
2026-02-10 13:35	69.375	69.395	69.335	69.370	5
2026-02-10 13:40	69.365	69.445	69.345	69.385	5
2026-02-10 13:45	69.390	69.430	69.315	69.415	5
2026-02-10 13:50	69.405	69.415	69.325	69.370	5
2026-02-10 13:55	69.365	69.380	69.290	69.340	5
2026-02-10 14:00	69.345	69.345	69.200	69.255	5
2026-02-10 14:05	69.260	69.285	69.155	69.275	5
2026-02-10 14:10	69.270	69.455	69.210	69.445	5
2026-02-10 14:15	69.435	69.445	69.315	69.435	5
2026-02-10 14:20	69.430	69.455	69.345	69.395	5
2026-02-10 14:25	69.385	69.395	69.305	69.330	5
2026-02-10 14:30	69.325	69.385	69.170	69.225	5
2026-02-10 14:35	69.215	69.280	69.160	69.220	5
2026-02-10 14:40	69.225	69.230	69.075	69.145	5
2026-02-10 14:45	69.140	69.165	69.035	69.050	5
2026-02-10 14:50	69.008	69.155	68.970	69.150	5
2026-02-10 14:55	69.155	69.335	69.155	69.335	5
2026-02-10 15:00	69.293	69.400	69.260	69.305	5
2026-02-10 15:05	69.315	69.335	69.215	69.235	5
2026-02-10 15:10	69.230	69.235	69.140	69.215	5
2026-02-10 15:15	69.220	69.375	69.113	69.370	5
2026-02-10 15:20	69.375	69.455	69.315	69.335	5
2026-02-10 15:25	69.350	69.380	69.245	69.280	5
2026-02-10 15:30	69.295	69.350	69.225	69.285	5
2026-02-10 15:35	69.280	69.395	69.253	69.365	5
2026-02-10 15:40	69.370	69.370	69.205	69.245	5
2026-02-10 15:45	69.240	69.345	69.230	69.275	5
2026-02-10 15:50	69.280	69.280	69.025	69.090	5
2026-02-10 15:55	69.105	69.110	68.950	69.020	5
2026-02-10 16:00	69.015	69.015	68.770	68.785	5
2026-02-10 16:05	68.790	68.865	68.725	68.745	5
2026-02-10 16:10	68.740	68.805	68.585	68.780	5
2026-02-10 16:15	68.785	68.905	68.773	68.840	5
2026-02-10 16:20	68.835	68.865	68.795	68.815	5
2026-02-10 16:25	68.820	68.905	68.755	68.845	5
2026-02-10 16:30	68.835	69.010	68.825	68.925	5
2026-02-10 16:35	68.920	68.945	68.865	68.935	5
2026-02-10 16:40	68.945	68.950	68.765	68.835	5
2026-02-10 16:45	68.830	68.855	68.720	68.720	5
2026-02-10 16:50	68.725	68.780	68.685	68.715	5
2026-02-10 16:55	68.710	68.765	68.695	68.760	5
2026-02-10 17:00	68.765	68.805	68.705	68.735	5
2026-02-10 17:05	68.740	68.810	68.705	68.780	5
2026-02-10 17:10	68.785	68.805	68.665	68.675	5
2026-02-10 17:15	68.695	68.745	68.685	68.715	5
2026-02-10 17:20	68.720	68.865	68.710	68.845	5
2026-02-10 17:25	68.850	68.935	68.845	68.925	5
2026-02-10 17:30	68.930	68.955	68.850	68.925	5
2026-02-10 17:35	68.930	68.940	68.850	68.890	5
2026-02-10 17:40	68.895	69.110	68.895	68.985	5
2026-02-10 17:45	68.990	69.000	68.915	68.945	5
2026-02-10 17:50	68.940	68.955	68.875	68.895	5
2026-02-10 17:55	68.905	68.945	68.850	68.870	5
2026-02-10 18:00	68.865	68.885	68.745	68.790	5
2026-02-10 18:05	68.780	68.810	68.705	68.720	5
2026-02-10 18:10	68.725	68.745	68.665	68.725	5
2026-02-10 18:15	68.730	68.885	68.660	68.855	5
2026-02-10 18:20	68.850	68.890	68.800	68.865	5
2026-02-10 18:25	68.875	68.890	68.745	68.780	5
2026-02-10 18:30	68.775	68.885	68.740	68.840	5
2026-02-10 18:35	68.845	68.865	68.805	68.825	5
2026-02-10 18:40	68.820	68.865	68.775	68.835	5
2026-02-10 18:45	68.830	68.885	68.750	68.755	5
2026-02-10 18:50	68.760	68.760	68.470	68.485	5
2026-02-10 18:55	68.495	68.680	68.490	68.655	5
2026-02-10 19:00	68.650	68.710	68.610	68.665	5
2026-02-10 19:05	68.670	68.745	68.665	68.725	5
2026-02-10 19:10	68.735	68.790	68.685	68.775	5
2026-02-10 19:15	68.780	68.795	68.745	68.795	5
2026-02-10 19:20	68.785	68.815	68.730	68.755	5
2026-02-10 19:25	68.760	68.815	68.685	68.810	5
2026-02-10 19:30	68.815	68.870	68.785	68.795	5
2026-02-10 19:35	68.805	68.935	68.805	68.925	5
2026-02-10 19:40	68.935	68.955	68.920	68.950	5
2026-02-10 19:45	68.960	69.005	68.940	68.955	5
2026-02-10 19:50	68.960	68.960	68.900	68.900	5
2026-02-10 19:55	68.905	68.930	68.875	68.925	5
2026-02-10 20:00	68.930	68.985	68.905	68.915	5
2026-02-10 20:05	68.905	68.915	68.855	68.855	5
2026-02-10 20:10	68.860	68.875	68.815	68.840	5
2026-02-10 20:15	68.845	68.915	68.845	68.905	5
2026-02-10 20:20	68.895	68.925	68.895	68.910	5
2026-02-10 20:25	68.915	68.920	68.865	68.895	5
2026-02-10 20:30	68.885	68.920	68.880	68.915	5
2026-02-10 20:35	68.910	68.925	68.885	68.885	5
2026-02-10 20:40	68.890	68.915	68.880	68.880	5
2026-02-10 20:45	68.875	68.905	68.865	68.875	5
2026-02-10 20:50	68.880	69.040	68.828	68.985	5
2026-02-10 20:55	68.990	69.225	68.913	69.095	5
2026-02-10 21:00	69.100	69.100	68.967	69.072	5
2026-02-10 21:05	69.082	69.097	68.972	68.987	5
2026-02-10 21:10	68.982	69.002	68.962	68.962	5
2026-02-10 21:15	68.972	68.987	68.932	68.937	5
2026-02-10 21:20	68.918	68.942	68.902	68.927	4
2026-02-10 21:25	68.932	68.942	68.917	68.927	5
2026-02-10 21:30	68.932	68.997	68.927	68.972	5
2026-02-10 21:35	68.967	69.012	68.962	68.992	5
2026-02-10 21:40	68.968	69.002	68.963	68.997	5
2026-02-10 21:45	69.002	69.052	68.997	68.997	5
2026-02-10 21:50	69.002	69.002	68.952	68.952	5
2026-02-10 21:55	68.967	68.977	68.947	68.972	5
2026-02-11 01:00	69.032	69.150	68.990	69.145	5
2026-02-11 01:05	69.125	69.145	69.035	69.040	5
2026-02-11 01:10	69.035	69.090	69.025	69.075	5
2026-02-11 01:15	69.080	69.100	69.060	69.080	5
2026-02-11 01:20	69.075	69.100	69.065	69.095	5
2026-02-11 01:25	69.090	69.105	69.045	69.045	5
2026-02-11 01:30	69.050	69.130	69.050	69.120	5
2026-02-11 01:35	69.115	69.180	69.105	69.155	5
2026-02-11 01:40	69.160	69.205	69.155	69.170	5
2026-02-11 01:45	69.165	69.195	69.140	69.190	5
2026-02-11 01:50	69.175	69.190	69.155	69.185	4
2026-02-11 01:55	69.180	69.185	69.155	69.160	5
2026-02-11 02:00	69.165	69.210	69.145	69.170	5
2026-02-11 02:05	69.165	69.185	69.135	69.180	5
2026-02-11 02:10	69.190	69.225	69.180	69.225	5
2026-02-11 02:15	69.220	69.225	69.200	69.205	5
2026-02-11 02:20	69.215	69.255	69.205	69.255	5
2026-02-11 02:25	69.250	69.290	69.250	69.260	5
2026-02-11 02:30	69.255	69.365	69.255	69.345	5
2026-02-11 02:35	69.340	69.365	69.315	69.350	5
2026-02-11 02:40	69.355	69.430	69.355	69.430	5
2026-02-11 02:45	69.435	69.440	69.335	69.335	5
2026-02-11 02:50	69.340	69.375	69.335	69.345	5
2026-02-11 02:55	69.350	69.355	69.325	69.345	5
2026-02-11 03:00	69.350	69.375	69.320	69.335	5
2026-02-11 03:05	69.340	69.340	69.285	69.300	5
2026-02-11 03:10	69.295	69.320	69.290	69.310	5
2026-02-11 03:15	69.300	69.315	69.280	69.285	5
2026-02-11 03:20	69.290	69.325	69.270	69.305	5
2026-02-11 03:25	69.300	69.330	69.285	69.325	5
2026-02-11 03:30	69.320	69.325	69.285	69.305	5
2026-02-11 03:35	69.320	69.325	69.258	69.258	5
2026-02-11 03:40	69.320	69.325	69.278	69.300	5
2026-02-11 03:45	69.305	69.325	69.300	69.300	5
2026-02-11 03:50	69.305	69.335	69.295	69.335	5
2026-02-11 03:55	69.330	69.340	69.283	69.320	5
2026-02-11 04:00	69.305	69.305	69.270	69.275	5
2026-02-11 04:05	69.280	69.295	69.275	69.290	4
2026-02-11 04:10	69.295	69.305	69.295	69.300	4
2026-02-11 04:15	69.253	69.325	69.253	69.280	5
2026-02-11 04:20	69.285	69.305	69.238	69.300	5
2026-02-11 04:25	69.295	69.325	69.278	69.305	5
2026-02-11 04:30	69.310	69.315	69.238	69.290	5
2026-02-11 04:35	69.295	69.295	69.240	69.240	5
2026-02-11 04:40	69.245	69.245	69.215	69.240	5
2026-02-11 04:45	69.235	69.265	69.235	69.260	5
2026-02-11 04:50	69.255	69.260	69.245	69.245	5
2026-02-11 04:55	69.240	69.255	69.225	69.225	5
2026-02-11 05:00	69.235	69.250	69.120	69.125	5
2026-02-11 05:05	69.120	69.200	69.120	69.180	5
2026-02-11 05:10	69.185	69.245	69.175	69.235	5
2026-02-11 05:15	69.230	69.235	69.175	69.175	5
2026-02-11 05:20	69.190	69.190	69.160	69.175	4
2026-02-11 05:25	69.185	69.185	69.098	69.155	5
2026-02-11 05:30	69.165	69.190	69.110	69.130	5
2026-02-11 05:35	69.135	69.155	69.130	69.145	5
2026-02-11 05:40	69.150	69.155	69.115	69.145	5
2026-02-11 05:45	69.140	69.205	69.110	69.190	5
2026-02-11 05:50	69.185	69.195	69.125	69.125	5
2026-02-11 05:55	69.120	69.160	69.095	69.150	5
2026-02-11 06:00	69.155	69.180	69.140	69.180	5
2026-02-11 06:05	69.175	69.220	69.160	69.220	5
2026-02-11 06:10	69.225	69.225	69.150	69.170	5
2026-02-11 06:15	69.175	69.175	69.150	69.165	5
2026-02-11 06:20	69.170	69.190	69.150	69.175	5
2026-02-11 06:25	69.165	69.215	69.165	69.215	5
2026-02-11 06:30	69.220	69.235	69.175	69.215	5
2026-02-11 06:35	69.220	69.245	69.190	69.215	5
2026-02-11 06:40	69.220	69.225	69.190	69.200	5
2026-02-11 06:45	69.190	69.220	69.180	69.215	5
2026-02-11 06:50	69.210	69.240	69.210	69.225	5
2026-02-11 06:55	69.230	69.260	69.215	69.250	5
2026-02-11 07:00	69.255	69.275	69.185	69.260	5
2026-02-11 07:05	69.255	69.315	69.250	69.305	5
2026-02-11 07:10	69.300	69.420	69.300	69.405	5
2026-02-11 07:15	69.410	69.505	69.410	69.465	5
2026-02-11 07:20	69.470	69.475	69.370	69.380	5
2026-02-11 07:25	69.375	69.420	69.340	69.420	5
2026-02-11 07:30	69.425	69.445	69.340	69.350	5
2026-02-11 07:35	69.355	69.385	69.325	69.335	5
2026-02-11 07:40	69.330	69.375	69.320	69.375	5
2026-02-11 07:45	69.370	69.380	69.345	69.345	5
2026-02-11 07:50	69.335	69.375	69.320	69.360	5
2026-02-11 07:55	69.365	69.375	69.330	69.350	5
2026-02-11 08:00	69.365	69.435	69.360	69.415	5
2026-02-11 08:05	69.420	69.565	69.420	69.515	5
2026-02-11 08:10	69.520	69.625	69.515	69.570	5
2026-02-11 08:15	69.575	69.590	69.495	69.585	5
2026-02-11 08:20	69.590	69.590	69.515	69.540	5
2026-02-11 08:25	69.535	69.570	69.485	69.560	5
2026-02-11 08:30	69.555	69.715	69.525	69.705	5
2026-02-11 08:35	69.700	69.715	69.610	69.670	5
2026-02-11 08:40	69.675	69.775	69.675	69.695	5
2026-02-11 08:45	69.685	69.705	69.585	69.615	5
2026-02-11 08:50	69.625	69.635	69.565	69.585	5
2026-02-11 08:55	69.590	69.605	69.550	69.595	5
2026-02-11 09:00	69.620	69.620	69.545	69.590	5
2026-02-11 09:05	69.595	69.615	69.545	69.605	5
2026-02-11 09:10	69.615	69.685	69.595	69.685	5
2026-02-11 09:15	69.690	69.735	69.645	69.735	5
2026-02-11 09:20	69.740	69.775	69.695	69.775	5
2026-02-11 09:25	69.790	69.790	69.725	69.740	5
2026-02-11 09:30	69.745	69.785	69.695	69.745	5
2026-02-11 09:35	69.735	69.790	69.735	69.755	5
2026-02-11 09:40	69.750	69.795	69.750	69.795	5
2026-02-11 09:45	69.790	69.790	69.725	69.740	5
2026-02-11 09:50	69.735	69.775	69.625	69.635	5
2026-02-11 09:55	69.625	69.695	69.615	69.645	5
2026-02-11 10:00	69.635	69.655	69.535	69.625	5
2026-02-11 10:05	69.620	69.695	69.605	69.670	5
2026-02-11 10:10	69.675	69.730	69.665	69.670	5
2026-02-11 10:15	69.675	69.705	69.625	69.705	5
2026-02-11 10:20	69.715	69.765	69.710	69.715	5
2026-02-11 10:25	69.720	69.735	69.685	69.725	5
2026-02-11 10:30	69.720	69.735	69.690	69.705	5
2026-02-11 10:35	69.695	69.710	69.640	69.710	5
2026-02-11 10:40	69.715	69.720	69.635	69.640	5
2026-02-11 10:45	69.645	69.685	69.625	69.645	5
2026-02-11 10:50	69.630	69.640	69.565	69.605	5
2026-02-11 10:55	69.615	69.730	69.600	69.725	5
2026-02-11 11:00	69.730	69.765	69.695	69.740	5
2026-02-11 11:05	69.755	69.790	69.720	69.780	5
2026-02-11 11:10	69.785	69.830	69.765	69.825	5
2026-02-11 11:15	69.830	69.850	69.785	69.785	5
2026-02-11 11:20	69.805	69.810	69.735	69.750	5
2026-02-11 11:25	69.755	69.790	69.755	69.765	5
2026-02-11 11:30	69.775	69.815	69.755	69.805	5
2026-02-11 11:35	69.815	69.915	69.805	69.895	5
2026-02-11 11:40	69.900	70.075	69.885	70.075	5
2026-02-11 11:45	70.070	70.205	70.065	70.170	5
2026-02-11 11:50	70.175	70.210	70.090	70.150	5
2026-02-11 11:55	70.155	70.270	70.155	70.240	5
2026-02-11 12:00	70.203	70.245	70.155	70.225	5
2026-02-11 12:05	70.230	70.275	70.205	70.205	5
2026-02-11 12:10	70.210	70.225	70.165	70.205	5
2026-02-11 12:15	70.215	70.275	70.185	70.265	5
2026-02-11 12:20	70.255	70.275	70.225	70.235	5
2026-02-11 12:25	70.245	70.255	70.195	70.205	5
2026-02-11 12:30	70.210	70.215	70.135	70.185	5
2026-02-11 12:35	70.175	70.195	70.125	70.195	5
2026-02-11 12:40	70.205	70.255	69.805	70.165	5
2026-02-11 12:45	70.185	70.215	70.115	70.195	5
2026-02-11 12:50	70.205	70.285	70.185	70.255	5
2026-02-11 12:55	70.250	70.355	70.235	70.285	5
2026-02-11 13:00	70.265	70.320	70.175	70.215	5
2026-02-11 13:05	70.220	70.315	70.175	70.305	5
2026-02-11 13:10	70.315	70.355	70.285	70.295	5
2026-02-11 13:15	70.300	70.335	70.270	70.300	5
2026-02-11 13:20	70.305	70.375	70.305	70.340	5
2026-02-11 13:25	70.335	70.375	70.275	70.290	5
2026-02-11 13:30	70.295	70.335	70.185	70.190	5
2026-02-11 13:35	70.185	70.255	70.098	70.155	5
2026-02-11 13:40	70.160	70.185	70.080	70.160	5
2026-02-11 13:45	70.123	70.225	70.123	70.205	5
2026-02-11 13:50	70.215	70.260	70.130	70.250	5
2026-02-11 13:55	70.255	70.345	70.235	70.325	5
2026-02-11 14:00	70.345	70.615	70.278	70.530	5
2026-02-11 14:05	70.525	70.565	70.435	70.455	5
2026-02-11 14:10	70.465	70.595	70.455	70.510	5
2026-02-11 14:15	70.505	70.625	70.445	70.610	5
2026-02-11 14:20	70.605	70.615	70.490	70.510	5
2026-02-11 14:25	70.505	70.555	70.415	70.545	5
2026-02-11 14:30	70.508	70.695	70.508	70.665	5
2026-02-11 14:35	70.660	70.660	70.485	70.575	5
2026-02-11 14:40	70.580	70.625	70.545	70.590	5
2026-02-11 14:45	70.543	70.595	70.513	70.525	5
2026-02-11 14:50	70.535	70.550	70.413	70.470	5
2026-02-11 14:55	70.475	70.505	70.393	70.435	5
2026-02-11 15:00	70.393	70.460	70.163	70.195	5
2026-02-11 15:05	70.190	70.260	70.135	70.195	5
2026-02-11 15:10	70.200	70.205	70.028	70.060	5
2026-02-11 15:15	70.055	70.085	69.945	69.985	5
2026-02-11 15:20	69.990	70.035	69.833	69.885	5
2026-02-11 15:25	69.890	69.940	69.810	69.900	5
2026-02-11 15:30	69.873	69.940	69.725	69.795	5
2026-02-11 15:35	69.810	69.830	69.653	69.710	5
2026-02-11 15:40	69.705	69.830	69.685	69.730	5
2026-02-11 15:45	69.735	69.805	69.695	69.755	5
2026-02-11 15:50	69.760	69.785	69.647	69.720	5
2026-02-11 15:55	69.715	69.840	69.690	69.805	5
2026-02-11 16:00	69.763	69.865	69.725	69.755	5
2026-02-11 16:05	69.765	69.840	69.633	69.780	5
2026-02-11 16:10	69.775	69.925	69.765	69.920	5
2026-02-11 16:15	69.915	69.975	69.795	69.840	5
2026-02-11 16:20	69.835	69.975	69.800	69.955	5
2026-02-11 16:25	69.960	69.975	69.840	69.950	5
2026-02-11 16:30	69.955	70.110	69.955	70.045	5
2026-02-11 16:35	70.040	70.065	69.975	70.020	5
2026-02-11 16:40	70.025	70.105	70.020	70.085	5
2026-02-11 16:45	70.090	70.090	69.960	69.960	5
2026-02-11 16:50	69.965	70.005	69.865	69.975	5
2026-02-11 16:55	69.980	69.985	69.860	69.905	5
2026-02-11 17:00	69.885	69.890	69.800	69.825	5
2026-02-11 17:05	69.815	69.925	69.755	69.915	5
2026-02-11 17:10	69.905	69.945	69.860	69.920	5
2026-02-11 17:15	69.925	69.935	69.845	69.875	5
2026-02-11 17:20	69.880	69.935	69.865	69.875	5
2026-02-11 17:25	69.885	69.910	69.585	69.755	5
2026-02-11 17:30	69.750	69.795	69.665	69.725	5
2026-02-11 17:35	69.735	69.765	69.655	69.665	5
2026-02-11 17:40	69.670	69.675	69.575	69.630	5
2026-02-11 17:45	69.635	69.670	69.575	69.615	5
2026-02-11 17:50	69.610	69.740	69.605	69.715	5
2026-02-11 17:55	69.705	69.745	69.655	69.660	5
2026-02-11 18:00	69.655	69.795	69.650	69.775	5
2026-02-11 18:05	69.770	69.770	69.665	69.670	5
2026-02-11 18:10	69.675	69.805	69.665	69.785	5
2026-02-11 18:15	69.780	69.825	69.735	69.805	5
2026-02-11 18:20	69.795	69.865	69.785	69.855	5
2026-02-11 18:25	69.845	69.865	69.815	69.830	5
2026-02-11 18:30	69.825	69.920	69.825	69.895	5
2026-02-11 18:35	69.900	69.940	69.885	69.885	5
2026-02-11 18:40	69.890	69.905	69.855	69.865	5
2026-02-11 18:45	69.875	69.890	69.740	69.755	5
2026-02-11 18:50	69.760	69.770	69.355	69.400	5
2026-02-11 18:55	69.385	69.510	69.285	69.465	5
2026-02-11 19:00	69.460	69.475	69.320	69.400	5
2026-02-11 19:05	69.405	69.755	69.243	69.530	5
2026-02-11 19:10	69.520	69.580	69.315	69.355	5
2026-02-11 19:15	69.350	69.410	69.260	69.275	5
2026-02-11 19:20	69.270	69.315	69.255	69.305	5
2026-02-11 19:25	69.300	69.415	69.290	69.345	5
2026-02-11 19:30	69.335	69.495	69.255	69.495	5
2026-02-11 19:35	69.490	69.620	69.475	69.615	5
2026-02-11 19:40	69.620	69.685	69.605	69.675	5
2026-02-11 19:45	69.665	69.715	69.630	69.695	5
2026-02-11 19:50	69.690	69.700	69.605	69.610	5
2026-02-11 19:55	69.605	69.610	69.550	69.590	5
2026-02-11 20:00	69.595	69.625	69.560	69.615	5
2026-02-11 20:05	69.605	69.625	69.575	69.600	5
2026-02-11 20:10	69.605	69.630	69.570	69.625	5
2026-02-11 20:15	69.615	69.685	69.590	69.665	5
2026-02-11 20:20	69.670	69.715	69.655	69.710	5
2026-02-11 20:25	69.705	69.725	69.665	69.690	5
2026-02-11 20:30	69.685	69.740	69.675	69.715	5
2026-02-11 20:35	69.720	69.740	69.680	69.695	5
2026-02-11 20:40	69.690	69.695	69.660	69.665	5
2026-02-11 20:45	69.670	69.735	69.615	69.700	5
2026-02-11 20:50	69.695	69.760	69.685	69.745	5
2026-02-11 20:55	69.735	69.780	69.715	69.740	5
2026-02-11 21:00	69.717	69.717	69.637	69.667	5
2026-02-11 21:05	69.662	69.732	69.647	69.717	5
2026-02-11 21:10	69.722	69.757	69.717	69.752	5
2026-02-11 21:15	69.747	69.747	69.712	69.732	5
2026-02-11 21:20	69.747	69.752	69.737	69.737	4
2026-02-11 21:25	69.742	69.742	69.687	69.697	5
2026-02-11 21:30	69.702	69.717	69.672	69.692	5
2026-02-11 21:35	69.687	69.687	69.652	69.657	4
2026-02-11 21:40	69.662	69.672	69.642	69.662	4
2026-02-11 21:45	69.657	69.667	69.638	69.647	5
2026-02-11 21:50	69.652	69.667	69.642	69.642	5
2026-02-11 21:55	69.647	69.657	69.612	69.617	5
2026-02-12 01:00	69.690	69.690	69.540	69.570	5
2026-02-12 01:05	69.565	69.705	69.525	69.650	5
2026-02-12 01:10	69.645	69.650	69.580	69.630	5
2026-02-12 01:15	69.625	69.695	69.610	69.690	5
2026-02-12 01:20	69.695	69.715	69.675	69.700	5
2026-02-12 01:25	69.705	69.750	69.695	69.735	5
2026-02-12 01:30	69.730	69.755	69.655	69.670	5
2026-02-12 01:35	69.675	69.690	69.585	69.590	5
2026-02-12 01:40	69.585	69.615	69.548	69.595	5
2026-02-12 01:45	69.600	69.605	69.575	69.600	5
2026-02-12 01:50	69.595	69.625	69.585	69.590	5
2026-02-12 01:55	69.585	69.615	69.560	69.615	5
2026-02-12 02:00	69.625	69.635	69.550	69.610	5
2026-02-12 02:05	69.615	69.665	69.615	69.630	5
2026-02-12 02:10	69.635	69.680	69.625	69.680	5
2026-02-12 02:15	69.665	69.670	69.588	69.625	5
2026-02-12 02:20	69.630	69.650	69.598	69.625	5
2026-02-12 02:25	69.620	69.635	69.588	69.625	5
2026-02-12 02:30	69.635	69.665	69.605	69.630	5
2026-02-12 02:35	69.635	69.645	69.565	69.575	5
2026-02-12 02:40	69.580	69.595	69.508	69.545	5
2026-02-12 02:45	69.540	69.600	69.540	69.600	5
2026-02-12 02:50	69.595	69.625	69.575	69.620	5
2026-02-12 02:55	69.615	69.635	69.595	69.635	5
2026-02-12 03:00	69.630	69.645	69.615	69.635	5
2026-02-12 03:05	69.640	69.655	69.630	69.655	5
2026-02-12 03:10	69.670	69.705	69.670	69.680	5
2026-02-12 03:15	69.675	69.675	69.645	69.655	5
2026-02-12 03:20	69.660	69.670	69.605	69.615	5
2026-02-12 03:25	69.620	69.625	69.590	69.620	5
2026-02-12 03:30	69.625	69.675	69.620	69.665	4
2026-02-12 03:35	69.655	69.675	69.618	69.618	5
2026-02-12 03:40	69.665	69.675	69.650	69.665	5
2026-02-12 03:45	69.655	69.655	69.608	69.655	5
2026-02-12 03:50	69.645	69.705	69.625	69.705	5
2026-02-12 03:55	69.710	69.747	69.658	69.725	5
2026-02-12 04:00	69.730	69.765	69.680	69.760	5
2026-02-12 04:05	69.755	69.815	69.745	69.805	5
2026-02-12 04:10	69.800	69.825	69.785	69.810	5
2026-02-12 04:15	69.815	69.825	69.735	69.765	5
2026-02-12 04:20	69.760	69.765	69.698	69.745	5
2026-02-12 04:25	69.740	69.755	69.698	69.730	4
2026-02-12 04:30	69.735	69.755	69.715	69.755	4
2026-02-12 04:35	69.745	69.775	69.740	69.765	5
2026-02-12 04:40	69.760	69.765	69.708	69.745	5
2026-02-12 04:45	69.740	69.740	69.670	69.675	5
2026-02-12 04:50	69.680	69.695	69.670	69.680	5
2026-02-12 04:55	69.675	69.700	69.643	69.643	5
2026-02-12 05:00	69.690	69.705	69.640	69.645	5
2026-02-12 05:05	69.635	69.635	69.510	69.540	5
2026-02-12 05:10	69.545	69.590	69.485	69.550	5
2026-02-12 05:15	69.555	69.590	69.550	69.590	5
2026-02-12 05:20	69.585	69.590	69.478	69.478	5
2026-02-12 05:25	69.520	69.540	69.500	69.505	5
2026-02-12 05:30	69.495	69.505	69.415	69.450	5
2026-02-12 05:35	69.445	69.490	69.435	69.465	5
2026-02-12 05:40	69.460	69.515	69.455	69.495	5
2026-02-12 05:45	69.485	69.545	69.485	69.535	5
2026-02-12 05:50	69.540	69.570	69.535	69.570	5
2026-02-12 05:55	69.575	69.625	69.575	69.625	5
2026-02-12 06:00	69.630	69.635	69.575	69.625	5
2026-02-12 06:05	69.620	69.640	69.560	69.600	5
2026-02-12 06:10	69.590	69.590	69.530	69.545	5
2026-02-12 06:15	69.550	69.565	69.490	69.510	5
2026-02-12 06:20	69.515	69.515	69.450	69.465	5
2026-02-12 06:25	69.470	69.500	69.445	69.475	5
2026-02-12 06:30	69.470	69.500	69.405	69.425	5
2026-02-12 06:35	69.415	69.445	69.355	69.355	5
2026-02-12 06:40	69.345	69.485	69.345	69.485	5
2026-02-12 06:45	69.475	69.525	69.460	69.520	5
2026-02-12 06:50	69.525	69.550	69.505	69.530	5
2026-02-12 06:55	69.535	69.555	69.480	69.540	5
2026-02-12 07:00	69.483	69.570	69.475	69.530	5
2026-02-12 07:05	69.525	69.575	69.500	69.570	5
2026-02-12 07:10	69.575	69.625	69.560	69.585	5
2026-02-12 07:15	69.580	69.625	69.560	69.560	5
2026-02-12 07:20	69.570	69.575	69.505	69.550	5
2026-02-12 07:25	69.545	69.595	69.525	69.565	5
2026-02-12 07:30	69.575	69.625	69.565	69.570	5
2026-02-12 07:35	69.575	69.580	69.480	69.520	5
2026-02-12 07:40	69.515	69.535	69.475	69.530	5
2026-02-12 07:45	69.535	69.625	69.530	69.595	5
2026-02-12 07:50	69.590	69.590	69.540	69.570	5
2026-02-12 07:55	69.575	69.595	69.525	69.580	5
2026-02-12 08:00	69.575	69.675	69.515	69.665	5
2026-02-12 08:05	69.660	69.695	69.610	69.690	5
2026-02-12 08:10	69.685	69.715	69.600	69.650	5
2026-02-12 08:15	69.640	69.670	69.590	69.605	5
2026-02-12 08:20	69.590	69.675	69.590	69.660	5
2026-02-12 08:25	69.655	69.655	69.555	69.585	5
2026-02-12 08:30	69.575	69.625	69.500	69.580	5
2026-02-12 08:35	69.585	69.585	69.425	69.455	5
2026-02-12 08:40	69.445	69.575	69.420	69.545	5
2026-02-12 08:45	69.535	69.760	69.535	69.735	5
2026-02-12 08:50	69.740	69.775	69.680	69.685	5
2026-02-12 08:55	69.680	69.705	69.625	69.705	5
2026-02-12 09:00	69.750	69.755	69.655	69.665	5
2026-02-12 09:05	69.675	69.745	69.665	69.725	5
2026-02-12 09:10	69.695	69.695	69.515	69.520	5
2026-02-12 09:15	69.525	69.530	69.330	69.335	5
2026-02-12 09:20	69.365	69.365	69.075	69.125	5
2026-02-12 09:25	69.120	69.170	69.085	69.115	5
2026-02-12 09:30	69.120	69.190	69.040	69.095	5
2026-02-12 09:35	69.105	69.225	69.105	69.220	5
2026-02-12 09:40	69.225	69.265	69.145	69.145	5
2026-02-12 09:45	69.140	69.225	69.140	69.225	5
2026-02-12 09:50	69.235	69.260	69.200	69.225	5
2026-02-12 09:55	69.215	69.270	69.155	69.155	5
2026-02-12 10:00	69.165	69.225	69.105	69.185	5
2026-02-12 10:05	69.160	69.185	69.105	69.155	5
2026-02-12 10:10	69.145	69.165	69.085	69.085	5
2026-02-12 10:15	69.065	69.115	69.020	69.035	5
2026-02-12 10:20	69.025	69.085	69.025	69.065	5
2026-02-12 10:25	69.055	69.065	68.955	68.975	5
2026-02-12 10:30	68.970	69.015	68.870	68.870	5
2026-02-12 10:35	68.875	68.995	68.845	68.915	5
2026-02-12 10:40	68.910	69.010	68.890	68.975	5
2026-02-12 10:45	68.985	69.055	68.975	69.025	5
2026-02-12 10:50	69.015	69.075	68.995	69.065	5
2026-02-12 10:55	69.070	69.120	69.055	69.115	5
2026-02-12 11:00	69.130	69.195	69.075	69.095	5
2026-02-12 11:05	69.090	69.095	68.975	69.015	5
2026-02-12 11:10	69.020	69.075	68.990	69.075	5
2026-02-12 11:15	69.055	69.185	69.055	69.145	5
2026-02-12 11:20	69.150	69.285	69.150	69.260	5
2026-02-12 11:25	69.255	69.255	69.190	69.245	5
2026-02-12 11:30	69.250	69.315	69.220	69.315	5
2026-02-12 11:35	69.325	69.330	69.195	69.200	5
2026-02-12 11:40	69.205	69.245	69.185	69.195	5
2026-02-12 11:45	69.185	69.190	69.085	69.105	5
2026-02-12 11:50	69.100	69.170	69.080	69.155	5
2026-02-12 11:55	69.160	69.240	69.120	69.145	5
2026-02-12 12:00	69.150	69.225	69.025	69.130	5
2026-02-12 12:05	69.125	69.275	69.060	69.270	5
2026-02-12 12:10	69.265	69.275	69.205	69.255	5
2026-02-12 12:15	69.250	69.255	69.125	69.130	5
2026-02-12 12:20	69.120	69.160	69.060	69.075	5
2026-02-12 12:25	69.080	69.215	69.060	69.170	5
2026-02-12 12:30	69.195	69.255	69.105	69.115	5
2026-02-12 12:35	69.105	69.145	69.055	69.085	5
2026-02-12 12:40	69.095	69.110	69.005	69.025	5
2026-02-12 12:45	69.015	69.085	69.005	69.085	5
2026-02-12 12:50	69.095	69.125	69.065	69.095	5
2026-02-12 12:55	69.100	69.115	69.065	69.080	5
2026-02-12 13:00	69.065	69.160	68.960	69.135	5
2026-02-12 13:05	69.140	69.190	69.100	69.100	5
2026-02-12 13:10	69.105	69.180	69.090	69.115	5
2026-02-12 13:15	69.110	69.225	69.080	69.205	5
2026-02-12 13:20	69.215	69.250	69.115	69.120	5
2026-02-12 13:25	69.110	69.135	69.010	69.010	5
2026-02-12 13:30	69.020	69.065	68.945	68.955	5
2026-02-12 13:35	68.950	68.965	68.840	68.855	5
2026-02-12 13:40	68.850	68.860	68.700	68.755	5
2026-02-12 13:45	68.745	68.815	68.645	68.795	5
2026-02-12 13:50	68.800	68.975	68.795	68.935	5
2026-02-12 13:55	68.925	68.940	68.855	68.915	5
2026-02-12 14:00	68.910	69.010	68.845	68.950	5
2026-02-12 14:05	68.960	69.015	68.940	68.995	5
2026-02-12 14:10	69.000	69.055	68.958	68.970	5
2026-02-12 14:15	68.965	68.965	68.840	68.935	5
2026-02-12 14:20	68.925	68.975	68.895	68.960	5
2026-02-12 14:25	68.955	68.970	68.875	68.960	5
2026-02-12 14:30	68.955	68.995	68.855	68.920	5
2026-02-12 14:35	68.915	69.040	68.805	68.825	5
2026-02-12 14:40	68.830	68.870	68.715	68.735	5
2026-02-12 14:45	68.725	68.825	68.605	68.755	5
2026-02-12 14:50	68.765	68.855	68.720	68.790	5
2026-02-12 14:55	68.795	68.805	68.625	68.685	5
2026-02-12 15:00	68.660	68.795	68.625	68.775	5
2026-02-12 15:05	68.770	68.845	68.715	68.745	5
2026-02-12 15:10	68.750	68.845	68.705	68.835	5
2026-02-12 15:15	68.830	68.855	68.705	68.715	5
2026-02-12 15:20	68.705	68.735	68.645	68.715	5
2026-02-12 15:25	68.720	68.730	68.665	68.675	5
2026-02-12 15:30	68.665	68.720	68.515	68.585	5
2026-02-12 15:35	68.580	68.655	68.395	68.395	5
2026-02-12 15:40	68.335	68.460	68.255	68.255	5
2026-02-12 15:45	68.260	68.390	68.235	68.340	5
2026-02-12 15:50	68.335	68.405	68.235	68.235	5
2026-02-12 15:55	68.240	68.355	68.193	68.325	5
2026-02-12 16:00	68.320	68.355	68.150	68.235	5
2026-02-12 16:05	68.225	68.225	68.105	68.185	5
2026-02-12 16:10	68.180	68.225	68.110	68.110	5
2026-02-12 16:15	68.115	68.155	68.053	68.110	5
2026-02-12 16:20	68.125	68.205	68.073	68.110	5
2026-02-12 16:25	68.105	68.155	67.913	67.985	5
2026-02-12 16:30	67.960	68.120	67.923	67.955	5
2026-02-12 16:35	67.965	68.020	67.845	67.955	5
2026-02-12 16:40	67.950	67.985	67.888	67.905	5
2026-02-12 16:45	67.910	67.960	67.585	67.625	5
2026-02-12 16:50	67.610	67.645	67.360	67.415	5
2026-02-12 16:55	67.420	67.555	67.383	67.435	5
2026-02-12 17:00	67.393	67.495	67.340	67.450	5
2026-02-12 17:05	67.455	67.640	67.435	67.520	5
2026-02-12 17:10	67.515	67.515	67.265	67.295	5
2026-02-12 17:15	67.290	67.340	67.240	67.315	5
2026-02-12 17:20	67.325	67.425	67.305	67.385	5
2026-02-12 17:25	67.380	67.505	67.365	67.365	5
2026-02-12 17:30	67.355	67.435	67.295	67.425	5
2026-02-12 17:35	67.415	67.475	67.400	67.415	5
2026-02-12 17:40	67.420	67.475	67.375	67.410	5
2026-02-12 17:45	67.425	67.435	67.325	67.335	5
2026-02-12 17:50	67.330	67.365	67.200	67.260	5
2026-02-12 17:55	67.265	67.305	67.205	67.285	5
2026-02-12 18:00	67.290	67.415	67.250	67.330	5
2026-02-12 18:05	67.325	67.410	67.325	67.345	5
2026-02-12 18:10	67.340	67.365	67.305	67.315	5
2026-02-12 18:15	67.295	67.350	67.275	67.290	5
2026-02-12 18:20	67.295	67.360	67.275	67.345	5
2026-02-12 18:25	67.350	67.365	67.223	67.345	5
2026-02-12 18:30	67.335	67.415	67.315	67.375	5
2026-02-12 18:35	67.370	67.445	67.355	67.405	5
2026-02-12 18:40	67.400	67.435	67.375	67.415	5
2026-02-12 18:45	67.410	67.420	67.345	67.345	5
2026-02-12 18:50	67.350	67.370	67.320	67.350	5
2026-02-12 18:55	67.345	67.395	67.275	67.325	5
2026-02-12 19:00	67.310	67.345	67.070	67.245	5
2026-02-12 19:05	67.240	67.335	67.230	67.295	5
2026-02-12 19:10	67.290	67.380	67.265	67.345	5
2026-02-12 19:15	67.335	67.350	67.235	67.290	5
2026-02-12 19:20	67.285	67.375	67.270	67.325	5
2026-02-12 19:25	67.320	67.565	67.315	67.565	5
2026-02-12 19:30	67.555	67.685	67.535	67.680	5
2026-02-12 19:35	67.685	67.715	67.655	67.700	5
2026-02-12 19:40	67.695	67.725	67.655	67.720	5
2026-02-12 19:45	67.715	67.745	67.695	67.730	5
2026-02-12 19:50	67.725	67.735	67.640	67.640	5
2026-02-12 19:55	67.645	67.650	67.590	67.615	5
2026-02-12 20:00	67.605	67.630	67.585	67.600	5
2026-02-12 20:05	67.595	67.615	67.540	67.545	4
2026-02-12 20:10	67.535	67.590	67.505	67.580	5
2026-02-12 20:15	67.585	67.585	67.535	67.555	5
2026-02-12 20:20	67.545	67.560	67.535	67.555	5
2026-02-12 20:25	67.550	67.555	67.520	67.525	5
2026-02-12 20:30	67.520	67.545	67.500	67.540	5
2026-02-12 20:35	67.535	67.555	67.515	67.520	5
2026-02-12 20:40	67.525	67.555	67.510	67.550	5
2026-02-12 20:45	67.545	67.570	67.525	67.545	5
2026-02-12 20:50	67.535	67.570	67.525	67.570	5
2026-02-12 20:55	67.575	67.615	67.565	67.585	5
2026-02-12 21:00	67.580	67.585	67.532	67.537	5
2026-02-12 21:05	67.542	67.547	67.492	67.497	5
2026-02-12 21:10	67.502	67.502	67.472	67.502	5
2026-02-12 21:15	67.507	67.572	67.507	67.557	5
2026-02-12 21:20	67.562	67.577	67.542	67.557	5
2026-02-12 21:25	67.552	67.562	67.547	67.562	4
2026-02-12 21:30	67.552	67.562	67.487	67.512	5
2026-02-12 21:35	67.488	67.527	67.483	67.527	5
2026-02-12 21:40	67.532	67.542	67.517	67.537	4
2026-02-12 21:45	67.532	67.542	67.503	67.537	3
2026-02-12 21:50	67.532	67.612	67.527	67.587	5
2026-02-12 21:55	67.582	67.597	67.537	67.537	5
2026-02-13 01:00	67.537	67.550	67.410	67.475	5
2026-02-13 01:05	67.465	67.585	67.420	67.540	5
2026-02-13 01:10	67.530	67.580	67.510	67.540	5
2026-02-13 01:15	67.530	67.670	67.515	67.655	5
2026-02-13 01:20	67.660	67.675	67.615	67.650	5
2026-02-13 01:25	67.655	67.670	67.593	67.625	5
2026-02-13 01:30	67.620	67.655	67.580	67.605	5
2026-02-13 01:35	67.610	67.630	67.570	67.610	5
2026-02-13 01:40	67.615	67.655	67.595	67.645	5
2026-02-13 01:45	67.635	67.650	67.610	67.630	5
2026-02-13 01:50	67.625	67.645	67.565	67.570	5
2026-02-13 01:55	67.575	67.580	67.515	67.520	5
2026-02-13 02:00	67.488	67.555	67.475	67.520	5
2026-02-13 02:05	67.515	67.565	67.495	67.555	5
2026-02-13 02:10	67.560	67.570	67.505	67.540	5
2026-02-13 02:15	67.535	67.550	67.520	67.525	5
2026-02-13 02:20	67.530	67.555	67.530	67.540	5
2026-02-13 02:25	67.535	67.545	67.515	67.530	5
2026-02-13 02:30	67.545	67.555	67.460	67.465	5
2026-02-13 02:35	67.470	67.520	67.440	67.515	5
2026-02-13 02:40	67.505	67.510	67.425	67.465	5
2026-02-13 02:45	67.455	67.465	67.385	67.410	5
2026-02-13 02:50	67.415	67.445	67.405	67.445	5
2026-02-13 02:55	67.440	67.505	67.440	67.445	5
2026-02-13 03:00	67.450	67.460	67.420	67.455	5
2026-02-13 03:05	67.460	67.495	67.445	67.485	5
2026-02-13 03:10	67.480	67.485	67.445	67.455	5
2026-02-13 03:15	67.460	67.460	67.385	67.395	5
2026-02-13 03:20	67.400	67.420	67.385	67.420	5
2026-02-13 03:25	67.410	67.420	67.390	67.410	5
2026-02-13 03:30	67.420	67.475	67.395	67.445	5
2026-02-13 03:35	67.440	67.455	67.408	67.455	5
2026-02-13 03:40	67.408	67.460	67.408	67.440	5
2026-02-13 03:45	67.445	67.445	67.385	67.385	5
2026-02-13 03:50	67.390	67.395	67.360	67.360	5
2026-02-13 03:55	67.355	67.405	67.350	67.400	5
2026-02-13 04:00	67.405	67.420	67.395	67.405	5
2026-02-13 04:05	67.410	67.450	67.398	67.440	5
2026-02-13 04:10	67.435	67.485	67.435	67.465	5
2026-02-13 04:15	67.470	67.505	67.470	67.485	5
2026-02-13 04:20	67.490	67.490	67.428	67.460	5
2026-02-13 04:25	67.455	67.455	67.435	67.450	5
2026-02-13 04:30	67.455	67.465	67.398	67.465	5
2026-02-13 04:35	67.418	67.460	67.418	67.435	4
2026-02-13 04:40	67.440	67.445	67.425	67.435	5
2026-02-13 04:45	67.430	67.445	67.430	67.445	5
2026-02-13 04:50	67.440	67.475	67.398	67.435	5
2026-02-13 04:55	67.440	67.490	67.440	67.460	5
2026-02-13 05:00	67.455	67.470	67.455	67.470	5
2026-02-13 05:05	67.480	67.480	67.430	67.445	5
2026-02-13 05:10	67.440	67.465	67.425	67.430	5
2026-02-13 05:15	67.425	67.425	67.370	67.370	5
2026-02-13 05:20	67.365	67.375	67.335	67.350	5
2026-02-13 05:25	67.345	67.395	67.345	67.370	5
2026-02-13 05:30	67.375	67.395	67.315	67.370	5
2026-02-13 05:35	67.365	67.395	67.350	67.380	5
2026-02-13 05:40	67.385	67.385	67.340	67.360	5
2026-02-13 05:45	67.365	67.430	67.315	67.380	5
2026-02-13 05:50	67.375	67.380	67.320	67.330	5
2026-02-13 05:55	67.340	67.345	67.295	67.315	5
2026-02-13 06:00	67.320	67.370	67.300	67.335	5
2026-02-13 06:05	67.325	67.375	67.320	67.365	5
2026-02-13 06:10	67.370	67.395	67.350	67.385	5
2026-02-13 06:15	67.390	67.485	67.390	67.415	5
2026-02-13 06:20	67.410	67.425	67.390	67.400	5
2026-02-13 06:25	67.395	67.445	67.360	67.445	5
2026-02-13 06:30	67.450	67.475	67.430	67.465	5
2026-02-13 06:35	67.450	67.455	67.430	67.430	5
2026-02-13 06:40	67.425	67.455	67.395	67.440	5
2026-02-13 06:45	67.445	67.550	67.420	67.540	5
2026-02-13 06:50	67.545	67.565	67.480	67.485	5
2026-02-13 06:55	67.495	67.540	67.475	67.530	5
2026-02-13 07:00	67.535	67.535	67.435	67.455	5
2026-02-13 07:05	67.445	67.495	67.430	67.485	5
2026-02-13 07:10	67.495	67.495	67.390	67.425	5
2026-02-13 07:15	67.430	67.435	67.390	67.415	5
2026-02-13 07:20	67.405	67.425	67.355	67.425	5
2026-02-13 07:25	67.420	67.435	67.395	67.415	5
2026-02-13 07:30	67.400	67.505	67.395	67.445	5
2026-02-13 07:35	67.430	67.525	67.395	67.395	5
2026-02-13 07:40	67.380	67.465	67.375	67.445	5
2026-02-13 07:45	67.440	67.475	67.405	67.415	5
2026-02-13 07:50	67.410	67.425	67.345	67.425	5
2026-02-13 07:55	67.420	67.455	67.365	67.375	5
2026-02-13 08:00	67.333	67.505	67.333	67.495	5
2026-02-13 08:05	67.500	67.565	67.485	67.535	5
2026-02-13 08:10	67.540	67.605	67.490	67.505	5
2026-02-13 08:15	67.510	67.555	67.395	67.400	5
2026-02-13 08:20	67.405	67.485	67.385	67.475	5
2026-02-13 08:25	67.465	67.510	67.430	67.460	5
2026-02-13 08:30	67.455	67.475	67.215	67.255	5
2026-02-13 08:35	67.265	67.435	67.265	67.370	5
2026-02-13 08:40	67.375	67.565	67.355	67.565	5
2026-02-13 08:45	67.570	67.715	67.555	67.710	5
2026-02-13 08:50	67.715	67.725	67.595	67.605	5
2026-02-13 08:55	67.600	67.645	67.555	67.585	5
2026-02-13 09:00	67.605	67.635	67.505	67.505	5
2026-02-13 09:05	67.495	67.525	67.415	67.490	5
2026-02-13 09:10	67.480	67.580	67.475	67.545	5
2026-02-13 09:15	67.540	67.545	67.475	67.505	5
2026-02-13 09:20	67.500	67.555	67.485	67.545	5
2026-02-13 09:25	67.540	67.630	67.540	67.545	5
2026-02-13 09:30	67.550	67.615	67.510	67.605	5
2026-02-13 09:35	67.600	67.745	67.600	67.745	5
2026-02-13 09:40	67.750	67.870	67.745	67.805	5
2026-02-13 09:45	67.795	67.820	67.755	67.810	5
2026-02-13 09:50	67.815	67.820	67.730	67.735	5
2026-02-13 09:55	67.730	67.805	67.680	67.795	5
2026-02-13 10:00	67.805	67.815	67.735	67.735	5
2026-02-13 10:05	67.730	67.775	67.610	67.645	5
2026-02-13 10:10	67.650	67.690	67.635	67.680	5
2026-02-13 10:15	67.685	67.725	67.625	67.685	5
2026-02-13 10:20	67.695	67.740	67.655	67.680	5
2026-02-13 10:25	67.675	67.745	67.655	67.730	5
2026-02-13 10:30	67.725	67.815	67.645	67.780	5
2026-02-13 10:35	67.775	67.865	67.775	67.855	5
2026-02-13 10:40	67.850	67.985	67.845	67.945	5
2026-02-13 10:45	67.950	67.965	67.875	67.885	5
2026-02-13 10:50	67.890	67.940	67.885	67.900	5
2026-02-13 10:55	67.905	67.925	67.870	67.875	5
2026-02-13 11:00	67.833	67.865	67.760	67.760	5
2026-02-13 11:05	67.770	67.830	67.720	67.740	5
2026-02-13 11:10	67.745	67.845	67.745	67.760	5
2026-02-13 11:15	67.765	67.765	67.665	67.665	5
2026-02-13 11:20	67.660	67.680	67.610	67.625	5
2026-02-13 11:25	67.620	67.770	67.595	67.735	5
2026-02-13 11:30	67.730	67.735	67.605	67.685	5
2026-02-13 11:35	67.680	67.680	67.460	67.475	5
2026-02-13 11:40	67.480	67.595	66.890	67.000	5
2026-02-13 11:45	66.995	67.155	66.870	66.985	5
2026-02-13 11:50	66.980	67.115	66.945	67.045	5
2026-02-13 11:55	67.050	67.190	67.010	67.150	5
2026-02-13 12:00	67.115	67.215	67.063	67.120	5
2026-02-13 12:05	67.125	67.165	67.030	67.155	5
2026-02-13 12:10	67.150	67.150	67.055	67.115	5
2026-02-13 12:15	67.105	67.135	67.045	67.060	5
2026-02-13 12:20	67.065	67.185	67.045	67.130	5
2026-02-13 12:25	67.135	67.175	67.095	67.125	5
2026-02-13 12:30	67.110	67.160	67.050	67.095	5
2026-02-13 12:35	67.105	67.165	67.095	67.110	5
2026-02-13 12:40	67.100	67.345	67.095	67.320	5
2026-02-13 12:45	67.315	67.340	67.165	67.180	5
2026-02-13 12:50	67.175	67.260	67.175	67.250	5
2026-02-13 12:55	67.255	67.330	67.230	67.290	5
2026-02-13 13:00	67.273	67.410	67.260	67.385	5
2026-02-13 13:05	67.395	67.425	67.330	67.410	5
2026-02-13 13:10	67.415	67.470	67.380	67.425	5
2026-02-13 13:15	67.435	67.570	67.395	67.565	5
2026-02-13 13:20	67.560	67.615	67.520	67.530	5
2026-02-13 13:25	67.525	67.550	67.465	67.515	5
2026-02-13 13:30	67.520	67.710	67.510	67.705	5
2026-02-13 13:35	67.700	67.735	67.620	67.665	5
2026-02-13 13:40	67.670	67.735	67.630	67.695	5
2026-02-13 13:45	67.685	67.725	67.623	67.725	5
2026-02-13 13:50	67.730	67.760	67.670	67.695	5
2026-02-13 13:55	67.705	67.755	67.653	67.685	5
2026-02-13 14:00	67.680	67.680	67.525	67.560	5
2026-02-13 14:05	67.565	67.620	67.380	67.405	5
2026-02-13 14:10	67.385	67.495	67.335	67.485	5
2026-02-13 14:15	67.490	67.560	67.405	67.405	5
2026-02-13 14:20	67.395	67.610	67.395	67.585	5
2026-02-13 14:25	67.595	67.595	67.470	67.495	5
2026-02-13 14:30	67.453	67.575	67.445	67.515	5
2026-02-13 14:35	67.510	67.515	67.265	67.270	5
2026-02-13 14:40	67.265	67.385	67.090	67.380	5
2026-02-13 14:45	67.343	67.530	67.323	67.375	5
2026-02-13 14:50	67.380	67.470	67.263	67.400	5
2026-02-13 14:55	67.395	67.625	67.385	67.490	5
2026-02-13 15:00	67.480	67.605	67.418	67.515	5
2026-02-13 15:05	67.510	67.675	67.443	67.595	5
2026-02-13 15:10	67.590	67.680	67.495	67.495	5
2026-02-13 15:15	67.500	67.545	67.355	67.490	5
2026-02-13 15:20	67.485	67.570	67.440	67.540	5
2026-02-13 15:25	67.545	67.605	67.520	67.585	5
2026-02-13 15:30	67.528	67.705	67.528	67.625	5
2026-02-13 15:35	67.630	67.785	67.585	67.600	5
2026-02-13 15:40	67.595	67.655	67.550	67.575	5
2026-02-13 15:45	67.580	67.605	67.490	67.565	5
2026-02-13 15:50	67.570	67.650	67.545	67.555	5
2026-02-13 15:55	67.570	67.595	67.500	67.530	5
2026-02-13 16:00	67.520	67.520	67.435	67.485	5
2026-02-13 16:05	67.475	67.520	67.390	67.460	5
2026-02-13 16:10	67.445	67.500	67.380	67.495	5
2026-02-13 16:15	67.500	67.565	67.455	67.480	5
2026-02-13 16:20	67.485	67.555	67.455	67.490	5
2026-02-13 16:25	67.485	67.630	67.460	67.630	5
2026-02-13 16:30	67.635	67.765	67.610	67.725	5
2026-02-13 16:35	67.735	67.745	67.605	67.665	5
2026-02-13 16:40	67.655	67.715	67.575	67.640	5
2026-02-13 16:45	67.645	67.685	67.485	67.515	5
2026-02-13 16:50	67.505	67.550	67.228	67.455	5
2026-02-13 16:55	67.450	67.530	67.430	67.480	5
2026-02-13 17:00	67.475	67.565	67.465	67.530	5
2026-02-13 17:05	67.535	67.645	67.535	67.625	5
2026-02-13 17:10	67.620	67.690	67.590	67.595	5
2026-02-13 17:15	67.600	67.605	67.485	67.575	5
2026-02-13 17:20	67.570	67.665	67.448	67.615	5
2026-02-13 17:25	67.620	67.695	67.615	67.660	5
2026-02-13 17:30	67.670	67.805	67.655	67.785	5
2026-02-13 17:35	67.775	67.855	67.775	67.845	5
2026-02-13 17:40	67.850	67.945	67.830	67.885	5
2026-02-13 17:45	67.890	68.035	67.890	67.980	5
2026-02-13 17:50	67.975	67.995	67.895	67.930	5
2026-02-13 17:55	67.935	67.950	67.905	67.930	5
2026-02-13 18:00	67.935	67.985	67.925	67.935	5
2026-02-13 18:05	67.945	67.955	67.885	67.915	5
2026-02-13 18:10	67.920	67.985	67.920	67.985	5
2026-02-13 18:15	67.990	68.000	67.880	67.895	5
2026-02-13 18:20	67.890	67.955	67.890	67.895	5
2026-02-13 18:25	67.905	67.925	67.825	67.875	5
2026-02-13 18:30	67.880	67.900	67.865	67.890	5
2026-02-13 18:35	67.885	67.895	67.860	67.895	5
2026-02-13 18:40	67.885	67.990	67.885	67.935	5
2026-02-13 18:45	67.940	67.990	67.915	67.955	5
2026-02-13 18:50	67.960	67.965	67.865	67.900	5
2026-02-13 18:55	67.895	67.900	67.780	67.805	5
2026-02-13 19:00	67.775	67.820	67.725	67.775	5
2026-02-13 19:05	67.780	67.795	67.685	67.790	5
2026-02-13 19:10	67.795	67.840	67.775	67.775	5
2026-02-13 19:15	67.780	67.820	67.685	67.770	5
2026-02-13 19:20	67.775	67.805	67.710	67.785	5
2026-02-13 19:25	67.790	67.805	67.685	67.685	5
2026-02-13 19:30	67.675	67.745	67.625	67.715	5
2026-02-13 19:35	67.725	67.775	67.670	67.690	5
2026-02-13 19:40	67.695	67.725	67.645	67.695	5
2026-02-13 19:45	67.690	67.745	67.620	67.630	5
2026-02-13 19:50	67.635	67.640	67.555	67.565	5
2026-02-13 19:55	67.555	67.610	67.515	67.525	5
2026-02-13 20:00	67.520	67.585	67.515	67.560	5
2026-02-13 20:05	67.565	67.600	67.525	67.590	5
2026-02-13 20:10	67.595	67.605	67.560	67.570	5
2026-02-13 20:15	67.560	67.565	67.485	67.545	5
2026-02-13 20:20	67.540	67.580	67.475	67.475	5
2026-02-13 20:25	67.465	67.485	67.415	67.445	5
2026-02-13 20:30	67.440	67.450	67.380	67.400	5
2026-02-13 20:35	67.405	67.500	67.405	67.495	5
2026-02-13 20:40	67.500	67.525	67.460	67.485	5
2026-02-13 20:45	67.490	67.490	67.220	67.430	5
2026-02-13 20:50	67.425	67.550	67.415	67.540	5
2026-02-13 20:55	67.545	67.600	67.515	67.580	5
2026-02-13 21:00	67.557	67.647	67.552	67.637	5
2026-02-13 21:05	67.642	67.682	67.612	67.652	5
2026-02-13 21:10	67.657	67.662	67.617	67.627	4
2026-02-13 21:15	67.607	67.627	67.592	67.607	5
2026-02-13 21:20	67.617	67.642	67.587	67.642	5
2026-02-13 21:25	67.647	67.662	67.622	67.627	5
2026-02-13 21:30	67.622	67.627	67.597	67.607	5
2026-02-13 21:35	67.612	67.672	67.588	67.667	4
2026-02-13 21:40	67.662	67.677	67.632	67.642	4
2026-02-13 21:45	67.647	67.657	67.592	67.647	5
2026-02-13 21:50	67.652	67.722	67.582	67.592	5
2026-02-13 21:55	67.587	67.617	67.572	67.597	5
2026-02-16 01:00	67.677	67.730	67.677	67.710	4
2026-02-16 01:05	67.715	67.780	67.705	67.760	5
2026-02-16 01:10	67.765	67.770	67.705	67.715	5
2026-02-16 01:15	67.710	67.735	67.700	67.735	5
2026-02-16 01:20	67.740	67.760	67.715	67.720	5
2026-02-16 01:25	67.715	67.725	67.658	67.695	5
2026-02-16 01:30	67.710	67.720	67.690	67.690	4
2026-02-16 01:35	67.685	67.705	67.685	67.690	5
2026-02-16 01:40	67.643	67.710	67.643	67.700	5
2026-02-16 01:45	67.705	67.710	67.690	67.695	4
2026-02-16 01:50	67.690	67.700	67.675	67.700	4
2026-02-16 01:55	67.653	67.710	67.653	67.700	5
2026-02-16 02:00	67.695	67.695	67.615	67.650	5
2026-02-16 02:05	67.645	67.645	67.595	67.615	5
2026-02-16 02:10	67.605	67.645	67.605	67.635	5
2026-02-16 02:15	67.630	67.665	67.625	67.665	5
2026-02-16 02:20	67.675	67.675	67.628	67.675	5
2026-02-16 02:25	67.670	67.675	67.645	67.660	3
2026-02-16 02:30	67.665	67.675	67.608	67.675	4
2026-02-16 02:35	67.628	67.740	67.628	67.735	5
2026-02-16 02:40	67.740	67.805	67.735	67.785	5
2026-02-16 02:45	67.780	67.785	67.728	67.755	5
2026-02-16 02:50	67.745	67.745	67.715	67.745	5
2026-02-16 02:55	67.735	67.735	67.715	67.735	5
2026-02-16 03:00	67.688	67.805	67.688	67.758	5
2026-02-16 03:05	67.815	67.815	67.768	67.780	5
2026-02-16 03:10	67.775	67.795	67.750	67.765	5
2026-02-16 03:15	67.755	67.775	67.750	67.755	5
2026-02-16 03:20	67.760	67.775	67.728	67.745	5
2026-02-16 03:25	67.755	67.785	67.750	67.765	5
2026-02-16 03:30	67.770	67.785	67.718	67.740	5
2026-02-16 03:35	67.735	67.745	67.675	67.685	5
2026-02-16 03:40	67.690	67.705	67.665	67.680	5
2026-02-16 03:45	67.675	67.770	67.675	67.765	5
2026-02-16 03:50	67.775	67.805	67.748	67.785	5
2026-02-16 03:55	67.795	67.795	67.745	67.770	5
2026-02-16 04:00	67.765	67.805	67.748	67.785	5
2026-02-16 04:05	67.765	67.775	67.688	67.735	5
2026-02-16 04:10	67.725	67.755	67.708	67.708	5
2026-02-16 04:15	67.760	67.785	67.735	67.735	5
2026-02-16 04:20	67.745	67.775	67.730	67.760	5
2026-02-16 04:25	67.755	67.815	67.725	67.725	5
2026-02-16 04:30	67.735	67.805	67.720	67.790	5
2026-02-16 04:35	67.800	67.800	67.755	67.785	5
2026-02-16 04:40	67.805	67.815	67.770	67.770	3
2026-02-16 04:45	67.775	67.795	67.770	67.795	5
2026-02-16 04:50	67.790	67.800	67.718	67.745	5
2026-02-16 04:55	67.750	67.770	67.725	67.770	5
2026-02-16 05:00	67.780	67.800	67.765	67.795	5
2026-02-16 05:05	67.805	67.815	67.785	67.810	4
2026-02-16 05:10	67.805	67.815	67.748	67.795	5
2026-02-16 05:15	67.790	67.815	67.735	67.740	5
2026-02-16 05:20	67.750	67.765	67.745	67.760	3
2026-02-16 05:25	67.755	67.765	67.715	67.730	4
2026-02-16 05:30	67.735	67.745	67.690	67.700	5
2026-02-16 05:35	67.705	67.705	67.665	67.675	5
2026-02-16 05:40	67.680	67.695	67.680	67.690	5
2026-02-16 05:45	67.695	67.725	67.690	67.710	5
2026-02-16 05:50	67.715	67.725	67.695	67.700	5
2026-02-16 05:55	67.705	67.720	67.695	67.695	5
2026-02-16 06:00	67.690	67.720	67.670	67.710	5
2026-02-16 06:05	67.720	67.750	67.710	67.750	5
2026-02-16 06:10	67.760	67.805	67.755	67.775	5
2026-02-16 06:15	67.765	67.800	67.765	67.770	5
2026-02-16 06:20	67.750	67.770	67.730	67.765	5
2026-02-16 06:25	67.770	67.775	67.745	67.745	4
2026-02-16 06:30	67.740	67.750	67.720	67.750	5
2026-02-16 06:35	67.740	67.770	67.735	67.770	5
2026-02-16 06:40	67.775	67.775	67.730	67.745	5
2026-02-16 06:45	67.750	67.800	67.750	67.790	5
2026-02-16 06:50	67.780	67.780	67.715	67.725	5
2026-02-16 06:55	67.740	67.745	67.688	67.745	5
2026-02-16 07:00	67.740	67.780	67.700	67.750	5
2026-02-16 07:05	67.740	67.755	67.675	67.695	5
2026-02-16 07:10	67.700	67.760	67.640	67.650	5
2026-02-16 07:15	67.670	67.730	67.635	67.635	5
2026-02-16 07:20	67.630	67.685	67.620	67.655	5
2026-02-16 07:25	67.660	67.725	67.655	67.725	5
2026-02-16 07:30	67.720	67.755	67.710	67.725	5
2026-02-16 07:35	67.720	67.720	67.640	67.680	5
2026-02-16 07:40	67.685	67.705	67.655	67.700	5
2026-02-16 07:45	67.695	67.695	67.650	67.670	5
2026-02-16 07:50	67.675	67.695	67.620	67.620	5
2026-02-16 07:55	67.635	67.665	67.595	67.620	5
2026-02-16 08:00	67.635	67.640	67.555	67.580	5
2026-02-16 08:05	67.575	67.605	67.545	67.600	5
2026-02-16 08:10	67.615	67.655	67.565	67.580	5
2026-02-16 08:15	67.575	67.625	67.535	67.575	5
2026-02-16 08:20	67.590	67.630	67.565	67.570	5
2026-02-16 08:25	67.565	67.625	67.540	67.625	5
2026-02-16 08:30	67.620	67.625	67.535	67.625	5
2026-02-16 08:35	67.620	67.635	67.565	67.580	5
2026-02-16 08:40	67.590	67.615	67.565	67.595	5
2026-02-16 08:45	67.590	67.590	67.495	67.545	5
2026-02-16 08:50	67.550	67.550	67.455	67.455	5
2026-02-16 08:55	67.460	67.460	67.305	67.375	5
2026-02-16 09:00	67.385	67.510	67.340	67.485	5
2026-02-16 09:05	67.480	67.585	67.480	67.545	5
2026-02-16 09:10	67.550	67.550	67.470	67.485	5
2026-02-16 09:15	67.490	67.585	67.480	67.585	5
2026-02-16 09:20	67.590	67.675	67.585	67.650	5
2026-02-16 09:25	67.660	67.700	67.645	67.695	5
2026-02-16 09:30	67.700	67.700	67.570	67.570	5
2026-02-16 09:35	67.575	67.585	67.515	67.560	5
2026-02-16 09:40	67.555	67.610	67.525	67.550	5
2026-02-16 09:45	67.555	67.555	67.435	67.440	5
2026-02-16 09:50	67.445	67.490	67.430	67.460	5
2026-02-16 09:55	67.455	67.465	67.365	67.375	5
2026-02-16 10:00	67.360	67.540	67.350	67.530	5
2026-02-16 10:05	67.535	67.535	67.470	67.470	5
2026-02-16 10:10	67.460	67.495	67.425	67.450	5
2026-02-16 10:15	67.445	67.550	67.420	67.535	5
2026-02-16 10:20	67.530	67.580	67.525	67.540	5
2026-02-16 10:25	67.535	67.655	67.525	67.595	5
2026-02-16 10:30	67.590	67.650	67.550	67.560	5
2026-02-16 10:35	67.555	67.655	67.555	67.620	5
2026-02-16 10:40	67.625	67.715	67.615	67.675	5
2026-02-16 10:45	67.685	67.895	67.658	67.840	5
2026-02-16 10:50	67.845	67.915	67.795	67.845	5
2026-02-16 10:55	67.850	67.875	67.825	67.825	5
2026-02-16 11:00	67.830	67.915	67.830	67.885	5
2026-02-16 11:05	67.895	67.925	67.855	67.875	5
2026-02-16 11:10	67.865	67.865	67.780	67.795	5
2026-02-16 11:15	67.790	67.825	67.750	67.765	5
2026-02-16 11:20	67.760	67.785	67.715	67.735	5
2026-02-16 11:25	67.730	67.795	67.720	67.785	5
2026-02-16 11:30	67.795	67.880	67.775	67.880	5
2026-02-16 11:35	67.885	67.890	67.795	67.805	5
2026-02-16 11:40	67.763	67.895	67.763	67.875	5
2026-02-16 11:45	67.885	67.905	67.850	67.875	5
2026-02-16 11:50	67.870	67.890	67.795	67.795	5
2026-02-16 11:55	67.790	67.825	67.755	67.760	5
2026-02-16 12:00	67.713	67.765	67.705	67.720	5
2026-02-16 12:05	67.710	67.795	67.695	67.715	5
2026-02-16 12:10	67.710	67.745	67.705	67.715	5
2026-02-16 12:15	67.720	67.785	67.705	67.780	5
2026-02-16 12:20	67.785	67.805	67.760	67.780	5
2026-02-16 12:25	67.785	67.820	67.780	67.785	5
2026-02-16 12:30	67.790	67.840	67.715	67.835	5
2026-02-16 12:35	67.830	67.910	67.825	67.890	5
2026-02-16 12:40	67.895	67.925	67.875	67.905	5
2026-02-16 12:45	67.910	67.965	67.870	67.965	5
2026-02-16 12:50	67.970	67.975	67.905	67.910	5
2026-02-16 12:55	67.895	67.925	67.865	67.890	5
2026-02-16 13:00	67.895	67.940	67.880	67.885	5
2026-02-16 13:05	67.880	67.945	67.865	67.875	5
2026-02-16 13:10	67.880	67.885	67.825	67.830	5
2026-02-16 13:15	67.825	67.905	67.810	67.885	5
2026-02-16 13:20	67.890	67.895	67.865	67.865	5
2026-02-16 13:25	67.860	67.930	67.860	67.915	5
2026-02-16 13:30	67.920	67.960	67.905	67.935	5
2026-02-16 13:35	67.945	67.970	67.915	67.955	5
2026-02-16 13:40	67.960	68.005	67.915	67.925	5
2026-02-16 13:45	67.915	67.930	67.905	67.905	5
2026-02-16 13:50	67.915	67.935	67.855	67.875	5
2026-02-16 13:55	67.880	67.945	67.870	67.895	5
2026-02-16 14:00	67.855	67.995	67.810	67.975	5
2026-02-16 14:05	67.985	67.995	67.945	67.955	5
2026-02-16 14:10	67.950	68.025	67.945	68.020	5
2026-02-16 14:15	68.025	68.145	68.010	68.115	5
2026-02-16 14:20	68.095	68.170	68.055	68.155	5
2026-02-16 14:25	68.165	68.215	68.165	68.180	5
2026-02-16 14:30	68.185	68.230	68.150	68.225	5
2026-02-16 14:35	68.230	68.255	68.190	68.250	5
2026-02-16 14:40	68.255	68.365	68.255	68.315	5
2026-02-16 14:45	68.310	68.315	68.215	68.255	5
2026-02-16 14:50	68.260	68.270	68.200	68.235	5
2026-02-16 14:55	68.240	68.290	68.230	68.260	5
2026-02-16 15:00	68.265	68.270	68.185	68.185	5
2026-02-16 15:05	68.175	68.180	68.105	68.145	5
2026-02-16 15:10	68.140	68.205	68.140	68.165	5
2026-02-16 15:15	68.155	68.205	68.135	68.140	5
2026-02-16 15:20	68.145	68.205	68.125	68.190	5
2026-02-16 15:25	68.185	68.195	68.125	68.140	5
2026-02-16 15:30	68.135	68.145	68.025	68.065	5
2026-02-16 15:35	68.060	68.310	68.040	68.310	5
2026-02-16 15:40	68.315	68.325	68.265	68.275	5
2026-02-16 15:45	68.285	68.335	68.275	68.305	5
2026-02-16 15:50	68.300	68.365	68.285	68.355	5
2026-02-16 15:55	68.350	68.425	68.340	68.375	5
2026-02-16 16:00	68.348	68.405	68.345	68.375	5
2026-02-16 16:05	68.370	68.380	68.285	68.305	5
2026-02-16 16:10	68.310	68.425	68.305	68.365	5
2026-02-16 16:15	68.370	68.445	68.365	68.435	5
2026-02-16 16:20	68.430	68.460	68.425	68.455	5
2026-02-16 16:25	68.465	68.505	68.415	68.415	5
2026-02-16 16:30	68.425	68.525	68.415	68.515	5
2026-02-16 16:35	68.525	68.525	68.425	68.525	5
2026-02-16 16:40	68.530	68.555	68.495	68.500	5
2026-02-16 16:45	68.495	68.515	68.425	68.425	5
2026-02-16 16:50	68.415	68.450	68.355	68.385	5
2026-02-16 16:55	68.395	68.400	68.345	68.355	5
2026-02-16 17:00	68.350	68.385	68.305	68.335	5
2026-02-16 17:05	68.340	68.425	68.335	68.410	5
2026-02-16 17:10	68.405	68.440	68.370	68.435	5
2026-02-16 17:15	68.430	68.445	68.345	68.385	5
2026-02-16 17:20	68.395	68.455	68.395	68.455	5
2026-02-16 17:25	68.445	68.470	68.385	68.425	5
2026-02-16 17:30	68.415	68.415	68.345	68.365	5
2026-02-16 17:35	68.375	68.415	68.355	68.360	5
2026-02-16 17:40	68.365	68.460	68.365	68.450	5
2026-02-16 17:45	68.455	68.495	68.425	68.445	5
2026-02-16 17:50	68.455	68.485	68.420	68.475	5
2026-02-16 17:55	68.480	68.695	68.475	68.680	5
2026-02-16 18:00	68.670	68.735	68.625	68.625	5
2026-02-16 18:05	68.630	68.665	68.583	68.655	5
2026-02-16 18:10	68.650	68.725	68.645	68.685	5
2026-02-16 18:15	68.695	68.720	68.690	68.710	5
2026-02-16 18:20	68.705	68.705	68.660	68.670	5
2026-02-16 18:25	68.675	68.695	68.675	68.690	5
2026-02-16 18:30	68.685	68.695	68.630	68.630	5
2026-02-16 18:35	68.635	68.650	68.593	68.645	5
2026-02-16 18:40	68.655	68.655	68.590	68.595	5
2026-02-16 18:45	68.590	68.655	68.590	68.645	5
2026-02-16 18:50	68.650	68.675	68.650	68.650	4
2026-02-16 18:55	68.645	68.650	68.630	68.630	5
2026-02-16 19:00	68.635	68.655	68.593	68.600	5
2026-02-16 19:05	68.558	68.610	68.558	68.595	5
2026-02-16 19:10	68.600	68.630	68.600	68.605	5
2026-02-16 19:15	68.600	68.610	68.560	68.610	5
2026-02-16 19:20	68.605	68.605	68.520	68.560	5
2026-02-16 19:25	68.555	68.590	68.530	68.555	5
2026-02-16 19:30	68.565	68.575	68.528	68.528	5
2026-02-16 19:35	68.570	68.590	68.570	68.585	4
2026-02-16 19:40	68.580	68.585	68.565	68.565	5
2026-02-16 19:45	68.523	68.585	68.523	68.560	5
2026-02-16 19:50	68.518	68.595	68.518	68.590	5
2026-02-16 19:55	68.595	68.615	68.553	68.600	5
2026-02-16 20:00	68.605	68.610	68.568	68.610	5
2026-02-16 20:05	68.568	68.605	68.538	68.570	5
2026-02-16 20:10	68.560	68.587	68.508	68.570	4
2026-02-16 20:15	68.528	68.610	68.528	68.595	5
2026-02-16 20:20	68.600	68.600	68.533	68.590	5
2026-02-16 20:25	68.615	68.615	68.558	68.600	4
2026-02-16 20:30	68.595	68.620	68.558	68.620	5
2026-02-16 20:35	68.615	68.630	68.573	68.588	4
2026-02-16 20:40	68.635	68.645	68.588	68.645	4
2026-02-16 20:45	68.603	68.645	68.603	68.640	4
2026-02-16 20:50	68.645	68.645	68.598	68.620	5
2026-02-16 20:55	68.615	68.630	68.588	68.588	5
2026-02-16 21:00	68.607	68.622	68.588	68.588	5
2026-02-16 21:05	68.607	68.607	68.577	68.582	4
2026-02-16 21:10	68.577	68.587	68.558	68.563	5
2026-02-16 21:15	68.587	68.587	68.553	68.558	4
2026-02-16 21:20	68.553	68.577	68.552	68.558	4
2026-02-16 21:25	68.572	68.572	68.548	68.548	2
2026-02-16 21:30	68.543	68.577	68.543	68.577	4
2026-02-16 21:35	68.553	68.572	68.543	68.548	5
2026-02-16 21:40	68.577	68.577	68.543	68.553	4
2026-02-16 21:45	68.572	68.592	68.548	68.577	3
2026-02-16 21:50	68.582	68.597	68.563	68.582	5
2026-02-16 21:55	68.558	68.572	68.547	68.547	4
2026-02-17 01:00	68.487	68.540	68.455	68.540	5
2026-02-17 01:05	68.550	68.580	68.525	68.560	5
2026-02-17 01:10	68.550	68.560	68.480	68.520	5
2026-02-17 01:15	68.515	68.520	68.495	68.500	5
2026-02-17 01:20	68.505	68.545	68.465	68.520	5
2026-02-17 01:25	68.530	68.560	68.520	68.550	5
2026-02-17 01:30	68.545	68.595	68.475	68.505	5
2026-02-17 01:35	68.500	68.535	68.500	68.520	5
2026-02-17 01:40	68.525	68.535	68.415	68.415	5
2026-02-17 01:45	68.410	68.450	68.395	68.445	5
2026-02-17 01:50	68.440	68.455	68.370	68.390	5
2026-02-17 01:55	68.395	68.425	68.380	68.415	5
2026-02-17 02:00	68.358	68.435	68.358	68.430	5
2026-02-17 02:05	68.425	68.470	68.425	68.460	5
2026-02-17 02:10	68.470	68.480	68.450	68.455	5
2026-02-17 02:15	68.445	68.485	68.440	68.455	5
2026-02-17 02:20	68.450	68.455	68.420	68.455	5
2026-02-17 02:25	68.450	68.465	68.440	68.460	5
2026-02-17 02:30	68.465	68.465	68.410	68.410	5
2026-02-17 02:35	68.415	68.420	68.395	68.400	4
2026-02-17 02:40	68.405	68.415	68.385	68.385	5
2026-02-17 02:45	68.338	68.405	68.338	68.385	5
2026-02-17 02:50	68.390	68.405	68.353	68.395	5
2026-02-17 02:55	68.400	68.400	68.345	68.345	5
2026-02-17 03:00	68.350	68.375	68.350	68.360	5
2026-02-17 03:05	68.345	68.370	68.320	68.365	5
2026-02-17 03:10	68.370	68.375	68.345	68.365	5
2026-02-17 03:15	68.375	68.375	68.355	68.360	4
2026-02-17 03:20	68.355	68.385	68.333	68.375	5
2026-02-17 03:25	68.370	68.370	68.345	68.345	3
2026-02-17 03:30	68.335	68.335	68.295	68.295	5
2026-02-17 03:35	68.305	68.335	68.285	68.310	5
2026-02-17 03:40	68.315	68.405	68.315	68.400	5
2026-02-17 03:45	68.395	68.395	68.355	68.360	5
2026-02-17 03:50	68.355	68.365	68.345	68.355	5
2026-02-17 03:55	68.350	68.360	68.340	68.340	5
2026-02-17 04:00	68.345	68.370	68.345	68.360	3
2026-02-17 04:05	68.350	68.360	68.288	68.325	5
2026-02-17 04:10	68.330	68.360	68.320	68.325	5
2026-02-17 04:15	68.320	68.320	68.285	68.305	5
2026-02-17 04:20	68.300	68.315	68.258	68.305	5
2026-02-17 04:25	68.295	68.305	68.295	68.295	4
2026-02-17 04:30	68.290	68.290	68.238	68.280	4
2026-02-17 04:35	68.285	68.310	68.248	68.305	5
2026-02-17 04:40	68.258	68.325	68.258	68.315	4
2026-02-17 04:45	68.268	68.320	68.268	68.295	5
2026-02-17 04:50	68.300	68.340	68.295	68.320	5
2026-02-17 04:55	68.315	68.335	68.315	68.335	5
2026-02-17 05:00	68.340	68.340	68.295	68.295	5
2026-02-17 05:05	68.248	68.315	68.248	68.290	5
2026-02-17 05:10	68.295	68.295	68.238	68.275	5
2026-02-17 05:15	68.270	68.275	68.225	68.225	5
2026-02-17 05:20	68.230	68.305	68.200	68.275	5
2026-02-17 05:25	68.265	68.285	68.255	68.255	5
2026-02-17 05:30	68.260	68.265	68.225	68.225	5
2026-02-17 05:35	68.240	68.250	68.205	68.220	5
2026-02-17 05:40	68.225	68.230	68.173	68.205	5
2026-02-17 05:45	68.210	68.225	68.195	68.200	5
2026-02-17 05:50	68.205	68.220	68.185	68.200	5
2026-02-17 05:55	68.205	68.225	68.195	68.205	5
2026-02-17 06:00	68.200	68.230	68.200	68.200	5
2026-02-17 06:05	68.195	68.225	68.168	68.168	5
2026-02-17 06:10	68.210	68.215	68.175	68.190	5
2026-02-17 06:15	68.185	68.215	68.185	68.205	5
2026-02-17 06:20	68.210	68.235	68.188	68.205	5
2026-02-17 06:25	68.195	68.200	68.138	68.185	5
2026-02-17 06:30	68.175	68.190	68.165	68.170	4
2026-02-17 06:35	68.165	68.190	68.138	68.190	5
2026-02-17 06:40	68.185	68.210	68.158	68.190	5
2026-02-17 06:45	68.195	68.225	68.138	68.185	5
2026-02-17 06:50	68.200	68.210	68.195	68.195	5
2026-02-17 06:55	68.200	68.225	68.165	68.185	5
2026-02-17 07:00	68.180	68.210	68.135	68.155	5
2026-02-17 07:05	68.165	68.165	68.075	68.075	5
2026-02-17 07:10	68.080	68.080	68.005	68.005	5
2026-02-17 07:15	67.995	68.005	67.975	67.995	5
2026-02-17 07:20	67.985	68.080	67.985	68.065	5
2026-02-17 07:25	68.075	68.075	68.025	68.025	4
2026-02-17 07:30	68.035	68.095	68.035	68.095	5
2026-02-17 07:35	68.085	68.125	68.015	68.035	5
2026-02-17 07:40	68.025	68.045	67.995	68.035	5
2026-02-17 07:45	68.025	68.065	68.025	68.065	5
2026-02-17 07:50	68.060	68.070	68.015	68.065	5
2026-02-17 07:55	68.075	68.105	68.030	68.055	5
2026-02-17 08:00	68.050	68.130	68.025	68.120	5
2026-02-17 08:05	68.115	68.135	68.060	68.075	5
2026-02-17 08:10	68.080	68.090	67.965	67.980	5
2026-02-17 08:15	67.975	67.990	67.915	67.920	5
2026-02-17 08:20	67.925	68.010	67.915	67.975	5
2026-02-17 08:25	67.980	68.030	67.945	67.965	4
2026-02-17 08:30	68.005	68.065	67.995	68.050	5
2026-02-17 08:35	68.045	68.065	67.870	67.885	5
2026-02-17 08:40	67.865	67.995	67.845	67.995	5
2026-02-17 08:45	67.990	67.995	67.855	67.865	5
2026-02-17 08:50	67.875	67.895	67.835	67.895	5
2026-02-17 08:55	67.900	67.975	67.895	67.955	5
2026-02-17 09:00	67.950	67.965	67.895	67.950	5
2026-02-17 09:05	67.955	67.955	67.835	67.845	5
2026-02-17 09:10	67.840	67.935	67.835	67.930	5
2026-02-17 09:15	67.925	67.955	67.925	67.950	5
2026-02-17 09:20	67.945	68.100	67.935	68.095	5
2026-02-17 09:25	68.100	68.145	68.030	68.035	5
2026-02-17 09:30	68.045	68.045	67.885	67.925	5
2026-02-17 09:35	67.940	67.985	67.910	67.920	5
2026-02-17 09:40	67.925	67.945	67.855	67.915	5
2026-02-17 09:45	67.925	68.065	67.925	68.055	5
2026-02-17 09:50	68.060	68.125	68.040	68.100	5
2026-02-17 09:55	68.105	68.140	68.075	68.110	5
2026-02-17 10:00	68.115	68.275	68.095	68.265	5
2026-02-17 10:05	68.270	68.355	68.265	68.305	5
2026-02-17 10:10	68.295	68.335	68.030	68.260	5
2026-02-17 10:15	68.275	68.305	68.170	68.195	5
2026-02-17 10:20	68.215	68.285	68.205	68.265	5
2026-02-17 10:25	68.270	68.300	68.210	68.230	5
2026-02-17 10:30	68.235	68.345	68.225	68.315	5
2026-02-17 10:35	68.300	68.425	68.275	68.415	5
2026-02-17 10:40	68.425	68.465	68.425	68.455	5
2026-02-17 10:45	68.460	68.475	68.400	68.465	5
2026-02-17 10:50	68.475	68.475	68.390	68.435	5
2026-02-17 10:55	68.425	68.480	68.400	68.465	5
2026-02-17 11:00	68.445	68.530	68.430	68.505	5
2026-02-17 11:05	68.495	68.867	68.485	68.735	5
2026-02-17 11:10	68.740	68.770	68.585	68.755	5
2026-02-17 11:15	68.770	68.805	68.663	68.735	5
2026-02-17 11:20	68.730	68.765	68.685	68.690	5
2026-02-17 11:25	68.695	68.695	68.635	68.695	5
2026-02-17 11:30	68.700	68.875	68.700	68.865	5
2026-02-17 11:35	68.860	68.985	68.860	68.935	5
2026-02-17 11:40	68.945	69.005	68.915	68.995	5
2026-02-17 11:45	69.000	69.015	68.935	68.985	5
2026-02-17 11:50	68.990	69.020	68.935	68.935	5
2026-02-17 11:55	68.955	68.975	68.550	68.725	5
2026-02-17 12:00	68.693	68.805	68.693	68.805	5
2026-02-17 12:05	68.815	68.835	68.675	68.715	5
2026-02-17 12:10	68.710	68.725	68.635	68.705	5
2026-02-17 12:15	68.700	68.740	68.655	68.700	5
2026-02-17 12:20	68.710	68.725	68.680	68.710	5
2026-02-17 12:25	68.720	68.800	68.695	68.745	5
2026-02-17 12:30	68.735	68.735	68.590	68.650	5
2026-02-17 12:35	68.645	68.735	68.595	68.735	5
2026-02-17 12:40	68.745	68.755	68.680	68.740	5
2026-02-17 12:45	68.735	68.745	68.655	68.675	5
2026-02-17 12:50	68.690	68.710	68.585	68.595	5
2026-02-17 12:55	68.605	68.605	68.445	68.510	5
2026-02-17 13:00	68.505	68.545	68.465	68.505	5
2026-02-17 13:05	68.510	68.515	68.395	68.400	5
2026-02-17 13:10	68.395	68.505	68.310	68.450	5
2026-02-17 13:15	68.445	68.580	68.445	68.515	5
2026-02-17 13:20	68.520	68.555	68.165	68.285	5
2026-02-17 13:25	68.290	68.365	68.275	68.365	5
2026-02-17 13:30	68.375	68.375	68.245	68.325	5
2026-02-17 13:35	68.320	68.370	68.180	68.220	5
2026-02-17 13:40	68.225	68.420	68.220	68.415	5
2026-02-17 13:45	68.410	68.460	68.375	68.395	5
2026-02-17 13:50	68.390	68.390	67.235	67.565	5
2026-02-17 13:55	67.560	67.590	67.270	67.355	5
2026-02-17 14:00	67.340	67.615	67.275	67.605	5
2026-02-17 14:05	67.595	67.725	67.555	67.565	5
2026-02-17 14:10	67.580	67.785	67.570	67.750	5
2026-02-17 14:15	67.745	67.765	67.640	67.655	5
2026-02-17 14:20	67.650	67.725	67.600	67.630	5
2026-02-17 14:25	67.625	67.892	67.570	67.680	5
2026-02-17 14:30	67.638	67.800	67.613	67.695	5
2026-02-17 14:35	67.720	67.895	67.663	67.880	5
2026-02-17 14:40	67.870	67.880	67.715	67.730	5
2026-02-17 14:45	67.688	67.730	67.470	67.550	5
2026-02-17 14:50	67.555	67.595	67.360	67.520	5
2026-02-17 14:55	67.515	67.585	67.390	67.415	5
2026-02-17 15:00	67.378	67.605	67.363	67.605	5
2026-02-17 15:05	67.615	67.705	67.580	67.630	5
2026-02-17 15:10	67.640	67.760	67.485	67.500	5
2026-02-17 15:15	67.495	67.505	67.235	67.305	5
2026-02-17 15:20	67.300	67.340	67.215	67.285	5
2026-02-17 15:25	67.295	67.295	67.000	67.025	5
2026-02-17 15:30	67.030	67.155	67.020	67.025	5
2026-02-17 15:35	67.020	67.060	66.885	66.915	5
2026-02-17 15:40	66.920	66.970	66.820	66.910	5
2026-02-17 15:45	66.905	67.015	66.885	66.915	5
2026-02-17 15:50	66.910	66.915	66.805	66.870	5
2026-02-17 15:55	66.865	66.960	66.850	66.960	5
2026-02-17 16:00	66.955	67.045	66.915	67.045	5
2026-02-17 16:05	67.050	67.175	67.050	67.085	5
2026-02-17 16:10	67.095	67.202	67.038	67.095	5
2026-02-17 16:15	67.105	67.210	67.045	67.205	5
2026-02-17 16:20	67.215	67.285	67.185	67.200	5
2026-02-17 16:25	67.205	67.220	67.070	67.190	5
2026-02-17 16:30	67.185	67.235	67.115	67.235	5
2026-02-17 16:35	67.225	67.245	67.055	67.080	5
2026-02-17 16:40	67.075	67.095	67.020	67.075	5
2026-02-17 16:45	67.080	67.305	67.080	67.175	5
2026-02-17 16:50	67.170	67.320	67.160	67.315	5
2026-02-17 16:55	67.310	67.440	67.300	67.320	5
2026-02-17 17:00	67.325	67.325	67.125	67.145	5
2026-02-17 17:05	67.140	67.205	66.985	67.010	5
2026-02-17 17:10	67.005	67.085	66.985	67.065	5
2026-02-17 17:15	67.070	67.095	66.945	66.950	5
2026-02-17 17:20	66.955	66.995	66.890	66.965	5
2026-02-17 17:25	66.980	67.145	66.965	67.110	5
2026-02-17 17:30	67.125	67.175	67.045	67.095	5
2026-02-17 17:35	67.105	67.140	66.995	67.130	5
2026-02-17 17:40	67.125	67.165	67.010	67.140	5
2026-02-17 17:45	67.145	67.205	67.135	67.145	5
2026-02-17 17:50	67.140	67.155	67.010	67.100	5
2026-02-17 17:55	67.095	67.165	67.075	67.145	5
2026-02-17 18:00	67.150	67.235	67.110	67.230	5
2026-02-17 18:05	67.225	67.255	67.155	67.160	5
2026-02-17 18:10	67.165	67.235	67.135	67.220	5
2026-02-17 18:15	67.215	67.285	67.215	67.235	5
2026-02-17 18:20	67.240	67.375	67.240	67.370	5
2026-02-17 18:25	67.365	67.390	67.325	67.380	5
2026-02-17 18:30	67.385	67.470	67.385	67.445	5
2026-02-17 18:35	67.455	67.495	67.425	67.480	5
2026-02-17 18:40	67.475	67.500	67.435	67.460	5
2026-02-17 18:45	67.455	67.465	67.360	67.360	5
2026-02-17 18:50	67.365	67.435	67.315	67.415	5
2026-02-17 18:55	67.420	67.470	67.415	67.425	5
2026-02-17 19:00	67.420	67.425	67.295	67.395	5
2026-02-17 19:05	67.390	67.455	67.355	67.415	5
2026-02-17 19:10	67.420	67.490	67.395	67.485	5
2026-02-17 19:15	67.480	67.560	67.450	67.535	5
2026-02-17 19:20	67.530	67.545	67.490	67.515	5
2026-02-17 19:25	67.510	67.545	67.380	67.405	5
2026-02-17 19:30	67.410	67.420	67.345	67.355	5
2026-02-17 19:35	67.360	67.360	67.235	67.245	5
2026-02-17 19:40	67.240	67.405	67.240	67.390	5
2026-02-17 19:45	67.385	67.435	67.385	67.405	5
2026-02-17 19:50	67.400	67.400	67.360	67.370	5
2026-02-17 19:55	67.365	67.385	67.300	67.310	5
2026-02-17 20:00	67.315	67.355	67.285	67.345	5
2026-02-17 20:05	67.350	67.360	67.345	67.345	5
2026-02-17 20:10	67.350	67.370	67.325	67.345	5
2026-02-17 20:15	67.350	67.482	67.330	67.390	5
2026-02-17 20:20	67.385	67.465	67.385	67.415	5
2026-02-17 20:25	67.425	67.450	67.395	67.430	5
2026-02-17 20:30	67.425	67.435	67.330	67.375	5
2026-02-17 20:35	67.380	67.415	67.355	67.360	5
2026-02-17 20:40	67.355	67.420	67.355	67.375	5
2026-02-17 20:45	67.333	67.375	67.325	67.345	5
2026-02-17 20:50	67.350	67.390	67.345	67.385	5
2026-02-17 20:55	67.375	67.380	67.315	67.340	5
2026-02-17 21:00	67.298	67.340	67.292	67.297	5
2026-02-17 21:05	67.302	67.332	67.292	67.302	5
2026-02-17 21:10	67.307	67.327	67.292	67.317	5
2026-02-17 21:15	67.312	67.332	67.302	67.312	5
2026-02-17 21:20	67.302	67.302	67.233	67.257	5
2026-02-17 21:25	67.262	67.292	67.257	67.277	5
2026-02-17 21:30	67.282	67.302	67.272	67.292	5
2026-02-17 21:35	67.282	67.327	67.232	67.307	5
2026-02-17 21:40	67.342	67.382	67.317	67.322	5
2026-02-17 21:45	67.332	67.362	67.312	67.347	5
2026-02-17 21:50	67.352	67.407	67.347	67.362	5
2026-02-17 21:55	67.357	67.362	67.332	67.342	5
2026-02-18 01:00	67.337	67.475	67.337	67.445	5
2026-02-18 01:05	67.435	67.445	67.395	67.415	5
2026-02-18 01:10	67.405	67.415	67.355	67.390	5
2026-02-18 01:15	67.343	67.410	67.343	67.385	5
2026-02-18 01:20	67.380	67.440	67.380	67.420	5
2026-02-18 01:25	67.425	67.440	67.400	67.400	5
2026-02-18 01:30	67.410	67.415	67.365	67.370	5
2026-02-18 01:35	67.375	67.385	67.360	67.360	5
2026-02-18 01:40	67.365	67.400	67.355	67.395	5
2026-02-18 01:45	67.400	67.405	67.380	67.405	5
2026-02-18 01:50	67.400	67.425	67.395	67.420	4
2026-02-18 01:55	67.373	67.450	67.373	67.430	5
2026-02-18 02:00	67.440	67.445	67.405	67.445	4
2026-02-18 02:05	67.450	67.455	67.398	67.445	5
2026-02-18 02:10	67.398	67.520	67.398	67.485	5
2026-02-18 02:15	67.438	67.525	67.438	67.500	5
2026-02-18 02:20	67.495	67.505	67.475	67.500	4
2026-02-18 02:25	67.495	67.500	67.475	67.475	3
2026-02-18 02:30	67.465	67.525	67.460	67.515	5
2026-02-18 02:35	67.530	67.545	67.520	67.525	5
2026-02-18 02:40	67.520	67.525	67.505	67.515	5
2026-02-18 02:45	67.505	67.515	67.458	67.505	5
2026-02-18 02:50	67.500	67.525	67.495	67.500	3
2026-02-18 02:55	67.495	67.495	67.460	67.460	5
2026-02-18 03:00	67.455	67.490	67.455	67.490	3
2026-02-18 03:05	67.495	67.525	67.495	67.495	5
2026-02-18 03:10	67.448	67.515	67.448	67.505	5
2026-02-18 03:15	67.510	67.555	67.510	67.550	5
2026-02-18 03:20	67.545	67.565	67.535	67.535	4
2026-02-18 03:25	67.540	67.545	67.535	67.535	4
2026-02-18 03:30	67.540	67.590	67.535	67.575	5
2026-02-18 03:35	67.580	67.585	67.565	67.575	5
2026-02-18 03:40	67.580	67.605	67.575	67.600	3
2026-02-18 03:45	67.595	67.625	67.575	67.615	5
2026-02-18 03:50	67.610	67.610	67.595	67.595	5
2026-02-18 03:55	67.548	67.595	67.548	67.595	1
2026-02-18 04:00	67.590	67.600	67.575	67.580	5
2026-02-18 04:05	67.590	67.630	67.590	67.620	5
2026-02-18 04:10	67.625	67.630	67.615	67.625	5
2026-02-18 04:15	67.620	67.625	67.558	67.610	5
2026-02-18 04:20	67.615	67.640	67.615	67.635	4
2026-02-18 04:25	67.630	67.655	67.625	67.650	5
2026-02-18 04:30	67.655	67.655	67.625	67.640	5
2026-02-18 04:35	67.645	67.685	67.640	67.650	4
2026-02-18 04:40	67.645	67.650	67.598	67.650	4
2026-02-18 04:45	67.645	67.650	67.640	67.640	5
2026-02-18 04:50	67.645	67.675	67.625	67.670	5
2026-02-18 04:55	67.675	67.685	67.633	67.633	4
2026-02-18 05:00	67.670	67.685	67.655	67.655	5
2026-02-18 05:05	67.650	67.660	67.595	67.595	5
2026-02-18 05:10	67.585	67.610	67.570	67.575	5
2026-02-18 05:15	67.570	67.590	67.560	67.570	5
2026-02-18 05:20	67.565	67.565	67.555	67.555	5
2026-02-18 05:25	67.508	67.595	67.508	67.595	5
2026-02-18 05:30	67.548	67.620	67.548	67.620	5
2026-02-18 05:35	67.615	67.625	67.615	67.625	4
2026-02-18 05:40	67.630	67.645	67.588	67.615	5
2026-02-18 05:45	67.620	67.620	67.565	67.565	4
2026-02-18 05:50	67.570	67.570	67.535	67.545	5
2026-02-18 05:55	67.555	67.555	67.488	67.525	4
2026-02-18 06:00	67.530	67.535	67.478	67.525	5
2026-02-18 06:05	67.535	67.540	67.515	67.515	4
2026-02-18 06:10	67.505	67.505	67.480	67.485	5
2026-02-18 06:15	67.495	67.515	67.485	67.490	5
2026-02-18 06:20	67.485	67.495	67.475	67.495	5
2026-02-18 06:25	67.505	67.535	67.500	67.520	4
2026-02-18 06:30	67.515	67.535	67.505	67.515	4
2026-02-18 06:35	67.505	67.505	67.455	67.480	5
2026-02-18 06:40	67.485	67.595	67.475	67.565	5
2026-02-18 06:45	67.575	67.675	67.575	67.655	5
2026-02-18 06:50	67.660	67.705	67.610	67.630	5
2026-02-18 06:55	67.625	67.645	67.525	67.525	5
2026-02-18 07:00	67.535	67.605	67.515	67.605	5
2026-02-18 07:05	67.610	67.615	67.580	67.585	5
2026-02-18 07:10	67.590	67.645	67.590	67.645	5
2026-02-18 07:15	67.640	67.640	67.555	67.575	5
2026-02-18 07:20	67.570	67.580	67.530	67.560	5
2026-02-18 07:25	67.555	67.580	67.515	67.540	5
2026-02-18 07:30	67.535	67.595	67.520	67.545	5
2026-02-18 07:35	67.540	67.560	67.505	67.545	5
2026-02-18 07:40	67.535	67.565	67.505	67.515	5
2026-02-18 07:45	67.505	67.575	67.500	67.565	5
2026-02-18 07:50	67.555	67.605	67.540	67.565	5
2026-02-18 07:55	67.570	67.630	67.565	67.600	5
2026-02-18 08:00	67.595	67.685	67.550	67.680	5
2026-02-18 08:05	67.675	67.755	67.670	67.685	5
2026-02-18 08:10	67.690	67.695	67.603	67.655	5
2026-02-18 08:15	67.650	67.770	67.645	67.765	5
2026-02-18 08:20	67.770	67.785	67.685	67.725	5
2026-02-18 08:25	67.730	67.795	67.710	67.775	5
2026-02-18 08:30	67.795	67.820	67.735	67.755	5
2026-02-18 08:35	67.745	67.760	67.685	67.750	5
2026-02-18 08:40	67.745	67.825	67.745	67.775	5
2026-02-18 08:45	67.785	67.855	67.775	67.840	5
2026-02-18 08:50	67.845	67.845	67.670	67.675	5
2026-02-18 08:55	67.670	67.685	67.525	67.535	5
2026-02-18 09:00	67.560	67.645	67.555	67.635	5
2026-02-18 09:05	67.620	67.670	67.545	67.655	5
2026-02-18 09:10	67.665	67.710	67.625	67.625	5
2026-02-18 09:15	67.630	67.630	67.525	67.535	5
2026-02-18 09:20	67.560	67.650	67.540	67.625	5
2026-02-18 09:25	67.630	67.650	67.565	67.640	5
2026-02-18 09:30	67.655	67.675	67.580	67.580	5
2026-02-18 09:35	67.585	67.670	67.545	67.560	5
2026-02-18 09:40	67.585	67.645	67.585	67.640	5
2026-02-18 09:45	67.635	67.765	67.625	67.650	5
2026-02-18 09:50	67.645	67.655	67.505	67.535	5
2026-02-18 09:55	67.545	67.610	67.525	67.605	5
2026-02-18 10:00	67.625	67.875	67.625	67.670	5
2026-02-18 10:05	67.660	67.730	67.635	67.730	5
2026-02-18 10:10	67.725	67.795	67.725	67.745	5
2026-02-18 10:15	67.750	67.770	67.625	67.640	5
2026-02-18 10:20	67.645	67.755	67.625	67.740	5
2026-02-18 10:25	67.735	67.755	67.680	67.730	5
2026-02-18 10:30	67.735	67.745	67.670	67.725	5
2026-02-18 10:35	67.715	67.890	67.700	67.870	5
2026-02-18 10:40	67.865	68.095	67.865	68.025	5
2026-02-18 10:45	68.015	68.145	67.995	68.125	5
2026-02-18 10:50	68.135	68.235	68.135	68.200	5
2026-02-18 10:55	68.205	68.260	68.165	68.195	5
2026-02-18 11:00	68.200	68.265	68.155	68.260	5
2026-02-18 11:05	68.265	68.285	68.235	68.240	5
2026-02-18 11:10	68.235	68.435	68.210	68.375	5
2026-02-18 11:15	68.365	68.515	68.365	68.505	5
2026-02-18 11:20	68.510	68.515	68.425	68.505	5
2026-02-18 11:25	68.495	68.595	68.495	68.540	5
2026-02-18 11:30	68.545	68.665	68.515	68.655	5
2026-02-18 11:35	68.660	68.685	68.600	68.660	5
2026-02-18 11:40	68.655	68.790	68.655	68.775	5
2026-02-18 11:45	68.770	68.775	68.645	68.720	5
2026-02-18 11:50	68.725	68.735	68.645	68.725	5
2026-02-18 11:55	68.715	68.835	68.710	68.835	5
2026-02-18 12:00	68.825	68.955	68.795	68.940	5
2026-02-18 12:05	68.935	69.105	68.645	69.000	5
2026-02-18 12:10	69.005	69.140	69.000	69.135	5
2026-02-18 12:15	69.140	69.245	69.115	69.225	5
2026-02-18 12:20	69.235	69.345	69.235	69.335	5
2026-02-18 12:25	69.325	69.335	69.180	69.215	5
2026-02-18 12:30	69.225	69.260	69.175	69.215	5
2026-02-18 12:35	69.210	69.230	69.110	69.225	5
2026-02-18 12:40	69.220	69.225	69.095	69.095	5
2026-02-18 12:45	69.105	69.175	69.100	69.175	5
2026-02-18 12:50	69.185	69.275	69.175	69.235	5
2026-02-18 12:55	69.225	69.275	69.205	69.245	5
2026-02-18 13:00	69.250	69.315	69.155	69.155	5
2026-02-18 13:05	69.165	69.175	69.045	69.105	5
2026-02-18 13:10	69.100	69.255	69.080	69.210	5
2026-02-18 13:15	69.215	69.225	69.075	69.095	5
2026-02-18 13:20	69.085	69.105	68.995	69.005	5
2026-02-18 13:25	69.015	69.065	68.963	69.055	5
2026-02-18 13:30	69.070	69.085	69.000	69.025	5
2026-02-18 13:35	69.020	69.050	68.975	68.985	5
2026-02-18 13:40	68.990	69.045	68.950	69.025	5
2026-02-18 13:45	69.020	69.095	69.015	69.045	5
2026-02-18 13:50	69.050	69.070	68.965	68.985	5
2026-02-18 13:55	68.990	69.070	68.975	69.015	5
2026-02-18 14:00	68.973	69.265	68.875	69.225	5
2026-02-18 14:05	69.215	69.215	69.085	69.145	5
2026-02-18 14:10	69.150	69.165	69.085	69.115	5
2026-02-18 14:15	69.110	69.295	69.100	69.225	5
2026-02-18 14:20	69.235	69.235	69.155	69.215	5
2026-02-18 14:25	69.210	69.285	69.145	69.275	5
2026-02-18 14:30	69.280	69.370	69.225	69.325	5
2026-02-18 14:35	69.315	69.455	69.315	69.450	5
2026-02-18 14:40	69.455	69.515	69.415	69.495	5
2026-02-18 14:45	69.505	69.575	69.435	69.565	5
2026-02-18 14:50	69.575	69.675	69.550	69.660	5
2026-02-18 14:55	69.655	69.655	69.405	69.485	5
2026-02-18 15:00	69.480	69.510	69.420	69.445	5
2026-02-18 15:05	69.465	69.495	69.415	69.455	5
2026-02-18 15:10	69.450	69.490	69.335	69.405	5
2026-02-18 15:15	69.410	69.450	69.355	69.385	5
2026-02-18 15:20	69.390	69.405	69.270	69.325	5
2026-02-18 15:25	69.330	69.445	69.293	69.345	5
2026-02-18 15:30	69.355	69.455	69.255	69.350	5
2026-02-18 15:35	69.355	69.415	69.330	69.405	5
2026-02-18 15:40	69.410	69.480	69.385	69.430	5
2026-02-18 15:45	69.435	69.520	69.390	69.495	5
2026-02-18 15:50	69.505	69.515	69.375	69.405	5
2026-02-18 15:55	69.400	69.445	69.380	69.420	5
2026-02-18 16:00	69.383	69.425	69.335	69.395	5
2026-02-18 16:05	69.390	69.475	69.365	69.470	5
2026-02-18 16:10	69.475	69.475	69.395	69.435	5
2026-02-18 16:15	69.430	69.585	69.425	69.525	5
2026-02-18 16:20	69.520	69.565	69.445	69.465	5
2026-02-18 16:25	69.460	69.565	69.455	69.510	5
2026-02-18 16:30	69.520	69.655	69.495	69.655	5
2026-02-18 16:35	69.665	69.675	69.615	69.675	5
2026-02-18 16:40	69.685	69.855	69.643	69.720	5
2026-02-18 16:45	69.715	69.770	69.690	69.755	5
2026-02-18 16:50	69.750	69.825	69.735	69.785	5
2026-02-18 16:55	69.775	69.820	69.755	69.765	5
2026-02-18 17:00	69.760	69.785	69.675	69.735	5
2026-02-18 17:05	69.725	69.810	69.645	69.795	5
2026-02-18 17:10	69.790	69.945	69.755	69.895	5
2026-02-18 17:15	69.905	70.040	69.900	70.040	5
2026-02-18 17:20	70.045	70.060	69.945	69.960	5
2026-02-18 17:25	69.965	69.975	69.900	69.955	5
2026-02-18 17:30	69.960	70.000	69.935	69.975	5
2026-02-18 17:35	69.980	70.035	69.955	70.020	5
2026-02-18 17:40	70.015	70.105	70.015	70.025	5
2026-02-18 17:45	70.015	70.170	69.995	70.155	5
2026-02-18 17:50	70.150	70.260	70.145	70.215	5
2026-02-18 17:55	70.205	70.265	70.185	70.225	5
2026-02-18 18:00	70.220	70.355	70.195	70.325	5
2026-02-18 18:05	70.320	70.325	70.230	70.305	5
2026-02-18 18:10	70.300	70.340	70.275	70.340	5
2026-02-18 18:15	70.335	70.350	70.305	70.315	5
2026-02-18 18:20	70.325	70.335	70.270	70.270	5
2026-02-18 18:25	70.275	70.305	70.210	70.225	5
2026-02-18 18:30	70.230	70.255	70.165	70.250	5
2026-02-18 18:35	70.255	70.285	69.798	70.035	5
2026-02-18 18:40	70.040	70.235	70.010	70.195	5
2026-02-18 18:45	70.143	70.210	70.010	70.195	5
2026-02-18 18:50	70.185	70.330	70.165	70.245	5
2026-02-18 18:55	70.240	70.335	70.225	70.310	5
2026-02-18 19:00	70.315	70.415	70.268	70.385	5
2026-02-18 19:05	70.395	70.395	70.275	70.335	5
2026-02-18 19:10	70.340	70.405	70.315	70.370	5
2026-02-18 19:15	70.365	70.465	70.355	70.390	5
2026-02-18 19:20	70.385	70.540	70.365	70.530	5
2026-02-18 19:25	70.525	70.555	70.240	70.245	5
2026-02-18 19:30	70.255	70.315	70.055	70.130	5
2026-02-18 19:35	70.135	70.205	70.095	70.195	5
2026-02-18 19:40	70.200	70.245	70.145	70.185	5
2026-02-18 19:45	70.190	70.255	70.185	70.220	5
2026-02-18 19:50	70.225	70.225	70.145	70.175	5
2026-02-18 19:55	70.185	70.450	70.120	70.285	5
2026-02-18 20:00	70.280	70.360	70.275	70.330	5
2026-02-18 20:05	70.335	70.370	70.315	70.365	5
2026-02-18 20:10	70.355	70.390	70.270	70.280	5
2026-02-18 20:15	70.285	70.385	70.265	70.375	5
2026-02-18 20:20	70.370	70.395	70.340	70.355	5
2026-02-18 20:25	70.360	70.430	70.340	70.415	5
2026-02-18 20:30	70.410	70.475	70.405	70.405	5
2026-02-18 20:35	70.410	70.465	70.405	70.445	5
2026-02-18 20:40	70.450	70.535	70.440	70.505	5
2026-02-18 20:45	70.500	70.665	70.500	70.650	5
2026-02-18 20:50	70.655	70.655	70.550	70.580	5
2026-02-18 20:55	70.575	70.575	70.480	70.480	5
2026-02-18 21:00	70.485	70.522	70.457	70.462	5
2026-02-18 21:05	70.452	70.462	70.402	70.427	5
2026-02-18 21:10	70.432	70.462	70.402	70.427	5
2026-02-18 21:15	70.422	70.427	70.377	70.392	5
2026-02-18 21:20	70.402	70.412	70.337	70.367	5
2026-02-18 21:25	70.377	70.377	70.117	70.192	5
2026-02-18 21:30	70.187	70.192	70.017	70.142	5
2026-02-18 21:35	70.147	70.182	70.082	70.127	5
2026-02-18 21:40	70.117	70.167	70.097	70.107	5
2026-02-18 21:45	70.142	70.182	70.127	70.142	5
2026-02-18 21:50	70.137	70.267	70.137	70.147	5
2026-02-18 21:55	70.142	70.177	70.112	70.177	5
2026-02-19 01:00	70.267	70.340	70.225	70.235	5
2026-02-19 01:05	70.240	70.255	70.160	70.220	5
2026-02-19 01:10	70.215	70.310	70.215	70.310	5
2026-02-19 01:15	70.305	70.337	70.240	70.280	5
2026-02-19 01:20	70.285	70.310	70.270	70.305	5
2026-02-19 01:25	70.310	70.325	70.275	70.305	5
2026-02-19 01:30	70.310	70.310	70.255	70.285	5
2026-02-19 01:35	70.290	70.315	70.260	70.285	5
2026-02-19 01:40	70.295	70.350	70.295	70.335	5
2026-02-19 01:45	70.330	70.355	70.298	70.298	5
2026-02-19 01:50	70.345	70.405	70.345	70.400	5
2026-02-19 01:55	70.405	70.405	70.370	70.400	5
2026-02-19 02:00	70.405	70.435	70.380	70.410	5
2026-02-19 02:05	70.405	70.465	70.395	70.465	5
2026-02-19 02:10	70.460	70.525	70.460	70.520	5
2026-02-19 02:15	70.515	70.515	70.405	70.430	5
2026-02-19 02:20	70.435	70.445	70.380	70.400	5
2026-02-19 02:25	70.395	70.450	70.395	70.420	5
2026-02-19 02:30	70.425	70.460	70.360	70.390	5
2026-02-19 02:35	70.405	70.495	70.395	70.475	5
2026-02-19 02:40	70.470	70.490	70.455	70.455	5
2026-02-19 02:45	70.465	70.485	70.465	70.480	5
2026-02-19 02:50	70.485	70.520	70.480	70.510	5
2026-02-19 02:55	70.500	70.535	70.490	70.515	4
2026-02-19 03:00	70.510	70.570	70.505	70.565	4
2026-02-19 03:05	70.555	70.615	70.555	70.585	5
2026-02-19 03:10	70.580	70.585	70.545	70.550	5
2026-02-19 03:15	70.545	70.550	70.485	70.530	5
2026-02-19 03:20	70.535	70.545	70.488	70.545	5
2026-02-19 03:25	70.535	70.540	70.525	70.540	5
2026-02-19 03:30	70.535	70.595	70.525	70.575	5
2026-02-19 03:35	70.570	70.580	70.545	70.555	5
2026-02-19 03:40	70.565	70.590	70.545	70.590	5
2026-02-19 03:45	70.585	70.615	70.580	70.610	5
2026-02-19 03:50	70.605	70.635	70.595	70.610	5
2026-02-19 03:55	70.605	70.605	70.575	70.580	5
2026-02-19 04:00	70.595	70.625	70.585	70.625	5
2026-02-19 04:05	70.615	70.635	70.585	70.605	5
2026-02-19 04:10	70.600	70.635	70.565	70.575	5
2026-02-19 04:15	70.570	70.595	70.540	70.575	5
2026-02-19 04:20	70.585	70.585	70.560	70.570	5
2026-02-19 04:25	70.565	70.630	70.565	70.595	5
2026-02-19 04:30	70.600	70.615	70.538	70.585	5
2026-02-19 04:35	70.538	70.575	70.505	70.505	5
2026-02-19 04:40	70.500	70.545	70.478	70.545	5
2026-02-19 04:45	70.540	70.545	70.510	70.515	5
2026-02-19 04:50	70.500	70.515	70.465	70.475	5
2026-02-19 04:55	70.465	70.465	70.375	70.430	5
2026-02-19 05:00	70.435	70.535	70.430	70.515	5
2026-02-19 05:05	70.505	70.505	70.485	70.505	5
2026-02-19 05:10	70.515	70.535	70.510	70.520	5
2026-02-19 05:15	70.525	70.525	70.458	70.515	5
2026-02-19 05:20	70.525	70.555	70.465	70.495	5
2026-02-19 05:25	70.500	70.510	70.485	70.495	5
2026-02-19 05:30	70.485	70.485	70.450	70.465	5
2026-02-19 05:35	70.460	70.495	70.398	70.475	5
2026-02-19 05:40	70.480	70.485	70.440	70.445	4
2026-02-19 05:45	70.440	70.460	70.425	70.425	5
2026-02-19 05:50	70.430	70.445	70.425	70.440	5
2026-02-19 05:55	70.435	70.460	70.430	70.460	5
2026-02-19 06:00	70.470	70.480	70.425	70.450	5
2026-02-19 06:05	70.455	70.460	70.430	70.450	5
2026-02-19 06:10	70.445	70.455	70.415	70.450	5
2026-02-19 06:15	70.455	70.505	70.450	70.505	5
2026-02-19 06:20	70.510	70.540	70.485	70.500	5
2026-02-19 06:25	70.490	70.490	70.415	70.415	5
2026-02-19 06:30	70.420	70.445	70.405	70.420	5
2026-02-19 06:35	70.415	70.445	70.400	70.435	5
2026-02-19 06:40	70.440	70.460	70.425	70.460	5
2026-02-19 06:45	70.465	70.495	70.460	70.480	5
2026-02-19 06:50	70.495	70.505	70.435	70.440	5
2026-02-19 06:55	70.435	70.475	70.405	70.470	5
2026-02-19 07:00	70.485	70.575	70.475	70.500	5
2026-02-19 07:05	70.505	70.535	70.460	70.510	5
2026-02-19 07:10	70.505	70.535	70.455	70.500	5
2026-02-19 07:15	70.505	70.570	70.465	70.550	5
2026-02-19 07:20	70.545	70.595	70.500	70.575	5
2026-02-19 07:25	70.565	70.645	70.525	70.525	5
2026-02-19 07:30	70.520	70.580	70.505	70.575	5
2026-02-19 07:35	70.580	70.815	70.560	70.790	5
2026-02-19 07:40	70.785	70.815	70.690	70.755	5
2026-02-19 07:45	70.750	70.820	70.705	70.820	5
2026-02-19 07:50	70.815	70.965	70.815	70.965	5
2026-02-19 07:55	70.960	71.075	70.915	71.055	5
2026-02-19 08:00	71.050	71.050	70.900	70.935	5
2026-02-19 08:05	70.945	71.015	70.930	70.985	5
2026-02-19 08:10	70.990	71.005	70.940	70.980	5
2026-02-19 08:15	70.975	71.055	70.950	71.045	5
2026-02-19 08:20	71.050	71.115	71.000	71.110	5
2026-02-19 08:25	71.115	71.115	70.925	71.025	5
2026-02-19 08:30	71.020	71.135	70.955	71.125	5
2026-02-19 08:35	71.130	71.190	71.105	71.175	5
2026-02-19 08:40	71.185	71.365	71.185	71.365	5
2026-02-19 08:45	71.375	71.445	71.360	71.385	5
2026-02-19 08:50	71.390	71.470	71.345	71.440	5
2026-02-19 08:55	71.445	71.565	71.425	71.505	5
2026-02-19 09:00	71.535	71.575	71.420	71.435	5
2026-02-19 09:05	71.430	71.435	71.235	71.325	5
2026-02-19 09:10	71.320	71.365	71.265	71.360	5
2026-02-19 09:15	71.355	71.445	71.185	71.185	5
2026-02-19 09:20	71.180	71.180	71.035	71.115	5
2026-02-19 09:25	71.125	71.155	70.975	71.005	5
2026-02-19 09:30	71.000	71.125	70.960	71.065	5
2026-02-19 09:35	71.060	71.235	71.040	71.125	5
2026-02-19 09:40	71.120	71.120	70.980	70.980	5
2026-02-19 09:45	70.970	71.030	70.945	70.975	5
2026-02-19 09:50	70.990	71.070	70.980	71.035	5
2026-02-19 09:55	71.040	71.090	70.950	71.045	5
2026-02-19 10:00	71.040	71.135	70.893	71.045	5
2026-02-19 10:05	71.050	71.275	71.040	71.250	5
2026-02-19 10:10	71.245	71.345	71.245	71.310	5
2026-02-19 10:15	71.315	71.335	71.070	71.075	5
2026-02-19 10:20	71.085	71.105	71.035	71.040	5
2026-02-19 10:25	71.035	71.065	70.955	71.000	5
2026-02-19 10:30	70.995	71.075	70.955	71.065	5
2026-02-19 10:35	71.055	71.155	71.035	71.150	5
2026-02-19 10:40	71.145	71.175	71.065	71.130	5
2026-02-19 10:45	71.125	71.275	71.125	71.245	5
2026-02-19 10:50	71.255	71.315	71.225	71.280	5
2026-02-19 10:55	71.275	71.280	71.190	71.220	5
2026-02-19 11:00	71.235	71.235	71.125	71.210	5
2026-02-19 11:05	71.215	71.215	71.085	71.120	5
2026-02-19 11:10	71.125	71.185	71.100	71.130	5
2026-02-19 11:15	71.125	71.195	71.105	71.185	5
2026-02-19 11:20	71.180	71.195	71.065	71.110	5
2026-02-19 11:25	71.115	71.255	71.085	71.230	5
2026-02-19 11:30	71.235	71.415	71.235	71.400	5
2026-02-19 11:35	71.405	71.475	71.370	71.455	5
2026-02-19 11:40	71.465	71.495	71.405	71.465	5
2026-02-19 11:45	71.470	71.575	71.420	71.445	5
2026-02-19 11:50	71.440	71.470	71.335	71.345	5
2026-02-19 11:55	71.340	71.385	71.255	71.295	5
2026-02-19 12:00	71.310	71.365	71.215	71.310	5
2026-02-19 12:05	71.315	71.365	71.275	71.350	5
2026-02-19 12:10	71.345	71.410	71.325	71.375	5
2026-02-19 12:15	71.370	71.435	71.335	71.335	5
2026-02-19 12:20	71.340	71.355	71.275	71.345	5
2026-02-19 12:25	71.325	71.355	71.305	71.325	5
2026-02-19 12:30	71.330	71.355	71.290	71.290	5
2026-02-19 12:35	71.295	71.335	71.260	71.275	5
2026-02-19 12:40	71.290	71.360	71.285	71.355	5
2026-02-19 12:45	71.365	71.425	71.335	71.365	5
2026-02-19 12:50	71.370	71.395	71.305	71.310	5
2026-02-19 12:55	71.315	71.335	71.255	71.330	5
2026-02-19 13:00	71.335	71.385	71.305	71.355	5
2026-02-19 13:05	71.345	71.395	71.330	71.335	5
2026-02-19 13:10	71.345	71.355	71.253	71.330	5
2026-02-19 13:15	71.335	71.405	71.320	71.405	5
2026-02-19 13:20	71.410	71.525	71.405	71.495	5
2026-02-19 13:25	71.500	71.565	71.485	71.560	5
2026-02-19 13:30	71.565	71.675	71.555	71.620	5
2026-02-19 13:35	71.615	71.755	71.615	71.750	5
2026-02-19 13:40	71.755	71.830	71.735	71.780	5
2026-02-19 13:45	71.775	71.800	71.610	71.675	5
2026-02-19 13:50	71.685	71.715	71.230	71.550	5
2026-02-19 13:55	71.555	71.735	71.550	71.680	5
2026-02-19 14:00	71.645	71.725	71.530	71.575	5
2026-02-19 14:05	71.580	71.615	71.455	71.485	5
2026-02-19 14:10	71.490	71.490	71.335	71.355	5
2026-02-19 14:15	71.360	71.525	71.360	71.475	5
2026-02-19 14:20	71.465	71.515	71.380	71.435	5
2026-02-19 14:25	71.440	71.495	71.350	71.385	5
2026-02-19 14:30	71.333	71.550	71.235	71.465	5
2026-02-19 14:35	71.460	71.735	71.440	71.725	5
2026-02-19 14:40	71.730	71.835	71.685	71.785	5
2026-02-19 14:45	71.780	71.805	71.673	71.685	5
2026-02-19 14:50	71.690	71.745	71.640	71.665	5
2026-02-19 14:55	71.655	71.720	71.620	71.650	5
2026-02-19 15:00	71.660	71.695	70.680	70.980	5
2026-02-19 15:05	70.990	71.330	70.990	71.145	5
2026-02-19 15:10	71.155	71.475	71.155	71.250	5
2026-02-19 15:15	71.218	71.600	71.190	71.460	5
2026-02-19 15:20	71.455	71.520	71.363	71.460	5
2026-02-19 15:25	71.450	71.610	71.430	71.600	5
2026-02-19 15:30	71.610	71.630	71.455	71.470	5
2026-02-19 15:35	71.460	71.570	71.403	71.470	5
2026-02-19 15:40	71.475	71.675	71.475	71.615	5
2026-02-19 15:45	71.583	71.660	71.555	71.570	5
2026-02-19 15:50	71.580	71.630	71.505	71.605	5
2026-02-19 15:55	71.600	71.695	71.565	71.640	5
2026-02-19 16:00	71.645	71.745	71.605	71.615	5
2026-02-19 16:05	71.605	71.665	71.530	71.645	5
2026-02-19 16:10	71.640	71.685	71.575	71.590	5
2026-02-19 16:15	71.595	71.615	71.455	71.565	5
2026-02-19 16:20	71.570	71.635	71.490	71.595	5
2026-02-19 16:25	71.590	71.615	71.485	71.525	5
2026-02-19 16:30	71.545	71.765	71.520	71.735	5
2026-02-19 16:35	71.740	71.755	71.635	71.725	5
2026-02-19 16:40	71.730	71.845	71.705	71.815	5
2026-02-19 16:45	71.820	71.855	71.735	71.850	5
2026-02-19 16:50	71.845	71.875	71.725	71.835	5
2026-02-19 16:55	71.830	71.860	71.775	71.815	5
2026-02-19 17:00	71.830	71.990	71.827	71.980	5
2026-02-19 17:05	71.975	71.985	71.845	71.855	5
2026-02-19 17:10	71.860	71.930	71.820	71.870	5
2026-02-19 17:15	71.865	71.910	71.760	71.840	5
2026-02-19 17:20	71.850	71.885	71.785	71.795	5
2026-02-19 17:25	71.785	71.815	71.705	71.745	5
2026-02-19 17:30	71.740	71.785	71.700	71.755	5
2026-02-19 17:35	71.745	71.755	71.625	71.680	5
2026-02-19 17:40	71.675	71.725	71.585	71.595	5
2026-02-19 17:45	71.590	71.695	71.585	71.665	5
2026-02-19 17:50	71.675	71.810	71.670	71.800	5
2026-02-19 17:55	71.795	71.815	71.745	71.775	5
2026-02-19 18:00	71.770	71.795	71.705	71.745	5
2026-02-19 18:05	71.735	71.745	71.450	71.605	5
2026-02-19 18:10	71.610	71.670	71.595	71.605	5
2026-02-19 18:15	71.615	71.655	71.505	71.505	5
2026-02-19 18:20	71.510	71.535	71.445	71.525	5
2026-02-19 18:25	71.520	71.620	71.510	71.620	5
2026-02-19 18:30	71.625	71.655	71.605	71.620	5
2026-02-19 18:35	71.625	71.655	71.580	71.655	5
2026-02-19 18:40	71.645	71.700	71.590	71.675	5
2026-02-19 18:45	71.695	71.795	71.680	71.785	5
2026-02-19 18:50	71.775	71.795	71.720	71.720	5
2026-02-19 18:55	71.715	71.810	71.705	71.755	5
2026-02-19 19:00	71.760	71.760	71.710	71.735	5
2026-02-19 19:05	71.730	71.795	71.690	71.715	5
2026-02-19 19:10	71.720	71.735	71.675	71.705	5
2026-02-19 19:15	71.695	71.720	71.590	71.635	5
2026-02-19 19:20	71.630	71.695	71.625	71.655	5
2026-02-19 19:25	71.645	71.695	71.585	71.655	5
2026-02-19 19:30	71.650	71.775	71.645	71.735	5
2026-02-19 19:35	71.730	71.730	71.575	71.700	5
2026-02-19 19:40	71.695	71.755	71.695	71.745	5
2026-02-19 19:45	71.750	71.785	71.750	71.765	5
2026-02-19 19:50	71.770	71.770	71.715	71.745	5
2026-02-19 19:55	71.740	71.825	71.740	71.815	5
2026-02-19 20:00	71.810	71.820	71.785	71.790	5
2026-02-19 20:05	71.785	71.845	71.775	71.830	5
2026-02-19 20:10	71.835	71.865	71.795	71.800	5
2026-02-19 20:15	71.805	71.880	71.795	71.875	5
2026-02-19 20:20	71.870	71.875	71.785	71.790	5
2026-02-19 20:25	71.785	71.825	71.755	71.825	5
2026-02-19 20:30	71.830	71.875	71.830	71.860	5
2026-02-19 20:35	71.865	71.885	71.855	71.885	5
2026-02-19 20:40	71.890	71.915	71.825	71.855	5
2026-02-19 20:45	71.850	71.905	71.845	71.885	5
2026-02-19 20:50	71.890	71.935	71.885	71.920	5
2026-02-19 20:55	71.910	71.935	71.895	71.925	5
2026-02-19 21:00	71.920	71.925	71.822	71.832	5
2026-02-19 21:05	71.842	71.882	71.832	71.872	5
2026-02-19 21:10	71.877	71.912	71.872	71.912	5
2026-02-19 21:15	71.897	71.902	71.872	71.897	4
2026-02-19 21:20	71.922	72.042	71.127	71.527	5
2026-02-19 21:25	71.532	71.637	71.487	71.597	5
2026-02-19 21:30	71.602	71.792	71.552	71.777	5
2026-02-19 21:35	71.767	71.767	71.677	71.697	5
2026-02-19 21:40	71.707	71.717	71.632	71.662	5
2026-02-19 21:45	71.667	71.827	71.627	71.817	5
2026-02-19 21:50	71.827	71.902	71.807	71.847	5
2026-02-19 21:55	71.842	71.932	71.837	71.892	5
2026-02-20 01:00	71.697	71.705	71.570	71.690	5
2026-02-20 01:05	71.685	71.810	71.680	71.780	5
2026-02-20 01:10	71.800	71.935	71.748	71.835	5
2026-02-20 01:15	71.830	71.875	71.820	71.865	5
2026-02-20 01:20	71.860	71.860	71.805	71.805	5
2026-02-20 01:25	71.800	71.825	71.740	71.810	5
2026-02-20 01:30	71.820	71.865	71.800	71.800	5
2026-02-20 01:35	71.810	71.830	71.800	71.820	5
2026-02-20 01:40	71.825	71.835	71.795	71.820	5
2026-02-20 01:45	71.815	71.845	71.795	71.805	5
2026-02-20 01:50	71.810	71.820	71.755	71.815	5
2026-02-20 01:55	71.810	71.865	71.795	71.805	5
2026-02-20 02:00	71.815	72.040	71.810	72.040	5
2026-02-20 02:05	72.045	72.100	71.975	71.975	5
2026-02-20 02:10	71.965	71.975	71.920	71.940	5
2026-02-20 02:15	71.935	71.970	71.865	71.890	5
2026-02-20 02:20	71.900	71.900	71.830	71.890	5
2026-02-20 02:25	71.895	71.950	71.890	71.945	5
2026-02-20 02:30	71.940	71.975	71.915	71.970	5
2026-02-20 02:35	71.965	71.970	71.810	71.830	5
2026-02-20 02:40	71.820	71.870	71.820	71.835	5
2026-02-20 02:45	71.840	71.855	71.735	71.745	5
2026-02-20 02:50	71.760	71.825	71.760	71.805	5
2026-02-20 02:55	71.758	71.845	71.758	71.815	5
2026-02-20 03:00	71.820	71.870	71.820	71.860	5
2026-02-20 03:05	71.845	71.850	71.795	71.815	5
2026-02-20 03:10	71.810	71.825	71.800	71.825	5
2026-02-20 03:15	71.815	71.825	71.795	71.795	4
2026-02-20 03:20	71.800	71.825	71.745	71.750	5
2026-02-20 03:25	71.745	71.780	71.710	71.760	5
2026-02-20 03:30	71.755	71.800	71.750	71.775	5
2026-02-20 03:35	71.790	71.830	71.765	71.830	5
2026-02-20 03:40	71.840	71.840	71.810	71.840	4
2026-02-20 03:45	71.835	71.900	71.835	71.900	5
2026-02-20 03:50	71.890	71.955	71.875	71.915	5
2026-02-20 03:55	71.910	71.910	71.870	71.870	5
2026-02-20 04:00	71.865	71.900	71.865	71.895	5
2026-02-20 04:05	71.890	71.940	71.890	71.915	5
2026-02-20 04:10	71.925	71.925	71.858	71.900	4
2026-02-20 04:15	71.895	71.900	71.875	71.890	5
2026-02-20 04:20	71.885	71.900	71.880	71.900	4
2026-02-20 04:25	71.905	71.920	71.853	71.895	5
2026-02-20 04:30	71.880	71.920	71.880	71.890	5
2026-02-20 04:35	71.900	71.910	71.875	71.890	5
2026-02-20 04:40	71.895	71.945	71.895	71.930	5
2026-02-20 04:45	71.945	71.970	71.935	71.940	5
2026-02-20 04:50	71.935	71.960	71.888	71.950	5
2026-02-20 04:55	71.945	71.970	71.915	71.965	5
2026-02-20 05:00	71.970	72.010	71.970	71.990	5
2026-02-20 05:05	71.995	72.010	71.970	72.005	5
2026-02-20 05:10	71.958	72.020	71.958	71.990	5
2026-02-20 05:15	71.995	72.000	71.935	71.960	5
2026-02-20 05:20	71.965	72.010	71.965	71.990	5
2026-02-20 05:25	72.015	72.045	72.010	72.045	5
2026-02-20 05:30	72.050	72.085	72.050	72.075	5
2026-02-20 05:35	72.080	72.105	72.055	72.060	5
2026-02-20 05:40	72.050	72.070	72.030	72.070	5
2026-02-20 05:45	72.080	72.160	72.060	72.100	5
2026-02-20 05:50	72.095	72.115	72.050	72.080	5
2026-02-20 05:55	72.075	72.105	72.075	72.090	5
2026-02-20 06:00	72.100	72.145	72.095	72.145	5
2026-02-20 06:05	72.155	72.170	72.110	72.155	5
2026-02-20 06:10	72.165	72.190	72.135	72.175	5
2026-02-20 06:15	72.170	72.170	72.140	72.155	5
2026-02-20 06:20	72.170	72.205	72.155	72.195	5
2026-02-20 06:25	72.200	72.315	72.175	72.275	5
2026-02-20 06:30	72.265	72.310	72.235	72.285	5
2026-02-20 06:35	72.290	72.305	72.180	72.245	5
2026-02-20 06:40	72.240	72.265	72.210	72.240	5
2026-02-20 06:45	72.230	72.290	72.210	72.210	5
2026-02-20 06:50	72.215	72.215	72.135	72.140	5
2026-02-20 06:55	72.135	72.140	71.975	71.995	5
2026-02-20 07:00	72.005	72.005	71.930	71.945	5
2026-02-20 07:05	71.950	72.020	71.945	71.975	5
2026-02-20 07:10	71.970	72.000	71.965	71.975	5
2026-02-20 07:15	71.980	72.020	71.840	71.840	5
2026-02-20 07:20	71.845	71.900	71.810	71.810	5
2026-02-20 07:25	71.795	71.845	71.780	71.805	5
2026-02-20 07:30	71.815	71.890	71.810	71.860	5
2026-02-20 07:35	71.865	71.880	71.825	71.870	5
2026-02-20 07:40	71.875	71.875	71.760	71.775	5
2026-02-20 07:45	71.780	71.805	71.700	71.770	5
2026-02-20 07:50	71.775	71.795	71.625	71.655	5
2026-02-20 07:55	71.660	71.665	71.555	71.580	5
2026-02-20 08:00	71.585	71.665	71.585	71.640	5
2026-02-20 08:05	71.635	71.655	71.530	71.570	5
2026-02-20 08:10	71.575	71.650	71.560	71.605	5
2026-02-20 08:15	71.615	71.630	71.555	71.595	5
2026-02-20 08:20	71.600	71.675	71.580	71.660	5
2026-02-20 08:25	71.670	71.685	71.535	71.610	5
2026-02-20 08:30	71.615	71.705	71.490	71.545	5
2026-02-20 08:35	71.555	71.555	71.400	71.465	5
2026-02-20 08:40	71.470	71.485	71.415	71.450	5
2026-02-20 08:45	71.455	71.520	71.440	71.465	5
2026-02-20 08:50	71.470	71.470	71.345	71.405	5
2026-02-20 08:55	71.395	71.515	71.370	71.420	5
2026-02-20 09:00	71.425	71.525	71.415	71.460	5
2026-02-20 09:05	71.470	71.485	71.405	71.455	5
2026-02-20 09:10	71.450	71.530	71.435	71.525	5
2026-02-20 09:15	71.520	71.555	71.475	71.505	5
2026-02-20 09:20	71.515	71.600	71.455	71.570	5
2026-02-20 09:25	71.575	71.820	71.550	71.815	5
2026-02-20 09:30	71.835	71.855	71.750	71.765	5
2026-02-20 09:35	71.755	71.755	71.625	71.640	5
2026-02-20 09:40	71.630	71.695	71.495	71.500	5
2026-02-20 09:45	71.505	71.505	71.280	71.335	5
2026-02-20 09:50	71.340	71.350	71.085	71.255	5
2026-02-20 09:55	71.260	71.320	71.230	71.245	5
2026-02-20 10:00	71.213	71.280	71.090	71.125	5
2026-02-20 10:05	71.130	71.210	71.095	71.130	5
2026-02-20 10:10	71.120	71.195	71.105	71.135	5
2026-02-20 10:15	71.145	71.295	71.125	71.220	5
2026-02-20 10:20	71.215	71.230	71.125	71.215	5
2026-02-20 10:25	71.220	71.255	71.155	71.245	5
2026-02-20 10:30	71.240	71.380	71.240	71.315	5
2026-02-20 10:35	71.310	71.345	71.240	71.250	5
2026-02-20 10:40	71.255	71.275	71.205	71.270	5
2026-02-20 10:45	71.265	71.275	71.200	71.205	5
2026-02-20 10:50	71.195	71.285	71.185	71.265	5
2026-02-20 10:55	71.260	71.315	71.205	71.215	5
2026-02-20 11:00	71.230	71.275	71.195	71.240	5
2026-02-20 11:05	71.245	71.310	71.245	71.290	5
2026-02-20 11:10	71.300	71.365	71.285	71.310	5
2026-02-20 11:15	71.315	71.360	71.190	71.320	5
2026-02-20 11:20	71.315	71.330	71.265	71.320	5
2026-02-20 11:25	71.325	71.400	71.300	71.375	5
2026-02-20 11:30	71.365	71.395	71.300	71.310	5
2026-02-20 11:35	71.315	71.540	71.305	71.475	5
2026-02-20 11:40	71.485	71.620	71.475	71.620	5
2026-02-20 11:45	71.625	71.645	71.450	71.475	5
2026-02-20 11:50	71.470	71.475	71.260	71.355	5
2026-02-20 11:55	71.350	71.410	71.048	71.230	5
2026-02-20 12:00	71.235	71.320	71.190	71.290	5
2026-02-20 12:05	71.295	71.405	71.180	71.405	5
2026-02-20 12:10	71.400	71.460	71.370	71.390	5
2026-02-20 12:15	71.395	71.420	71.350	71.375	5
2026-02-20 12:20	71.380	71.395	71.320	71.370	5
2026-02-20 12:25	71.365	71.400	71.285	71.305	5
2026-02-20 12:30	71.310	71.395	71.280	71.390	5
2026-02-20 12:35	71.395	71.395	71.200	71.220	5
2026-02-20 12:40	71.225	71.350	71.180	71.345	5
2026-02-20 12:45	71.340	71.365	71.305	71.350	5
2026-02-20 12:50	71.360	71.395	71.320	71.370	5
2026-02-20 12:55	71.365	71.465	71.355	71.410	5
2026-02-20 13:00	71.415	71.430	71.325	71.380	5
2026-02-20 13:05	71.385	71.480	71.380	71.415	5
2026-02-20 13:10	71.410	71.435	71.355	71.355	5
2026-02-20 13:15	71.350	71.385	71.270	71.290	5
2026-02-20 13:20	71.285	71.310	71.260	71.305	5
2026-02-20 13:25	71.315	71.370	71.280	71.370	5
2026-02-20 13:30	71.375	71.410	71.330	71.385	5
2026-02-20 13:35	71.395	71.410	71.290	71.300	5
2026-02-20 13:40	71.305	71.385	71.270	71.360	5
2026-02-20 13:45	71.355	71.405	71.345	71.385	5
2026-02-20 13:50	71.390	71.495	71.380	71.425	5
2026-02-20 13:55	71.435	71.480	71.395	71.475	5
2026-02-20 14:00	71.433	71.535	71.415	71.460	5
2026-02-20 14:05	71.455	71.455	71.350	71.360	5
2026-02-20 14:10	71.355	71.385	71.290	71.310	5
2026-02-20 14:15	71.305	71.315	71.205	71.215	5
2026-02-20 14:20	71.235	71.245	71.200	71.225	5
2026-02-20 14:25	71.235	71.340	71.220	71.335	5
2026-02-20 14:30	71.340	71.480	71.293	71.455	5
2026-02-20 14:35	71.460	71.600	71.130	71.590	5
2026-02-20 14:40	71.585	71.690	71.520	71.520	5
2026-02-20 14:45	71.530	71.555	71.360	71.375	5
2026-02-20 14:50	71.370	71.505	71.340	71.455	5
2026-02-20 14:55	71.460	71.485	71.266	71.465	5
2026-02-20 15:00	71.470	71.788	71.428	71.700	5
2026-02-20 15:05	71.675	71.705	71.433	71.580	5
2026-02-20 15:10	71.575	71.595	71.348	71.390	5
2026-02-20 15:15	71.385	71.575	71.318	71.530	5
2026-02-20 15:20	71.525	71.530	71.345	71.375	5
2026-02-20 15:25	71.385	71.415	71.278	71.385	5
2026-02-20 15:30	71.353	71.410	71.068	71.110	5
2026-02-20 15:35	71.115	71.215	71.105	71.210	5
2026-02-20 15:40	71.215	71.350	71.158	71.345	5
2026-02-20 15:45	71.350	71.410	71.295	71.345	5
2026-02-20 15:50	71.350	71.390	71.230	71.255	5
2026-02-20 15:55	71.250	71.265	71.070	71.180	5
2026-02-20 16:00	71.143	71.200	71.055	71.150	5
2026-02-20 16:05	71.155	71.235	71.085	71.225	5
2026-02-20 16:10	71.215	71.340	71.200	71.235	5
2026-02-20 16:15	71.230	71.265	71.175	71.225	5
2026-02-20 16:20	71.230	71.235	71.078	71.135	5
2026-02-20 16:25	71.130	71.275	71.115	71.235	5
2026-02-20 16:30	71.240	71.410	71.188	71.360	5
2026-02-20 16:35	71.365	71.415	71.295	71.375	5
2026-02-20 16:40	71.380	71.555	71.305	71.550	5
2026-02-20 16:45	71.545	71.580	71.465	71.470	5
2026-02-20 16:50	71.475	71.490	71.310	71.435	5
2026-02-20 16:55	71.415	71.505	71.390	71.450	5
2026-02-20 17:00	71.455	71.595	71.455	71.585	5
2026-02-20 17:05	71.595	71.655	71.575	71.610	5
2026-02-20 17:10	71.605	71.610	71.490	71.550	5
2026-02-20 17:15	71.555	71.555	71.445	71.485	5
2026-02-20 17:20	71.490	71.585	71.485	71.535	5
2026-02-20 17:25	71.540	71.540	71.400	71.455	5
2026-02-20 17:30	71.460	71.525	71.435	71.505	5
2026-02-20 17:35	71.510	71.535	71.455	71.510	5
2026-02-20 17:40	71.515	71.545	71.403	71.535	5
2026-02-20 17:45	71.498	71.650	71.498	71.620	5
2026-02-20 17:50	71.625	71.670	71.548	71.665	5
2026-02-20 17:55	71.675	71.780	71.613	71.710	5
2026-02-20 18:00	71.705	71.855	71.680	71.855	5
2026-02-20 18:05	71.850	71.975	71.820	71.940	5
2026-02-20 18:10	71.945	71.945	71.865	71.905	5
2026-02-20 18:15	71.895	71.895	71.690	71.695	5
2026-02-20 18:20	71.715	71.725	71.508	71.635	5
2026-02-20 18:25	71.630	71.715	71.538	71.585	5
2026-02-20 18:30	71.595	71.780	71.538	71.755	5
2026-02-20 18:35	71.745	71.815	71.630	71.795	5
2026-02-20 18:40	71.785	71.905	71.780	71.890	5
2026-02-20 18:45	71.900	71.930	71.820	71.840	5
2026-02-20 18:50	71.835	71.945	71.718	71.920	5
2026-02-20 18:55	71.925	71.945	71.860	71.860	5
2026-02-20 19:00	71.865	71.870	71.695	71.720	5
2026-02-20 19:05	71.725	71.750	71.575	71.615	5
2026-02-20 19:10	71.625	71.710	71.595	71.660	5
2026-02-20 19:15	71.665	71.695	71.575	71.600	5
2026-02-20 19:20	71.605	71.635	71.530	71.535	5
2026-02-20 19:25	71.540	71.795	71.540	71.755	5
2026-02-20 19:30	71.735	71.805	71.695	71.695	5
2026-02-20 19:35	71.700	71.700	71.565	71.655	5
2026-02-20 19:40	71.650	71.725	71.650	71.690	5
2026-02-20 19:45	71.695	71.735	71.680	71.700	5
2026-02-20 19:50	71.695	71.775	71.695	71.770	5
2026-02-20 19:55	71.775	71.775	71.720	71.750	5
2026-02-20 20:00	71.760	71.790	71.750	71.755	5
2026-02-20 20:05	71.750	71.775	71.600	71.620	5
2026-02-20 20:10	71.625	71.625	71.585	71.600	5
2026-02-20 20:15	71.605	71.630	71.560	71.585	5
2026-02-20 20:20	71.580	71.620	71.560	71.610	5
2026-02-20 20:25	71.615	71.615	71.545	71.585	5
2026-02-20 20:30	71.575	71.585	71.550	71.565	5
2026-02-20 20:35	71.570	71.625	71.570	71.610	5
2026-02-20 20:40	71.605	71.615	71.580	71.605	5
2026-02-20 20:45	71.600	71.600	71.550	71.565	5
2026-02-20 20:50	71.550	71.585	71.525	71.580	5
2026-02-20 20:55	71.590	71.680	71.585	71.680	5
2026-02-20 21:00	71.675	71.680	71.627	71.677	5
2026-02-20 21:05	71.672	71.702	71.647	71.647	5
2026-02-20 21:10	71.628	71.628	71.547	71.597	5
2026-02-20 21:15	71.602	71.602	71.562	71.567	5
2026-02-20 21:20	71.562	71.587	71.557	71.577	5
2026-02-20 21:25	71.582	71.637	71.582	71.612	5
2026-02-20 21:30	71.617	71.667	71.612	71.657	5
2026-02-20 21:35	71.652	71.662	71.562	71.592	5
2026-02-20 21:40	71.597	71.627	71.562	71.627	5
2026-02-20 21:45	71.617	71.632	71.572	71.577	5
2026-02-20 21:50	71.587	71.592	71.552	71.567	5
2026-02-20 21:55	71.572	71.593	71.552	71.587	5
2026-02-23 01:00	70.947	70.965	70.870	70.900	5
2026-02-23 01:05	70.905	70.930	70.880	70.930	5
2026-02-23 01:10	70.920	70.925	70.885	70.890	5
2026-02-23 01:15	70.885	70.885	70.840	70.865	5
2026-02-23 01:20	70.870	70.920	70.860	70.910	5
2026-02-23 01:25	70.900	71.045	70.900	71.040	5
2026-02-23 01:30	71.035	71.085	71.015	71.060	5
2026-02-23 01:35	71.065	71.145	71.065	71.105	5
2026-02-23 01:40	71.110	71.165	71.100	71.160	5
2026-02-23 01:45	71.170	71.175	71.140	71.150	5
2026-02-23 01:50	71.145	71.240	71.145	71.200	5
2026-02-23 01:55	71.190	71.225	71.150	71.150	5
2026-02-23 02:00	71.155	71.265	71.155	71.245	5
2026-02-23 02:05	71.255	71.265	71.205	71.260	5
2026-02-23 02:10	71.255	71.260	71.205	71.205	5
2026-02-23 02:15	71.210	71.215	71.185	71.205	5
2026-02-23 02:20	71.200	71.300	71.200	71.225	5
2026-02-23 02:25	71.235	71.310	71.235	71.280	5
2026-02-23 02:30	71.250	71.295	71.230	71.280	5
2026-02-23 02:35	71.275	71.275	71.240	71.240	5
2026-02-23 02:40	71.250	71.295	71.250	71.290	5
2026-02-23 02:45	71.285	71.315	71.265	71.265	5
2026-02-23 02:50	71.255	71.275	71.170	71.195	5
2026-02-23 02:55	71.190	71.190	71.140	71.150	5
2026-02-23 03:00	71.135	71.140	71.105	71.140	5
2026-02-23 03:05	71.135	71.165	71.090	71.095	5
2026-02-23 03:10	71.085	71.155	71.053	71.090	4
2026-02-23 03:15	71.100	71.110	71.055	71.070	5
2026-02-23 03:20	71.075	71.075	71.008	71.065	5
2026-02-23 03:25	71.018	71.070	71.018	71.040	5
2026-02-23 03:30	71.045	71.045	70.945	70.945	5
2026-02-23 03:35	70.950	70.995	70.930	70.980	5
2026-02-23 03:40	70.975	71.035	70.975	70.990	5
2026-02-23 03:45	70.995	71.045	70.995	71.025	5
2026-02-23 03:50	71.020	71.050	70.970	70.970	5
2026-02-23 03:55	70.980	70.990	70.935	70.945	5
2026-02-23 04:00	70.940	70.970	70.898	70.950	5
2026-02-23 04:05	70.945	70.980	70.945	70.980	4
2026-02-23 04:10	70.975	71.000	70.945	70.945	5
2026-02-23 04:15	70.898	70.915	70.835	70.855	5
2026-02-23 04:20	70.860	70.865	70.800	70.825	5
2026-02-23 04:25	70.830	70.845	70.750	70.800	5
2026-02-23 04:30	70.810	70.850	70.810	70.840	4
2026-02-23 04:35	70.830	70.855	70.800	70.850	4
2026-02-23 04:40	70.855	70.905	70.850	70.900	5
2026-02-23 04:45	70.890	70.905	70.808	70.835	5
2026-02-23 04:50	70.845	70.865	70.830	70.830	5
2026-02-23 04:55	70.825	70.845	70.820	70.825	5
2026-02-23 05:00	70.778	70.835	70.778	70.825	4
2026-02-23 05:05	70.845	70.880	70.845	70.845	5
2026-02-23 05:10	70.850	70.915	70.803	70.910	5
2026-02-23 05:15	70.915	70.935	70.910	70.930	4
2026-02-23 05:20	70.935	71.035	70.930	71.000	5
2026-02-23 05:25	71.005	71.015	70.960	70.985	5
2026-02-23 05:30	70.995	71.005	70.955	70.995	4
2026-02-23 05:35	71.000	71.010	70.975	71.000	4
2026-02-23 05:40	71.005	71.030	70.990	70.995	5
2026-02-23 05:45	70.948	71.075	70.948	71.040	5
2026-02-23 05:50	71.045	71.065	71.025	71.040	5
2026-02-23 05:55	71.035	71.040	71.005	71.005	5
2026-02-23 06:00	71.010	71.010	70.945	70.980	5
2026-02-23 06:05	70.985	71.020	70.970	71.005	5
2026-02-23 06:10	71.000	71.015	70.975	71.005	5
2026-02-23 06:15	71.010	71.035	70.933	70.975	5
2026-02-23 06:20	70.990	71.010	70.953	70.995	4
2026-02-23 06:25	71.005	71.045	71.005	71.045	5
2026-02-23 06:30	71.040	71.085	70.998	71.050	5
2026-02-23 06:35	71.045	71.045	70.948	71.000	5
2026-02-23 06:40	71.005	71.005	70.945	70.965	5
2026-02-23 06:45	70.960	71.065	70.960	71.025	5
2026-02-23 06:50	71.015	71.015	70.920	70.920	5
2026-02-23 06:55	70.925	70.950	70.900	70.925	5
2026-02-23 07:00	70.930	71.060	70.930	71.020	5
2026-02-23 07:05	71.015	71.020	70.930	70.955	5
2026-02-23 07:10	70.950	70.965	70.910	70.950	5
2026-02-23 07:15	70.955	70.960	70.873	70.905	5
2026-02-23 07:20	70.910	70.965	70.875	70.945	5
2026-02-23 07:25	70.935	70.935	70.885	70.915	5
2026-02-23 07:30	70.925	70.960	70.895	70.940	5
2026-02-23 07:35	70.910	70.965	70.845	70.865	5
2026-02-23 07:40	70.870	70.880	70.770	70.800	5
2026-02-23 07:45	70.805	70.820	70.755	70.785	5
2026-02-23 07:50	70.775	70.880	70.760	70.815	5
2026-02-23 07:55	70.825	70.885	70.815	70.885	5
2026-02-23 08:00	70.910	71.045	70.898	70.975	5
2026-02-23 08:05	70.970	71.190	70.970	71.190	5
2026-02-23 08:10	71.175	71.195	71.035	71.065	5
2026-02-23 08:15	71.070	71.085	71.030	71.060	5
2026-02-23 08:20	71.055	71.085	71.010	71.075	5
2026-02-23 08:25	71.070	71.080	70.925	70.945	5
2026-02-23 08:30	70.955	70.955	70.810	70.905	5
2026-02-23 08:35	70.910	70.975	70.885	70.945	5
2026-02-23 08:40	70.940	70.995	70.935	70.970	5
2026-02-23 08:45	70.965	71.035	70.945	71.035	5
2026-02-23 08:50	71.045	71.105	71.015	71.040	5
2026-02-23 08:55	71.035	71.175	71.030	71.140	5
2026-02-23 09:00	71.098	71.130	71.025	71.095	5
2026-02-23 09:05	71.100	71.172	71.095	71.135	5
2026-02-23 09:10	71.140	71.275	71.125	71.265	5
2026-02-23 09:15	71.275	71.310	71.255	71.275	5
2026-02-23 09:20	71.270	71.445	71.260	71.350	5
2026-02-23 09:25	71.345	71.355	71.225	71.275	5
2026-02-23 09:30	71.280	71.550	71.280	71.540	5
2026-02-23 09:35	71.550	71.555	71.405	71.445	5
2026-02-23 09:40	71.450	71.520	71.425	71.510	5
2026-02-23 09:45	71.515	71.545	71.490	71.540	5
2026-02-23 09:50	71.545	71.555	71.420	71.420	5
2026-02-23 09:55	71.435	71.480	71.430	71.475	5
2026-02-23 10:00	71.465	71.470	71.370	71.395	5
2026-02-23 10:05	71.385	71.420	71.355	71.410	5
2026-02-23 10:10	71.405	71.420	71.365	71.390	5
2026-02-23 10:15	71.395	71.395	71.310	71.365	5
2026-02-23 10:20	71.370	71.405	71.335	71.400	5
2026-02-23 10:25	71.395	71.410	71.223	71.255	5
2026-02-23 10:30	71.260	71.365	71.260	71.365	5
2026-02-23 10:35	71.370	71.370	71.300	71.310	5
2026-02-23 10:40	71.315	71.330	71.245	71.275	5
2026-02-23 10:45	71.270	71.295	71.250	71.270	5
2026-02-23 10:50	71.275	71.350	71.255	71.340	5
2026-02-23 10:55	71.345	71.375	71.285	71.310	5
2026-02-23 11:00	71.295	71.325	71.245	71.300	5
2026-02-23 11:05	71.295	71.375	71.285	71.365	5
2026-02-23 11:10	71.360	71.375	71.295	71.305	5
2026-02-23 11:15	71.315	71.315	71.265	71.270	5
2026-02-23 11:20	71.265	71.315	71.235	71.315	5
2026-02-23 11:25	71.305	71.450	71.285	71.400	5
2026-02-23 11:30	71.405	71.550	71.405	71.545	5
2026-02-23 11:35	71.550	71.550	71.485	71.510	5
2026-02-23 11:40	71.515	71.605	71.470	71.595	5
2026-02-23 11:45	71.590	71.640	71.545	71.635	5
2026-02-23 11:50	71.640	71.725	71.635	71.685	5
2026-02-23 11:55	71.690	71.695	71.625	71.690	5
2026-02-23 12:00	71.695	71.745	71.670	71.740	5
2026-02-23 12:05	71.735	71.750	71.695	71.745	5
2026-02-23 12:10	71.735	71.775	71.715	71.735	5
2026-02-23 12:15	71.730	71.900	71.725	71.880	5
2026-02-23 12:20	71.875	71.935	71.845	71.860	5
2026-02-23 12:25	71.865	71.910	71.850	71.905	5
2026-02-23 12:30	71.900	71.950	71.840	71.870	5
2026-02-23 12:35	71.880	71.905	71.835	71.900	5
2026-02-23 12:40	71.905	71.920	71.850	71.885	5
2026-02-23 12:45	71.895	71.965	71.885	71.930	5
2026-02-23 12:50	71.935	71.975	71.915	71.960	5
2026-02-23 12:55	71.955	71.965	71.905	71.960	5
2026-02-23 13:00	71.965	71.970	71.860	71.860	5
2026-02-23 13:05	71.855	71.880	71.780	71.860	5
2026-02-23 13:10	71.870	71.885	71.835	71.865	5
2026-02-23 13:15	71.870	71.890	71.845	71.880	5
2026-02-23 13:20	71.875	71.920	71.860	71.870	5
2026-02-23 13:25	71.875	71.875	71.825	71.840	5
2026-02-23 13:30	71.845	71.850	71.750	71.780	5
2026-02-23 13:35	71.785	71.845	71.735	71.820	5
2026-02-23 13:40	71.815	71.925	71.815	71.920	5
2026-02-23 13:45	71.925	71.985	71.905	71.970	5
2026-02-23 13:50	71.965	72.130	71.960	72.075	5
2026-02-23 13:55	72.065	72.095	72.000	72.090	5
2026-02-23 14:00	72.105	72.125	72.030	72.110	5
2026-02-23 14:05	72.105	72.140	72.000	72.050	5
2026-02-23 14:10	72.040	72.040	71.925	71.970	5
2026-02-23 14:15	71.975	72.010	71.940	71.990	5
2026-02-23 14:20	71.980	72.000	71.905	71.995	5
2026-02-23 14:25	72.005	72.140	71.970	72.125	5
2026-02-23 14:30	72.140	72.395	72.100	72.305	5
2026-02-23 14:35	72.300	72.325	72.190	72.235	5
2026-02-23 14:40	72.245	72.275	72.140	72.225	5
2026-02-23 14:45	72.230	72.295	72.200	72.210	5
2026-02-23 14:50	72.205	72.285	72.175	72.230	5
2026-02-23 14:55	72.225	72.230	72.150	72.190	5
2026-02-23 15:00	72.148	72.300	72.148	72.275	5
2026-02-23 15:05	72.285	72.410	72.285	72.380	5
2026-02-23 15:10	72.375	72.385	72.280	72.330	5
2026-02-23 15:15	72.335	72.470	72.290	72.460	5
2026-02-23 15:20	72.465	72.465	72.395	72.435	5
2026-02-23 15:25	72.440	72.455	72.400	72.455	5
2026-02-23 15:30	72.475	72.475	72.360	72.380	5
2026-02-23 15:35	72.385	72.420	72.345	72.420	5
2026-02-23 15:40	72.415	72.455	72.325	72.340	5
2026-02-23 15:45	72.330	72.345	72.230	72.320	5
2026-02-23 15:50	72.315	72.345	72.255	72.270	5
2026-02-23 15:55	72.265	72.265	72.015	72.045	5
2026-02-23 16:00	72.035	72.060	71.745	71.795	5
2026-02-23 16:05	71.790	71.915	71.690	71.870	5
2026-02-23 16:10	71.885	72.125	71.880	72.115	5
2026-02-23 16:15	72.120	72.265	72.120	72.265	5
2026-02-23 16:20	72.255	72.370	72.240	72.275	5
2026-02-23 16:25	72.270	72.345	72.215	72.265	5
2026-02-23 16:30	72.290	72.290	71.880	71.905	5
2026-02-23 16:35	71.900	71.900	71.660	71.720	5
2026-02-23 16:40	71.710	71.845	71.690	71.715	5
2026-02-23 16:45	71.725	71.755	71.560	71.640	5
2026-02-23 16:50	71.645	71.710	71.605	71.665	5
2026-02-23 16:55	71.655	71.670	71.460	71.575	5
2026-02-23 17:00	71.580	71.640	71.545	71.600	5
2026-02-23 17:05	71.595	71.595	71.495	71.525	5
2026-02-23 17:10	71.520	71.525	71.450	71.480	5
2026-02-23 17:15	71.475	71.535	71.430	71.505	5
2026-02-23 17:20	71.510	71.525	71.410	71.445	5
2026-02-23 17:25	71.455	71.550	71.440	71.470	5
2026-02-23 17:30	71.465	71.495	71.395	71.405	5
2026-02-23 17:35	71.400	71.400	71.285	71.375	5
2026-02-23 17:40	71.380	71.395	71.335	71.345	5
2026-02-23 17:45	71.340	71.420	71.310	71.395	5
2026-02-23 17:50	71.380	71.475	71.350	71.350	5
2026-02-23 17:55	71.345	71.400	71.270	71.385	5
2026-02-23 18:00	71.375	71.435	71.355	71.375	5
2026-02-23 18:05	71.365	71.400	71.360	71.395	5
2026-02-23 18:10	71.390	71.435	71.335	71.380	5
2026-02-23 18:15	71.370	71.390	71.335	71.385	5
2026-02-23 18:20	71.395	71.435	71.380	71.420	5
2026-02-23 18:25	71.415	71.425	71.315	71.330	5
2026-02-23 18:30	71.340	71.405	71.315	71.335	5
2026-02-23 18:35	71.325	71.360	71.305	71.325	5
2026-02-23 18:40	71.330	71.330	71.270	71.300	5
2026-02-23 18:45	71.295	71.365	71.285	71.350	5
2026-02-23 18:50	71.345	71.505	71.320	71.450	5
2026-02-23 18:55	71.455	71.490	71.355	71.375	5
2026-02-23 19:00	71.380	71.410	71.335	71.395	5
2026-02-23 19:05	71.390	71.395	71.285	71.345	5
2026-02-23 19:10	71.350	71.375	71.305	71.340	5
2026-02-23 19:15	71.335	71.375	71.325	71.345	5
2026-02-23 19:20	71.355	71.550	71.345	71.510	5
2026-02-23 19:25	71.500	71.505	71.400	71.495	5
2026-02-23 19:30	71.485	71.495	71.395	71.465	5
2026-02-23 19:35	71.455	71.535	71.435	71.525	5
2026-02-23 19:40	71.515	71.540	71.370	71.395	5
2026-02-23 19:45	71.400	71.465	71.395	71.465	5
2026-02-23 19:50	71.460	71.475	71.435	71.445	5
2026-02-23 19:55	71.435	71.505	71.435	71.500	5
2026-02-23 20:00	71.510	71.550	71.500	71.530	5
2026-02-23 20:05	71.535	71.590	71.535	71.580	5
2026-02-23 20:10	71.575	71.600	71.505	71.515	5
2026-02-23 20:15	71.525	71.545	71.505	71.535	5
2026-02-23 20:20	71.540	71.595	71.535	71.590	5
2026-02-23 20:25	71.585	71.595	71.560	71.585	5
2026-02-23 20:30	71.580	71.585	71.545	71.565	5
2026-02-23 20:35	71.570	71.595	71.555	71.575	5
2026-02-23 20:40	71.570	71.590	71.555	71.580	5
2026-02-23 20:45	71.585	71.595	71.555	71.590	5
2026-02-23 20:50	71.600	71.630	71.575	71.610	5
2026-02-23 20:55	71.620	71.655	71.595	71.600	5
2026-02-23 21:00	71.577	71.597	71.562	71.567	5
2026-02-23 21:05	71.562	71.597	71.517	71.517	5
2026-02-23 21:10	71.512	71.652	71.477	71.517	5
2026-02-23 21:15	71.527	71.587	71.512	71.517	5
2026-02-23 21:20	71.512	71.527	71.502	71.502	5
2026-02-23 21:25	71.512	71.537	71.492	71.517	5
2026-02-23 21:30	71.522	71.537	71.512	71.517	5
2026-02-23 21:35	71.512	71.537	71.507	71.517	5
2026-02-23 21:40	71.507	71.512	71.482	71.487	5
2026-02-23 21:45	71.482	71.487	71.442	71.452	5
2026-02-23 21:50	71.447	71.447	71.387	71.397	5
2026-02-23 21:55	71.407	71.422	71.397	71.417	5
2026-02-24 01:00	71.455	71.595	71.350	71.520	5
2026-02-24 01:05	71.525	71.535	71.370	71.410	5
2026-02-24 01:10	71.415	71.435	71.330	71.390	5
2026-02-24 01:15	71.380	71.400	71.235	71.330	5
2026-02-24 01:20	71.340	71.360	71.280	71.290	5
2026-02-24 01:25	71.300	71.360	71.260	71.360	5
2026-02-24 01:30	71.365	71.460	71.350	71.460	5
2026-02-24 01:35	71.455	71.460	71.385	71.410	5
2026-02-24 01:40	71.400	71.640	71.400	71.635	5
2026-02-24 01:45	71.640	71.640	71.470	71.480	5
2026-02-24 01:50	71.475	71.530	71.450	71.480	5
2026-02-24 01:55	71.490	71.620	71.450	71.615	5
2026-02-24 02:00	71.620	71.690	71.570	71.640	5
2026-02-24 02:05	71.645	71.700	71.615	71.700	5
2026-02-24 02:10	71.695	71.820	71.680	71.800	5
2026-02-24 02:15	71.790	71.815	71.745	71.780	5
2026-02-24 02:20	71.775	71.780	71.735	71.780	5
2026-02-24 02:25	71.790	71.790	71.750	71.760	5
2026-02-24 02:30	71.755	71.835	71.750	71.795	5
2026-02-24 02:35	71.790	71.870	71.785	71.840	5
2026-02-24 02:40	71.845	71.865	71.825	71.860	5
2026-02-24 02:45	71.865	71.900	71.855	71.890	5
2026-02-24 02:50	71.885	71.955	71.870	71.955	5
2026-02-24 02:55	71.945	72.000	71.940	71.980	5
2026-02-24 03:00	71.985	72.070	71.970	72.025	5
2026-02-24 03:05	72.035	72.110	71.975	72.005	5
2026-02-24 03:10	72.010	72.080	71.990	72.025	5
2026-02-24 03:15	72.020	72.020	71.965	71.970	5
2026-02-24 03:20	71.965	72.050	71.950	72.050	5
2026-02-24 03:25	72.045	72.125	72.025	72.120	5
2026-02-24 03:30	72.115	72.115	72.040	72.050	5
2026-02-24 03:35	72.045	72.120	72.030	72.105	5
2026-02-24 03:40	72.110	72.115	72.075	72.085	5
2026-02-24 03:45	72.070	72.075	72.030	72.065	5
2026-02-24 03:50	72.070	72.095	72.040	72.060	4
2026-02-24 03:55	72.055	72.070	72.040	72.070	5
2026-02-24 04:00	72.075	72.095	72.060	72.070	5
2026-02-24 04:05	72.075	72.075	72.035	72.060	5
2026-02-24 04:10	72.065	72.065	72.040	72.040	4
2026-02-24 04:15	72.045	72.055	72.035	72.045	4
2026-02-24 04:20	72.035	72.060	72.025	72.035	4
2026-02-24 04:25	72.025	72.025	72.005	72.015	3
2026-02-24 04:30	72.015	72.055	72.015	72.045	4
2026-02-24 04:35	72.040	72.060	72.020	72.035	5
2026-02-24 04:40	72.030	72.045	72.025	72.035	4
2026-02-24 04:45	72.030	72.055	72.005	72.005	5
2026-02-24 04:50	71.995	72.005	71.965	71.990	5
2026-02-24 04:55	71.985	71.990	71.960	71.960	4
2026-02-24 05:00	71.965	71.965	71.805	71.815	5
2026-02-24 05:05	71.810	71.880	71.765	71.880	5
2026-02-24 05:10	71.885	71.910	71.880	71.905	5
2026-02-24 05:15	71.895	71.895	71.855	71.870	5
2026-02-24 05:20	71.875	71.895	71.860	71.860	5
2026-02-24 05:25	71.865	71.890	71.865	71.865	5
2026-02-24 05:30	71.855	71.970	71.855	71.940	5
2026-02-24 05:35	71.935	71.985	71.915	71.980	5
2026-02-24 05:40	71.970	72.145	71.960	72.100	5
2026-02-24 05:45	72.090	72.120	71.995	71.995	5
2026-02-24 05:50	71.990	72.045	71.990	72.030	5
2026-02-24 05:55	72.025	72.075	72.005	72.010	5
2026-02-24 06:00	72.005	72.025	71.980	71.995	5
2026-02-24 06:05	71.990	72.025	71.960	71.970	5
2026-02-24 06:10	71.965	71.995	71.925	71.940	5
2026-02-24 06:15	71.935	71.940	71.890	71.890	5
2026-02-24 06:20	71.885	71.935	71.865	71.910	5
2026-02-24 06:25	71.905	71.930	71.885	71.895	5
2026-02-24 06:30	71.890	71.895	71.810	71.845	5
2026-02-24 06:35	71.840	71.910	71.830	71.870	5
2026-02-24 06:40	71.875	71.885	71.860	71.860	2
2026-02-24 06:45	71.940	71.940	71.900	71.930	3
2026-02-24 06:55	71.940	71.975	71.925	71.975	4
2026-02-24 07:00	71.960	71.965	71.925	71.935	3
2026-02-24 07:05	71.930	71.965	71.900	71.915	5
2026-02-24 07:10	71.925	71.955	71.920	71.940	5
2026-02-24 07:15	71.955	71.970	71.925	71.930	5
2026-02-24 07:20	71.925	71.930	71.870	71.875	5
2026-02-24 07:25	71.880	71.885	71.745	71.775	5
2026-02-24 07:30	71.780	71.785	71.685	71.725	5
2026-02-24 07:35	71.735	71.760	71.700	71.725	5
2026-02-24 07:40	71.730	71.785	71.695	71.725	5
2026-02-24 07:45	71.715	71.715	71.620	71.625	5
2026-02-24 07:50	71.640	71.690	71.615	71.685	5
2026-02-24 07:55	71.690	71.725	71.690	71.705	5
2026-02-24 08:00	71.710	71.710	71.640	71.710	5
2026-02-24 08:05	71.720	71.755	71.670	71.675	5
2026-02-24 08:10	71.680	71.685	71.540	71.560	5
2026-02-24 08:15	71.570	71.570	71.480	71.505	5
2026-02-24 08:20	71.500	71.540	71.455	71.455	5
2026-02-24 08:25	71.460	71.525	71.425	71.435	5
2026-02-24 08:30	71.425	71.520	71.380	71.515	5
2026-02-24 08:35	71.510	71.590	71.480	71.575	5
2026-02-24 08:40	71.570	71.630	71.500	71.525	5
2026-02-24 08:45	71.520	71.575	71.510	71.550	5
2026-02-24 08:50	71.555	71.675	71.535	71.670	5
2026-02-24 08:55	71.675	71.695	71.620	71.680	5
2026-02-24 09:00	71.660	71.690	71.530	71.560	5
2026-02-24 09:05	71.565	71.590	71.510	71.510	5
2026-02-24 09:10	71.505	71.595	71.420	71.590	5
2026-02-24 09:15	71.595	71.655	71.545	71.560	5
2026-02-24 09:20	71.565	71.565	71.490	71.495	5
2026-02-24 09:25	71.490	71.520	71.420	71.495	5
2026-02-24 09:30	71.490	71.585	71.485	71.550	5
2026-02-24 09:35	71.560	71.650	71.510	71.645	5
2026-02-24 09:40	71.655	71.700	71.615	71.620	5
2026-02-24 09:45	71.615	71.665	71.535	71.640	5
2026-02-24 09:50	71.645	71.695	71.605	71.640	5
2026-02-24 09:55	71.645	71.680	71.620	71.650	5
2026-02-24 10:00	71.655	71.690	71.540	71.650	5
2026-02-24 10:05	71.655	71.680	71.520	71.525	5
2026-02-24 10:10	71.505	71.515	71.345	71.415	5
2026-02-24 10:15	71.410	71.465	71.325	71.425	5
2026-02-24 10:20	71.430	71.555	71.430	71.490	5
2026-02-24 10:25	71.525	71.585	71.505	71.510	5
2026-02-24 10:30	71.505	71.545	71.410	71.485	5
2026-02-24 10:35	71.490	71.510	71.415	71.425	5
2026-02-24 10:40	71.440	71.445	71.275	71.275	5
2026-02-24 10:45	71.265	71.290	71.235	71.290	5
2026-02-24 10:50	71.295	71.400	71.255	71.345	5
2026-02-24 10:55	71.350	71.385	71.290	71.315	5
2026-02-24 11:00	71.310	71.315	71.195	71.300	5
2026-02-24 11:05	71.305	71.465	71.280	71.440	5
2026-02-24 11:10	71.435	71.440	71.305	71.305	5
2026-02-24 11:15	71.300	71.305	71.245	71.300	5
2026-02-24 11:20	71.295	71.370	71.290	71.345	5
2026-02-24 11:25	71.355	71.405	71.340	71.350	5
2026-02-24 11:30	71.355	71.370	71.315	71.340	5
2026-02-24 11:35	71.335	71.355	71.295	71.295	5
2026-02-24 11:40	71.300	71.310	71.255	71.310	5
2026-02-24 11:45	71.305	71.375	71.305	71.360	5
2026-02-24 11:50	71.355	71.420	71.295	71.405	5
2026-02-24 11:55	71.400	71.450	71.375	71.410	5
2026-02-24 12:00	71.375	71.465	71.360	71.460	5
2026-02-24 12:05	71.455	71.555	71.455	71.475	5
2026-02-24 12:10	71.480	71.480	71.335	71.335	5
2026-02-24 12:15	71.340	71.360	71.305	71.345	5
2026-02-24 12:20	71.350	71.420	71.345	71.405	5
2026-02-24 12:25	71.410	71.550	71.405	71.520	5
2026-02-24 12:30	71.525	71.645	71.470	71.635	5
2026-02-24 12:35	71.610	71.675	71.605	71.660	5
2026-02-24 12:40	71.655	71.670	71.585	71.595	5
2026-02-24 12:45	71.590	71.635	71.575	71.605	5
2026-02-24 12:50	71.610	71.610	71.495	71.545	5
2026-02-24 12:55	71.540	71.660	71.535	71.650	5
2026-02-24 13:00	71.660	71.810	71.660	71.795	5
2026-02-24 13:05	71.800	71.925	71.750	71.905	5
2026-02-24 13:10	71.900	71.970	71.885	71.920	5
2026-02-24 13:15	71.915	71.985	71.830	71.890	5
2026-02-24 13:20	71.885	72.020	71.880	71.955	5
2026-02-24 13:25	71.950	72.085	71.920	72.080	5
2026-02-24 13:30	72.075	72.115	72.040	72.075	5
2026-02-24 13:35	72.080	72.225	72.070	72.180	5
2026-02-24 13:40	72.185	72.185	71.965	71.980	5
2026-02-24 13:45	71.975	72.010	71.945	71.960	5
2026-02-24 13:50	71.955	72.005	71.915	71.975	5
2026-02-24 13:55	71.965	71.985	71.915	71.980	5
2026-02-24 14:00	71.985	71.985	71.850	71.915	5
2026-02-24 14:05	71.900	71.940	71.845	71.895	5
2026-02-24 14:10	71.885	71.905	71.845	71.865	5
2026-02-24 14:15	71.845	71.855	71.760	71.780	5
2026-02-24 14:20	71.775	71.940	71.770	71.860	5
2026-02-24 14:25	71.865	71.870	71.790	71.830	5
2026-02-24 14:30	71.825	71.840	71.620	71.655	5
2026-02-24 14:35	71.660	71.665	71.560	71.580	5
2026-02-24 14:40	71.575	71.680	71.525	71.680	5
2026-02-24 14:45	71.675	71.725	71.620	71.660	5
2026-02-24 14:50	71.645	71.815	71.640	71.815	5
2026-02-24 14:55	71.810	71.820	71.620	71.680	5
2026-02-24 15:00	71.675	71.845	71.625	71.625	5
2026-02-24 15:05	71.605	71.660	71.360	71.515	5
2026-02-24 15:10	71.510	71.575	71.450	71.570	5
2026-02-24 15:15	71.580	71.635	71.550	71.585	5
2026-02-24 15:20	71.580	71.630	71.540	71.590	5
2026-02-24 15:25	71.595	71.615	70.890	71.050	5
2026-02-24 15:30	71.045	71.125	70.775	70.915	5
2026-02-24 15:35	70.910	71.155	70.815	71.120	5
2026-02-24 15:40	71.105	71.300	71.105	71.155	5
2026-02-24 15:45	71.160	71.175	70.995	71.040	5
2026-02-24 15:50	71.035	71.080	70.955	71.005	5
2026-02-24 15:55	71.010	71.035	70.920	71.010	5
2026-02-24 16:00	71.005	71.080	70.915	71.010	5
2026-02-24 16:05	71.005	71.095	70.965	71.030	5
2026-02-24 16:10	71.025	71.210	70.985	71.185	5
2026-02-24 16:15	71.180	71.360	71.150	71.325	5
2026-02-24 16:20	71.330	71.365	71.245	71.330	5
2026-02-24 16:25	71.335	71.360	71.035	71.105	5
2026-02-24 16:30	71.095	71.160	71.045	71.145	5
2026-02-24 16:35	71.140	71.245	71.140	71.215	5
2026-02-24 16:40	71.205	71.225	71.110	71.120	5
2026-02-24 16:45	71.115	71.140	70.965	71.000	5
2026-02-24 16:50	70.995	71.095	70.925	70.950	5
2026-02-24 16:55	70.965	71.065	70.915	71.065	5
2026-02-24 17:00	71.050	71.125	71.030	71.035	5
2026-02-24 17:05	71.040	71.125	71.025	71.110	5
2026-02-24 17:10	71.090	71.230	71.090	71.220	5
2026-02-24 17:15	71.215	71.305	71.205	71.280	5
2026-02-24 17:20	71.275	71.415	71.275	71.335	5
2026-02-24 17:25	71.330	71.335	71.280	71.300	5
2026-02-24 17:30	71.285	71.290	71.205	71.250	5
2026-02-24 17:35	71.245	71.250	71.095	71.095	5
2026-02-24 17:40	71.085	71.090	70.965	71.035	5
2026-02-24 17:45	71.025	71.065	70.845	70.900	5
2026-02-24 17:50	70.890	71.005	70.860	70.970	5
2026-02-24 17:55	70.965	70.975	70.870	70.970	5
2026-02-24 18:00	70.965	71.070	70.930	70.995	5
2026-02-24 18:05	71.005	71.065	70.980	71.050	5
2026-02-24 18:10	71.045	71.105	71.035	71.080	5
2026-02-24 18:15	71.070	71.110	71.040	71.085	5
2026-02-24 18:20	71.080	71.120	71.045	71.105	5
2026-02-24 18:25	71.110	71.115	71.045	71.050	5
2026-02-24 18:30	71.055	71.085	70.945	71.000	5
2026-02-24 18:35	70.995	71.100	70.995	71.070	5
2026-02-24 18:40	71.065	71.100	71.025	71.035	5
2026-02-24 18:45	71.045	71.180	71.045	71.170	5
2026-02-24 18:50	71.165	71.165	71.105	71.145	5
2026-02-24 18:55	71.140	71.155	71.070	71.115	5
2026-02-24 19:00	71.125	71.125	70.915	70.950	5
2026-02-24 19:05	70.940	70.990	70.915	70.915	5
2026-02-24 19:10	70.900	70.925	70.835	70.840	5
2026-02-24 19:15	70.845	70.845	70.695	70.775	5
2026-02-24 19:20	70.780	70.830	70.725	70.790	5
2026-02-24 19:25	70.785	70.815	70.695	70.795	5
2026-02-24 19:30	70.790	70.965	70.745	70.945	5
2026-02-24 19:35	70.935	71.025	70.925	71.025	5
2026-02-24 19:40	71.020	71.080	70.975	70.985	5
2026-02-24 19:45	70.975	71.015	70.970	71.005	5
2026-02-24 19:50	71.000	71.025	70.990	71.025	5
2026-02-24 19:55	71.035	71.055	71.005	71.025	5
2026-02-24 20:00	71.020	71.025	70.930	71.000	5
2026-02-24 20:05	70.995	71.005	70.945	70.975	5
2026-02-24 20:10	70.965	71.080	70.945	70.995	5
2026-02-24 20:15	71.000	71.190	70.955	71.170	5
2026-02-24 20:20	71.175	71.610	71.150	71.460	5
2026-02-24 20:25	71.450	71.610	71.390	71.470	5
2026-02-24 20:30	71.475	71.475	71.330	71.345	5
2026-02-24 20:35	71.355	71.370	71.320	71.330	5
2026-02-24 20:40	71.335	71.455	71.335	71.445	5
2026-02-24 20:45	71.440	71.480	71.415	71.455	5
2026-02-24 20:50	71.465	71.500	71.440	71.500	5
2026-02-24 20:55	71.495	71.530	71.430	71.440	5
2026-02-24 21:00	71.445	71.447	71.327	71.332	5
2026-02-24 21:05	71.342	71.352	71.277	71.317	5
2026-02-24 21:10	71.307	71.347	71.307	71.347	5
2026-02-24 21:15	71.352	71.397	71.347	71.367	5
2026-02-24 21:20	71.377	71.432	71.367	71.407	5
2026-02-24 21:25	71.402	71.417	71.382	71.382	5
2026-02-24 21:30	71.372	71.377	71.177	71.222	5
2026-02-24 21:35	71.227	71.247	71.187	71.227	5
2026-02-25 01:00	71.067	71.195	70.980	71.185	5
2026-02-25 01:05	71.180	71.260	71.160	71.195	5
2026-02-25 01:10	71.200	71.205	71.095	71.130	5
2026-02-25 01:15	71.135	71.165	71.120	71.155	5
2026-02-25 01:20	71.165	71.190	71.070	71.105	5
2026-02-25 01:25	71.100	71.125	71.090	71.090	5
2026-02-25 01:30	71.085	71.085	70.945	70.960	5
2026-02-25 01:35	70.965	71.025	70.920	71.025	5
2026-02-25 01:40	71.020	71.025	70.985	71.020	5
2026-02-25 01:45	71.025	71.055	71.020	71.040	5
2026-02-25 01:50	71.035	71.105	71.015	71.060	5
2026-02-25 01:55	71.055	71.070	71.020	71.040	5
2026-02-25 02:00	71.035	71.140	71.035	71.130	5
2026-02-25 02:05	71.135	71.215	71.115	71.180	5
2026-02-25 02:10	71.185	71.255	71.175	71.215	5
2026-02-25 02:15	71.210	71.210	71.100	71.110	5
2026-02-25 02:20	71.105	71.165	71.055	71.150	5
2026-02-25 02:25	71.145	71.175	71.140	71.150	5
2026-02-25 02:30	71.155	71.240	71.140	71.220	5
2026-02-25 02:35	71.225	71.260	71.190	71.200	5
2026-02-25 02:40	71.195	71.215	71.185	71.205	5
2026-02-25 02:45	71.215	71.260	71.190	71.250	5
2026-02-25 02:50	71.255	71.270	71.165	71.210	5
2026-02-25 02:55	71.215	71.310	71.210	71.280	5
2026-02-25 03:00	71.228	71.305	71.170	71.180	5
2026-02-25 03:05	71.170	71.175	71.145	71.170	5
2026-02-25 03:10	71.175	71.220	71.145	71.205	5
2026-02-25 03:15	71.210	71.220	71.130	71.185	5
2026-02-25 03:20	71.180	71.235	71.170	71.195	5
2026-02-25 03:25	71.190	71.245	71.185	71.240	5
2026-02-25 03:30	71.245	71.565	71.245	71.305	5
2026-02-25 03:35	71.320	71.330	71.060	71.080	5
2026-02-25 03:40	71.085	71.120	71.070	71.075	5
2026-02-25 03:45	71.070	71.080	70.960	70.970	5
2026-02-25 03:50	70.990	71.005	70.965	70.975	5
2026-02-25 03:55	70.970	71.005	70.933	70.980	5
2026-02-25 04:00	70.985	71.005	70.940	70.975	5
2026-02-25 04:05	71.005	71.015	70.980	70.990	5
2026-02-25 04:10	71.000	71.045	70.990	71.015	5
2026-02-25 04:15	71.020	71.030	70.980	70.985	5
2026-02-25 04:20	70.990	71.035	70.978	71.035	5
2026-02-25 04:25	71.030	71.085	71.025	71.075	5
2026-02-25 04:30	71.070	71.110	71.065	71.080	5
2026-02-25 04:35	71.085	71.085	70.988	71.045	5
2026-02-25 04:40	71.050	71.050	70.985	71.010	5
2026-02-25 04:45	71.015	71.030	71.010	71.020	4
2026-02-25 04:50	71.015	71.035	70.988	71.020	4
2026-02-25 04:55	71.010	71.010	70.980	70.985	5
2026-02-25 05:00	70.990	71.005	70.970	71.000	5
2026-02-25 05:05	70.995	71.015	70.980	70.995	5
2026-02-25 05:10	70.990	70.990	70.935	70.965	5
2026-02-25 05:15	70.990	71.035	70.990	71.010	4
2026-02-25 05:20	71.015	71.025	70.995	71.010	5
2026-02-25 05:25	71.015	71.035	71.015	71.020	4
2026-02-25 05:30	71.025	71.035	70.995	71.025	4
2026-02-25 05:35	71.020	71.060	70.945	71.025	5
2026-02-25 05:40	71.020	71.020	70.940	70.995	5
2026-02-25 05:45	71.000	71.060	70.960	71.010	5
2026-02-25 05:50	71.005	71.075	70.990	71.035	5
2026-02-25 05:55	71.030	71.035	70.990	71.000	5
2026-02-25 06:00	70.995	70.995	70.920	70.960	5
2026-02-25 06:05	70.950	70.960	70.840	70.860	5
2026-02-25 06:10	70.855	70.915	70.855	70.890	5
2026-02-25 06:15	70.900	70.905	70.795	70.815	5
2026-02-25 06:20	70.830	70.840	70.770	70.785	5
2026-02-25 06:25	70.790	70.790	70.695	70.745	5
2026-02-25 06:30	70.735	70.860	70.735	70.860	5
2026-02-25 06:35	70.855	70.925	70.855	70.880	5
2026-02-25 06:40	70.875	70.925	70.860	70.905	5
2026-02-25 06:45	70.900	70.950	70.865	70.940	5
2026-02-25 06:50	70.945	70.965	70.910	70.910	5
2026-02-25 06:55	70.905	70.945	70.900	70.940	5
2026-02-25 07:00	70.898	71.055	70.898	70.990	5
2026-02-25 07:05	70.995	71.095	70.995	71.080	5
2026-02-25 07:10	71.085	71.115	71.040	71.055	5
2026-02-25 07:15	71.060	71.065	71.025	71.035	5
2026-02-25 07:20	71.050	71.060	71.000	71.020	5
2026-02-25 07:25	71.015	71.020	70.985	70.995	5
2026-02-25 07:30	70.990	70.990	70.915	70.980	5
2026-02-25 07:35	70.975	71.005	70.945	70.945	5
2026-02-25 07:40	70.950	70.955	70.845	70.885	5
2026-02-25 07:45	70.880	70.895	70.825	70.855	5
2026-02-25 07:50	70.865	70.870	70.755	70.800	5
2026-02-25 07:55	70.810	70.825	70.755	70.820	5
2026-02-25 08:00	70.825	70.830	70.770	70.790	5
2026-02-25 08:05	70.795	70.830	70.710	70.760	5
2026-02-25 08:10	70.755	70.780	70.705	70.765	5
2026-02-25 08:15	70.760	70.795	70.745	70.785	5
2026-02-25 08:20	70.770	70.805	70.745	70.795	5
2026-02-25 08:25	70.790	70.815	70.710	70.815	5
2026-02-25 08:30	70.820	70.865	70.680	70.805	5
2026-02-25 08:35	70.800	70.920	70.765	70.915	5
2026-02-25 08:40	70.910	71.065	70.855	71.055	5
2026-02-25 08:45	71.045	71.045	70.825	70.840	5
2026-02-25 08:50	70.835	70.960	70.745	70.950	5
2026-02-25 08:55	70.955	70.995	70.910	70.960	5
2026-02-25 09:00	70.955	70.975	70.850	70.965	5
2026-02-25 09:05	70.970	70.970	70.865	70.910	5
2026-02-25 09:10	70.915	70.965	70.885	70.885	5
2026-02-25 09:15	70.895	71.005	70.890	70.955	5
2026-02-25 09:20	70.960	71.005	70.850	70.940	5
2026-02-25 09:25	70.945	70.975	70.900	70.925	5
2026-02-25 09:30	70.915	70.930	70.785	70.795	5
2026-02-25 09:35	70.800	70.800	70.625	70.625	5
2026-02-25 09:40	70.615	70.620	70.460	70.565	5
2026-02-25 09:45	70.570	70.580	70.455	70.455	5
2026-02-25 09:50	70.450	70.600	70.435	70.590	5
2026-02-25 09:55	70.610	70.695	70.605	70.630	5
2026-02-25 10:00	70.625	70.835	70.605	70.825	5
2026-02-25 10:05	70.835	70.945	70.820	70.855	5
2026-02-25 10:10	70.860	71.015	70.855	71.005	5
2026-02-25 10:15	71.010	71.025	70.920	70.935	5
2026-02-25 10:20	70.945	70.945	70.895	70.900	5
2026-02-25 10:25	70.900	70.960	70.855	70.915	5
2026-02-25 10:30	70.920	70.925	70.855	70.855	5
2026-02-25 10:35	70.860	70.860	70.730	70.745	5
2026-02-25 10:40	70.750	70.790	70.700	70.775	5
2026-02-25 10:45	70.780	70.805	70.740	70.775	5
2026-02-25 10:50	70.785	70.955	70.775	70.955	5
2026-02-25 10:55	70.945	70.965	70.865	70.935	5
2026-02-25 11:00	70.940	71.015	70.893	71.015	5
2026-02-25 11:05	71.010	71.025	70.895	70.915	5
2026-02-25 11:10	70.910	70.945	70.875	70.915	5
2026-02-25 11:15	70.900	70.920	70.845	70.900	5
2026-02-25 11:20	70.895	70.910	70.835	70.865	5
2026-02-25 11:25	70.860	70.905	70.855	70.860	5
2026-02-25 11:30	70.865	70.915	70.855	70.875	5
2026-02-25 11:35	70.865	70.925	70.855	70.895	5
2026-02-25 11:40	70.885	70.905	70.855	70.900	5
2026-02-25 11:45	70.905	70.935	70.855	70.925	5
2026-02-25 11:50	70.915	70.940	70.865	70.885	5
2026-02-25 11:55	70.880	70.930	70.855	70.900	5
2026-02-25 12:00	70.848	70.935	70.843	70.935	5
2026-02-25 12:05	70.945	71.035	70.930	71.015	4
2026-02-25 12:10	71.035	71.055	71.015	71.015	3
2026-02-25 12:15	70.980	71.055	70.960	71.045	5
2026-02-25 12:20	71.050	71.132	70.915	71.090	5
2026-02-25 12:25	71.085	71.200	71.040	71.195	5
2026-02-25 12:30	71.200	71.345	71.200	71.235	5
2026-02-25 12:35	71.230	71.285	71.180	71.205	5
2026-02-25 12:40	71.210	71.230	70.990	71.145	5
2026-02-25 12:45	71.150	71.225	71.095	71.160	5
2026-02-25 12:50	71.155	71.175	71.125	71.175	5
2026-02-25 12:55	71.170	71.290	71.130	71.245	5
2026-02-25 13:00	71.255	71.300	71.135	71.175	5
2026-02-25 13:05	71.185	71.260	71.165	71.245	5
2026-02-25 13:10	71.250	71.270	71.185	71.245	5
2026-02-25 13:15	71.255	71.320	71.230	71.285	5
2026-02-25 13:20	71.295	71.325	71.240	71.255	5
2026-02-25 13:25	71.260	71.285	71.225	71.255	5
2026-02-25 13:30	71.265	71.285	71.143	71.185	5
2026-02-25 13:35	71.180	71.185	71.095	71.115	5
2026-02-25 13:40	71.110	71.145	70.990	71.040	5
2026-02-25 13:45	71.045	71.065	71.005	71.045	5
2026-02-25 13:50	71.050	71.055	70.935	70.970	5
2026-02-25 13:55	70.965	70.975	70.910	70.940	5
2026-02-25 14:00	70.935	70.985	70.893	70.965	5
2026-02-25 14:05	70.975	71.030	70.910	70.945	5
2026-02-25 14:10	70.955	70.965	70.895	70.950	5
2026-02-25 14:15	70.955	70.990	70.890	70.905	5
2026-02-25 14:20	70.915	70.970	70.845	70.930	5
2026-02-25 14:25	70.935	70.945	70.825	70.825	5
2026-02-25 14:30	70.788	70.815	70.575	70.635	5
2026-02-25 14:35	70.640	70.705	70.605	70.640	5
2026-02-25 14:40	70.635	70.635	70.475	70.545	5
2026-02-25 14:45	70.498	70.595	70.488	70.550	5
2026-02-25 14:50	70.545	70.550	70.430	70.480	5
2026-02-25 14:55	70.485	70.575	70.405	70.435	5
2026-02-25 15:00	70.430	70.605	70.378	70.600	5
2026-02-25 15:05	70.595	70.610	70.535	70.595	5
2026-02-25 15:10	70.605	70.665	70.605	70.635	5
2026-02-25 15:15	70.640	70.745	70.630	70.705	5
2026-02-25 15:20	70.695	70.775	70.655	70.740	5
2026-02-25 15:25	70.735	70.755	70.670	70.670	5
2026-02-25 15:30	70.675	70.675	70.415	70.515	5
2026-02-25 15:35	70.510	70.605	70.505	70.595	5
2026-02-25 15:40	70.600	70.665	70.505	70.590	5
2026-02-25 15:45	70.595	70.620	70.395	70.565	5
2026-02-25 15:50	70.555	70.615	70.495	70.580	5
2026-02-25 15:55	70.575	70.695	70.530	70.545	5
2026-02-25 16:00	70.503	70.595	70.430	70.465	5
2026-02-25 16:05	70.470	70.545	70.275	70.295	5
2026-02-25 16:10	70.300	70.540	70.245	70.455	5
2026-02-25 16:15	70.450	70.525	70.395	70.415	5
2026-02-25 16:20	70.405	70.595	70.395	70.595	5
2026-02-25 16:25	70.600	70.685	70.540	70.645	5
2026-02-25 16:30	70.640	70.665	70.530	70.600	5
2026-02-25 16:35	70.610	70.615	70.495	70.555	5
2026-02-25 16:40	70.545	70.565	70.475	70.495	5
2026-02-25 16:45	70.490	70.555	70.450	70.505	5
2026-02-25 16:50	70.500	70.600	70.495	70.565	5
2026-02-25 16:55	70.570	70.620	70.545	70.615	5
2026-02-25 17:00	70.620	70.675	70.515	70.585	5
2026-02-25 17:05	70.595	70.635	70.563	70.620	5
2026-02-25 17:10	70.630	70.680	70.610	70.615	5
2026-02-25 17:15	70.620	70.655	70.610	70.625	5
2026-02-25 17:20	70.635	70.695	70.595	70.675	5
2026-02-25 17:25	70.680	70.705	70.625	70.675	5
2026-02-25 17:30	70.680	70.715	70.650	70.670	5
2026-02-25 17:35	70.665	70.695	70.645	70.680	5
2026-02-25 17:40	70.685	70.700	70.645	70.665	5
2026-02-25 17:45	70.660	70.705	70.615	70.705	5
2026-02-25 17:50	70.710	70.755	70.705	70.720	5
2026-02-25 17:55	70.725	70.810	70.715	70.765	5
2026-02-25 18:00	70.755	70.775	70.720	70.755	5
2026-02-25 18:05	70.765	70.855	70.760	70.855	5
2026-02-25 18:10	70.865	70.935	70.865	70.915	5
2026-02-25 18:15	70.925	71.025	70.905	71.010	5
2026-02-25 18:20	71.015	71.025	70.945	70.960	5
2026-02-25 18:25	70.965	70.985	70.905	70.955	5
2026-02-25 18:30	70.965	70.995	70.875	70.875	5
2026-02-25 18:35	70.885	70.945	70.855	70.905	5
2026-02-25 18:40	70.915	70.920	70.865	70.895	5
2026-02-25 18:45	70.890	70.895	70.795	70.830	5
2026-02-25 18:50	70.835	70.875	70.820	70.865	5
2026-02-25 18:55	70.870	70.875	70.805	70.830	5
2026-02-25 19:00	70.835	70.860	70.735	70.820	5
2026-02-25 19:05	70.825	70.840	70.775	70.790	5
2026-02-25 19:10	70.795	70.800	70.605	70.640	5
2026-02-25 19:15	70.645	70.685	70.595	70.685	5
2026-02-25 19:20	70.680	70.725	70.665	70.685	5
2026-02-25 19:25	70.695	70.745	70.585	70.735	5
2026-02-25 19:30	70.725	70.775	70.715	70.765	5
2026-02-25 19:35	70.775	70.895	70.775	70.895	5
2026-02-25 19:40	70.890	70.965	70.875	70.885	5
2026-02-25 19:45	70.880	70.925	70.865	70.925	5
2026-02-25 19:50	70.920	70.965	70.910	70.965	5
2026-02-25 19:55	70.955	70.975	70.945	70.955	5
2026-02-25 20:00	70.950	70.960	70.905	70.935	5
2026-02-25 20:05	70.950	70.985	70.915	70.915	5
2026-02-25 20:10	70.920	70.945	70.910	70.935	5
2026-02-25 20:15	70.940	70.945	70.885	70.895	5
2026-02-25 20:20	70.890	70.915	70.865	70.885	5
2026-02-25 20:25	70.890	70.895	70.845	70.845	5
2026-02-25 20:30	70.850	70.855	70.805	70.825	5
2026-02-25 20:35	70.830	70.835	70.775	70.780	5
2026-02-25 20:40	70.785	70.800	70.715	70.755	5
2026-02-25 20:45	70.765	70.780	70.715	70.720	5
2026-02-25 20:50	70.725	70.740	70.695	70.740	5
2026-02-25 20:55	70.745	70.765	70.730	70.740	5
2026-02-25 21:00	70.745	70.750	70.712	70.717	5
2026-02-25 21:05	70.727	70.742	70.712	70.712	5
2026-02-25 21:10	70.707	70.742	70.692	70.732	5
2026-02-25 21:15	70.727	70.797	70.727	70.787	4
2026-02-25 21:20	70.782	70.782	70.747	70.747	5
2026-02-25 21:25	70.742	70.752	70.722	70.752	5
2026-02-25 21:30	70.757	70.807	70.737	70.807	5
2026-02-25 21:35	70.797	70.807	70.777	70.787	5
2026-02-25 21:40	70.777	70.802	70.767	70.777	5
2026-02-25 21:45	70.767	70.797	70.767	70.787	5
2026-02-25 21:50	70.782	70.857	70.777	70.837	5
2026-02-25 21:55	70.832	70.852	70.832	70.842	5
2026-02-26 01:00	70.995	70.995	70.910	70.945	5
2026-02-26 01:05	70.950	70.965	70.915	70.935	5
2026-02-26 01:10	70.930	70.950	70.830	70.855	5
2026-02-26 01:15	70.850	70.950	70.850	70.950	5
2026-02-26 01:20	70.955	70.995	70.930	70.935	5
2026-02-26 01:25	70.940	70.985	70.935	70.965	5
2026-02-26 01:30	70.955	70.985	70.935	70.985	5
2026-02-26 01:35	70.990	71.030	70.945	70.950	5
2026-02-26 01:40	70.955	71.010	70.955	71.000	5
2026-02-26 01:45	70.995	71.025	70.985	71.005	5
2026-02-26 01:50	71.000	71.005	70.945	70.955	5
2026-02-26 01:55	70.950	70.975	70.915	70.915	5
2026-02-26 02:00	70.905	70.950	70.880	70.925	5
2026-02-26 02:05	70.935	70.935	70.885	70.915	5
2026-02-26 02:10	70.920	70.960	70.875	70.880	5
2026-02-26 02:15	70.885	70.890	70.855	70.870	5
2026-02-26 02:20	70.875	70.885	70.845	70.870	5
2026-02-26 02:25	70.875	70.875	70.795	70.800	5
2026-02-26 02:30	70.795	70.795	70.710	70.730	5
2026-02-26 02:35	70.725	70.745	70.655	70.730	5
2026-02-26 02:40	70.735	70.735	70.635	70.680	5
2026-02-26 02:45	70.685	70.775	70.680	70.775	5
2026-02-26 02:50	70.785	70.815	70.740	70.740	5
2026-02-26 02:55	70.745	70.755	70.730	70.745	5
2026-02-26 03:00	70.750	70.795	70.735	70.760	5
2026-02-26 03:05	70.765	70.795	70.745	70.750	5
2026-02-26 03:10	70.745	70.775	70.745	70.755	5
2026-02-26 03:15	70.760	70.780	70.745	70.755	5
2026-02-26 03:20	70.765	70.915	70.755	70.840	5
2026-02-26 03:25	70.835	70.870	70.815	70.855	5
2026-02-26 03:30	70.835	70.865	70.825	70.835	5
2026-02-26 03:35	70.840	70.840	70.810	70.825	5
2026-02-26 03:40	70.830	70.830	70.773	70.785	4
2026-02-26 03:45	70.790	70.805	70.785	70.785	4
2026-02-26 03:50	70.790	70.820	70.768	70.820	4
2026-02-26 03:55	70.815	70.835	70.805	70.805	5
2026-02-26 04:00	70.810	70.835	70.805	70.835	5
2026-02-26 04:05	70.850	70.870	70.845	70.855	5
2026-02-26 04:10	70.845	70.860	70.845	70.860	5
2026-02-26 04:15	70.865	70.905	70.845	70.885	4
2026-02-26 04:20	70.890	70.895	70.798	70.855	5
2026-02-26 04:25	70.850	70.870	70.850	70.865	5
2026-02-26 04:30	70.860	70.865	70.840	70.840	5
2026-02-26 04:35	70.835	70.875	70.823	70.875	4
2026-02-26 04:40	70.828	70.870	70.828	70.845	5
2026-02-26 04:45	70.798	70.865	70.798	70.865	3
2026-02-26 04:50	70.875	70.885	70.828	70.885	4
2026-02-26 04:55	70.895	70.910	70.865	70.870	5
2026-02-26 05:00	70.865	70.890	70.855	70.875	5
2026-02-26 05:05	70.870	70.875	70.855	70.855	5
2026-02-26 05:10	70.850	70.905	70.850	70.890	5
2026-02-26 05:15	70.905	70.925	70.880	70.895	5
2026-02-26 05:20	70.848	70.900	70.838	70.880	5
2026-02-26 05:25	70.885	70.885	70.855	70.875	5
2026-02-26 05:30	70.885	70.950	70.885	70.915	5
2026-02-26 05:35	70.910	70.925	70.870	70.895	5
2026-02-26 05:40	70.900	70.915	70.870	70.880	5
2026-02-26 05:45	70.870	70.880	70.835	70.850	5
2026-02-26 05:50	70.855	70.855	70.815	70.835	5
2026-02-26 05:55	70.840	70.855	70.770	70.840	5
2026-02-26 06:00	70.845	70.865	70.790	70.790	5
2026-02-26 06:05	70.795	70.825	70.780	70.790	5
2026-02-26 06:10	70.795	70.825	70.790	70.810	5
2026-02-26 06:15	70.805	70.825	70.765	70.780	5
2026-02-26 06:20	70.790	70.790	70.735	70.745	5
2026-02-26 06:25	70.740	70.755	70.725	70.755	5
2026-02-26 06:30	70.750	70.780	70.725	70.755	5
2026-02-26 06:35	70.745	70.775	70.740	70.760	5
2026-02-26 06:40	70.755	70.785	70.745	70.785	5
2026-02-26 06:45	70.790	70.815	70.725	70.745	5
2026-02-26 06:50	70.755	70.780	70.720	70.775	5
2026-02-26 06:55	70.780	70.810	70.765	70.795	5
2026-02-26 07:00	70.748	70.855	70.748	70.855	5
2026-02-26 07:05	70.865	70.905	70.845	70.905	5
2026-02-26 07:10	70.895	70.895	70.835	70.835	5
2026-02-26 07:15	70.840	70.895	70.815	70.885	5
2026-02-26 07:20	70.875	70.910	70.845	70.865	5
2026-02-26 07:25	70.870	70.885	70.790	70.815	5
2026-02-26 07:30	70.810	70.815	70.740	70.795	5
2026-02-26 07:35	70.800	70.835	70.790	70.825	5
2026-02-26 07:40	70.840	70.885	70.830	70.835	5
2026-02-26 07:45	70.830	70.855	70.765	70.765	5
2026-02-26 07:50	70.770	70.775	70.660	70.665	5
2026-02-26 07:55	70.655	70.790	70.655	70.755	5
2026-02-26 08:00	70.775	70.820	70.700	70.800	5
2026-02-26 08:05	70.795	70.890	70.785	70.885	5
2026-02-26 08:10	70.890	70.915	70.785	70.875	5
2026-02-26 08:15	70.880	70.950	70.855	70.920	5
2026-02-26 08:20	70.915	70.940	70.880	70.885	5
2026-02-26 08:25	70.880	70.920	70.795	70.850	5
2026-02-26 08:30	70.845	70.890	70.780	70.790	5
2026-02-26 08:35	70.775	70.835	70.765	70.835	5
2026-02-26 08:40	70.830	70.845	70.770	70.810	5
2026-02-26 08:45	70.815	70.855	70.755	70.755	5
2026-02-26 08:50	70.745	70.835	70.695	70.705	5
2026-02-26 08:55	70.700	70.760	70.695	70.755	5
2026-02-26 09:00	70.760	70.765	70.580	70.665	5
2026-02-26 09:05	70.655	70.675	70.540	70.565	5
2026-02-26 09:10	70.555	70.585	70.360	70.415	5
2026-02-26 09:15	70.425	70.465	70.385	70.440	5
2026-02-26 09:20	70.445	70.465	70.270	70.285	5
2026-02-26 09:25	70.280	70.320	70.195	70.285	5
2026-02-26 09:30	70.280	70.345	70.165	70.215	5
2026-02-26 09:35	70.225	70.235	70.155	70.235	5
2026-02-26 09:40	70.245	70.255	70.145	70.185	5
2026-02-26 09:45	70.205	70.225	70.170	70.225	5
2026-02-26 09:50	70.245	70.310	70.235	70.275	5
2026-02-26 09:55	70.255	70.470	70.255	70.445	5
2026-02-26 10:00	70.440	70.455	70.275	70.320	5
2026-02-26 10:05	70.325	70.325	70.018	70.160	5
2026-02-26 10:10	70.165	70.175	70.050	70.065	5
2026-02-26 10:15	70.075	70.075	69.925	69.955	5
2026-02-26 10:20	69.945	70.005	69.825	69.945	5
2026-02-26 10:25	69.940	69.950	69.765	69.775	5
2026-02-26 10:30	69.780	69.815	69.685	69.735	5
2026-02-26 10:35	69.730	69.835	69.725	69.745	5
2026-02-26 10:40	69.740	69.795	69.595	69.615	5
2026-02-26 10:45	69.625	69.740	69.615	69.685	5
2026-02-26 10:50	69.695	69.870	69.690	69.805	5
2026-02-26 10:55	69.800	69.860	69.790	69.790	5
2026-02-26 11:00	69.785	69.855	69.735	69.845	5
2026-02-26 11:05	69.840	69.950	69.805	69.945	5
2026-02-26 11:10	69.955	70.067	69.835	69.850	5
2026-02-26 11:15	69.840	69.870	69.785	69.845	5
2026-02-26 11:20	69.855	69.890	69.840	69.880	5
2026-02-26 11:25	69.885	69.900	69.835	69.880	5
2026-02-26 11:30	69.885	69.885	69.805	69.815	5
2026-02-26 11:35	69.820	69.905	69.810	69.880	5
2026-02-26 11:40	69.875	69.885	69.820	69.830	5
2026-02-26 11:45	69.835	69.885	69.830	69.840	5
2026-02-26 11:50	69.845	69.865	69.785	69.805	5
2026-02-26 11:55	69.800	69.855	69.790	69.795	5
2026-02-26 12:00	69.763	69.930	69.745	69.925	5
2026-02-26 12:05	69.920	69.925	69.835	69.860	5
2026-02-26 12:10	69.865	69.905	69.765	69.825	5
2026-02-26 12:15	69.820	69.820	69.515	69.625	5
2026-02-26 12:20	69.615	69.665	69.425	69.500	5
2026-02-26 12:25	69.505	69.665	69.490	69.595	5
2026-02-26 12:30	69.590	69.730	69.570	69.685	5
2026-02-26 12:35	69.695	69.735	69.665	69.730	5
2026-02-26 12:40	69.735	69.755	69.620	69.640	5
2026-02-26 12:45	69.635	69.705	69.595	69.665	5
2026-02-26 12:50	69.660	69.705	69.575	69.695	5
2026-02-26 12:55	69.700	69.730	69.635	69.660	5
2026-02-26 13:00	69.625	69.625	69.515	69.560	5
2026-02-26 13:05	69.565	69.580	69.395	69.425	5
2026-02-26 13:10	69.420	69.465	69.220	69.235	5
2026-02-26 13:15	69.230	69.385	69.178	69.365	5
2026-02-26 13:20	69.385	69.585	69.375	69.545	5
2026-02-26 13:25	69.540	69.675	69.530	69.675	5
2026-02-26 13:30	69.670	69.725	69.640	69.680	5
2026-02-26 13:35	69.685	69.865	69.675	69.850	5
2026-02-26 13:40	69.840	70.015	69.840	70.010	5
2026-02-26 13:45	70.015	70.025	69.795	69.860	5
2026-02-26 13:50	69.855	69.965	69.845	69.920	5
2026-02-26 13:55	69.915	69.975	69.885	69.925	5
2026-02-26 14:00	69.898	70.005	69.815	69.920	5
2026-02-26 14:05	69.915	69.920	69.835	69.900	5
2026-02-26 14:10	69.895	69.925	69.805	69.875	5
2026-02-26 14:15	69.870	69.905	69.775	69.795	5
2026-02-26 14:20	69.790	69.855	69.710	69.725	5
2026-02-26 14:25	69.735	69.855	69.705	69.795	5
2026-02-26 14:30	69.753	69.915	69.700	69.815	5
2026-02-26 14:35	69.825	70.010	69.815	69.815	5
2026-02-26 14:40	69.820	69.820	69.670	69.730	5
2026-02-26 14:45	69.735	69.875	69.703	69.840	5
2026-02-26 14:50	69.835	70.035	69.780	69.970	5
2026-02-26 14:55	69.965	70.305	69.920	70.300	5
2026-02-26 15:00	70.258	70.615	70.258	70.585	5
2026-02-26 15:05	70.575	70.725	70.495	70.580	5
2026-02-26 15:10	70.585	70.865	70.575	70.845	5
2026-02-26 15:15	70.840	71.125	70.775	71.110	5
2026-02-26 15:20	71.115	71.175	71.005	71.135	5
2026-02-26 15:25	71.130	71.255	71.085	71.245	5
2026-02-26 15:30	71.203	71.385	71.190	71.300	5
2026-02-26 15:35	71.320	71.490	71.305	71.465	5
2026-02-26 15:40	71.475	71.865	71.445	71.865	5
2026-02-26 15:45	71.875	71.880	71.625	71.745	5
2026-02-26 15:50	71.755	72.095	71.720	72.070	5
2026-02-26 15:55	72.065	72.135	71.960	72.105	5
2026-02-26 16:00	72.110	72.245	71.925	72.205	5
2026-02-26 16:05	72.200	72.275	72.130	72.255	5
2026-02-26 16:10	72.265	72.275	71.965	71.985	5
2026-02-26 16:15	71.995	72.205	71.935	72.185	5
2026-02-26 16:20	72.190	72.200	72.050	72.085	5
2026-02-26 16:25	72.075	72.335	72.035	72.220	5
2026-02-26 16:30	72.225	72.265	71.930	71.965	5
2026-02-26 16:35	71.955	72.005	71.730	71.755	5
2026-02-26 16:40	71.745	71.830	71.595	71.760	5
2026-02-26 16:45	71.765	71.795	71.485	71.730	5
2026-02-26 16:50	71.735	71.905	71.735	71.835	5
2026-02-26 16:55	71.845	72.015	71.815	71.985	5
2026-02-26 17:00	71.943	72.025	71.678	71.885	5
2026-02-26 17:05	71.905	72.110	71.895	71.995	5
2026-02-26 17:10	72.005	72.065	71.985	72.055	5
2026-02-26 17:15	72.065	72.125	72.055	72.055	5
2026-02-26 17:20	72.060	72.105	71.995	72.055	5
2026-02-26 17:25	72.065	72.080	71.945	71.955	5
2026-02-26 17:30	71.935	72.020	71.935	72.010	5
2026-02-26 17:35	72.015	72.095	72.005	72.025	5
2026-02-26 17:40	72.030	72.065	71.955	72.015	5
2026-02-26 17:45	72.020	72.100	71.990	72.045	5
2026-02-26 17:50	72.035	72.040	71.955	71.985	5
2026-02-26 17:55	71.990	71.995	71.925	71.965	5
2026-02-26 18:00	71.955	71.975	71.720	71.825	5
2026-02-26 18:05	71.830	72.062	71.603	71.900	5
2026-02-26 18:10	71.890	72.055	71.793	71.885	5
2026-02-26 18:15	71.875	71.885	71.635	71.655	5
2026-02-26 18:20	71.660	71.725	71.600	71.635	5
2026-02-26 18:25	71.625	71.730	71.615	71.705	5
2026-02-26 18:30	71.700	71.920	70.635	70.790	5
2026-02-26 18:35	70.765	71.040	70.435	70.705	5
2026-02-26 18:40	70.720	71.025	70.655	70.995	5
2026-02-26 18:45	70.990	71.125	70.885	71.115	5
2026-02-26 18:50	71.110	71.205	71.065	71.105	5
2026-02-26 18:55	71.110	71.225	70.730	71.225	5
2026-02-26 19:00	71.230	71.315	70.940	71.225	5
2026-02-26 19:05	71.230	71.245	70.960	71.150	5
2026-02-26 19:10	71.140	71.155	70.820	71.055	5
2026-02-26 19:15	71.060	71.120	70.765	70.780	5
2026-02-26 19:20	70.770	70.840	70.520	70.575	5
2026-02-26 19:25	70.585	70.875	70.503	70.815	5
2026-02-26 19:30	70.810	71.090	70.765	71.055	5
2026-02-26 19:35	71.050	71.115	70.890	70.890	5
2026-02-26 19:40	70.880	70.985	70.845	70.845	5
2026-02-26 19:45	70.840	70.985	70.840	70.960	5
2026-02-26 19:50	70.965	71.005	70.920	70.995	5
2026-02-26 19:55	71.000	71.025	70.905	70.915	5
2026-02-26 20:00	70.910	70.985	70.895	70.925	5
2026-02-26 20:05	70.920	70.920	70.815	70.880	5
2026-02-26 20:10	70.885	70.930	70.835	70.930	5
2026-02-26 20:15	70.925	70.925	70.815	70.855	5
2026-02-26 20:20	70.860	70.970	70.845	70.965	5
2026-02-26 20:25	70.970	71.035	70.935	70.970	5
2026-02-26 20:30	70.965	71.075	70.935	71.075	5
2026-02-26 20:35	71.085	71.120	71.005	71.005	5
2026-02-26 20:40	71.000	71.000	70.865	70.965	5
2026-02-26 20:45	70.955	70.975	70.945	70.970	5
2026-02-26 20:50	70.965	71.060	70.945	70.980	5
2026-02-26 20:55	70.975	71.030	70.960	71.030	5
2026-02-26 21:00	70.988	70.997	70.917	70.947	5
2026-02-26 21:05	70.952	71.117	70.952	71.102	5
2026-02-26 21:10	71.107	71.157	71.052	71.057	5
2026-02-26 21:15	71.047	71.067	71.007	71.007	5
2026-02-26 21:20	71.012	71.022	70.967	70.997	5
2026-02-26 21:25	71.007	71.017	70.952	71.007	5
2026-02-26 21:30	70.983	71.072	70.983	70.987	5
2026-02-26 21:35	71.002	71.007	70.912	70.962	5
2026-02-26 21:40	70.957	70.982	70.927	70.972	5
2026-02-26 21:45	70.967	71.012	70.967	70.997	5
2026-02-26 21:50	70.992	70.992	70.952	70.987	5
2026-02-26 21:55	70.977	71.002	70.962	70.997	5
2026-02-27 01:00	70.737	70.737	70.500	70.525	5
2026-02-27 01:05	70.535	70.600	70.425	70.455	5
2026-02-27 01:10	70.465	70.505	70.425	70.475	5
2026-02-27 01:15	70.465	70.525	70.445	70.485	5
2026-02-27 01:20	70.480	70.485	70.420	70.470	5
2026-02-27 01:25	70.480	70.580	70.465	70.555	5
2026-02-27 01:30	70.503	70.575	70.495	70.575	5
2026-02-27 01:35	70.580	70.595	70.545	70.565	5
2026-02-27 01:40	70.570	70.575	70.515	70.525	5
2026-02-27 01:45	70.530	70.545	70.465	70.480	5
2026-02-27 01:50	70.485	70.600	70.485	70.595	5
2026-02-27 01:55	70.605	70.665	70.595	70.635	5
2026-02-27 02:00	70.640	70.645	70.565	70.605	5
2026-02-27 02:05	70.610	70.655	70.605	70.645	5
2026-02-27 02:10	70.650	70.655	70.515	70.525	5
2026-02-27 02:15	70.505	70.565	70.485	70.565	5
2026-02-27 02:20	70.560	70.620	70.545	70.605	5
2026-02-27 02:25	70.600	70.615	70.570	70.575	5
2026-02-27 02:30	70.570	70.637	70.505	70.580	5
2026-02-27 02:35	70.575	70.620	70.540	70.585	5
2026-02-27 02:40	70.595	70.605	70.550	70.585	5
2026-02-27 02:45	70.595	70.625	70.590	70.605	5
2026-02-27 02:50	70.620	70.620	70.500	70.520	5
2026-02-27 02:55	70.525	70.585	70.500	70.585	5
2026-02-27 03:00	70.590	70.665	70.570	70.645	5
2026-02-27 03:05	70.650	70.655	70.625	70.630	5
2026-02-27 03:10	70.635	70.650	70.600	70.620	5
2026-02-27 03:15	70.625	70.625	70.575	70.605	4
2026-02-27 03:20	70.610	70.685	70.600	70.685	5
2026-02-27 03:25	70.690	70.775	70.685	70.750	5
2026-02-27 03:30	70.740	70.775	70.710	70.775	5
2026-02-27 03:35	70.770	70.795	70.725	70.740	5
2026-02-27 03:40	70.735	70.815	70.725	70.775	5
2026-02-27 03:45	70.765	70.765	70.740	70.750	5
2026-02-27 03:50	70.765	70.825	70.745	70.825	5
2026-02-27 03:55	70.840	70.850	70.830	70.845	5
2026-02-27 04:00	70.835	70.835	70.780	70.815	5
2026-02-27 04:05	70.810	70.865	70.790	70.850	5
2026-02-27 04:10	70.845	70.865	70.793	70.835	5
2026-02-27 04:15	70.845	70.870	70.815	70.825	5
2026-02-27 04:20	70.820	70.835	70.778	70.825	5
2026-02-27 04:25	70.830	70.860	70.830	70.855	5
2026-02-27 04:30	70.860	70.900	70.855	70.900	5
2026-02-27 04:35	70.895	70.960	70.880	70.950	5
2026-02-27 04:40	70.945	70.965	70.925	70.925	5
2026-02-27 04:45	70.920	70.925	70.865	70.870	5
2026-02-27 04:50	70.875	70.875	70.835	70.835	5
2026-02-27 04:55	70.788	70.880	70.788	70.875	5
2026-02-27 05:00	70.890	70.905	70.880	70.900	5
2026-02-27 05:05	70.905	70.955	70.900	70.905	5
2026-02-27 05:10	70.895	70.945	70.895	70.945	5
2026-02-27 05:15	70.950	70.990	70.935	70.980	4
2026-02-27 05:20	70.975	71.015	70.970	71.005	5
2026-02-27 05:25	71.000	71.025	70.995	71.010	5
2026-02-27 05:30	71.015	71.235	70.995	71.205	5
2026-02-27 05:35	71.195	71.210	71.085	71.105	5
2026-02-27 05:40	71.095	71.105	71.025	71.035	5
2026-02-27 05:45	71.030	71.055	70.995	71.015	5
2026-02-27 05:50	71.025	71.040	70.955	71.010	5
2026-02-27 05:55	71.015	71.145	71.015	71.115	5
2026-02-27 06:00	71.120	71.160	71.090	71.160	5
2026-02-27 06:05	71.155	71.170	71.090	71.100	5
2026-02-27 06:10	71.095	71.100	71.035	71.100	5
2026-02-27 06:15	71.105	71.140	71.100	71.135	5
2026-02-27 06:20	71.145	71.245	71.130	71.210	5
2026-02-27 06:25	71.215	71.280	71.190	71.225	5
2026-02-27 06:30	71.235	71.290	71.200	71.215	5
2026-02-27 06:35	71.220	71.255	71.215	71.245	5
2026-02-27 06:40	71.250	71.275	71.205	71.250	5
2026-02-27 06:45	71.255	71.300	71.245	71.275	5
2026-02-27 06:50	71.270	71.305	71.250	71.285	5
2026-02-27 06:55	71.280	71.295	71.240	71.275	5
2026-02-27 07:00	71.243	71.320	71.243	71.295	5
2026-02-27 07:05	71.300	71.300	71.260	71.280	5
2026-02-27 07:10	71.275	71.295	71.220	71.240	5
2026-02-27 07:15	71.245	71.250	71.200	71.230	5
2026-02-27 07:20	71.225	71.260	71.225	71.245	5
2026-02-27 07:25	71.250	71.295	71.250	71.265	5
2026-02-27 07:30	71.270	71.295	71.245	71.275	5
2026-02-27 07:35	71.280	71.315	71.265	71.305	5
2026-02-27 07:40	71.300	71.365	71.265	71.320	5
2026-02-27 07:45	71.283	71.345	71.255	71.270	5
2026-02-27 07:50	71.265	71.290	71.215	71.240	5
2026-02-27 07:55	71.245	71.325	71.245	71.315	5
2026-02-27 08:00	71.305	71.305	71.215	71.265	5
2026-02-27 08:05	71.275	71.305	71.260	71.295	5
2026-02-27 08:10	71.305	71.440	71.295	71.400	5
2026-02-27 08:15	71.405	71.515	71.400	71.510	5
2026-02-27 08:20	71.515	71.575	71.485	71.575	5
2026-02-27 08:25	71.565	71.615	71.440	71.500	5
2026-02-27 08:30	71.495	71.505	71.255	71.335	5
2026-02-27 08:35	71.325	71.395	71.295	71.325	5
2026-02-27 08:40	71.315	71.335	71.115	71.175	5
2026-02-27 08:45	71.180	71.285	71.180	71.255	5
2026-02-27 08:50	71.245	71.285	71.170	71.260	5
2026-02-27 08:55	71.255	71.355	71.240	71.295	5
2026-02-27 09:00	71.300	71.365	71.225	71.365	5
2026-02-27 09:05	71.355	71.555	71.345	71.555	5
2026-02-27 09:10	71.550	71.555	71.420	71.465	5
2026-02-27 09:15	71.460	71.530	71.445	71.465	5
2026-02-27 09:20	71.470	71.700	71.368	71.675	5
2026-02-27 09:25	71.670	71.755	71.555	71.560	5
2026-02-27 09:30	71.555	71.640	71.520	71.620	5
2026-02-27 09:35	71.615	71.715	71.605	71.695	5
2026-02-27 09:40	71.705	71.775	71.705	71.765	5
2026-02-27 09:45	71.760	71.805	71.645	71.735	5
2026-02-27 09:50	71.725	71.855	71.700	71.845	5
2026-02-27 09:55	71.835	72.075	71.805	72.055	5
2026-02-27 10:00	72.060	72.115	71.985	72.015	5
2026-02-27 10:05	72.005	72.095	71.980	72.070	5
2026-02-27 10:10	72.065	72.135	72.025	72.055	5
2026-02-27 10:15	72.035	72.065	71.965	72.005	5
2026-02-27 10:20	72.015	72.050	71.920	71.960	5
2026-02-27 10:25	71.965	71.975	71.805	71.845	5
2026-02-27 10:30	71.855	71.905	71.705	71.840	5
2026-02-27 10:35	71.845	71.945	71.820	71.935	5
2026-02-27 10:40	71.925	71.985	71.855	71.980	5
2026-02-27 10:45	71.975	72.105	71.965	72.085	5
2026-02-27 10:50	72.095	72.255	72.095	72.230	5
2026-02-27 10:55	72.225	72.275	72.160	72.215	5
2026-02-27 11:00	72.210	72.295	72.185	72.235	5
2026-02-27 11:05	72.230	72.295	72.175	72.285	5
2026-02-27 11:10	72.275	72.305	72.205	72.220	5
2026-02-27 11:15	72.225	72.320	72.195	72.215	5
2026-02-27 11:20	72.220	72.255	72.155	72.185	5
2026-02-27 11:25	72.195	72.337	72.123	72.295	5
2026-02-27 11:30	72.305	72.395	72.280	72.350	5
2026-02-27 11:35	72.355	72.475	72.355	72.395	5
2026-02-27 11:40	72.390	72.455	72.385	72.405	5
2026-02-27 11:45	72.390	72.435	72.375	72.425	5
2026-02-27 11:50	72.430	72.475	72.380	72.470	5
2026-02-27 11:55	72.475	72.575	72.435	72.505	5
2026-02-27 12:00	72.463	72.565	72.460	72.460	5
2026-02-27 12:05	72.465	72.525	72.425	72.470	5
2026-02-27 12:10	72.465	72.575	72.405	72.545	5
2026-02-27 12:15	72.540	72.590	72.485	72.515	5
2026-02-27 12:20	72.520	72.525	72.435	72.495	5
2026-02-27 12:25	72.500	72.555	72.415	72.450	5
2026-02-27 12:30	72.455	72.555	72.455	72.535	5
2026-02-27 12:35	72.540	72.585	72.495	72.565	5
2026-02-27 12:40	72.570	72.590	72.515	72.580	5
2026-02-27 12:45	72.585	72.690	72.505	72.545	5
2026-02-27 12:50	72.535	72.695	72.525	72.685	5
2026-02-27 12:55	72.680	72.745	72.635	72.740	5
2026-02-27 13:00	72.745	72.985	72.735	72.935	5
2026-02-27 13:05	72.940	73.100	72.835	72.995	5
2026-02-27 13:10	73.005	73.115	72.955	73.075	5
2026-02-27 13:15	73.070	73.150	73.055	73.125	5
2026-02-27 13:20	73.135	73.345	73.115	73.235	5
2026-02-27 13:25	73.183	73.355	73.183	73.275	5
2026-02-27 13:30	73.285	73.390	73.215	73.350	5
2026-02-27 13:35	73.355	73.390	73.285	73.295	5
2026-02-27 13:40	73.290	73.355	73.180	73.345	5
2026-02-27 13:45	73.355	73.385	73.195	73.350	5
2026-02-27 13:50	73.355	73.405	73.310	73.360	5
2026-02-27 13:55	73.355	73.475	73.300	73.430	5
2026-02-27 14:00	73.435	73.520	73.295	73.355	5
2026-02-27 14:05	73.365	73.425	73.295	73.355	5
2026-02-27 14:10	73.335	73.340	73.125	73.245	5
2026-02-27 14:15	73.260	73.385	73.230	73.275	5
2026-02-27 14:20	73.265	73.325	73.105	73.155	5
2026-02-27 14:25	73.145	73.195	72.945	73.025	5
2026-02-27 14:30	73.030	73.140	72.875	72.950	5
2026-02-27 14:35	72.945	73.075	72.890	72.915	5
2026-02-27 14:40	72.910	72.930	72.765	72.865	5
2026-02-27 14:45	72.855	72.950	72.625	72.715	5
2026-02-27 14:50	72.725	72.905	72.693	72.770	5
2026-02-27 14:55	72.780	72.805	72.630	72.665	5
2026-02-27 15:00	72.613	72.735	72.533	72.695	5
2026-02-27 15:05	72.705	72.855	72.665	72.790	5
2026-02-27 15:10	72.800	72.810	72.685	72.790	5
2026-02-27 15:15	72.753	72.850	72.620	72.710	5
2026-02-27 15:20	72.715	72.840	72.685	72.815	5
2026-02-27 15:25	72.810	72.820	72.730	72.755	5
2026-02-27 15:30	72.765	72.770	72.335	72.455	5
2026-02-27 15:35	72.450	72.645	72.415	72.620	5
2026-02-27 15:40	72.615	72.775	72.585	72.725	5
2026-02-27 15:45	72.730	72.755	72.650	72.665	5
2026-02-27 15:50	72.680	72.690	72.565	72.665	5
2026-02-27 15:55	72.660	72.755	72.630	72.640	5
2026-02-27 16:00	72.615	72.635	72.495	72.565	5
2026-02-27 16:05	72.575	72.625	72.475	72.595	5
2026-02-27 16:10	72.590	72.610	72.475	72.570	5
2026-02-27 16:15	72.565	72.575	72.325	72.420	5
2026-02-27 16:20	72.415	72.465	72.325	72.365	5
2026-02-27 16:25	72.360	72.445	72.255	72.255	5
2026-02-27 16:30	72.265	72.445	72.260	72.345	5
2026-02-27 16:35	72.350	72.350	72.235	72.270	5
2026-02-27 16:40	72.265	72.305	72.225	72.290	5
2026-02-27 16:45	72.275	72.295	72.185	72.245	5
2026-02-27 16:50	72.255	72.315	72.185	72.275	5
2026-02-27 16:55	72.285	72.310	72.215	72.280	5
2026-02-27 17:00	72.285	72.365	72.225	72.345	5
2026-02-27 17:05	72.350	72.495	72.335	72.470	5
2026-02-27 17:10	72.475	72.525	72.425	72.495	5
2026-02-27 17:15	72.505	72.520	72.375	72.375	5
2026-02-27 17:20	72.380	72.455	72.350	72.425	5
2026-02-27 17:25	72.435	72.445	72.315	72.395	5
2026-02-27 17:30	72.400	72.487	71.853	71.985	5
2026-02-27 17:35	71.970	72.235	71.920	72.190	5
2026-02-27 17:40	72.200	72.335	72.180	72.305	5
2026-02-27 17:45	72.315	72.385	72.265	72.325	5
2026-02-27 17:50	72.335	72.475	72.330	72.430	5
2026-02-27 17:55	72.435	72.535	72.385	72.530	5
2026-02-27 18:00	72.525	72.595	72.480	72.585	5
2026-02-27 18:05	72.595	72.655	72.530	72.575	5
2026-02-27 18:10	72.570	72.615	72.525	72.600	5
2026-02-27 18:15	72.595	72.680	72.565	72.580	5
2026-02-27 18:20	72.575	72.700	72.575	72.645	5
2026-02-27 18:25	72.650	72.795	72.615	72.750	5
2026-02-27 18:30	72.745	72.775	72.695	72.735	5
2026-02-27 18:35	72.725	72.855	72.695	72.855	5
2026-02-27 18:40	72.865	72.865	72.765	72.765	5
2026-02-27 18:45	72.755	72.765	72.625	72.735	5
2026-02-27 18:50	72.745	72.810	72.725	72.775	5
2026-02-27 18:55	72.770	72.895	72.770	72.880	5
2026-02-27 19:00	72.803	73.005	72.803	72.985	5
2026-02-27 19:05	72.980	73.020	72.795	72.805	5
2026-02-27 19:10	72.800	72.870	72.760	72.835	5
2026-02-27 19:15	72.830	72.850	72.765	72.825	5
2026-02-27 19:20	72.815	72.835	72.765	72.785	5
2026-02-27 19:25	72.795	72.915	72.705	72.910	5
2026-02-27 19:30	72.925	73.015	72.905	73.000	5
2026-02-27 19:35	73.005	73.040	72.873	72.995	5
2026-02-27 19:40	73.000	73.005	72.805	72.835	5
2026-02-27 19:45	72.840	72.885	72.785	72.825	5
2026-02-27 19:50	72.815	72.885	72.815	72.850	5
2026-02-27 19:55	72.845	72.920	72.830	72.890	5
2026-02-27 20:00	72.895	72.950	72.880	72.910	5
2026-02-27 20:05	72.915	72.945	72.860	72.940	5
2026-02-27 20:10	72.945	72.985	72.925	72.945	5
2026-02-27 20:15	72.950	73.145	72.950	73.135	5
2026-02-27 20:20	73.145	73.150	73.100	73.100	5
2026-02-27 20:25	73.095	73.115	73.005	73.040	5
2026-02-27 20:30	73.035	73.110	73.030	73.095	5
2026-02-27 20:35	73.100	73.135	73.060	73.130	5
2026-02-27 20:40	73.115	73.165	73.115	73.160	5
2026-02-27 20:45	73.165	73.205	73.130	73.200	5
2026-02-27 20:50	73.205	73.265	73.140	73.175	5
2026-02-27 20:55	73.180	73.205	72.910	73.140	5
2026-02-27 21:00	73.088	73.162	73.088	73.122	5
2026-02-27 21:05	73.127	73.132	72.792	72.942	5
2026-02-27 21:10	72.957	73.072	72.812	73.057	5
2026-02-27 21:15	73.052	73.102	73.047	73.097	5
2026-02-27 21:20	73.107	73.132	73.002	73.092	5
2026-02-27 21:25	73.097	73.227	73.092	73.192	5
2026-02-27 21:30	73.197	73.212	73.142	73.187	5
2026-02-27 21:35	73.182	73.237	73.122	73.232	5
2026-02-27 21:40	73.237	73.252	73.177	73.227	5
2026-02-27 21:45	73.222	73.227	73.032	73.082	5
2026-02-27 21:50	73.087	73.102	72.983	73.047	5
2026-02-27 21:55	73.052	73.147	73.052	73.127	5
2026-03-02 01:00	78.312	78.375	77.345	77.350	5
2026-03-02 01:05	77.340	77.830	77.305	77.540	5
2026-03-02 01:10	77.550	77.670	77.317	77.370	5
2026-03-02 01:15	77.375	77.380	77.035	77.070	5
2026-03-02 01:20	77.065	77.155	76.665	76.685	5
2026-03-02 01:25	76.680	76.820	75.887	75.975	5
2026-03-02 01:30	75.967	76.760	75.868	76.590	5
2026-03-02 01:35	76.565	76.690	75.995	76.250	5
2026-03-02 01:40	76.245	76.390	76.085	76.150	5
2026-03-02 01:45	76.135	76.200	75.870	76.035	5
2026-03-02 01:50	76.050	76.270	75.750	76.090	5
2026-03-02 01:55	76.085	76.470	76.043	76.180	5
2026-03-02 02:00	76.128	76.360	75.995	76.130	5
2026-03-02 02:05	76.135	76.270	75.905	76.260	5
2026-03-02 02:10	76.265	76.340	76.120	76.145	5
2026-03-02 02:15	76.150	76.320	76.110	76.260	5
2026-03-02 02:20	76.255	76.650	76.255	76.550	5
2026-03-02 02:25	76.575	76.590	76.225	76.240	5
2026-03-02 02:30	76.220	76.290	76.005	76.270	5
2026-03-02 02:35	76.280	76.435	76.265	76.370	5
2026-03-02 02:40	76.365	76.440	76.310	76.420	5
2026-03-02 02:45	76.410	76.480	76.053	76.440	5
2026-03-02 02:50	76.435	76.635	76.400	76.430	5
2026-03-02 02:55	76.450	76.570	76.240	76.310	5
2026-03-02 03:00	76.315	76.465	76.260	76.345	5
2026-03-02 03:05	76.350	76.460	76.340	76.370	5
2026-03-02 03:10	76.360	76.725	76.360	76.615	5
2026-03-02 03:15	76.620	76.780	76.595	76.740	5
2026-03-02 03:20	76.755	76.840	76.650	76.660	5
2026-03-02 03:25	76.665	76.795	76.665	76.730	5
2026-03-02 03:30	76.735	76.890	76.720	76.840	5
2026-03-02 03:35	76.830	77.125	76.810	77.110	5
2026-03-02 03:40	77.095	77.420	77.095	77.420	5
2026-03-02 03:45	77.425	77.425	76.985	77.075	5
2026-03-02 03:50	77.070	77.140	76.965	77.100	5
2026-03-02 03:55	77.110	77.140	77.010	77.055	5
2026-03-02 04:00	77.050	77.110	76.935	77.080	5
2026-03-02 04:05	77.085	77.122	76.840	76.885	5
2026-03-02 04:10	76.890	76.932	76.845	76.920	5
2026-03-02 04:15	76.925	77.357	76.900	77.357	5
2026-03-02 04:20	77.350	77.610	77.300	77.375	5
2026-03-02 04:25	77.380	77.435	77.120	77.230	5
2026-03-02 04:30	77.240	77.280	77.125	77.165	5
2026-03-02 04:35	77.170	77.210	77.020	77.205	5
2026-03-02 04:40	77.200	77.365	77.180	77.300	5
2026-03-02 04:45	77.315	77.570	77.315	77.540	5
2026-03-02 04:50	77.530	77.630	77.515	77.565	5
2026-03-02 04:55	77.570	77.730	77.485	77.580	5
2026-03-02 05:00	77.570	77.570	77.290	77.350	5
2026-03-02 05:05	77.345	77.470	77.310	77.420	5
2026-03-02 05:10	77.415	77.660	77.395	77.640	5
2026-03-02 05:15	77.630	77.700	77.480	77.635	5
2026-03-02 05:20	77.640	77.845	77.630	77.750	5
2026-03-02 05:25	77.745	77.745	77.565	77.640	5
2026-03-02 05:30	77.630	77.700	77.307	77.685	5
2026-03-02 05:35	77.690	77.720	77.455	77.570	5
2026-03-02 05:40	77.560	77.700	77.550	77.670	5
2026-03-02 05:45	77.690	77.935	77.690	77.890	5
2026-03-02 05:50	77.900	78.010	77.855	77.970	5
2026-03-02 05:55	77.985	78.075	77.900	78.075	5
2026-03-02 06:00	78.070	78.440	78.060	78.410	5
2026-03-02 06:05	78.390	78.505	78.100	78.150	5
2026-03-02 06:10	78.155	78.335	78.080	78.190	5
2026-03-02 06:15	78.185	78.380	78.150	78.345	5
2026-03-02 06:20	78.350	78.555	78.330	78.500	5
2026-03-02 06:25	78.495	78.555	78.235	78.410	5
2026-03-02 06:30	78.420	78.650	78.270	78.620	5
2026-03-02 06:35	78.610	78.740	78.495	78.730	5
2026-03-02 06:40	78.735	78.955	78.648	78.900	5
2026-03-02 06:45	78.905	78.940	78.600	78.730	5
2026-03-02 06:50	78.725	78.740	78.240	78.420	5
2026-03-02 06:55	78.430	78.627	78.390	78.580	5
2026-03-02 07:00	78.590	79.350	78.558	79.030	5
2026-03-02 07:05	79.025	79.800	78.895	79.595	5
2026-03-02 07:10	79.590	79.820	79.373	79.640	5
2026-03-02 07:15	79.630	79.695	79.220	79.520	5
2026-03-02 07:20	79.540	79.720	78.860	79.060	5
2026-03-02 07:25	79.070	79.530	78.935	79.375	5
2026-03-02 07:30	79.380	79.735	79.350	79.420	5
2026-03-02 07:35	79.425	79.595	79.178	79.545	5
2026-03-02 07:40	79.540	79.600	79.240	79.305	5
2026-03-02 07:45	79.300	79.785	79.285	79.760	5
2026-03-02 07:50	79.745	80.045	79.510	80.005	5
2026-03-02 07:55	80.015	80.140	79.720	80.060	5
2026-03-02 08:00	79.973	80.045	79.580	79.890	5
2026-03-02 08:05	79.885	79.965	79.635	79.730	5
2026-03-02 08:10	79.735	79.800	79.585	79.740	5
2026-03-02 08:15	79.735	80.055	79.680	80.010	5
2026-03-02 08:20	80.000	80.175	79.910	80.140	5
2026-03-02 08:25	80.145	80.240	79.745	79.840	5
2026-03-02 08:30	79.845	80.170	79.710	79.725	5
2026-03-02 08:35	79.730	79.835	79.010	79.025	5
2026-03-02 08:40	79.030	79.280	78.820	79.195	5
2026-03-02 08:45	79.200	79.490	79.160	79.280	5
2026-03-02 08:50	79.290	79.710	79.260	79.670	5
2026-03-02 08:55	79.660	79.675	79.230	79.240	5
2026-03-02 09:00	79.140	79.215	78.717	78.960	5
2026-03-02 09:05	78.965	78.970	78.458	78.640	5
2026-03-02 09:10	78.630	78.900	78.590	78.738	5
2026-03-02 09:15	78.728	78.835	78.520	78.550	5
2026-03-02 09:20	78.560	79.030	78.490	78.990	5
2026-03-02 09:25	78.970	78.990	78.590	78.630	5
2026-03-02 09:30	78.620	78.790	78.530	78.670	5
2026-03-02 09:35	78.665	78.950	78.575	78.950	5
2026-03-02 09:40	78.970	79.140	78.685	78.775	5
2026-03-02 09:45	78.780	78.810	78.563	78.700	5
2026-03-02 09:50	78.685	78.920	78.685	78.870	5
2026-03-02 09:55	78.875	79.100	78.850	79.040	5
2026-03-02 10:00	79.045	79.075	77.838	78.240	5
2026-03-02 10:05	78.230	78.770	78.158	78.590	5
2026-03-02 10:10	78.595	78.985	78.570	78.650	5
2026-03-02 10:15	78.655	78.875	78.581	78.650	5
2026-03-02 10:20	78.655	78.655	78.490	78.510	5
2026-03-02 10:25	78.515	78.770	78.435	78.625	5
2026-03-02 10:30	78.630	78.670	78.420	78.460	5
2026-03-02 10:35	78.465	78.675	78.195	78.340	5
2026-03-02 10:40	78.330	78.490	78.245	78.395	5
2026-03-02 10:45	78.400	78.605	78.355	78.410	5
2026-03-02 10:50	78.400	78.520	78.360	78.400	5
2026-03-02 10:55	78.385	78.485	78.300	78.435	5
2026-03-02 11:00	78.393	78.580	78.327	78.360	5
2026-03-02 11:05	78.365	78.450	78.225	78.330	5
2026-03-02 11:10	78.335	78.540	78.270	78.480	5
2026-03-02 11:15	78.485	78.730	78.380	78.390	5
2026-03-02 11:20	78.400	78.520	78.270	78.280	5
2026-03-02 11:25	78.270	78.360	78.140	78.190	5
2026-03-02 11:30	78.185	78.275	78.085	78.240	5
2026-03-02 11:35	78.230	78.275	78.090	78.275	5
2026-03-02 11:40	78.270	78.400	78.150	78.180	5
2026-03-02 11:45	78.190	78.210	77.487	77.800	5
2026-03-02 11:50	77.795	78.240	77.690	78.220	5
2026-03-02 11:55	78.225	78.445	78.105	78.400	5
2026-03-02 12:00	78.385	78.790	78.338	78.720	5
2026-03-02 12:05	78.700	78.960	78.700	78.870	5
2026-03-02 12:10	78.875	79.030	78.825	78.830	5
2026-03-02 12:15	78.835	79.070	78.810	79.070	5
2026-03-02 12:20	79.060	79.225	78.950	79.020	5
2026-03-02 12:25	79.030	79.325	78.990	79.265	5
2026-03-02 12:30	79.270	79.415	79.090	79.225	5
2026-03-02 12:35	79.250	79.260	79.035	79.220	5
2026-03-02 12:40	79.230	79.535	79.190	79.460	5
2026-03-02 12:45	79.455	79.545	79.315	79.360	5
2026-03-02 12:50	79.355	79.460	79.090	79.145	5
2026-03-02 12:55	79.160	79.420	79.120	79.400	5
2026-03-02 13:00	79.395	79.395	78.760	79.275	5
2026-03-02 13:05	79.270	79.355	78.850	79.025	5
2026-03-02 13:10	79.020	79.020	78.580	78.815	5
2026-03-02 13:15	78.810	79.135	78.810	79.105	5
2026-03-02 13:20	79.100	79.355	79.080	79.280	5
2026-03-02 13:25	79.275	79.325	79.115	79.290	5
2026-03-02 13:30	79.280	79.375	79.085	79.305	5
2026-03-02 13:35	79.300	79.495	79.190	79.310	5
2026-03-02 13:40	79.325	79.450	79.200	79.225	5
2026-03-02 13:45	79.220	79.275	79.005	79.030	5
2026-03-02 13:50	79.035	79.160	78.925	79.160	5
2026-03-02 13:55	79.150	79.400	79.080	79.275	5
2026-03-02 14:00	79.290	79.300	78.970	79.080	5
2026-03-02 14:05	79.085	79.185	78.870	79.110	5
2026-03-02 14:10	79.115	79.325	78.990	79.280	5
2026-03-02 14:15	79.275	79.430	79.195	79.220	5
2026-03-02 14:20	79.225	79.315	79.120	79.160	5
2026-03-02 14:25	79.165	79.200	78.895	78.940	5
2026-03-02 14:30	78.903	79.090	78.470	78.490	5
2026-03-02 14:35	78.505	78.750	78.438	78.620	5
2026-03-02 14:40	78.625	78.820	78.475	78.680	5
2026-03-02 14:45	78.665	78.690	78.150	78.190	5
2026-03-02 14:50	78.180	78.420	78.055	78.215	5
2026-03-02 14:55	78.210	78.430	78.125	78.270	5
2026-03-02 15:00	78.228	78.515	78.098	78.365	5
2026-03-02 15:05	78.370	78.575	78.335	78.495	5
2026-03-02 15:10	78.490	78.530	78.225	78.475	5
2026-03-02 15:15	78.480	78.655	78.248	78.505	5
2026-03-02 15:20	78.500	78.847	78.490	78.710	5
2026-03-02 15:25	78.715	78.805	78.535	78.780	5
2026-03-02 15:30	78.765	78.875	78.465	78.560	5
2026-03-02 15:35	78.555	78.610	78.435	78.470	5
2026-03-02 15:40	78.475	78.555	78.250	78.305	5
2026-03-02 15:45	78.263	78.545	78.260	78.450	5
2026-03-02 15:50	78.455	78.600	78.380	78.495	5
2026-03-02 15:55	78.500	78.565	78.215	78.220	5
2026-03-02 16:00	78.183	78.265	77.720	77.900	5
2026-03-02 16:05	77.895	77.910	77.755	77.805	5
2026-03-02 16:10	77.790	77.885	77.450	77.480	5
2026-03-02 16:15	77.485	77.915	77.485	77.900	5
2026-03-02 16:20	77.905	78.260	77.855	78.220	5
2026-03-02 16:25	78.225	78.290	77.915	77.920	5
2026-03-02 16:30	77.935	78.140	77.613	77.885	5
2026-03-02 16:35	77.880	78.115	77.720	77.895	5
2026-03-02 16:40	77.890	78.057	77.775	77.980	5
2026-03-02 16:45	77.985	77.985	76.715	77.160	5
2026-03-02 16:50	77.170	77.540	77.170	77.460	5
2026-03-02 16:55	77.470	77.555	77.333	77.460	5
2026-03-02 17:00	77.465	77.480	77.120	77.350	5
2026-03-02 17:05	77.311	77.320	77.085	77.190	5
2026-03-02 17:10	77.180	77.375	77.085	77.085	5
2026-03-02 17:15	77.090	77.105	76.935	77.070	5
2026-03-02 17:20	77.065	77.100	76.740	76.865	5
2026-03-02 17:25	76.860	77.140	76.820	77.010	5
2026-03-02 17:30	77.030	77.430	77.030	77.370	5
2026-03-02 17:35	77.365	77.440	77.310	77.340	5
2026-03-02 17:40	77.335	77.335	77.060	77.065	5
2026-03-02 17:45	77.070	77.225	77.045	77.100	5
2026-03-02 17:50	77.080	77.210	76.935	77.180	5
2026-03-02 17:55	77.170	77.275	77.055	77.115	5
2026-03-02 18:00	77.105	77.105	76.795	76.860	5
2026-03-02 18:05	76.865	76.940	76.825	76.885	5
2026-03-02 18:10	76.890	77.100	76.855	77.075	5
2026-03-02 18:15	77.085	77.355	77.065	77.315	5
2026-03-02 18:20	77.310	77.455	77.295	77.385	5
2026-03-02 18:25	77.390	77.455	77.355	77.410	5
2026-03-02 18:30	77.415	77.710	77.405	77.685	5
2026-03-02 18:35	77.690	77.750	77.570	77.670	5
2026-03-02 18:40	77.675	77.695	77.505	77.565	5
2026-03-02 18:45	77.570	77.605	77.485	77.520	5
2026-03-02 18:50	77.540	77.725	77.495	77.660	5
2026-03-02 18:55	77.665	77.765	77.605	77.725	5
2026-03-02 19:00	77.690	77.715	77.605	77.645	5
2026-03-02 19:05	77.650	77.675	77.295	77.435	5
2026-03-02 19:10	77.410	77.430	77.295	77.340	5
2026-03-02 19:15	77.345	77.605	77.295	77.575	5
2026-03-02 19:20	77.590	77.620	77.500	77.595	5
2026-03-02 19:25	77.600	77.775	77.580	77.735	5
2026-03-02 19:30	77.745	77.795	77.600	77.690	5
2026-03-02 19:35	77.685	77.845	77.630	77.835	5
2026-03-02 19:40	77.840	77.840	77.670	77.670	5
2026-03-02 19:45	77.680	77.690	77.415	77.440	5
2026-03-02 19:50	77.435	77.640	77.420	77.510	5
2026-03-02 19:55	77.505	77.515	77.425	77.455	5
2026-03-02 20:00	77.465	77.605	77.455	77.560	5
2026-03-02 20:05	77.555	78.910	77.490	78.910	5
2026-03-02 20:10	78.905	79.150	78.765	78.995	5
2026-03-02 20:15	79.010	79.035	78.145	78.910	5
2026-03-02 20:20	78.920	79.550	78.910	79.460	5
2026-03-02 20:25	79.455	79.570	78.925	79.405	5
2026-03-02 20:30	79.410	79.500	78.988	79.100	5
2026-03-02 20:35	79.090	79.455	79.090	79.405	5
2026-03-02 20:40	79.395	79.530	79.335	79.340	5
2026-03-02 20:45	79.330	79.340	79.140	79.280	5
2026-03-02 20:50	79.285	79.350	78.880	79.120	5
2026-03-02 20:55	79.140	79.162	78.435	78.460	5
2026-03-02 21:00	78.470	78.482	78.137	78.392	5
2026-03-02 21:05	78.397	78.482	78.237	78.417	5
2026-03-02 21:10	78.437	78.502	78.357	78.387	5
2026-03-02 21:15	78.392	78.607	78.317	78.407	5
2026-03-02 21:20	78.412	78.627	78.372	78.582	5
2026-03-02 21:25	78.587	78.602	78.257	78.307	5
2026-03-02 21:30	78.317	78.357	78.053	78.162	5
2026-03-02 21:35	78.167	78.197	78.002	78.107	5
2026-03-02 21:40	78.092	78.262	78.077	78.087	5
2026-03-02 21:45	78.097	78.227	77.842	78.207	5
2026-03-02 21:50	78.192	78.227	78.077	78.077	5
2026-03-02 21:55	78.082	78.137	77.637	77.667	5
2026-03-03 01:00	78.747	79.015	78.483	78.860	5
2026-03-03 01:05	78.875	78.910	78.500	78.530	5
2026-03-03 01:10	78.535	78.705	78.430	78.470	5
2026-03-03 01:15	78.460	78.640	78.410	78.630	5
2026-03-03 01:20	78.640	78.860	78.620	78.770	5
2026-03-03 01:25	78.760	78.940	78.730	78.875	5
2026-03-03 01:30	78.870	78.870	78.635	78.680	5
2026-03-03 01:35	78.670	78.920	78.590	78.840	5
2026-03-03 01:40	78.845	78.865	78.700	78.730	5
2026-03-03 01:45	78.725	78.790	78.630	78.670	5
2026-03-03 01:50	78.680	78.800	78.640	78.710	5
2026-03-03 01:55	78.715	78.760	78.590	78.595	5
2026-03-03 02:00	78.600	78.600	78.350	78.505	5
2026-03-03 02:05	78.500	78.695	78.480	78.650	5
2026-03-03 02:10	78.655	78.735	78.590	78.735	5
2026-03-03 02:15	78.730	79.140	78.730	79.140	5
2026-03-03 02:20	79.150	79.335	79.135	79.200	5
2026-03-03 02:25	79.210	79.245	79.145	79.230	5
2026-03-03 02:30	79.200	79.390	78.950	79.040	5
2026-03-03 02:35	79.050	79.160	78.990	79.160	5
2026-03-03 02:40	79.165	79.200	79.080	79.090	5
2026-03-03 02:45	79.095	79.210	79.025	79.170	5
2026-03-03 02:50	79.180	79.365	79.165	79.360	5
2026-03-03 02:55	79.365	79.390	79.295	79.340	5
2026-03-03 03:00	79.360	79.460	79.315	79.390	5
2026-03-03 03:05	79.385	79.465	79.290	79.455	5
2026-03-03 03:10	79.460	79.465	79.390	79.430	5
2026-03-03 03:15	79.445	79.650	79.370	79.630	5
2026-03-03 03:20	79.620	79.675	79.380	79.640	5
2026-03-03 03:25	79.630	79.660	79.450	79.460	5
2026-03-03 03:30	79.465	79.480	79.320	79.460	5
2026-03-03 03:35	79.455	79.505	79.375	79.400	5
2026-03-03 03:40	79.410	79.430	79.320	79.350	5
2026-03-03 03:45	79.340	79.450	79.310	79.440	5
2026-03-03 03:50	79.445	79.450	79.360	79.430	5
2026-03-03 03:55	79.440	79.440	79.360	79.440	5
2026-03-03 04:00	79.450	79.450	79.280	79.310	5
2026-03-03 04:05	79.315	79.330	79.235	79.280	5
2026-03-03 04:10	79.285	79.475	79.280	79.470	5
2026-03-03 04:15	79.475	79.480	79.390	79.430	5
2026-03-03 04:20	79.420	79.540	79.370	79.530	5
2026-03-03 04:25	79.535	79.710	79.500	79.610	5
2026-03-03 04:30	79.600	79.665	79.505	79.570	5
2026-03-03 04:35	79.580	79.605	79.520	79.580	5
2026-03-03 04:40	79.590	79.735	79.560	79.655	5
2026-03-03 04:45	79.660	79.750	79.600	79.730	5
2026-03-03 04:50	79.735	79.755	79.680	79.740	5
2026-03-03 04:55	79.745	79.820	79.685	79.720	5
2026-03-03 05:00	79.715	79.750	79.680	79.710	5
2026-03-03 05:05	79.715	79.775	79.710	79.760	5
2026-03-03 05:10	79.755	79.770	79.695	79.750	5
2026-03-03 05:15	79.755	79.775	79.570	79.685	5
2026-03-03 05:20	79.690	79.775	79.660	79.765	5
2026-03-03 05:25	79.770	79.830	79.700	79.735	5
2026-03-03 05:30	79.720	80.410	79.590	80.340	5
2026-03-03 05:35	80.330	80.425	80.130	80.275	5
2026-03-03 05:40	80.255	80.435	80.170	80.220	5
2026-03-03 05:45	80.210	80.260	79.940	79.980	5
2026-03-03 05:50	79.970	79.990	79.740	79.830	5
2026-03-03 05:55	79.825	80.060	79.673	79.995	5
2026-03-03 06:00	80.000	80.020	79.675	79.760	5
2026-03-03 06:05	79.750	79.780	79.498	79.570	5
2026-03-03 06:10	79.580	79.600	79.355	79.425	5
2026-03-03 06:15	79.420	79.680	79.395	79.560	5
2026-03-03 06:20	79.550	79.610	79.470	79.540	5
2026-03-03 06:25	79.550	79.785	79.510	79.770	5
2026-03-03 06:30	79.765	79.975	79.723	79.920	5
2026-03-03 06:35	79.925	79.975	79.810	79.970	5
2026-03-03 06:40	79.975	80.100	79.870	79.970	5
2026-03-03 06:45	79.975	79.995	79.790	79.910	5
2026-03-03 06:50	79.915	80.085	79.900	80.050	5
2026-03-03 06:55	80.060	80.275	79.960	80.230	5
2026-03-03 07:00	80.188	80.460	80.153	80.270	5
2026-03-03 07:05	80.275	80.380	80.165	80.260	5
2026-03-03 07:10	80.265	80.375	80.190	80.285	5
2026-03-03 07:15	80.290	80.380	80.180	80.225	5
2026-03-03 07:20	80.230	80.340	80.125	80.240	5
2026-03-03 07:25	80.245	80.557	80.030	80.365	5
2026-03-03 07:30	80.375	80.410	80.140	80.205	5
2026-03-03 07:35	80.210	80.750	80.155	80.720	5
2026-03-03 07:40	80.725	80.945	80.690	80.880	5
2026-03-03 07:45	80.875	81.135	80.815	81.075	5
2026-03-03 07:50	81.055	81.245	80.960	80.970	5
2026-03-03 07:55	80.975	80.995	80.700	80.920	5
2026-03-03 08:00	80.885	81.180	80.673	81.070	5
2026-03-03 08:05	81.075	81.125	80.740	80.800	5
2026-03-03 08:10	80.795	80.855	80.655	80.760	5
2026-03-03 08:15	80.745	80.770	80.555	80.610	5
2026-03-03 08:20	80.605	80.655	80.455	80.490	5
2026-03-03 08:25	80.495	80.690	80.325	80.655	5
2026-03-03 08:30	80.613	80.950	80.288	80.430	5
2026-03-03 08:35	80.420	81.095	80.420	80.825	5
2026-03-03 08:40	80.835	81.315	80.770	81.270	5
2026-03-03 08:45	81.223	81.260	80.993	81.105	5
2026-03-03 08:50	81.115	81.115	80.810	80.815	5
2026-03-03 08:55	80.810	81.170	80.770	81.150	5
2026-03-03 09:00	81.145	81.275	81.030	81.215	5
2026-03-03 09:05	81.168	81.530	81.168	81.485	5
2026-03-03 09:10	81.480	81.975	81.440	81.825	5
2026-03-03 09:15	81.820	82.055	81.690	82.020	5
2026-03-03 09:20	82.025	82.125	81.745	81.805	5
2026-03-03 09:25	81.825	82.045	81.573	81.630	5
2026-03-03 09:30	81.625	81.890	81.588	81.810	5
2026-03-03 09:35	81.805	81.975	81.750	81.750	5
2026-03-03 09:40	81.755	81.915	81.590	81.840	5
2026-03-03 09:45	81.810	81.975	81.560	81.945	5
2026-03-03 09:50	81.950	82.330	81.933	82.255	5
2026-03-03 09:55	82.250	82.275	81.818	81.950	5
2026-03-03 10:00	81.945	82.170	81.590	82.105	5
2026-03-03 10:05	82.115	82.500	82.045	82.370	5
2026-03-03 10:10	82.360	82.545	82.295	82.395	5
2026-03-03 10:15	82.385	82.615	82.330	82.375	5
2026-03-03 10:20	82.410	82.680	82.375	82.660	5
2026-03-03 10:25	82.655	82.775	82.590	82.590	5
2026-03-03 10:30	82.605	82.945	82.508	82.885	5
2026-03-03 10:35	82.890	83.345	82.870	82.930	5
2026-03-03 10:40	82.925	83.200	82.673	83.010	5
2026-03-03 10:45	83.005	83.445	82.930	83.335	5
2026-03-03 10:50	83.350	83.640	83.133	83.620	5
2026-03-03 10:55	83.630	84.258	83.510	83.615	5
2026-03-03 11:00	83.607	83.990	83.278	83.340	5
2026-03-03 11:05	83.330	83.960	83.290	83.860	5
2026-03-03 11:10	83.850	84.400	83.850	84.310	5
2026-03-03 11:15	84.320	84.965	84.155	84.870	5
2026-03-03 11:20	84.865	85.085	84.400	84.400	5
2026-03-03 11:25	84.395	84.400	83.990	84.100	5
2026-03-03 11:30	84.090	84.120	83.535	83.620	5
2026-03-03 11:35	83.625	83.920	83.035	83.835	5
2026-03-03 11:40	83.870	84.065	83.565	83.905	5
2026-03-03 11:45	83.895	84.330	83.850	84.295	5
2026-03-03 11:50	84.300	84.410	83.981	84.000	5
2026-03-03 11:55	83.995	84.520	83.995	84.520	5
2026-03-03 12:00	84.493	84.850	84.453	84.690	5
2026-03-03 12:05	84.695	84.735	83.643	83.865	5
2026-03-03 12:10	83.870	84.135	82.800	83.060	5
2026-03-03 12:15	83.037	83.435	82.835	83.060	5
2026-03-03 12:20	83.055	83.427	82.588	83.240	5
2026-03-03 12:25	83.230	83.325	82.955	83.150	5
2026-03-03 12:30	83.145	83.610	83.100	83.595	5
2026-03-03 12:35	83.600	83.760	83.088	83.475	5
2026-03-03 12:40	83.460	83.555	83.208	83.255	5
2026-03-03 12:45	83.240	83.265	82.626	82.685	5
2026-03-03 12:50	82.680	83.357	82.647	82.960	5
2026-03-03 12:55	82.935	83.090	82.675	82.950	5
2026-03-03 13:00	82.945	82.970	82.307	82.815	5
2026-03-03 13:05	82.805	83.035	82.550	82.880	5
2026-03-03 13:10	82.865	83.465	82.838	83.250	5
2026-03-03 13:15	83.255	83.505	83.165	83.270	5
2026-03-03 13:20	83.265	83.520	83.080	83.310	5
2026-03-03 13:25	83.300	83.590	83.240	83.510	5
2026-03-03 13:30	83.505	83.875	83.468	83.740	5
2026-03-03 13:35	83.735	83.740	83.255	83.435	5
2026-03-03 13:40	83.445	83.775	83.263	83.480	5
2026-03-03 13:45	83.465	83.625	83.250	83.360	5
2026-03-03 13:50	83.370	83.783	83.248	83.280	5
2026-03-03 13:55	83.275	83.580	83.175	83.535	5
2026-03-03 14:00	83.478	84.232	83.478	84.200	5
2026-03-03 14:05	84.215	84.250	83.875	84.135	5
2026-03-03 14:10	84.108	84.465	84.108	84.350	5
2026-03-03 14:15	84.330	84.860	84.330	84.710	5
2026-03-03 14:20	84.720	84.740	83.915	84.108	5
2026-03-03 14:25	84.098	84.230	83.960	83.990	5
2026-03-03 14:30	83.908	84.020	83.538	83.590	5
2026-03-03 14:35	83.605	83.855	83.543	83.855	5
2026-03-03 14:40	83.850	83.940	83.398	83.655	5
2026-03-03 14:45	83.660	83.840	83.460	83.475	5
2026-03-03 14:50	83.470	83.840	83.470	83.630	5
2026-03-03 14:55	83.640	83.845	83.283	83.430	5
2026-03-03 15:00	83.435	83.880	83.238	83.380	5
2026-03-03 15:05	83.338	83.730	83.198	83.630	5
2026-03-03 15:10	83.558	83.845	83.468	83.740	5
2026-03-03 15:15	83.703	83.935	83.550	83.740	5
2026-03-03 15:20	83.723	84.110	83.708	83.940	5
2026-03-03 15:25	83.920	84.155	83.840	84.030	5
2026-03-03 15:30	84.013	84.070	83.658	83.825	5
2026-03-03 15:35	83.830	84.020	83.703	83.920	5
2026-03-03 15:40	83.915	83.945	83.495	83.530	5
2026-03-03 15:45	83.535	83.890	83.248	83.690	5
2026-03-03 15:50	83.668	83.710	83.320	83.350	5
2026-03-03 15:55	83.308	83.680	83.213	83.680	5
2026-03-03 16:00	83.663	83.915	83.358	83.620	5
2026-03-03 16:05	83.598	83.965	83.553	83.950	5
2026-03-03 16:10	83.945	84.035	83.640	83.650	5
2026-03-03 16:15	83.655	83.805	83.498	83.770	5
2026-03-03 16:20	83.765	83.975	83.745	83.790	5
2026-03-03 16:25	83.800	83.855	83.420	83.630	5
2026-03-03 16:30	83.588	83.640	82.988	83.360	5
2026-03-03 16:35	83.365	83.405	83.133	83.220	5
2026-03-03 16:40	83.230	83.360	82.200	82.495	5
2026-03-03 16:45	82.490	82.810	81.293	82.670	5
2026-03-03 16:50	82.675	82.875	82.410	82.540	5
2026-03-03 16:55	82.535	82.970	82.318	82.880	5
2026-03-03 17:00	82.890	83.000	82.715	82.760	5
2026-03-03 17:05	82.770	83.120	82.600	83.020	5
2026-03-03 17:10	83.015	83.345	82.943	83.260	5
2026-03-03 17:15	83.245	83.280	82.975	83.140	5
2026-03-03 17:20	83.135	83.150	82.695	82.735	5
2026-03-03 17:25	82.755	82.890	82.585	82.690	5
2026-03-03 17:30	82.648	82.885	82.417	82.460	5
2026-03-03 17:35	82.455	82.700	82.306	82.320	5
2026-03-03 17:40	82.310	82.640	82.190	82.565	5
2026-03-03 17:45	82.570	82.600	82.270	82.280	5
2026-03-03 17:50	82.305	82.350	82.010	82.105	5
2026-03-03 17:55	82.095	82.375	82.043	82.350	5
2026-03-03 18:00	82.345	82.375	82.030	82.160	5
2026-03-03 18:05	82.165	82.205	81.835	82.010	5
2026-03-03 18:10	81.995	82.200	81.975	82.070	5
2026-03-03 18:15	82.023	82.125	81.815	81.895	5
2026-03-03 18:20	81.900	82.295	81.900	82.210	5
2026-03-03 18:25	82.200	82.385	82.100	82.110	5
2026-03-03 18:30	82.115	82.145	81.045	81.360	5
2026-03-03 18:35	81.370	81.610	80.350	80.710	5
2026-03-03 18:40	80.695	81.120	80.680	81.040	5
2026-03-03 18:45	81.030	81.140	80.890	81.045	5
2026-03-03 18:50	81.040	81.330	80.915	81.215	5
2026-03-03 18:55	81.210	81.470	81.123	81.360	5
2026-03-03 19:00	81.330	81.505	81.190	81.365	5
2026-03-03 19:05	81.350	81.540	81.143	81.485	5
2026-03-03 19:10	81.480	81.550	81.228	81.280	5
2026-03-03 19:15	81.285	81.355	81.140	81.175	5
2026-03-03 19:20	81.165	81.335	81.040	81.060	5
2026-03-03 19:25	81.045	81.535	81.020	81.415	5
2026-03-03 19:30	81.368	81.615	81.348	81.580	5
2026-03-03 19:35	81.575	81.670	79.745	79.985	5
2026-03-03 19:40	79.990	80.045	78.768	78.870	5
2026-03-03 19:45	78.855	79.710	78.390	79.500	5
2026-03-03 19:50	79.490	80.220	79.208	79.950	5
2026-03-03 19:55	79.945	80.410	79.790	80.400	5
2026-03-03 20:00	80.348	80.750	80.338	80.635	5
2026-03-03 20:05	80.620	80.680	80.085	80.090	5
2026-03-03 20:10	80.100	80.350	79.997	80.270	5
2026-03-03 20:15	80.275	80.390	80.038	80.310	5
2026-03-03 20:20	80.300	80.310	79.985	80.050	5
2026-03-03 20:25	80.045	80.350	80.027	80.290	5
2026-03-03 20:30	80.258	80.660	80.258	80.590	5
2026-03-03 20:35	80.605	80.890	80.548	80.880	5
2026-03-03 20:40	80.870	80.870	80.635	80.660	5
2026-03-03 20:45	80.655	80.810	80.635	80.810	5
2026-03-03 20:50	80.758	80.805	80.633	80.770	5
2026-03-03 20:55	80.728	81.165	80.728	81.085	5
2026-03-03 21:00	81.080	81.327	80.997	81.192	5
2026-03-03 21:05	81.187	81.567	81.157	81.547	5
2026-03-03 21:10	81.537	81.857	81.517	81.762	5
2026-03-03 21:15	81.777	81.777	81.557	81.652	5
2026-03-03 21:20	81.647	81.672	81.422	81.582	5
2026-03-03 21:25	81.597	81.757	81.467	81.652	5
2026-03-03 21:30	81.657	81.787	81.572	81.747	5
2026-03-03 21:35	81.737	81.767	81.612	81.702	5
2026-03-03 21:40	81.707	81.927	81.632	81.902	5
2026-03-03 21:45	81.907	82.192	81.887	82.157	5
2026-03-03 21:50	82.152	82.242	81.887	81.902	5
2026-03-03 21:55	81.917	82.072	81.852	81.852	5
2026-03-04 01:00	81.957	82.405	81.257	81.820	5
2026-03-04 01:05	81.795	82.075	81.735	81.875	5
2026-03-04 01:10	81.880	82.370	81.880	82.290	5
2026-03-04 01:15	82.310	82.680	82.250	82.605	5
2026-03-04 01:20	82.600	82.680	82.280	82.435	5
2026-03-04 01:25	82.440	82.660	82.270	82.330	5
2026-03-04 01:30	82.335	82.745	82.283	82.410	5
2026-03-04 01:35	82.415	82.700	82.400	82.540	5
2026-03-04 01:40	82.530	82.615	82.400	82.520	5
2026-03-04 01:45	82.525	82.610	81.830	81.875	5
2026-03-04 01:50	81.865	81.915	81.645	81.790	5
2026-03-04 01:55	81.785	81.930	81.530	81.930	5
2026-03-04 02:00	81.925	82.140	81.863	82.105	5
2026-03-04 02:05	82.125	82.470	82.000	82.455	5
2026-03-04 02:10	82.460	82.630	82.260	82.270	5
2026-03-04 02:15	82.265	82.270	82.007	82.065	5
2026-03-04 02:20	82.075	82.080	81.825	81.920	5
2026-03-04 02:25	81.925	82.015	81.840	81.985	5
2026-03-04 02:30	81.975	81.980	81.708	81.875	5
2026-03-04 02:35	81.870	82.205	81.865	82.125	5
2026-03-04 02:40	82.120	82.345	82.120	82.210	5
2026-03-04 02:45	82.215	82.345	82.100	82.220	5
2026-03-04 02:50	82.205	82.285	81.955	82.015	5
2026-03-04 02:55	82.025	82.137	81.940	82.090	5
2026-03-04 03:00	82.095	82.125	81.797	81.850	5
2026-03-04 03:05	81.855	82.090	81.760	82.080	5
2026-03-04 03:10	82.090	82.160	81.900	82.130	5
2026-03-04 03:15	82.125	82.445	82.125	82.420	5
2026-03-04 03:20	82.435	82.450	82.170	82.215	5
2026-03-04 03:25	82.225	82.280	81.777	81.940	5
2026-03-04 03:30	81.935	82.110	81.917	82.095	5
2026-03-04 03:35	82.085	82.190	82.065	82.170	5
2026-03-04 03:40	82.175	82.290	82.140	82.150	5
2026-03-04 03:45	82.155	82.215	82.060	82.170	5
2026-03-04 03:50	82.160	82.240	82.140	82.140	5
2026-03-04 03:55	82.145	82.370	82.135	82.350	5
2026-03-04 04:00	82.355	82.445	82.205	82.420	5
2026-03-04 04:05	82.400	82.565	82.400	82.470	5
2026-03-04 04:10	82.460	82.690	82.450	82.590	5
2026-03-04 04:15	82.595	82.635	82.518	82.560	5
2026-03-04 04:20	82.580	82.585	82.445	82.500	5
2026-03-04 04:25	82.490	82.630	82.465	82.610	5
2026-03-04 04:30	82.575	82.740	82.500	82.720	5
2026-03-04 04:35	82.715	82.750	82.620	82.660	5
2026-03-04 04:40	82.655	82.700	82.570	82.695	5
2026-03-04 04:45	82.710	82.730	82.655	82.665	5
2026-03-04 04:50	82.670	82.755	82.660	82.660	5
2026-03-04 04:55	82.670	82.710	82.605	82.680	5
2026-03-04 05:00	82.653	82.735	82.435	82.440	5
2026-03-04 05:05	82.450	82.675	82.435	82.620	5
2026-03-04 05:10	82.630	82.670	82.585	82.665	5
2026-03-04 05:15	82.660	82.960	82.595	82.935	5
2026-03-04 05:20	82.927	83.090	82.813	83.085	5
2026-03-04 05:25	83.080	83.185	82.910	82.935	5
2026-03-04 05:30	82.930	83.040	82.748	82.910	5
2026-03-04 05:35	82.905	82.950	82.600	82.920	5
2026-03-04 05:40	82.910	83.150	82.863	83.135	5
2026-03-04 05:45	83.145	83.585	83.060	83.370	5
2026-03-04 05:50	83.380	83.400	82.950	83.000	5
2026-03-04 05:55	83.005	83.170	82.920	83.080	5
2026-03-04 06:00	83.043	83.110	82.905	83.080	5
2026-03-04 06:05	83.070	83.310	83.020	83.230	5
2026-03-04 06:10	83.240	83.455	83.155	83.260	5
2026-03-04 06:15	83.250	83.520	83.210	83.430	5
2026-03-04 06:20	83.395	83.625	83.353	83.620	5
2026-03-04 06:25	83.615	83.700	83.540	83.620	5
2026-03-04 06:30	83.610	83.610	83.200	83.530	5
2026-03-04 06:35	83.535	83.660	83.430	83.475	5
2026-03-04 06:40	83.470	83.720	83.465	83.680	5
2026-03-04 06:45	83.675	83.950	83.625	83.915	5
2026-03-04 06:50	83.905	83.940	83.660	83.910	5
2026-03-04 06:55	83.920	84.080	83.833	84.070	5
2026-03-04 07:00	83.953	84.045	83.818	84.045	5
2026-03-04 07:05	84.040	84.220	83.815	83.950	5
2026-03-04 07:10	83.955	84.080	83.930	83.950	5
2026-03-04 07:15	83.955	84.110	83.840	83.960	5
2026-03-04 07:20	83.965	83.975	83.735	83.760	5
2026-03-04 07:25	83.770	84.045	83.525	84.000	5
2026-03-04 07:30	83.995	84.100	83.780	83.890	5
2026-03-04 07:35	83.895	83.970	83.700	83.900	5
2026-03-04 07:40	83.910	83.910	83.615	83.880	5
2026-03-04 07:45	83.885	83.910	83.660	83.705	5
2026-03-04 07:50	83.710	83.730	83.498	83.710	5
2026-03-04 07:55	83.715	83.790	83.640	83.675	5
2026-03-04 08:00	83.630	83.630	83.315	83.450	5
2026-03-04 08:05	83.388	83.800	83.388	83.660	5
2026-03-04 08:10	83.665	83.685	83.180	83.275	5
2026-03-04 08:15	83.270	83.610	83.175	83.410	5
2026-03-04 08:20	83.420	83.515	83.330	83.455	5
2026-03-04 08:25	83.450	84.050	83.450	83.885	5
2026-03-04 08:30	83.875	84.227	83.875	83.940	5
2026-03-04 08:35	83.930	84.390	83.850	84.280	5
2026-03-04 08:40	84.290	84.455	84.080	84.370	5
2026-03-04 08:45	84.375	84.395	84.075	84.275	5
2026-03-04 08:50	84.280	84.295	83.845	83.990	5
2026-03-04 08:55	83.995	84.125	83.910	83.925	5
2026-03-04 09:00	83.930	84.100	83.750	83.830	5
2026-03-04 09:05	83.840	84.105	83.740	83.960	5
2026-03-04 09:10	83.955	84.040	83.420	83.480	5
2026-03-04 09:15	83.485	83.520	83.130	83.215	5
2026-03-04 09:20	83.220	83.420	83.075	83.310	5
2026-03-04 09:25	83.290	83.515	83.265	83.320	5
2026-03-04 09:30	83.330	83.585	82.770	83.525	5
2026-03-04 09:35	83.478	83.940	83.440	83.880	5
2026-03-04 09:40	83.870	84.085	83.655	83.720	5
2026-03-04 09:45	83.730	84.190	83.725	83.985	5
2026-03-04 09:50	83.975	84.030	83.737	83.900	5
2026-03-04 09:55	83.895	84.040	83.820	83.970	5
2026-03-04 10:00	83.975	83.980	83.620	83.800	5
2026-03-04 10:05	83.805	83.950	82.178	82.298	6
2026-03-04 10:10	82.303	82.810	82.120	82.235	5
2026-03-04 10:15	82.225	83.100	82.175	82.820	5
2026-03-04 10:20	82.815	82.930	82.270	82.465	5
2026-03-04 10:25	82.455	83.335	82.418	83.290	5
2026-03-04 10:30	83.305	83.310	82.905	82.910	5
2026-03-04 10:35	82.905	82.970	82.623	82.650	5
2026-03-04 10:40	82.645	82.825	82.255	82.440	5
2026-03-04 10:45	82.435	82.675	82.258	82.310	5
2026-03-04 10:50	82.300	82.755	82.210	82.755	5
2026-03-04 10:55	82.740	82.780	82.518	82.550	5
2026-03-04 11:00	82.545	82.820	82.290	82.790	5
2026-03-04 11:05	82.795	83.115	82.630	82.630	5
2026-03-04 11:10	82.640	82.705	82.450	82.695	5
2026-03-04 11:15	82.700	82.795	82.120	82.160	5
2026-03-04 11:20	82.145	82.165	81.890	82.030	5
2026-03-04 11:25	82.040	82.355	81.990	82.240	5
2026-03-04 11:30	82.235	82.320	81.995	82.265	5
2026-03-04 11:35	82.260	82.530	82.160	82.330	5
2026-03-04 11:40	82.310	82.540	82.310	82.530	5
2026-03-04 11:45	82.525	82.680	82.380	82.445	5
2026-03-04 11:50	82.440	82.460	82.190	82.395	5
2026-03-04 11:55	82.390	82.520	82.305	82.470	5
2026-03-04 12:00	82.465	82.790	82.317	82.785	5
2026-03-04 12:05	82.787	82.825	82.420	82.660	5
2026-03-04 12:10	82.680	82.680	82.050	82.145	5
2026-03-04 12:15	82.150	82.220	81.935	82.130	5
2026-03-04 12:20	82.135	82.312	82.040	82.040	5
2026-03-04 12:25	82.055	82.330	82.055	82.240	5
2026-03-04 12:30	82.205	82.465	82.070	82.070	5
2026-03-04 12:35	82.090	82.240	81.740	81.775	5
2026-03-04 12:40	81.780	81.915	81.620	81.870	5
2026-03-04 12:45	81.828	82.235	81.828	82.185	5
2026-03-04 12:50	82.200	82.325	82.075	82.140	5
2026-03-04 12:55	82.150	82.220	81.770	81.840	5
2026-03-04 13:00	81.828	81.828	80.990	81.155	5
2026-03-04 13:05	81.165	81.400	80.690	80.820	5
2026-03-04 13:10	80.810	81.240	80.720	80.995	5
2026-03-04 13:15	81.000	81.220	80.545	81.140	5
2026-03-04 13:20	81.108	81.465	81.090	81.325	5
2026-03-04 13:25	81.330	81.370	81.028	81.220	5
2026-03-04 13:30	81.207	81.575	81.050	81.560	5
2026-03-04 13:35	81.565	81.600	81.140	81.200	5
2026-03-04 13:40	81.195	81.255	81.020	81.100	5
2026-03-04 13:45	81.105	81.195	80.640	80.640	5
2026-03-04 13:50	80.650	80.815	80.270	80.695	5
2026-03-04 13:55	80.690	81.095	80.670	80.990	5
2026-03-04 14:00	80.998	81.395	80.988	81.390	5
2026-03-04 14:05	81.385	81.465	80.960	81.180	5
2026-03-04 14:10	81.170	81.240	80.883	81.085	5
2026-03-04 14:15	81.060	81.060	80.588	80.640	5
2026-03-04 14:20	80.610	81.160	80.590	81.110	5
2026-03-04 14:25	81.100	81.220	80.885	81.205	5
2026-03-04 14:30	81.160	81.710	81.123	81.375	5
2026-03-04 14:35	81.380	82.290	81.370	81.835	6
2026-03-04 14:40	81.788	81.990	81.615	81.950	5
2026-03-04 14:45	81.955	81.995	81.700	81.750	5
2026-03-04 14:50	81.760	81.760	81.370	81.390	5
2026-03-04 14:55	81.395	81.480	81.065	81.360	5
2026-03-04 15:00	81.368	81.535	81.005	81.525	5
2026-03-04 15:05	81.530	81.540	81.290	81.305	5
2026-03-04 15:10	81.320	81.340	80.583	80.600	5
2026-03-04 15:15	80.553	80.910	80.538	80.820	5
2026-03-04 15:20	80.815	80.970	80.700	80.880	5
2026-03-04 15:25	80.875	81.005	80.565	80.865	5
2026-03-04 15:30	80.870	81.105	80.510	80.885	5
2026-03-04 15:35	80.890	81.255	80.610	81.160	5
2026-03-04 15:40	81.165	81.180	80.960	81.140	5
2026-03-04 15:45	81.078	81.180	80.770	80.885	5
2026-03-04 15:50	80.895	81.190	80.895	81.120	5
2026-03-04 15:55	81.115	81.175	80.885	80.950	5
2026-03-04 16:00	80.945	81.445	80.903	81.410	5
2026-03-04 16:05	81.405	81.580	81.165	81.180	5
2026-03-04 16:10	81.175	81.195	80.950	81.015	5
2026-03-04 16:15	81.020	81.235	80.890	81.175	5
2026-03-04 16:20	81.185	81.350	81.020	81.105	5
2026-03-04 16:25	81.110	81.210	80.705	80.765	5
2026-03-04 16:30	80.728	81.025	80.725	80.800	5
2026-03-04 16:35	80.805	80.880	80.610	80.850	5
2026-03-04 16:40	80.830	80.945	80.690	80.820	5
2026-03-04 16:45	80.830	81.105	80.830	80.900	5
2026-03-04 16:50	80.885	81.095	80.810	80.975	5
2026-03-04 16:55	80.960	81.120	80.930	81.120	5
2026-03-04 17:00	81.115	81.135	80.963	81.060	5
2026-03-04 17:05	81.045	81.425	81.040	81.280	5
2026-03-04 17:10	81.275	81.360	81.195	81.295	5
2026-03-04 17:15	81.290	81.475	81.280	81.420	5
2026-03-04 17:20	81.425	81.725	81.425	81.655	5
2026-03-04 17:25	81.660	81.860	81.593	81.640	5
2026-03-04 17:30	81.660	81.790	81.563	81.680	5
2026-03-04 17:35	81.685	81.845	81.627	81.690	5
2026-03-04 17:40	81.680	81.740	81.490	81.565	5
2026-03-04 17:45	81.570	81.575	81.155	81.515	5
2026-03-04 17:50	81.520	81.710	81.475	81.675	5
2026-03-04 17:55	81.670	81.730	81.565	81.670	5
2026-03-04 18:00	81.675	81.745	81.415	81.710	5
2026-03-04 18:05	81.720	81.720	81.400	81.485	5
2026-03-04 18:10	81.475	81.650	81.450	81.590	5
2026-03-04 18:15	81.585	81.690	81.510	81.520	5
2026-03-04 18:20	81.510	81.630	81.375	81.450	5
2026-03-04 18:25	81.445	81.590	81.350	81.490	5
2026-03-04 18:30	81.470	81.635	81.340	81.560	5
2026-03-04 18:35	81.565	81.575	81.420	81.535	5
2026-03-04 18:40	81.540	81.635	81.490	81.590	5
2026-03-04 18:45	81.605	81.820	81.600	81.685	5
2026-03-04 18:50	81.680	81.725	81.375	81.445	5
2026-03-04 18:55	81.440	81.540	81.350	81.490	5
2026-03-04 19:00	81.495	81.495	81.035	81.125	5
2026-03-04 19:05	81.110	81.195	80.985	81.030	5
2026-03-04 19:10	81.035	81.315	80.990	81.200	5
2026-03-04 19:15	81.205	81.360	81.155	81.275	5
2026-03-04 19:20	81.270	81.360	81.195	81.290	5
2026-03-04 19:25	81.300	81.450	81.265	81.430	5
2026-03-04 19:30	81.435	81.470	81.055	81.200	5
2026-03-04 19:35	81.205	81.245	81.130	81.155	5
2026-03-04 19:40	81.150	81.305	81.130	81.265	5
2026-03-04 19:45	81.280	81.400	81.260	81.290	5
2026-03-04 19:50	81.300	81.375	81.285	81.355	5
2026-03-04 19:55	81.350	81.365	81.210	81.235	5
2026-03-04 20:00	81.240	81.335	81.230	81.315	5
2026-03-04 20:05	81.310	81.495	81.270	81.310	5
2026-03-04 20:10	81.300	81.390	81.285	81.335	5
2026-03-04 20:15	81.340	81.590	81.335	81.580	5
2026-03-04 20:20	81.585	81.735	81.488	81.725	5
2026-03-04 20:25	81.730	81.895	81.670	81.845	5
2026-03-04 20:30	81.860	81.990	81.800	81.880	5
2026-03-04 20:35	81.890	81.980	81.720	81.790	5
2026-03-04 20:40	81.765	81.765	81.595	81.715	5
2026-03-04 20:45	81.735	81.790	81.645	81.750	5
2026-03-04 20:50	81.745	81.750	81.560	81.600	5
2026-03-04 20:55	81.543	81.730	81.543	81.705	5
2026-03-04 21:00	81.710	81.837	81.677	81.827	5
2026-03-04 21:05	81.822	81.957	81.757	81.942	5
2026-03-04 21:10	81.947	82.087	81.947	81.957	5
2026-03-04 21:15	81.967	82.222	81.957	82.212	5
2026-03-04 21:20	82.217	82.592	82.217	82.517	5
2026-03-04 21:25	82.498	82.572	82.367	82.457	5
2026-03-04 21:30	82.467	82.492	82.327	82.377	5
2026-03-04 21:35	82.382	82.412	82.232	82.392	5
2026-03-04 21:40	82.387	82.567	82.347	82.542	5
2026-03-04 21:45	82.537	82.552	82.487	82.522	5
2026-03-04 21:50	82.527	82.647	82.507	82.577	5
2026-03-04 21:55	82.562	82.587	82.462	82.477	5
2026-03-05 01:00	82.197	83.240	82.197	83.225	5
2026-03-05 01:05	83.220	83.420	83.053	83.415	5
2026-03-05 01:10	83.405	83.465	83.240	83.365	5
2026-03-05 01:15	83.385	83.595	83.330	83.405	5
2026-03-05 01:20	83.410	83.495	83.305	83.360	5
2026-03-05 01:25	83.370	83.470	83.340	83.410	5
2026-03-05 01:30	83.420	83.420	83.140	83.185	5
2026-03-05 01:35	83.180	83.220	83.060	83.065	5
2026-03-05 01:40	83.055	83.125	82.890	82.910	5
2026-03-05 01:45	82.920	83.130	82.890	83.065	5
2026-03-05 01:50	83.055	83.235	83.000	83.235	5
2026-03-05 01:55	83.230	83.425	83.147	83.365	5
2026-03-05 02:00	83.370	83.515	83.275	83.365	5
2026-03-05 02:05	83.370	83.490	83.310	83.345	5
2026-03-05 02:10	83.350	83.575	83.220	83.550	5
2026-03-05 02:15	83.545	83.615	83.485	83.610	5
2026-03-05 02:20	83.620	83.825	83.620	83.825	5
2026-03-05 02:25	83.820	83.835	83.690	83.800	5
2026-03-05 02:30	83.805	83.895	83.465	83.780	5
2026-03-05 02:35	83.765	83.775	83.545	83.685	5
2026-03-05 02:40	83.687	83.740	83.365	83.475	5
2026-03-05 02:45	83.485	83.605	83.445	83.565	5
2026-03-05 02:50	83.555	83.735	83.530	83.625	5
2026-03-05 02:55	83.630	83.920	83.610	83.905	5
2026-03-05 03:00	83.900	83.900	83.755	83.835	5
2026-03-05 03:05	83.840	83.840	83.435	83.500	5
2026-03-05 03:10	83.490	83.655	83.435	83.565	5
2026-03-05 03:15	83.550	83.845	83.540	83.715	5
2026-03-05 03:20	83.720	83.925	83.720	83.885	5
2026-03-05 03:25	83.890	83.895	83.680	83.685	5
2026-03-05 03:30	83.690	83.755	83.635	83.720	5
2026-03-05 03:35	83.715	83.815	83.640	83.795	5
2026-03-05 03:40	83.790	83.845	83.610	83.640	5
2026-03-05 03:45	83.635	83.820	83.595	83.775	5
2026-03-05 03:50	83.780	83.850	83.710	83.785	5
2026-03-05 03:55	83.775	83.825	83.670	83.710	5
2026-03-05 04:00	83.715	83.835	83.677	83.820	5
2026-03-05 04:05	83.815	83.960	83.810	83.825	5
2026-03-05 04:10	83.820	84.025	83.805	84.020	5
2026-03-05 04:15	84.025	84.220	84.000	84.120	5
2026-03-05 04:20	84.105	84.115	83.945	84.010	5
2026-03-05 04:25	84.005	84.025	83.940	84.020	5
2026-03-05 04:30	84.025	84.055	83.940	83.995	5
2026-03-05 04:35	84.005	84.060	83.970	84.015	5
2026-03-05 04:40	84.020	84.045	83.950	83.960	5
2026-03-05 04:45	83.940	83.940	83.745	83.790	5
2026-03-05 04:50	83.780	83.920	83.780	83.920	5
2026-03-05 04:55	83.910	83.970	83.875	83.970	5
2026-03-05 05:00	83.965	84.065	83.918	83.970	5
2026-03-05 05:05	83.965	84.205	83.955	84.195	5
2026-03-05 05:10	84.200	84.250	84.075	84.165	5
2026-03-05 05:15	84.157	84.225	84.020	84.035	5
2026-03-05 05:20	84.040	84.050	83.940	84.045	5
2026-03-05 05:25	84.050	84.170	84.050	84.085	5
2026-03-05 05:30	84.080	84.375	84.017	84.375	5
2026-03-05 05:35	84.390	84.465	84.220	84.420	5
2026-03-05 05:40	84.415	84.545	84.350	84.475	5
2026-03-05 05:45	84.470	84.610	84.350	84.560	5
2026-03-05 05:50	84.565	84.575	84.440	84.495	5
2026-03-05 05:55	84.475	84.720	84.297	84.350	5
2026-03-05 06:00	84.325	84.350	84.035	84.300	5
2026-03-05 06:05	84.290	84.305	83.920	83.920	5
2026-03-05 06:10	83.925	84.075	83.737	83.975	5
2026-03-05 06:15	83.967	84.300	83.920	84.275	5
2026-03-05 06:20	84.290	84.300	84.133	84.175	5
2026-03-05 06:25	84.185	84.205	84.040	84.050	5
2026-03-05 06:30	83.998	84.165	83.810	84.010	5
2026-03-05 06:35	84.005	84.120	83.905	84.085	5
2026-03-05 06:40	84.090	84.265	84.080	84.197	5
2026-03-05 06:45	84.200	84.385	83.707	83.707	5
2026-03-05 06:50	83.707	83.827	82.267	83.075	5
2026-03-05 06:55	83.077	83.365	82.755	83.130	5
2026-03-05 07:00	83.125	83.705	83.048	83.685	5
2026-03-05 07:05	83.680	83.715	83.410	83.555	5
2026-03-05 07:10	83.550	83.665	83.340	83.500	5
2026-03-05 07:15	83.505	83.805	83.418	83.785	5
2026-03-05 07:20	83.790	83.850	83.460	83.460	5
2026-03-05 07:25	83.455	83.715	83.380	83.620	5
2026-03-05 07:30	83.630	84.050	83.605	83.935	5
2026-03-05 07:35	83.940	83.955	83.670	83.685	5
2026-03-05 07:40	83.690	83.865	83.650	83.820	5
2026-03-05 07:45	83.815	83.925	83.710	83.840	5
2026-03-05 07:50	83.845	83.980	83.695	83.840	5
2026-03-05 07:55	83.835	83.870	83.660	83.770	5
2026-03-05 08:00	83.703	84.130	83.500	84.050	5
2026-03-05 08:05	84.055	84.330	83.900	84.140	5
2026-03-05 08:10	84.135	84.200	83.885	83.900	5
2026-03-05 08:15	83.870	84.040	83.765	83.990	5
2026-03-05 08:20	84.000	84.165	83.935	83.995	5
2026-03-05 08:25	83.985	84.230	83.780	84.215	5
2026-03-05 08:30	84.220	84.230	83.440	83.620	5
2026-03-05 08:35	83.625	83.750	83.430	83.710	5
2026-03-05 08:40	83.690	83.725	83.535	83.635	5
2026-03-05 08:45	83.640	83.825	83.630	83.755	5
2026-03-05 08:50	83.750	83.935	83.690	83.820	5
2026-03-05 08:55	83.825	83.940	83.445	83.550	5
2026-03-05 09:00	83.555	83.630	83.035	83.200	5
2026-03-05 09:05	83.210	83.325	82.080	82.230	5
2026-03-05 09:10	82.235	82.465	81.530	82.340	5
2026-03-05 09:15	82.345	82.635	81.958	82.085	5
2026-03-05 09:20	82.055	82.177	81.513	82.047	5
2026-03-05 09:25	82.045	82.460	81.800	82.275	5
2026-03-05 09:30	82.280	82.730	82.105	82.555	5
2026-03-05 09:35	82.560	82.900	82.190	82.810	5
2026-03-05 09:40	82.800	82.915	82.675	82.850	5
2026-03-05 09:45	82.798	83.160	82.720	82.940	5
2026-03-05 09:50	82.950	83.085	82.773	82.995	5
2026-03-05 09:55	83.000	83.050	82.865	82.930	5
2026-03-05 10:00	82.903	83.040	82.608	82.780	5
2026-03-05 10:05	82.785	82.920	82.615	82.725	5
2026-03-05 10:10	82.785	82.860	82.650	82.740	5
2026-03-05 10:15	82.738	83.125	82.738	82.800	5
2026-03-05 10:20	82.805	82.945	82.635	82.650	5
2026-03-05 10:25	82.655	82.750	82.530	82.715	5
2026-03-05 10:30	82.720	82.925	82.590	82.660	5
2026-03-05 10:35	82.655	82.950	82.550	82.935	5
2026-03-05 10:40	82.925	83.055	82.883	82.975	5
2026-03-05 10:45	82.980	83.140	82.903	83.140	5
2026-03-05 10:50	83.150	83.160	82.845	82.950	5
2026-03-05 10:55	82.945	83.120	82.910	83.020	5
2026-03-05 11:00	82.978	83.277	82.898	83.060	5
2026-03-05 11:05	83.050	83.195	83.030	83.085	5
2026-03-05 11:10	83.090	83.180	83.000	83.090	5
2026-03-05 11:15	83.100	83.175	82.850	83.145	5
2026-03-05 11:20	83.155	83.215	83.020	83.050	5
2026-03-05 11:25	83.040	83.180	82.935	83.140	5
2026-03-05 11:30	83.150	83.415	83.100	83.340	5
2026-03-05 11:35	83.345	83.465	83.250	83.365	5
2026-03-05 11:40	83.375	83.465	83.220	83.365	5
2026-03-05 11:45	83.360	83.465	83.270	83.450	5
2026-03-05 11:50	83.455	83.650	83.420	83.590	5
2026-03-05 11:55	83.585	83.700	83.510	83.580	5
2026-03-05 12:00	83.518	83.610	83.465	83.590	5
2026-03-05 12:05	83.605	83.695	83.520	83.610	5
2026-03-05 12:10	83.605	83.695	83.545	83.685	5
2026-03-05 12:15	83.680	83.725	83.500	83.545	5
2026-03-05 12:20	83.550	83.560	83.097	83.410	5
2026-03-05 12:25	83.390	83.580	83.360	83.430	5
2026-03-05 12:30	83.398	83.485	83.218	83.320	5
2026-03-05 12:35	83.330	83.415	83.115	83.210	5
2026-03-05 12:40	83.205	83.450	83.205	83.395	5
2026-03-05 12:45	83.385	83.600	83.348	83.545	5
2026-03-05 12:50	83.550	83.725	83.530	83.680	5
2026-03-05 12:55	83.690	83.720	83.535	83.540	5
2026-03-05 13:00	83.550	83.700	83.455	83.500	5
2026-03-05 13:05	83.495	83.615	83.295	83.320	5
2026-03-05 13:10	83.310	83.330	83.150	83.220	5
2026-03-05 13:15	83.230	83.430	83.083	83.140	5
2026-03-05 13:20	83.130	83.190	82.890	83.035	5
2026-03-05 13:25	83.030	83.255	82.920	83.235	5
2026-03-05 13:30	83.240	83.390	83.165	83.230	5
2026-03-05 13:35	83.220	83.450	83.143	83.310	5
2026-03-05 13:40	83.305	83.350	83.180	83.275	5
2026-03-05 13:45	83.270	83.455	83.123	83.425	5
2026-03-05 13:50	83.430	83.570	83.180	83.545	5
2026-03-05 13:55	83.550	83.750	83.540	83.587	5
2026-03-05 14:00	83.548	83.770	83.318	83.720	5
2026-03-05 14:05	83.725	83.785	83.620	83.700	5
2026-03-05 14:10	83.710	83.990	83.675	83.860	5
2026-03-05 14:15	83.865	84.230	83.760	84.225	5
2026-03-05 14:20	84.230	84.365	84.055	84.105	5
2026-03-05 14:25	84.110	84.110	83.830	83.905	5
2026-03-05 14:30	83.900	83.915	83.660	83.880	5
2026-03-05 14:35	83.890	83.910	83.620	83.900	5
2026-03-05 14:40	83.895	84.065	83.800	84.030	5
2026-03-05 14:45	84.035	84.205	83.995	84.085	5
2026-03-05 14:50	84.080	84.095	83.895	84.030	5
2026-03-05 14:55	84.035	84.075	83.738	83.880	5
2026-03-05 15:00	83.875	83.975	83.690	83.800	5
2026-03-05 15:05	83.805	84.015	83.653	83.930	5
2026-03-05 15:10	83.935	83.955	83.655	83.680	5
2026-03-05 15:15	83.638	84.095	83.593	83.900	5
2026-03-05 15:20	83.910	84.155	83.900	84.140	5
2026-03-05 15:25	84.145	84.375	84.065	84.320	5
2026-03-05 15:30	84.298	84.680	84.298	84.680	5
2026-03-05 15:35	84.675	84.700	84.433	84.500	5
2026-03-05 15:40	84.485	84.695	84.425	84.490	5
2026-03-05 15:45	84.443	84.490	84.270	84.280	5
2026-03-05 15:50	84.285	84.510	84.195	84.490	5
2026-03-05 15:55	84.495	84.505	83.995	84.110	5
2026-03-05 16:00	84.120	84.200	83.790	84.150	5
2026-03-05 16:05	84.145	84.640	84.110	84.570	5
2026-03-05 16:10	84.580	84.725	84.385	84.695	5
2026-03-05 16:15	84.700	84.948	84.658	84.943	5
2026-03-05 16:20	84.938	85.005	84.560	84.680	5
2026-03-05 16:25	84.690	84.840	84.485	84.800	5
2026-03-05 16:30	84.820	84.855	84.340	84.535	5
2026-03-05 16:35	84.510	84.560	84.385	84.490	5
2026-03-05 16:40	84.485	84.610	84.305	84.380	5
2026-03-05 16:45	84.348	84.460	84.177	84.460	5
2026-03-05 16:50	84.450	84.630	84.450	84.595	5
2026-03-05 16:55	84.585	84.635	84.300	84.380	5
2026-03-05 17:00	84.352	84.420	84.230	84.380	5
2026-03-05 17:05	84.390	84.545	84.265	84.540	5
2026-03-05 17:10	84.535	84.620	84.400	84.525	5
2026-03-05 17:15	84.505	84.600	84.305	84.325	5
2026-03-05 17:20	84.330	84.660	84.280	84.660	5
2026-03-05 17:25	84.645	84.665	84.363	84.400	5
2026-03-05 17:30	84.328	84.430	84.030	84.260	5
2026-03-05 17:35	84.265	84.320	83.795	84.130	5
2026-03-05 17:40	84.120	84.350	83.983	84.125	5
2026-03-05 17:45	84.130	84.545	84.120	84.530	5
2026-03-05 17:50	84.520	84.730	84.410	84.675	5
2026-03-05 17:55	84.670	84.805	84.635	84.740	5
2026-03-05 18:00	84.693	84.745	84.280	84.305	5
2026-03-05 18:05	84.258	84.360	84.150	84.180	5
2026-03-05 18:10	84.175	84.485	84.175	84.480	5
2026-03-05 18:15	84.475	85.275	84.475	85.180	5
2026-03-05 18:20	85.200	85.375	85.088	85.250	5
2026-03-05 18:25	85.240	85.685	85.220	85.670	5
2026-03-05 18:30	85.638	85.685	85.315	85.420	5
2026-03-05 18:35	85.415	85.575	85.370	85.460	5
2026-03-05 18:40	85.465	85.585	85.305	85.450	5
2026-03-05 18:45	85.455	85.660	85.380	85.460	5
2026-03-05 18:50	85.455	85.505	85.068	85.200	5
2026-03-05 18:55	85.205	85.320	85.105	85.175	5
2026-03-05 19:00	85.123	85.330	84.998	85.280	5
2026-03-05 19:05	85.295	85.540	85.260	85.500	5
2026-03-05 19:10	85.520	85.825	85.425	85.780	5
2026-03-05 19:15	85.760	85.815	85.360	85.410	5
2026-03-05 19:20	85.405	85.435	85.190	85.415	5
2026-03-05 19:25	85.425	85.575	85.305	85.415	5
2026-03-05 19:30	85.420	85.575	85.040	85.320	5
2026-03-05 19:35	85.330	85.340	85.225	85.310	5
2026-03-05 19:40	85.315	85.500	85.300	85.440	5
2026-03-05 19:45	85.435	85.505	85.420	85.440	5
2026-03-05 19:50	85.435	85.900	85.425	85.820	5
2026-03-05 19:55	85.825	85.930	85.785	85.900	5
2026-03-05 20:00	85.915	86.250	85.003	85.003	5
2026-03-05 20:05	85.028	85.710	84.553	84.900	5
2026-03-05 20:10	84.895	85.070	84.423	84.540	5
2026-03-05 20:15	84.520	85.040	84.445	84.760	5
2026-03-05 20:20	84.750	84.890	84.588	84.680	5
2026-03-05 20:25	84.685	84.685	84.128	84.440	5
2026-03-05 20:30	84.445	84.830	84.325	84.650	5
2026-03-05 20:35	84.655	85.130	84.525	85.110	5
2026-03-05 20:40	85.100	85.135	84.860	84.900	5
2026-03-05 20:45	84.910	85.020	84.740	84.800	5
2026-03-05 20:50	84.790	84.810	84.440	84.490	5
2026-03-05 20:55	84.480	84.570	84.415	84.540	5
2026-03-05 21:00	84.498	84.657	84.427	84.477	5
2026-03-05 21:05	84.482	84.547	83.958	83.958	5
2026-03-05 21:10	83.952	84.097	83.717	83.737	5
2026-03-05 21:15	83.732	84.057	83.722	83.887	5
2026-03-05 21:20	83.897	84.142	83.868	84.027	5
2026-03-05 21:25	84.032	84.297	83.682	83.782	5
2026-03-05 21:30	83.748	84.077	83.742	84.037	5
2026-03-05 21:35	84.027	84.077	83.618	83.947	5
2026-03-05 21:40	83.942	83.992	83.617	83.617	5
2026-03-05 21:45	83.593	83.752	83.503	83.632	5
2026-03-05 21:50	83.627	83.852	83.627	83.737	5
2026-03-05 21:55	83.742	83.987	83.722	83.987	5
2026-03-06 01:00	83.587	83.707	83.150	83.270	5
2026-03-06 01:05	83.280	83.835	83.250	83.815	5
2026-03-06 01:10	83.817	83.817	83.235	83.285	5
2026-03-06 01:15	83.290	83.605	83.223	83.555	5
2026-03-06 01:20	83.565	83.670	83.355	83.405	5
2026-03-06 01:25	83.400	83.715	83.300	83.660	5
2026-03-06 01:30	83.650	83.865	83.545	83.610	5
2026-03-06 01:35	83.590	83.740	83.525	83.715	5
2026-03-06 01:40	83.720	83.830	83.650	83.675	5
2026-03-06 01:45	83.685	84.215	83.685	83.985	5
2026-03-06 01:50	84.000	84.210	84.000	84.110	5
2026-03-06 01:55	84.100	84.455	84.040	84.405	5
2026-03-06 02:00	84.353	84.455	83.995	84.065	5
2026-03-06 02:05	84.070	84.265	84.000	84.210	5
2026-03-06 02:10	84.205	84.205	84.000	84.095	5
2026-03-06 02:15	84.090	84.160	84.010	84.125	5
2026-03-06 02:20	84.145	84.170	84.050	84.145	5
2026-03-06 02:25	84.140	84.225	84.005	84.170	5
2026-03-06 02:30	84.160	84.220	84.060	84.085	5
2026-03-06 02:35	84.090	84.195	83.880	84.050	5
2026-03-06 02:40	84.045	84.200	83.965	84.180	5
2026-03-06 02:45	84.170	84.335	84.140	84.265	5
2026-03-06 02:50	84.260	84.400	84.195	84.350	5
2026-03-06 02:55	84.355	84.400	84.260	84.360	5
2026-03-06 03:00	84.330	84.330	84.180	84.240	5
2026-03-06 03:05	84.260	84.400	84.218	84.370	5
2026-03-06 03:10	84.375	84.450	84.285	84.295	5
2026-03-06 03:15	84.285	84.405	84.160	84.400	5
2026-03-06 03:20	84.385	84.540	84.345	84.480	5
2026-03-06 03:25	84.475	84.650	84.435	84.475	5
2026-03-06 03:30	84.480	84.625	84.390	84.390	5
2026-03-06 03:35	84.400	84.530	84.365	84.505	5
2026-03-06 03:40	84.500	84.520	84.470	84.505	5
2026-03-06 03:45	84.500	84.570	84.410	84.540	5
2026-03-06 03:50	84.535	84.570	84.510	84.555	5
2026-03-06 03:55	84.540	84.560	84.510	84.510	5
2026-03-06 04:00	84.500	84.510	84.325	84.350	5
2026-03-06 04:05	84.360	84.390	84.325	84.370	5
2026-03-06 04:10	84.360	84.440	84.335	84.435	5
2026-03-06 04:15	84.440	84.500	84.390	84.390	5
2026-03-06 04:20	84.395	84.405	84.330	84.360	5
2026-03-06 04:25	84.365	84.395	84.300	84.360	5
2026-03-06 04:30	84.350	84.515	84.300	84.485	5
2026-03-06 04:35	84.455	84.465	84.390	84.410	5
2026-03-06 04:40	84.420	84.480	84.410	84.470	5
2026-03-06 04:45	84.475	84.515	84.405	84.430	5
2026-03-06 04:50	84.440	84.535	84.410	84.510	5
2026-03-06 04:55	84.515	84.605	84.453	84.545	5
2026-03-06 05:00	84.540	84.695	84.525	84.590	5
2026-03-06 05:05	84.570	84.630	84.550	84.605	5
2026-03-06 05:10	84.595	84.605	84.535	84.580	5
2026-03-06 05:15	84.590	84.610	84.475	84.500	5
2026-03-06 05:20	84.480	84.575	84.470	84.530	5
2026-03-06 05:25	84.535	84.570	84.520	84.525	5
2026-03-06 05:30	84.520	84.680	84.327	84.615	5
2026-03-06 05:35	84.605	84.700	84.545	84.620	5
2026-03-06 05:40	84.630	84.725	84.550	84.725	5
2026-03-06 05:45	84.750	84.915	84.505	84.795	5
2026-03-06 05:50	84.785	84.890	84.640	84.770	5
2026-03-06 05:55	84.775	85.075	84.775	84.965	5
2026-03-06 06:00	84.970	85.260	84.885	85.180	5
2026-03-06 06:05	85.185	85.200	84.950	85.085	5
2026-03-06 06:10	85.070	85.110	84.940	85.020	5
2026-03-06 06:15	85.015	85.020	84.800	85.000	5
2026-03-06 06:20	85.010	85.270	84.995	85.260	5
2026-03-06 06:25	85.250	85.350	85.220	85.285	5
2026-03-06 06:30	85.280	85.445	85.190	85.445	5
2026-03-06 06:35	85.460	85.470	85.180	85.250	5
2026-03-06 06:40	85.255	85.320	85.103	85.140	5
2026-03-06 06:45	85.135	85.220	85.015	85.015	5
2026-03-06 06:50	85.010	85.190	84.965	85.190	5
2026-03-06 06:55	85.185	85.470	85.140	85.255	5
2026-03-06 07:00	85.208	85.305	84.990	85.060	5
2026-03-06 07:05	85.055	85.145	85.000	85.130	5
2026-03-06 07:10	85.125	85.165	84.868	85.010	5
2026-03-06 07:15	85.005	85.085	84.793	84.985	5
2026-03-06 07:20	84.970	85.090	84.750	85.050	5
2026-03-06 07:25	85.057	85.190	85.025	85.080	5
2026-03-06 07:30	85.085	85.170	84.955	85.070	5
2026-03-06 07:35	85.060	85.060	84.810	85.015	5
2026-03-06 07:40	85.010	85.270	84.920	85.210	5
2026-03-06 07:45	85.220	85.465	85.190	85.455	5
2026-03-06 07:50	85.460	85.685	85.345	85.370	5
2026-03-06 07:55	85.365	85.670	85.295	85.640	5
2026-03-06 08:00	85.627	85.720	85.380	85.610	5
2026-03-06 08:05	85.615	85.820	85.526	85.795	5
2026-03-06 08:10	85.760	85.990	85.740	85.830	5
2026-03-06 08:15	85.825	85.900	85.735	85.890	5
2026-03-06 08:20	85.850	85.965	85.780	85.880	5
2026-03-06 08:25	85.870	86.060	85.780	85.960	5
2026-03-06 08:30	85.945	86.000	85.330	85.465	5
2026-03-06 08:35	85.470	85.610	85.430	85.590	5
2026-03-06 08:40	85.595	85.710	85.510	85.565	5
2026-03-06 08:45	85.570	85.585	85.330	85.520	5
2026-03-06 08:50	85.525	85.590	85.260	85.285	5
2026-03-06 08:55	85.280	85.460	85.280	85.345	5
2026-03-06 09:00	85.330	85.345	85.080	85.180	5
2026-03-06 09:05	85.175	85.495	85.170	85.430	5
2026-03-06 09:10	85.425	85.530	85.310	85.495	5
2026-03-06 09:15	85.490	86.030	85.410	85.785	5
2026-03-06 09:20	85.790	86.015	85.740	86.010	5
2026-03-06 09:25	86.000	86.330	85.910	86.270	5
2026-03-06 09:30	86.275	86.610	86.135	86.600	5
2026-03-06 09:35	86.590	86.890	86.400	86.890	5
2026-03-06 09:40	86.910	87.020	86.630	86.865	5
2026-03-06 09:45	86.860	87.170	86.775	87.040	5
2026-03-06 09:50	87.070	87.610	87.055	87.320	5
2026-03-06 09:55	87.330	87.620	87.160	87.490	5
2026-03-06 10:00	87.433	87.445	87.065	87.100	5
2026-03-06 10:05	87.110	87.150	86.755	86.857	5
2026-03-06 10:10	86.865	87.135	86.760	86.990	5
2026-03-06 10:15	86.980	87.057	86.835	86.920	5
2026-03-06 10:20	86.930	87.215	86.845	87.030	5
2026-03-06 10:25	87.035	87.380	86.726	86.905	5
2026-03-06 10:30	86.863	87.540	86.830	87.395	5
2026-03-06 10:35	87.390	87.420	87.097	87.340	5
2026-03-06 10:40	87.350	87.375	87.130	87.260	5
2026-03-06 10:45	87.230	87.290	86.990	87.020	5
2026-03-06 10:50	87.025	87.025	86.840	86.885	5
2026-03-06 10:55	86.880	87.050	86.865	87.050	5
2026-03-06 11:00	87.040	87.435	86.970	87.435	5
2026-03-06 11:05	87.440	87.910	87.293	87.580	5
2026-03-06 11:10	87.585	87.835	87.487	87.780	5
2026-03-06 11:15	87.795	87.945	87.600	87.745	5
2026-03-06 11:20	87.750	87.850	87.550	87.730	5
2026-03-06 11:25	87.737	87.955	87.737	87.900	5
2026-03-06 11:30	87.890	88.390	87.840	88.310	5
2026-03-06 11:35	88.320	88.450	88.178	88.200	5
2026-03-06 11:40	88.210	88.955	88.210	88.920	5
2026-03-06 11:45	88.910	89.020	88.480	88.755	5
2026-03-06 11:50	88.760	89.345	88.705	89.330	5
2026-03-06 11:55	89.350	89.450	89.120	89.320	5
2026-03-06 12:00	89.225	89.440	89.050	89.050	5
2026-03-06 12:05	89.060	89.475	88.918	89.390	5
2026-03-06 12:10	89.395	89.450	89.270	89.385	5
2026-03-06 12:15	89.390	89.425	88.865	88.915	5
2026-03-06 12:20	88.920	88.990	88.715	88.965	5
2026-03-06 12:25	88.960	89.130	88.840	89.100	5
2026-03-06 12:30	89.115	89.200	89.030	89.140	5
2026-03-06 12:35	89.135	89.440	89.080	89.200	5
2026-03-06 12:40	89.195	89.410	89.180	89.410	5
2026-03-06 12:45	89.405	89.475	89.295	89.360	5
2026-03-06 12:50	89.365	89.450	89.070	89.355	5
2026-03-06 12:55	89.360	89.475	88.985	88.985	5
2026-03-06 13:00	88.898	88.945	88.400	88.820	5
2026-03-06 13:05	88.810	88.810	87.678	88.040	5
2026-03-06 13:10	88.050	88.460	87.781	88.410	5
2026-03-06 13:15	88.435	88.887	88.340	88.635	5
2026-03-06 13:20	88.630	88.995	88.553	88.790	5
2026-03-06 13:25	88.800	89.387	88.650	89.147	5
2026-03-06 13:30	89.165	89.257	88.795	88.920	5
2026-03-06 13:35	88.930	89.005	88.730	88.950	5
2026-03-06 13:40	88.918	89.465	88.918	89.450	5
2026-03-06 13:45	89.465	89.965	89.423	89.650	5
2026-03-06 13:50	89.645	90.225	89.610	90.165	5
2026-03-06 13:55	90.160	90.225	89.670	89.770	5
2026-03-06 14:00	89.728	90.070	89.608	89.960	5
2026-03-06 14:05	89.940	90.330	89.800	90.270	5
2026-03-06 14:10	90.265	90.425	89.420	89.665	5
2026-03-06 14:15	89.670	90.210	89.638	90.190	5
2026-03-06 14:20	90.195	90.420	90.020	90.390	5
2026-03-06 14:25	90.385	90.805	90.375	90.600	5
2026-03-06 14:30	90.605	91.030	90.238	91.030	5
2026-03-06 14:35	91.040	91.765	90.928	91.180	5
2026-03-06 14:40	91.175	91.560	90.703	90.945	5
2026-03-06 14:45	90.955	91.440	90.760	91.255	5
2026-03-06 14:50	91.270	91.615	91.115	91.275	5
2026-03-06 14:55	91.265	91.850	91.228	91.445	5
2026-03-06 15:00	91.388	91.388	90.313	90.653	5
2026-03-06 15:05	90.658	91.165	90.478	90.970	6
2026-03-06 15:10	90.928	91.100	90.608	90.840	5
2026-03-06 15:15	90.788	91.380	90.778	91.090	5
2026-03-06 15:20	91.085	91.270	90.580	90.990	5
2026-03-06 15:25	90.980	91.475	90.935	91.460	5
2026-03-06 15:30	91.455	91.535	91.160	91.265	5
2026-03-06 15:35	91.270	91.330	90.850	90.870	5
2026-03-06 15:40	90.875	91.435	90.825	91.315	5
2026-03-06 15:45	91.317	91.550	91.201	91.490	5
2026-03-06 15:50	91.505	91.505	91.030	91.150	5
2026-03-06 15:55	91.140	91.300	90.650	90.880	5
2026-03-06 16:00	90.848	91.160	90.828	91.000	5
2026-03-06 16:05	91.010	91.265	90.865	91.125	5
2026-03-06 16:10	91.115	91.190	90.973	91.025	5
2026-03-06 16:15	91.050	91.125	90.745	90.750	5
2026-03-06 16:20	90.745	91.130	90.620	90.855	5
2026-03-06 16:25	90.860	91.245	90.665	90.955	5
2026-03-06 16:30	90.913	91.275	90.913	91.108	5
2026-03-06 16:35	91.155	91.335	90.995	91.315	5
2026-03-06 16:40	91.320	91.430	91.190	91.320	5
2026-03-06 16:45	91.330	91.800	90.970	91.750	5
2026-03-06 16:50	91.760	92.150	91.460	92.105	5
2026-03-06 16:55	92.100	92.545	91.940	92.490	5
2026-03-06 17:00	92.458	92.640	92.150	92.320	5
2026-03-06 17:05	92.340	92.730	92.283	92.475	5
2026-03-06 17:10	92.470	92.695	92.400	92.590	5
2026-03-06 17:15	92.595	92.870	92.310	92.315	5
2026-03-06 17:20	92.320	92.710	92.250	92.670	5
2026-03-06 17:25	92.680	93.655	92.640	93.455	5
2026-03-06 17:30	93.460	93.725	93.318	93.440	5
2026-03-06 17:35	93.450	93.845	93.270	93.640	5
2026-03-06 17:40	93.645	94.492	93.575	94.340	5
2026-03-06 17:45	94.365	94.465	93.725	93.960	5
2026-03-06 17:50	93.950	94.300	93.890	94.090	5
2026-03-06 17:55	94.115	94.230	93.930	94.090	5
2026-03-06 18:00	94.085	94.140	92.885	93.345	5
2026-03-06 18:05	93.350	93.410	92.890	92.910	5
2026-03-06 18:10	92.930	92.950	91.650	92.000	5
2026-03-06 18:15	92.010	92.135	91.655	91.890	5
2026-03-06 18:20	91.895	92.765	91.780	92.585	5
2026-03-06 18:25	92.548	93.260	92.528	92.720	5
2026-03-06 18:30	92.685	92.810	92.190	92.265	5
2026-03-06 18:35	92.260	93.200	92.235	93.185	5
2026-03-06 18:40	93.190	93.370	92.920	93.060	5
2026-03-06 18:45	93.055	93.140	92.795	92.945	5
2026-03-06 18:50	92.950	93.600	92.868	93.590	5
2026-03-06 18:55	93.585	93.695	93.420	93.600	5
2026-03-06 19:00	93.590	93.590	92.845	92.860	5
2026-03-06 19:05	92.850	92.960	92.635	92.820	5
2026-03-06 19:10	92.810	92.860	92.340	92.520	5
2026-03-06 19:15	92.515	92.710	92.375	92.565	5
2026-03-06 19:20	92.570	93.250	92.428	92.765	5
2026-03-06 19:25	92.770	93.115	92.395	92.580	5
2026-03-06 19:30	92.533	92.900	92.230	92.320	5
2026-03-06 19:35	92.325	92.650	92.205	92.600	5
2026-03-06 19:40	92.625	92.767	92.480	92.605	5
2026-03-06 19:45	92.595	92.880	92.575	92.860	5
2026-03-06 19:50	92.870	93.190	92.705	92.845	5
2026-03-06 19:55	92.800	92.950	92.600	92.840	5
2026-03-06 20:00	92.812	92.865	92.590	92.755	5
2026-03-06 20:05	92.785	92.870	92.590	92.785	5
2026-03-06 20:10	92.780	92.800	92.335	92.340	5
2026-03-06 20:15	92.320	92.475	92.300	92.350	5
2026-03-06 20:20	92.365	92.680	92.345	92.620	5
2026-03-06 20:25	92.610	92.750	92.485	92.530	5
2026-03-06 20:30	92.520	92.520	92.155	92.190	5
2026-03-06 20:35	92.185	92.490	92.180	92.420	5
2026-03-06 20:40	92.400	92.500	92.160	92.255	5
2026-03-06 20:45	92.260	92.332	92.165	92.310	5
2026-03-06 20:50	92.320	92.470	92.075	92.110	5
2026-03-06 20:55	92.090	92.305	91.995	92.260	5
2026-03-06 21:00	92.270	92.407	92.147	92.397	5
2026-03-06 21:05	92.392	92.577	92.382	92.487	5
2026-03-06 21:10	92.467	92.657	92.398	92.592	5
2026-03-06 21:15	92.602	92.872	92.562	92.838	5
2026-03-06 21:20	92.837	92.917	92.657	92.717	5
2026-03-06 21:25	92.707	92.847	92.707	92.747	5
2026-03-06 21:30	92.737	92.782	92.592	92.642	5
2026-03-06 21:35	92.657	92.702	92.467	92.662	5
2026-03-06 21:40	92.667	92.917	92.577	92.612	5
2026-03-06 21:45	92.622	92.782	92.512	92.712	5
2026-03-06 21:50	92.722	92.812	92.662	92.757	5
2026-03-06 21:55	92.787	93.032	92.777	93.013	5
2026-03-09 00:00	108.173	108.212	107.387	107.452	5
2026-03-09 00:05	107.457	107.657	106.837	107.227	5
2026-03-09 00:10	107.203	107.497	106.817	107.452	5
2026-03-09 00:15	107.447	108.232	107.442	108.227	5
2026-03-09 00:20	108.217	108.217	107.757	107.837	5
2026-03-09 00:25	107.842	108.742	107.803	108.407	5
2026-03-09 00:30	108.402	108.832	108.287	108.832	5
2026-03-09 00:35	108.812	109.272	108.777	109.077	5
2026-03-09 00:40	109.067	109.452	109.022	109.322	5
2026-03-09 00:45	109.332	109.502	109.182	109.352	5
2026-03-09 00:50	109.367	109.722	109.262	109.267	5
2026-03-09 00:55	109.262	109.382	108.522	108.548	5
2026-03-09 01:00	108.542	108.765	108.137	108.747	5
2026-03-09 01:05	108.767	108.887	108.227	108.377	5
2026-03-09 01:10	108.375	109.277	108.197	109.017	5
2026-03-09 01:15	109.037	109.265	108.747	109.187	5
2026-03-09 01:20	109.197	109.675	108.927	109.427	5
2026-03-09 01:25	109.435	109.885	109.203	109.247	5
2026-03-09 01:30	109.255	109.887	109.240	109.715	5
2026-03-09 01:35	109.707	109.897	109.517	109.627	5
2026-03-09 01:40	109.647	110.955	109.425	110.927	5
2026-03-09 01:45	110.937	112.847	110.927	112.397	5
2026-03-09 01:50	112.455	114.117	112.455	113.027	5
2026-03-09 01:55	113.025	114.907	112.373	114.577	5
2026-03-09 02:00	114.533	114.597	113.027	113.457	5
2026-03-09 02:05	113.467	114.857	113.367	114.267	5
2026-03-09 02:10	114.218	115.807	113.617	115.737	5
2026-03-09 02:15	115.757	118.647	115.757	118.497	5
2026-03-09 02:20	118.468	118.468	116.055	116.197	5
2026-03-09 02:25	116.187	117.107	116.077	116.767	5
2026-03-09 02:30	116.825	119.447	116.767	117.907	5
2026-03-09 02:35	117.853	117.957	116.317	116.487	5
2026-03-09 02:40	116.517	116.757	115.708	116.077	5
2026-03-09 02:45	116.097	116.757	115.967	116.137	5
2026-03-09 02:50	116.097	116.627	115.007	115.097	5
2026-03-09 02:55	115.117	115.527	114.173	115.447	5
2026-03-09 03:00	115.507	115.507	114.067	114.397	5
2026-03-09 03:05	114.343	114.487	113.027	113.237	5
2026-03-09 03:10	113.237	114.457	113.207	113.737	5
2026-03-09 03:15	113.727	115.277	113.727	114.497	5
2026-03-09 03:20	114.507	114.537	113.707	114.195	5
2026-03-09 03:25	114.157	114.885	114.047	114.457	5
2026-03-09 03:30	114.457	114.697	113.995	114.277	5
2026-03-09 03:35	114.228	115.127	114.228	114.817	5
2026-03-09 03:40	114.827	116.087	114.795	115.567	5
2026-03-09 03:45	115.575	116.337	115.398	116.137	5
2026-03-09 03:50	116.117	116.697	115.595	116.337	5
2026-03-09 03:55	116.347	116.647	115.627	116.067	5
2026-03-09 04:00	116.067	116.177	115.387	115.787	5
2026-03-09 04:05	115.787	115.997	115.347	115.997	5
2026-03-09 04:10	115.987	116.170	115.755	116.017	5
2026-03-09 04:15	116.017	116.797	115.653	116.727	5
2026-03-09 04:20	116.737	116.945	116.377	116.377	5
2026-03-09 04:25	116.387	116.497	115.667	115.667	5
2026-03-09 04:30	115.717	116.282	115.577	116.265	5
2026-03-09 04:35	116.227	116.457	116.007	116.307	5
2026-03-09 04:40	116.307	117.465	116.178	117.397	5
2026-03-09 04:45	117.387	117.887	117.317	117.637	5
2026-03-09 04:50	117.588	117.677	116.667	116.937	5
2026-03-09 04:55	116.937	117.007	116.397	116.637	5
2026-03-09 05:00	116.627	116.697	116.068	116.107	5
2026-03-09 05:05	116.105	116.195	114.687	114.997	5
2026-03-09 05:10	114.997	116.017	114.887	115.467	5
2026-03-09 05:15	115.428	115.697	115.118	115.585	5
2026-03-09 05:20	115.577	115.617	112.123	112.418	5
2026-03-09 05:25	112.418	112.957	110.567	110.668	5
2026-03-09 05:30	110.677	111.097	110.145	110.637	5
2026-03-09 05:35	110.637	111.827	110.147	110.917	5
2026-03-09 05:40	110.935	111.705	109.140	109.177	5
2026-03-09 05:45	109.237	109.807	106.997	107.363	7
2026-03-09 05:50	107.387	108.637	106.267	108.297	7
2026-03-09 05:55	108.277	108.637	106.687	106.767	5
2026-03-09 06:00	106.767	107.457	106.227	106.347	5
2026-03-09 06:05	106.367	107.737	105.857	105.907	5
2026-03-09 06:10	105.907	108.387	105.493	108.297	5
2026-03-09 06:15	108.297	109.607	107.655	108.047	5
2026-03-09 06:20	108.057	109.107	107.893	108.267	5
2026-03-09 06:25	108.227	109.147	107.797	108.527	5
2026-03-09 06:30	108.497	109.072	108.283	108.747	5
2026-03-09 06:35	108.767	109.025	107.740	107.977	5
2026-03-09 06:40	107.977	108.465	107.740	108.237	5
2026-03-09 06:45	108.245	110.017	108.197	109.687	5
2026-03-09 06:50	109.677	109.827	108.657	108.817	5
2026-03-09 06:55	108.845	109.037	107.880	108.377	5
2026-03-09 07:00	108.338	108.338	107.508	107.675	5
2026-03-09 07:05	107.670	107.737	106.247	106.747	5
2026-03-09 07:10	106.737	107.347	106.427	107.027	5
2026-03-09 07:15	107.007	107.515	106.638	107.015	5
2026-03-09 07:20	107.010	107.175	106.065	106.805	5
2026-03-09 07:25	106.785	106.785	106.003	106.097	5
2026-03-09 07:30	106.067	106.450	105.355	106.055	5
2026-03-09 07:35	106.045	106.457	105.615	106.397	5
2026-03-09 07:40	106.435	107.485	106.295	107.247	5
2026-03-09 07:45	107.227	108.165	107.187	107.317	5
2026-03-09 07:50	107.307	108.217	107.187	108.217	5
2026-03-09 07:55	108.217	108.587	107.467	107.617	5
2026-03-09 08:00	107.680	107.680	106.268	106.847	5
2026-03-09 08:05	106.838	107.370	106.283	106.537	5
2026-03-09 08:10	106.587	107.377	106.435	107.245	5
2026-03-09 08:15	107.198	107.985	107.198	107.567	5
2026-03-09 08:20	107.585	107.615	106.535	106.545	5
2026-03-09 08:25	106.557	108.977	106.188	108.870	5
2026-03-09 08:30	108.917	108.927	106.695	106.697	5
2026-03-09 08:35	106.697	107.040	106.505	106.827	5
2026-03-09 08:40	106.817	107.570	106.803	107.095	5
2026-03-09 08:45	107.090	107.837	106.597	106.895	5
2026-03-09 08:50	106.897	107.025	106.495	106.510	5
2026-03-09 08:55	106.500	106.827	106.458	106.547	5
2026-03-09 09:00	106.505	106.905	106.448	106.855	5
2026-03-09 09:05	106.845	107.167	106.538	106.770	5
2026-03-09 09:10	106.790	107.450	106.567	106.897	5
2026-03-09 09:15	106.895	106.937	105.295	105.427	5
2026-03-09 09:20	105.437	105.565	104.303	105.110	5
2026-03-09 09:25	105.095	105.547	104.473	105.107	5
2026-03-09 09:30	105.087	105.465	102.527	102.957	5
2026-03-09 09:35	102.937	103.577	101.797	103.063	7
2026-03-09 09:40	103.023	103.300	102.033	102.273	7
2026-03-09 09:45	102.287	103.270	101.103	102.703	7
2026-03-09 09:50	102.708	103.597	102.668	103.305	5
2026-03-09 09:55	103.228	104.095	102.953	103.858	5
2026-03-09 10:00	103.853	104.460	103.598	104.197	5
2026-03-09 10:05	104.158	104.695	103.948	104.305	5
2026-03-09 10:10	104.330	104.657	104.065	104.560	5
2026-03-09 10:15	104.570	104.900	104.370	104.820	5
2026-03-09 10:20	104.825	104.890	104.330	104.605	5
2026-03-09 10:25	104.595	104.825	104.263	104.787	5
2026-03-09 10:30	104.795	105.110	104.567	104.820	5
2026-03-09 10:35	104.815	106.017	104.143	105.267	5
2026-03-09 10:40	105.307	105.407	104.860	105.137	5
2026-03-09 10:45	105.147	106.365	104.538	105.977	5
2026-03-09 10:50	105.975	106.537	105.705	105.835	5
2026-03-09 10:55	105.817	106.030	105.105	105.205	5
2026-03-09 11:00	105.183	105.200	104.428	104.655	5
2026-03-09 11:05	104.637	104.765	104.297	104.525	5
2026-03-09 11:10	104.505	104.775	104.245	104.535	5
2026-03-09 11:15	104.515	105.057	104.393	104.895	5
2026-03-09 11:20	104.885	105.535	104.850	105.330	5
2026-03-09 11:25	105.285	105.515	104.910	105.035	5
2026-03-09 11:30	105.017	105.352	104.690	104.730	5
2026-03-09 11:35	104.710	104.730	103.805	104.385	5
2026-03-09 11:40	104.380	104.625	104.177	104.455	5
2026-03-09 11:45	104.465	104.595	104.100	104.317	5
2026-03-09 11:50	104.325	104.455	103.307	103.810	5
2026-03-09 11:55	103.787	104.320	103.728	103.805	5
2026-03-09 12:00	103.795	103.865	102.575	102.605	5
2026-03-09 12:05	102.607	103.180	102.463	103.095	5
2026-03-09 12:10	103.075	103.305	102.825	102.917	5
2026-03-09 12:15	102.917	103.517	102.765	103.265	5
2026-03-09 12:20	103.255	103.275	102.425	102.445	5
2026-03-09 12:25	102.435	102.857	102.165	102.845	5
2026-03-09 12:30	102.840	103.007	102.307	102.320	5
2026-03-09 12:35	102.317	103.430	102.305	103.315	5
2026-03-09 12:40	103.297	104.305	103.297	104.180	5
2026-03-09 12:45	104.185	104.895	104.035	104.895	5
2026-03-09 12:50	104.880	105.025	103.843	104.320	5
2026-03-09 12:55	104.307	104.330	103.675	103.697	5
2026-03-09 13:00	103.638	103.727	102.785	102.845	5
2026-03-09 13:05	102.827	103.150	102.500	102.857	5
2026-03-09 13:10	102.867	103.020	101.695	102.037	5
2026-03-09 13:15	102.035	102.455	101.427	102.157	5
2026-03-09 13:20	102.150	102.512	101.827	101.945	5
2026-03-09 13:25	101.937	102.510	101.887	102.257	5
2026-03-09 13:30	102.183	102.183	99.990	100.307	5
2026-03-09 13:35	100.315	101.747	100.048	101.665	5
2026-03-09 13:40	101.657	102.170	101.607	101.960	5
2026-03-09 13:45	101.955	102.410	101.373	101.615	5
2026-03-09 13:50	101.625	103.275	101.540	102.655	5
2026-03-09 13:55	102.637	102.897	101.217	101.590	5
2026-03-09 14:00	101.597	101.965	101.287	101.555	5
2026-03-09 14:05	101.570	105.598	101.353	104.287	10
2026-03-09 14:10	104.327	105.427	103.843	103.987	5
2026-03-09 14:15	103.967	104.277	103.128	103.397	5
2026-03-09 14:20	103.407	103.465	102.143	102.707	5
2026-03-09 14:25	102.717	103.665	102.527	103.185	5
2026-03-09 14:30	103.187	103.207	102.258	103.167	5
2026-03-09 14:35	103.167	103.395	102.407	102.640	5
2026-03-09 14:40	102.635	103.037	102.125	102.125	5
2026-03-09 14:45	102.048	102.815	101.668	102.597	5
2026-03-09 14:50	102.605	102.707	102.117	102.317	5
2026-03-09 14:55	102.307	103.338	102.125	102.545	5
2026-03-09 15:00	102.555	102.685	101.483	101.627	5
2026-03-09 15:05	101.613	101.725	100.507	100.735	5
2026-03-09 15:10	100.730	100.797	99.878	100.680	5
2026-03-09 15:15	100.623	100.745	99.997	100.035	5
2026-03-09 15:20	100.040	100.040	98.003	98.977	5
2026-03-09 15:25	98.967	99.190	98.203	98.305	5
2026-03-09 15:30	98.317	98.875	97.597	98.535	5
2026-03-09 15:35	98.555	98.945	98.228	98.667	5
2026-03-09 15:40	98.675	99.360	98.358	99.245	5
2026-03-09 15:45	99.237	99.380	98.565	98.647	5
2026-03-09 15:50	98.627	98.885	97.990	98.075	5
2026-03-09 15:55	98.018	98.440	98.018	98.205	5
2026-03-09 16:00	98.163	99.685	98.123	99.657	5
2026-03-09 16:05	99.640	99.955	99.277	99.467	5
2026-03-09 16:10	99.475	99.837	99.048	99.790	5
2026-03-09 16:15	99.815	99.925	99.378	99.560	5
2026-03-09 16:20	99.565	100.470	99.495	99.765	5
2026-03-09 16:25	99.757	100.195	98.963	100.143	5
2026-03-09 16:30	100.153	100.505	99.697	99.767	5
2026-03-09 16:35	99.777	100.245	99.520	100.147	5
2026-03-09 16:40	100.155	100.290	99.117	99.205	5
2026-03-09 16:45	99.215	99.215	98.318	98.787	5
2026-03-09 16:50	98.795	99.245	98.605	99.130	5
2026-03-09 16:55	99.115	99.780	99.040	99.550	5
2026-03-09 17:00	99.488	99.925	99.250	99.705	5
2026-03-09 17:05	99.695	100.055	99.357	99.820	5
2026-03-09 17:10	99.825	100.085	99.580	99.945	5
2026-03-09 17:15	99.930	100.230	99.715	100.180	5
2026-03-09 17:20	100.160	100.185	99.217	99.217	5
2026-03-09 17:25	99.207	99.400	98.808	99.065	5
2026-03-09 17:30	99.075	99.150	98.530	98.700	5
2026-03-09 17:35	98.685	98.917	98.560	98.805	5
2026-03-09 17:40	98.795	99.500	98.717	99.327	5
2026-03-09 17:45	99.287	99.607	99.287	99.470	5
2026-03-09 17:50	99.490	99.760	99.320	99.470	5
2026-03-09 17:55	99.460	99.600	99.185	99.330	5
2026-03-09 18:00	99.305	99.395	97.788	97.900	5
2026-03-09 18:05	97.867	97.895	96.637	97.277	5
2026-03-09 18:10	97.265	97.385	96.028	96.287	5
2026-03-09 18:15	96.295	97.345	96.295	97.175	5
2026-03-09 18:20	97.165	98.485	96.808	98.365	5
2026-03-09 18:25	98.360	99.090	98.256	98.945	5
2026-03-09 18:30	98.967	99.085	98.237	98.475	5
2026-03-09 18:35	98.437	98.927	98.245	98.917	5
2026-03-09 18:40	98.897	99.200	98.763	99.125	5
2026-03-09 18:45	99.130	99.285	98.888	99.135	5
2026-03-09 18:50	99.145	99.150	98.773	98.985	5
2026-03-09 18:55	99.007	99.320	98.890	99.290	5
2026-03-09 19:00	99.285	99.455	99.235	99.405	5
2026-03-09 19:05	99.400	99.495	99.155	99.257	5
2026-03-09 19:10	99.265	99.435	98.775	99.137	5
2026-03-09 19:15	99.145	99.380	96.193	96.238	5
2026-03-09 19:20	97.153	97.253	93.253	93.857	9
2026-03-09 19:25	93.887	95.077	91.167	91.717	7
2026-03-09 19:30	91.737	93.177	87.903	88.657	7
2026-03-09 19:35	88.657	89.207	83.833	84.577	11
2026-03-09 19:40	84.553	91.247	84.553	90.127	9
2026-03-09 19:45	90.147	90.867	88.833	89.897	5
2026-03-09 19:50	89.863	89.947	87.917	88.807	5
2026-03-09 19:55	88.807	90.175	88.763	89.615	5
2026-03-09 20:00	89.657	92.237	89.657	92.027	5
2026-03-09 20:05	92.047	92.127	90.897	91.187	5
2026-03-09 20:10	91.178	91.457	90.517	91.017	5
2026-03-09 20:15	91.007	92.827	90.697	92.507	5
2026-03-09 20:20	92.507	92.547	91.107	91.277	5
2026-03-09 20:25	91.257	91.257	88.288	89.057	5
2026-03-09 20:30	89.053	89.445	87.073	87.653	5
2026-03-09 20:35	87.637	88.277	86.927	87.947	5
2026-03-09 20:40	87.908	88.007	86.868	86.965	5
2026-03-09 20:45	86.903	88.287	86.427	87.675	5
2026-03-09 20:50	87.667	88.517	87.657	88.257	5
2026-03-09 20:55	88.267	88.777	87.943	88.645	5
2026-03-10 00:00	93.008	93.083	90.687	91.292	5
2026-03-10 00:05	91.282	91.837	91.167	91.697	5
2026-03-10 00:10	91.790	92.677	91.687	92.542	5
2026-03-10 00:15	92.517	92.552	91.987	92.217	5
2026-03-10 00:20	92.222	92.997	91.412	91.412	5
2026-03-10 00:25	91.452	91.927	91.397	91.882	5
2026-03-10 00:30	91.907	91.932	90.617	90.622	5
2026-03-10 00:35	90.627	91.142	90.082	90.252	5
2026-03-10 00:40	90.228	90.362	89.027	89.352	5
2026-03-10 00:45	89.357	89.502	89.112	89.242	5
2026-03-10 00:50	89.237	89.942	89.197	89.712	5
2026-03-10 00:55	89.702	90.477	89.582	90.422	5
2026-03-10 01:00	90.398	90.527	89.490	90.187	5
2026-03-10 01:05	90.197	90.307	88.817	88.905	5
2026-03-10 01:10	88.877	89.167	88.407	88.567	5
2026-03-10 01:15	88.508	89.137	88.045	89.007	5
2026-03-10 01:20	89.035	89.965	88.997	89.845	5
2026-03-10 01:25	89.847	89.945	89.525	89.857	5
2026-03-10 01:30	89.865	89.875	89.175	89.347	5
2026-03-10 01:35	89.397	89.485	88.605	88.645	5
2026-03-10 01:40	88.637	89.365	88.565	89.097	5
2026-03-10 01:45	89.115	89.470	88.815	88.975	5
2026-03-10 01:50	88.945	89.107	88.397	88.677	5
2026-03-10 01:55	88.685	88.835	88.157	88.585	5
2026-03-10 02:00	88.597	89.107	88.548	88.987	5
2026-03-10 02:05	88.987	89.007	88.445	88.447	5
2026-03-10 02:10	88.467	88.720	88.248	88.537	5
2026-03-10 02:15	88.567	88.850	88.465	88.577	5
2026-03-10 02:20	88.587	88.765	88.517	88.675	5
2026-03-10 02:25	88.715	88.947	88.500	88.755	5
2026-03-10 02:30	88.717	89.405	88.677	89.297	5
2026-03-10 02:35	89.285	89.535	89.200	89.475	5
2026-03-10 02:40	89.485	89.975	89.417	89.950	5
2026-03-10 02:45	89.955	90.927	89.925	90.667	5
2026-03-10 02:50	90.687	91.465	90.687	91.337	5
2026-03-10 02:55	91.335	92.387	91.270	92.287	5
2026-03-10 03:00	92.257	93.057	92.058	92.585	5
2026-03-10 03:05	92.557	93.020	92.175	92.855	5
2026-03-10 03:10	92.857	92.887	92.147	92.437	5
2026-03-10 03:15	92.427	92.837	92.247	92.435	5
2026-03-10 03:20	92.410	92.805	92.055	92.777	5
2026-03-10 03:25	92.767	93.837	92.715	93.527	5
2026-03-10 03:30	93.545	93.827	93.187	93.747	5
2026-03-10 03:35	93.737	94.075	93.508	93.977	5
2026-03-10 03:40	93.957	94.855	93.627	94.835	5
2026-03-10 03:45	94.837	94.955	94.427	94.557	5
2026-03-10 03:50	94.575	94.970	94.297	94.345	5
2026-03-10 03:55	94.298	94.717	93.935	93.955	5
2026-03-10 04:00	93.937	94.415	93.747	94.357	5
2026-03-10 04:05	94.377	94.855	94.155	94.557	5
2026-03-10 04:10	94.507	94.877	94.407	94.535	5
2026-03-10 04:15	94.567	94.575	93.817	93.867	5
2026-03-10 04:20	93.867	94.365	93.827	94.287	5
2026-03-10 04:25	94.277	94.515	94.065	94.407	5
2026-03-10 04:30	94.415	94.565	93.995	94.115	5
2026-03-10 04:35	94.105	94.367	94.037	94.147	5
2026-03-10 04:40	94.157	94.195	93.977	94.085	5
2026-03-10 04:45	94.057	94.157	93.687	94.155	5
2026-03-10 04:50	94.157	94.827	94.155	94.767	5
2026-03-10 04:55	94.797	94.830	94.427	94.607	5
2026-03-10 05:00	94.597	94.597	93.077	93.117	5
2026-03-10 05:05	93.127	93.457	92.997	93.037	5
2026-03-10 05:10	93.017	93.027	92.507	92.915	5
2026-03-10 05:15	92.887	93.135	92.675	93.035	5
2026-03-10 05:20	93.045	93.600	92.687	93.535	5
2026-03-10 05:25	93.545	93.647	93.205	93.345	5
2026-03-10 05:30	93.357	93.397	92.307	92.317	5
2026-03-10 05:35	92.327	93.045	92.267	92.815	5
2026-03-10 05:40	92.777	93.035	92.397	92.707	5
2026-03-10 05:45	92.707	92.965	91.807	92.317	5
2026-03-10 05:50	92.315	92.915	92.187	92.897	5
2026-03-10 05:55	92.895	93.430	92.728	93.425	5
2026-03-10 06:00	93.405	93.460	92.853	92.905	5
2026-03-10 06:05	92.917	92.925	92.405	92.577	5
2026-03-10 06:10	92.570	92.737	92.150	92.357	5
2026-03-10 06:15	92.347	93.065	92.165	92.997	5
2026-03-10 06:20	92.997	93.400	92.927	93.115	5
2026-03-10 06:25	93.120	93.755	92.900	93.397	5
2026-03-10 06:30	93.412	93.815	93.238	93.355	5
2026-03-10 06:35	93.345	93.925	93.315	93.875	5
2026-03-10 06:40	93.897	94.037	93.497	93.905	5
2026-03-10 06:45	93.900	93.955	93.247	93.655	5
2026-03-10 06:50	93.660	93.915	93.545	93.615	5
2026-03-10 06:55	93.605	93.737	93.445	93.715	5
2026-03-10 07:00	93.695	93.950	92.880	93.015	5
2026-03-10 07:05	93.007	93.025	92.185	92.185	5
2026-03-10 07:10	92.190	92.745	91.927	92.657	5
2026-03-10 07:15	92.618	92.765	92.055	92.145	5
2026-03-10 07:20	92.140	92.157	90.755	91.075	5
2026-03-10 07:25	91.057	91.190	90.313	90.407	5
2026-03-10 07:30	90.405	91.537	90.327	91.347	5
2026-03-10 07:35	91.347	91.687	91.090	91.135	5
2026-03-10 07:40	91.167	91.247	90.575	90.807	5
2026-03-10 07:45	90.807	90.907	90.175	90.400	5
2026-03-10 07:50	90.385	90.775	89.990	90.097	5
2026-03-10 07:55	90.097	90.667	89.605	89.765	5
2026-03-10 08:00	89.747	90.495	89.388	90.307	5
2026-03-10 08:05	90.295	90.855	90.207	90.755	5
2026-03-10 08:10	90.740	91.217	90.740	91.177	5
2026-03-10 08:15	91.157	91.475	90.915	91.307	5
2026-03-10 08:20	91.317	91.520	90.645	90.825	5
2026-03-10 08:25	90.827	91.330	90.735	91.315	5
2026-03-10 08:30	91.307	91.820	90.728	91.707	5
2026-03-10 08:35	91.705	92.205	91.283	92.135	5
2026-03-10 08:40	92.095	92.215	91.417	91.935	5
2026-03-10 08:45	91.925	91.970	91.437	91.780	5
2026-03-10 08:50	91.775	92.747	91.745	92.475	5
2026-03-10 08:55	92.470	92.945	92.315	92.867	5
2026-03-10 09:00	92.862	92.995	91.847	92.013	5
2026-03-10 09:05	92.007	92.080	91.580	91.690	5
2026-03-10 09:10	91.700	91.710	90.998	91.047	5
2026-03-10 09:15	91.055	91.147	90.515	90.617	5
2026-03-10 09:20	90.625	91.317	90.518	91.120	5
2026-03-10 09:25	91.107	91.507	90.995	91.035	5
2026-03-10 09:30	91.070	91.130	90.610	91.055	5
2026-03-10 09:35	91.060	91.070	89.790	89.965	5
2026-03-10 09:40	89.960	90.055	89.233	89.885	5
2026-03-10 09:45	89.935	90.375	89.705	89.885	5
2026-03-10 09:50	89.855	90.060	89.447	89.885	5
2026-03-10 09:55	89.875	90.740	89.865	90.607	5
2026-03-10 10:00	90.597	91.270	90.455	91.067	5
2026-03-10 10:05	91.070	91.930	91.018	91.725	5
2026-03-10 10:10	91.727	92.245	91.653	92.155	5
2026-03-10 10:15	92.150	92.637	92.017	92.220	5
2026-03-10 10:20	92.215	92.220	91.333	91.525	5
2026-03-10 10:25	91.535	91.625	91.270	91.370	5
2026-03-10 10:30	91.390	92.505	91.275	92.465	5
2026-03-10 10:35	92.470	93.270	92.347	92.867	5
2026-03-10 10:40	92.857	92.975	91.957	91.970	5
2026-03-10 10:45	91.987	92.467	91.756	91.975	5
2026-03-10 10:50	91.977	92.165	91.487	91.720	5
2026-03-10 10:55	91.715	91.985	91.715	91.875	5
2026-03-10 11:00	91.763	92.177	89.778	89.933	5
2026-03-10 11:05	89.918	91.267	89.623	90.777	5
2026-03-10 11:10	90.777	91.437	90.393	91.317	5
2026-03-10 11:15	91.307	91.580	90.967	91.340	5
2026-03-10 11:20	91.335	91.435	90.747	90.895	5
2026-03-10 11:25	90.890	91.380	90.707	91.160	5
2026-03-10 11:30	91.175	91.487	91.095	91.270	5
2026-03-10 11:35	91.247	91.350	90.945	91.350	5
2026-03-10 11:40	91.335	91.565	90.840	91.365	5
2026-03-10 11:45	91.340	91.760	91.298	91.587	5
2026-03-10 11:50	91.580	92.135	91.395	92.115	5
2026-03-10 11:55	92.120	92.945	92.118	92.210	5
2026-03-10 12:00	92.192	92.540	91.900	92.520	5
2026-03-10 12:05	92.525	93.710	92.495	93.685	5
2026-03-10 12:10	93.677	94.045	93.000	93.087	5
2026-03-10 12:15	93.087	93.485	92.890	93.415	5
2026-03-10 12:20	93.400	93.687	92.740	93.250	5
2026-03-10 12:25	93.285	93.740	93.253	93.707	5
2026-03-10 12:30	93.683	93.870	93.093	93.407	5
2026-03-10 12:35	93.415	93.495	93.035	93.355	5
2026-03-10 12:40	93.360	93.425	92.935	93.050	5
2026-03-10 12:45	93.055	93.065	91.623	92.075	5
2026-03-10 12:50	92.077	92.240	91.577	92.200	5
2026-03-10 12:55	92.227	92.515	92.015	92.497	5
2026-03-10 13:00	92.505	92.625	91.835	92.410	5
2026-03-10 13:05	92.385	92.432	91.595	91.817	5
2026-03-10 13:10	91.845	91.977	91.468	91.653	5
2026-03-10 13:15	91.648	92.428	91.473	92.195	8
2026-03-10 13:20	92.205	92.500	91.697	91.755	5
2026-03-10 13:25	91.770	92.280	91.650	91.855	5
2026-03-10 13:30	91.850	92.308	90.905	91.835	5
2026-03-10 13:35	91.830	92.245	91.075	91.300	5
2026-03-10 13:40	91.290	91.705	90.830	91.317	5
2026-03-10 13:45	91.273	91.645	90.915	91.320	5
2026-03-10 13:50	91.310	91.895	91.253	91.355	5
2026-03-10 13:55	91.345	91.345	90.900	91.215	5
2026-03-10 14:00	91.210	91.965	90.963	91.555	5
2026-03-10 14:05	91.560	92.015	91.310	91.870	5
2026-03-10 14:10	91.848	92.030	91.235	91.450	5
2026-03-10 14:15	91.488	91.590	90.293	90.657	5
2026-03-10 14:20	90.647	91.105	90.323	90.905	5
2026-03-10 14:25	90.910	90.925	90.065	90.135	5
2026-03-10 14:30	90.127	90.170	89.027	89.347	5
2026-03-10 14:35	89.385	89.675	89.025	89.027	5
2026-03-10 14:40	89.017	89.155	87.315	88.005	5
2026-03-10 14:45	88.000	88.960	87.857	88.605	5
2026-03-10 14:50	88.595	88.715	88.067	88.225	5
2026-03-10 14:55	88.197	88.907	88.137	88.665	5
2026-03-10 15:00	88.558	88.930	88.040	88.500	5
2026-03-10 15:05	88.467	88.685	88.095	88.200	5
2026-03-10 15:10	88.187	88.777	88.187	88.495	5
2026-03-10 15:15	88.490	88.707	87.078	87.365	5
2026-03-10 15:20	87.345	87.640	87.040	87.615	5
2026-03-10 15:25	87.600	87.745	87.290	87.500	5
2026-03-10 15:30	87.495	88.460	87.495	88.335	5
2026-03-10 15:35	88.325	88.345	87.435	87.585	5
2026-03-10 15:40	87.590	88.185	87.390	88.125	5
2026-03-10 15:45	88.120	89.115	88.120	88.840	5
2026-03-10 15:50	88.825	88.825	88.385	88.470	5
2026-03-10 15:55	88.475	88.845	88.380	88.425	5
2026-03-10 16:00	88.378	89.090	88.378	88.995	5
2026-03-10 16:05	88.990	89.795	88.940	89.587	5
2026-03-10 16:10	89.595	89.710	89.000	89.435	5
2026-03-10 16:15	89.430	89.615	89.155	89.450	5
2026-03-10 16:20	89.435	89.545	89.140	89.175	5
2026-03-10 16:25	89.195	89.295	88.615	88.655	5
2026-03-10 16:30	88.647	88.840	87.817	87.977	5
2026-03-10 16:35	87.985	88.115	87.608	87.960	5
2026-03-10 16:40	87.955	88.190	87.460	87.765	5
2026-03-10 16:45	87.760	88.675	87.718	88.390	5
2026-03-10 16:50	88.365	88.390	86.437	86.825	5
2026-03-10 16:55	86.815	86.840	86.155	86.330	5
2026-03-10 17:00	86.305	86.595	84.557	84.767	5
2026-03-10 17:05	84.760	84.820	83.677	84.537	5
2026-03-10 17:10	84.547	85.657	84.310	85.045	5
2026-03-10 17:15	85.037	85.187	82.217	82.365	5
2026-03-10 17:20	82.313	83.077	81.167	82.187	5
2026-03-10 17:25	82.187	83.830	82.091	83.547	5
2026-03-10 17:30	83.545	85.270	83.495	85.270	5
2026-03-10 17:35	85.297	86.665	85.077	85.627	5
2026-03-10 17:40	85.647	86.075	85.113	85.815	5
2026-03-10 17:45	85.773	86.120	85.205	85.657	5
2026-03-10 17:50	85.677	85.705	84.525	84.817	5
2026-03-10 17:55	84.797	85.055	84.447	84.525	5
2026-03-10 18:00	84.505	85.042	83.990	84.237	5
2026-03-10 18:05	84.247	85.655	84.208	85.527	5
2026-03-10 18:10	85.507	88.657	85.363	88.477	5
2026-03-10 18:15	88.467	91.837	87.913	91.795	5
2026-03-10 18:20	91.807	91.857	89.387	89.917	5
2026-03-10 18:25	89.848	90.740	87.227	88.065	5
2026-03-10 18:30	88.077	88.467	87.257	87.717	5
2026-03-10 18:35	87.737	89.270	87.717	88.437	5
2026-03-10 18:40	88.455	89.085	88.227	88.877	5
2026-03-10 18:45	88.897	89.357	88.487	88.775	5
2026-03-10 18:50	88.765	89.047	88.113	88.955	5
2026-03-10 18:55	88.937	89.145	88.517	88.547	5
2026-03-10 19:00	88.545	88.960	88.430	88.555	5
2026-03-10 19:05	88.567	89.065	88.530	88.895	5
2026-03-10 19:10	88.885	89.435	88.855	89.117	5
2026-03-10 19:15	89.095	89.817	89.095	89.677	5
2026-03-10 19:20	89.687	90.787	89.567	90.387	5
2026-03-10 19:25	90.345	91.225	90.315	91.117	5
2026-03-10 19:30	91.107	91.215	90.587	90.907	5
2026-03-10 19:35	90.935	91.085	90.567	90.870	5
2026-03-10 19:40	90.865	91.267	89.408	90.677	5
2026-03-10 19:45	90.677	91.395	90.657	91.257	5
2026-03-10 19:50	91.267	91.515	90.990	91.405	5
2026-03-10 19:55	91.333	91.363	90.898	91.107	5
2026-03-10 20:00	91.087	91.157	90.377	91.057	5
2026-03-10 20:05	91.047	91.217	90.897	91.097	5
2026-03-10 20:10	91.117	91.177	90.490	90.687	5
2026-03-10 20:15	90.677	90.985	90.543	90.665	5
2026-03-10 20:20	90.707	90.815	90.187	90.537	5
2026-03-10 20:25	90.535	91.167	90.535	90.828	5
2026-03-10 20:30	90.823	90.927	90.687	90.827	5
2026-03-10 20:35	90.847	91.395	90.827	91.355	5
2026-03-10 20:40	91.377	91.402	90.887	91.067	5
2026-03-10 20:45	91.047	91.195	90.945	91.127	5
2026-03-10 20:50	91.117	91.140	90.817	90.865	5
2026-03-10 20:55	90.845	90.947	90.637	90.897	5
2026-03-11 00:00	90.708	90.708	90.192	90.237	5
2026-03-11 00:05	90.232	90.392	89.053	89.558	5
2026-03-11 00:10	89.572	89.992	88.467	88.508	5
2026-03-11 00:15	88.507	88.542	86.697	87.357	5
2026-03-11 00:20	87.347	87.987	86.998	87.302	5
2026-03-11 00:25	87.287	87.872	86.673	87.657	5
2026-03-11 00:30	87.662	88.042	87.282	87.707	5
2026-03-11 00:35	87.717	88.177	87.477	88.057	5
2026-03-11 00:40	88.047	88.047	87.267	87.452	5
2026-03-11 00:45	87.457	87.807	87.087	87.657	5
2026-03-11 00:50	87.637	87.742	87.252	87.497	5
2026-03-11 00:55	87.518	87.562	87.068	87.232	5
2026-03-11 01:00	87.188	88.565	86.698	88.395	5
2026-03-11 01:05	88.397	88.900	88.185	88.827	5
2026-03-11 01:10	88.817	89.017	88.555	88.655	5
2026-03-11 01:15	88.675	88.685	87.727	87.747	5
2026-03-11 01:20	87.727	88.185	87.568	87.875	5
2026-03-11 01:25	87.877	88.105	87.557	87.865	5
2026-03-11 01:30	87.857	88.325	87.703	87.895	5
2026-03-11 01:35	87.897	88.067	87.667	87.967	5
2026-03-11 01:40	87.965	87.965	87.537	87.665	5
2026-03-11 01:45	87.667	88.095	87.667	87.765	5
2026-03-11 01:50	87.757	87.855	87.435	87.845	5
2026-03-11 01:55	87.815	88.155	87.565	87.575	5
2026-03-11 02:00	87.570	88.325	87.467	88.250	5
2026-03-11 02:05	88.245	88.305	87.955	87.957	5
2026-03-11 02:10	87.965	88.315	87.747	88.017	5
2026-03-11 02:15	88.007	88.085	87.717	87.827	5
2026-03-11 02:20	87.835	88.315	87.825	88.305	5
2026-03-11 02:25	88.300	88.417	88.197	88.325	5
2026-03-11 02:30	88.315	88.615	88.315	88.565	5
2026-03-11 02:35	88.555	89.110	88.357	89.055	5
2026-03-11 02:40	89.047	89.077	88.497	88.545	5
2026-03-11 02:45	88.585	88.925	88.585	88.665	5
2026-03-11 02:50	88.667	88.765	88.277	88.467	5
2026-03-11 02:55	88.467	88.655	88.155	88.327	5
2026-03-11 03:00	88.325	88.495	88.120	88.425	5
2026-03-11 03:05	88.415	88.520	88.195	88.440	5
2026-03-11 03:10	88.425	88.435	88.217	88.225	5
2026-03-11 03:15	88.230	88.250	87.805	87.905	5
2026-03-11 03:20	87.907	88.040	87.625	87.725	5
2026-03-11 03:25	87.715	87.970	87.715	87.785	5
2026-03-11 03:30	87.795	87.855	87.520	87.625	5
2026-03-11 03:35	87.617	87.695	87.435	87.460	5
2026-03-11 03:40	87.455	87.585	87.255	87.385	5
2026-03-11 03:45	87.365	87.385	87.125	87.155	5
2026-03-11 03:50	87.145	87.180	86.880	86.945	5
2026-03-11 03:55	86.955	86.960	86.515	86.725	5
2026-03-11 04:00	86.717	87.170	86.617	87.055	5
2026-03-11 04:05	87.047	87.285	87.017	87.260	5
2026-03-11 04:10	87.275	87.470	87.153	87.340	5
2026-03-11 04:15	87.355	87.375	86.965	87.045	5
2026-03-11 04:20	87.040	87.045	86.697	86.767	5
2026-03-11 04:25	86.775	86.905	86.655	86.690	5
2026-03-11 04:30	86.695	86.725	86.223	86.665	5
2026-03-11 04:35	86.650	86.835	86.545	86.755	5
2026-03-11 04:40	86.765	86.865	86.595	86.745	5
2026-03-11 04:45	86.715	86.970	86.655	86.915	5
2026-03-11 04:50	86.910	86.975	86.740	86.755	5
2026-03-11 04:55	86.760	86.975	86.760	86.880	5
2026-03-11 05:00	86.865	86.960	86.765	86.830	5
2026-03-11 05:05	86.825	87.225	86.825	87.115	5
2026-03-11 05:10	87.107	87.415	87.008	87.315	5
2026-03-11 05:15	87.295	87.400	87.017	87.225	5
2026-03-11 05:20	87.227	87.285	86.877	86.995	5
2026-03-11 05:25	86.997	87.055	86.847	86.995	5
2026-03-11 05:30	86.987	87.430	86.805	87.387	5
2026-03-11 05:35	87.405	87.790	87.375	87.675	5
2026-03-11 05:40	87.680	87.960	87.535	87.910	5
2026-03-11 05:45	87.917	88.045	87.577	87.605	5
2026-03-11 05:50	87.610	88.105	87.610	87.757	5
2026-03-11 05:55	87.775	87.865	87.615	87.765	5
2026-03-11 06:00	87.745	87.975	87.728	87.955	5
2026-03-11 06:05	87.965	88.255	87.933	88.005	5
2026-03-11 06:10	88.040	88.270	87.855	88.045	5
2026-03-11 06:15	88.035	88.205	87.960	88.065	5
2026-03-11 06:20	88.075	88.090	87.705	87.790	5
2026-03-11 06:25	87.785	87.875	87.563	87.770	5
2026-03-11 06:30	87.775	87.775	87.395	87.430	5
2026-03-11 06:35	87.435	87.570	86.895	87.135	5
2026-03-11 06:40	87.125	87.635	87.075	87.420	5
2026-03-11 06:45	87.415	87.750	87.395	87.660	5
2026-03-11 06:50	87.655	87.845	87.555	87.745	5
2026-03-11 06:55	87.740	87.750	87.350	87.350	5
2026-03-11 07:00	87.313	87.785	87.120	87.640	5
2026-03-11 07:05	87.625	87.955	87.495	87.725	5
2026-03-11 07:10	87.710	87.845	87.555	87.680	5
2026-03-11 07:15	87.670	87.735	87.375	87.400	5
2026-03-11 07:20	87.420	88.170	87.308	88.115	5
2026-03-11 07:25	88.110	88.627	88.090	88.395	5
2026-03-11 07:30	88.390	88.725	88.180	88.700	5
2026-03-11 07:35	88.685	89.525	88.685	89.435	5
2026-03-11 07:40	89.420	90.030	89.310	89.955	5
2026-03-11 07:45	89.945	90.050	89.528	89.810	5
2026-03-11 07:50	89.805	90.030	89.520	89.955	5
2026-03-11 07:55	89.950	90.055	89.705	89.905	5
2026-03-11 08:00	89.863	89.875	89.610	89.755	5
2026-03-11 08:05	89.745	89.770	89.245	89.255	5
2026-03-11 08:10	89.250	89.600	89.118	89.580	5
2026-03-11 08:15	89.590	89.745	89.530	89.580	5
2026-03-11 08:20	89.565	89.725	89.470	89.690	5
2026-03-11 08:25	89.680	90.270	89.675	89.975	5
2026-03-11 08:30	89.987	90.000	89.150	89.437	5
2026-03-11 08:35	89.435	89.605	89.180	89.415	5
2026-03-11 08:40	89.425	89.460	88.990	89.265	5
2026-03-11 08:45	89.295	89.825	89.227	89.805	5
2026-03-11 08:50	89.810	90.537	89.725	90.415	5
2026-03-11 08:55	90.373	90.990	89.573	90.387	5
2026-03-11 09:00	90.435	91.455	90.138	91.425	5
2026-03-11 09:05	91.427	91.700	90.973	91.115	5
2026-03-11 09:10	91.155	91.635	91.025	91.427	5
2026-03-11 09:15	91.435	91.537	91.165	91.460	5
2026-03-11 09:20	91.465	91.795	91.230	91.775	5
2026-03-11 09:25	91.780	92.475	91.753	92.430	5
2026-03-11 09:30	92.450	92.460	92.000	92.035	5
2026-03-11 09:35	92.025	92.460	92.005	92.295	5
2026-03-11 09:40	92.300	92.475	92.085	92.215	5
2026-03-11 09:45	92.210	92.455	91.860	92.450	5
2026-03-11 09:50	92.445	92.950	92.335	92.910	5
2026-03-11 09:55	92.920	92.920	92.553	92.750	5
2026-03-11 10:00	92.700	92.700	91.197	91.275	5
2026-03-11 10:05	91.270	91.345	90.875	91.100	5
2026-03-11 10:10	91.095	91.370	90.345	90.625	5
2026-03-11 10:15	90.645	91.280	90.620	91.160	5
2026-03-11 10:20	91.155	91.805	91.020	91.785	5
2026-03-11 10:25	91.775	91.775	90.945	91.175	5
2026-03-11 10:30	91.140	91.517	90.358	90.640	5
2026-03-11 10:35	90.645	90.707	89.805	90.070	5
2026-03-11 10:40	90.075	90.280	89.253	89.627	5
2026-03-11 10:45	89.617	89.977	88.785	89.705	5
2026-03-11 10:50	89.687	89.885	89.417	89.595	5
2026-03-11 10:55	89.590	89.660	89.225	89.235	5
2026-03-11 11:00	89.230	89.705	89.037	89.455	5
2026-03-11 11:05	89.450	89.965	89.388	89.950	5
2026-03-11 11:10	89.940	89.940	89.360	89.560	5
2026-03-11 11:15	89.565	90.092	89.333	89.935	5
2026-03-11 11:20	89.887	90.217	89.773	89.865	5
2026-03-11 11:25	89.855	90.545	89.795	90.290	5
2026-03-11 11:30	90.260	90.990	90.197	90.805	5
2026-03-11 11:35	90.800	90.800	90.387	90.535	5
2026-03-11 11:40	90.540	91.335	90.387	90.845	5
2026-03-11 11:45	90.817	91.665	90.763	91.623	5
2026-03-11 11:50	91.603	91.825	90.977	91.115	5
2026-03-11 11:55	91.107	91.205	90.765	91.127	5
2026-03-11 12:00	91.058	91.410	90.590	91.300	5
2026-03-11 12:05	91.290	91.705	91.033	91.547	5
2026-03-11 12:10	91.545	91.650	90.945	91.335	5
2026-03-11 12:15	91.305	91.535	90.878	90.995	5
2026-03-11 12:20	90.975	91.595	90.945	91.340	5
2026-03-11 12:25	91.330	91.375	90.705	91.175	5
2026-03-11 12:30	91.185	91.685	91.175	91.580	5
2026-03-11 12:35	91.595	91.635	91.115	91.120	5
2026-03-11 12:40	91.125	91.585	91.047	91.530	5
2026-03-11 12:45	91.525	92.182	91.450	91.885	5
2026-03-11 12:50	91.880	92.300	91.790	91.935	5
2026-03-11 12:55	91.915	92.040	91.340	91.485	5
2026-03-11 13:00	91.503	91.503	90.553	90.965	5
2026-03-11 13:05	90.947	90.990	90.195	90.717	5
2026-03-11 13:10	90.707	90.867	90.277	90.590	5
2026-03-11 13:15	90.605	91.050	90.437	90.950	5
2026-03-11 13:20	90.955	91.035	89.853	89.945	5
2026-03-11 13:25	89.947	90.635	89.937	90.360	5
2026-03-11 13:30	90.318	90.415	89.308	89.625	5
2026-03-11 13:35	89.617	89.725	89.160	89.440	5
2026-03-11 13:40	89.445	90.100	89.440	89.965	5
2026-03-11 13:45	89.928	90.265	89.780	89.820	5
2026-03-11 13:50	89.810	90.400	89.000	89.425	5
2026-03-11 13:55	89.440	89.720	88.187	88.580	5
2026-03-11 14:00	88.538	90.113	87.213	89.608	8
2026-03-11 14:05	89.623	90.997	89.138	90.970	6
2026-03-11 14:10	90.977	91.415	90.520	90.820	5
2026-03-11 14:15	90.825	90.935	90.150	90.345	5
2026-03-11 14:20	90.305	90.895	90.217	90.885	5
2026-03-11 14:25	90.880	91.507	90.858	91.417	5
2026-03-11 14:30	91.417	91.715	91.033	91.183	5
2026-03-11 14:35	91.215	91.267	90.455	91.170	5
2026-03-11 14:40	91.165	91.200	90.407	90.580	5
2026-03-11 14:45	90.515	91.100	90.515	90.970	5
2026-03-11 14:50	90.975	91.165	90.828	90.950	5
2026-03-11 14:55	90.945	90.990	90.768	90.800	5
2026-03-11 15:00	90.805	91.855	90.710	91.425	5
2026-03-11 15:05	91.348	91.480	90.458	90.845	5
2026-03-11 15:10	90.860	90.910	90.595	90.870	5
2026-03-11 15:15	90.818	91.400	90.790	91.250	5
2026-03-11 15:20	91.260	91.445	91.113	91.370	5
2026-03-11 15:25	91.375	91.815	91.330	91.790	5
2026-03-11 15:30	91.748	91.965	91.387	91.650	5
2026-03-11 15:35	91.645	91.925	91.537	91.890	5
2026-03-11 15:40	91.895	91.965	91.735	91.930	5
2026-03-11 15:45	91.935	92.130	91.735	91.920	5
2026-03-11 15:50	91.925	91.950	91.500	91.535	5
2026-03-11 15:55	91.530	92.170	91.467	92.160	5
2026-03-11 16:00	92.118	92.760	92.070	92.650	5
2026-03-11 16:05	92.665	93.130	92.590	93.060	5
2026-03-11 16:10	93.065	93.070	92.365	92.445	5
2026-03-11 16:15	92.437	92.840	92.240	92.830	5
2026-03-11 16:20	92.820	92.915	92.577	92.755	5
2026-03-11 16:25	92.757	92.770	92.405	92.520	5
2026-03-11 16:30	92.510	92.650	91.925	92.300	5
2026-03-11 16:35	92.285	92.325	91.845	92.230	5
2026-03-11 16:40	92.240	92.245	91.675	92.030	5
2026-03-11 16:45	92.025	92.210	91.898	92.150	5
2026-03-11 16:50	92.170	92.400	92.050	92.310	5
2026-03-11 16:55	92.295	92.305	91.920	91.950	5
2026-03-11 17:00	91.908	91.940	91.307	91.750	5
2026-03-11 17:05	91.755	91.815	91.435	91.495	5
2026-03-11 17:10	91.485	91.720	91.250	91.280	5
2026-03-11 17:15	91.275	91.480	91.088	91.365	5
2026-03-11 17:20	91.355	91.705	91.350	91.500	5
2026-03-11 17:25	91.495	91.705	91.490	91.600	5
2026-03-11 17:30	91.620	91.925	91.520	91.865	5
2026-03-11 17:35	91.875	92.955	91.850	92.470	5
2026-03-11 17:40	92.465	92.890	92.285	92.520	5
2026-03-11 17:45	92.505	92.697	92.165	92.165	5
2026-03-11 17:50	92.160	92.180	91.760	91.895	5
2026-03-11 17:55	91.900	92.385	91.868	92.175	5
2026-03-11 18:00	92.145	92.270	92.030	92.030	5
2026-03-11 18:05	92.045	92.430	92.005	92.340	5
2026-03-11 18:10	92.325	92.500	92.060	92.070	5
2026-03-11 18:15	92.080	92.245	91.848	92.045	5
2026-03-11 18:20	92.065	92.580	91.860	92.460	5
2026-03-11 18:25	92.465	92.730	91.690	91.780	5
2026-03-11 18:30	91.770	92.070	91.608	92.000	5
2026-03-11 18:35	91.995	92.130	91.860	92.070	5
2026-03-11 18:40	92.080	92.220	92.080	92.130	5
2026-03-11 18:45	92.135	92.425	92.100	92.350	5
2026-03-11 18:50	92.335	92.405	91.847	92.170	5
2026-03-11 18:55	92.147	92.147	91.833	92.030	5
2026-03-11 19:00	92.025	92.310	91.975	92.295	5
2026-03-11 19:05	92.285	92.420	92.160	92.170	5
2026-03-11 19:10	92.130	92.175	91.940	92.135	5
2026-03-11 19:15	92.140	92.175	91.840	91.890	5
2026-03-11 19:20	91.910	92.155	91.790	92.030	5
2026-03-11 19:25	92.035	92.300	91.975	92.265	5
2026-03-11 19:30	92.270	92.350	92.190	92.255	5
2026-03-11 19:35	92.260	92.260	92.150	92.160	5
2026-03-11 19:40	92.150	92.227	92.115	92.190	5
2026-03-11 19:45	92.180	92.420	92.130	92.380	5
2026-03-11 19:50	92.370	92.420	92.135	92.140	5
2026-03-11 19:55	92.135	92.540	92.090	92.465	5
2026-03-11 20:00	92.470	92.890	92.420	92.850	5
2026-03-11 20:05	92.808	92.827	92.361	92.725	5
2026-03-11 20:10	92.683	92.825	92.627	92.795	5
2026-03-11 20:15	92.790	93.010	92.755	92.960	5
2026-03-11 20:20	92.955	93.025	92.795	92.825	5
2026-03-11 20:25	92.835	92.835	92.510	92.685	5
2026-03-11 20:30	92.675	92.680	92.535	92.575	5
2026-03-11 20:35	92.585	92.790	92.495	92.705	5
2026-03-11 20:40	92.697	92.725	92.640	92.715	5
2026-03-11 20:45	92.720	93.015	92.690	93.005	5
2026-03-11 20:50	92.995	93.055	92.933	93.005	5
2026-03-11 20:55	93.010	93.060	92.930	92.970	5
2026-03-12 00:00	96.557	97.597	96.207	97.442	5
2026-03-12 00:05	97.457	99.097	97.457	98.692	5
2026-03-12 00:10	98.697	98.932	98.277	98.902	5
2026-03-12 00:15	98.897	99.452	98.812	98.952	5
2026-03-12 00:20	98.988	99.182	98.428	98.897	5
2026-03-12 00:25	98.907	99.293	98.862	99.182	5
2026-03-12 00:30	99.187	99.212	98.757	98.947	5
2026-03-12 00:35	98.942	99.037	98.777	98.852	5
2026-03-12 00:40	98.847	99.077	98.482	98.557	5
2026-03-12 00:45	98.552	98.647	98.257	98.287	5
2026-03-12 00:50	98.277	98.917	98.222	98.807	5
2026-03-12 00:55	98.872	98.872	98.407	98.602	5
2026-03-12 01:00	98.592	99.027	98.207	98.337	5
2026-03-12 01:05	98.335	98.837	97.707	97.837	5
2026-03-12 01:10	97.837	98.157	97.627	98.087	5
2026-03-12 01:15	98.097	98.125	97.285	97.597	5
2026-03-12 01:20	97.607	97.627	96.925	97.605	5
2026-03-12 01:25	97.597	97.785	97.337	97.527	5
2026-03-12 01:30	97.527	97.975	97.388	97.965	5
2026-03-12 01:35	97.947	98.145	97.805	97.875	5
2026-03-12 01:40	97.877	98.315	97.677	98.107	5
2026-03-12 01:45	98.135	98.497	98.075	98.430	5
2026-03-12 01:50	98.435	98.597	98.090	98.115	5
2026-03-12 01:55	98.105	98.205	97.920	98.185	5
2026-03-12 02:00	98.148	98.455	98.148	98.375	5
2026-03-12 02:05	98.367	98.735	98.335	98.500	5
2026-03-12 02:10	98.490	98.845	98.490	98.845	5
2026-03-12 02:15	98.855	98.855	98.463	98.697	5
2026-03-12 02:20	98.707	98.857	98.525	98.645	5
2026-03-12 02:25	98.655	98.940	98.435	98.690	5
2026-03-12 02:30	98.715	100.185	98.715	99.807	5
2026-03-12 02:35	99.835	101.507	99.787	100.517	5
2026-03-12 02:40	100.570	100.665	99.917	100.087	5
2026-03-12 02:45	100.067	100.387	99.670	100.317	5
2026-03-12 02:50	100.327	100.837	100.153	100.647	5
2026-03-12 02:55	100.625	100.647	99.908	100.035	5
2026-03-12 03:00	100.047	100.475	99.965	100.125	5
2026-03-12 03:05	100.107	100.237	99.970	100.235	5
2026-03-12 03:10	100.225	100.645	100.177	100.565	5
2026-03-12 03:15	100.585	100.707	100.377	100.475	5
2026-03-12 03:20	100.465	100.797	100.445	100.725	5
2026-03-12 03:25	100.730	101.340	100.725	101.055	5
2026-03-12 03:30	101.040	101.375	100.983	101.120	5
2026-03-12 03:35	101.115	101.115	100.678	100.845	5
2026-03-12 03:40	100.820	100.820	100.473	100.685	5
2026-03-12 03:45	100.695	100.865	100.290	100.335	5
2026-03-12 03:50	100.330	100.575	100.145	100.550	5
2026-03-12 03:55	100.585	100.655	100.415	100.485	5
2026-03-12 04:00	100.475	100.545	100.095	100.125	5
2026-03-12 04:05	100.115	100.235	100.000	100.000	5
2026-03-12 04:10	100.005	100.135	100.000	100.000	5
2026-03-12 04:15	100.000	100.347	100.000	100.265	5
2026-03-12 04:20	100.255	100.280	100.047	100.160	5
2026-03-12 04:25	100.155	100.220	100.097	100.160	5
2026-03-12 04:30	100.155	100.360	100.050	100.277	5
2026-03-12 04:35	100.287	100.415	100.210	100.385	5
2026-03-12 04:40	100.395	100.490	100.217	100.385	5
2026-03-12 04:45	100.405	100.837	100.367	100.737	5
2026-03-12 04:50	100.757	100.877	100.625	100.705	5
2026-03-12 04:55	100.707	100.777	100.387	100.455	5
2026-03-12 05:00	100.445	100.455	98.148	98.607	5
2026-03-12 05:05	98.607	98.977	98.345	98.705	5
2026-03-12 05:10	98.710	98.777	97.870	98.615	5
2026-03-12 05:15	98.617	99.365	98.575	99.357	5
2026-03-12 05:20	99.365	100.007	99.340	99.933	5
2026-03-12 05:25	99.927	100.470	99.873	100.307	5
2026-03-12 05:30	100.327	100.447	100.017	100.305	5
2026-03-12 05:35	100.297	100.475	99.693	99.715	5
2026-03-12 05:40	99.747	99.837	99.355	99.475	5
2026-03-12 05:45	99.485	99.975	99.048	99.875	5
2026-03-12 05:50	99.880	99.985	99.350	99.405	5
2026-03-12 05:55	99.387	99.500	98.507	98.580	5
2026-03-12 06:00	98.587	98.850	98.225	98.667	5
2026-03-12 06:05	98.677	98.697	98.325	98.570	5
2026-03-12 06:10	98.565	99.205	98.407	98.977	5
2026-03-12 06:15	98.977	99.240	98.607	98.745	5
2026-03-12 06:20	98.765	98.827	98.125	98.455	5
2026-03-12 06:25	98.457	98.835	97.983	98.065	5
2026-03-12 06:30	98.087	98.425	97.908	98.080	5
2026-03-12 06:35	98.085	98.195	97.715	98.157	5
2026-03-12 06:40	98.137	98.355	97.895	97.995	5
2026-03-12 06:45	97.975	98.135	96.917	97.567	5
2026-03-12 06:50	97.585	97.715	97.147	97.397	5
2026-03-12 06:55	97.420	98.257	97.377	97.965	5
2026-03-12 07:00	97.962	97.962	97.253	97.405	5
2026-03-12 07:05	97.395	97.560	96.597	97.397	5
2026-03-12 07:10	97.377	97.465	96.660	96.886	5
2026-03-12 07:15	96.885	96.965	96.505	96.595	5
2026-03-12 07:20	96.590	96.832	96.055	96.200	5
2026-03-12 07:25	96.205	96.597	95.687	96.275	5
2026-03-12 07:30	96.285	96.595	96.095	96.595	5
2026-03-12 07:35	96.580	96.725	95.755	95.765	5
2026-03-12 07:40	95.770	95.960	95.317	95.745	5
2026-03-12 07:45	95.730	95.967	95.643	95.725	5
2026-03-12 07:50	95.705	96.220	95.543	95.667	5
2026-03-12 07:55	95.647	95.877	95.195	95.735	5
2026-03-12 08:00	95.693	95.837	95.490	95.627	5
2026-03-12 08:05	95.647	96.347	95.637	96.205	5
2026-03-12 08:10	96.195	96.595	96.023	96.465	5
2026-03-12 08:15	96.467	97.115	96.457	97.100	5
2026-03-12 08:20	97.125	97.202	96.765	97.017	5
2026-03-12 08:25	97.025	97.960	97.015	97.777	5
2026-03-12 08:30	97.822	98.090	97.613	97.630	5
2026-03-12 08:35	97.620	98.015	97.540	97.810	5
2026-03-12 08:40	97.805	98.020	97.560	97.570	5
2026-03-12 08:45	97.580	98.155	97.580	97.835	5
2026-03-12 08:50	97.837	97.845	97.228	97.677	5
2026-03-12 08:55	97.695	97.745	97.490	97.585	5
2026-03-12 09:00	97.553	98.137	97.247	98.125	5
2026-03-12 09:05	98.107	98.145	97.765	98.120	5
2026-03-12 09:10	98.140	98.165	97.635	97.885	5
2026-03-12 09:15	97.905	98.265	97.683	98.205	5
2026-03-12 09:20	98.200	98.265	97.985	98.010	5
2026-03-12 09:25	98.015	98.095	97.675	97.690	5
2026-03-12 09:30	97.648	97.735	97.288	97.570	5
2026-03-12 09:35	97.575	97.927	97.265	97.325	5
2026-03-12 09:40	97.330	97.465	97.045	97.205	5
2026-03-12 09:45	97.200	97.325	96.545	96.930	5
2026-03-12 09:50	96.920	97.055	96.273	96.397	5
2026-03-12 09:55	96.410	96.695	96.153	96.465	5
2026-03-12 10:00	96.423	96.680	96.128	96.295	5
2026-03-12 10:05	96.277	96.680	95.995	96.567	5
2026-03-12 10:10	96.575	96.700	96.250	96.270	5
2026-03-12 10:15	96.275	97.035	96.225	96.535	5
2026-03-12 10:20	96.525	96.775	96.255	96.727	5
2026-03-12 10:25	96.727	96.755	96.500	96.570	5
2026-03-12 10:30	96.565	96.565	95.963	96.205	5
2026-03-12 10:35	96.195	96.270	95.985	96.145	5
2026-03-12 10:40	96.137	96.375	95.890	96.095	5
2026-03-12 10:45	96.105	96.347	96.053	96.325	5
2026-03-12 10:50	96.315	96.760	96.135	96.355	5
2026-03-12 10:55	96.347	96.575	96.300	96.455	5
2026-03-12 11:00	96.396	97.002	96.348	96.740	5
2026-03-12 11:05	96.745	97.040	96.745	96.870	5
2026-03-12 11:10	96.880	97.215	96.690	97.190	5
2026-03-12 11:15	97.157	97.375	96.985	97.115	5
2026-03-12 11:20	97.095	97.410	96.970	97.410	5
2026-03-12 11:25	97.405	97.913	97.207	97.235	5
2026-03-12 11:30	97.225	97.235	96.740	96.815	5
2026-03-12 11:35	96.820	97.077	96.735	96.965	5
2026-03-12 11:40	97.007	97.370	96.923	97.305	5
2026-03-12 11:45	97.310	97.785	97.126	97.785	5
2026-03-12 11:50	97.780	98.077	97.725	97.905	5
2026-03-12 11:55	97.920	98.187	97.710	97.940	5
2026-03-12 12:00	97.915	98.145	97.677	97.805	5
2026-03-12 12:05	97.795	98.275	97.735	98.060	5
2026-03-12 12:10	98.055	98.585	98.013	98.340	5
2026-03-12 12:15	98.325	98.670	98.215	98.570	5
2026-03-12 12:20	98.580	98.675	98.268	98.395	5
2026-03-12 12:25	98.405	98.497	98.098	98.497	5
2026-03-12 12:30	98.497	98.595	98.065	98.425	5
2026-03-12 12:35	98.427	98.570	98.295	98.570	5
2026-03-12 12:40	98.560	98.690	98.373	98.410	5
2026-03-12 12:45	98.405	98.470	97.775	98.125	5
2026-03-12 12:50	98.116	98.440	97.975	98.135	5
2026-03-12 12:55	98.085	98.250	97.863	98.120	5
2026-03-12 13:00	97.778	98.570	97.778	98.465	5
2026-03-12 13:05	98.485	98.517	97.940	98.205	5
2026-03-12 13:10	98.215	98.705	98.080	98.705	5
2026-03-12 13:15	98.700	99.725	98.700	99.487	5
2026-03-12 13:20	99.467	100.357	99.083	99.255	5
2026-03-12 13:25	99.237	99.390	99.040	99.287	5
2026-03-12 13:30	99.253	99.495	98.583	98.895	5
2026-03-12 13:35	98.915	99.370	98.727	99.060	5
2026-03-12 13:40	99.045	99.460	99.018	99.400	5
2026-03-12 13:45	99.390	99.900	99.345	99.605	5
2026-03-12 13:50	99.625	99.890	99.335	99.890	5
2026-03-12 13:55	99.875	99.965	99.533	99.695	5
2026-03-12 14:00	99.653	99.653	99.027	99.380	5
2026-03-12 14:05	99.385	99.890	99.315	99.550	5
2026-03-12 14:10	99.545	99.615	99.318	99.480	5
2026-03-12 14:15	99.475	100.012	99.438	99.950	5
2026-03-12 14:20	99.975	100.225	99.810	100.100	5
2026-03-12 14:25	100.090	100.735	99.927	100.645	5
2026-03-12 14:30	100.635	100.645	99.925	100.010	5
2026-03-12 14:35	100.015	100.345	99.885	100.290	5
2026-03-12 14:40	100.305	100.600	100.140	100.345	5
2026-03-12 14:45	100.340	100.395	98.963	100.085	5
2026-03-12 14:50	100.075	100.900	100.075	100.740	5
2026-03-12 14:55	100.745	100.755	100.215	100.495	5
2026-03-12 15:00	100.453	101.340	100.277	101.190	5
2026-03-12 15:05	101.195	101.395	100.927	101.000	5
2026-03-12 15:10	100.995	101.070	100.747	100.775	5
2026-03-12 15:15	100.785	101.025	100.528	100.945	5
2026-03-12 15:20	100.960	101.360	100.940	101.270	5
2026-03-12 15:25	101.275	101.295	100.825	101.050	5
2026-03-12 15:30	101.090	101.275	100.975	101.050	5
2026-03-12 15:35	101.060	101.560	99.748	99.748	5
2026-03-12 15:40	99.788	100.390	99.020	99.295	5
2026-03-12 15:45	99.337	99.715	98.635	99.415	5
2026-03-12 15:50	99.400	99.460	98.823	99.180	5
2026-03-12 15:55	99.165	99.355	98.730	98.947	5
2026-03-12 16:00	98.968	99.810	98.940	99.305	5
2026-03-12 16:05	99.310	100.007	99.053	99.955	5
2026-03-12 16:10	99.950	100.220	99.620	99.705	5
2026-03-12 16:15	99.725	100.085	99.605	99.840	5
2026-03-12 16:20	99.825	99.935	99.440	99.755	5
2026-03-12 16:25	99.747	99.870	98.968	99.310	5
2026-03-12 16:30	99.285	99.555	98.915	99.070	5
2026-03-12 16:35	99.055	99.160	97.828	98.487	5
2026-03-12 16:40	98.485	98.707	97.700	98.585	5
2026-03-12 16:45	98.567	99.125	98.453	99.000	5
2026-03-12 16:50	99.008	99.350	98.885	99.325	5
2026-03-12 16:55	99.320	99.620	99.295	99.390	5
2026-03-12 17:00	99.377	99.525	99.110	99.285	5
2026-03-12 17:05	99.315	99.845	99.065	99.675	5
2026-03-12 17:10	99.685	99.800	99.335	99.590	5
2026-03-12 17:15	99.575	99.830	99.503	99.815	5
2026-03-12 17:20	99.810	99.940	99.387	99.470	5
2026-03-12 17:25	99.475	99.630	99.243	99.585	5
2026-03-12 17:30	99.590	99.640	99.307	99.490	5
2026-03-12 17:35	99.532	99.707	99.420	99.515	5
2026-03-12 17:40	99.520	99.770	99.315	99.667	5
2026-03-12 17:45	99.660	99.840	99.510	99.600	5
2026-03-12 17:50	99.547	99.610	99.340	99.430	5
2026-03-12 17:55	99.425	99.535	98.865	98.995	5
2026-03-12 18:00	98.955	99.000	98.590	98.950	5
2026-03-12 18:05	98.945	99.265	98.910	99.140	5
2026-03-12 18:10	99.150	99.345	99.005	99.220	5
2026-03-12 18:15	99.215	99.530	99.175	99.410	5
2026-03-12 18:20	99.405	100.225	99.315	100.170	5
2026-03-12 18:25	100.160	100.595	99.931	100.470	5
2026-03-12 18:30	100.475	101.040	100.450	100.955	5
2026-03-12 18:35	100.960	101.045	100.750	100.800	5
2026-03-12 18:40	100.810	100.970	100.600	100.890	5
2026-03-12 18:45	100.880	101.260	100.677	101.215	5
2026-03-12 18:50	101.210	101.250	100.960	101.025	5
2026-03-12 18:55	101.030	101.490	100.890	101.360	5
2026-03-12 19:00	101.345	101.687	101.168	101.630	5
2026-03-12 19:05	101.645	101.777	101.325	101.395	5
2026-03-12 19:10	101.400	101.550	101.235	101.285	5
2026-03-12 19:15	101.280	101.410	100.923	101.025	5
2026-03-12 19:20	101.015	101.255	101.000	101.155	5
2026-03-12 19:25	101.165	101.195	100.805	101.190	5
2026-03-12 19:30	101.195	101.200	100.860	100.940	5
2026-03-12 19:35	100.898	101.035	100.535	100.655	5
2026-03-12 19:40	100.645	100.815	100.553	100.745	5
2026-03-12 19:45	100.750	101.237	100.740	101.215	5
2026-03-12 19:50	101.220	101.485	101.145	101.475	5
2026-03-12 19:55	101.470	101.535	101.250	101.315	5
2026-03-12 20:00	101.310	101.590	101.290	101.405	5
2026-03-12 20:05	101.410	101.460	101.095	101.175	5
2026-03-12 20:10	101.180	101.310	100.567	101.015	5
2026-03-12 20:15	101.010	101.065	100.798	101.035	5
2026-03-12 20:20	101.030	101.387	100.955	101.305	5
2026-03-12 20:25	101.295	101.455	101.260	101.310	5
2026-03-12 20:30	101.300	101.340	101.123	101.290	5
2026-03-12 20:35	101.295	101.405	101.213	101.365	5
2026-03-12 20:40	101.355	101.435	101.320	101.415	5
2026-03-12 20:45	101.420	101.525	101.018	101.305	5
2026-03-12 20:50	101.290	101.405	101.183	101.245	5
2026-03-12 20:55	101.235	101.277	100.963	101.195	5
2026-03-13 00:00	101.558	101.657	100.857	100.927	5
2026-03-13 00:05	100.917	101.052	100.422	100.467	5
2026-03-13 00:10	100.472	100.827	100.467	100.542	5
2026-03-13 00:15	100.557	100.572	99.972	100.162	5
2026-03-13 00:20	100.142	100.277	99.947	100.102	5
2026-03-13 00:25	100.117	100.197	99.707	100.007	5
2026-03-13 00:30	100.002	100.127	99.737	99.857	5
2026-03-13 00:35	99.862	100.217	99.727	100.217	5
2026-03-13 00:40	100.212	100.307	100.112	100.282	5
2026-03-13 00:45	100.297	100.507	100.248	100.462	5
2026-03-13 00:50	100.457	100.547	100.297	100.402	5
2026-03-13 00:55	100.392	100.392	100.072	100.367	5
2026-03-13 01:00	100.375	100.417	99.677	100.147	5
2026-03-13 01:05	100.165	100.245	99.505	99.585	5
2026-03-13 01:10	99.577	100.095	99.525	100.087	5
2026-03-13 01:15	100.085	100.135	99.740	99.865	5
2026-03-13 01:20	99.875	99.947	99.585	99.827	5
2026-03-13 01:25	99.835	100.035	99.705	99.875	5
2026-03-13 01:30	99.865	100.260	99.807	100.125	5
2026-03-13 01:35	100.165	100.385	100.095	100.355	5
2026-03-13 01:40	100.365	100.615	100.277	100.497	5
2026-03-13 01:45	100.495	100.625	100.280	100.415	5
2026-03-13 01:50	100.417	100.967	100.288	100.755	5
2026-03-13 01:55	100.757	100.795	100.375	100.485	5
2026-03-13 02:00	100.477	100.597	100.123	100.225	5
2026-03-13 02:05	100.230	100.447	100.230	100.395	5
2026-03-13 02:10	100.425	100.465	100.227	100.375	5
2026-03-13 02:15	100.365	100.555	100.325	100.535	5
2026-03-13 02:20	100.537	100.645	100.387	100.637	5
2026-03-13 02:25	100.635	100.730	100.515	100.667	5
2026-03-13 02:30	100.707	100.807	100.325	100.475	5
2026-03-13 02:35	100.465	101.065	100.435	101.057	5
2026-03-13 02:40	101.050	101.290	100.887	101.235	5
2026-03-13 02:45	101.237	101.255	100.970	101.215	5
2026-03-13 02:50	101.205	101.235	101.005	101.067	5
2026-03-13 02:55	101.095	101.135	100.990	101.110	5
2026-03-13 03:00	101.127	101.395	101.025	101.390	5
2026-03-13 03:05	101.385	101.440	100.835	101.115	5
2026-03-13 03:10	101.107	101.165	100.995	101.055	5
2026-03-13 03:15	101.057	101.110	100.745	100.840	5
2026-03-13 03:20	100.850	100.980	100.735	100.835	5
2026-03-13 03:25	100.825	100.910	100.725	100.815	5
2026-03-13 03:30	100.805	100.865	100.133	100.345	5
2026-03-13 03:35	100.327	100.470	100.287	100.445	5
2026-03-13 03:40	100.450	100.565	100.337	100.365	5
2026-03-13 03:45	100.355	100.455	100.228	100.450	5
2026-03-13 03:50	100.425	100.572	100.415	100.515	5
2026-03-13 03:55	100.495	100.587	100.427	100.540	5
2026-03-13 04:00	100.488	100.545	100.377	100.490	5
2026-03-13 04:05	100.505	100.567	100.470	100.500	5
2026-03-13 04:10	100.505	100.570	100.495	100.495	5
2026-03-13 04:15	100.505	100.515	100.247	100.350	5
2026-03-13 04:20	100.370	100.685	100.323	100.575	5
2026-03-13 04:25	100.570	100.707	100.425	100.577	5
2026-03-13 04:30	100.585	100.765	100.505	100.745	5
2026-03-13 04:35	100.735	100.840	100.715	100.780	5
2026-03-13 04:40	100.777	100.777	100.115	100.130	5
2026-03-13 04:45	100.083	100.395	100.083	100.265	5
2026-03-13 04:50	100.300	100.325	100.175	100.275	5
2026-03-13 04:55	100.270	100.270	100.195	100.225	5
2026-03-13 05:00	100.220	100.465	100.087	100.445	5
2026-03-13 05:05	100.437	100.450	100.265	100.335	5
2026-03-13 05:10	100.315	100.545	100.275	100.505	5
2026-03-13 05:15	100.495	100.595	100.435	100.525	5
2026-03-13 05:20	100.515	100.550	100.190	100.440	5
2026-03-13 05:25	100.450	100.565	100.075	100.215	5
2026-03-13 05:30	100.225	100.277	99.867	100.085	5
2026-03-13 05:35	100.095	100.167	99.925	100.027	5
2026-03-13 05:40	100.037	100.420	100.030	100.355	5
2026-03-13 05:45	100.345	100.405	100.240	100.275	5
2026-03-13 05:50	100.285	100.390	100.157	100.245	5
2026-03-13 05:55	100.255	100.265	99.925	100.175	5
2026-03-13 06:00	100.185	100.505	99.917	100.485	5
2026-03-13 06:05	100.495	100.505	99.868	99.965	5
2026-03-13 06:10	99.960	100.140	99.517	100.115	5
2026-03-13 06:15	100.117	100.347	100.073	100.125	5
2026-03-13 06:20	100.155	100.445	99.955	100.437	5
2026-03-13 06:25	100.447	100.890	100.427	100.665	5
2026-03-13 06:30	100.657	100.765	100.215	100.540	5
2026-03-13 06:35	100.555	100.677	100.335	100.375	5
2026-03-13 06:40	100.380	100.770	100.205	100.765	5
2026-03-13 06:45	100.770	101.055	100.615	101.007	5
2026-03-13 06:50	101.000	101.060	100.887	100.995	5
2026-03-13 06:55	100.985	101.325	100.985	101.280	5
2026-03-13 07:00	101.298	101.380	101.085	101.217	5
2026-03-13 07:05	101.215	101.557	101.180	101.555	5
2026-03-13 07:10	101.557	101.890	101.447	101.750	5
2026-03-13 07:15	101.755	101.835	101.475	101.515	5
2026-03-13 07:20	101.540	101.785	101.490	101.690	5
2026-03-13 07:25	101.707	101.725	101.326	101.470	5
2026-03-13 07:30	101.485	101.647	101.331	101.335	5
2026-03-13 07:35	101.340	101.425	100.985	101.410	5
2026-03-13 07:40	101.390	101.777	101.353	101.470	5
2026-03-13 07:45	101.450	102.165	101.387	101.955	5
2026-03-13 07:50	101.893	102.535	101.857	102.535	5
2026-03-13 07:55	102.530	102.550	102.105	102.235	5
2026-03-13 08:00	101.998	102.685	101.883	102.380	5
2026-03-13 08:05	102.405	102.675	102.370	102.500	5
2026-03-13 08:10	102.505	102.620	102.250	102.410	5
2026-03-13 08:15	102.385	102.495	102.055	102.235	5
2026-03-13 08:20	102.220	102.520	101.937	102.505	5
2026-03-13 08:25	102.510	102.525	101.703	101.837	5
2026-03-13 08:30	101.835	101.950	100.830	100.845	5
2026-03-13 08:35	100.835	101.280	100.695	101.087	5
2026-03-13 08:40	101.095	101.360	101.010	101.285	5
2026-03-13 08:45	101.297	101.345	100.803	100.865	5
2026-03-13 08:50	100.875	100.970	100.585	100.860	5
2026-03-13 08:55	100.855	101.115	100.695	100.805	5
2026-03-13 09:00	100.800	100.800	99.958	100.447	5
2026-03-13 09:05	100.447	100.947	100.290	100.917	5
2026-03-13 09:10	100.915	100.985	100.408	100.895	5
2026-03-13 09:15	100.900	101.340	100.848	101.275	5
2026-03-13 09:20	101.265	101.290	100.918	101.105	5
2026-03-13 09:25	101.110	101.165	100.863	101.140	5
2026-03-13 09:30	101.182	101.420	101.095	101.385	5
2026-03-13 09:35	101.390	101.420	100.908	101.240	5
2026-03-13 09:40	101.235	101.235	100.941	101.145	5
2026-03-13 09:45	101.118	101.165	100.985	101.125	5
2026-03-13 09:50	101.135	101.155	100.923	101.035	5
2026-03-13 09:55	101.040	101.165	101.000	101.010	5
2026-03-13 10:00	100.990	101.155	100.578	100.810	5
2026-03-13 10:05	100.825	101.025	100.540	100.865	5
2026-03-13 10:10	100.880	100.897	100.468	100.835	5
2026-03-13 10:15	100.827	100.915	100.590	100.590	5
2026-03-13 10:20	100.595	100.635	100.328	100.485	5
2026-03-13 10:25	100.490	100.587	100.403	100.470	5
2026-03-13 10:30	100.475	100.667	100.275	100.375	5
2026-03-13 10:35	100.360	100.510	100.190	100.320	5
2026-03-13 10:40	100.315	100.340	100.000	100.150	5
2026-03-13 10:45	100.160	100.185	98.645	98.930	5
2026-03-13 10:50	98.915	99.725	98.645	99.705	5
2026-03-13 10:55	99.700	99.770	99.005	99.005	5
2026-03-13 11:00	99.015	99.205	98.828	99.005	5
2026-03-13 11:05	99.010	99.877	98.423	99.645	5
2026-03-13 11:10	99.667	100.432	99.598	100.305	5
2026-03-13 11:15	100.295	100.530	99.937	100.280	5
2026-03-13 11:20	100.285	100.320	99.745	99.790	5
2026-03-13 11:25	99.810	100.078	99.337	99.945	5
2026-03-13 11:30	99.898	100.070	99.715	99.880	5
2026-03-13 11:35	99.885	99.897	99.320	99.625	5
2026-03-13 11:40	99.685	99.850	99.395	99.415	5
2026-03-13 11:45	99.435	99.517	99.075	99.517	5
2026-03-13 11:50	99.520	99.565	98.833	99.040	5
2026-03-13 11:55	99.025	99.095	98.755	98.955	5
2026-03-13 12:00	98.970	99.125	98.498	98.923	5
2026-03-13 12:05	99.045	99.332	98.935	99.200	5
2026-03-13 12:10	99.170	99.220	98.865	98.867	5
2026-03-13 12:15	98.865	99.210	98.825	99.200	5
2026-03-13 12:20	99.190	99.555	99.175	99.360	5
2026-03-13 12:25	99.355	99.520	99.235	99.377	5
2026-03-13 12:30	99.308	99.800	99.107	99.495	5
2026-03-13 12:35	99.500	99.805	99.310	99.340	5
2026-03-13 12:40	99.335	99.465	99.135	99.270	5
2026-03-13 12:45	99.233	99.235	97.677	98.580	5
2026-03-13 12:50	98.575	99.055	98.505	99.055	5
2026-03-13 12:55	99.045	99.170	98.807	98.825	5
2026-03-13 13:00	98.783	99.317	98.265	98.820	5
2026-03-13 13:05	98.830	99.090	98.510	99.045	5
2026-03-13 13:10	99.065	99.410	98.910	99.135	5
2026-03-13 13:15	99.130	99.225	98.890	99.060	5
2026-03-13 13:20	99.047	99.520	98.970	99.005	5
2026-03-13 13:25	99.015	99.075	98.707	98.965	5
2026-03-13 13:30	98.962	99.165	98.753	98.850	5
2026-03-13 13:35	98.835	99.085	98.725	98.900	5
2026-03-13 13:40	98.897	99.580	98.897	99.325	5
2026-03-13 13:45	99.330	99.680	99.265	99.665	5
2026-03-13 13:50	99.650	99.710	98.787	99.287	5
2026-03-13 13:55	99.277	99.970	99.265	99.863	5
2026-03-13 14:00	99.783	100.275	99.718	99.830	5
2026-03-13 14:05	99.835	100.120	99.805	100.050	5
2026-03-13 14:10	100.055	100.145	99.790	99.930	5
2026-03-13 14:15	99.883	100.260	99.883	99.990	5
2026-03-13 14:20	99.976	100.010	99.680	99.885	5
2026-03-13 14:25	99.880	100.100	99.845	99.960	5
2026-03-13 14:30	99.965	99.985	99.480	99.765	5
2026-03-13 14:35	99.770	100.185	99.695	100.175	5
2026-03-13 14:40	100.170	100.425	100.098	100.355	5
2026-03-13 14:45	100.293	100.565	100.080	100.275	5
2026-03-13 14:50	100.285	100.680	100.180	100.665	5
2026-03-13 14:55	100.660	100.880	100.505	100.725	5
2026-03-13 15:00	100.720	101.145	100.473	101.080	5
2026-03-13 15:05	101.090	101.130	100.660	100.750	5
2026-03-13 15:10	100.770	101.050	100.765	100.845	5
2026-03-13 15:15	100.835	101.150	100.760	101.130	5
2026-03-13 15:20	101.120	101.220	100.905	101.170	5
2026-03-13 15:25	101.180	101.197	100.955	100.990	5
2026-03-13 15:30	100.953	101.475	100.953	101.315	5
2026-03-13 15:35	101.320	101.725	101.320	101.680	5
2026-03-13 15:40	101.660	101.950	101.590	101.710	5
2026-03-13 15:45	101.700	101.900	100.918	101.365	6
2026-03-13 15:50	101.370	101.705	101.347	101.415	5
2026-03-13 15:55	101.410	101.720	101.298	101.420	5
2026-03-13 16:00	101.400	101.815	101.390	101.720	5
2026-03-13 16:05	101.715	101.770	101.385	101.485	5
2026-03-13 16:10	101.480	101.560	101.240	101.550	5
2026-03-13 16:15	101.530	102.260	101.500	102.170	5
2026-03-13 16:20	102.160	102.160	101.910	101.950	5
2026-03-13 16:25	101.955	102.085	101.795	101.940	5
2026-03-13 16:30	101.950	102.090	101.543	101.620	5
2026-03-13 16:35	101.605	101.675	101.233	101.380	5
2026-03-13 16:40	101.390	101.680	101.140	101.570	5
2026-03-13 16:45	101.580	101.625	101.360	101.495	5
2026-03-13 16:50	101.500	101.735	101.320	101.620	5
2026-03-13 16:55	101.625	101.735	101.535	101.570	5
2026-03-13 17:00	101.518	101.565	101.280	101.360	5
2026-03-13 17:05	101.380	101.380	100.910	101.060	5
2026-03-13 17:10	101.037	101.230	100.985	101.105	5
2026-03-13 17:15	101.100	101.275	100.950	100.960	5
2026-03-13 17:20	100.955	101.160	100.845	100.975	5
2026-03-13 17:25	100.970	101.075	100.900	100.960	5
2026-03-13 17:30	100.970	101.455	100.970	101.430	5
2026-03-13 17:35	101.435	101.720	101.410	101.700	5
2026-03-13 17:40	101.690	102.120	101.638	101.995	5
2026-03-13 17:45	102.000	102.460	101.960	102.450	5
2026-03-13 17:50	102.445	102.810	102.425	102.660	5
2026-03-13 17:55	102.655	102.930	102.583	102.750	5
2026-03-13 18:00	102.740	102.770	102.440	102.670	5
2026-03-13 18:05	102.660	103.310	102.587	103.160	5
2026-03-13 18:10	103.145	103.730	103.100	103.410	5
2026-03-13 18:15	103.385	103.805	103.265	103.690	5
2026-03-13 18:20	103.670	103.740	103.375	103.410	5
2026-03-13 18:25	103.400	103.510	102.970	102.980	5
2026-03-13 18:30	102.985	102.990	102.645	102.815	5
2026-03-13 18:35	102.810	102.945	102.580	102.605	5
2026-03-13 18:40	102.585	102.625	102.040	102.200	5
2026-03-13 18:45	102.210	102.250	101.790	101.860	5
2026-03-13 18:50	101.827	102.250	101.700	102.200	5
2026-03-13 18:55	102.220	102.220	102.080	102.175	5
2026-03-13 19:00	102.148	102.335	102.050	102.210	5
2026-03-13 19:05	102.205	102.270	101.955	102.110	5
2026-03-13 19:10	102.095	102.325	101.895	102.290	5
2026-03-13 19:15	102.295	102.620	102.100	102.605	5
2026-03-13 19:20	102.610	102.650	102.370	102.520	5
2026-03-13 19:25	102.530	102.685	102.410	102.635	5
2026-03-13 19:30	102.640	102.750	102.507	102.575	5
2026-03-13 19:35	102.590	102.745	102.455	102.740	5
2026-03-13 19:40	102.735	103.045	102.688	102.790	5
2026-03-13 19:45	102.800	102.800	102.405	102.705	5
2026-03-13 19:50	102.697	102.985	102.697	102.845	5
2026-03-13 19:55	102.875	103.050	102.835	102.965	5
2026-03-13 20:00	102.960	103.375	102.918	103.350	5
2026-03-13 20:05	103.345	103.400	103.230	103.265	5
2026-03-13 20:10	103.275	103.370	103.190	103.315	5
2026-03-13 20:15	103.310	103.520	103.155	103.480	5
2026-03-13 20:20	103.485	103.485	103.067	103.295	5
2026-03-13 20:25	103.300	103.325	103.090	103.100	5
2026-03-13 20:30	103.095	103.100	102.900	102.940	5
2026-03-13 20:35	102.945	103.320	102.895	103.310	5
2026-03-13 20:40	103.315	103.455	103.280	103.370	5
2026-03-13 20:45	103.355	103.490	102.737	103.355	5
2026-03-13 20:50	103.360	103.687	103.345	103.687	5
2026-03-13 20:55	103.685	103.885	103.665	103.797	5
2026-03-16 00:00	103.867	103.937	103.377	103.782	5
2026-03-16 00:05	103.787	103.787	103.047	103.197	5
2026-03-16 00:10	103.163	103.222	102.867	102.977	5
2026-03-16 00:15	102.957	102.972	102.702	102.882	5
2026-03-16 00:20	102.902	103.482	102.902	103.302	5
2026-03-16 00:25	103.297	103.317	103.082	103.137	5
2026-03-16 00:30	103.142	103.232	103.057	103.137	5
2026-03-16 00:35	103.157	103.202	102.822	103.032	5
2026-03-16 00:40	103.037	103.082	102.812	102.877	5
2026-03-16 00:45	102.882	103.147	102.627	102.757	5
2026-03-16 00:50	102.787	102.967	102.752	102.752	5
2026-03-16 00:55	102.747	102.832	102.542	102.562	5
2026-03-16 01:00	102.567	103.107	102.017	102.867	5
2026-03-16 01:05	102.877	103.057	102.747	102.897	5
2026-03-16 01:10	102.905	103.257	102.817	102.915	5
2026-03-16 01:15	102.877	103.277	102.805	103.027	5
2026-03-16 01:20	103.037	103.415	102.915	103.187	5
2026-03-16 01:25	103.200	103.555	103.105	103.537	5
2026-03-16 01:30	103.545	103.960	103.317	103.725	5
2026-03-16 01:35	103.717	103.925	103.515	103.565	5
2026-03-16 01:40	103.557	103.955	103.557	103.935	5
2026-03-16 01:45	103.955	104.167	103.857	103.875	5
2026-03-16 01:50	103.907	104.057	103.785	103.905	5
2026-03-16 01:55	103.910	104.225	103.787	104.007	5
2026-03-16 02:00	104.000	104.437	103.925	104.037	5
2026-03-16 02:05	104.037	104.097	103.595	103.655	5
2026-03-16 02:10	103.660	104.367	103.645	104.227	5
2026-03-16 02:15	104.207	104.225	103.957	104.115	5
2026-03-16 02:20	104.107	104.247	104.077	104.197	5
2026-03-16 02:25	104.207	104.410	104.167	104.367	5
2026-03-16 02:30	104.375	104.707	104.375	104.537	5
2026-03-16 02:35	104.540	104.765	104.505	104.685	5
2026-03-16 02:40	104.707	104.707	104.417	104.467	5
2026-03-16 02:45	104.467	104.597	104.137	104.277	5
2026-03-16 02:50	104.277	104.665	104.223	104.555	5
2026-03-16 02:55	104.545	104.555	104.327	104.387	5
2026-03-16 03:00	104.378	104.467	104.315	104.367	5
2026-03-16 03:05	104.365	104.557	104.175	104.327	5
2026-03-16 03:10	104.335	104.625	104.305	104.457	5
2026-03-16 03:15	104.455	104.527	104.295	104.357	5
2026-03-16 03:20	104.357	104.455	104.177	104.417	5
2026-03-16 03:25	104.415	104.425	104.175	104.225	5
2026-03-16 03:30	104.237	104.260	104.015	104.045	5
2026-03-16 03:35	104.050	104.170	104.050	104.115	5
2026-03-16 03:40	104.110	104.577	104.105	104.365	5
2026-03-16 03:45	104.357	104.365	104.145	104.195	5
2026-03-16 03:50	104.207	104.455	104.195	104.375	5
2026-03-16 03:55	104.370	104.435	104.297	104.405	5
2026-03-16 04:00	104.407	104.595	104.365	104.505	5
2026-03-16 04:05	104.500	104.575	104.415	104.510	5
2026-03-16 04:10	104.487	104.550	104.417	104.485	5
2026-03-16 04:15	104.487	104.670	104.465	104.650	5
2026-03-16 04:20	104.670	104.770	104.670	104.755	5
2026-03-16 04:25	104.765	104.765	104.560	104.655	5
2026-03-16 04:30	104.665	104.745	104.595	104.715	5
2026-03-16 04:35	104.725	104.827	104.650	104.655	5
2026-03-16 04:40	104.660	104.770	104.660	104.715	5
2026-03-16 04:45	104.720	104.750	104.645	104.675	5
2026-03-16 04:50	104.665	104.735	104.647	104.715	5
2026-03-16 04:55	104.695	104.780	104.680	104.750	5
2026-03-16 05:00	104.755	104.840	104.735	104.745	5
2026-03-16 05:05	104.777	104.815	104.720	104.770	5
2026-03-16 05:10	104.775	104.920	104.723	104.765	5
2026-03-16 05:15	104.755	104.775	104.640	104.715	5
2026-03-16 05:20	104.710	104.755	104.635	104.745	5
2026-03-16 05:25	104.750	104.890	104.730	104.815	5
2026-03-16 05:30	104.751	104.955	104.705	104.797	5
2026-03-16 05:35	104.795	104.797	104.295	104.427	5
2026-03-16 05:40	104.425	104.625	104.405	104.575	5
2026-03-16 05:45	104.577	104.577	104.190	104.225	5
2026-03-16 05:50	104.220	104.315	104.110	104.255	5
2026-03-16 05:55	104.265	104.335	103.785	103.875	5
2026-03-16 06:00	103.870	104.160	103.515	104.160	5
2026-03-16 06:05	104.150	104.385	104.050	104.200	5
2026-03-16 06:10	104.205	104.460	104.200	104.455	5
2026-03-16 06:15	104.445	104.660	104.397	104.635	5
2026-03-16 06:20	104.617	104.905	104.555	104.860	5
2026-03-16 06:25	104.865	104.930	104.650	104.655	5
2026-03-16 06:30	104.608	104.905	104.608	104.890	5
2026-03-16 06:35	104.895	104.930	104.760	104.810	5
2026-03-16 06:40	104.820	104.915	104.700	104.860	5
2026-03-16 06:45	104.895	105.215	104.758	104.817	5
2026-03-16 06:50	104.807	104.940	104.560	104.585	5
2026-03-16 06:55	104.543	104.647	104.405	104.460	5
2026-03-16 07:00	104.480	104.517	104.055	104.435	5
2026-03-16 07:05	104.410	104.830	104.385	104.820	5
2026-03-16 07:10	104.825	105.410	104.745	105.227	5
2026-03-16 07:15	105.235	105.775	105.115	105.750	5
2026-03-16 07:20	105.737	105.845	105.580	105.735	5
2026-03-16 07:25	105.725	105.970	105.715	105.870	5
2026-03-16 07:30	105.865	106.397	105.745	106.225	5
2026-03-16 07:35	106.235	106.320	106.027	106.080	5
2026-03-16 07:40	106.085	106.260	106.030	106.065	5
2026-03-16 07:45	106.070	106.405	106.070	106.300	5
2026-03-16 07:50	106.285	106.285	106.070	106.080	5
2026-03-16 07:55	106.090	106.195	105.718	105.945	5
2026-03-16 08:00	105.942	106.057	105.661	105.950	5
2026-03-16 08:05	105.945	106.010	105.728	105.850	5
2026-03-16 08:10	105.855	106.340	105.795	106.290	5
2026-03-16 08:15	106.315	106.335	106.065	106.085	5
2026-03-16 08:20	106.100	106.325	105.455	105.565	5
2026-03-16 08:25	105.570	105.785	105.310	105.700	5
2026-03-16 08:30	105.725	106.000	105.383	105.980	5
2026-03-16 08:35	105.965	106.140	105.870	106.110	5
2026-03-16 08:40	106.120	106.260	105.900	105.900	5
2026-03-16 08:45	105.895	105.900	105.595	105.770	5
2026-03-16 08:50	105.760	105.800	105.175	105.300	5
2026-03-16 08:55	105.305	105.360	104.910	105.165	5
2026-03-16 09:00	105.145	105.490	105.120	105.395	5
2026-03-16 09:05	105.405	105.715	105.297	105.700	5
2026-03-16 09:10	105.710	105.710	105.320	105.365	5
2026-03-16 09:15	105.345	105.400	104.950	105.080	5
2026-03-16 09:20	105.085	105.090	104.785	104.925	5
2026-03-16 09:25	104.920	105.060	104.745	104.870	5
2026-03-16 09:30	104.855	104.915	104.745	104.880	5
2026-03-16 09:35	104.860	104.870	104.420	104.625	5
2026-03-16 09:40	104.615	104.760	104.493	104.530	5
2026-03-16 09:45	104.505	104.590	104.190	104.360	5
2026-03-16 09:50	104.355	104.475	104.275	104.365	5
2026-03-16 09:55	104.357	104.845	104.290	104.745	5
2026-03-16 10:00	104.740	104.890	104.441	104.480	5
2026-03-16 10:05	104.460	104.520	104.210	104.220	5
2026-03-16 10:10	104.240	104.375	103.936	104.140	5
2026-03-16 10:15	104.160	104.160	103.875	103.875	5
2026-03-16 10:20	103.855	104.010	103.371	103.820	5
2026-03-16 10:25	103.825	103.830	103.297	103.405	5
2026-03-16 10:30	103.367	103.570	103.150	103.560	5
2026-03-16 10:35	103.555	103.755	103.453	103.465	5
2026-03-16 10:40	103.460	103.540	102.953	103.225	5
2026-03-16 10:45	103.230	103.320	102.985	103.040	5
2026-03-16 10:50	103.060	103.300	102.910	102.970	5
2026-03-16 10:55	102.955	102.975	102.520	102.610	5
2026-03-16 11:00	102.578	103.110	102.495	102.885	5
2026-03-16 11:05	102.890	102.970	102.725	102.965	5
2026-03-16 11:10	102.970	102.975	102.690	102.950	5
2026-03-16 11:15	102.960	102.960	102.605	102.930	5
2026-03-16 11:20	102.920	103.295	102.900	103.215	5
2026-03-16 11:25	103.180	103.730	103.110	103.515	5
2026-03-16 11:30	103.460	103.550	103.185	103.305	5
2026-03-16 11:35	103.297	103.560	103.195	103.480	5
2026-03-16 11:40	103.495	103.550	103.170	103.240	5
2026-03-16 11:45	103.235	103.555	102.985	103.300	5
2026-03-16 11:50	103.305	103.470	103.225	103.305	5
2026-03-16 11:55	103.300	103.300	103.010	103.140	5
2026-03-16 12:00	103.150	103.335	103.075	103.280	5
2026-03-16 12:05	103.235	103.550	103.235	103.350	5
2026-03-16 12:10	103.340	103.412	102.605	103.165	5
2026-03-16 12:15	103.177	103.305	102.887	103.055	5
2026-03-16 12:20	103.060	103.377	103.060	103.255	5
2026-03-16 12:25	103.245	103.310	103.045	103.080	5
2026-03-16 12:30	103.085	103.140	102.325	102.620	5
2026-03-16 12:35	102.615	102.690	102.108	102.585	5
2026-03-16 12:40	102.575	102.640	102.315	102.390	5
2026-03-16 12:45	102.405	102.407	101.627	101.785	5
2026-03-16 12:50	101.795	102.130	101.545	101.945	5
2026-03-16 12:55	101.950	102.455	101.940	102.060	5
2026-03-16 13:00	102.055	102.110	101.197	101.955	5
2026-03-16 13:05	101.950	102.410	101.825	102.265	5
2026-03-16 13:10	102.260	102.560	102.205	102.240	5
2026-03-16 13:15	102.235	102.475	102.085	102.255	5
2026-03-16 13:20	102.260	102.470	101.670	101.730	5
2026-03-16 13:25	101.725	102.060	101.650	101.895	5
2026-03-16 13:30	101.890	101.990	101.285	101.740	5
2026-03-16 13:35	101.735	102.260	101.560	102.020	5
2026-03-16 13:40	102.050	102.205	101.830	101.860	5
2026-03-16 13:45	101.870	101.895	101.075	101.175	5
2026-03-16 13:50	101.165	101.175	100.750	101.165	5
2026-03-16 13:55	101.160	101.170	99.855	100.295	5
2026-03-16 14:00	100.275	100.770	100.110	100.545	5
2026-03-16 14:05	100.565	100.707	100.075	100.210	5
2026-03-16 14:10	100.225	100.790	99.825	100.485	5
2026-03-16 14:15	100.505	101.200	100.505	101.105	5
2026-03-16 14:20	101.120	101.190	100.800	101.040	5
2026-03-16 14:25	101.035	101.290	100.865	101.170	5
2026-03-16 14:30	101.190	101.942	101.180	101.840	5
2026-03-16 14:35	101.830	101.920	101.475	101.700	5
2026-03-16 14:40	101.705	102.130	101.570	102.010	5
2026-03-16 14:45	102.000	102.105	101.620	101.930	5
2026-03-16 14:50	101.935	102.110	101.785	101.880	5
2026-03-16 14:55	101.900	101.975	101.788	101.835	5
2026-03-16 15:00	101.830	101.910	101.470	101.890	5
2026-03-16 15:05	101.920	102.200	101.910	101.995	5
2026-03-16 15:10	102.000	102.240	101.985	102.060	5
2026-03-16 15:15	102.070	102.450	101.910	101.920	5
2026-03-16 15:20	101.915	102.270	101.838	102.070	5
2026-03-16 15:25	102.080	102.130	101.925	102.075	5
2026-03-16 15:30	102.083	102.200	101.565	101.595	5
2026-03-16 15:35	101.585	101.750	101.460	101.675	5
2026-03-16 15:40	101.670	101.730	101.108	101.285	5
2026-03-16 15:45	101.290	101.572	101.233	101.365	5
2026-03-16 15:50	101.370	101.705	101.230	101.630	5
2026-03-16 15:55	101.635	102.110	101.630	101.890	5
2026-03-16 16:00	101.895	102.100	101.795	102.070	5
2026-03-16 16:05	102.065	102.180	101.748	101.890	5
2026-03-16 16:10	101.895	102.110	101.790	101.900	5
2026-03-16 16:15	101.910	102.040	101.545	101.820	5
2026-03-16 16:20	101.825	102.590	101.697	102.580	5
2026-03-16 16:25	102.590	103.225	102.503	102.870	5
2026-03-16 16:30	102.875	102.930	102.510	102.560	5
2026-03-16 16:35	102.555	102.625	102.360	102.470	5
2026-03-16 16:40	102.485	102.510	102.150	102.380	5
2026-03-16 16:45	102.385	102.500	102.120	102.250	5
2026-03-16 16:50	102.255	102.370	102.130	102.170	5
2026-03-16 16:55	102.145	102.270	101.845	102.120	5
2026-03-16 17:00	102.125	102.217	101.483	101.945	5
2026-03-16 17:05	101.957	101.957	101.558	101.820	5
2026-03-16 17:10	101.815	101.815	100.597	101.500	5
2026-03-16 17:15	101.505	101.760	101.240	101.340	5
2026-03-16 17:20	101.335	101.360	100.947	101.170	5
2026-03-16 17:25	101.175	101.227	100.500	100.665	5
2026-03-16 17:30	100.640	101.000	100.540	100.970	5
2026-03-16 17:35	100.995	101.200	100.875	101.190	5
2026-03-16 17:40	101.195	101.260	100.985	101.180	5
2026-03-16 17:45	101.190	101.290	101.085	101.180	5
2026-03-16 17:50	101.185	101.300	101.085	101.135	5
2026-03-16 17:55	101.140	101.140	100.845	100.890	5
2026-03-16 18:00	100.880	101.200	100.880	101.180	5
2026-03-16 18:05	101.185	101.185	100.373	100.440	5
2026-03-16 18:10	100.470	100.860	100.310	100.720	5
2026-03-16 18:15	100.725	100.750	99.565	100.090	5
2026-03-16 18:20	100.100	100.475	100.028	100.045	5
2026-03-16 18:25	100.050	100.380	99.780	100.200	5
2026-03-16 18:30	100.210	100.580	100.000	100.295	5
2026-03-16 18:35	100.300	100.660	100.195	100.620	5
2026-03-16 18:40	100.615	100.680	100.465	100.490	5
2026-03-16 18:45	100.495	100.590	100.390	100.560	5
2026-03-16 18:50	100.550	100.550	100.310	100.370	5
2026-03-16 18:55	100.365	100.445	100.130	100.155	5
2026-03-16 19:00	100.170	100.440	100.123	100.370	5
2026-03-16 19:05	100.375	100.690	100.340	100.490	5
2026-03-16 19:10	100.500	100.695	100.350	100.620	5
2026-03-16 19:15	100.615	100.660	100.480	100.640	5
2026-03-16 19:20	100.650	101.075	100.645	101.030	5
2026-03-16 19:25	101.040	101.185	100.347	100.487	5
2026-03-16 19:30	100.517	100.795	100.247	100.590	5
2026-03-16 19:35	100.600	100.685	100.173	100.485	5
2026-03-16 19:40	100.475	100.550	100.195	100.245	5
2026-03-16 19:45	100.247	100.310	99.855	99.885	5
2026-03-16 19:50	99.890	100.005	99.635	99.815	5
2026-03-16 19:55	99.805	100.095	99.805	100.050	5
2026-03-16 20:00	100.055	100.545	99.995	100.220	5
2026-03-16 20:05	100.215	100.260	99.893	99.975	5
2026-03-16 20:10	99.995	100.060	99.835	99.855	5
2026-03-16 20:15	99.840	100.175	99.835	100.075	5
2026-03-16 20:20	100.085	100.440	99.955	100.215	5
2026-03-16 20:25	100.230	100.395	100.188	100.350	5
2026-03-16 20:30	100.330	100.450	100.273	100.315	5
2026-03-16 20:35	100.325	100.860	100.298	100.760	5
2026-03-16 20:40	100.755	100.785	99.908	100.475	5
2026-03-16 20:45	100.485	100.885	100.413	100.865	5
2026-03-16 20:50	100.835	100.930	100.675	100.680	5
2026-03-16 20:55	100.665	100.895	100.610	100.855	5
2026-03-17 00:00	101.457	102.167	101.457	102.097	5
2026-03-17 00:05	102.092	102.092	101.627	101.727	5
2026-03-17 00:10	101.737	101.857	101.692	101.757	5
2026-03-17 00:15	101.752	101.932	101.737	101.807	5
2026-03-17 00:20	101.812	102.052	101.812	101.952	5
2026-03-17 00:25	101.957	102.232	101.952	102.197	5
2026-03-17 00:30	102.192	102.367	102.142	102.152	5
2026-03-17 00:35	102.162	102.532	102.162	102.387	5
2026-03-17 00:40	102.407	102.582	102.372	102.452	5
2026-03-17 00:45	102.437	102.827	102.312	102.817	5
2026-03-17 00:50	102.817	102.892	102.552	102.892	5
2026-03-17 00:55	102.897	103.082	102.558	102.577	5
2026-03-17 01:00	102.548	102.995	102.548	102.725	5
2026-03-17 01:05	102.707	102.720	102.387	102.465	5
2026-03-17 01:10	102.485	102.595	102.275	102.515	5
2026-03-17 01:15	102.525	102.970	102.365	102.915	5
2026-03-17 01:20	102.910	102.965	102.728	102.855	5
2026-03-17 01:25	102.870	103.010	102.497	102.595	5
2026-03-17 01:30	102.627	102.627	102.320	102.457	5
2026-03-17 01:35	102.467	102.765	102.305	102.617	5
2026-03-17 01:40	102.610	102.690	102.487	102.545	5
2026-03-17 01:45	102.555	102.745	102.527	102.595	5
2026-03-17 01:50	102.585	102.955	102.453	102.825	5
2026-03-17 01:55	102.815	102.965	102.787	102.905	5
2026-03-17 02:00	102.900	103.087	102.897	103.020	5
2026-03-17 02:05	103.027	103.130	102.965	102.985	5
2026-03-17 02:10	102.980	103.075	102.940	103.025	5
2026-03-17 02:15	103.007	103.115	102.957	103.095	5
2026-03-17 02:20	103.067	103.095	102.970	103.005	5
2026-03-17 02:25	103.010	103.040	102.965	103.000	5
2026-03-17 02:30	102.995	103.035	102.583	102.745	5
2026-03-17 02:35	102.747	102.815	102.617	102.765	5
2026-03-17 02:40	102.755	103.060	102.755	103.005	5
2026-03-17 02:45	103.007	103.165	102.840	103.050	5
2026-03-17 02:50	103.025	103.155	103.020	103.125	5
2026-03-17 02:55	103.120	103.217	103.035	103.040	5
2026-03-17 03:00	102.978	103.040	102.890	102.995	5
2026-03-17 03:05	102.985	103.150	102.945	103.005	5
2026-03-17 03:10	103.007	103.187	102.967	103.187	5
2026-03-17 03:15	103.195	103.200	102.965	103.075	5
2026-03-17 03:20	103.065	103.185	103.005	103.005	5
2026-03-17 03:25	103.000	103.045	102.825	102.960	5
2026-03-17 03:30	102.945	103.200	102.940	102.995	5
2026-03-17 03:35	102.975	102.975	102.685	102.830	5
2026-03-17 03:40	102.820	102.960	102.817	102.835	5
2026-03-17 03:45	102.845	103.055	102.827	103.040	5
2026-03-17 03:50	103.035	103.140	103.020	103.085	5
2026-03-17 03:55	103.090	103.090	102.890	102.970	5
2026-03-17 04:00	102.965	103.210	102.965	103.120	5
2026-03-17 04:05	103.115	103.185	103.070	103.080	5
2026-03-17 04:10	103.085	103.105	103.020	103.100	5
2026-03-17 04:15	103.110	103.140	102.990	103.010	5
2026-03-17 04:20	103.015	103.015	102.775	102.840	5
2026-03-17 04:25	102.835	102.905	102.835	102.885	5
2026-03-17 04:30	102.900	102.905	102.650	102.835	5
2026-03-17 04:35	102.845	102.875	102.675	102.725	5
2026-03-17 04:40	102.720	102.745	102.625	102.685	5
2026-03-17 04:45	102.690	102.730	102.568	102.725	5
2026-03-17 04:50	102.730	102.915	102.730	102.855	5
2026-03-17 04:55	102.847	103.025	102.847	103.010	5
2026-03-17 05:00	103.025	103.030	102.860	102.880	5
2026-03-17 05:05	102.895	102.920	102.830	102.840	5
2026-03-17 05:10	102.805	102.825	102.675	102.705	5
2026-03-17 05:15	102.720	102.855	102.685	102.785	5
2026-03-17 05:20	102.780	102.850	102.750	102.790	5
2026-03-17 05:25	102.805	102.855	102.590	102.595	5
2026-03-17 05:30	102.531	102.705	102.407	102.690	5
2026-03-17 05:35	102.695	103.085	102.690	103.025	5
2026-03-17 05:40	103.020	103.585	102.917	103.580	5
2026-03-17 05:45	103.590	103.875	103.505	103.725	5
2026-03-17 05:50	103.717	104.210	103.705	104.210	5
2026-03-17 05:55	104.215	104.735	104.193	104.585	5
2026-03-17 06:00	104.580	104.950	104.363	104.815	5
2026-03-17 06:05	104.835	104.880	104.507	104.560	5
2026-03-17 06:10	104.567	104.605	104.135	104.205	5
2026-03-17 06:15	104.207	104.335	103.847	104.095	5
2026-03-17 06:20	104.105	104.110	103.527	103.875	5
2026-03-17 06:25	103.887	103.927	103.577	103.637	5
2026-03-17 06:30	103.635	103.990	103.393	103.925	5
2026-03-17 06:35	103.905	103.970	103.685	103.735	5
2026-03-17 06:40	103.707	103.990	103.685	103.730	5
2026-03-17 06:45	103.725	104.005	103.675	104.005	5
2026-03-17 06:50	104.000	104.005	103.787	103.955	5
2026-03-17 06:55	103.937	104.005	103.750	103.845	5
2026-03-17 07:00	103.748	104.005	103.563	103.695	5
2026-03-17 07:05	103.700	104.075	103.630	104.075	5
2026-03-17 07:10	104.065	104.065	103.868	104.020	5
2026-03-17 07:15	104.010	104.065	103.595	103.640	5
2026-03-17 07:20	103.645	103.790	103.250	103.360	5
2026-03-17 07:25	103.370	103.580	103.065	103.255	5
2026-03-17 07:30	103.270	103.290	102.988	103.150	5
2026-03-17 07:35	103.160	103.270	103.065	103.135	5
2026-03-17 07:40	103.145	103.485	103.055	103.395	5
2026-03-17 07:45	103.400	103.610	103.213	103.340	5
2026-03-17 07:50	103.320	103.725	103.258	103.660	5
2026-03-17 07:55	103.640	103.660	103.340	103.340	5
2026-03-17 08:00	103.335	103.665	103.210	103.525	5
2026-03-17 08:05	103.520	103.825	103.445	103.765	5
2026-03-17 08:10	103.795	104.115	103.675	104.020	5
2026-03-17 08:15	104.015	104.380	104.000	104.065	5
2026-03-17 08:20	104.060	104.435	103.983	104.055	5
2026-03-17 08:25	104.050	104.215	103.840	104.075	5
2026-03-17 08:30	104.055	104.170	103.750	104.155	5
2026-03-17 08:35	104.145	104.240	103.790	103.845	5
2026-03-17 08:40	103.835	103.845	103.295	103.570	5
2026-03-17 08:45	103.575	103.720	103.325	103.690	5
2026-03-17 08:50	103.677	104.180	103.610	104.130	5
2026-03-17 08:55	104.140	104.275	104.000	104.090	5
2026-03-17 09:00	104.018	104.140	103.660	103.890	5
2026-03-17 09:05	103.885	103.895	103.640	103.705	5
2026-03-17 09:10	103.710	103.710	103.300	103.440	5
2026-03-17 09:15	103.450	103.650	103.360	103.510	5
2026-03-17 09:20	103.505	103.740	103.368	103.595	5
2026-03-17 09:25	103.558	103.620	102.716	102.800	5
2026-03-17 09:30	102.840	103.065	102.775	102.835	5
2026-03-17 09:35	102.825	102.975	102.535	102.850	5
2026-03-17 09:40	102.865	103.120	102.865	102.900	5
2026-03-17 09:45	102.905	103.020	102.665	102.925	5
2026-03-17 09:50	102.915	102.920	102.720	102.835	5
2026-03-17 09:55	102.830	102.970	102.585	102.810	5
2026-03-17 10:00	102.768	103.145	102.753	103.100	5
2026-03-17 10:05	103.110	103.215	103.085	103.160	5
2026-03-17 10:10	103.165	103.225	103.063	103.140	5
2026-03-17 10:15	103.135	103.620	103.115	103.530	5
2026-03-17 10:20	103.510	103.740	103.435	103.500	5
2026-03-17 10:25	103.495	103.540	103.410	103.520	5
2026-03-17 10:30	103.540	103.580	103.180	103.230	5
2026-03-17 10:35	103.240	103.330	102.995	103.180	5
2026-03-17 10:40	103.170	103.170	102.995	103.025	5
2026-03-17 10:45	103.020	103.075	102.830	103.045	5
2026-03-17 10:50	103.040	103.250	103.040	103.155	5
2026-03-17 10:55	103.170	103.212	102.930	102.950	5
2026-03-17 11:00	102.955	103.100	102.920	103.050	5
2026-03-17 11:05	103.040	103.255	103.035	103.110	5
2026-03-17 11:10	103.085	103.225	103.050	103.130	5
2026-03-17 11:15	103.120	103.120	102.953	103.115	5
2026-03-17 11:20	103.110	103.210	102.950	103.100	5
2026-03-17 11:25	103.105	103.215	103.018	103.195	5
2026-03-17 11:30	103.200	103.475	103.130	103.405	5
2026-03-17 11:35	103.410	103.575	103.300	103.500	5
2026-03-17 11:40	103.490	103.610	103.303	103.610	5
2026-03-17 11:45	103.600	103.610	103.330	103.410	5
2026-03-17 11:50	103.425	103.555	103.270	103.510	5
2026-03-17 11:55	103.515	103.610	103.425	103.520	5
2026-03-17 12:00	103.528	103.610	103.150	103.185	5
2026-03-17 12:05	103.190	103.200	102.705	102.755	5
2026-03-17 12:10	102.750	102.835	102.015	102.400	5
2026-03-17 12:15	102.415	102.670	102.330	102.375	5
2026-03-17 12:20	102.390	102.540	102.190	102.200	5
2026-03-17 12:25	102.205	102.410	102.160	102.295	5
2026-03-17 12:30	102.285	102.350	102.065	102.275	5
2026-03-17 12:35	102.267	102.505	102.177	102.380	5
2026-03-17 12:40	102.385	102.670	102.290	102.580	5
2026-03-17 12:45	102.560	102.725	102.520	102.625	5
2026-03-17 12:50	102.635	102.720	102.517	102.535	5
2026-03-17 12:55	102.545	102.565	102.140	102.140	5
2026-03-17 13:00	102.130	102.340	101.760	102.280	5
2026-03-17 13:05	102.285	102.415	101.835	101.970	5
2026-03-17 13:10	101.960	101.960	101.745	101.890	5
2026-03-17 13:15	101.895	102.057	101.645	101.850	5
2026-03-17 13:20	101.855	102.175	101.757	102.150	5
2026-03-17 13:25	102.140	102.175	101.985	102.030	5
2026-03-17 13:30	101.988	102.150	101.760	101.775	5
2026-03-17 13:35	101.785	101.970	101.650	101.800	5
2026-03-17 13:40	101.815	101.825	101.337	101.435	5
2026-03-17 13:45	101.440	101.515	101.090	101.505	5
2026-03-17 13:50	101.510	102.020	101.470	101.900	5
2026-03-17 13:55	101.890	102.120	101.770	102.080	5
2026-03-17 14:00	102.085	102.365	102.043	102.225	5
2026-03-17 14:05	102.230	102.300	101.863	101.910	5
2026-03-17 14:10	101.920	102.220	101.915	102.220	5
2026-03-17 14:15	102.210	102.370	102.015	102.040	5
2026-03-17 14:20	102.050	102.190	101.940	102.055	5
2026-03-17 14:25	102.035	102.085	101.830	101.865	5
2026-03-17 14:30	101.860	101.970	101.735	101.870	5
2026-03-17 14:35	101.833	101.895	101.440	101.600	5
2026-03-17 14:40	101.570	101.675	101.065	101.130	5
2026-03-17 14:45	101.120	101.320	100.920	101.100	5
2026-03-17 14:50	101.080	101.155	100.845	101.050	5
2026-03-17 14:55	101.030	101.155	100.890	101.080	5
2026-03-17 15:00	101.090	101.220	100.985	101.130	5
2026-03-17 15:05	101.110	101.430	101.090	101.350	5
2026-03-17 15:10	101.345	101.600	101.220	101.580	5
2026-03-17 15:15	101.575	101.720	101.450	101.620	5
2026-03-17 15:20	101.630	101.890	101.550	101.810	5
2026-03-17 15:25	101.815	102.000	101.695	101.925	5
2026-03-17 15:30	101.923	102.300	101.830	102.270	5
2026-03-17 15:35	102.260	102.820	102.260	102.685	5
2026-03-17 15:40	102.645	102.770	102.410	102.450	5
2026-03-17 15:45	102.455	102.850	102.450	102.800	5
2026-03-17 15:50	102.790	102.805	102.520	102.570	5
2026-03-17 15:55	102.580	102.705	102.415	102.640	5
2026-03-17 16:00	102.650	102.855	102.495	102.700	5
2026-03-17 16:05	102.695	102.885	102.398	102.465	5
2026-03-17 16:10	102.470	102.630	102.190	102.500	5
2026-03-17 16:15	102.490	102.565	102.000	102.020	5
2026-03-17 16:20	102.025	102.115	101.685	101.710	5
2026-03-17 16:25	101.720	101.835	101.400	101.445	5
2026-03-17 16:30	101.403	101.765	101.403	101.555	5
2026-03-17 16:35	101.550	101.965	101.550	101.870	5
2026-03-17 16:40	101.865	101.975	101.720	101.860	5
2026-03-17 16:45	101.865	102.315	101.705	102.305	5
2026-03-17 16:50	102.310	102.357	102.085	102.220	5
2026-03-17 16:55	102.235	102.240	101.960	102.000	5
2026-03-17 17:00	102.010	102.515	101.970	102.515	5
2026-03-17 17:05	102.520	102.730	102.510	102.600	5
2026-03-17 17:10	102.610	102.975	102.590	102.950	5
2026-03-17 17:15	102.940	103.120	102.870	103.105	5
2026-03-17 17:20	103.110	103.185	103.010	103.040	5
2026-03-17 17:25	103.045	103.105	102.598	102.715	5
2026-03-17 17:30	102.760	102.765	102.380	102.470	5
2026-03-17 17:35	102.465	102.485	102.180	102.190	5
2026-03-17 17:40	102.185	102.605	102.023	102.570	5
2026-03-17 17:45	102.560	102.885	102.510	102.750	5
2026-03-17 17:50	102.760	102.930	102.740	102.910	5
2026-03-17 17:55	102.920	103.170	102.920	103.080	5
2026-03-17 18:00	103.070	103.090	102.850	103.010	5
2026-03-17 18:05	102.995	103.025	102.770	102.830	5
2026-03-17 18:10	102.835	103.045	102.760	103.045	5
2026-03-17 18:15	103.077	103.110	102.890	102.960	5
2026-03-17 18:20	102.970	103.600	102.930	103.530	5
2026-03-17 18:25	103.520	103.620	103.185	103.375	5
2026-03-17 18:30	103.380	103.540	103.240	103.540	5
2026-03-17 18:35	103.530	103.540	103.333	103.490	5
2026-03-17 18:40	103.485	103.535	103.390	103.390	5
2026-03-17 18:45	103.385	103.495	103.360	103.440	5
2026-03-17 18:50	103.435	103.470	103.310	103.330	5
2026-03-17 18:55	103.320	103.420	103.275	103.390	5
2026-03-17 19:00	103.375	103.675	103.147	103.525	5
2026-03-17 19:05	103.520	103.595	103.250	103.360	5
2026-03-17 19:10	103.370	103.380	103.233	103.360	5
2026-03-17 19:15	103.355	103.355	103.110	103.170	5
2026-03-17 19:20	103.180	103.300	103.160	103.180	5
2026-03-17 19:25	103.185	103.275	103.085	103.250	5
2026-03-17 19:30	103.240	103.510	103.215	103.460	5
2026-03-17 19:35	103.455	103.522	103.325	103.345	5
2026-03-17 19:40	103.340	103.590	103.290	103.520	5
2026-03-17 19:45	103.530	103.540	103.350	103.370	5
2026-03-17 19:50	103.380	103.720	103.370	103.690	5
2026-03-17 19:55	103.700	103.840	103.610	103.675	5
2026-03-17 20:00	103.680	103.780	103.655	103.750	5
2026-03-17 20:05	103.740	103.740	103.560	103.590	5
2026-03-17 20:10	103.585	103.665	103.555	103.600	5
2026-03-17 20:15	103.595	103.615	103.407	103.465	5
2026-03-17 20:20	103.460	103.530	103.397	103.400	5
2026-03-17 20:25	103.395	103.445	103.315	103.407	5
2026-03-17 20:30	103.405	103.727	103.397	103.605	5
2026-03-17 20:35	103.585	103.675	103.540	103.645	5
2026-03-17 20:40	103.650	103.730	103.585	103.705	5
2026-03-17 20:45	103.710	103.750	103.555	103.570	5
2026-03-17 20:50	103.565	103.605	103.480	103.565	5
2026-03-17 20:55	103.605	103.645	103.477	103.570	5
2026-03-18 00:00	103.537	103.572	103.232	103.367	5
2026-03-18 00:05	103.357	103.502	103.087	103.412	5
2026-03-18 00:10	103.432	103.447	103.213	103.267	5
2026-03-18 00:15	103.272	103.302	102.988	103.092	5
2026-03-18 00:20	103.082	103.097	102.962	103.087	5
2026-03-18 00:25	103.072	103.177	103.042	103.147	5
2026-03-18 00:30	103.162	103.212	103.022	103.162	5
2026-03-18 00:35	103.172	103.262	103.087	103.132	5
2026-03-18 00:40	103.142	103.142	102.497	102.592	5
2026-03-18 00:45	102.587	102.732	102.417	102.427	5
2026-03-18 00:50	102.432	102.552	102.217	102.322	5
2026-03-18 00:55	102.342	102.507	102.317	102.432	5
2026-03-18 01:00	102.422	102.525	102.035	102.365	5
2026-03-18 01:05	102.367	102.457	102.200	102.225	5
2026-03-18 01:10	102.215	102.615	102.165	102.485	5
2026-03-18 01:15	102.480	102.607	102.425	102.545	5
2026-03-18 01:20	102.537	102.587	102.405	102.565	5
2026-03-18 01:25	102.555	102.770	102.395	102.725	5
2026-03-18 01:30	102.745	102.815	102.487	102.495	5
2026-03-18 01:35	102.490	102.525	102.435	102.495	5
2026-03-18 01:40	102.485	102.835	102.445	102.785	5
2026-03-18 01:45	102.790	102.815	102.545	102.615	5
2026-03-18 01:50	102.655	102.817	102.607	102.725	5
2026-03-18 01:55	102.727	102.765	102.640	102.685	5
2026-03-18 02:00	102.593	102.905	102.540	102.745	5
2026-03-18 02:05	102.755	102.815	102.605	102.735	5
2026-03-18 02:10	102.745	102.755	102.470	102.500	5
2026-03-18 02:15	102.505	102.630	102.455	102.465	5
2026-03-18 02:20	102.460	102.525	102.450	102.485	5
2026-03-18 02:25	102.490	102.490	102.345	102.395	5
2026-03-18 02:30	102.385	102.385	102.165	102.260	5
2026-03-18 02:35	102.255	102.410	102.235	102.375	5
2026-03-18 02:40	102.377	102.405	102.117	102.200	5
2026-03-18 02:45	102.195	102.265	102.035	102.065	5
2026-03-18 02:50	102.060	102.090	101.735	101.825	5
2026-03-18 02:55	101.820	102.205	101.750	102.205	5
2026-03-18 03:00	102.200	102.220	101.920	101.920	5
2026-03-18 03:05	101.905	102.115	101.900	102.045	5
2026-03-18 03:10	102.037	102.230	102.020	102.060	5
2026-03-18 03:15	102.065	102.175	102.060	102.160	5
2026-03-18 03:20	102.165	102.180	101.623	101.775	5
2026-03-18 03:25	101.765	101.985	101.705	101.935	5
2026-03-18 03:30	101.937	102.095	101.817	101.855	5
2026-03-18 03:35	101.860	101.970	101.795	101.895	5
2026-03-18 03:40	101.905	101.905	101.715	101.795	5
2026-03-18 03:45	101.787	101.825	101.650	101.795	5
2026-03-18 03:50	101.785	101.825	101.565	101.575	5
2026-03-18 03:55	101.580	101.595	100.925	100.977	5
2026-03-18 04:00	100.987	101.165	100.827	101.055	5
2026-03-18 04:05	101.050	101.187	100.975	100.995	5
2026-03-18 04:10	100.987	101.095	100.885	101.025	5
2026-03-18 04:15	101.035	101.095	100.865	100.995	5
2026-03-18 04:20	100.990	101.155	100.980	101.115	5
2026-03-18 04:25	101.120	101.195	101.070	101.120	5
2026-03-18 04:30	101.115	101.205	101.035	101.070	5
2026-03-18 04:35	101.055	101.080	100.845	100.915	5
2026-03-18 04:40	100.905	101.017	100.880	101.000	5
2026-03-18 04:45	101.005	101.130	100.965	100.975	5
2026-03-18 04:50	100.990	101.070	100.890	100.995	5
2026-03-18 04:55	100.985	101.130	100.980	101.020	5
2026-03-18 05:00	101.015	101.095	100.915	101.077	5
2026-03-18 05:05	101.065	101.505	101.060	101.220	5
2026-03-18 05:10	101.210	101.305	101.047	101.055	5
2026-03-18 05:15	101.060	101.115	100.975	101.010	5
2026-03-18 05:20	101.025	101.115	100.850	100.945	5
2026-03-18 05:25	100.940	101.065	100.905	101.045	5
2026-03-18 05:30	101.040	101.117	100.525	100.935	5
2026-03-18 05:35	100.917	101.107	100.885	100.947	5
2026-03-18 05:40	100.955	101.135	100.913	101.065	5
2026-03-18 05:45	101.060	101.135	100.818	101.130	5
2026-03-18 05:50	101.105	101.127	100.945	101.115	5
2026-03-18 05:55	101.105	101.135	100.835	100.897	5
2026-03-18 06:00	100.925	101.470	100.925	101.370	5
2026-03-18 06:05	101.385	101.400	100.890	100.975	5
2026-03-18 06:10	100.995	101.065	100.865	100.905	5
2026-03-18 06:15	100.915	100.977	100.755	100.795	5
2026-03-18 06:20	100.780	100.785	100.440	100.480	5
2026-03-18 06:25	100.470	100.905	100.320	100.885	5
2026-03-18 06:30	100.875	100.955	100.720	100.905	5
2026-03-18 06:35	100.900	101.087	100.820	101.075	5
2026-03-18 06:40	101.085	101.217	101.085	101.115	5
2026-03-18 06:45	101.110	101.365	101.070	101.295	5
2026-03-18 06:50	101.287	101.675	101.287	101.647	5
2026-03-18 06:55	101.645	101.795	101.515	101.680	5
2026-03-18 07:00	101.638	101.825	101.555	101.640	5
2026-03-18 07:05	101.635	102.010	101.580	101.970	5
2026-03-18 07:10	101.955	101.955	101.573	101.685	5
2026-03-18 07:15	101.690	101.690	101.465	101.610	5
2026-03-18 07:20	101.620	101.850	101.610	101.790	5
2026-03-18 07:25	101.795	101.950	101.725	101.890	5
2026-03-18 07:30	101.900	101.925	101.810	101.875	5
2026-03-18 07:35	101.917	102.200	101.917	102.050	5
2026-03-18 07:40	102.040	102.090	101.915	101.940	5
2026-03-18 07:45	101.935	102.100	101.900	102.020	5
2026-03-18 07:50	102.025	102.140	102.025	102.140	5
2026-03-18 07:55	102.130	102.175	101.985	102.120	5
2026-03-18 08:00	102.098	102.220	101.998	102.185	5
2026-03-18 08:05	102.180	102.430	102.105	102.355	5
2026-03-18 08:10	102.360	102.380	102.170	102.250	5
2026-03-18 08:15	102.245	102.390	102.200	102.290	5
2026-03-18 08:20	102.295	102.440	102.165	102.390	5
2026-03-18 08:25	102.400	102.750	102.400	102.660	5
2026-03-18 08:30	102.680	103.130	102.665	102.940	5
2026-03-18 08:35	102.950	103.015	102.817	102.900	5
2026-03-18 08:40	102.890	102.950	102.705	102.780	5
2026-03-18 08:45	102.770	102.975	102.705	102.785	5
2026-03-18 08:50	102.765	102.795	102.640	102.730	5
2026-03-18 08:55	102.720	102.850	102.670	102.760	5
2026-03-18 09:00	102.745	103.190	102.730	103.105	5
2026-03-18 09:05	103.140	103.160	102.605	102.960	5
2026-03-18 09:10	102.970	103.530	102.960	103.510	5
2026-03-18 09:15	103.515	103.520	103.185	103.220	5
2026-03-18 09:20	103.225	103.260	103.140	103.195	5
2026-03-18 09:25	103.180	103.195	102.975	103.020	5
2026-03-18 09:30	103.010	103.120	102.915	103.085	5
2026-03-18 09:35	103.090	103.190	102.915	103.150	5
2026-03-18 09:40	103.170	103.265	103.070	103.190	5
2026-03-18 09:45	103.230	103.395	103.170	103.230	5
2026-03-18 09:50	103.235	103.405	103.140	103.400	5
2026-03-18 09:55	103.405	103.505	103.345	103.400	5
2026-03-18 10:00	103.410	103.550	103.280	103.410	5
2026-03-18 10:05	103.405	103.410	103.205	103.210	5
2026-03-18 10:10	103.205	103.245	103.115	103.240	5
2026-03-18 10:15	103.245	103.430	103.180	103.340	5
2026-03-18 10:20	103.330	103.605	103.273	103.530	5
2026-03-18 10:25	103.540	103.570	103.195	103.460	5
2026-03-18 10:30	103.470	103.565	103.420	103.460	5
2026-03-18 10:35	103.465	103.660	103.410	103.630	5
2026-03-18 10:40	103.615	103.775	103.580	103.620	5
2026-03-18 10:45	103.600	103.630	103.460	103.545	5
2026-03-18 10:50	103.540	104.000	103.540	103.880	5
2026-03-18 10:55	103.870	103.935	103.705	103.825	5
2026-03-18 11:00	103.830	103.870	103.590	103.770	5
2026-03-18 11:05	103.780	103.900	103.740	103.782	5
2026-03-18 11:10	103.780	103.780	103.395	103.570	5
2026-03-18 11:15	103.575	103.720	103.550	103.700	5
2026-03-18 11:20	103.695	103.767	103.430	103.635	5
2026-03-18 11:25	103.620	105.215	103.588	105.095	5
2026-03-18 11:30	105.085	105.295	104.468	104.665	5
2026-03-18 11:35	104.690	104.740	104.315	104.420	5
2026-03-18 11:40	104.440	104.580	103.960	104.160	5
2026-03-18 11:45	104.155	104.250	103.670	103.775	5
2026-03-18 11:50	103.765	104.190	103.740	104.025	5
2026-03-18 11:55	104.055	104.340	103.995	104.145	5
2026-03-18 12:00	104.060	104.775	104.043	104.595	5
2026-03-18 12:05	104.590	104.810	104.210	104.600	5
2026-03-18 12:10	104.547	104.970	104.433	104.915	5
2026-03-18 12:15	104.910	105.760	104.895	105.720	5
2026-03-18 12:20	105.630	106.170	105.525	105.995	5
2026-03-18 12:25	105.985	106.005	105.655	105.790	5
2026-03-18 12:30	105.810	106.160	105.645	105.850	5
2026-03-18 12:35	105.840	105.975	105.743	105.810	5
2026-03-18 12:40	105.805	106.905	105.610	106.617	5
2026-03-18 12:45	106.627	107.425	106.377	107.420	5
2026-03-18 12:50	107.415	108.252	107.087	107.907	5
2026-03-18 12:55	107.905	108.245	107.515	108.085	5
2026-03-18 13:00	108.043	108.565	107.603	107.920	5
2026-03-18 13:05	107.925	108.065	107.548	108.035	5
2026-03-18 13:10	108.025	108.305	107.870	108.300	5
2026-03-18 13:15	108.295	108.540	107.905	108.135	5
2026-03-18 13:20	108.140	108.155	107.657	107.810	5
2026-03-18 13:25	107.820	108.045	107.633	108.035	5
2026-03-18 13:30	107.993	108.600	107.683	108.380	5
2026-03-18 13:35	108.390	108.445	107.993	108.295	5
2026-03-18 13:40	108.310	108.635	107.940	108.450	5
2026-03-18 13:45	108.427	108.885	108.178	108.740	5
2026-03-18 13:50	108.737	108.975	108.568	108.815	5
2026-03-18 13:55	108.820	109.145	108.730	109.095	5
2026-03-18 14:00	109.033	109.215	108.895	108.920	5
2026-03-18 14:05	108.925	108.925	108.295	108.700	5
2026-03-18 14:10	108.690	109.155	108.560	109.125	5
2026-03-18 14:15	109.120	109.310	108.950	109.300	5
2026-03-18 14:20	109.305	109.630	109.290	109.630	5
2026-03-18 14:25	109.625	109.720	109.430	109.477	5
2026-03-18 14:30	109.477	109.880	109.337	109.880	5
2026-03-18 14:35	109.890	109.920	109.528	109.800	5
2026-03-18 14:40	109.805	109.925	109.673	109.830	5
2026-03-18 14:45	109.825	109.900	109.370	109.875	5
2026-03-18 14:50	109.880	109.900	109.605	109.650	5
2026-03-18 14:55	109.660	109.725	108.888	109.120	5
2026-03-18 15:00	109.168	109.170	108.465	108.630	5
2026-03-18 15:05	108.588	108.730	108.248	108.580	5
2026-03-18 15:10	108.590	108.890	108.218	108.645	5
2026-03-18 15:15	108.640	108.950	108.590	108.930	5
2026-03-18 15:20	108.935	109.225	108.890	108.980	5
2026-03-18 15:25	108.955	109.110	108.775	109.060	5
2026-03-18 15:30	109.045	109.045	108.758	108.875	5
2026-03-18 15:35	108.870	109.205	108.855	108.925	5
2026-03-18 15:40	108.920	109.210	108.875	109.130	5
2026-03-18 15:45	109.135	109.240	108.880	108.950	5
2026-03-18 15:50	108.965	109.110	108.528	108.555	5
2026-03-18 15:55	108.550	108.735	108.268	108.541	5
2026-03-18 16:00	108.530	108.755	108.365	108.425	5
2026-03-18 16:05	108.420	108.725	108.253	108.570	5
2026-03-18 16:10	108.575	108.625	107.895	108.170	5
2026-03-18 16:15	108.150	108.520	108.150	108.190	5
2026-03-18 16:20	108.170	108.325	108.030	108.280	5
2026-03-18 16:25	108.275	108.510	108.225	108.290	5
2026-03-18 16:30	108.300	108.610	108.170	108.435	5
2026-03-18 16:35	108.440	108.670	108.101	108.280	5
2026-03-18 16:40	108.275	108.477	108.110	108.220	5
2026-03-18 16:45	108.175	108.205	107.946	108.120	5
2026-03-18 16:50	108.125	108.310	108.010	108.220	5
2026-03-18 16:55	108.230	108.565	108.180	108.560	5
2026-03-18 17:00	108.565	108.910	108.513	108.700	5
2026-03-18 17:05	108.705	108.770	108.500	108.560	5
2026-03-18 17:10	108.580	108.715	108.445	108.700	5
2026-03-18 17:15	108.670	108.765	108.440	108.500	5
2026-03-18 17:20	108.505	108.585	108.230	108.410	5
2026-03-18 17:25	108.420	108.655	108.420	108.540	5
2026-03-18 17:30	108.513	108.700	108.350	108.435	5
2026-03-18 17:35	108.430	108.430	107.790	107.790	5
2026-03-18 17:40	107.795	107.845	107.398	107.620	5
2026-03-18 17:45	107.615	107.630	106.657	107.195	5
2026-03-18 17:50	107.205	107.330	106.915	107.010	5
2026-03-18 17:55	107.005	107.145	106.443	106.567	5
2026-03-18 18:00	106.557	106.677	105.707	106.217	5
2026-03-18 18:05	106.257	106.785	106.085	106.705	5
2026-03-18 18:10	106.725	106.877	106.425	106.800	5
2026-03-18 18:15	106.795	107.715	106.750	107.350	5
2026-03-18 18:20	107.365	107.420	107.088	107.150	5
2026-03-18 18:25	107.145	107.670	107.135	107.270	5
2026-03-18 18:30	107.258	108.290	107.210	108.145	5
2026-03-18 18:35	108.137	108.407	107.498	108.085	5
2026-03-18 18:40	108.075	108.205	107.730	107.930	5
2026-03-18 18:45	107.925	108.010	107.765	107.910	5
2026-03-18 18:50	107.885	108.070	107.747	107.935	5
2026-03-18 18:55	107.940	107.987	107.515	107.930	5
2026-03-18 19:00	107.960	108.225	107.930	108.080	5
2026-03-18 19:05	108.090	108.210	107.535	107.872	5
2026-03-18 19:10	107.850	108.070	107.805	108.040	5
2026-03-18 19:15	108.055	108.425	107.973	108.425	5
2026-03-18 19:20	108.388	109.020	108.388	108.950	5
2026-03-18 19:25	108.955	109.037	108.735	108.870	5
2026-03-18 19:30	108.875	109.025	108.795	108.955	5
2026-03-18 19:35	108.945	109.120	108.910	109.045	5
2026-03-18 19:40	109.050	109.530	109.045	109.525	5
2026-03-18 19:45	109.515	109.675	109.428	109.580	5
2026-03-18 19:50	109.560	109.925	109.528	109.920	5
2026-03-18 19:55	109.895	109.920	109.620	109.630	5
2026-03-18 20:00	109.625	109.805	109.530	109.710	5
2026-03-18 20:05	109.715	109.960	109.705	109.940	5
2026-03-18 20:10	109.935	110.665	109.918	110.640	5
2026-03-18 20:15	110.650	111.100	110.635	111.100	5
2026-03-18 20:20	111.095	111.140	110.548	110.990	5
2026-03-18 20:25	111.010	111.130	110.925	111.120	5
2026-03-18 20:30	111.115	111.505	111.067	111.400	5
2026-03-18 20:35	111.390	111.860	111.177	111.555	5
2026-03-18 20:40	111.560	111.730	111.350	111.465	5
2026-03-18 20:45	111.460	111.500	110.895	111.095	5
2026-03-18 20:50	111.100	111.235	110.760	110.760	5
2026-03-18 20:55	110.755	111.110	110.755	110.935	5
2026-03-19 00:00	109.843	111.237	109.813	110.513	5
2026-03-19 00:05	110.513	110.853	110.278	110.853	5
2026-03-19 00:10	110.848	111.502	110.748	110.818	5
2026-03-19 00:15	110.818	111.102	110.488	110.928	5
2026-03-19 00:20	110.923	111.827	110.923	111.798	5
2026-03-19 00:25	111.788	111.848	111.343	111.363	5
2026-03-19 00:30	111.383	111.867	111.358	111.818	5
2026-03-19 00:35	111.803	111.878	111.668	111.858	5
2026-03-19 00:40	111.868	111.952	111.800	111.888	5
2026-03-19 00:45	111.888	111.928	111.703	111.800	5
2026-03-19 00:50	111.800	111.813	111.423	111.473	5
2026-03-19 00:55	111.463	111.703	111.438	111.438	5
2026-03-19 01:00	111.423	111.667	111.168	111.353	5
2026-03-19 01:05	111.353	111.475	111.168	111.270	5
2026-03-19 01:10	111.265	111.285	110.988	111.157	5
2026-03-19 01:15	111.155	111.185	110.643	110.770	5
2026-03-19 01:20	110.812	110.995	110.718	110.873	5
2026-03-19 01:25	110.915	110.935	110.603	110.725	5
2026-03-19 01:30	110.745	111.175	110.745	111.115	5
2026-03-19 01:35	111.135	111.165	110.603	110.835	5
2026-03-19 01:40	110.830	111.200	110.788	111.140	5
2026-03-19 01:45	111.145	111.590	110.923	111.580	5
2026-03-19 01:50	111.585	111.810	111.558	111.635	5
2026-03-19 01:55	111.630	112.525	111.233	112.368	5
2026-03-19 02:00	112.415	112.795	112.168	112.675	5
2026-03-19 02:05	112.685	112.840	111.453	111.997	5
2026-03-19 02:10	111.943	112.095	111.298	111.583	5
2026-03-19 02:15	111.672	111.715	111.263	111.305	5
2026-03-19 02:20	111.315	111.585	111.248	111.375	5
2026-03-19 02:25	111.323	111.890	111.093	111.885	5
2026-03-19 02:30	111.895	111.937	111.183	111.183	5
2026-03-19 02:35	111.173	111.445	110.728	111.305	5
2026-03-19 02:40	111.310	111.640	111.258	111.635	5
2026-03-19 02:45	111.650	112.195	111.596	112.083	5
2026-03-19 02:50	112.135	112.470	112.088	112.190	5
2026-03-19 02:55	112.195	112.255	111.933	112.055	5
2026-03-19 03:00	112.065	112.255	112.008	112.200	5
2026-03-19 03:05	112.153	112.250	111.963	112.140	5
2026-03-19 03:10	112.165	112.185	111.248	111.515	5
2026-03-19 03:15	111.525	111.527	111.273	111.338	5
2026-03-19 03:20	111.333	111.495	111.068	111.283	5
2026-03-19 03:25	111.325	111.385	111.178	111.295	5
2026-03-19 03:30	111.300	111.625	111.278	111.528	5
2026-03-19 03:35	111.595	111.665	111.273	111.415	5
2026-03-19 03:40	111.420	111.775	111.393	111.690	5
2026-03-19 03:45	111.685	111.950	111.648	111.895	5
2026-03-19 03:50	111.905	112.075	111.843	111.920	5
2026-03-19 03:55	111.915	112.010	111.828	111.990	5
2026-03-19 04:00	112.032	112.205	111.833	111.993	5
2026-03-19 04:05	112.055	112.357	111.993	112.357	5
2026-03-19 04:10	112.355	112.405	112.093	112.240	5
2026-03-19 04:15	112.218	112.375	112.138	112.325	5
2026-03-19 04:20	112.278	112.460	112.278	112.350	5
2026-03-19 04:25	112.345	112.450	112.168	112.215	5
2026-03-19 04:30	112.168	112.295	111.888	112.065	5
2026-03-19 04:35	112.070	112.135	111.963	112.120	5
2026-03-19 04:40	112.115	112.400	112.073	112.157	5
2026-03-19 04:45	112.165	112.325	112.063	112.158	5
2026-03-19 04:50	112.195	112.295	112.138	112.170	5
2026-03-19 04:55	112.175	112.220	112.098	112.165	5
2026-03-19 05:00	112.175	112.265	111.928	112.045	5
2026-03-19 05:05	112.050	112.140	111.928	112.040	5
2026-03-19 05:10	111.993	112.180	111.688	111.745	5
2026-03-19 05:15	111.740	111.745	111.543	111.655	5
2026-03-19 05:20	111.677	111.775	111.638	111.770	5
2026-03-19 05:25	111.775	112.005	111.648	111.737	5
2026-03-19 05:30	111.745	112.115	111.693	112.095	5
2026-03-19 05:35	112.090	112.435	112.023	112.330	5
2026-03-19 05:40	112.340	112.895	111.958	112.775	5
2026-03-19 05:45	112.787	113.015	112.248	112.345	5
2026-03-19 05:50	112.298	112.725	112.268	112.495	5
2026-03-19 05:55	112.448	112.695	112.228	112.628	5
2026-03-19 06:00	112.665	113.075	112.563	113.015	5
2026-03-19 06:05	112.978	113.125	112.733	113.035	5
2026-03-19 06:10	113.075	113.075	112.613	112.830	5
2026-03-19 06:15	112.825	112.935	112.658	112.695	5
2026-03-19 06:20	112.690	112.690	112.498	112.545	5
2026-03-19 06:25	112.503	113.205	112.503	113.175	5
2026-03-19 06:30	113.138	113.735	113.123	113.428	5
2026-03-19 06:35	113.418	113.675	113.173	113.455	5
2026-03-19 06:40	113.413	113.495	112.918	112.965	5
2026-03-19 06:45	112.975	113.310	112.893	113.310	5
2026-03-19 06:50	113.330	113.705	113.073	113.605	5
2026-03-19 06:55	113.568	113.895	113.488	113.668	5
2026-03-19 07:00	113.713	114.003	113.248	113.635	5
2026-03-19 07:05	113.598	114.415	113.508	114.240	5
2026-03-19 07:10	114.198	115.055	114.198	114.793	5
2026-03-19 07:15	114.835	114.870	113.588	113.755	5
2026-03-19 07:20	113.708	113.905	113.003	113.038	5
2026-03-19 07:25	113.033	113.545	113.013	113.445	5
2026-03-19 07:30	113.378	114.097	113.263	113.958	5
2026-03-19 07:35	114.005	114.395	113.953	114.250	5
2026-03-19 07:40	114.255	114.465	114.158	114.245	5
2026-03-19 07:45	114.203	114.425	114.008	114.063	5
2026-03-19 07:50	114.105	114.205	113.853	113.973	5
2026-03-19 07:55	113.963	114.355	113.888	114.228	5
2026-03-19 08:00	114.223	114.223	113.583	113.933	5
2026-03-19 08:05	113.928	113.995	113.508	113.625	5
2026-03-19 08:10	113.620	113.675	113.263	113.383	5
2026-03-19 08:15	113.425	113.735	113.103	113.715	5
2026-03-19 08:20	113.720	113.800	113.293	113.445	5
2026-03-19 08:25	113.450	114.305	113.373	114.160	5
2026-03-19 08:30	114.108	114.525	114.048	114.405	5
2026-03-19 08:35	114.415	116.437	114.383	116.163	6
2026-03-19 08:40	116.158	116.685	115.248	116.378	6
2026-03-19 08:45	116.425	116.427	115.923	116.278	5
2026-03-19 08:50	116.268	116.975	116.108	116.393	5
2026-03-19 08:55	116.435	116.655	116.078	116.078	5
2026-03-19 09:00	116.073	116.073	114.673	115.008	5
2026-03-19 09:05	115.013	115.647	114.868	115.573	5
2026-03-19 09:10	115.553	115.880	115.313	115.388	5
2026-03-19 09:15	115.457	116.910	115.258	116.663	5
2026-03-19 09:20	116.678	116.950	116.338	116.863	5
2026-03-19 09:25	116.895	119.105	116.613	118.198	9
2026-03-19 09:30	118.257	118.330	117.123	118.013	6
2026-03-19 09:35	118.028	118.777	117.643	117.987	5
2026-03-19 09:40	117.995	118.027	117.063	117.338	5
2026-03-19 09:45	117.318	117.445	115.453	115.488	7
2026-03-19 09:50	115.348	116.117	115.043	115.465	8
2026-03-19 09:55	115.423	115.498	114.013	114.818	6
2026-03-19 10:00	114.828	115.397	114.558	115.145	7
2026-03-19 10:05	115.098	115.225	114.363	114.725	5
2026-03-19 10:10	114.705	114.917	114.073	114.858	5
2026-03-19 10:15	114.895	115.060	114.503	114.628	5
2026-03-19 10:20	114.665	115.060	114.623	114.760	5
2026-03-19 10:25	114.765	114.875	113.588	113.863	5
2026-03-19 10:30	113.858	114.325	113.628	113.725	5
2026-03-19 10:35	113.715	114.167	113.625	114.087	5
2026-03-19 10:40	114.135	114.625	113.980	114.265	5
2026-03-19 10:45	114.255	114.465	114.060	114.205	5
2026-03-19 10:50	114.207	114.735	114.187	114.547	5
2026-03-19 10:55	114.537	114.750	114.365	114.395	5
2026-03-19 11:00	114.343	114.475	113.690	113.990	5
2026-03-19 11:05	113.970	114.170	113.625	114.115	5
2026-03-19 11:10	114.095	114.415	114.000	114.375	5
2026-03-19 11:15	114.370	114.610	114.245	114.405	5
2026-03-19 11:20	114.397	114.480	114.260	114.277	5
2026-03-19 11:25	114.270	114.610	114.238	114.270	5
2026-03-19 11:30	114.260	114.478	114.057	114.470	5
2026-03-19 11:35	114.447	114.990	114.420	114.795	5
2026-03-19 11:40	114.790	115.130	114.678	115.025	5
2026-03-19 11:45	115.035	115.155	114.560	114.575	5
2026-03-19 11:50	114.577	114.700	113.785	113.997	5
2026-03-19 11:55	113.977	114.117	113.630	113.745	5
2026-03-19 12:00	113.777	114.190	113.705	114.075	5
2026-03-19 12:05	114.070	114.070	112.147	112.935	5
2026-03-19 12:10	112.945	113.500	112.600	113.387	5
2026-03-19 12:15	113.375	113.955	113.170	113.775	5
2026-03-19 12:20	113.745	113.777	113.393	113.460	5
2026-03-19 12:25	113.435	113.835	113.118	113.267	5
2026-03-19 12:30	113.238	113.555	112.218	113.260	5
2026-03-19 12:35	113.255	113.685	112.937	113.550	5
2026-03-19 12:40	113.560	113.875	113.180	113.213	5
2026-03-19 12:45	113.210	113.410	112.938	113.035	5
2026-03-19 12:50	113.005	113.295	112.595	112.685	5
2026-03-19 12:55	112.700	112.965	112.648	112.935	5
2026-03-19 13:00	112.685	113.157	112.548	112.675	5
2026-03-19 13:05	112.680	113.470	112.513	113.025	5
2026-03-19 13:10	113.040	113.395	112.697	112.817	5
2026-03-19 13:15	112.807	112.860	111.260	111.287	5
2026-03-19 13:20	111.290	112.665	110.377	112.427	5
2026-03-19 13:25	112.445	112.875	112.403	112.580	5
2026-03-19 13:30	112.553	113.125	112.353	112.725	6
2026-03-19 13:35	112.720	112.825	111.776	112.177	5
2026-03-19 13:40	112.175	112.400	111.868	112.017	5
2026-03-19 13:45	111.948	112.170	111.693	111.945	5
2026-03-19 13:50	111.947	112.035	110.615	111.250	5
2026-03-19 13:55	111.203	111.475	111.123	111.225	5
2026-03-19 14:00	111.220	111.515	110.843	111.420	5
2026-03-19 14:05	111.425	111.720	111.048	111.155	5
2026-03-19 14:10	111.145	111.420	110.033	111.115	5
2026-03-19 14:15	111.120	111.445	110.870	111.395	5
2026-03-19 14:20	111.405	111.975	111.133	111.640	5
2026-03-19 14:25	111.583	112.225	111.575	112.105	5
2026-03-19 14:30	112.097	112.385	111.648	111.885	5
2026-03-19 14:35	111.890	111.925	111.548	111.850	5
2026-03-19 14:40	111.845	111.940	111.195	111.410	5
2026-03-19 14:45	111.400	111.745	110.880	111.120	5
2026-03-19 14:50	111.115	111.335	110.830	110.920	5
2026-03-19 14:55	110.935	111.205	110.885	110.950	5
2026-03-19 15:00	110.960	111.115	110.785	110.860	5
2026-03-19 15:05	110.850	110.860	110.443	110.550	5
2026-03-19 15:10	110.555	111.085	110.495	111.010	5
2026-03-19 15:15	110.997	112.065	110.860	112.015	5
2026-03-19 15:20	112.030	112.685	111.970	112.540	5
2026-03-19 15:25	112.530	112.785	111.980	112.045	5
2026-03-19 15:30	112.060	112.435	111.928	112.300	5
2026-03-19 15:35	112.295	112.760	112.205	112.560	5
2026-03-19 15:40	112.550	112.765	110.723	111.197	5
2026-03-19 15:45	111.197	111.617	110.507	110.757	5
2026-03-19 15:50	110.728	111.267	110.520	110.920	5
2026-03-19 15:55	110.887	110.887	110.185	110.317	5
2026-03-19 16:00	110.273	110.705	108.653	109.645	5
2026-03-19 16:05	109.647	109.817	109.348	109.533	5
2026-03-19 16:10	109.587	109.915	109.473	109.735	5
2026-03-19 16:15	109.727	110.637	109.720	110.435	5
2026-03-19 16:20	110.445	110.925	110.390	110.820	5
2026-03-19 16:25	110.810	111.217	110.528	111.120	5
2026-03-19 16:30	111.060	111.135	110.615	110.670	5
2026-03-19 16:35	110.655	111.505	110.635	111.015	5
2026-03-19 16:40	111.020	111.080	110.623	110.695	5
2026-03-19 16:45	110.705	110.815	110.227	110.315	5
2026-03-19 16:50	110.350	110.395	109.473	109.585	5
2026-03-19 16:55	109.595	109.895	109.515	109.770	5
2026-03-19 17:00	109.775	109.945	109.485	109.517	5
2026-03-19 17:05	109.515	109.800	108.963	109.705	5
2026-03-19 17:10	109.707	109.735	109.350	109.585	5
2026-03-19 17:15	109.590	109.662	109.360	109.425	5
2026-03-19 17:20	109.440	109.545	108.078	108.597	5
2026-03-19 17:25	108.617	108.670	108.055	108.245	5
2026-03-19 17:30	108.195	108.777	108.053	108.717	5
2026-03-19 17:35	108.725	108.915	108.475	108.880	5
2026-03-19 17:40	108.875	109.305	108.815	109.015	5
2026-03-19 17:45	109.020	109.280	108.935	109.105	5
2026-03-19 17:50	109.095	109.125	108.263	108.530	5
2026-03-19 17:55	108.497	108.570	108.290	108.405	5
2026-03-19 18:00	108.440	108.765	107.715	107.895	5
2026-03-19 18:05	107.890	107.965	107.117	107.475	5
2026-03-19 18:10	107.423	107.535	107.127	107.365	5
2026-03-19 18:15	107.305	107.937	107.015	107.880	5
2026-03-19 18:20	107.887	108.270	107.870	108.235	5
2026-03-19 18:25	108.225	108.940	108.205	108.780	5
2026-03-19 18:30	108.770	109.375	108.728	109.240	5
2026-03-19 18:35	109.255	109.405	109.070	109.075	5
2026-03-19 18:40	109.065	109.430	109.028	109.380	5
2026-03-19 18:45	109.390	109.465	108.517	108.800	5
2026-03-19 18:50	108.835	108.945	108.240	108.245	5
2026-03-19 18:55	108.255	108.340	107.220	107.557	5
2026-03-19 19:00	107.528	107.777	105.353	105.657	5
2026-03-19 19:05	105.657	106.745	104.688	105.277	5
2026-03-19 19:10	105.297	105.747	104.167	105.617	5
2026-03-19 19:15	105.563	105.597	103.747	104.397	5
2026-03-19 19:20	104.407	104.997	104.127	104.900	5
2026-03-19 19:25	104.868	106.357	104.757	106.287	5
2026-03-19 19:30	106.243	106.637	105.623	106.517	5
2026-03-19 19:35	106.478	107.087	106.197	106.333	5
2026-03-19 19:40	106.338	106.747	106.245	106.655	5
2026-03-19 19:45	106.667	106.890	106.613	106.855	5
2026-03-19 19:50	106.837	107.275	106.783	107.135	5
2026-03-19 19:55	107.093	107.745	107.093	107.465	5
2026-03-19 20:00	107.455	107.770	107.415	107.457	5
2026-03-19 20:05	107.455	107.625	107.145	107.605	5
2026-03-19 20:10	107.615	107.865	107.597	107.745	5
2026-03-19 20:15	107.727	107.727	107.243	107.417	5
2026-03-19 20:20	107.415	107.615	107.377	107.485	5
2026-03-19 20:25	107.495	107.575	107.425	107.465	5
2026-03-19 20:30	107.470	107.505	107.105	107.165	5
2026-03-19 20:35	107.185	107.675	107.185	107.647	5
2026-03-19 20:40	107.655	108.325	107.630	108.285	5
2026-03-19 20:45	108.237	108.237	107.843	108.017	5
2026-03-19 20:50	108.005	108.115	107.785	107.880	5
2026-03-19 20:55	107.885	107.915	107.627	107.797	5
2026-03-20 00:00	106.918	106.937	106.262	106.407	5
2026-03-20 00:05	106.397	106.452	106.342	106.387	5
2026-03-20 00:10	106.382	106.452	106.272	106.417	5
2026-03-20 00:15	106.407	106.452	106.373	106.402	5
2026-03-20 00:20	106.397	107.142	106.367	107.007	5
2026-03-20 00:25	107.002	107.037	106.812	106.947	5
2026-03-20 00:30	106.942	107.772	106.932	107.602	5
2026-03-20 00:35	107.592	107.652	107.482	107.562	5
2026-03-20 00:40	107.567	107.812	107.532	107.672	5
2026-03-20 00:45	107.667	107.677	107.287	107.367	5
2026-03-20 00:50	107.362	107.537	107.312	107.377	5
2026-03-20 00:55	107.367	107.592	107.347	107.557	5
2026-03-20 01:00	107.547	107.697	107.137	107.220	5
2026-03-20 01:05	107.215	107.215	106.365	106.527	5
2026-03-20 01:10	106.527	106.677	105.507	105.577	5
2026-03-20 01:15	105.587	105.805	105.095	105.480	5
2026-03-20 01:20	105.495	105.627	105.185	105.577	5
2026-03-20 01:25	105.567	105.757	105.468	105.655	5
2026-03-20 01:30	105.667	105.755	105.475	105.665	5
2026-03-20 01:35	105.667	105.965	105.247	105.347	5
2026-03-20 01:40	105.355	105.585	105.035	105.165	5
2026-03-20 01:45	105.160	105.465	105.147	105.355	5
2026-03-20 01:50	105.365	105.577	105.085	105.365	5
2026-03-20 01:55	105.357	105.585	105.297	105.405	5
2026-03-20 02:00	105.378	105.975	105.358	105.855	5
2026-03-20 02:05	105.860	105.860	105.417	105.555	5
2026-03-20 02:10	105.550	105.695	105.417	105.575	5
2026-03-20 02:15	105.557	105.737	105.393	105.705	5
2026-03-20 02:20	105.695	105.970	105.383	105.970	5
2026-03-20 02:25	105.965	105.975	105.803	105.970	5
2026-03-20 02:30	105.955	105.975	105.755	105.970	5
2026-03-20 02:35	105.975	106.557	105.895	106.445	5
2026-03-20 02:40	106.455	106.497	106.275	106.375	5
2026-03-20 02:45	106.367	106.567	106.215	106.555	5
2026-03-20 02:50	106.545	106.627	106.385	106.575	5
2026-03-20 02:55	106.580	106.675	106.485	106.615	5
2026-03-20 03:00	106.625	106.635	106.457	106.535	5
2026-03-20 03:05	106.545	106.690	106.525	106.560	5
2026-03-20 03:10	106.555	106.795	106.338	106.775	5
2026-03-20 03:15	106.757	106.927	106.607	106.887	5
2026-03-20 03:20	106.895	107.247	106.895	107.230	5
2026-03-20 03:25	107.235	107.545	107.215	107.350	5
2026-03-20 03:30	107.337	107.337	106.805	106.835	5
2026-03-20 03:35	106.840	106.882	106.735	106.815	5
2026-03-20 03:40	106.817	107.025	106.815	106.915	5
2026-03-20 03:45	106.905	106.905	106.825	106.855	5
2026-03-20 03:50	106.847	106.935	106.815	106.880	5
2026-03-20 03:55	106.885	107.235	106.885	107.215	5
2026-03-20 04:00	107.205	107.205	106.727	106.787	5
2026-03-20 04:05	106.795	106.815	106.645	106.720	5
2026-03-20 04:10	106.715	106.765	106.635	106.715	5
2026-03-20 04:15	106.695	107.005	106.677	106.885	5
2026-03-20 04:20	106.877	106.960	106.835	106.955	5
2026-03-20 04:25	106.965	106.985	106.875	106.925	5
2026-03-20 04:30	106.935	107.155	106.888	107.035	5
2026-03-20 04:35	107.017	107.170	106.930	107.105	5
2026-03-20 04:40	107.107	107.135	107.015	107.050	5
2026-03-20 04:45	107.065	107.345	107.057	107.345	5
2026-03-20 04:50	107.350	107.475	107.330	107.410	5
2026-03-20 04:55	107.405	107.490	107.337	107.475	5
2026-03-20 05:00	107.470	107.495	107.227	107.325	5
2026-03-20 05:05	107.320	107.320	107.075	107.215	5
2026-03-20 05:10	107.207	107.335	107.185	107.285	5
2026-03-20 05:15	107.290	107.400	107.235	107.270	5
2026-03-20 05:20	107.265	107.380	107.235	107.365	5
2026-03-20 05:25	107.350	107.397	107.235	107.275	5
2026-03-20 05:30	107.257	107.787	107.220	107.647	5
2026-03-20 05:35	107.637	107.735	107.398	107.455	5
2026-03-20 05:40	107.435	107.445	107.140	107.205	5
2026-03-20 05:45	107.197	107.197	106.503	106.795	5
2026-03-20 05:50	106.787	106.847	106.575	106.615	5
2026-03-20 05:55	106.605	106.725	106.525	106.700	5
2026-03-20 06:00	106.710	106.955	106.670	106.825	5
2026-03-20 06:05	106.815	106.935	106.700	106.785	5
2026-03-20 06:10	106.777	107.095	106.745	106.915	5
2026-03-20 06:15	106.925	107.205	106.865	107.055	5
2026-03-20 06:20	107.065	107.430	107.045	107.395	5
2026-03-20 06:25	107.387	107.665	107.245	107.385	5
2026-03-20 06:30	107.377	107.595	107.365	107.445	5
2026-03-20 06:35	107.450	107.575	107.285	107.570	5
2026-03-20 06:40	107.565	108.005	107.545	107.625	5
2026-03-20 06:45	107.635	107.945	107.593	107.935	5
2026-03-20 06:50	107.917	108.500	107.845	108.410	5
2026-03-20 06:55	108.405	108.460	108.055	108.185	5
2026-03-20 07:00	108.165	108.295	107.945	108.140	5
2026-03-20 07:05	108.145	108.390	108.070	108.260	5
2026-03-20 07:10	108.250	108.575	108.235	108.507	5
2026-03-20 07:15	108.490	108.512	108.183	108.245	5
2026-03-20 07:20	108.250	108.340	108.130	108.160	5
2026-03-20 07:25	108.140	108.385	108.100	108.255	5
2026-03-20 07:30	108.265	108.380	107.697	107.750	5
2026-03-20 07:35	107.735	108.025	107.675	107.865	5
2026-03-20 07:40	107.875	107.915	107.660	107.710	5
2026-03-20 07:45	107.715	107.715	107.175	107.455	5
2026-03-20 07:50	107.450	107.450	107.165	107.315	5
2026-03-20 07:55	107.295	107.525	107.255	107.365	5
2026-03-20 08:00	107.337	107.797	107.253	107.365	5
2026-03-20 08:05	107.375	107.470	106.745	106.775	5
2026-03-20 08:10	106.770	107.110	106.535	107.105	5
2026-03-20 08:15	107.095	107.110	106.745	106.995	5
2026-03-20 08:20	106.990	107.610	106.990	107.585	5
2026-03-20 08:25	107.595	107.795	107.337	107.747	5
2026-03-20 08:30	107.668	107.925	107.175	107.255	5
2026-03-20 08:35	107.245	107.930	107.103	107.920	5
2026-03-20 08:40	107.915	108.507	107.765	108.445	5
2026-03-20 08:45	108.450	108.885	108.450	108.545	5
2026-03-20 08:50	108.525	109.025	108.473	109.000	5
2026-03-20 08:55	108.975	109.095	108.897	109.010	5
2026-03-20 09:00	108.968	109.030	108.720	108.845	5
2026-03-20 09:05	108.865	109.127	108.845	108.965	5
2026-03-20 09:10	108.920	109.405	108.878	109.395	5
2026-03-20 09:15	109.400	109.747	109.358	109.665	5
2026-03-20 09:20	109.620	109.935	109.413	109.785	5
2026-03-20 09:25	109.775	110.230	109.717	110.170	5
2026-03-20 09:30	110.150	110.397	109.450	109.900	5
2026-03-20 09:35	109.895	110.025	109.665	109.935	5
2026-03-20 09:40	109.945	110.227	109.610	110.057	5
2026-03-20 09:45	110.047	110.285	109.867	109.985	5
2026-03-20 09:50	109.950	110.670	109.665	110.595	5
2026-03-20 09:55	110.587	110.860	110.478	110.485	5
2026-03-20 10:00	110.443	111.020	110.443	110.725	5
2026-03-20 10:05	110.730	111.200	110.690	110.995	5
2026-03-20 10:10	111.000	111.090	110.380	110.380	5
2026-03-20 10:15	110.353	110.585	110.258	110.470	5
2026-03-20 10:20	110.485	110.600	110.310	110.340	5
2026-03-20 10:25	110.330	110.370	110.038	110.315	5
2026-03-20 10:30	110.320	110.390	110.020	110.325	5
2026-03-20 10:35	110.330	110.425	110.035	110.220	5
2026-03-20 10:40	110.225	110.280	109.775	109.795	5
2026-03-20 10:45	109.790	110.255	109.780	110.055	5
2026-03-20 10:50	110.095	110.097	109.250	109.635	5
2026-03-20 10:55	109.625	109.665	109.235	109.395	5
2026-03-20 11:00	109.313	109.515	108.917	109.035	5
2026-03-20 11:05	109.030	109.345	108.927	109.195	5
2026-03-20 11:10	109.175	109.180	108.677	108.825	5
2026-03-20 11:15	108.820	108.850	107.953	108.347	5
2026-03-20 11:20	108.337	108.367	107.517	108.037	5
2026-03-20 11:25	108.047	108.315	107.878	107.985	5
2026-03-20 11:30	107.980	108.030	107.530	107.885	5
2026-03-20 11:35	107.895	108.155	107.865	108.065	5
2026-03-20 11:40	108.055	108.095	107.727	107.775	5
2026-03-20 11:45	107.780	108.050	107.705	107.775	5
2026-03-20 11:50	107.765	107.920	107.245	107.295	5
2026-03-20 11:55	107.305	107.695	107.010	107.125	5
2026-03-20 12:00	107.043	107.687	106.787	107.600	5
2026-03-20 12:05	107.610	107.615	106.517	106.575	5
2026-03-20 12:10	106.555	107.060	106.390	106.855	5
2026-03-20 12:15	106.850	107.357	106.820	107.100	5
2026-03-20 12:20	107.085	107.260	107.010	107.165	5
2026-03-20 12:25	107.155	107.420	106.657	106.670	5
2026-03-20 12:30	106.660	107.055	106.660	106.765	5
2026-03-20 12:35	106.760	107.040	106.553	107.035	5
2026-03-20 12:40	107.040	107.195	106.915	107.105	5
2026-03-20 12:45	107.115	107.590	107.085	107.360	5
2026-03-20 12:50	107.345	107.685	107.305	107.685	5
2026-03-20 12:55	107.675	107.970	107.637	107.790	5
2026-03-20 13:00	107.633	108.107	107.608	108.015	5
2026-03-20 13:05	108.010	108.507	108.010	108.145	5
2026-03-20 13:10	108.120	108.490	107.990	108.230	5
2026-03-20 13:15	108.205	108.275	108.050	108.155	5
2026-03-20 13:20	108.165	108.275	107.738	108.145	5
2026-03-20 13:25	108.083	108.645	108.083	108.515	5
2026-03-20 13:30	108.463	108.680	108.298	108.550	5
2026-03-20 13:35	108.535	108.680	108.205	108.235	5
2026-03-20 13:40	108.240	108.485	107.808	108.405	5
2026-03-20 13:45	108.395	108.405	107.823	108.327	5
2026-03-20 13:50	108.335	109.110	108.335	108.500	5
2026-03-20 13:55	108.480	109.170	108.330	108.895	5
2026-03-20 14:00	108.848	108.848	108.255	108.330	5
2026-03-20 14:05	108.335	108.447	108.070	108.420	5
2026-03-20 14:10	108.405	108.645	108.260	108.550	5
2026-03-20 14:15	108.575	108.930	108.345	108.930	5
2026-03-20 14:20	108.935	109.065	108.495	108.675	5
2026-03-20 14:25	108.680	108.695	108.228	108.495	5
2026-03-20 14:30	108.510	108.580	108.425	108.440	5
2026-03-20 14:35	108.460	109.010	108.368	108.955	5
2026-03-20 14:40	108.965	109.365	108.955	109.310	5
2026-03-20 14:45	109.325	109.800	109.075	109.320	5
2026-03-20 14:50	109.345	109.817	109.295	109.745	5
2026-03-20 14:55	109.735	110.040	109.560	109.915	5
2026-03-20 15:00	109.850	110.185	109.378	110.005	5
2026-03-20 15:05	110.000	110.125	109.805	109.980	5
2026-03-20 15:10	109.977	109.977	109.385	109.440	5
2026-03-20 15:15	109.398	109.685	109.120	109.330	5
2026-03-20 15:20	109.335	109.512	108.738	109.435	5
2026-03-20 15:25	109.465	109.615	109.107	109.580	5
2026-03-20 15:30	109.585	109.625	109.215	109.215	5
2026-03-20 15:35	109.225	109.595	109.195	109.330	5
2026-03-20 15:40	109.335	109.370	109.020	109.045	5
2026-03-20 15:45	109.050	109.205	108.793	109.100	5
2026-03-20 15:50	109.140	109.370	109.040	109.245	5
2026-03-20 15:55	109.255	109.320	109.135	109.170	5
2026-03-20 16:00	109.175	109.315	108.840	108.880	5
2026-03-20 16:05	108.870	109.525	108.835	109.510	5
2026-03-20 16:10	109.525	109.955	109.420	109.875	5
2026-03-20 16:15	109.865	110.020	109.810	109.970	5
2026-03-20 16:20	109.980	110.005	109.675	109.865	5
2026-03-20 16:25	109.870	110.005	109.620	109.685	5
2026-03-20 16:30	109.690	109.877	109.550	109.800	5
2026-03-20 16:35	109.790	109.890	109.560	109.695	5
2026-03-20 16:40	109.690	109.840	109.450	109.510	5
2026-03-20 16:45	109.495	109.965	109.485	109.920	5
2026-03-20 16:50	109.925	109.975	109.720	109.755	5
2026-03-20 16:55	109.765	109.840	109.480	109.760	5
2026-03-20 17:00	109.755	109.840	109.600	109.720	5
2026-03-20 17:05	109.705	110.717	109.665	110.475	5
2026-03-20 17:10	110.485	110.715	110.210	110.425	5
2026-03-20 17:15	110.435	110.685	110.177	110.615	5
2026-03-20 17:20	110.617	110.670	110.215	110.335	5
2026-03-20 17:25	110.325	110.755	110.270	110.565	5
2026-03-20 17:30	110.570	110.870	110.490	110.725	5
2026-03-20 17:35	110.720	110.970	110.555	110.810	5
2026-03-20 17:40	110.840	110.950	110.735	110.900	5
2026-03-20 17:45	110.890	111.197	110.860	111.160	5
2026-03-20 17:50	111.180	111.190	110.817	110.920	5
2026-03-20 17:55	110.895	110.970	110.585	110.940	5
2026-03-20 18:00	110.945	110.970	110.525	110.590	5
2026-03-20 18:05	110.570	110.645	110.130	110.460	5
2026-03-20 18:10	110.465	110.895	110.440	110.860	5
2026-03-20 18:15	110.865	111.270	110.700	110.735	5
2026-03-20 18:20	110.730	112.315	110.717	112.195	5
2026-03-20 18:25	112.205	112.325	111.733	112.065	5
2026-03-20 18:30	112.070	112.710	111.915	112.585	5
2026-03-20 18:35	112.575	112.752	112.230	112.600	5
2026-03-20 18:40	112.605	113.080	112.480	113.035	5
2026-03-20 18:45	113.030	113.030	112.780	112.820	5
2026-03-20 18:50	112.815	112.840	112.365	112.730	5
2026-03-20 18:55	112.740	112.985	112.548	112.800	5
2026-03-20 19:00	112.795	112.810	112.425	112.560	5
2026-03-20 19:05	112.590	112.990	112.490	112.900	5
2026-03-20 19:10	112.890	112.945	112.593	112.865	5
2026-03-20 19:15	112.855	112.880	112.211	112.267	5
2026-03-20 19:20	112.265	112.395	111.945	112.290	5
2026-03-20 19:25	112.297	112.460	112.060	112.360	5
2026-03-20 19:30	112.355	112.620	112.260	112.595	5
2026-03-20 19:35	112.610	112.660	112.505	112.560	5
2026-03-20 19:40	112.590	112.590	111.725	111.875	5
2026-03-20 19:45	111.865	112.295	111.753	112.205	5
2026-03-20 19:50	112.187	112.195	111.477	111.725	5
2026-03-20 19:55	111.720	111.757	111.537	111.635	5
2026-03-20 20:00	111.615	111.875	111.597	111.875	5
2026-03-20 20:05	111.870	112.145	111.840	112.100	5
2026-03-20 20:10	112.110	112.205	111.697	111.735	5
2026-03-20 20:15	111.745	112.085	111.720	112.085	5
2026-03-20 20:20	112.060	112.295	111.885	112.225	5
2026-03-20 20:25	112.227	112.235	112.015	112.120	5
2026-03-20 20:30	112.130	112.397	112.068	112.390	5
2026-03-20 20:35	112.375	112.375	112.015	112.025	5
2026-03-20 20:40	112.015	112.395	112.010	112.365	5
2026-03-20 20:45	112.360	112.415	112.190	112.305	5
2026-03-20 20:50	112.287	112.545	112.247	112.470	5
2026-03-20 20:55	112.490	112.525	112.347	112.490	5
2026-03-23 00:00	112.037	112.407	112.008	112.247	5
2026-03-23 00:05	112.237	112.262	111.927	111.927	5
2026-03-23 00:10	111.952	111.972	111.697	111.762	5
2026-03-23 00:15	111.757	111.887	111.662	111.707	5
2026-03-23 00:20	111.732	111.827	111.522	111.697	5
2026-03-23 00:25	111.652	111.697	111.262	111.272	5
2026-03-23 00:30	111.282	111.582	111.177	111.257	5
2026-03-23 00:35	111.262	111.637	111.237	111.497	5
2026-03-23 00:40	111.477	111.587	111.162	111.392	5
2026-03-23 00:45	111.377	111.442	111.132	111.437	5
2026-03-23 00:50	111.413	111.562	111.267	111.402	5
2026-03-23 00:55	111.412	111.412	111.218	111.297	5
2026-03-23 01:00	111.312	112.087	111.227	111.397	5
2026-03-23 01:05	111.407	111.797	111.297	111.667	5
2026-03-23 01:10	111.647	111.977	111.597	111.717	5
2026-03-23 01:15	111.715	111.817	111.455	111.717	5
2026-03-23 01:20	111.707	111.937	111.527	111.897	5
2026-03-23 01:25	111.887	112.145	111.717	112.030	5
2026-03-23 01:30	112.007	112.135	111.755	111.845	5
2026-03-23 01:35	111.837	111.847	111.477	111.695	5
2026-03-23 01:40	111.648	112.035	111.597	111.875	5
2026-03-23 01:45	111.877	112.090	111.847	111.945	5
2026-03-23 01:50	111.927	112.270	111.927	112.175	5
2026-03-23 01:55	112.167	112.177	111.938	112.035	5
2026-03-23 02:00	112.027	112.270	111.967	112.245	5
2026-03-23 02:05	112.257	112.465	111.607	111.647	5
2026-03-23 02:10	111.655	112.167	111.557	112.037	5
2026-03-23 02:15	112.045	112.107	111.795	111.865	5
2026-03-23 02:20	111.847	112.047	111.803	112.027	5
2026-03-23 02:25	112.037	112.545	112.020	112.485	5
2026-03-23 02:30	112.418	112.605	112.317	112.415	5
2026-03-23 02:35	112.417	112.817	112.297	112.787	5
2026-03-23 02:40	112.797	112.855	112.507	112.627	5
2026-03-23 02:45	112.625	112.747	112.445	112.747	5
2026-03-23 02:50	112.745	112.777	112.497	112.585	5
2026-03-23 02:55	112.590	112.907	112.543	112.815	5
2026-03-23 03:00	112.795	112.920	112.747	112.895	5
2026-03-23 03:05	112.907	112.940	112.745	112.875	5
2026-03-23 03:10	112.867	112.942	112.797	112.910	5
2026-03-23 03:15	112.925	112.950	112.775	112.867	5
2026-03-23 03:20	112.865	112.925	112.747	112.905	5
2026-03-23 03:25	112.915	112.940	112.757	112.837	5
2026-03-23 03:30	112.835	112.927	112.821	112.855	5
2026-03-23 03:35	112.850	112.950	112.830	112.915	5
2026-03-23 03:40	112.905	112.907	112.705	112.740	5
2026-03-23 03:45	112.735	112.885	112.725	112.820	5
2026-03-23 03:50	112.815	112.965	112.777	112.940	5
2026-03-23 03:55	112.945	112.950	112.820	112.865	5
2026-03-23 04:00	112.860	112.880	112.810	112.845	5
2026-03-23 04:05	112.855	112.870	112.745	112.780	5
2026-03-23 04:10	112.785	112.870	112.760	112.850	5
2026-03-23 04:15	112.840	112.960	112.800	112.960	5
2026-03-23 04:20	112.955	112.960	112.870	112.890	5
2026-03-23 04:25	112.895	112.910	112.820	112.895	5
2026-03-23 04:30	112.900	113.007	112.815	112.835	5
2026-03-23 04:35	112.845	112.870	112.775	112.855	5
2026-03-23 04:40	112.865	112.875	112.805	112.835	5
2026-03-23 04:45	112.845	112.922	112.825	112.860	5
2026-03-23 04:50	112.855	112.860	112.548	112.620	5
2026-03-23 04:55	112.615	112.697	112.560	112.675	5
2026-03-23 05:00	112.695	112.780	112.630	112.665	5
2026-03-23 05:05	112.655	112.685	112.545	112.645	5
2026-03-23 05:10	112.635	112.670	112.565	112.620	5
2026-03-23 05:15	112.625	112.765	112.590	112.735	5
2026-03-23 05:20	112.750	112.775	112.655	112.765	5
2026-03-23 05:25	112.760	112.760	112.520	112.540	5
2026-03-23 05:30	112.555	112.680	112.245	112.315	5
2026-03-23 05:35	112.305	112.415	111.875	111.905	5
2026-03-23 05:40	111.887	111.925	111.667	111.845	5
2026-03-23 05:45	111.850	112.205	111.850	112.085	5
2026-03-23 05:50	112.077	112.127	111.947	111.980	5
2026-03-23 05:55	111.965	112.507	111.895	112.397	5
2026-03-23 06:00	112.395	112.530	112.155	112.515	5
2026-03-23 06:05	112.510	113.010	112.505	112.955	5
2026-03-23 06:10	112.965	113.370	112.867	113.065	5
2026-03-23 06:15	113.067	113.670	113.047	113.650	5
2026-03-23 06:20	113.637	113.715	113.210	113.465	5
2026-03-23 06:25	113.457	113.570	112.837	113.087	5
2026-03-23 06:30	113.058	113.095	112.497	112.957	5
2026-03-23 06:35	112.947	113.820	112.947	113.730	5
2026-03-23 06:40	113.737	113.860	113.137	113.625	5
2026-03-23 06:45	113.597	113.705	112.447	112.837	5
2026-03-23 06:50	112.845	113.427	112.803	113.395	5
2026-03-23 06:55	113.397	113.550	113.385	113.457	5
2026-03-23 07:00	113.383	113.465	113.137	113.330	5
2026-03-23 07:05	113.325	113.635	113.240	113.495	5
2026-03-23 07:10	113.490	113.510	113.160	113.245	5
2026-03-23 07:15	113.240	113.505	113.205	113.367	5
2026-03-23 07:20	113.355	113.657	113.275	113.550	5
2026-03-23 07:25	113.555	113.942	113.518	113.880	5
2026-03-23 07:30	113.885	113.970	113.567	113.900	5
2026-03-23 07:35	113.875	114.005	113.585	113.835	5
2026-03-23 07:40	113.847	113.960	113.745	113.795	5
2026-03-23 07:45	113.785	114.090	113.765	113.960	5
2026-03-23 07:50	113.965	114.095	113.815	113.835	5
2026-03-23 07:55	113.840	114.000	113.513	113.620	5
2026-03-23 08:00	113.573	113.573	113.160	113.190	5
2026-03-23 08:05	113.167	113.375	112.917	113.365	5
2026-03-23 08:10	113.305	113.565	112.815	113.565	5
2026-03-23 08:15	113.570	113.965	113.363	113.675	5
2026-03-23 08:20	113.665	113.875	113.545	113.815	5
2026-03-23 08:25	113.825	114.310	113.563	114.175	5
2026-03-23 08:30	114.195	114.225	113.405	113.555	5
2026-03-23 08:35	113.560	114.120	113.550	114.005	5
2026-03-23 08:40	114.015	114.220	113.817	114.037	5
2026-03-23 08:45	114.030	114.325	113.948	114.025	5
2026-03-23 08:50	114.010	114.187	113.333	113.555	5
2026-03-23 08:55	113.575	113.915	113.353	113.465	5
2026-03-23 09:00	113.455	113.455	113.015	113.095	5
2026-03-23 09:05	113.105	113.320	112.767	113.185	5
2026-03-23 09:10	113.190	113.220	112.815	113.015	5
2026-03-23 09:15	113.010	113.210	112.898	112.980	5
2026-03-23 09:20	112.995	113.220	112.900	113.205	5
2026-03-23 09:25	113.210	113.485	113.195	113.295	5
2026-03-23 09:30	113.243	113.625	113.185	113.537	5
2026-03-23 09:35	113.535	113.760	113.507	113.685	5
2026-03-23 09:40	113.687	113.717	113.427	113.435	5
2026-03-23 09:45	113.445	113.505	113.297	113.460	5
2026-03-23 09:50	113.445	113.500	113.200	113.320	5
2026-03-23 09:55	113.325	113.425	113.115	113.185	5
2026-03-23 10:00	113.180	113.520	113.045	113.385	5
2026-03-23 10:05	113.390	113.695	113.255	113.345	5
2026-03-23 10:10	113.355	113.360	113.115	113.155	5
2026-03-23 10:15	113.177	113.320	113.110	113.210	5
2026-03-23 10:20	113.205	113.550	113.195	113.540	5
2026-03-23 10:25	113.535	113.810	113.443	113.590	5
2026-03-23 10:30	113.585	113.590	113.035	113.055	5
2026-03-23 10:35	113.035	113.275	112.928	113.265	5
2026-03-23 10:40	113.257	113.270	112.758	112.865	5
2026-03-23 10:45	112.823	112.975	112.117	112.205	5
2026-03-23 10:50	112.197	112.797	111.738	112.630	6
2026-03-23 10:55	112.617	112.975	112.587	112.850	5
2026-03-23 11:00	112.793	113.015	112.688	112.965	5
2026-03-23 11:05	112.957	112.987	96.168	98.208	5
2026-03-23 11:10	98.228	102.013	98.203	100.983	7
2026-03-23 11:15	100.988	101.908	100.658	101.503	12
2026-03-23 11:20	101.528	104.923	101.113	104.158	14
2026-03-23 11:25	103.798	104.538	102.993	104.293	12
2026-03-23 11:30	104.273	104.273	102.588	102.873	13
2026-03-23 11:35	102.858	103.673	102.503	103.458	13
2026-03-23 11:40	103.473	104.357	103.063	104.145	6
2026-03-23 11:45	104.117	105.415	104.033	104.425	5
2026-03-23 11:50	104.397	105.692	104.228	104.605	5
2026-03-23 11:55	104.577	105.927	104.577	105.525	5
2026-03-23 12:00	105.368	106.607	105.368	106.227	5
2026-03-23 12:05	106.208	106.827	105.593	105.665	5
2026-03-23 12:10	105.628	105.892	105.218	105.597	5
2026-03-23 12:15	105.587	105.605	103.847	103.877	5
2026-03-23 12:20	103.838	104.135	103.317	103.907	5
2026-03-23 12:25	103.920	104.132	103.407	103.827	5
2026-03-23 12:30	103.817	104.005	103.323	103.615	5
2026-03-23 12:35	103.625	104.005	102.953	103.430	5
2026-03-23 12:40	103.425	103.805	101.323	101.658	8
2026-03-23 12:45	101.718	101.903	100.277	100.387	8
2026-03-23 12:50	100.353	101.465	100.233	101.265	5
2026-03-23 12:55	101.307	101.470	100.727	101.185	5
2026-03-23 13:00	101.088	101.577	100.018	100.963	5
2026-03-23 13:05	100.968	101.547	100.815	100.987	6
2026-03-23 13:10	100.997	101.997	100.763	101.967	5
2026-03-23 13:15	101.948	102.687	101.817	102.645	5
2026-03-23 13:20	102.593	103.377	102.253	103.117	5
2026-03-23 13:25	103.027	103.558	102.827	103.187	5
2026-03-23 13:30	103.148	103.148	102.545	102.757	5
2026-03-23 13:35	102.745	103.137	101.858	101.858	5
2026-03-23 13:40	101.868	102.345	100.818	101.377	5
2026-03-23 13:45	101.377	101.417	100.467	100.517	5
2026-03-23 13:50	100.488	100.905	100.167	100.817	5
2026-03-23 13:55	100.817	101.385	100.763	100.817	5
2026-03-23 14:00	100.837	100.967	99.708	100.103	6
2026-03-23 14:05	100.123	100.687	99.953	100.533	7
2026-03-23 14:10	100.538	100.917	100.088	100.807	5
2026-03-23 14:15	100.768	100.960	100.213	100.550	5
2026-03-23 14:20	100.520	100.670	100.045	100.317	5
2026-03-23 14:25	100.330	101.327	100.265	101.317	5
2026-03-23 14:30	101.278	101.367	100.747	101.157	5
2026-03-23 14:35	101.147	101.887	101.135	101.617	5
2026-03-23 14:40	101.625	102.305	101.358	102.277	5
2026-03-23 14:45	102.238	102.487	101.333	101.487	5
2026-03-23 14:50	101.423	101.735	101.067	101.497	5
2026-03-23 14:55	101.497	101.807	101.005	101.045	5
2026-03-23 15:00	101.008	101.008	98.108	98.185	5
2026-03-23 15:05	98.190	98.667	97.105	97.590	5
2026-03-23 15:10	97.555	97.917	96.737	97.087	5
2026-03-23 15:15	97.077	98.310	97.013	98.265	5
2026-03-23 15:20	98.270	98.527	97.773	98.227	5
2026-03-23 15:25	98.235	98.935	98.033	98.670	5
2026-03-23 15:30	98.675	98.950	98.487	98.835	5
2026-03-23 15:35	98.845	99.855	98.827	99.825	5
2026-03-23 15:40	99.777	100.757	99.678	100.710	5
2026-03-23 15:45	100.685	101.125	100.298	100.355	5
2026-03-23 15:50	100.347	101.647	100.258	101.568	5
2026-03-23 15:55	101.907	102.845	101.763	102.445	6
2026-03-23 16:00	102.368	102.775	101.678	102.697	5
2026-03-23 16:05	102.695	102.930	102.167	102.617	5
2026-03-23 16:10	102.627	103.270	102.523	103.087	5
2026-03-23 16:15	103.087	103.235	102.755	103.175	5
2026-03-23 16:20	103.180	103.737	103.095	103.507	5
2026-03-23 16:25	103.515	104.120	103.515	103.847	5
2026-03-23 16:30	103.845	104.015	102.308	102.517	5
2026-03-23 16:35	102.515	102.567	101.457	102.190	5
2026-03-23 16:40	102.205	102.205	101.397	101.637	5
2026-03-23 16:45	101.637	101.875	100.950	101.637	5
2026-03-23 16:50	101.607	101.607	100.737	101.097	5
2026-03-23 16:55	101.085	101.347	100.927	101.265	5
2026-03-23 17:00	101.218	101.575	100.655	101.487	5
2026-03-23 17:05	101.453	101.745	101.165	101.205	5
2026-03-23 17:10	101.215	101.907	100.995	101.750	5
2026-03-23 17:15	101.737	101.965	101.255	101.335	5
2026-03-23 17:20	101.330	101.585	101.320	101.417	5
2026-03-23 17:25	101.445	101.445	100.790	100.935	5
2026-03-23 17:30	100.945	101.090	100.627	100.947	5
2026-03-23 17:35	100.957	101.025	100.230	100.525	5
2026-03-23 17:40	100.545	101.345	100.293	100.915	5
2026-03-23 17:45	100.887	101.355	100.835	101.280	5
2026-03-23 17:50	101.325	101.450	100.685	100.735	5
2026-03-23 17:55	100.740	100.885	100.007	100.185	5
2026-03-23 18:00	100.165	100.710	100.125	100.290	5
2026-03-23 18:05	100.270	101.093	100.235	100.537	5
2026-03-23 18:10	100.545	100.560	98.567	99.033	5
2026-03-23 18:15	99.007	99.735	98.957	99.555	5
2026-03-23 18:20	99.560	99.685	98.790	98.965	5
2026-03-23 18:25	98.975	100.315	98.750	100.040	5
2026-03-23 18:30	100.035	100.045	99.103	99.197	5
2026-03-23 18:35	99.165	99.205	97.798	98.477	5
2026-03-23 18:40	98.487	99.045	98.333	98.587	5
2026-03-23 18:45	98.600	99.017	98.397	98.465	5
2026-03-23 18:50	98.470	98.940	98.423	98.775	5
2026-03-23 18:55	98.845	98.950	98.650	98.935	5
2026-03-23 19:00	98.883	99.070	98.855	98.970	5
2026-03-23 19:05	98.980	98.995	98.707	98.755	5
2026-03-23 19:10	98.750	98.910	98.670	98.805	5
2026-03-23 19:15	98.800	99.075	98.775	99.005	5
2026-03-23 19:20	98.997	99.475	98.990	99.375	5
2026-03-23 19:25	99.365	99.380	98.565	98.855	5
2026-03-23 19:30	98.860	99.157	98.747	98.965	5
2026-03-23 19:35	98.945	99.397	98.923	99.375	5
2026-03-23 19:40	99.365	99.700	99.277	99.595	5
2026-03-23 19:45	99.615	99.700	99.325	99.607	5
2026-03-23 19:50	99.605	99.850	99.575	99.825	5
2026-03-23 19:55	99.827	99.865	99.737	99.770	5
2026-03-23 20:00	99.765	100.070	99.733	99.780	5
2026-03-23 20:05	99.785	99.865	99.395	99.567	5
2026-03-23 20:10	99.575	99.965	99.525	99.925	5
2026-03-23 20:15	99.927	100.050	99.795	100.040	5
2026-03-23 20:20	100.045	100.335	99.988	100.227	5
2026-03-23 20:25	100.237	100.630	100.217	100.555	5
2026-03-23 20:30	100.545	100.775	100.527	100.695	5
2026-03-23 20:35	100.715	100.760	100.510	100.527	5
2026-03-23 20:40	100.535	100.575	100.137	100.177	5
2026-03-23 20:45	100.167	100.207	100.067	100.137	5
2026-03-23 20:50	100.127	100.297	100.077	100.225	5
2026-03-23 20:55	100.217	100.557	100.138	100.287	5
2026-03-24 00:00	100.747	101.317	100.682	100.867	5
2026-03-24 00:05	100.857	100.857	100.452	100.797	5
2026-03-24 00:10	100.802	100.947	100.627	100.902	5
2026-03-24 00:15	100.932	101.272	100.797	101.057	5
2026-03-24 00:20	101.067	101.252	100.842	101.162	5
2026-03-24 00:25	101.142	101.277	101.007	101.222	5
2026-03-24 00:30	101.217	101.642	101.117	101.287	5
2026-03-24 00:35	101.297	102.022	101.287	101.807	5
2026-03-24 00:40	101.812	101.927	101.552	101.887	5
2026-03-24 00:45	101.882	102.132	101.787	101.922	5
2026-03-24 00:50	101.927	101.982	101.772	101.882	5
2026-03-24 00:55	101.882	101.902	101.492	101.747	5
2026-03-24 01:00	101.743	102.700	101.698	102.700	5
2026-03-24 01:05	102.695	103.090	102.597	102.777	5
2026-03-24 01:10	102.787	102.820	102.467	102.587	5
2026-03-24 01:15	102.597	103.005	102.567	102.815	5
2026-03-24 01:20	102.787	102.857	102.635	102.765	5
2026-03-24 01:25	102.767	103.175	102.727	102.955	5
2026-03-24 01:30	102.903	103.377	102.897	103.325	5
2026-03-24 01:35	103.330	103.577	103.105	103.560	5
2026-03-24 01:40	103.565	103.815	103.483	103.815	5
2026-03-24 01:45	103.805	103.897	103.590	103.590	5
2026-03-24 01:50	103.595	103.655	103.337	103.507	5
2026-03-24 01:55	103.507	103.550	103.295	103.390	5
2026-03-24 02:00	103.372	103.895	103.168	103.867	5
2026-03-24 02:05	103.865	103.885	103.585	103.757	5
2026-03-24 02:10	103.770	103.907	103.707	103.875	5
2026-03-24 02:15	103.857	104.250	103.827	104.085	5
2026-03-24 02:20	104.080	104.265	103.907	103.975	5
2026-03-24 02:25	103.970	103.970	103.575	103.585	5
2026-03-24 02:30	103.567	103.987	103.527	103.767	5
2026-03-24 02:35	103.777	103.817	103.555	103.777	5
2026-03-24 02:40	103.775	103.887	103.487	103.547	5
2026-03-24 02:45	103.567	103.607	103.217	103.575	5
2026-03-24 02:50	103.557	103.905	103.537	103.865	5
2026-03-24 02:55	103.840	103.865	103.617	103.697	5
2026-03-24 03:00	103.697	104.135	103.687	103.905	5
2026-03-24 03:05	103.895	103.947	103.607	103.835	5
2026-03-24 03:10	103.827	103.925	103.757	103.815	5
2026-03-24 03:15	103.807	103.900	103.787	103.825	5
2026-03-24 03:20	103.827	103.995	103.787	103.975	5
2026-03-24 03:25	103.965	104.025	103.657	103.705	5
2026-03-24 03:30	103.697	103.867	103.667	103.845	5
2026-03-24 03:35	103.835	103.947	103.805	103.875	5
2026-03-24 03:40	103.865	103.920	103.845	103.885	5
2026-03-24 03:45	103.867	103.920	103.813	103.835	5
2026-03-24 03:50	103.830	104.055	103.825	103.857	5
2026-03-24 03:55	103.847	104.075	103.825	103.955	5
2026-03-24 04:00	103.927	104.125	103.877	104.117	5
2026-03-24 04:05	104.125	104.255	104.073	104.155	5
2026-03-24 04:10	104.140	104.275	104.125	104.205	5
2026-03-24 04:15	104.197	104.335	104.147	104.195	5
2026-03-24 04:20	104.177	104.225	104.145	104.155	5
2026-03-24 04:25	104.147	104.210	104.077	104.087	5
2026-03-24 04:30	104.095	104.210	104.050	104.057	5
2026-03-24 04:35	104.067	104.107	103.905	103.947	5
2026-03-24 04:40	103.945	104.055	103.887	103.920	5
2026-03-24 04:45	103.915	103.955	103.757	103.825	5
2026-03-24 04:50	103.830	103.875	103.755	103.780	5
2026-03-24 04:55	103.770	103.837	103.717	103.725	5
2026-03-24 05:00	103.745	103.920	103.685	103.880	5
2026-03-24 05:05	103.887	104.145	103.887	104.065	5
2026-03-24 05:10	104.055	104.080	103.665	103.775	5
2026-03-24 05:15	103.770	103.805	103.457	103.585	5
2026-03-24 05:20	103.587	103.882	103.587	103.685	5
2026-03-24 05:25	103.665	104.005	103.577	103.955	5
2026-03-24 05:30	103.960	104.135	103.960	104.080	5
2026-03-24 05:35	104.087	104.110	103.685	103.777	5
2026-03-24 05:40	103.785	103.795	103.425	103.505	5
2026-03-24 05:45	103.497	103.657	103.177	103.395	5
2026-03-24 05:50	103.400	103.535	103.257	103.445	5
2026-03-24 05:55	103.447	103.447	103.277	103.335	5
2026-03-24 06:00	103.293	103.337	102.347	102.675	5
2026-03-24 06:05	102.670	103.015	102.665	102.675	5
2026-03-24 06:10	102.665	102.875	102.445	102.715	5
2026-03-24 06:15	102.707	102.887	102.575	102.875	5
2026-03-24 06:20	102.877	102.887	102.447	102.525	5
2026-03-24 06:25	102.527	102.835	102.307	102.747	5
2026-03-24 06:30	102.757	102.757	102.258	102.337	5
2026-03-24 06:35	102.347	102.707	102.215	102.637	5
2026-03-24 06:40	102.625	102.885	102.625	102.675	5
2026-03-24 06:45	102.665	103.095	102.585	103.045	5
2026-03-24 06:50	103.027	103.050	102.547	102.597	5
2026-03-24 06:55	102.595	102.740	102.295	102.565	5
2026-03-24 07:00	102.578	103.010	102.445	102.647	5
2026-03-24 07:05	102.627	102.915	102.395	102.800	5
2026-03-24 07:10	102.815	102.815	102.438	102.620	5
2026-03-24 07:15	102.625	102.647	101.377	102.117	5
2026-03-24 07:20	102.125	102.367	101.895	102.367	5
2026-03-24 07:25	102.365	102.627	102.175	102.305	5
2026-03-24 07:30	102.288	102.930	102.285	102.730	5
2026-03-24 07:35	102.740	102.920	102.567	102.660	5
2026-03-24 07:40	102.640	102.745	102.398	102.570	5
2026-03-24 07:45	102.575	102.675	102.365	102.410	5
2026-03-24 07:50	102.425	102.435	101.435	101.635	5
2026-03-24 07:55	101.640	101.640	100.903	100.955	5
2026-03-24 08:00	100.960	101.367	100.705	100.747	5
2026-03-24 08:05	100.737	101.547	100.538	101.285	5
2026-03-24 08:10	101.305	101.467	101.055	101.127	5
2026-03-24 08:15	101.053	101.517	100.765	101.477	5
2026-03-24 08:20	101.457	101.665	100.953	101.217	5
2026-03-24 08:25	101.207	102.495	101.207	102.267	5
2026-03-24 08:30	102.290	102.385	101.418	101.517	5
2026-03-24 08:35	101.525	101.525	101.203	101.255	5
2026-03-24 08:40	101.257	101.327	100.855	101.185	5
2026-03-24 08:45	101.187	101.187	100.785	100.830	5
2026-03-24 08:50	100.857	101.495	100.753	101.195	5
2026-03-24 08:55	101.200	101.910	101.125	101.645	5
2026-03-24 09:00	101.563	101.895	101.507	101.557	5
2026-03-24 09:05	101.587	101.925	101.417	101.887	5
2026-03-24 09:10	101.895	102.110	101.685	102.087	5
2026-03-24 09:15	102.087	102.197	101.915	102.007	5
2026-03-24 09:20	102.005	102.375	101.995	102.255	5
2026-03-24 09:25	102.213	102.407	102.173	102.407	5
2026-03-24 09:30	102.385	102.695	102.318	102.445	5
2026-03-24 09:35	102.427	102.435	102.105	102.105	5
2026-03-24 09:40	102.125	102.125	101.405	101.555	5
2026-03-24 09:45	101.547	101.807	101.507	101.707	5
2026-03-24 09:50	101.697	101.925	101.540	101.567	5
2026-03-24 09:55	101.575	101.605	101.355	101.590	5
2026-03-24 10:00	101.610	101.705	101.177	101.550	5
2026-03-24 10:05	101.515	101.555	101.075	101.145	5
2026-03-24 10:10	101.083	101.107	100.300	100.430	5
2026-03-24 10:15	100.445	100.555	100.200	100.275	5
2026-03-24 10:20	100.245	100.625	100.203	100.580	5
2026-03-24 10:25	100.570	100.920	100.495	100.905	5
2026-03-24 10:30	100.863	101.215	100.797	101.145	5
2026-03-24 10:35	101.125	101.195	100.745	101.085	5
2026-03-24 10:40	101.065	101.320	100.828	101.155	5
2026-03-24 10:45	101.147	101.555	101.145	101.495	5
2026-03-24 10:50	101.490	101.550	101.233	101.340	5
2026-03-24 10:55	101.347	101.675	101.347	101.470	5
2026-03-24 11:00	101.423	101.650	101.153	101.375	5
2026-03-24 11:05	101.380	101.447	100.977	101.405	5
2026-03-24 11:10	101.447	101.737	101.355	101.655	5
2026-03-24 11:15	101.647	101.745	101.390	101.445	5
2026-03-24 11:20	101.435	101.595	101.300	101.540	5
2026-03-24 11:25	101.545	101.867	101.540	101.865	5
2026-03-24 11:30	101.870	101.870	101.570	101.705	5
2026-03-24 11:35	101.668	101.965	101.613	101.870	5
2026-03-24 11:40	101.855	102.235	101.850	102.197	5
2026-03-24 11:45	102.205	102.270	101.705	101.955	5
2026-03-24 11:50	101.975	102.740	101.875	102.395	5
2026-03-24 11:55	102.405	102.525	102.175	102.200	5
2026-03-24 12:00	102.172	102.535	102.068	102.345	5
2026-03-24 12:05	102.350	102.510	102.213	102.505	5
2026-03-24 12:10	102.500	103.017	102.445	102.875	5
2026-03-24 12:15	102.895	102.945	102.640	102.725	5
2026-03-24 12:20	102.735	102.910	102.547	102.670	5
2026-03-24 12:25	102.697	102.715	102.355	102.447	5
2026-03-24 12:30	102.445	102.770	102.408	102.735	5
2026-03-24 12:35	102.730	102.940	102.615	102.865	5
2026-03-24 12:40	102.875	102.995	102.785	102.960	5
2026-03-24 12:45	102.913	103.375	102.845	103.230	5
2026-03-24 12:50	103.240	103.240	102.637	102.775	5
2026-03-24 12:55	102.718	103.080	102.718	102.915	5
2026-03-24 13:00	102.878	103.110	102.645	102.675	5
2026-03-24 13:05	102.603	103.637	102.540	103.507	5
2026-03-24 13:10	103.497	103.587	103.007	103.065	5
2026-03-24 13:15	103.008	103.300	102.890	103.255	5
2026-03-24 13:20	103.245	103.590	103.245	103.550	5
2026-03-24 13:25	103.570	103.660	103.073	103.585	5
2026-03-24 13:30	103.548	103.780	103.418	103.470	5
2026-03-24 13:35	103.428	103.535	103.105	103.465	5
2026-03-24 13:40	103.393	103.750	103.393	103.725	5
2026-03-24 13:45	103.730	103.730	103.485	103.535	5
2026-03-24 13:50	103.545	103.545	103.353	103.505	5
2026-03-24 13:55	103.500	103.550	103.195	103.195	5
2026-03-24 14:00	103.153	103.265	102.688	102.745	5
2026-03-24 14:05	102.755	102.860	102.503	102.685	5
2026-03-24 14:10	102.695	103.050	102.515	102.705	5
2026-03-24 14:15	102.710	102.900	102.655	102.835	5
2026-03-24 14:20	102.857	102.965	102.660	102.930	5
2026-03-24 14:25	102.935	103.045	102.820	102.975	5
2026-03-24 14:30	102.960	102.990	102.725	102.825	5
2026-03-24 14:35	102.830	103.450	102.790	103.315	5
2026-03-24 14:40	103.335	103.485	102.988	103.055	5
2026-03-24 14:45	103.003	103.340	102.608	103.305	5
2026-03-24 14:50	103.310	103.495	101.894	102.634	5
2026-03-24 14:55	102.624	102.974	101.854	102.704	5
2026-03-24 15:00	102.744	102.744	101.934	102.417	5
2026-03-24 15:05	102.425	102.835	102.355	102.726	5
2026-03-24 15:10	102.745	102.864	102.606	102.755	5
2026-03-24 15:15	102.760	103.066	102.726	102.975	5
2026-03-24 15:20	102.965	103.040	102.484	102.540	5
2026-03-24 15:25	102.545	102.610	102.355	102.430	5
2026-03-24 15:30	102.424	102.920	102.355	102.685	5
2026-03-24 15:35	102.675	102.915	102.606	102.697	5
2026-03-24 15:40	102.695	102.960	102.625	102.875	5
2026-03-24 15:45	102.870	103.135	102.796	103.055	5
2026-03-24 15:50	103.060	103.316	102.725	103.316	5
2026-03-24 15:55	103.295	103.905	103.207	103.855	5
2026-03-24 16:00	103.884	104.156	103.854	104.155	5
2026-03-24 16:05	104.160	104.245	104.025	104.096	5
2026-03-24 16:10	104.115	104.190	103.876	104.105	5
2026-03-24 16:15	104.110	104.185	103.956	104.096	5
2026-03-24 16:20	104.105	104.235	103.585	103.645	5
2026-03-24 16:25	103.636	104.020	103.496	103.536	5
2026-03-24 16:30	103.535	103.905	103.405	103.756	5
2026-03-24 16:35	103.760	104.250	103.756	104.145	5
2026-03-24 16:40	104.140	104.205	103.920	104.025	5
2026-03-24 16:45	104.014	104.205	103.895	104.145	5
2026-03-24 16:50	104.155	104.360	104.070	104.340	5
2026-03-24 16:55	104.330	104.575	104.166	104.185	5
2026-03-24 17:00	104.185	104.365	104.106	104.355	5
2026-03-24 17:05	104.360	104.944	104.346	104.715	5
2026-03-24 17:10	104.710	104.975	104.645	104.805	5
2026-03-24 17:15	104.800	104.800	104.395	104.545	5
2026-03-24 17:20	104.545	104.715	104.435	104.686	5
2026-03-24 17:25	104.685	104.765	104.576	104.606	5
2026-03-24 17:30	104.625	104.646	104.206	104.395	5
2026-03-24 17:35	104.396	104.415	104.206	104.326	5
2026-03-24 17:40	104.335	104.596	104.270	104.595	5
2026-03-24 17:45	104.590	104.795	104.387	104.556	5
2026-03-24 17:50	104.565	104.720	104.134	104.345	5
2026-03-24 17:55	104.345	104.385	102.727	103.487	5
2026-03-24 18:00	103.486	103.965	103.116	103.755	5
2026-03-24 18:05	103.760	104.145	103.526	104.076	5
2026-03-24 18:10	104.065	104.175	103.736	104.175	5
2026-03-24 18:15	104.170	104.665	103.575	103.595	5
2026-03-24 18:20	103.654	104.345	103.544	104.315	5
2026-03-24 18:25	104.317	104.586	104.157	104.346	5
2026-03-24 18:30	104.360	104.600	104.054	104.146	5
2026-03-24 18:35	104.155	104.200	103.005	103.117	5
2026-03-24 18:40	103.117	104.115	103.117	103.976	5
2026-03-24 18:45	103.975	104.205	103.885	104.125	5
2026-03-24 18:50	104.130	104.230	103.704	103.925	5
2026-03-24 18:55	103.925	104.365	103.925	104.035	5
2026-03-24 19:00	104.027	104.050	103.485	103.656	5
2026-03-24 19:05	103.655	103.785	103.395	103.525	5
2026-03-24 19:10	103.517	103.565	103.345	103.435	5
2026-03-24 19:15	103.425	103.605	103.405	103.445	5
2026-03-24 19:20	103.450	103.607	103.235	103.395	5
2026-03-24 19:25	103.390	103.515	103.296	103.475	5
2026-03-24 19:30	103.485	103.630	103.355	103.405	5
2026-03-24 19:35	103.400	103.675	103.400	103.625	5
2026-03-24 19:40	103.615	103.615	103.345	103.365	5
2026-03-24 19:45	103.355	103.495	103.345	103.415	5
2026-03-24 19:50	103.405	103.565	103.385	103.535	5
2026-03-24 19:55	103.525	103.815	103.497	103.770	5
2026-03-24 20:00	103.775	103.815	103.635	103.635	5
2026-03-24 20:05	103.625	103.760	103.587	103.725	5
2026-03-24 20:10	103.767	103.790	103.695	103.765	5
2026-03-24 20:15	103.755	103.760	103.167	103.205	5
2026-03-24 20:20	103.155	103.237	99.277	99.457	5
2026-03-24 20:25	99.527	100.427	98.147	100.287	5
2026-03-24 20:30	100.287	101.427	100.287	100.907	5
2026-03-24 20:35	100.907	101.207	99.027	99.777	5
2026-03-24 20:40	99.777	101.067	99.777	100.757	5
2026-03-24 20:45	100.755	100.867	99.955	99.957	5
2026-03-24 20:50	99.955	100.457	99.445	99.657	5
2026-03-24 20:55	99.657	100.345	99.645	99.957	5
2026-03-25 00:00	100.302	100.372	99.232	99.647	5
2026-03-25 00:05	99.657	99.917	98.692	98.697	5
2026-03-25 00:10	98.687	98.947	98.027	98.352	5
2026-03-25 00:15	98.362	98.597	98.027	98.172	5
2026-03-25 00:20	98.177	98.572	97.697	98.067	5
2026-03-25 00:25	98.092	98.322	98.067	98.242	5
2026-03-25 00:30	98.272	98.807	97.982	98.057	5
2026-03-25 00:35	98.057	98.057	97.542	97.607	5
2026-03-25 00:40	97.622	98.072	97.602	98.027	5
2026-03-25 00:45	98.032	98.187	97.882	98.187	5
2026-03-25 00:50	98.217	98.377	98.132	98.252	5
2026-03-25 00:55	98.257	98.432	98.072	98.362	5
2026-03-25 01:00	98.427	98.495	97.507	97.607	5
2026-03-25 01:05	97.587	98.047	97.237	97.537	5
2026-03-25 01:10	97.527	97.677	97.107	97.677	5
2026-03-25 01:15	97.687	98.225	97.657	97.817	5
2026-03-25 01:20	97.797	97.847	97.317	97.467	5
2026-03-25 01:25	97.477	98.057	97.477	97.967	5
2026-03-25 01:30	97.977	98.217	97.867	97.947	5
2026-03-25 01:35	97.917	98.147	97.737	98.087	5
2026-03-25 01:40	98.077	98.477	97.897	97.927	5
2026-03-25 01:45	97.927	98.047	97.727	97.867	5
2026-03-25 01:50	97.877	98.047	97.777	97.857	5
2026-03-25 01:55	97.867	97.967	97.747	97.947	5
2026-03-25 02:00	97.957	98.047	97.887	97.887	5
2026-03-25 02:05	97.867	98.047	97.617	98.017	5
2026-03-25 02:10	98.027	98.597	98.017	98.287	5
2026-03-25 02:15	98.297	98.375	98.207	98.327	5
2026-03-25 02:20	98.337	98.517	98.337	98.367	5
2026-03-25 02:25	98.387	98.647	98.300	98.617	5
2026-03-25 02:30	98.627	98.847	98.397	98.827	5
2026-03-25 02:35	98.837	98.887	98.537	98.797	5
2026-03-25 02:40	98.807	99.137	98.717	99.107	5
2026-03-25 02:45	99.097	99.307	98.817	99.127	5
2026-03-25 02:50	99.117	99.437	98.757	99.417	5
2026-03-25 02:55	99.417	99.687	99.337	99.567	5
2026-03-25 03:00	99.557	99.887	99.417	99.447	5
2026-03-25 03:05	99.457	99.527	99.027	99.107	5
2026-03-25 03:10	99.127	99.237	99.037	99.177	5
2026-03-25 03:15	99.157	99.267	98.957	99.247	5
2026-03-25 03:20	99.260	99.587	99.207	99.567	5
2026-03-25 03:25	99.557	99.565	99.335	99.447	5
2026-03-25 03:30	99.457	99.795	99.447	99.567	5
2026-03-25 03:35	99.577	99.625	99.407	99.467	5
2026-03-25 03:40	99.477	100.057	99.417	99.997	5
2026-03-25 03:45	99.997	100.037	99.877	100.037	5
2026-03-25 03:50	100.037	100.037	99.697	99.787	5
2026-03-25 03:55	99.777	99.807	99.667	99.777	5
2026-03-25 04:00	99.797	99.987	99.667	99.697	5
2026-03-25 04:05	99.687	99.727	99.607	99.617	5
2026-03-25 04:10	99.617	99.667	99.307	99.387	5
2026-03-25 04:15	99.397	99.467	99.307	99.357	5
2026-03-25 04:20	99.347	99.367	99.127	99.127	5
2026-03-25 04:25	99.117	99.227	99.035	99.187	5
2026-03-25 04:30	99.177	99.327	99.177	99.277	5
2026-03-25 04:35	99.287	99.507	99.205	99.357	5
2026-03-25 04:40	99.347	99.477	99.157	99.437	5
2026-03-25 04:45	99.427	99.597	99.287	99.367	5
2026-03-25 04:50	99.357	99.357	99.197	99.207	5
2026-03-25 04:55	99.207	99.297	99.037	99.087	5
2026-03-25 05:00	99.085	99.457	99.077	99.427	5
2026-03-25 05:05	99.417	99.737	99.377	99.647	5
2026-03-25 05:10	99.657	99.687	99.317	99.577	5
2026-03-25 05:15	99.567	99.567	99.407	99.467	5
2026-03-25 05:20	99.447	99.587	99.367	99.537	5
2026-03-25 05:25	99.537	99.807	99.537	99.757	5
2026-03-25 05:30	99.747	99.957	99.657	99.807	5
2026-03-25 05:35	99.817	99.897	99.637	99.837	5
2026-03-25 05:40	99.817	99.867	99.547	99.557	5
2026-03-25 05:45	99.565	100.147	99.557	100.097	5
2026-03-25 05:50	100.097	100.457	100.057	100.317	5
2026-03-25 05:55	100.327	100.547	100.307	100.337	5
2026-03-25 06:00	100.327	100.817	100.307	100.685	5
2026-03-25 06:05	100.687	100.847	100.547	100.547	5
2026-03-25 06:10	100.557	100.587	100.195	100.307	5
2026-03-25 06:15	100.307	100.327	99.967	99.997	5
2026-03-25 06:20	99.967	100.177	99.897	100.137	5
2026-03-25 06:25	100.137	100.427	100.057	100.387	5
2026-03-25 06:30	100.377	100.387	100.207	100.317	5
2026-03-25 06:35	100.337	100.605	100.237	100.237	5
2026-03-25 06:40	100.247	100.495	100.107	100.495	5
2026-03-25 06:45	100.467	100.637	100.407	100.527	5
2026-03-25 06:50	100.537	100.577	100.207	100.347	5
2026-03-25 06:55	100.357	100.507	100.137	100.217	5
2026-03-25 07:00	100.147	100.207	99.905	100.097	5
2026-03-25 07:05	100.077	100.257	99.897	100.125	5
2026-03-25 07:10	100.107	100.147	99.695	99.727	5
2026-03-25 07:15	99.717	99.740	99.447	99.687	5
2026-03-25 07:20	99.685	100.270	99.657	99.927	5
2026-03-25 07:25	99.997	100.135	99.897	99.967	5
2026-03-25 07:30	99.977	100.027	99.390	99.755	5
2026-03-25 07:35	99.747	99.825	99.397	99.505	5
2026-03-25 07:40	99.500	99.500	99.097	99.357	5
2026-03-25 07:45	99.367	99.545	98.997	99.045	5
2026-03-25 07:50	99.090	99.545	99.057	99.325	5
2026-03-25 07:55	99.267	99.460	99.067	99.257	5
2026-03-25 08:00	99.217	99.530	99.097	99.135	5
2026-03-25 08:05	99.127	99.357	98.687	99.225	5
2026-03-25 08:10	99.217	99.277	98.865	98.940	5
2026-03-25 08:15	98.950	98.967	98.285	98.425	5
2026-03-25 08:20	98.427	98.687	98.130	98.247	5
2026-03-25 08:25	98.257	98.257	97.797	98.057	5
2026-03-25 08:30	98.090	98.415	97.397	97.437	5
2026-03-25 08:35	97.427	98.687	97.357	98.627	5
2026-03-25 08:40	98.625	98.665	97.845	98.247	5
2026-03-25 08:45	98.257	98.467	98.127	98.305	5
2026-03-25 08:50	98.315	98.910	98.227	98.890	5
2026-03-25 08:55	98.905	98.970	98.690	98.857	5
2026-03-25 09:00	98.737	98.925	98.627	98.820	5
2026-03-25 09:05	98.795	98.907	98.537	98.807	5
2026-03-25 09:10	98.805	98.855	98.477	98.657	5
2026-03-25 09:15	98.670	99.207	98.597	99.037	5
2026-03-25 09:20	99.017	99.535	98.877	99.507	5
2026-03-25 09:25	99.507	99.775	99.467	99.775	5
2026-03-25 09:30	99.777	99.777	99.337	99.437	5
2026-03-25 09:35	99.455	99.717	99.440	99.680	5
2026-03-25 09:40	99.685	100.245	99.627	100.207	5
2026-03-25 09:45	100.215	100.475	100.127	100.270	5
2026-03-25 09:50	100.257	100.305	99.897	100.075	5
2026-03-25 09:55	100.077	100.107	98.597	99.147	5
2026-03-25 10:00	99.187	99.227	98.327	98.547	5
2026-03-25 10:05	98.537	98.957	98.537	98.777	5
2026-03-25 10:10	98.737	98.965	98.627	98.697	5
2026-03-25 10:15	98.717	98.970	98.377	98.697	5
2026-03-25 10:20	98.695	99.085	98.627	98.910	5
2026-03-25 10:25	98.915	99.207	98.885	99.135	5
2026-03-25 10:30	99.177	99.417	99.095	99.287	5
2026-03-25 10:35	99.287	99.400	99.090	99.157	5
2026-03-25 10:40	99.155	99.445	98.947	99.407	5
2026-03-25 10:45	99.407	99.417	98.777	98.795	5
2026-03-25 10:50	98.777	98.895	97.987	98.157	5
2026-03-25 10:55	98.177	98.370	98.057	98.237	5
2026-03-25 11:00	98.227	98.370	97.877	97.975	5
2026-03-25 11:05	97.985	98.247	97.907	97.997	5
2026-03-25 11:10	97.997	98.095	97.597	97.805	5
2026-03-25 11:15	97.787	98.087	97.645	98.030	5
2026-03-25 11:20	98.107	98.225	97.837	97.917	5
2026-03-25 11:25	97.925	98.050	97.687	97.997	5
2026-03-25 11:30	97.977	98.505	97.855	98.505	5
2026-03-25 11:35	98.497	98.537	98.257	98.505	5
2026-03-25 11:40	98.500	98.625	98.397	98.487	5
2026-03-25 11:45	98.505	99.157	98.377	98.957	5
2026-03-25 11:50	98.937	99.017	98.497	98.567	5
2026-03-25 11:55	98.565	98.857	98.395	98.405	5
2026-03-25 12:00	98.347	98.817	98.277	98.577	5
2026-03-25 12:05	98.577	98.737	98.245	98.357	5
2026-03-25 12:10	98.367	98.495	98.215	98.245	5
2026-03-25 12:15	98.257	99.647	98.227	99.647	5
2026-03-25 12:20	99.657	100.137	99.075	100.105	5
2026-03-25 12:25	100.115	100.615	99.817	100.427	5
2026-03-25 12:30	100.435	100.775	100.097	100.257	5
2026-03-25 12:35	100.257	100.407	99.737	99.757	5
2026-03-25 12:40	99.757	99.897	99.557	99.797	5
2026-03-25 12:45	99.767	99.935	99.527	99.765	5
2026-03-25 12:50	99.735	99.927	99.630	99.797	5
2026-03-25 12:55	99.805	99.857	99.620	99.847	5
2026-03-25 13:00	99.897	99.897	99.247	99.337	5
2026-03-25 13:05	99.317	99.440	98.987	99.337	5
2026-03-25 13:10	99.345	99.365	98.925	99.097	5
2026-03-25 13:15	99.077	99.207	98.745	98.775	5
2026-03-25 13:20	98.780	99.200	98.760	98.875	5
2026-03-25 13:25	98.887	99.147	98.730	98.965	5
2026-03-25 13:30	98.797	99.255	98.757	99.197	5
2026-03-25 13:35	99.185	99.487	99.015	99.380	5
2026-03-25 13:40	99.395	99.615	98.977	99.597	5
2026-03-25 13:45	99.587	100.045	99.470	99.927	5
2026-03-25 13:50	99.917	100.275	99.897	100.050	5
2026-03-25 13:55	100.065	100.270	99.717	100.215	5
2026-03-25 14:00	100.147	100.470	99.965	100.165	5
2026-03-25 14:05	100.177	100.577	100.037	100.357	5
2026-03-25 14:10	100.495	100.665	100.327	100.337	5
2026-03-25 14:15	100.317	100.377	100.097	100.270	5
2026-03-25 14:20	100.255	100.795	100.105	100.697	5
2026-03-25 14:25	100.710	100.775	100.117	100.287	5
2026-03-25 14:30	100.317	100.487	100.065	100.277	5
2026-03-25 14:35	100.257	100.565	100.197	100.455	5
2026-03-25 14:40	100.465	100.685	100.405	100.670	5
2026-03-25 14:45	100.627	100.635	100.107	100.165	5
2026-03-25 14:50	100.167	100.497	100.165	100.457	5
2026-03-25 14:55	100.465	100.610	100.405	100.525	5
2026-03-25 15:00	100.545	100.565	100.327	100.395	5
2026-03-25 15:05	100.400	100.600	100.365	100.540	5
2026-03-25 15:10	100.535	101.140	100.457	101.100	5
2026-03-25 15:15	101.105	101.745	101.055	101.417	5
2026-03-25 15:20	101.417	101.565	101.075	101.177	5
2026-03-25 15:25	101.185	101.397	100.885	100.947	5
2026-03-25 15:30	100.955	101.057	100.557	100.715	5
2026-03-25 15:35	100.745	101.057	100.587	101.007	5
2026-03-25 15:40	101.015	101.165	100.955	101.070	5
2026-03-25 15:45	101.060	101.315	101.060	101.290	5
2026-03-25 15:50	101.257	101.580	101.137	101.405	5
2026-03-25 15:55	101.370	101.805	101.295	101.780	5
2026-03-25 16:00	101.767	102.010	101.567	101.705	5
2026-03-25 16:05	101.715	101.785	101.277	101.355	5
2026-03-25 16:10	101.365	101.805	101.365	101.525	5
2026-03-25 16:15	101.527	101.565	101.250	101.340	5
2026-03-25 16:20	101.295	101.587	101.065	101.247	5
2026-03-25 16:25	100.947	101.325	100.727	101.280	4
2026-03-25 16:30	101.275	101.435	100.850	100.907	5
2026-03-25 16:35	100.917	101.245	100.850	101.207	5
2026-03-25 16:40	101.207	101.317	101.035	101.070	5
2026-03-25 16:45	101.075	101.285	100.850	101.275	5
2026-03-25 16:50	101.270	101.955	101.270	101.440	5
2026-03-25 16:55	101.445	101.585	101.295	101.385	5
2026-03-25 17:00	101.375	101.507	101.175	101.457	5
2026-03-25 17:05	101.465	102.020	101.445	101.955	5
2026-03-25 17:10	101.957	101.965	101.555	101.687	5
2026-03-25 17:15	101.697	102.050	101.487	101.707	5
2026-03-25 17:20	101.687	102.080	101.677	101.967	5
2026-03-25 17:25	101.965	101.975	101.355	101.640	5
2026-03-25 17:30	101.650	101.810	101.367	101.375	5
2026-03-25 17:35	101.367	101.537	101.267	101.455	5
2026-03-25 17:40	101.465	101.647	101.125	101.597	5
2026-03-25 17:45	101.597	101.717	101.397	101.685	5
2026-03-25 17:50	101.687	101.985	101.417	101.885	5
2026-03-25 17:55	101.897	102.075	101.447	101.957	5
2026-03-25 18:00	101.947	102.145	101.875	102.047	5
2026-03-25 18:05	102.055	102.105	101.787	101.955	5
2026-03-25 18:10	101.945	102.380	101.865	102.180	5
2026-03-25 18:15	102.170	102.440	102.127	102.217	5
2026-03-25 18:20	102.215	102.307	101.847	101.865	5
2026-03-25 18:25	101.860	102.330	101.805	102.180	5
2026-03-25 18:30	102.200	102.200	101.915	102.040	5
2026-03-25 18:35	102.050	102.225	101.915	102.080	5
2026-03-25 18:40	102.085	102.450	101.990	102.425	5
2026-03-25 18:45	102.415	102.757	102.390	102.570	5
2026-03-25 18:50	102.575	102.725	102.477	102.700	5
2026-03-25 18:55	102.710	103.215	102.700	103.000	5
2026-03-25 19:00	103.075	103.345	102.707	102.857	5
2026-03-25 19:05	102.865	103.065	102.757	102.880	5
2026-03-25 19:10	102.885	102.900	102.657	102.685	5
2026-03-25 19:15	102.687	102.745	102.525	102.715	5
2026-03-25 19:20	102.710	102.725	102.505	102.645	5
2026-03-25 19:25	102.647	102.705	102.437	102.527	5
2026-03-25 19:30	102.537	102.747	102.517	102.720	5
2026-03-25 19:35	102.725	102.725	102.537	102.565	5
2026-03-25 19:40	102.577	102.835	102.570	102.810	5
2026-03-25 19:45	102.790	102.940	102.745	102.910	5
2026-03-25 19:50	102.915	102.945	102.755	102.885	5
2026-03-25 19:55	102.847	102.860	102.690	102.725	5
2026-03-25 20:00	102.747	103.127	102.715	103.047	5
2026-03-25 20:05	103.055	103.060	102.900	103.035	5
2026-03-25 20:10	103.057	103.167	103.037	103.157	5
2026-03-25 20:15	103.155	103.240	103.080	103.105	5
2026-03-25 20:20	103.107	103.237	103.095	103.140	5
2026-03-25 20:25	103.135	103.230	103.097	103.137	5
2026-03-25 20:30	103.137	103.260	103.085	103.147	5
2026-03-25 20:35	103.135	103.177	103.015	103.035	5
2026-03-25 20:40	103.025	103.070	102.947	103.065	5
2026-03-25 20:45	103.057	103.225	103.047	103.187	5
2026-03-25 20:50	103.177	103.255	103.137	103.187	5
2026-03-25 20:55	103.185	103.217	103.077	103.077	5
2026-03-26 00:00	102.787	103.157	102.787	102.997	5
2026-03-26 00:05	102.992	103.197	102.937	103.117	5
2026-03-26 00:10	103.127	103.262	103.017	103.062	5
2026-03-26 00:15	103.052	103.062	102.887	102.887	5
2026-03-26 00:20	102.897	103.007	102.872	102.992	5
2026-03-26 00:25	102.997	103.282	102.997	103.097	5
2026-03-26 00:30	103.087	103.217	103.007	103.017	5
2026-03-26 00:35	103.022	103.147	102.937	103.077	5
2026-03-26 00:40	103.097	103.267	103.097	103.217	5
2026-03-26 00:45	103.222	103.477	103.222	103.347	5
2026-03-26 00:50	103.337	103.557	103.297	103.492	5
2026-03-26 00:55	103.427	103.452	103.082	103.107	5
2026-03-26 01:00	103.167	103.267	102.887	103.235	5
2026-03-26 01:05	103.197	103.467	103.177	103.327	5
2026-03-26 01:10	103.337	103.467	103.227	103.367	5
2026-03-26 01:15	103.367	103.477	103.277	103.477	5
2026-03-26 01:20	103.497	103.497	103.257	103.307	5
2026-03-26 01:25	103.297	103.457	103.220	103.287	5
2026-03-26 01:30	103.285	103.385	103.047	103.067	5
2026-03-26 01:35	103.087	103.327	103.057	103.237	5
2026-03-26 01:40	103.227	103.237	103.007	103.167	5
2026-03-26 01:45	103.157	103.287	103.037	103.107	5
2026-03-26 01:50	103.097	103.327	103.027	103.187	5
2026-03-26 01:55	103.197	103.237	103.027	103.067	5
2026-03-26 02:00	103.077	103.097	102.807	102.877	5
2026-03-26 02:05	102.887	103.347	102.887	103.207	5
2026-03-26 02:10	103.217	103.327	103.157	103.227	5
2026-03-26 02:15	103.137	103.287	103.137	103.277	5
2026-03-26 02:20	103.287	103.297	103.117	103.157	5
2026-03-26 02:25	103.147	103.165	103.017	103.107	5
2026-03-26 02:30	103.057	103.487	103.057	103.287	5
2026-03-26 02:35	103.305	103.457	103.237	103.267	5
2026-03-26 02:40	103.257	103.287	103.147	103.237	5
2026-03-26 02:45	103.237	103.507	103.227	103.497	5
2026-03-26 02:50	103.507	103.807	103.507	103.775	5
2026-03-26 02:55	103.760	104.070	103.760	103.947	5
2026-03-26 03:00	103.957	104.135	103.867	103.987	5
2026-03-26 03:05	103.997	104.117	103.877	103.957	5
2026-03-26 03:10	103.937	103.937	103.657	103.707	5
2026-03-26 03:15	103.707	103.907	103.687	103.907	5
2026-03-26 03:20	103.897	103.970	103.797	103.955	5
2026-03-26 03:25	103.957	103.995	103.910	103.950	5
2026-03-26 03:30	103.955	103.975	103.805	103.805	5
2026-03-26 03:35	103.815	103.857	103.727	103.777	5
2026-03-26 03:40	103.787	103.895	103.725	103.877	5
2026-03-26 03:45	103.875	103.945	103.855	103.917	5
2026-03-26 03:50	103.925	104.000	103.917	103.945	5
2026-03-26 03:55	103.950	104.007	103.937	103.950	5
2026-03-26 04:00	103.955	104.050	103.955	104.035	5
2026-03-26 04:05	104.030	104.095	103.777	103.807	5
2026-03-26 04:10	103.815	103.837	103.727	103.760	5
2026-03-26 04:15	103.755	103.767	103.697	103.747	5
2026-03-26 04:20	103.747	103.867	103.745	103.837	5
2026-03-26 04:25	103.827	103.930	103.777	103.915	5
2026-03-26 04:30	103.910	103.950	103.890	103.950	5
2026-03-26 04:35	103.955	103.995	103.917	103.990	5
2026-03-26 04:40	103.970	104.035	103.970	104.030	5
2026-03-26 04:45	104.035	104.045	103.975	103.995	5
2026-03-26 04:50	103.985	104.050	103.980	104.030	5
2026-03-26 04:55	104.025	104.165	103.967	104.127	5
2026-03-26 05:00	104.127	104.225	104.097	104.107	5
2026-03-26 05:05	104.097	104.207	104.055	104.135	5
2026-03-26 05:10	104.127	104.215	104.097	104.137	5
2026-03-26 05:15	104.145	104.177	104.097	104.147	5
2026-03-26 05:20	104.145	104.150	103.955	103.967	5
2026-03-26 05:25	103.957	103.977	103.897	103.957	5
2026-03-26 05:30	104.017	104.147	103.917	104.007	5
2026-03-26 05:35	103.987	104.007	103.737	104.007	5
2026-03-26 05:40	104.007	104.220	103.987	104.200	5
2026-03-26 05:45	104.205	104.325	104.117	104.280	5
2026-03-26 05:50	104.265	104.370	104.097	104.370	5
2026-03-26 05:55	104.355	104.520	104.330	104.495	5
2026-03-26 06:00	104.490	104.685	104.485	104.527	5
2026-03-26 06:05	104.537	104.667	104.467	104.477	5
2026-03-26 06:10	104.477	104.695	104.447	104.677	5
2026-03-26 06:15	104.667	104.677	104.477	104.547	5
2026-03-26 06:20	104.547	104.587	104.427	104.515	5
2026-03-26 06:25	104.517	104.517	104.155	104.275	5
2026-03-26 06:30	104.247	104.587	104.135	104.427	5
2026-03-26 06:35	104.417	104.435	104.117	104.140	5
2026-03-26 06:40	104.147	104.500	104.147	104.297	5
2026-03-26 06:45	104.297	104.357	104.137	104.347	5
2026-03-26 06:50	104.357	104.417	104.270	104.297	5
2026-03-26 06:55	104.310	104.370	104.197	104.370	5
2026-03-26 07:00	104.387	104.907	104.387	104.747	5
2026-03-26 07:05	104.737	105.087	104.737	104.890	5
2026-03-26 07:10	104.885	104.947	104.637	104.907	5
2026-03-26 07:15	104.907	105.000	104.857	104.900	5
2026-03-26 07:20	104.940	105.027	104.567	104.685	5
2026-03-26 07:25	104.695	104.875	104.645	104.847	5
2026-03-26 07:30	104.845	105.017	104.777	104.820	5
2026-03-26 07:35	104.800	105.077	104.775	105.025	5
2026-03-26 07:40	105.017	105.225	104.857	104.857	5
2026-03-26 07:45	104.865	104.867	104.625	104.665	5
2026-03-26 07:50	104.660	105.055	104.615	104.990	5
2026-03-26 07:55	104.995	105.065	104.910	104.920	5
2026-03-26 08:00	104.865	104.870	104.705	104.725	5
2026-03-26 08:05	104.750	104.870	104.640	104.865	5
2026-03-26 08:10	104.870	105.075	104.635	105.025	5
2026-03-26 08:15	105.020	105.175	104.955	105.055	5
2026-03-26 08:20	105.065	105.375	104.985	105.250	5
2026-03-26 08:25	105.235	105.925	104.975	105.840	5
2026-03-26 08:30	105.865	105.965	105.585	105.940	5
2026-03-26 08:35	105.945	106.367	105.830	105.947	5
2026-03-26 08:40	105.947	106.007	105.657	105.937	5
2026-03-26 08:45	105.947	106.090	105.795	106.030	5
2026-03-26 08:50	106.047	106.100	105.605	105.620	5
2026-03-26 08:55	105.635	105.897	105.497	105.875	5
2026-03-26 09:00	105.737	105.955	105.595	105.737	5
2026-03-26 09:05	105.757	105.790	105.477	105.747	5
2026-03-26 09:10	105.757	105.987	105.647	105.967	5
2026-03-26 09:15	105.985	106.307	105.957	106.217	5
2026-03-26 09:20	106.225	106.387	106.120	106.197	5
2026-03-26 09:25	106.197	106.275	105.997	106.147	5
2026-03-26 09:30	106.120	106.327	105.997	106.087	5
2026-03-26 09:35	106.085	106.160	105.815	106.085	5
2026-03-26 09:40	106.075	106.295	105.995	106.275	5
2026-03-26 09:45	106.267	106.417	106.185	106.235	5
2026-03-26 09:50	106.225	106.265	106.005	106.025	5
2026-03-26 09:55	106.015	106.245	105.810	106.097	5
2026-03-26 10:00	106.107	106.387	106.105	106.275	5
2026-03-26 10:05	106.307	106.317	105.927	106.055	5
2026-03-26 10:10	106.057	106.170	105.667	105.675	5
2026-03-26 10:15	105.677	105.980	105.455	105.925	5
2026-03-26 10:20	105.920	105.955	105.507	105.667	5
2026-03-26 10:25	105.677	105.677	105.417	105.535	5
2026-03-26 10:30	105.537	105.597	105.320	105.487	5
2026-03-26 10:35	105.487	106.015	105.400	105.977	5
2026-03-26 10:40	105.977	106.027	105.787	105.885	5
2026-03-26 10:45	105.887	106.270	105.737	106.117	5
2026-03-26 10:50	106.107	106.225	105.975	106.220	5
2026-03-26 10:55	106.215	106.225	106.037	106.145	5
2026-03-26 11:00	106.135	106.345	106.107	106.205	5
2026-03-26 11:05	106.157	106.170	105.987	106.010	5
2026-03-26 11:10	106.020	106.230	105.930	106.195	5
2026-03-26 11:15	106.200	106.400	106.105	106.225	5
2026-03-26 11:20	106.220	106.365	106.155	106.180	5
2026-03-26 11:25	106.205	106.545	106.205	106.420	5
2026-03-26 11:30	106.415	106.800	106.400	106.615	5
2026-03-26 11:35	106.590	106.860	106.585	106.840	5
2026-03-26 11:40	106.845	107.105	106.735	107.050	5
2026-03-26 11:45	107.055	107.140	106.970	107.130	5
2026-03-26 11:50	107.135	107.460	107.095	107.095	5
2026-03-26 11:55	107.115	107.575	107.115	107.460	5
2026-03-26 12:00	107.480	107.740	107.450	107.465	5
2026-03-26 12:05	107.480	107.510	107.095	107.347	5
2026-03-26 12:10	107.345	107.360	107.007	107.155	5
2026-03-26 12:15	107.145	107.200	106.895	106.960	5
2026-03-26 12:20	106.955	107.085	106.897	107.060	5
2026-03-26 12:25	107.005	107.157	106.985	107.065	5
2026-03-26 12:30	107.027	107.490	107.027	107.485	5
2026-03-26 12:35	107.490	107.595	107.437	107.540	5
2026-03-26 12:40	107.585	107.787	107.535	107.760	5
2026-03-26 12:45	107.755	107.947	107.567	107.765	5
2026-03-26 12:50	107.770	107.985	107.667	107.697	5
2026-03-26 12:55	107.705	107.897	107.537	107.610	5
2026-03-26 13:00	107.615	107.615	107.077	107.197	5
2026-03-26 13:05	107.177	107.287	107.057	107.135	5
2026-03-26 13:10	107.130	107.255	106.197	106.777	5
2026-03-26 13:15	106.777	106.867	106.307	106.795	5
2026-03-26 13:20	106.790	106.815	106.547	106.615	5
2026-03-26 13:25	106.625	106.720	106.325	106.375	5
2026-03-26 13:30	106.307	106.880	106.307	106.727	5
2026-03-26 13:35	106.745	106.965	106.590	106.917	5
2026-03-26 13:40	106.925	107.090	106.257	106.287	5
2026-03-26 13:45	106.285	106.605	106.117	106.497	5
2026-03-26 13:50	106.485	106.485	106.025	106.095	5
2026-03-26 13:55	106.090	106.617	105.940	106.025	5
2026-03-26 14:00	106.035	106.390	105.935	106.040	5
2026-03-26 14:05	106.070	106.467	106.025	106.345	5
2026-03-26 14:10	106.350	106.530	106.125	106.175	5
2026-03-26 14:15	106.165	106.515	106.155	106.470	5
2026-03-26 14:20	106.480	106.637	106.425	106.535	5
2026-03-26 14:25	106.540	106.750	106.435	106.647	5
2026-03-26 14:30	106.647	106.775	106.317	106.455	5
2026-03-26 14:35	106.457	106.570	106.225	106.287	5
2026-03-26 14:40	106.287	107.055	105.777	107.035	4
2026-03-26 14:45	107.025	107.357	106.837	107.195	5
2026-03-26 14:50	107.197	107.470	107.080	107.470	5
2026-03-26 14:55	107.535	107.755	107.175	107.215	5
2026-03-26 15:00	107.167	107.735	107.125	107.735	5
2026-03-26 15:05	107.730	107.927	107.427	107.917	5
2026-03-26 15:10	107.925	107.965	107.667	107.825	5
2026-03-26 15:15	107.877	108.055	107.785	108.005	5
2026-03-26 15:20	108.000	108.015	107.540	107.587	5
2026-03-26 15:25	107.595	107.840	107.570	107.680	5
2026-03-26 15:30	107.700	107.965	107.680	107.760	5
2026-03-26 15:35	107.765	107.837	107.425	107.630	5
2026-03-26 15:40	107.615	107.860	107.590	107.745	5
2026-03-26 15:45	107.755	107.785	107.127	107.527	5
2026-03-26 15:50	107.537	107.815	107.497	107.787	5
2026-03-26 15:55	107.777	108.287	107.727	108.107	5
2026-03-26 16:00	108.145	108.275	108.045	108.075	5
2026-03-26 16:05	108.077	108.265	108.070	108.210	5
2026-03-26 16:10	108.215	108.345	108.067	108.195	5
2026-03-26 16:15	108.185	108.360	108.017	108.135	5
2026-03-26 16:20	108.137	108.565	108.075	108.470	5
2026-03-26 16:25	108.460	108.990	108.415	108.805	5
2026-03-26 16:30	108.800	108.950	108.665	108.695	5
2026-03-26 16:35	108.705	108.855	108.530	108.557	5
2026-03-26 16:40	108.565	108.630	108.095	108.115	5
2026-03-26 16:45	108.105	108.105	107.890	107.895	5
2026-03-26 16:50	107.905	108.145	107.845	107.890	5
2026-03-26 16:55	107.897	108.050	107.785	108.025	5
2026-03-26 17:00	108.030	108.545	108.025	108.417	5
2026-03-26 17:05	108.427	108.455	107.805	107.935	5
2026-03-26 17:10	107.937	108.160	107.935	108.017	5
2026-03-26 17:15	108.027	108.135	107.755	107.790	5
2026-03-26 17:20	107.807	108.075	107.787	107.925	5
2026-03-26 17:25	107.940	108.445	107.925	107.985	5
2026-03-26 17:30	107.975	108.365	107.885	108.320	5
2026-03-26 17:35	108.325	108.675	108.305	108.675	5
2026-03-26 17:40	108.665	108.840	108.545	108.760	5
2026-03-26 17:45	108.750	108.850	108.715	108.747	5
2026-03-26 17:50	108.745	109.020	108.745	108.925	5
2026-03-26 17:55	108.920	109.027	108.757	108.870	5
2026-03-26 18:00	108.875	108.935	108.317	108.490	5
2026-03-26 18:05	108.495	108.545	108.185	108.197	5
2026-03-26 18:10	108.195	108.267	108.050	108.080	5
2026-03-26 18:15	108.085	108.225	107.727	107.815	5
2026-03-26 18:20	107.807	108.020	107.567	107.970	5
2026-03-26 18:25	107.965	108.095	107.840	107.905	5
2026-03-26 18:30	107.875	107.875	107.365	107.545	5
2026-03-26 18:35	107.550	107.700	107.450	107.495	5
2026-03-26 18:40	107.517	107.555	107.430	107.535	5
2026-03-26 18:45	107.525	107.557	107.347	107.425	5
2026-03-26 18:50	107.410	107.437	107.345	107.415	5
2026-03-26 18:55	107.425	107.510	107.400	107.500	5
2026-03-26 19:00	107.495	107.705	107.495	107.600	5
2026-03-26 19:05	107.605	107.615	107.465	107.535	5
2026-03-26 19:10	107.540	107.860	107.480	107.760	5
2026-03-26 19:15	107.765	107.807	107.665	107.685	5
2026-03-26 19:20	107.695	107.755	107.675	107.730	5
2026-03-26 19:25	107.725	107.760	107.590	107.615	5
2026-03-26 19:30	107.605	107.770	107.605	107.765	5
2026-03-26 19:35	107.760	107.770	107.550	107.585	5
2026-03-26 19:40	107.590	107.795	107.590	107.725	5
2026-03-26 19:45	107.727	107.845	107.670	107.825	5
2026-03-26 19:50	107.810	107.845	107.665	107.665	5
2026-03-26 19:55	107.670	107.670	107.395	107.525	5
2026-03-26 20:00	107.517	107.640	107.360	107.425	5
2026-03-26 20:05	107.420	107.597	107.415	107.587	5
2026-03-26 20:10	107.585	107.610	105.047	105.647	4
2026-03-26 20:15	105.657	106.277	105.067	106.197	5
2026-03-26 20:20	106.167	106.817	105.775	106.687	5
2026-03-26 20:25	106.697	107.497	106.437	106.997	5
2026-03-26 20:30	106.987	106.987	106.347	106.647	5
2026-03-26 20:35	106.657	106.707	106.347	106.595	5
2026-03-26 20:40	106.617	106.707	106.617	106.697	1
2026-03-27 00:00	100.477	100.742	100.187	100.217	5
2026-03-27 00:05	100.237	100.307	100.087	100.187	5
2026-03-27 00:10	100.192	100.427	100.177	100.387	5
2026-03-27 00:15	100.362	100.677	100.327	100.662	5
2026-03-27 00:20	100.642	101.202	100.632	101.137	5
2026-03-27 00:25	101.127	101.262	101.057	101.077	5
2026-03-27 00:30	101.067	101.192	101.042	101.147	5
2026-03-27 00:35	101.152	101.407	101.112	101.217	5
2026-03-27 00:40	101.232	101.257	101.082	101.212	5
2026-03-27 00:45	101.207	101.352	101.177	101.327	5
2026-03-27 00:50	101.347	101.557	101.312	101.392	5
2026-03-27 00:55	101.387	101.417	101.257	101.392	5
2026-03-27 01:00	101.387	101.547	101.067	101.077	5
2026-03-27 01:05	101.087	101.097	100.607	100.657	5
2026-03-27 01:10	100.667	100.867	100.287	100.837	5
2026-03-27 01:15	100.827	100.977	100.697	100.837	5
2026-03-27 01:20	100.847	101.027	100.793	100.987	5
2026-03-27 01:25	100.977	100.997	100.695	100.797	5
2026-03-27 01:30	100.797	100.887	100.427	100.717	5
2026-03-27 01:35	100.727	100.795	100.495	100.627	5
2026-03-27 01:40	100.627	100.737	100.327	100.637	5
2026-03-27 01:45	100.627	100.857	100.617	100.855	5
2026-03-27 01:50	100.857	101.000	100.647	100.787	5
2026-03-27 01:55	100.777	100.777	100.337	100.387	5
2026-03-27 02:00	100.377	100.377	99.217	100.087	5
2026-03-27 02:05	100.085	100.105	99.897	99.947	5
2026-03-27 02:10	99.947	100.165	99.907	100.147	5
2026-03-27 02:15	100.157	100.475	100.077	100.277	5
2026-03-27 02:20	100.277	100.327	100.137	100.177	5
2026-03-27 02:25	100.187	100.307	100.117	100.167	5
2026-03-27 02:30	100.177	100.327	100.147	100.237	5
2026-03-27 02:35	100.237	100.647	100.237	100.557	5
2026-03-27 02:40	100.567	100.705	100.477	100.477	5
2026-03-27 02:45	100.477	100.547	100.307	100.527	5
2026-03-27 02:50	100.567	100.727	100.557	100.597	5
2026-03-27 02:55	100.587	100.787	100.513	100.607	5
2026-03-27 03:00	100.607	100.765	100.577	100.687	5
2026-03-27 03:05	100.687	100.867	100.657	100.755	5
2026-03-27 03:10	100.767	100.850	100.667	100.697	5
2026-03-27 03:15	100.687	100.997	100.677	100.995	5
2026-03-27 03:20	100.997	101.045	100.847	100.997	5
2026-03-27 03:25	100.947	101.105	100.917	101.065	5
2026-03-27 03:30	101.075	101.175	100.977	101.147	5
2026-03-27 03:35	101.165	101.167	100.875	100.875	5
2026-03-27 03:40	100.867	100.927	100.827	100.907	5
2026-03-27 03:45	100.907	100.977	100.867	100.895	5
2026-03-27 03:50	100.877	100.927	100.837	100.897	5
2026-03-27 03:55	100.907	100.925	100.857	100.917	5
2026-03-27 04:00	100.915	100.950	100.885	100.915	5
2026-03-27 04:05	100.910	101.090	100.875	101.060	5
2026-03-27 04:10	101.040	101.145	101.025	101.035	5
2026-03-27 04:15	101.040	101.065	100.977	101.045	5
2026-03-27 04:20	101.037	101.050	101.000	101.025	5
2026-03-27 04:25	101.037	101.185	101.017	101.127	5
2026-03-27 04:30	101.137	101.190	101.127	101.155	5
2026-03-27 04:35	101.145	101.265	101.140	101.175	5
2026-03-27 04:40	101.177	101.240	101.170	101.240	5
2026-03-27 04:45	101.230	101.240	101.190	101.215	5
2026-03-27 04:50	101.230	101.240	101.145	101.215	5
2026-03-27 04:55	101.210	101.297	101.165	101.247	5
2026-03-27 05:00	101.237	101.345	101.227	101.305	5
2026-03-27 05:05	101.310	101.310	101.185	101.215	5
2026-03-27 05:10	101.207	101.217	101.065	101.095	5
2026-03-27 05:15	101.087	101.100	100.995	101.035	5
2026-03-27 05:20	101.030	101.135	101.025	101.125	5
2026-03-27 05:25	101.135	101.220	101.125	101.215	5
2026-03-27 05:30	101.207	101.387	101.045	101.357	5
2026-03-27 05:35	101.365	101.465	100.955	101.097	5
2026-03-27 05:40	101.095	101.362	101.083	101.197	5
2026-03-27 05:45	101.210	101.270	101.095	101.247	5
2026-03-27 05:50	101.237	101.425	101.235	101.395	5
2026-03-27 05:55	101.385	101.605	101.377	101.570	5
2026-03-27 06:00	101.555	101.765	101.535	101.675	5
2026-03-27 06:05	101.685	101.840	101.557	101.567	5
2026-03-27 06:10	101.580	101.587	101.327	101.497	5
2026-03-27 06:15	101.487	101.487	101.197	101.417	5
2026-03-27 06:20	101.427	101.567	101.373	101.557	5
2026-03-27 06:25	101.575	101.815	101.540	101.605	5
2026-03-27 06:30	101.600	101.665	101.457	101.485	5
2026-03-27 06:35	101.480	101.675	101.457	101.637	5
2026-03-27 06:40	101.647	101.775	101.625	101.740	5
2026-03-27 06:45	101.735	101.900	101.720	101.895	5
2026-03-27 06:50	101.887	102.080	101.795	101.960	5
2026-03-27 06:55	101.935	101.985	101.807	101.975	5
2026-03-27 07:00	101.830	102.160	101.830	102.067	5
2026-03-27 07:05	102.065	102.290	102.065	102.265	5
2026-03-27 07:10	102.285	102.460	102.155	102.435	5
2026-03-27 07:15	102.425	102.470	102.290	102.410	5
2026-03-27 07:20	102.415	102.627	102.388	102.540	5
2026-03-27 07:25	102.555	102.850	102.407	102.805	5
2026-03-27 07:30	102.790	102.960	102.767	102.950	5
2026-03-27 07:35	102.945	102.965	102.855	102.915	5
2026-03-27 07:40	102.910	102.975	102.875	102.950	5
2026-03-27 07:45	102.960	102.965	101.827	102.187	5
2026-03-27 07:50	102.207	102.835	102.207	102.767	5
2026-03-27 07:55	102.767	102.777	102.490	102.645	5
2026-03-27 08:00	102.627	102.915	102.233	102.647	5
2026-03-27 08:05	102.647	102.747	102.507	102.645	5
2026-03-27 08:10	102.627	102.677	102.497	102.617	5
2026-03-27 08:15	102.617	103.075	102.617	103.060	5
2026-03-27 08:20	103.065	103.245	102.860	103.137	5
2026-03-27 08:25	103.137	103.810	103.127	103.707	5
2026-03-27 08:30	103.737	103.765	103.195	103.255	5
2026-03-27 08:35	103.250	103.717	103.223	103.370	5
2026-03-27 08:40	103.360	103.365	103.095	103.150	5
2026-03-27 08:45	103.127	103.355	103.063	103.205	5
2026-03-27 08:50	103.195	103.420	103.023	103.317	5
2026-03-27 08:55	103.315	103.435	103.178	103.335	5
2026-03-27 09:00	103.325	103.470	103.093	103.450	5
2026-03-27 09:05	103.465	103.975	103.433	103.865	5
2026-03-27 09:10	103.870	104.145	103.550	103.675	5
2026-03-27 09:15	103.670	103.795	103.508	103.610	5
2026-03-27 09:20	103.595	103.640	103.283	103.457	5
2026-03-27 09:25	103.465	103.497	103.365	103.415	5
2026-03-27 09:30	103.407	103.490	102.955	103.075	5
2026-03-27 09:35	103.070	103.347	102.908	103.235	5
2026-03-27 09:40	103.217	103.440	103.217	103.270	5
2026-03-27 09:45	103.280	103.490	103.257	103.367	5
2026-03-27 09:50	103.375	103.395	103.190	103.355	5
2026-03-27 09:55	103.365	103.445	103.255	103.357	5
2026-03-27 10:00	103.330	103.420	103.190	103.217	5
2026-03-27 10:05	103.205	103.225	102.915	103.115	5
2026-03-27 10:10	103.120	103.395	103.115	103.255	5
2026-03-27 10:15	103.247	103.395	103.165	103.365	5
2026-03-27 10:20	103.360	103.415	103.280	103.410	5
2026-03-27 10:25	103.415	103.550	103.357	103.510	5
2026-03-27 10:30	103.505	103.740	103.385	103.600	5
2026-03-27 10:35	103.580	103.770	103.575	103.735	5
2026-03-27 10:40	103.730	103.905	103.685	103.880	5
2026-03-27 10:45	103.885	103.910	103.835	103.910	5
2026-03-27 10:50	103.920	104.260	103.900	104.225	5
2026-03-27 10:55	104.230	104.517	104.230	104.425	5
2026-03-27 11:00	104.378	104.635	104.328	104.345	5
2026-03-27 11:05	104.355	104.570	104.315	104.440	5
2026-03-27 11:10	104.455	104.500	104.291	104.350	5
2026-03-27 11:15	104.355	104.445	104.300	104.315	5
2026-03-27 11:20	104.310	104.330	104.120	104.150	5
2026-03-27 11:25	104.145	104.175	103.935	103.995	5
2026-03-27 11:30	103.990	104.025	103.890	104.005	5
2026-03-27 11:35	103.995	104.045	103.845	103.890	5
2026-03-27 11:40	103.900	104.110	103.900	103.990	5
2026-03-27 11:45	104.005	104.190	103.933	104.015	5
2026-03-27 11:50	104.005	104.200	103.990	104.120	5
2026-03-27 11:55	104.110	104.285	103.990	104.040	5
2026-03-27 12:00	104.035	104.315	104.015	104.165	5
2026-03-27 12:05	104.185	104.225	104.020	104.195	5
2026-03-27 12:10	104.200	104.450	104.163	104.425	5
2026-03-27 12:15	104.430	104.470	104.270	104.340	5
2026-03-27 12:20	104.345	104.615	104.295	104.515	5
2026-03-27 12:25	104.510	104.560	104.320	104.320	5
2026-03-27 12:30	104.325	104.345	103.985	104.035	5
2026-03-27 12:35	104.060	104.330	104.060	104.117	5
2026-03-27 12:40	104.125	104.240	104.030	104.100	5
2026-03-27 12:45	104.085	104.210	103.945	104.130	5
2026-03-27 12:50	104.100	104.235	104.020	104.020	5
2026-03-27 12:55	103.968	104.010	103.835	103.910	5
2026-03-27 13:00	103.870	104.185	103.718	104.025	5
2026-03-27 13:05	104.047	104.507	103.995	104.275	5
2026-03-27 13:10	104.277	104.765	104.175	104.257	5
2026-03-27 13:15	104.247	104.382	104.073	104.137	5
2026-03-27 13:20	104.147	104.370	104.047	104.250	5
2026-03-27 13:25	104.245	104.245	103.825	104.005	5
2026-03-27 13:30	104.010	104.185	103.723	104.095	5
2026-03-27 13:35	104.085	104.285	104.055	104.165	5
2026-03-27 13:40	104.170	104.215	103.918	104.015	5
2026-03-27 13:45	103.983	104.085	103.673	103.887	5
2026-03-27 13:50	103.897	104.075	103.830	104.005	5
2026-03-27 13:55	103.993	104.235	103.990	104.105	5
2026-03-27 14:00	104.067	104.137	103.515	103.645	5
2026-03-27 14:05	103.635	103.760	103.435	103.735	5
2026-03-27 14:10	103.737	103.750	103.081	103.105	5
2026-03-27 14:15	103.115	103.265	102.775	103.160	5
2026-03-27 14:20	103.165	103.925	103.110	103.670	5
2026-03-27 14:25	103.675	103.790	103.533	103.695	5
2026-03-27 14:30	103.690	103.867	103.430	103.495	5
2026-03-27 14:35	103.490	103.930	103.477	103.865	5
2026-03-27 14:40	103.860	103.865	103.643	103.740	5
2026-03-27 14:45	103.750	103.960	103.717	103.850	5
2026-03-27 14:50	103.845	103.975	103.820	103.845	5
2026-03-27 14:55	103.840	103.850	103.650	103.800	5
2026-03-27 15:00	103.795	103.805	103.555	103.620	5
2026-03-27 15:05	103.578	103.820	103.338	103.745	5
2026-03-27 15:10	103.715	103.745	103.418	103.610	5
2026-03-27 15:15	103.615	103.770	103.508	103.578	5
2026-03-27 15:20	103.620	103.915	102.998	103.248	6
2026-03-27 15:25	103.253	103.565	103.135	103.360	5
2026-03-27 15:30	103.367	103.550	103.170	103.295	5
2026-03-27 15:35	103.275	103.385	103.003	103.365	5
2026-03-27 15:40	103.370	103.565	103.165	103.500	5
2026-03-27 15:45	103.505	103.765	103.425	103.735	5
2026-03-27 15:50	103.740	104.065	103.655	104.030	5
2026-03-27 15:55	104.035	104.420	104.010	104.375	5
2026-03-27 16:00	104.370	104.405	104.040	104.150	5
2026-03-27 16:05	104.145	104.410	104.145	104.345	5
2026-03-27 16:10	104.340	104.630	104.340	104.535	5
2026-03-27 16:15	104.530	104.585	104.455	104.530	5
2026-03-27 16:20	104.535	104.570	104.340	104.540	5
2026-03-27 16:25	104.555	104.615	104.205	104.207	5
2026-03-27 16:30	104.235	104.390	104.053	104.345	5
2026-03-27 16:35	104.387	104.655	104.315	104.590	5
2026-03-27 16:40	104.600	104.655	104.250	104.355	5
2026-03-27 16:45	104.365	104.410	103.848	103.955	5
2026-03-27 16:50	103.957	104.425	103.880	104.420	5
2026-03-27 16:55	104.440	104.600	104.440	104.600	5
2026-03-27 17:00	104.523	104.650	104.510	104.510	5
2026-03-27 17:05	104.515	104.605	103.993	104.385	5
2026-03-27 17:10	104.395	104.640	104.375	104.620	5
2026-03-27 17:15	104.615	104.750	104.570	104.685	5
2026-03-27 17:20	104.680	104.725	104.475	104.515	5
2026-03-27 17:25	104.520	104.630	104.425	104.590	5
2026-03-27 17:30	104.595	104.695	104.458	104.620	5
2026-03-27 17:35	104.625	104.745	104.578	104.700	5
2026-03-27 17:40	104.710	104.890	104.670	104.820	5
2026-03-27 17:45	104.830	104.895	104.568	104.890	5
2026-03-27 17:50	104.885	105.025	104.850	104.910	5
2026-03-27 17:55	104.920	105.025	104.835	105.000	5
2026-03-27 18:00	104.990	105.280	104.920	105.190	5
2026-03-27 18:05	105.210	105.285	105.118	105.188	5
2026-03-27 18:10	105.220	105.560	105.168	105.328	5
2026-03-27 18:15	105.318	105.540	105.085	105.135	5
2026-03-27 18:20	105.120	105.680	105.115	105.590	5
2026-03-27 18:25	105.575	105.660	105.183	105.235	5
2026-03-27 18:30	105.220	105.265	104.765	104.810	5
2026-03-27 18:35	104.815	105.155	104.710	104.715	5
2026-03-27 18:40	104.720	105.357	104.347	104.937	5
2026-03-27 18:45	104.937	105.147	104.708	105.127	5
2026-03-27 18:50	105.137	105.335	105.057	105.257	5
2026-03-27 18:55	105.255	105.265	104.928	104.975	5
2026-03-27 19:00	104.970	105.250	104.945	105.225	5
2026-03-27 19:05	105.220	105.437	105.033	105.375	5
2026-03-27 19:10	105.367	105.407	104.847	105.145	5
2026-03-27 19:15	105.140	105.265	104.933	105.110	5
2026-03-27 19:20	105.135	105.447	105.127	105.447	5
2026-03-27 19:25	105.435	105.960	105.435	105.960	5
2026-03-27 19:30	105.937	106.495	105.805	106.315	5
2026-03-27 19:35	106.325	106.777	106.305	106.557	5
2026-03-27 19:40	106.565	106.750	106.240	106.337	5
2026-03-27 19:45	106.345	106.435	106.187	106.245	5
2026-03-27 19:50	106.250	106.670	105.518	105.737	5
2026-03-27 19:55	105.757	105.830	105.248	105.565	5
2026-03-27 20:00	105.527	105.977	105.208	105.897	5
2026-03-27 20:05	105.897	105.897	105.637	105.667	5
2026-03-27 20:10	105.667	105.775	105.395	105.597	5
2026-03-27 20:15	105.587	105.790	105.450	105.720	5
2026-03-27 20:20	105.715	106.107	105.710	106.067	5
2026-03-27 20:25	106.057	106.290	106.003	106.100	5
2026-03-27 20:30	106.115	106.565	105.935	106.555	5
2026-03-27 20:35	106.547	106.655	106.453	106.580	5
2026-03-27 20:40	106.587	106.617	106.007	106.427	5
2026-03-27 20:45	106.397	106.577	106.377	106.507	5
2026-03-27 20:50	106.517	106.740	106.387	106.700	5
2026-03-27 20:55	106.695	106.925	106.690	106.817	5
2026-03-30 00:00	108.443	108.775	108.438	108.673	5
2026-03-30 00:05	108.663	108.705	108.338	108.518	5
2026-03-30 00:10	108.567	108.590	108.403	108.523	5
2026-03-30 00:15	108.523	108.680	106.963	107.203	5
2026-03-30 00:20	107.178	107.547	106.833	107.433	5
2026-03-30 00:25	107.438	108.030	107.138	107.963	5
2026-03-30 00:30	107.995	108.255	107.798	108.113	5
2026-03-30 00:35	108.098	108.430	108.078	108.383	5
2026-03-30 00:40	108.425	108.455	108.148	108.378	5
2026-03-30 00:45	108.388	108.925	108.348	108.905	5
2026-03-30 00:50	108.907	109.245	108.858	109.158	5
2026-03-30 00:55	109.163	109.313	108.983	109.313	5
2026-03-30 01:00	109.298	109.415	108.798	108.868	5
2026-03-30 01:05	108.863	109.005	108.558	108.898	5
2026-03-30 01:10	108.898	108.977	108.613	108.663	5
2026-03-30 01:15	108.663	108.905	108.458	108.858	5
2026-03-30 01:20	108.718	108.897	108.608	108.853	5
2026-03-30 01:25	108.895	108.910	108.618	108.743	5
2026-03-30 01:30	108.748	108.957	108.683	108.683	5
2026-03-30 01:35	108.678	108.695	108.468	108.543	5
2026-03-30 01:40	108.513	108.575	108.098	108.113	5
2026-03-30 01:45	108.157	108.295	108.018	108.147	5
2026-03-30 01:50	108.113	108.210	107.993	108.098	5
2026-03-30 01:55	108.093	108.220	107.943	108.220	5
2026-03-30 02:00	108.262	108.417	108.143	108.373	5
2026-03-30 02:05	108.398	108.465	108.138	108.398	5
2026-03-30 02:10	108.445	108.777	108.393	108.728	5
2026-03-30 02:15	108.738	109.127	108.623	109.097	5
2026-03-30 02:20	109.107	109.197	108.878	108.995	5
2026-03-30 02:25	109.010	109.157	108.968	109.033	5
2026-03-30 02:30	109.038	109.038	108.578	108.718	5
2026-03-30 02:35	108.723	108.755	108.373	108.553	5
2026-03-30 02:40	108.637	108.667	108.448	108.448	5
2026-03-30 02:45	108.453	108.517	108.003	108.078	5
2026-03-30 02:50	108.088	108.147	107.708	108.093	5
2026-03-30 02:55	108.150	108.150	107.963	107.993	5
2026-03-30 03:00	107.973	108.067	107.773	107.837	5
2026-03-30 03:05	107.845	107.855	107.233	107.273	5
2026-03-30 03:10	107.337	107.540	107.243	107.453	5
2026-03-30 03:15	107.468	107.637	107.208	107.238	5
2026-03-30 03:20	107.233	107.257	106.938	107.103	5
2026-03-30 03:25	107.108	107.305	106.908	107.023	5
2026-03-30 03:30	107.008	107.787	107.008	107.598	5
2026-03-30 03:35	107.593	107.807	107.573	107.603	5
2026-03-30 03:40	107.608	107.717	107.508	107.593	5
2026-03-30 03:45	107.598	107.907	107.598	107.683	5
2026-03-30 03:50	107.678	107.787	107.618	107.618	5
2026-03-30 03:55	107.623	107.935	107.613	107.847	5
2026-03-30 04:00	107.798	107.798	107.538	107.673	5
2026-03-30 04:05	107.683	107.787	107.448	107.533	5
2026-03-30 04:10	107.538	107.737	107.463	107.693	5
2026-03-30 04:15	107.693	107.765	107.613	107.648	5
2026-03-30 04:20	107.653	107.757	107.603	107.718	5
2026-03-30 04:25	107.777	107.847	107.638	107.743	5
2026-03-30 04:30	107.743	107.937	107.708	107.763	5
2026-03-30 04:35	107.758	107.957	107.718	107.878	5
2026-03-30 04:40	107.925	108.117	107.883	107.990	5
2026-03-30 04:45	107.913	108.017	107.848	107.975	5
2026-03-30 04:50	107.970	108.057	107.858	108.013	5
2026-03-30 04:55	108.013	108.145	107.918	108.140	5
2026-03-30 05:00	108.145	108.177	108.013	108.033	5
2026-03-30 05:05	108.023	108.027	107.643	107.673	5
2026-03-30 05:10	107.673	107.787	107.373	107.518	5
2026-03-30 05:15	107.518	107.690	107.508	107.598	5
2026-03-30 05:20	107.598	107.757	107.593	107.685	5
2026-03-30 05:25	107.695	108.157	107.688	108.033	5
2026-03-30 05:30	108.085	108.107	107.318	107.413	5
2026-03-30 05:35	107.418	108.007	107.313	107.955	5
2026-03-30 05:40	107.908	108.195	107.908	107.948	5
2026-03-30 05:45	107.997	108.195	107.728	107.733	5
2026-03-30 05:50	107.787	107.875	107.558	107.563	5
2026-03-30 05:55	107.563	107.837	107.448	107.793	5
2026-03-30 06:00	107.798	107.965	107.328	107.363	5
2026-03-30 06:05	107.425	107.605	107.363	107.605	5
2026-03-30 06:10	107.563	107.717	107.453	107.555	5
2026-03-30 06:15	107.513	107.765	107.393	107.623	5
2026-03-30 06:20	107.613	107.717	107.473	107.593	5
2026-03-30 06:25	107.593	107.897	107.563	107.798	5
2026-03-30 06:30	107.855	107.855	107.663	107.753	5
2026-03-30 06:35	107.795	107.975	107.703	107.918	5
2026-03-30 06:40	107.913	107.960	107.698	107.915	5
2026-03-30 06:45	107.873	107.970	107.488	107.505	5
2026-03-30 06:50	107.490	108.215	107.433	108.140	5
2026-03-30 06:55	108.145	108.585	108.145	108.445	5
2026-03-30 07:00	108.388	108.955	108.343	108.950	5
2026-03-30 07:05	108.908	108.975	108.443	108.528	5
2026-03-30 07:10	108.523	108.590	108.043	108.108	5
2026-03-30 07:15	108.140	108.265	107.928	108.235	5
2026-03-30 07:20	108.193	108.420	108.043	108.273	5
2026-03-30 07:25	108.290	108.745	108.243	108.645	5
2026-03-30 07:30	108.603	108.855	108.458	108.698	5
2026-03-30 07:35	108.693	108.935	108.673	108.935	5
2026-03-30 07:40	108.930	109.045	108.593	108.870	5
2026-03-30 07:45	108.828	108.835	108.493	108.665	5
2026-03-30 07:50	108.623	108.790	108.543	108.660	5
2026-03-30 07:55	108.618	108.970	108.573	108.630	5
2026-03-30 08:00	108.501	108.970	108.403	108.553	5
2026-03-30 08:05	108.607	108.780	108.378	108.378	5
2026-03-30 08:10	108.415	108.720	108.283	108.598	5
2026-03-30 08:15	108.655	108.705	108.418	108.568	5
2026-03-30 08:20	108.615	109.180	108.533	109.075	5
2026-03-30 08:25	109.033	109.325	108.718	109.320	6
2026-03-30 08:30	109.342	109.355	107.913	108.425	5
2026-03-30 08:35	108.467	108.495	107.898	107.928	5
2026-03-30 08:40	107.923	108.117	107.858	107.920	5
2026-03-30 08:45	107.915	107.960	107.553	107.675	5
2026-03-30 08:50	107.633	107.675	107.333	107.538	5
2026-03-30 08:55	107.528	107.827	107.508	107.755	5
2026-03-30 09:00	107.708	107.955	107.543	107.675	5
2026-03-30 09:05	107.680	107.915	107.448	107.728	5
2026-03-30 09:10	107.770	107.965	107.428	107.945	5
2026-03-30 09:15	107.950	108.557	107.923	108.167	5
2026-03-30 09:20	108.187	108.307	108.057	108.180	5
2026-03-30 09:25	108.185	108.430	108.185	108.325	5
2026-03-30 09:30	108.337	108.350	108.065	108.105	5
2026-03-30 09:35	108.100	108.250	107.797	107.815	5
2026-03-30 09:40	107.807	108.237	107.785	108.125	5
2026-03-30 09:45	108.120	108.120	107.655	107.697	5
2026-03-30 09:50	107.695	108.035	107.590	107.985	5
2026-03-30 09:55	107.957	108.035	107.698	107.815	5
2026-03-30 10:00	107.817	108.025	107.810	107.910	5
2026-03-30 10:05	107.940	107.955	107.537	107.557	5
2026-03-30 10:10	107.565	107.870	107.565	107.727	5
2026-03-30 10:15	107.737	107.817	107.645	107.775	5
2026-03-30 10:20	107.755	107.947	107.747	107.907	5
2026-03-30 10:25	107.905	108.130	107.818	108.077	5
2026-03-30 10:30	108.077	108.315	108.037	108.285	5
2026-03-30 10:35	108.290	108.307	108.125	108.265	5
2026-03-30 10:40	108.255	108.265	107.985	108.050	5
2026-03-30 10:45	108.045	108.145	108.000	108.145	5
2026-03-30 10:50	108.155	108.265	108.127	108.180	5
2026-03-30 10:55	108.175	108.180	107.778	107.997	5
2026-03-30 11:00	107.997	108.035	107.625	107.835	5
2026-03-30 11:05	107.817	107.837	107.585	107.690	5
2026-03-30 11:10	107.697	107.840	107.485	107.510	5
2026-03-30 11:15	107.505	107.720	107.095	107.275	5
2026-03-30 11:20	107.270	107.477	107.255	107.375	5
2026-03-30 11:25	107.385	108.257	106.303	107.597	5
2026-03-30 11:30	107.557	108.117	107.457	108.085	5
2026-03-30 11:35	108.087	108.087	107.677	107.797	5
2026-03-30 11:40	107.805	108.112	107.773	107.995	5
2026-03-30 11:45	108.000	108.015	107.527	107.555	5
2026-03-30 11:50	107.545	107.585	107.285	107.547	5
2026-03-30 11:55	107.527	107.735	107.515	107.637	5
2026-03-30 12:00	107.632	107.647	107.367	107.410	5
2026-03-30 12:05	107.415	107.557	107.175	107.497	5
2026-03-30 12:10	107.497	107.815	107.495	107.697	5
2026-03-30 12:15	107.687	107.815	107.465	107.487	5
2026-03-30 12:20	107.495	107.737	107.477	107.505	5
2026-03-30 12:25	107.520	107.555	107.340	107.415	5
2026-03-30 12:30	107.405	107.470	107.165	107.215	5
2026-03-30 12:35	107.205	107.410	107.050	107.185	5
2026-03-30 12:40	107.205	107.315	107.048	107.103	5
2026-03-30 12:45	107.145	107.325	107.038	107.215	5
2026-03-30 12:50	107.220	107.393	107.148	107.353	5
2026-03-30 12:55	107.338	107.362	106.968	107.047	5
2026-03-30 13:00	107.042	107.182	106.588	107.182	5
2026-03-30 13:05	107.180	108.032	107.053	107.942	5
2026-03-30 13:10	107.937	108.002	107.652	107.652	5
2026-03-30 13:15	107.672	107.922	107.597	107.837	5
2026-03-30 13:20	107.852	107.872	107.572	107.612	5
2026-03-30 13:25	107.632	107.952	107.592	107.937	5
2026-03-30 13:30	107.913	108.132	107.617	108.117	5
2026-03-30 13:35	108.107	108.492	108.037	108.332	5
2026-03-30 13:40	108.327	108.487	108.247	108.382	5
2026-03-30 13:45	108.387	108.737	108.263	108.607	5
2026-03-30 13:50	108.612	108.757	108.357	108.517	5
2026-03-30 13:55	108.507	108.617	108.307	108.312	5
2026-03-30 14:00	108.293	108.302	107.977	108.232	5
2026-03-30 14:05	108.237	108.372	108.012	108.142	5
2026-03-30 14:10	108.157	108.202	107.807	108.077	5
2026-03-30 14:15	108.087	108.292	107.917	108.257	5
2026-03-30 14:20	108.252	108.252	107.802	107.917	5
2026-03-30 14:25	107.930	107.955	107.710	107.795	5
2026-03-30 14:30	107.790	107.815	107.605	107.760	5
2026-03-30 14:35	107.755	108.060	107.705	108.000	5
2026-03-30 14:40	107.995	108.265	107.980	108.015	5
2026-03-30 14:45	108.010	108.125	107.220	107.640	5
2026-03-30 14:50	107.630	107.720	107.330	107.545	5
2026-03-30 14:55	107.550	107.755	107.485	107.670	5
2026-03-30 15:00	107.705	107.715	107.385	107.430	5
2026-03-30 15:05	107.410	107.960	107.315	107.845	5
2026-03-30 15:10	107.840	107.905	107.645	107.770	5
2026-03-30 15:15	107.765	107.860	107.595	107.805	5
2026-03-30 15:20	107.800	107.835	107.525	107.535	5
2026-03-30 15:25	107.525	107.530	107.315	107.460	5
2026-03-30 15:30	107.470	107.785	107.320	107.365	5
2026-03-30 15:35	107.360	107.465	107.120	107.235	5
2026-03-30 15:40	107.240	107.280	106.680	106.710	5
2026-03-30 15:45	106.705	107.100	106.670	106.940	5
2026-03-30 15:50	106.945	107.065	106.825	107.065	5
2026-03-30 15:55	107.023	107.665	107.023	107.590	5
2026-03-30 16:00	107.548	107.975	107.518	107.860	5
2026-03-30 16:05	107.865	108.160	107.766	107.870	5
2026-03-30 16:10	107.865	107.895	107.585	107.720	5
2026-03-30 16:15	107.725	107.755	107.500	107.510	5
2026-03-30 16:20	107.515	107.570	107.335	107.565	5
2026-03-30 16:25	107.595	107.650	107.450	107.610	5
2026-03-30 16:30	107.600	107.690	107.350	107.460	5
2026-03-30 16:35	107.455	107.570	107.290	107.305	5
2026-03-30 16:40	107.310	107.390	106.985	107.110	5
2026-03-30 16:45	107.115	107.410	107.105	107.390	5
2026-03-30 16:50	107.400	107.525	107.275	107.450	5
2026-03-30 16:55	107.445	107.480	107.235	107.290	5
2026-03-30 17:00	107.310	107.725	107.170	107.725	5
2026-03-30 17:05	107.700	107.860	107.648	107.745	5
2026-03-30 17:10	107.740	107.970	107.700	107.900	5
2026-03-30 17:15	107.895	108.045	107.798	107.840	5
2026-03-30 17:20	107.850	108.020	107.775	107.930	5
2026-03-30 17:25	107.935	107.935	107.650	107.770	5
2026-03-30 17:30	107.760	107.970	107.740	107.960	5
2026-03-30 17:35	107.955	107.960	107.750	107.795	5
2026-03-30 17:40	107.800	107.910	107.703	107.740	5
2026-03-30 17:45	107.735	107.795	107.490	107.625	5
2026-03-30 17:50	107.600	107.805	107.543	107.670	5
2026-03-30 17:55	107.690	107.875	107.583	107.730	5
2026-03-30 18:00	107.760	107.780	107.250	107.380	5
2026-03-30 18:05	107.370	107.400	107.115	107.245	5
2026-03-30 18:10	107.255	107.525	107.225	107.315	5
2026-03-30 18:15	107.310	107.315	107.020	107.080	5
2026-03-30 18:20	107.085	107.415	107.020	107.295	5
2026-03-30 18:25	107.300	107.525	107.055	107.435	5
2026-03-30 18:30	107.430	107.605	107.373	107.600	5
2026-03-30 18:35	107.595	107.765	107.490	107.750	5
2026-03-30 18:40	107.760	107.805	107.630	107.640	5
2026-03-30 18:45	107.635	107.720	107.620	107.660	5
2026-03-30 18:50	107.655	107.785	107.655	107.735	5
2026-03-30 18:55	107.730	107.785	107.660	107.750	5
2026-03-30 19:00	107.755	107.910	107.680	107.870	5
2026-03-30 19:05	107.880	108.110	107.805	108.105	5
2026-03-30 19:10	108.100	108.405	108.100	108.330	5
2026-03-30 19:15	108.325	108.340	108.190	108.290	5
2026-03-30 19:20	108.270	108.290	108.130	108.140	5
2026-03-30 19:25	108.145	108.275	108.098	108.175	5
2026-03-30 19:30	108.170	108.200	108.060	108.095	5
2026-03-30 19:35	108.110	108.110	107.965	107.980	5
2026-03-30 19:40	107.985	108.050	107.915	107.930	5
2026-03-30 19:45	107.935	108.055	107.735	108.030	5
2026-03-30 19:50	107.988	108.370	107.973	108.313	5
2026-03-30 19:55	108.303	108.400	108.113	108.208	5
2026-03-30 20:00	108.208	108.623	108.198	108.428	5
2026-03-30 20:05	108.438	108.618	108.408	108.583	5
2026-03-30 20:10	108.583	108.728	108.578	108.678	5
2026-03-30 20:15	108.678	108.728	108.528	108.528	5
2026-03-30 20:20	108.528	108.808	108.518	108.753	5
2026-03-30 20:25	108.753	108.898	108.738	108.838	5
2026-03-30 20:30	108.828	108.913	108.818	108.883	5
2026-03-30 20:35	108.883	108.913	108.803	108.858	5
2026-03-30 20:40	108.843	108.843	108.708	108.743	5
2026-03-30 20:45	108.738	108.818	108.698	108.738	5
2026-03-30 20:50	108.733	108.733	108.552	108.652	5
2026-03-30 20:55	108.657	108.727	108.592	108.677	5
2026-03-31 00:00	109.323	109.460	109.137	109.240	5
2026-03-31 00:05	109.265	109.435	109.113	109.220	5
2026-03-31 00:10	109.210	109.710	109.187	109.705	5
2026-03-31 00:15	109.710	109.895	109.677	109.780	5
2026-03-31 00:20	109.790	109.845	109.597	109.747	5
2026-03-31 00:25	109.765	109.895	109.697	109.760	5
2026-03-31 00:30	109.747	109.960	109.727	109.840	5
2026-03-31 00:35	109.827	109.915	109.323	109.495	5
2026-03-31 00:40	109.497	109.760	109.467	109.540	5
2026-03-31 00:45	109.507	109.520	108.547	108.887	5
2026-03-31 00:50	108.907	109.150	108.797	108.867	5
2026-03-31 00:55	108.857	108.857	107.967	108.050	5
2026-03-31 01:00	107.967	108.477	107.703	108.377	5
2026-03-31 01:05	108.367	108.735	108.145	108.597	5
2026-03-31 01:10	108.577	108.657	107.617	107.637	5
2026-03-31 01:15	107.660	107.950	107.105	107.160	5
2026-03-31 01:20	107.165	107.392	106.827	107.270	5
2026-03-31 01:25	107.260	107.385	106.550	106.565	5
2026-03-31 01:30	106.610	106.625	105.297	105.557	5
2026-03-31 01:35	105.557	105.760	105.140	105.140	5
2026-03-31 01:40	105.077	105.487	104.707	105.360	5
2026-03-31 01:45	105.380	105.775	105.247	105.657	5
2026-03-31 01:50	105.670	105.775	104.747	105.207	5
2026-03-31 01:55	105.200	105.537	105.137	105.525	5
2026-03-31 02:00	105.478	105.755	105.477	105.630	5
2026-03-31 02:05	105.625	105.667	105.335	105.665	5
2026-03-31 02:10	105.655	106.157	105.593	105.730	5
2026-03-31 02:15	105.735	105.995	105.613	105.857	5
2026-03-31 02:20	105.870	106.175	105.738	106.155	5
2026-03-31 02:25	106.140	106.315	106.075	106.230	5
2026-03-31 02:30	106.255	106.575	106.183	106.405	5
2026-03-31 02:35	106.400	106.495	106.095	106.240	5
2026-03-31 02:40	106.260	106.490	106.115	106.130	5
2026-03-31 02:45	106.135	106.410	106.067	106.160	5
2026-03-31 02:50	106.165	106.230	106.005	106.095	5
2026-03-31 02:55	106.105	106.380	106.055	106.210	5
2026-03-31 03:00	106.217	106.340	105.990	106.045	5
2026-03-31 03:05	106.065	106.095	105.693	105.855	5
2026-03-31 03:10	105.835	106.017	105.690	105.887	5
2026-03-31 03:15	105.890	106.095	105.887	106.067	5
2026-03-31 03:20	106.057	106.185	105.965	106.165	5
2026-03-31 03:25	106.170	106.285	106.117	106.180	5
2026-03-31 03:30	106.175	106.545	106.125	106.515	5
2026-03-31 03:35	106.510	107.010	106.490	107.000	5
2026-03-31 03:40	106.990	107.230	106.823	107.205	5
2026-03-31 03:45	107.210	107.465	107.120	107.450	5
2026-03-31 03:50	107.403	107.505	107.390	107.435	5
2026-03-31 03:55	107.445	107.475	107.385	107.430	5
2026-03-31 04:00	107.435	107.435	107.265	107.315	5
2026-03-31 04:05	107.310	107.315	107.250	107.285	5
2026-03-31 04:10	107.280	107.470	107.280	107.430	5
2026-03-31 04:15	107.435	107.540	107.327	107.360	5
2026-03-31 04:20	107.355	107.455	107.275	107.295	5
2026-03-31 04:25	107.305	107.400	107.253	107.375	5
2026-03-31 04:30	107.370	107.405	107.250	107.265	5
2026-03-31 04:35	107.260	107.305	107.035	107.190	5
2026-03-31 04:40	107.170	107.375	107.097	107.330	5
2026-03-31 04:45	107.355	107.355	107.117	107.180	5
2026-03-31 04:50	107.185	107.215	107.097	107.180	5
2026-03-31 04:55	107.185	107.215	107.145	107.215	5
2026-03-31 05:00	107.210	107.415	107.090	107.370	5
2026-03-31 05:05	107.365	107.480	107.275	107.420	5
2026-03-31 05:10	107.425	107.807	107.413	107.770	5
2026-03-31 05:15	107.775	107.875	107.705	107.870	5
2026-03-31 05:20	107.875	107.875	107.550	107.550	5
2026-03-31 05:25	107.565	107.605	107.320	107.420	5
2026-03-31 05:30	107.430	107.570	107.175	107.420	5
2026-03-31 05:35	107.395	107.480	107.197	107.217	5
2026-03-31 05:40	107.207	107.340	107.037	107.060	5
2026-03-31 05:45	107.070	107.170	106.790	106.960	5
2026-03-31 05:50	106.990	107.185	106.870	107.160	5
2026-03-31 05:55	107.140	107.140	106.868	107.047	5
2026-03-31 06:00	107.037	107.185	106.933	107.050	5
2026-03-31 06:05	107.045	107.260	106.957	107.220	5
2026-03-31 06:10	107.215	107.455	107.145	107.350	5
2026-03-31 06:15	107.345	107.470	107.207	107.290	5
2026-03-31 06:20	107.248	107.390	106.995	107.185	5
2026-03-31 06:25	107.210	107.360	107.127	107.170	5
2026-03-31 06:30	107.185	107.330	107.040	107.195	5
2026-03-31 06:35	107.205	107.440	107.205	107.365	5
2026-03-31 06:40	107.370	107.450	107.320	107.410	5
2026-03-31 06:45	107.390	107.465	107.198	107.255	5
2026-03-31 06:50	107.270	107.410	107.047	107.310	5
2026-03-31 06:55	107.305	107.305	106.805	106.895	5
2026-03-31 07:00	106.853	107.195	106.853	107.190	5
2026-03-31 07:05	107.195	107.465	107.180	107.360	5
2026-03-31 07:10	107.365	107.475	107.220	107.345	5
2026-03-31 07:15	107.350	107.365	107.170	107.340	5
2026-03-31 07:20	107.335	107.460	107.190	107.415	5
2026-03-31 07:25	107.420	107.477	107.405	107.440	5
2026-03-31 07:30	107.425	107.445	107.115	107.145	5
2026-03-31 07:35	107.140	107.360	107.120	107.125	5
2026-03-31 07:40	107.130	107.180	106.905	106.940	5
2026-03-31 07:45	106.930	106.985	106.575	106.575	5
2026-03-31 07:50	106.580	106.720	106.305	106.525	5
2026-03-31 07:55	106.495	106.785	106.340	106.395	5
2026-03-31 08:00	106.355	107.230	106.275	106.320	5
2026-03-31 08:05	106.350	106.635	106.235	106.540	5
2026-03-31 08:10	106.570	107.005	106.527	106.950	5
2026-03-31 08:15	106.960	106.995	106.605	106.795	5
2026-03-31 08:20	106.790	107.130	106.585	106.790	5
2026-03-31 08:25	106.775	106.780	106.160	106.605	5
2026-03-31 08:30	106.635	106.875	106.425	106.795	5
2026-03-31 08:35	106.785	107.435	106.675	107.340	5
2026-03-31 08:40	107.325	107.500	107.087	107.110	5
2026-03-31 08:45	107.085	107.160	106.673	106.715	5
2026-03-31 08:50	106.705	107.120	106.613	106.860	5
2026-03-31 08:55	106.865	106.930	106.665	106.675	5
2026-03-31 09:00	106.670	106.720	106.340	106.400	5
2026-03-31 09:05	106.395	106.460	106.145	106.450	5
2026-03-31 09:10	106.440	106.510	106.310	106.475	5
2026-03-31 09:15	106.470	106.565	106.295	106.530	5
2026-03-31 09:20	106.515	106.575	106.105	106.175	5
2026-03-31 09:25	106.185	106.665	105.895	106.615	5
2026-03-31 09:30	106.605	106.870	106.490	106.775	5
2026-03-31 09:35	106.785	107.320	106.775	107.320	5
2026-03-31 09:40	107.305	107.325	107.115	107.300	5
2026-03-31 09:45	107.295	107.577	107.295	107.555	5
2026-03-31 09:50	107.560	107.870	107.310	107.850	5
2026-03-31 09:55	107.808	108.155	107.808	107.960	5
2026-03-31 10:00	107.903	108.005	107.730	107.765	5
2026-03-31 10:05	107.770	107.785	107.440	107.605	5
2026-03-31 10:10	107.610	107.855	107.425	107.830	5
2026-03-31 10:15	107.840	108.100	107.835	108.060	5
2026-03-31 10:20	108.065	108.165	108.065	108.090	5
2026-03-31 10:25	108.095	108.100	107.663	107.795	5
2026-03-31 10:30	107.805	107.900	107.665	107.865	5
2026-03-31 10:35	107.890	108.095	107.825	108.090	5
2026-03-31 10:40	108.085	108.165	107.935	107.975	5
2026-03-31 10:45	108.005	108.090	107.955	108.030	5
2026-03-31 10:50	108.035	108.100	107.755	107.885	5
2026-03-31 10:55	107.920	108.040	107.910	108.010	5
2026-03-31 11:00	107.990	108.100	107.820	107.820	5
2026-03-31 11:05	107.835	108.155	107.825	108.140	5
2026-03-31 11:10	108.130	108.330	106.818	107.520	5
2026-03-31 11:15	107.545	107.625	106.853	107.428	5
2026-03-31 11:20	107.423	107.615	107.048	107.150	5
2026-03-31 11:25	107.155	107.835	106.813	107.605	5
2026-03-31 11:30	107.563	107.825	107.403	107.518	5
2026-03-31 11:35	107.560	107.735	107.403	107.525	5
2026-03-31 11:40	107.483	107.490	106.893	106.903	5
2026-03-31 11:45	106.945	107.050	106.583	106.980	5
2026-03-31 11:50	106.938	107.365	106.833	107.345	5
2026-03-31 11:55	107.303	107.495	106.973	107.005	5
2026-03-31 12:00	106.987	107.350	106.903	107.285	5
2026-03-31 12:05	107.300	107.510	106.938	107.018	5
2026-03-31 12:10	107.050	108.190	107.050	108.148	5
2026-03-31 12:15	108.180	108.260	107.093	107.213	5
2026-03-31 12:20	107.283	107.790	107.023	107.770	5
2026-03-31 12:25	107.728	107.760	107.018	107.123	5
2026-03-31 12:30	107.217	107.540	107.173	107.268	5
2026-03-31 12:35	107.258	107.420	107.123	107.378	5
2026-03-31 12:40	107.373	107.510	107.293	107.370	5
2026-03-31 12:45	107.375	107.560	107.203	107.433	5
2026-03-31 12:50	107.428	107.670	107.238	107.290	5
2026-03-31 12:55	107.295	107.600	107.198	107.490	5
2026-03-31 13:00	107.441	107.540	107.033	107.413	5
2026-03-31 13:05	107.455	107.635	107.345	107.415	5
2026-03-31 13:10	107.395	107.600	107.275	107.295	5
2026-03-31 13:15	107.290	107.410	107.155	107.295	5
2026-03-31 13:20	107.315	107.405	107.185	107.250	5
2026-03-31 13:25	107.290	107.955	107.270	107.850	5
2026-03-31 13:30	107.865	107.885	107.453	107.635	5
2026-03-31 13:35	107.645	107.885	107.485	107.600	5
2026-03-31 13:40	107.605	107.625	107.185	107.455	5
2026-03-31 13:45	107.435	107.465	106.988	107.055	5
2026-03-31 13:50	107.065	107.150	106.560	106.665	5
2026-03-31 13:55	106.625	106.990	106.590	106.755	5
2026-03-31 14:00	106.750	107.060	106.658	106.845	5
2026-03-31 14:05	106.830	107.315	106.825	107.010	5
2026-03-31 14:10	107.015	107.070	106.675	106.705	5
2026-03-31 14:15	106.700	106.980	106.635	106.825	5
2026-03-31 14:20	106.830	107.170	106.750	106.875	5
2026-03-31 14:25	106.880	107.095	106.853	106.895	5
2026-03-31 14:30	106.905	106.960	106.665	106.930	5
2026-03-31 14:35	106.940	107.425	106.780	107.345	5
2026-03-31 14:40	107.340	107.680	107.340	107.535	5
2026-03-31 14:45	107.478	107.865	107.478	107.815	5
2026-03-31 14:50	107.840	108.015	107.813	107.898	5
2026-03-31 14:55	107.903	108.050	107.888	108.010	5
2026-03-31 15:00	108.007	108.007	107.563	107.765	5
2026-03-31 15:05	107.755	108.010	107.520	107.795	5
2026-03-31 15:10	107.800	107.860	107.180	107.215	5
2026-03-31 15:15	107.205	107.385	106.853	107.215	5
2026-03-31 15:20	107.205	107.550	106.950	107.210	5
2026-03-31 15:25	107.205	107.545	107.075	107.495	5
2026-03-31 15:30	107.490	107.585	107.285	107.285	5
2026-03-31 15:35	107.305	107.320	106.898	107.090	5
2026-03-31 15:40	107.085	107.150	106.915	106.985	5
2026-03-31 15:45	106.980	107.100	106.863	107.005	5
2026-03-31 15:50	107.040	107.070	106.755	107.035	5
2026-03-31 15:55	107.025	107.240	106.995	107.235	5
2026-03-31 16:00	107.198	107.340	106.958	107.155	5
2026-03-31 16:05	107.150	107.225	106.855	106.990	5
2026-03-31 16:10	106.985	107.395	106.985	107.165	5
2026-03-31 16:15	107.160	107.230	107.010	107.150	5
2026-03-31 16:20	107.155	107.495	107.110	107.420	5
2026-03-31 16:25	107.415	107.600	107.368	107.510	5
2026-03-31 16:30	107.515	107.650	107.485	107.500	5
2026-03-31 16:35	107.510	107.685	106.090	106.090	5
2026-03-31 16:40	106.100	106.100	102.673	104.290	11
2026-03-31 16:45	104.238	105.670	103.958	104.415	5
2026-03-31 16:50	104.410	105.235	103.808	104.615	5
2026-03-31 16:55	104.600	105.015	104.357	104.725	5
2026-03-31 17:00	104.755	104.780	102.978	103.437	5
2026-03-31 17:05	103.437	104.730	103.433	104.467	5
2026-03-31 17:10	104.457	104.890	104.077	104.170	5
2026-03-31 17:15	104.125	104.345	103.555	103.667	5
2026-03-31 17:20	103.690	103.965	103.630	103.735	5
2026-03-31 17:25	103.730	104.615	103.715	104.390	5
2026-03-31 17:30	104.377	104.530	103.790	103.855	5
2026-03-31 17:35	103.850	104.760	103.755	104.665	5
2026-03-31 17:40	104.655	104.972	104.635	104.795	5
2026-03-31 17:45	104.800	104.905	104.513	104.585	5
2026-03-31 17:50	104.565	104.755	104.328	104.550	5
2026-03-31 17:55	104.555	104.905	104.530	104.735	5
2026-03-31 18:00	104.725	104.785	104.320	104.505	5
2026-03-31 18:05	104.510	104.640	104.145	104.275	5
2026-03-31 18:10	104.270	104.670	104.235	104.425	5
2026-03-31 18:15	104.430	104.430	103.865	104.140	5
2026-03-31 18:20	104.130	104.645	104.110	104.630	5
2026-03-31 18:25	104.620	104.825	103.615	103.835	5
2026-03-31 18:30	103.840	104.515	103.715	104.490	5
2026-03-31 18:35	104.475	104.555	103.943	104.125	5
2026-03-31 18:40	104.130	104.785	104.130	104.695	5
2026-03-31 18:45	104.710	104.850	104.505	104.765	5
2026-03-31 18:50	104.755	104.795	104.515	104.735	5
2026-03-31 18:55	104.740	104.755	104.517	104.750	5
2026-03-31 19:00	104.735	104.745	104.500	104.565	5
2026-03-31 19:05	104.570	104.810	104.528	104.677	5
2026-03-31 19:10	104.680	104.690	104.495	104.550	5
2026-03-31 19:15	104.545	104.635	104.390	104.520	5
2026-03-31 19:20	104.510	104.665	104.380	104.665	5
2026-03-31 19:25	104.670	104.810	104.645	104.735	5
2026-03-31 19:30	104.740	104.740	104.490	104.565	5
2026-03-31 19:35	104.560	104.560	104.265	104.385	5
2026-03-31 19:40	104.375	104.595	104.370	104.455	5
2026-03-31 19:45	104.440	104.495	104.330	104.405	5
2026-03-31 19:50	104.395	104.395	104.080	104.090	5
2026-03-31 19:55	104.100	104.445	104.030	104.290	5
2026-03-31 20:00	104.277	104.312	103.797	104.112	5
2026-03-31 20:05	104.107	104.112	103.742	103.812	5
2026-03-31 20:10	103.788	103.912	103.692	103.867	5
2026-03-31 20:15	103.862	103.992	103.817	103.822	5
2026-03-31 20:20	103.803	103.877	103.752	103.767	5
2026-03-31 20:25	103.762	103.807	103.512	103.592	5
2026-03-31 20:30	103.602	103.687	103.367	103.367	5
2026-03-31 20:35	103.372	103.402	103.072	103.072	5
2026-03-31 20:40	103.087	103.382	102.647	103.287	5
2026-03-31 20:45	103.277	103.437	103.147	103.257	5
2026-03-31 20:50	103.262	103.332	103.137	103.192	5
2026-03-31 20:55	103.197	103.297	103.082	103.257	5
2026-04-01 00:00	103.523	104.200	103.518	104.147	5
2026-04-01 00:05	104.150	104.600	104.108	104.585	5
2026-04-01 00:10	104.575	104.690	104.487	104.620	5
2026-04-01 00:15	104.635	104.735	104.577	104.690	5
2026-04-01 00:20	104.675	104.770	104.615	104.675	5
2026-04-01 00:25	104.670	104.765	104.645	104.690	5
2026-04-01 00:30	104.680	104.720	104.540	104.540	5
2026-04-01 00:35	104.527	104.690	104.465	104.680	5
2026-04-01 00:40	104.670	104.670	104.425	104.525	5
2026-04-01 00:45	104.520	104.575	104.365	104.400	5
2026-04-01 00:50	104.395	104.455	104.350	104.415	5
2026-04-01 00:55	104.430	104.590	104.395	104.445	5
2026-04-01 01:00	104.440	104.590	104.240	104.585	5
2026-04-01 01:05	104.580	105.010	104.580	104.830	5
2026-04-01 01:10	104.825	105.300	104.797	105.200	5
2026-04-01 01:15	105.210	105.515	105.200	105.290	5
2026-04-01 01:20	105.285	105.640	105.210	105.465	5
2026-04-01 01:25	105.450	105.465	105.200	105.220	5
2026-04-01 01:30	105.210	105.465	105.035	105.427	5
2026-04-01 01:35	105.440	105.685	105.407	105.660	5
2026-04-01 01:40	105.655	105.885	105.655	105.755	5
2026-04-01 01:45	105.760	105.830	105.645	105.695	5
2026-04-01 01:50	105.680	105.860	105.665	105.835	5
2026-04-01 01:55	105.845	105.910	105.677	105.760	5
2026-04-01 02:00	105.735	105.760	105.557	105.590	5
2026-04-01 02:05	105.580	105.682	105.527	105.535	5
2026-04-01 02:10	105.550	105.600	105.410	105.440	5
2026-04-01 02:15	105.435	105.440	105.215	105.250	5
2026-04-01 02:20	105.240	105.455	105.235	105.380	5
2026-04-01 02:25	105.375	105.405	105.305	105.335	5
2026-04-01 02:30	105.320	105.470	105.245	105.445	5
2026-04-01 02:35	105.435	105.520	105.330	105.387	5
2026-04-01 02:40	105.410	105.460	105.185	105.410	5
2026-04-01 02:45	105.415	105.465	105.325	105.405	5
2026-04-01 02:50	105.395	105.585	105.380	105.575	5
2026-04-01 02:55	105.570	105.730	105.505	105.600	5
2026-04-01 03:00	105.533	105.660	105.520	105.545	5
2026-04-01 03:05	105.540	105.540	105.230	105.255	5
2026-04-01 03:10	105.265	105.465	105.155	105.440	5
2026-04-01 03:15	105.450	105.630	105.405	105.565	5
2026-04-01 03:20	105.550	105.665	105.550	105.640	5
2026-04-01 03:25	105.630	105.655	105.565	105.585	5
2026-04-01 03:30	105.595	105.635	105.515	105.585	5
2026-04-01 03:35	105.580	105.595	105.120	105.285	5
2026-04-01 03:40	105.260	105.315	105.175	105.185	5
2026-04-01 03:45	105.180	105.235	105.127	105.170	5
2026-04-01 03:50	105.165	105.290	105.150	105.265	5
2026-04-01 03:55	105.270	105.290	105.215	105.260	5
2026-04-01 04:00	105.240	105.270	105.175	105.205	5
2026-04-01 04:05	105.200	105.225	105.155	105.215	5
2026-04-01 04:10	105.220	105.310	105.210	105.295	5
2026-04-01 04:15	105.305	105.355	105.258	105.285	5
2026-04-01 04:20	105.275	105.300	105.230	105.270	5
2026-04-01 04:25	105.275	105.380	105.250	105.330	5
2026-04-01 04:30	105.315	105.420	105.285	105.325	5
2026-04-01 04:35	105.330	105.420	105.175	105.180	5
2026-04-01 04:40	105.175	105.260	105.170	105.190	5
2026-04-01 04:45	105.195	105.235	105.090	105.160	5
2026-04-01 04:50	105.150	105.175	104.775	104.965	5
2026-04-01 04:55	104.918	105.080	104.695	104.725	5
2026-04-01 05:00	104.680	104.760	104.635	104.640	5
2026-04-01 05:05	104.635	104.725	104.605	104.660	5
2026-04-01 05:10	104.655	104.700	104.495	104.515	5
2026-04-01 05:15	104.520	104.605	104.455	104.485	5
2026-04-01 05:20	104.475	104.505	104.395	104.455	5
2026-04-01 05:25	104.460	104.650	104.378	104.575	5
2026-04-01 05:30	104.520	104.545	104.090	104.190	5
2026-04-01 05:35	104.185	104.360	104.005	104.020	5
2026-04-01 05:40	104.005	104.030	103.770	103.815	5
2026-04-01 05:45	103.825	104.045	103.295	103.390	5
2026-04-01 05:50	103.385	103.420	102.800	103.065	5
2026-04-01 05:55	103.060	103.280	103.040	103.225	5
2026-04-01 06:00	103.200	103.375	103.025	103.330	5
2026-04-01 06:05	103.300	103.330	102.860	103.025	5
2026-04-01 06:10	103.030	103.070	102.055	102.165	5
2026-04-01 06:15	102.180	102.585	102.065	102.130	5
2026-04-01 06:20	102.140	102.220	101.705	102.205	5
2026-04-01 06:25	102.150	102.160	101.003	101.195	5
2026-04-01 06:30	101.197	101.205	100.363	100.940	5
2026-04-01 06:35	100.925	101.050	100.540	100.955	5
2026-04-01 06:40	100.965	100.970	99.307	99.525	5
2026-04-01 06:45	99.530	100.175	99.395	100.160	5
2026-04-01 06:50	100.155	100.660	99.950	100.220	5
2026-04-01 06:55	100.225	100.240	98.447	98.905	5
2026-04-01 07:00	98.910	99.605	98.545	99.547	5
2026-04-01 07:05	99.560	99.945	98.857	98.877	5
2026-04-01 07:10	98.897	99.340	98.777	99.195	5
2026-04-01 07:15	99.190	100.130	99.180	100.095	5
2026-04-01 07:20	100.100	100.195	99.755	100.040	5
2026-04-01 07:25	100.030	100.160	99.840	99.970	5
2026-04-01 07:30	99.960	100.010	99.760	99.835	5
2026-04-01 07:35	99.825	99.915	99.425	99.650	5
2026-04-01 07:40	99.690	100.025	99.473	99.720	5
2026-04-01 07:45	99.715	100.365	99.515	100.345	5
2026-04-01 07:50	100.350	100.685	100.215	100.460	5
2026-04-01 07:55	100.450	101.297	100.390	101.160	5
2026-04-01 08:00	101.155	101.570	100.936	101.165	5
2026-04-01 08:05	101.155	101.425	101.005	101.325	5
2026-04-01 08:10	101.320	101.695	101.320	101.595	5
2026-04-01 08:15	101.605	101.705	101.445	101.460	5
2026-04-01 08:20	101.470	101.745	101.407	101.645	5
2026-04-01 08:25	101.650	102.310	101.515	102.175	5
2026-04-01 08:30	102.205	102.225	101.598	101.685	5
2026-04-01 08:35	101.690	102.045	101.675	101.830	5
2026-04-01 08:40	101.835	102.025	101.740	101.895	5
2026-04-01 08:45	101.890	102.210	101.740	102.210	5
2026-04-01 08:50	102.200	102.412	102.075	102.290	5
2026-04-01 08:55	102.295	102.555	102.225	102.420	5
2026-04-01 09:00	102.358	102.615	102.185	102.455	5
2026-04-01 09:05	102.450	102.720	102.335	102.705	5
2026-04-01 09:10	102.715	102.815	102.620	102.680	5
2026-04-01 09:15	102.685	103.220	102.675	103.140	5
2026-04-01 09:20	103.150	103.410	103.090	103.170	5
2026-04-01 09:25	103.165	103.195	102.785	102.950	5
2026-04-01 09:30	102.945	103.010	102.800	102.865	5
2026-04-01 09:35	102.855	103.220	102.820	103.215	5
2026-04-01 09:40	103.195	103.455	103.150	103.325	5
2026-04-01 09:45	103.315	103.420	103.060	103.230	5
2026-04-01 09:50	103.240	103.775	103.115	103.665	5
2026-04-01 09:55	103.660	103.950	103.523	103.680	5
2026-04-01 10:00	103.608	103.945	103.585	103.930	5
2026-04-01 10:05	103.935	104.040	103.725	103.825	5
2026-04-01 10:10	103.830	103.900	103.670	103.860	5
2026-04-01 10:15	103.865	103.935	103.625	103.655	5
2026-04-01 10:20	103.650	103.650	103.080	103.280	5
2026-04-01 10:25	103.270	103.615	103.270	103.575	5
2026-04-01 10:30	103.570	103.575	103.390	103.415	5
2026-04-01 10:35	103.440	103.655	103.390	103.485	5
2026-04-01 10:40	103.480	103.485	103.055	103.120	5
2026-04-01 10:45	103.115	103.145	102.645	102.930	5
2026-04-01 10:50	102.925	103.050	102.635	102.965	5
2026-04-01 10:55	102.975	103.225	102.897	102.905	5
2026-04-01 11:00	102.833	103.055	102.740	102.765	5
2026-04-01 11:05	102.805	103.070	102.570	102.810	5
2026-04-01 11:10	102.805	102.975	102.657	102.657	5
2026-04-01 11:15	102.680	102.950	102.660	102.690	5
2026-04-01 11:20	102.685	102.970	102.655	102.670	5
2026-04-01 11:25	102.675	102.685	102.120	102.177	5
2026-04-01 11:30	102.165	102.195	101.740	101.780	5
2026-04-01 11:35	101.785	101.915	101.275	101.285	5
2026-04-01 11:40	101.290	101.580	101.128	101.255	5
2026-04-01 11:45	101.250	101.535	101.160	101.275	5
2026-04-01 11:50	101.270	101.440	101.090	101.365	5
2026-04-01 11:55	101.385	101.695	101.210	101.665	5
2026-04-01 12:00	101.660	101.660	101.078	101.255	5
2026-04-01 12:05	101.240	101.755	101.105	101.680	5
2026-04-01 12:10	101.675	101.965	101.535	101.735	5
2026-04-01 12:15	101.725	101.800	101.570	101.575	5
2026-04-01 12:20	101.570	101.855	101.520	101.660	5
2026-04-01 12:25	101.655	102.115	101.595	102.060	5
2026-04-01 12:30	102.055	102.070	101.915	101.925	5
2026-04-01 12:35	101.935	102.025	101.635	101.945	5
2026-04-01 12:40	101.955	101.980	101.568	101.653	5
2026-04-01 12:45	100.943	102.020	100.598	101.880	7
2026-04-01 12:50	101.838	102.465	101.735	102.435	5
2026-04-01 12:55	102.425	102.685	102.300	102.515	5
2026-04-01 13:00	102.497	102.775	102.325	102.665	5
2026-04-01 13:05	102.677	102.795	102.585	102.635	5
2026-04-01 13:10	102.645	102.645	101.858	102.155	5
2026-04-01 13:15	102.175	102.280	101.590	101.820	5
2026-04-01 13:20	101.810	102.307	101.755	101.755	5
2026-04-01 13:25	101.750	102.005	101.640	101.770	5
2026-04-01 13:30	101.790	101.865	101.068	101.240	5
2026-04-01 13:35	101.237	101.370	100.665	101.045	5
2026-04-01 13:40	101.057	101.728	100.795	101.317	5
2026-04-01 13:45	101.283	101.365	100.905	100.980	5
2026-04-01 13:50	100.967	101.235	100.448	100.955	5
2026-04-01 13:55	100.965	101.230	100.860	101.100	5
2026-04-01 14:00	101.018	101.495	101.018	101.200	5
2026-04-01 14:05	101.195	101.510	101.048	101.185	5
2026-04-01 14:10	101.180	101.380	100.945	101.000	5
2026-04-01 14:15	101.040	101.200	100.898	101.047	5
2026-04-01 14:20	101.045	101.345	101.008	101.175	5
2026-04-01 14:25	101.190	101.490	101.073	101.337	5
2026-04-01 14:30	101.347	101.685	101.037	101.655	5
2026-04-01 14:35	101.650	101.940	101.053	101.245	5
2026-04-01 14:40	101.267	101.867	101.125	101.150	5
2026-04-01 14:45	101.155	101.530	101.037	101.125	5
2026-04-01 14:50	101.130	101.335	100.878	101.130	5
2026-04-01 14:55	101.115	101.345	100.990	101.345	5
2026-04-01 15:00	101.335	101.690	101.293	101.600	5
2026-04-01 15:05	101.595	101.720	101.450	101.450	5
2026-04-01 15:10	101.445	101.720	101.440	101.650	5
2026-04-01 15:15	101.640	101.800	101.470	101.470	5
2026-04-01 15:20	101.465	102.000	101.420	101.900	5
2026-04-01 15:25	101.905	102.010	101.755	101.965	5
2026-04-01 15:30	101.960	102.120	101.788	101.940	5
2026-04-01 15:35	101.935	102.065	101.715	101.760	5
2026-04-01 15:40	101.765	101.895	101.755	101.790	5
2026-04-01 15:45	101.785	102.050	101.743	101.940	5
2026-04-01 15:50	101.930	102.215	101.930	102.130	5
2026-04-01 15:55	102.125	102.150	101.785	101.920	5
2026-04-01 16:00	101.868	101.960	101.810	101.950	5
2026-04-01 16:05	101.945	102.170	101.855	102.060	5
2026-04-01 16:10	102.075	102.380	102.075	102.325	5
2026-04-01 16:15	102.330	102.380	102.065	102.080	5
2026-04-01 16:20	102.090	102.185	101.870	102.015	5
2026-04-01 16:25	102.010	102.035	101.895	101.910	5
2026-04-01 16:30	101.870	102.005	101.845	101.950	5
2026-04-01 16:35	101.955	102.005	101.880	101.965	5
2026-04-01 16:40	101.970	101.990	101.537	101.540	5
2026-04-01 16:45	101.535	101.795	101.525	101.765	5
2026-04-01 16:50	101.760	101.850	101.645	101.785	5
2026-04-01 16:55	101.790	101.860	101.535	101.575	5
2026-04-01 17:00	101.570	101.570	101.305	101.335	5
2026-04-01 17:05	101.330	101.345	100.745	100.830	5
2026-04-01 17:10	100.835	101.075	100.755	100.925	5
2026-04-01 17:15	100.895	101.190	100.885	101.170	5
2026-04-01 17:20	101.165	101.170	100.875	101.100	5
2026-04-01 17:25	101.095	101.145	100.930	100.930	5
2026-04-01 17:30	100.935	101.005	100.665	100.885	5
2026-04-01 17:35	100.880	100.890	100.655	100.710	5
2026-04-01 17:40	100.690	100.690	100.520	100.645	5
2026-04-01 17:45	100.640	100.655	100.061	100.210	5
2026-04-01 17:50	100.205	100.220	99.828	100.175	5
2026-04-01 17:55	100.170	100.640	100.075	100.475	5
2026-04-01 18:00	100.485	100.895	100.480	100.875	5
2026-04-01 18:05	100.880	100.880	100.565	100.570	5
2026-04-01 18:10	100.565	100.565	100.205	100.415	5
2026-04-01 18:15	100.410	101.025	100.410	100.890	5
2026-04-01 18:20	100.905	101.156	100.810	100.985	5
2026-04-01 18:25	100.980	101.290	100.925	101.255	5
2026-04-01 18:30	101.250	101.600	101.180	101.550	5
2026-04-01 18:35	101.555	101.585	101.253	101.465	5
2026-04-01 18:40	101.460	101.540	101.045	101.067	5
2026-04-01 18:45	101.080	101.165	100.915	101.120	5
2026-04-01 18:50	101.117	101.325	101.095	101.160	5
2026-04-01 18:55	101.175	101.260	101.047	101.135	5
2026-04-01 19:00	101.140	101.195	101.070	101.125	5
2026-04-01 19:05	101.150	101.205	100.838	101.055	5
2026-04-01 19:10	101.070	101.270	101.030	101.270	5
2026-04-01 19:15	101.260	101.260	101.075	101.115	5
2026-04-01 19:20	101.110	101.110	101.000	101.050	5
2026-04-01 19:25	101.045	101.080	100.800	100.945	5
2026-04-01 19:30	100.960	101.000	100.805	100.835	5
2026-04-01 19:35	100.845	100.845	100.220	100.225	5
2026-04-01 19:40	100.235	100.615	100.208	100.605	5
2026-04-01 19:45	100.585	100.830	100.545	100.745	5
2026-04-01 19:50	100.700	100.990	100.700	100.890	5
2026-04-01 19:55	100.900	100.920	100.607	100.905	5
2026-04-01 20:00	100.895	101.267	100.862	101.012	5
2026-04-01 20:05	101.007	101.012	100.897	100.967	5
2026-04-01 20:10	100.982	101.022	100.787	100.812	5
2026-04-01 20:15	100.817	100.857	100.437	100.452	5
2026-04-01 20:20	100.442	100.497	100.387	100.487	5
2026-04-01 20:25	100.492	100.572	100.482	100.512	5
2026-04-01 20:30	100.517	100.562	100.382	100.407	5
2026-04-01 20:35	100.417	100.427	100.277	100.317	5
2026-04-01 20:40	100.302	100.342	100.277	100.312	5
2026-04-01 20:45	100.302	100.392	100.202	100.297	5
2026-04-01 20:50	100.292	100.297	100.148	100.277	5
2026-04-01 20:55	100.272	100.422	100.207	100.317	5
2026-04-02 00:00	100.427	100.430	99.757	100.025	5
2026-04-02 00:05	99.978	100.167	99.498	99.607	5
2026-04-02 00:10	99.617	99.900	99.367	99.727	5
2026-04-02 00:15	99.727	99.965	99.717	99.927	5
2026-04-02 00:20	99.917	99.970	99.797	99.880	5
2026-04-02 00:25	99.890	100.115	99.767	100.057	5
2026-04-02 00:30	100.067	100.250	99.937	100.117	5
2026-04-02 00:35	100.107	100.140	99.737	99.740	5
2026-04-02 00:40	99.737	99.775	99.308	99.505	5
2026-04-02 00:45	99.490	99.555	99.145	99.430	5
2026-04-02 00:50	99.435	99.787	99.407	99.767	5
2026-04-02 00:55	99.770	99.825	99.440	99.460	5
2026-04-02 01:00	99.467	101.487	99.157	101.217	5
2026-04-02 01:05	101.218	103.027	101.188	101.977	5
2026-04-02 01:10	101.967	102.220	100.703	102.017	5
2026-04-02 01:15	102.017	105.277	102.017	105.017	5
2026-04-02 01:20	105.057	105.515	104.517	105.400	5
2026-04-02 01:25	105.367	105.405	104.995	105.067	5
2026-04-02 01:30	105.057	106.240	105.047	105.665	5
2026-04-02 01:35	105.627	105.717	104.985	105.177	5
2026-04-02 01:40	105.167	105.440	104.718	105.207	5
2026-04-02 01:45	105.207	105.640	105.127	105.520	5
2026-04-02 01:50	105.507	106.000	105.107	105.827	5
2026-04-02 01:55	105.817	106.280	105.583	105.897	5
2026-04-02 02:00	105.828	105.977	105.557	105.610	5
2026-04-02 02:05	105.597	106.120	105.490	106.007	5
2026-04-02 02:10	106.010	106.450	105.927	106.300	5
2026-04-02 02:15	106.280	106.307	106.003	106.127	5
2026-04-02 02:20	106.137	106.235	105.675	105.767	5
2026-04-02 02:25	105.767	106.177	105.747	106.090	5
2026-04-02 02:30	106.097	106.175	105.637	105.677	5
2026-04-02 02:35	105.657	106.002	105.597	105.930	5
2026-04-02 02:40	105.907	106.020	105.595	105.597	5
2026-04-02 02:45	105.607	105.810	105.575	105.797	5
2026-04-02 02:50	105.807	106.155	105.757	106.030	5
2026-04-02 02:55	106.015	106.017	105.757	105.857	5
2026-04-02 03:00	105.867	106.227	105.817	106.017	5
2026-04-02 03:05	106.015	106.240	106.000	106.197	5
2026-04-02 03:10	106.187	106.200	105.987	106.147	5
2026-04-02 03:15	106.137	106.160	105.807	105.837	5
2026-04-02 03:20	105.847	105.870	105.615	105.630	5
2026-04-02 03:25	105.625	105.887	105.610	105.810	5
2026-04-02 03:30	105.815	106.215	105.790	106.107	5
2026-04-02 03:35	106.117	106.230	106.005	106.017	5
2026-04-02 03:40	106.017	106.280	106.007	106.110	5
2026-04-02 03:45	106.105	106.470	106.097	106.430	5
2026-04-02 03:50	106.417	106.617	106.315	106.470	5
2026-04-02 03:55	106.475	106.820	106.413	106.675	5
2026-04-02 04:00	106.637	106.935	106.617	106.865	5
2026-04-02 04:05	106.875	107.560	106.875	107.340	5
2026-04-02 04:10	107.337	107.390	107.003	107.210	5
2026-04-02 04:15	107.220	107.370	107.147	107.255	5
2026-04-02 04:20	107.300	107.565	107.250	107.370	5
2026-04-02 04:25	107.385	107.995	107.347	107.858	5
2026-04-02 04:30	107.915	108.115	107.477	107.647	5
2026-04-02 04:35	107.637	107.757	107.537	107.625	5
2026-04-02 04:40	107.630	107.700	107.505	107.520	5
2026-04-02 04:45	107.515	107.540	107.115	107.180	5
2026-04-02 04:50	107.175	107.290	107.087	107.170	5
2026-04-02 04:55	107.165	107.260	107.050	107.165	5
2026-04-02 05:00	107.137	107.137	106.860	106.975	5
2026-04-02 05:05	106.923	107.130	106.885	106.885	5
2026-04-02 05:10	106.905	107.030	106.797	107.020	5
2026-04-02 05:15	107.017	107.075	106.870	107.015	5
2026-04-02 05:20	107.005	107.010	106.885	106.960	5
2026-04-02 05:25	106.957	106.980	106.830	106.845	5
2026-04-02 05:30	106.835	107.110	106.635	107.110	5
2026-04-02 05:35	107.120	107.300	107.005	107.160	5
2026-04-02 05:40	107.170	107.240	106.915	107.220	5
2026-04-02 05:45	107.230	107.830	107.205	107.737	5
2026-04-02 05:50	107.750	107.805	107.445	107.670	5
2026-04-02 05:55	107.680	107.950	107.670	107.945	5
2026-04-02 06:00	107.920	107.970	107.745	107.770	5
2026-04-02 06:05	107.775	107.960	107.685	107.940	5
2026-04-02 06:10	107.935	108.140	107.795	108.085	5
2026-04-02 06:15	108.090	108.110	107.785	107.815	5
2026-04-02 06:20	107.810	107.840	107.537	107.600	5
2026-04-02 06:25	107.605	107.825	107.320	107.815	5
2026-04-02 06:30	107.810	107.955	107.715	107.927	5
2026-04-02 06:35	107.950	108.325	107.947	108.040	5
2026-04-02 06:40	108.035	108.105	107.835	107.845	5
2026-04-02 06:45	107.835	108.035	107.773	107.990	5
2026-04-02 06:50	107.985	108.025	107.690	107.970	5
2026-04-02 06:55	107.965	107.965	107.585	107.685	5
2026-04-02 07:00	107.630	107.910	107.600	107.810	5
2026-04-02 07:05	107.815	107.930	107.665	107.795	5
2026-04-02 07:10	107.810	107.860	107.525	107.605	5
2026-04-02 07:15	107.600	107.615	107.305	107.595	5
2026-04-02 07:20	107.585	107.965	107.585	107.945	5
2026-04-02 07:25	107.950	107.965	107.755	107.815	5
2026-04-02 07:30	107.820	107.920	107.705	107.815	5
2026-04-02 07:35	107.850	107.865	107.608	107.685	5
2026-04-02 07:40	107.690	107.815	107.620	107.690	5
2026-04-02 07:45	107.710	107.775	107.660	107.700	5
2026-04-02 07:50	107.705	108.025	107.685	107.960	5
2026-04-02 07:55	107.945	107.960	107.715	107.715	5
2026-04-02 08:00	107.720	108.210	107.575	108.210	5
2026-04-02 08:05	108.205	108.410	108.110	108.170	5
2026-04-02 08:10	108.175	108.290	108.040	108.255	5
2026-04-02 08:15	108.265	108.450	108.265	108.430	5
2026-04-02 08:20	108.425	108.575	108.380	108.500	5
2026-04-02 08:25	108.490	108.595	108.275	108.310	5
2026-04-02 08:30	108.315	108.350	107.930	108.235	5
2026-04-02 08:35	108.240	108.590	108.220	108.350	5
2026-04-02 08:40	108.345	108.715	108.335	108.715	5
2026-04-02 08:45	108.700	108.745	108.605	108.725	5
2026-04-02 08:50	108.720	108.785	108.660	108.710	5
2026-04-02 08:55	108.700	108.865	108.640	108.855	5
2026-04-02 09:00	108.835	108.910	108.711	108.850	5
2026-04-02 09:05	108.835	108.870	108.655	108.725	5
2026-04-02 09:10	108.720	108.725	108.550	108.615	5
2026-04-02 09:15	108.625	108.680	108.505	108.650	5
2026-04-02 09:20	108.645	108.740	108.578	108.630	5
2026-04-02 09:25	108.635	108.645	108.460	108.585	5
2026-04-02 09:30	108.570	108.870	108.570	108.860	5
2026-04-02 09:35	108.865	108.945	108.845	108.870	5
2026-04-02 09:40	108.875	109.127	108.820	109.025	5
2026-04-02 09:45	109.020	109.025	108.635	108.635	5
2026-04-02 09:50	108.630	108.665	108.440	108.520	5
2026-04-02 09:55	108.515	108.545	108.250	108.365	5
2026-04-02 10:00	108.347	108.385	108.020	108.035	5
2026-04-02 10:05	108.050	108.350	107.987	108.350	5
2026-04-02 10:10	108.345	108.535	108.340	108.485	5
2026-04-02 10:15	108.480	108.670	108.475	108.590	5
2026-04-02 10:20	108.575	108.650	108.510	108.560	5
2026-04-02 10:25	108.550	108.680	108.505	108.660	5
2026-04-02 10:30	108.665	108.815	108.610	108.665	5
2026-04-02 10:35	108.660	108.665	108.485	108.650	5
2026-04-02 10:40	108.645	108.725	108.415	108.700	5
2026-04-02 10:45	108.715	108.917	108.653	108.805	5
2026-04-02 10:50	108.800	109.255	108.800	109.185	5
2026-04-02 10:55	109.190	109.315	109.050	109.210	5
2026-04-02 11:00	109.205	109.270	109.030	109.150	5
2026-04-02 11:05	109.155	109.315	109.130	109.190	5
2026-04-02 11:10	109.200	109.265	109.020	109.115	5
2026-04-02 11:15	109.110	109.240	109.050	109.235	5
2026-04-02 11:20	109.255	109.290	108.955	108.960	5
2026-04-02 11:25	108.955	109.560	108.850	109.550	5
2026-04-02 11:30	109.555	109.675	109.450	109.615	5
2026-04-02 11:35	109.585	109.650	109.475	109.495	5
2026-04-02 11:40	109.500	109.570	109.395	109.415	5
2026-04-02 11:45	109.420	109.480	109.060	109.180	5
2026-04-02 11:50	109.190	109.275	109.030	109.190	5
2026-04-02 11:55	109.205	109.260	109.010	109.110	5
2026-04-02 12:00	109.095	109.160	108.805	108.935	5
2026-04-02 12:05	108.940	109.285	108.795	109.270	5
2026-04-02 12:10	109.290	109.395	109.165	109.280	5
2026-04-02 12:15	109.270	109.430	109.265	109.335	5
2026-04-02 12:20	109.325	109.335	108.473	108.545	5
2026-04-02 12:25	108.540	108.990	108.535	108.897	5
2026-04-02 12:30	108.875	109.090	108.738	109.045	5
2026-04-02 12:35	109.050	109.160	108.835	108.845	5
2026-04-02 12:40	108.840	109.120	108.808	109.000	5
2026-04-02 12:45	108.995	109.305	108.873	109.060	5
2026-04-02 12:50	109.080	109.145	108.565	108.850	5
2026-04-02 12:55	108.845	109.147	108.687	108.795	5
2026-04-02 13:00	108.728	109.365	108.728	109.075	5
2026-04-02 13:05	109.080	109.380	109.005	109.215	5
2026-04-02 13:10	109.205	109.690	109.100	109.545	5
2026-04-02 13:15	109.540	109.585	109.210	109.395	5
2026-04-02 13:20	109.390	109.440	109.110	109.385	5
2026-04-02 13:25	109.390	109.390	108.990	109.130	5
2026-04-02 13:30	109.155	109.255	108.675	108.830	5
2026-04-02 13:35	108.835	109.420	108.768	109.385	5
2026-04-02 13:40	109.375	109.435	109.037	109.255	5
2026-04-02 13:45	109.230	109.255	108.620	108.947	5
2026-04-02 13:50	108.965	108.975	108.183	108.517	5
2026-04-02 13:55	108.517	108.547	108.208	108.285	5
2026-04-02 14:00	108.243	108.650	108.028	108.435	5
2026-04-02 14:05	108.440	108.580	107.880	107.930	5
2026-04-02 14:10	107.940	108.425	107.690	108.390	5
2026-04-02 14:15	108.385	108.430	107.645	107.895	5
2026-04-02 14:20	107.900	107.965	107.530	107.610	5
2026-04-02 14:25	107.605	107.840	107.530	107.667	5
2026-04-02 14:30	107.667	107.860	107.268	107.440	5
2026-04-02 14:35	107.445	107.480	105.198	106.248	9
2026-04-02 14:40	106.253	107.118	105.853	105.880	8
2026-04-02 14:45	105.875	106.860	105.488	106.620	5
2026-04-02 14:50	106.637	107.040	106.407	106.628	5
2026-04-02 14:55	106.590	106.670	105.993	106.340	5
2026-04-02 15:00	106.335	106.693	105.968	106.140	5
2026-04-02 15:05	106.130	106.520	106.050	106.215	5
2026-04-02 15:10	106.200	106.530	106.053	106.335	5
2026-04-02 15:15	106.330	106.637	105.985	106.630	5
2026-04-02 15:20	106.635	107.455	106.630	107.415	5
2026-04-02 15:25	107.410	107.575	106.740	107.030	5
2026-04-02 15:30	107.025	107.245	106.905	107.035	5
2026-04-02 15:35	107.030	107.375	106.875	107.365	5
2026-04-02 15:40	107.375	107.730	107.305	107.570	5
2026-04-02 15:45	107.560	108.110	107.560	107.930	5
2026-04-02 15:50	107.935	108.235	107.800	107.830	5
2026-04-02 15:55	107.840	108.025	107.585	107.660	5
2026-04-02 16:00	107.635	107.675	107.258	107.547	5
2026-04-02 16:05	107.545	107.700	107.307	107.485	5
2026-04-02 16:10	107.465	107.955	107.450	107.780	5
2026-04-02 16:15	107.765	108.000	107.600	107.960	5
2026-04-02 16:20	107.965	108.075	107.815	107.855	5
2026-04-02 16:25	107.850	107.930	107.613	107.885	5
2026-04-02 16:30	107.895	107.970	107.533	107.610	5
2026-04-02 16:35	107.590	107.625	107.398	107.545	5
2026-04-02 16:40	107.550	107.770	107.113	107.655	5
2026-04-02 16:45	107.660	107.775	107.335	107.525	5
2026-04-02 16:50	107.480	107.600	107.200	107.325	5
2026-04-02 16:55	107.330	107.780	107.330	107.755	5
2026-04-02 17:00	107.770	108.045	107.630	107.785	5
2026-04-02 17:05	107.765	107.800	107.440	107.677	5
2026-04-02 17:10	107.680	107.840	107.450	107.595	5
2026-04-02 17:15	107.585	107.770	107.417	107.750	5
2026-04-02 17:20	107.745	107.825	107.600	107.765	5
2026-04-02 17:25	107.775	108.045	107.735	107.995	5
2026-04-02 17:30	107.980	108.290	107.970	108.265	5
2026-04-02 17:35	108.280	108.445	108.210	108.275	5
2026-04-02 17:40	108.270	108.455	108.270	108.425	5
2026-04-02 17:45	108.430	108.925	108.410	108.860	5
2026-04-02 17:50	108.865	108.940	108.650	108.670	5
2026-04-02 17:55	108.675	108.860	108.615	108.660	5
2026-04-02 18:00	108.630	108.735	108.445	108.510	5
2026-04-02 18:05	108.515	108.575	108.220	108.470	5
2026-04-02 18:10	108.475	108.515	108.215	108.485	5
2026-04-02 18:15	108.480	108.770	108.405	108.715	5
2026-04-02 18:20	108.705	108.950	108.645	108.935	5
2026-04-02 18:25	108.940	109.190	108.790	108.820	5
2026-04-02 18:30	108.815	108.970	108.725	108.825	5
2026-04-02 18:35	108.830	108.925	108.745	108.810	5
2026-04-02 18:40	108.815	108.855	108.483	108.705	5
2026-04-02 18:45	108.710	108.725	108.433	108.640	5
2026-04-02 18:50	108.605	108.705	108.400	108.425	5
2026-04-02 18:55	108.430	108.475	108.235	108.340	5
2026-04-02 19:00	108.325	108.330	108.020	108.240	5
2026-04-02 19:05	108.255	108.407	108.105	108.130	5
2026-04-02 19:10	108.125	108.300	108.043	108.290	5
2026-04-02 19:15	108.280	108.595	108.275	108.420	5
2026-04-02 19:20	108.430	108.520	108.193	108.320	5
2026-04-02 19:25	108.330	108.610	108.330	108.540	5
2026-04-02 19:30	108.545	108.720	108.485	108.650	5
2026-04-02 19:35	108.645	108.840	108.585	108.585	5
2026-04-02 19:40	108.590	108.670	108.480	108.660	5
2026-04-02 19:45	108.670	108.675	108.485	108.605	5
2026-04-02 19:50	108.600	108.665	108.490	108.545	5
2026-04-02 19:55	108.535	108.540	108.290	108.410	5
2026-04-02 20:00	108.385	108.477	108.327	108.442	5
2026-04-02 20:05	108.427	108.727	108.412	108.722	5
2026-04-02 20:10	108.732	108.762	108.647	108.682	5
2026-04-02 20:15	108.663	108.877	108.622	108.727	5
2026-04-02 20:20	108.722	108.757	108.647	108.727	5
2026-04-02 20:25	108.732	108.812	108.697	108.737	5
2026-04-02 20:30	108.742	108.852	108.552	108.842	5
2026-04-02 20:35	108.847	108.982	108.822	108.872	5
2026-04-02 20:40	108.867	108.872	108.717	108.772	5
2026-04-02 20:45	108.767	108.912	108.747	108.827	5
2026-04-02 20:50	108.817	108.862	108.712	108.842	5
2026-04-02 20:55	108.847	109.042	108.842	109.022	4
2026-04-06 00:00	111.578	111.620	111.007	111.007	5
2026-04-06 00:05	111.017	111.137	110.940	110.997	5
2026-04-06 00:10	111.017	111.220	110.997	111.107	5
2026-04-06 00:15	111.120	111.160	111.055	111.107	5
2026-04-06 00:20	111.117	111.130	110.607	110.657	5
2026-04-06 00:25	110.657	110.780	110.597	110.717	5
2026-04-06 00:30	110.717	110.940	110.667	110.827	5
2026-04-06 00:35	110.807	110.847	110.667	110.817	5
2026-04-06 00:40	110.807	110.807	110.547	110.727	5
2026-04-06 00:45	110.707	110.900	110.617	110.827	5
2026-04-06 00:50	110.827	110.857	110.717	110.727	5
2026-04-06 00:55	110.727	110.727	110.547	110.577	5
2026-04-06 01:00	110.538	110.695	110.500	110.647	5
2026-04-06 01:05	110.657	110.740	110.547	110.707	5
2026-04-06 01:10	110.727	110.795	110.527	110.697	5
2026-04-06 01:15	110.677	110.927	110.657	110.897	5
2026-04-06 01:20	110.897	110.937	110.735	110.760	5
2026-04-06 01:25	110.747	110.750	110.235	110.297	5
2026-04-06 01:30	110.310	110.710	110.297	110.617	5
2026-04-06 01:35	110.587	110.797	110.587	110.727	5
2026-04-06 01:40	110.717	110.760	110.377	110.547	5
2026-04-06 01:45	110.547	110.770	110.547	110.687	5
2026-04-06 01:50	110.700	110.810	110.547	110.800	5
2026-04-06 01:55	110.795	110.797	110.497	110.587	5
2026-04-06 02:00	110.528	110.667	110.267	110.527	5
2026-04-06 02:05	110.527	110.547	110.265	110.367	5
2026-04-06 02:10	110.370	110.457	110.247	110.257	5
2026-04-06 02:15	110.257	110.345	109.985	110.077	5
2026-04-06 02:20	110.090	110.343	108.997	109.317	5
2026-04-06 02:25	109.307	109.657	109.237	109.617	5
2026-04-06 02:30	109.607	109.840	109.580	109.660	5
2026-04-06 02:35	109.670	109.782	109.565	109.717	5
2026-04-06 02:40	109.730	109.850	109.708	109.760	5
2026-04-06 02:45	109.755	109.897	109.648	109.740	5
2026-04-06 02:50	109.745	109.785	109.645	109.735	5
2026-04-06 02:55	109.720	109.977	109.705	109.940	5
2026-04-06 03:00	109.935	110.090	109.880	110.050	5
2026-04-06 03:05	110.045	110.095	109.997	110.040	5
2026-04-06 03:10	110.027	110.075	109.937	110.017	5
2026-04-06 03:15	110.040	110.277	109.877	110.270	5
2026-04-06 03:20	110.255	110.355	109.897	109.920	5
2026-04-06 03:25	109.897	110.020	109.867	109.897	5
2026-04-06 03:30	109.907	110.140	109.897	110.075	5
2026-04-06 03:35	110.070	110.070	109.825	109.947	5
2026-04-06 03:40	109.947	110.040	109.857	109.880	5
2026-04-06 03:45	109.867	109.917	109.727	109.850	5
2026-04-06 03:50	109.847	109.860	109.587	109.810	5
2026-04-06 03:55	109.825	109.830	109.707	109.820	5
2026-04-06 04:00	109.815	109.830	109.527	109.567	5
2026-04-06 04:05	109.557	109.730	109.507	109.717	5
2026-04-06 04:10	109.697	109.830	109.485	109.485	5
2026-04-06 04:15	109.495	109.700	109.380	109.670	5
2026-04-06 04:20	109.665	109.780	109.585	109.620	5
2026-04-06 04:25	109.627	109.650	109.440	109.640	5
2026-04-06 04:30	109.645	109.740	109.510	109.630	5
2026-04-06 04:35	109.617	109.690	109.600	109.640	5
2026-04-06 04:40	109.630	109.760	109.617	109.760	5
2026-04-06 04:45	109.755	109.770	109.617	109.730	5
2026-04-06 04:50	109.725	109.780	109.517	109.645	5
2026-04-06 04:55	109.625	109.860	109.587	109.697	5
2026-04-06 05:00	109.700	109.865	109.577	109.830	5
2026-04-06 05:05	109.835	109.895	109.567	109.610	5
2026-04-06 05:10	109.620	109.785	109.577	109.757	5
2026-04-06 05:15	109.760	109.815	109.627	109.760	5
2026-04-06 05:20	109.737	109.905	109.640	109.677	5
2026-04-06 05:25	109.680	109.882	109.647	109.807	5
2026-04-06 05:30	109.797	109.945	109.737	109.885	5
2026-04-06 05:35	109.890	109.987	109.860	109.947	5
2026-04-06 05:40	109.950	110.135	109.935	109.977	5
2026-04-06 05:45	109.995	110.140	109.935	110.120	5
2026-04-06 05:50	110.115	110.115	109.825	109.895	5
2026-04-06 05:55	109.890	110.010	109.790	109.885	5
2026-04-06 06:00	109.897	110.470	109.847	110.345	5
2026-04-06 06:05	110.303	110.350	109.578	109.860	5
2026-04-06 06:10	109.850	109.910	109.485	109.560	5
2026-04-06 06:15	109.555	109.950	109.537	109.950	5
2026-04-06 06:20	109.945	110.100	109.875	110.085	5
2026-04-06 06:25	110.115	110.310	110.087	110.135	5
2026-04-06 06:30	110.130	110.165	109.967	110.030	5
2026-04-06 06:35	110.045	110.430	110.037	110.375	5
2026-04-06 06:40	110.380	110.380	110.100	110.165	5
2026-04-06 06:45	110.160	110.245	110.075	110.100	5
2026-04-06 06:50	110.120	110.200	109.507	109.737	5
2026-04-06 06:55	109.737	109.857	109.297	109.337	5
2026-04-06 07:00	109.347	109.435	109.213	109.350	5
2026-04-06 07:05	109.345	109.465	109.285	109.435	5
2026-04-06 07:10	109.420	109.645	109.170	109.170	5
2026-04-06 07:15	109.130	109.245	108.713	109.210	5
2026-04-06 07:20	109.195	109.710	109.170	109.620	5
2026-04-06 07:25	109.607	109.690	109.353	109.485	5
2026-04-06 07:30	109.480	109.540	109.335	109.540	5
2026-04-06 07:35	109.545	109.550	109.047	109.075	5
2026-04-06 07:40	109.080	109.085	108.125	108.395	5
2026-04-06 07:45	108.405	108.725	108.050	108.265	5
2026-04-06 07:50	108.270	108.355	107.348	107.880	5
2026-04-06 07:55	107.890	108.260	107.760	108.045	5
2026-04-06 08:00	107.990	108.060	107.573	107.900	5
2026-04-06 08:05	107.927	108.400	107.767	108.335	5
2026-04-06 08:10	108.347	108.465	108.135	108.377	5
2026-04-06 08:15	108.387	108.920	108.280	108.790	5
2026-04-06 08:20	108.795	108.830	108.407	108.437	5
2026-04-06 08:25	108.447	108.770	108.253	108.760	5
2026-04-06 08:30	108.703	108.900	108.475	108.535	5
2026-04-06 08:35	108.530	108.570	108.115	108.285	5
2026-04-06 08:40	108.270	108.350	108.095	108.177	5
2026-04-06 08:45	108.180	108.270	107.905	107.990	5
2026-04-06 08:50	107.985	108.175	107.888	107.985	5
2026-04-06 08:55	107.990	108.020	107.763	107.825	5
2026-04-06 09:00	107.815	107.995	107.175	107.355	5
2026-04-06 09:05	107.365	107.675	107.218	107.450	5
2026-04-06 09:10	107.470	107.615	107.130	107.180	5
2026-04-06 09:15	107.175	107.445	107.105	107.240	5
2026-04-06 09:20	107.227	107.400	107.190	107.310	5
2026-04-06 09:25	107.315	107.480	107.085	107.210	5
2026-04-06 09:30	107.197	107.215	106.835	107.015	5
2026-04-06 09:35	107.005	107.205	106.885	107.205	5
2026-04-06 09:40	107.215	107.365	107.075	107.355	5
2026-04-06 09:45	107.345	107.670	107.315	107.620	5
2026-04-06 09:50	107.625	108.533	107.617	108.317	5
2026-04-06 09:55	108.300	108.860	108.117	108.625	5
2026-04-06 10:00	108.610	108.875	108.460	108.587	5
2026-04-06 10:05	108.590	108.610	108.290	108.330	5
2026-04-06 10:10	108.335	108.335	108.047	108.275	5
2026-04-06 10:15	108.270	108.400	108.185	108.380	5
2026-04-06 10:20	108.385	108.475	108.285	108.445	5
2026-04-06 10:25	108.450	108.595	108.380	108.455	5
2026-04-06 10:30	108.460	108.475	108.038	108.105	5
2026-04-06 10:35	108.100	108.200	108.015	108.110	5
2026-04-06 10:40	108.105	108.225	108.043	108.125	5
2026-04-06 10:45	108.110	108.627	108.005	108.100	5
2026-04-06 10:50	108.095	108.100	107.718	107.965	5
2026-04-06 10:55	107.960	108.055	107.780	107.960	5
2026-04-06 11:00	107.888	108.160	107.785	108.160	5
2026-04-06 11:05	108.155	108.460	108.077	108.397	5
2026-04-06 11:10	108.387	108.665	108.357	108.597	5
2026-04-06 11:15	108.600	108.850	108.420	108.445	5
2026-04-06 11:20	108.450	108.815	108.403	108.777	5
2026-04-06 11:25	108.767	108.797	108.447	108.530	5
2026-04-06 11:30	108.550	108.615	108.407	108.455	5
2026-04-06 11:35	108.450	108.645	108.450	108.525	5
2026-04-06 11:40	108.515	108.795	108.415	108.790	5
2026-04-06 11:45	108.780	108.860	108.715	108.800	5
2026-04-06 11:50	108.795	108.820	108.650	108.780	5
2026-04-06 11:55	108.785	108.850	108.615	108.700	5
2026-04-06 12:00	108.653	108.760	108.545	108.730	5
2026-04-06 12:05	108.715	108.795	108.645	108.750	5
2026-04-06 12:10	108.755	109.130	108.683	109.080	5
2026-04-06 12:15	109.075	109.132	108.685	108.705	5
2026-04-06 12:20	108.710	108.765	108.450	108.660	5
2026-04-06 12:25	108.685	108.730	108.385	108.500	5
2026-04-06 12:30	108.525	108.690	108.495	108.605	5
2026-04-06 12:35	108.595	108.675	108.218	108.385	5
2026-04-06 12:40	108.387	108.660	108.363	108.635	5
2026-04-06 12:45	108.640	108.655	108.293	108.595	5
2026-04-06 12:50	108.600	108.655	108.370	108.462	5
2026-04-06 12:55	108.460	108.580	108.355	108.355	5
2026-04-06 13:00	108.223	108.665	108.113	108.605	5
2026-04-06 13:05	108.610	108.855	108.390	108.410	5
2026-04-06 13:10	108.425	108.680	108.385	108.645	5
2026-04-06 13:15	108.640	108.745	108.460	108.725	5
2026-04-06 13:20	108.720	108.945	108.610	108.885	5
2026-04-06 13:25	108.890	109.320	108.890	109.260	5
2026-04-06 13:30	109.265	109.335	109.010	109.225	5
2026-04-06 13:35	109.230	109.335	108.935	109.055	5
2026-04-06 13:40	109.060	109.250	108.870	109.220	5
2026-04-06 13:45	109.225	109.320	108.845	109.295	5
2026-04-06 13:50	109.305	109.335	109.055	109.165	5
2026-04-06 13:55	109.155	109.305	109.090	109.195	5
2026-04-06 14:00	109.200	109.475	109.013	109.435	5
2026-04-06 14:05	109.470	109.735	109.405	109.465	5
2026-04-06 14:10	109.460	109.515	108.885	108.980	5
2026-04-06 14:15	108.960	108.995	108.335	108.345	5
2026-04-06 14:20	108.350	108.480	108.208	108.470	5
2026-04-06 14:25	108.480	108.510	108.230	108.355	5
2026-04-06 14:30	108.350	108.525	108.163	108.415	5
2026-04-06 14:35	108.410	108.817	107.848	108.765	6
2026-04-06 14:40	108.770	109.040	108.508	108.810	5
2026-04-06 14:45	108.797	108.935	108.635	108.890	5
2026-04-06 14:50	108.855	108.855	108.597	108.790	5
2026-04-06 14:55	108.780	108.895	108.623	108.825	5
2026-04-06 15:00	108.830	108.860	108.568	108.750	5
2026-04-06 15:05	108.755	108.915	108.685	108.765	5
2026-04-06 15:10	108.755	109.270	108.665	108.920	5
2026-04-06 15:15	108.917	109.435	108.890	109.320	5
2026-04-06 15:20	109.315	109.525	109.245	109.465	5
2026-04-06 15:25	109.470	109.865	109.465	109.530	5
2026-04-06 15:30	109.525	109.795	109.500	109.770	5
2026-04-06 15:35	109.765	110.010	109.580	109.895	5
2026-04-06 15:40	109.900	110.000	109.525	109.595	5
2026-04-06 15:45	109.600	109.720	109.380	109.615	5
2026-04-06 15:50	109.620	109.705	109.370	109.465	5
2026-04-06 15:55	109.470	109.635	109.435	109.505	5
2026-04-06 16:00	109.510	109.635	109.330	109.445	5
2026-04-06 16:05	109.415	109.450	109.315	109.420	5
2026-04-06 16:10	109.415	109.415	108.983	109.045	5
2026-04-06 16:15	109.035	109.240	108.990	109.210	5
2026-04-06 16:20	109.215	109.260	109.085	109.150	5
2026-04-06 16:25	109.145	109.145	108.985	109.035	5
2026-04-06 16:30	109.045	109.105	108.865	108.865	5
2026-04-06 16:35	108.860	108.940	108.647	108.820	5
2026-04-06 16:40	108.825	108.910	108.645	108.695	5
2026-04-06 16:45	108.685	108.790	108.610	108.730	5
2026-04-06 16:50	108.725	109.200	108.685	109.065	5
2026-04-06 16:55	109.060	109.545	108.988	109.545	5
2026-04-06 17:00	109.535	110.385	109.495	110.265	5
2026-04-06 17:05	110.275	110.345	109.965	110.240	5
2026-04-06 17:10	110.235	110.820	110.235	110.625	5
2026-04-06 17:15	110.630	110.810	110.560	110.570	5
2026-04-06 17:20	110.595	110.820	110.430	110.455	5
2026-04-06 17:25	110.435	110.492	110.195	110.225	5
2026-04-06 17:30	110.220	110.535	109.987	110.330	5
2026-04-06 17:35	110.340	110.605	110.277	110.577	5
2026-04-06 17:40	110.600	111.075	110.567	110.915	5
2026-04-06 17:45	110.930	111.060	110.790	110.980	5
2026-04-06 17:50	110.975	110.980	110.700	110.790	5
2026-04-06 17:55	110.795	111.070	110.620	111.000	5
2026-04-06 18:00	110.990	111.115	110.613	110.915	5
2026-04-06 18:05	110.935	111.000	110.695	110.820	5
2026-04-06 18:10	110.800	110.805	109.347	110.117	5
2026-04-06 18:15	110.127	110.355	109.710	109.977	5
2026-04-06 18:20	109.987	110.300	109.850	110.275	5
2026-04-06 18:25	110.300	110.527	109.493	109.770	5
2026-04-06 18:30	109.765	110.100	109.440	110.040	5
2026-04-06 18:35	109.998	110.075	109.807	109.930	5
2026-04-06 18:40	109.927	109.990	109.787	109.940	5
2026-04-06 18:45	109.915	109.915	109.543	109.770	5
2026-04-06 18:50	109.775	109.850	109.620	109.620	5
2026-04-06 18:55	109.625	109.775	109.467	109.770	5
2026-04-06 19:00	109.755	110.015	109.730	109.950	5
2026-04-06 19:05	109.945	109.965	109.770	109.845	5
2026-04-06 19:10	109.865	109.940	109.840	109.890	5
2026-04-06 19:15	109.900	110.120	109.878	109.990	5
2026-04-06 19:20	109.985	110.120	109.955	110.040	5
2026-04-06 19:25	110.015	110.020	109.740	109.815	5
2026-04-06 19:30	109.805	109.857	109.670	109.680	5
2026-04-06 19:35	109.685	109.860	109.637	109.795	5
2026-04-06 19:40	109.790	109.855	109.550	109.570	5
2026-04-06 19:45	109.575	109.605	109.200	109.305	5
2026-04-06 19:50	109.320	109.400	108.875	109.135	5
2026-04-06 19:55	109.155	109.580	109.107	109.497	5
2026-04-06 20:00	109.520	109.567	109.227	109.252	5
2026-04-06 20:05	109.277	109.462	109.267	109.427	5
2026-04-06 20:10	109.417	109.502	109.322	109.367	5
2026-04-06 20:15	109.357	109.422	109.237	109.287	5
2026-04-06 20:20	109.277	109.437	109.217	109.372	5
2026-04-06 20:25	109.367	109.417	109.297	109.392	5
2026-04-06 20:30	109.397	109.662	109.362	109.637	5
2026-04-06 20:35	109.642	109.772	109.627	109.672	5
2026-04-06 20:40	109.662	109.672	109.537	109.537	5
2026-04-06 20:45	109.518	109.622	109.492	109.587	5
2026-04-06 20:50	109.582	109.647	109.412	109.412	5
2026-04-06 20:55	109.427	109.637	109.412	109.622	5
2026-04-07 00:00	110.053	110.447	110.047	110.075	5
2026-04-07 00:05	110.045	110.447	110.045	110.177	5
2026-04-07 00:10	110.207	110.247	109.760	109.760	5
2026-04-07 00:15	109.757	109.855	109.547	109.657	5
2026-04-07 00:20	109.660	109.870	109.587	109.835	5
2026-04-07 00:25	109.840	109.965	109.747	109.937	5
2026-04-07 00:30	109.950	110.140	109.903	110.110	5
2026-04-07 00:35	110.120	110.530	110.107	110.500	5
2026-04-07 00:40	110.505	110.535	110.327	110.365	5
2026-04-07 00:45	110.340	110.345	110.177	110.190	5
2026-04-07 00:50	110.177	110.260	110.137	110.185	5
2026-04-07 00:55	110.150	110.215	110.145	110.200	5
2026-04-07 01:00	110.210	110.415	109.137	109.157	5
2026-04-07 01:05	109.180	109.675	109.113	109.460	5
2026-04-07 01:10	109.455	109.807	109.377	109.760	5
2026-04-07 01:15	109.745	109.810	109.157	109.380	5
2026-04-07 01:20	109.385	110.120	109.367	110.097	5
2026-04-07 01:25	110.087	110.167	109.887	109.970	5
2026-04-07 01:30	109.977	110.210	109.935	110.200	5
2026-04-07 01:35	110.195	110.760	110.167	110.737	5
2026-04-07 01:40	110.750	110.935	110.750	110.890	5
2026-04-07 01:45	110.887	110.890	110.547	110.657	5
2026-04-07 01:50	110.667	111.110	110.667	111.085	5
2026-04-07 01:55	111.080	111.345	111.010	111.235	5
2026-04-07 02:00	111.212	111.345	111.128	111.280	5
2026-04-07 02:05	111.285	111.335	111.045	111.127	5
2026-04-07 02:10	111.130	111.235	111.040	111.185	5
2026-04-07 02:15	111.190	111.225	111.077	111.127	5
2026-04-07 02:20	111.130	111.250	111.087	111.127	5
2026-04-07 02:25	111.107	111.185	111.105	111.185	5
2026-04-07 02:30	111.125	111.170	110.995	111.110	5
2026-04-07 02:35	111.105	111.235	111.065	111.115	5
2026-04-07 02:40	111.120	111.160	110.997	111.087	5
2026-04-07 02:45	111.087	111.115	110.905	111.017	5
2026-04-07 02:50	111.030	111.155	110.960	111.155	5
2026-04-07 02:55	111.160	111.160	110.917	111.017	5
2026-04-07 03:00	111.027	111.095	110.897	110.955	5
2026-04-07 03:05	110.908	111.295	110.908	111.240	5
2026-04-07 03:10	111.235	111.345	111.210	111.335	5
2026-04-07 03:15	111.325	111.620	111.285	111.580	5
2026-04-07 03:20	111.585	111.665	111.273	111.325	5
2026-04-07 03:25	111.350	111.405	111.207	111.220	5
2026-04-07 03:30	111.195	111.375	111.195	111.360	5
2026-04-07 03:35	111.355	111.465	111.325	111.380	5
2026-04-07 03:40	111.387	111.440	111.335	111.350	5
2026-04-07 03:45	111.345	111.355	111.287	111.335	5
2026-04-07 03:50	111.340	111.465	111.330	111.450	5
2026-04-07 03:55	111.430	111.515	111.385	111.470	5
2026-04-07 04:00	111.480	111.565	111.320	111.535	5
2026-04-07 04:05	111.530	111.620	111.465	111.605	5
2026-04-07 04:10	111.620	111.775	111.585	111.715	5
2026-04-07 04:15	111.677	111.715	111.515	111.710	5
2026-04-07 04:20	111.705	111.745	111.600	111.635	5
2026-04-07 04:25	111.630	111.635	111.470	111.495	5
2026-04-07 04:30	111.505	111.505	111.295	111.435	5
2026-04-07 04:35	111.430	111.540	111.335	111.505	5
2026-04-07 04:40	111.510	111.535	111.310	111.385	5
2026-04-07 04:45	111.395	111.420	111.235	111.270	5
2026-04-07 04:50	111.275	111.300	110.990	110.995	5
2026-04-07 04:55	111.005	111.155	111.005	111.130	5
2026-04-07 05:00	111.095	111.140	110.958	111.100	5
2026-04-07 05:05	111.090	111.155	111.057	111.100	5
2026-04-07 05:10	111.087	111.110	111.017	111.065	5
2026-04-07 05:15	111.075	111.190	111.040	111.145	5
2026-04-07 05:20	111.135	111.270	111.025	111.260	5
2026-04-07 05:25	111.257	111.385	111.247	111.315	5
2026-04-07 05:30	111.300	111.635	111.247	111.407	5
2026-04-07 05:35	111.397	111.627	111.287	111.510	5
2026-04-07 05:40	111.517	111.650	111.410	111.460	5
2026-04-07 05:45	111.457	111.485	111.200	111.370	5
2026-04-07 05:50	111.355	111.400	110.975	111.190	5
2026-04-07 05:55	111.195	111.270	110.907	111.127	5
2026-04-07 06:00	111.115	111.200	110.957	111.047	5
2026-04-07 06:05	111.050	111.185	111.035	111.095	5
2026-04-07 06:10	111.080	111.210	111.003	111.195	5
2026-04-07 06:15	111.220	111.630	111.178	111.610	5
2026-04-07 06:20	111.605	111.705	111.515	111.530	5
2026-04-07 06:25	111.535	111.565	111.287	111.320	5
2026-04-07 06:30	111.315	111.525	111.160	111.520	5
2026-04-07 06:35	111.530	111.560	111.095	111.315	5
2026-04-07 06:40	111.317	111.355	111.095	111.190	5
2026-04-07 06:45	111.195	111.455	111.115	111.355	5
2026-04-07 06:50	111.345	111.460	111.215	111.310	5
2026-04-07 06:55	111.320	111.340	111.155	111.280	5
2026-04-07 07:00	111.108	111.360	111.075	111.330	5
2026-04-07 07:05	111.325	111.405	111.205	111.295	5
2026-04-07 07:10	111.290	111.325	111.055	111.095	5
2026-04-07 07:15	111.100	111.310	111.000	111.285	5
2026-04-07 07:20	111.295	111.445	111.217	111.370	5
2026-04-07 07:25	111.360	111.420	111.345	111.410	5
2026-04-07 07:30	111.400	111.410	111.225	111.365	5
2026-04-07 07:35	111.370	111.375	111.110	111.240	5
2026-04-07 07:40	111.235	111.440	111.215	111.335	5
2026-04-07 07:45	111.340	111.535	111.310	111.440	5
2026-04-07 07:50	111.435	111.685	111.375	111.665	5
2026-04-07 07:55	111.670	111.725	111.570	111.665	5
2026-04-07 08:00	111.660	111.665	110.513	111.510	6
2026-04-07 08:05	111.520	111.715	111.133	111.340	5
2026-04-07 08:10	111.330	111.405	110.693	110.850	5
2026-04-07 08:15	110.840	110.935	110.305	110.465	5
2026-04-07 08:20	110.467	110.500	109.713	110.125	5
2026-04-07 08:25	110.140	110.940	110.055	110.865	5
2026-04-07 08:30	110.850	110.860	110.070	110.190	5
2026-04-07 08:35	110.200	110.320	109.720	109.970	5
2026-04-07 08:40	109.950	110.010	109.440	109.515	5
2026-04-07 08:45	109.525	110.010	109.385	109.780	5
2026-04-07 08:50	109.785	109.885	109.535	109.610	5
2026-04-07 08:55	109.620	109.685	109.315	109.515	5
2026-04-07 09:00	109.468	109.505	109.215	109.315	5
2026-04-07 09:05	109.320	109.635	109.145	109.220	5
2026-04-07 09:10	109.215	109.555	109.085	109.535	5
2026-04-07 09:15	109.545	109.645	108.655	108.790	5
2026-04-07 09:20	108.805	109.015	108.447	108.480	5
2026-04-07 09:25	108.475	108.630	107.835	108.175	5
2026-04-07 09:30	108.155	108.275	107.410	107.500	5
2026-04-07 09:35	107.475	108.195	107.475	107.985	5
2026-04-07 09:40	108.000	108.350	107.913	108.285	5
2026-04-07 09:45	108.270	108.810	108.270	108.745	5
2026-04-07 09:50	108.750	108.860	108.575	108.805	5
2026-04-07 09:55	108.795	109.115	108.765	109.080	5
2026-04-07 10:00	109.060	109.175	108.855	109.060	5
2026-04-07 10:05	109.065	109.738	108.775	109.088	5
2026-04-07 10:10	108.938	109.858	108.733	109.185	6
2026-04-07 10:15	109.195	109.380	108.697	109.317	5
2026-04-07 10:20	109.320	109.645	109.187	109.425	5
2026-04-07 10:25	109.415	111.120	109.415	110.517	5
2026-04-07 10:30	110.497	110.517	109.797	109.940	5
2026-04-07 10:35	109.898	110.115	109.670	109.805	5
2026-04-07 10:40	109.825	110.285	109.767	109.900	5
2026-04-07 10:45	109.927	110.690	109.907	110.467	5
2026-04-07 10:50	110.480	110.770	110.480	110.560	5
2026-04-07 10:55	110.570	110.760	110.355	110.470	5
2026-04-07 11:00	110.435	110.515	110.090	110.210	5
2026-04-07 11:05	110.205	110.430	109.990	110.260	5
2026-04-07 11:10	110.245	110.835	110.240	110.655	5
2026-04-07 11:15	110.675	110.675	110.265	110.550	5
2026-04-07 11:20	110.540	110.670	110.348	110.477	5
2026-04-07 11:25	110.497	110.745	110.320	110.720	5
2026-04-07 11:30	110.745	110.865	110.660	110.820	5
2026-04-07 11:35	110.815	110.865	110.410	110.557	5
2026-04-07 11:40	110.590	110.850	110.507	110.585	5
2026-04-07 11:45	110.580	110.770	110.567	110.675	5
2026-04-07 11:50	110.685	110.855	110.650	110.735	5
2026-04-07 11:55	110.755	110.855	110.715	110.820	5
2026-04-07 12:00	110.763	111.225	110.685	111.140	5
2026-04-07 12:05	111.150	111.370	110.923	111.185	5
2026-04-07 12:10	111.200	111.360	111.053	111.177	5
2026-04-07 12:15	111.170	111.170	110.307	110.587	5
2026-04-07 12:20	110.600	110.710	110.253	110.500	5
2026-04-07 12:25	110.497	110.570	110.105	110.237	5
2026-04-07 12:30	110.250	110.595	110.025	110.465	5
2026-04-07 12:35	110.470	110.605	110.287	110.290	5
2026-04-07 12:40	110.285	110.755	110.247	110.690	5
2026-04-07 12:45	110.695	111.035	110.645	111.035	5
2026-04-07 12:50	111.005	111.035	110.650	110.650	5
2026-04-07 12:55	110.645	110.895	109.823	110.587	5
2026-04-07 13:00	110.567	110.890	110.315	110.387	5
2026-04-07 13:05	110.400	110.445	110.105	110.200	5
2026-04-07 13:10	110.187	110.525	110.008	110.257	5
2026-04-07 13:15	110.265	110.610	110.067	110.595	5
2026-04-07 13:20	110.605	110.675	110.095	110.095	5
2026-04-07 13:25	110.110	110.115	109.555	109.920	5
2026-04-07 13:30	109.915	110.465	109.713	110.410	5
2026-04-07 13:35	110.420	110.440	110.135	110.430	5
2026-04-07 13:40	110.435	110.675	110.360	110.630	5
2026-04-07 13:45	110.645	110.750	110.425	110.450	5
2026-04-07 13:50	110.455	110.495	110.133	110.207	5
2026-04-07 13:55	110.205	110.625	110.145	110.575	5
2026-04-07 14:00	110.528	110.670	110.440	110.465	5
2026-04-07 14:05	110.470	110.800	110.410	110.595	5
2026-04-07 14:10	110.575	110.815	110.475	110.680	5
2026-04-07 14:15	110.670	110.880	110.595	110.740	5
2026-04-07 14:20	110.750	110.750	109.920	110.005	5
2026-04-07 14:25	110.010	110.490	109.970	110.440	5
2026-04-07 14:30	110.418	110.575	110.043	110.175	5
2026-04-07 14:35	110.180	110.580	110.100	110.415	5
2026-04-07 14:40	110.420	110.470	110.163	110.430	5
2026-04-07 14:45	110.425	110.475	109.683	110.270	5
2026-04-07 14:50	110.275	110.620	110.225	110.595	5
2026-04-07 14:55	110.600	110.975	110.485	110.955	5
2026-04-07 15:00	110.960	111.290	110.950	111.210	5
2026-04-07 15:05	111.215	111.475	111.183	111.460	5
2026-04-07 15:10	111.470	111.470	111.210	111.300	5
2026-04-07 15:15	111.280	111.340	110.153	110.515	5
2026-04-07 15:20	110.505	111.105	110.505	110.945	5
2026-04-07 15:25	110.955	110.965	110.367	110.660	5
2026-04-07 15:30	110.655	110.845	110.475	110.570	5
2026-04-07 15:35	110.580	110.620	110.225	110.540	5
2026-04-07 15:40	110.530	110.530	109.973	110.120	5
2026-04-07 15:45	110.115	110.245	110.000	110.135	5
2026-04-07 15:50	110.130	110.215	109.620	109.665	5
2026-04-07 15:55	109.685	109.715	109.003	109.420	5
2026-04-07 16:00	109.410	109.495	108.328	109.010	5
2026-04-07 16:05	109.005	109.420	108.815	109.385	5
2026-04-07 16:10	109.390	109.780	109.345	109.770	5
2026-04-07 16:15	109.780	110.000	109.618	109.965	5
2026-04-07 16:20	109.960	109.980	109.248	109.565	5
2026-04-07 16:25	109.501	109.680	109.245	109.305	5
2026-04-07 16:30	109.315	109.495	109.113	109.260	5
2026-04-07 16:35	109.230	109.755	109.230	109.670	5
2026-04-07 16:40	109.675	109.735	109.495	109.555	5
2026-04-07 16:45	109.560	109.625	109.330	109.570	5
2026-04-07 16:50	109.605	109.730	109.298	109.475	5
2026-04-07 16:55	109.485	109.962	109.485	109.885	5
2026-04-07 17:00	109.875	110.000	109.270	109.285	5
2026-04-07 17:05	109.280	109.965	109.240	109.955	5
2026-04-07 17:10	109.960	110.300	109.960	110.230	5
2026-04-07 17:15	110.245	110.600	110.138	110.600	5
2026-04-07 17:20	110.595	110.855	110.595	110.780	5
2026-04-07 17:25	110.775	110.955	110.510	110.650	5
2026-04-07 17:30	110.640	110.640	109.815	109.870	5
2026-04-07 17:35	109.865	109.920	109.365	109.830	5
2026-04-07 17:40	109.835	110.055	109.795	110.040	5
2026-04-07 17:45	110.045	110.240	109.870	110.020	5
2026-04-07 17:50	110.010	110.080	109.725	109.830	5
2026-04-07 17:55	109.790	110.150	109.725	110.080	5
2026-04-07 18:00	110.055	110.090	109.490	109.675	5
2026-04-07 18:05	109.670	109.835	109.400	109.435	5
2026-04-07 18:10	109.425	109.715	109.405	109.580	5
2026-04-07 18:15	109.590	109.705	109.210	109.335	5
2026-04-07 18:20	109.325	109.840	109.245	109.735	5
2026-04-07 18:25	109.745	109.875	108.995	109.120	5
2026-04-07 18:30	109.125	109.250	108.905	109.055	5
2026-04-07 18:35	109.075	109.225	109.050	109.165	5
2026-04-07 18:40	109.160	109.735	109.130	109.590	5
2026-04-07 18:45	109.595	109.807	109.580	109.610	5
2026-04-07 18:50	109.605	109.937	109.600	109.910	5
2026-04-07 18:55	109.920	110.070	109.785	109.890	5
2026-04-07 19:00	109.885	109.945	109.530	109.590	5
2026-04-07 19:05	109.595	109.715	109.128	109.600	5
2026-04-07 19:10	109.590	109.700	109.427	109.500	5
2026-04-07 19:15	109.495	109.495	107.138	107.667	5
2026-04-07 19:20	107.667	108.917	107.327	108.450	5
2026-04-07 19:25	108.447	108.480	108.017	108.350	5
2026-04-07 19:30	108.347	108.870	108.277	108.830	5
2026-04-07 19:35	108.820	108.937	108.647	108.690	5
2026-04-07 19:40	108.670	108.770	107.958	108.377	5
2026-04-07 19:45	108.390	108.487	104.778	107.203	7
2026-04-07 19:50	107.197	107.340	106.207	107.127	5
2026-04-07 19:55	107.150	107.420	106.958	107.170	5
2026-04-07 20:00	107.128	107.367	105.782	106.372	5
2026-04-07 20:05	106.362	107.627	106.357	106.692	5
2026-04-07 20:10	106.682	107.342	106.573	106.802	5
2026-04-07 20:15	106.797	107.408	106.128	106.587	5
2026-04-07 20:20	106.587	106.982	106.582	106.662	5
2026-04-07 20:25	106.652	107.132	105.737	105.872	5
2026-04-07 20:30	105.847	106.042	105.087	105.477	5
2026-04-07 20:35	105.547	106.872	105.297	106.387	5
2026-04-07 20:40	106.382	106.492	105.002	105.557	5
2026-04-07 20:45	105.547	105.817	105.117	105.682	5
2026-04-07 20:50	105.687	105.837	105.452	105.747	5
2026-04-07 20:55	105.757	105.767	105.128	105.407	5
2026-04-08 00:00	93.747	93.747	91.653	92.297	5
2026-04-08 00:05	92.315	93.897	92.147	93.473	5
2026-04-08 00:10	93.498	93.720	92.587	93.250	5
2026-04-08 00:15	93.260	93.870	93.165	93.645	5
2026-04-08 00:20	93.598	94.875	93.595	94.875	5
2026-04-08 00:25	94.865	95.160	94.610	94.885	5
2026-04-08 00:30	94.880	96.127	94.880	96.000	5
2026-04-08 00:35	95.995	96.050	95.097	95.227	5
2026-04-08 00:40	95.237	95.700	95.147	95.640	5
2026-04-08 00:45	95.635	95.675	95.007	95.125	5
2026-04-08 00:50	95.100	95.140	94.107	94.177	5
2026-04-08 00:55	94.190	94.537	94.118	94.537	5
2026-04-08 01:00	94.483	95.447	94.467	95.447	5
2026-04-08 01:05	95.465	95.465	94.305	94.377	5
2026-04-08 01:10	94.390	94.572	94.085	94.437	5
2026-04-08 01:15	94.447	94.685	94.277	94.457	5
2026-04-08 01:20	94.447	94.790	94.345	94.557	5
2026-04-08 01:25	94.570	94.955	94.437	94.907	5
2026-04-08 01:30	94.907	95.002	94.618	94.710	5
2026-04-08 01:35	94.700	94.910	94.690	94.850	5
2026-04-08 01:40	94.840	95.405	94.807	95.305	5
2026-04-08 01:45	95.310	95.400	94.793	95.030	5
2026-04-08 01:50	95.027	95.047	94.747	94.937	5
2026-04-08 01:55	94.955	95.040	94.800	94.807	5
2026-04-08 02:00	94.807	94.890	94.715	94.877	5
2026-04-08 02:05	94.890	94.975	94.695	94.945	5
2026-04-08 02:10	94.950	95.280	94.787	95.235	5
2026-04-08 02:15	95.230	95.410	95.090	95.385	5
2026-04-08 02:20	95.387	95.775	95.267	95.775	5
2026-04-08 02:25	95.750	96.215	95.750	96.117	5
2026-04-08 02:30	96.107	96.107	95.437	95.580	5
2026-04-08 02:35	95.570	95.775	95.197	95.197	5
2026-04-08 02:40	95.207	95.370	95.017	95.210	5
2026-04-08 02:45	95.205	95.390	95.087	95.255	5
2026-04-08 02:50	95.250	95.520	95.240	95.467	5
2026-04-08 02:55	95.450	95.545	95.317	95.405	5
2026-04-08 03:00	95.353	95.380	94.985	95.015	5
2026-04-08 03:05	95.020	95.090	94.870	94.950	5
2026-04-08 03:10	94.965	95.010	94.880	94.927	5
2026-04-08 03:15	94.945	95.005	94.833	94.940	5
2026-04-08 03:20	94.935	94.960	94.700	94.760	5
2026-04-08 03:25	94.755	94.755	94.615	94.745	5
2026-04-08 03:30	94.755	94.805	94.590	94.610	5
2026-04-08 03:35	94.600	94.785	94.565	94.677	5
2026-04-08 03:40	94.680	94.860	94.563	94.770	5
2026-04-08 03:45	94.780	94.800	94.610	94.750	5
2026-04-08 03:50	94.710	94.870	94.655	94.780	5
2026-04-08 03:55	94.770	94.825	94.575	94.580	5
2026-04-08 04:00	94.575	94.660	94.457	94.545	5
2026-04-08 04:05	94.520	94.565	94.377	94.430	5
2026-04-08 04:10	94.435	94.475	94.390	94.420	5
2026-04-08 04:15	94.425	94.565	94.350	94.530	5
2026-04-08 04:20	94.535	94.675	94.507	94.565	5
2026-04-08 04:25	94.560	94.610	94.345	94.360	5
2026-04-08 04:30	94.365	94.365	94.230	94.295	5
2026-04-08 04:35	94.290	94.355	94.125	94.345	5
2026-04-08 04:40	94.340	94.635	94.258	94.630	5
2026-04-08 04:45	94.625	95.717	94.545	95.647	5
2026-04-08 04:50	95.647	95.725	95.167	95.410	5
2026-04-08 04:55	95.407	95.427	94.947	94.957	5
2026-04-08 05:00	94.947	95.030	94.847	94.910	5
2026-04-08 05:05	94.897	95.115	94.797	95.040	5
2026-04-08 05:10	95.027	95.140	94.907	94.937	5
2026-04-08 05:15	94.940	95.110	94.805	95.027	5
2026-04-08 05:20	95.027	95.145	94.705	94.837	5
2026-04-08 05:25	94.850	94.860	94.195	94.215	5
2026-04-08 05:30	94.220	94.225	93.905	93.957	5
2026-04-08 05:35	93.970	94.115	93.890	93.977	5
2026-04-08 05:40	93.980	94.070	93.850	93.915	5
2026-04-08 05:45	93.935	94.070	93.787	93.830	5
2026-04-08 05:50	93.827	94.020	93.660	93.820	5
2026-04-08 05:55	93.825	93.990	93.725	93.840	5
2026-04-08 06:00	93.807	93.965	93.595	93.635	5
2026-04-08 06:05	93.630	93.975	93.627	93.815	5
2026-04-08 06:10	93.830	93.840	93.130	93.150	5
2026-04-08 06:15	93.155	93.160	92.835	92.910	5
2026-04-08 06:20	92.905	92.990	92.765	92.825	5
2026-04-08 06:25	92.810	92.840	92.533	92.805	5
2026-04-08 06:30	92.825	93.045	92.793	92.995	5
2026-04-08 06:35	92.975	93.020	92.870	92.975	5
2026-04-08 06:40	92.970	93.000	92.650	92.680	5
2026-04-08 06:45	92.670	92.980	92.590	92.920	5
2026-04-08 06:50	92.925	93.493	92.910	93.493	5
2026-04-08 06:55	93.535	94.085	93.535	93.870	5
2026-04-08 07:00	93.865	94.660	93.808	94.390	5
2026-04-08 07:05	94.400	94.485	94.227	94.240	5
2026-04-08 07:10	94.260	94.670	94.210	94.595	5
2026-04-08 07:15	94.590	94.775	94.510	94.715	5
2026-04-08 07:20	94.720	95.070	94.680	94.835	5
2026-04-08 07:25	94.847	94.930	94.598	94.735	5
2026-04-08 07:30	94.740	95.145	94.720	95.040	5
2026-04-08 07:35	95.035	95.115	94.890	95.105	5
2026-04-08 07:40	95.100	95.100	94.750	94.845	5
2026-04-08 07:45	94.855	94.860	94.433	94.530	5
2026-04-08 07:50	94.540	94.595	94.305	94.515	5
2026-04-08 07:55	94.510	94.730	94.335	94.665	5
2026-04-08 08:00	94.633	94.660	94.145	94.215	5
2026-04-08 08:05	94.210	94.755	94.193	94.740	5
2026-04-08 08:10	94.745	94.785	94.530	94.530	5
2026-04-08 08:15	94.520	94.710	94.410	94.545	5
2026-04-08 08:20	94.555	95.260	94.470	95.245	5
2026-04-08 08:25	95.240	95.935	95.230	95.570	5
2026-04-08 08:30	95.600	95.650	95.080	95.145	5
2026-04-08 08:35	95.160	95.185	94.205	94.255	5
2026-04-08 08:40	94.250	94.885	94.125	94.515	5
2026-04-08 08:45	94.505	94.530	94.110	94.385	5
2026-04-08 08:50	94.390	94.530	94.205	94.430	5
2026-04-08 08:55	94.435	94.435	94.130	94.330	5
2026-04-08 09:00	94.325	94.860	94.227	94.690	5
2026-04-08 09:05	94.685	94.685	94.230	94.290	5
2026-04-08 09:10	94.285	94.435	94.225	94.365	5
2026-04-08 09:15	94.400	94.430	94.045	94.080	5
2026-04-08 09:20	94.090	94.125	93.820	93.870	5
2026-04-08 09:25	93.875	94.095	93.815	94.080	5
2026-04-08 09:30	94.038	94.040	93.760	93.780	5
2026-04-08 09:35	93.770	93.780	93.350	93.430	5
2026-04-08 09:40	93.410	94.215	93.245	94.180	5
2026-04-08 09:45	94.155	94.620	94.135	94.500	5
2026-04-08 09:50	94.465	94.597	94.193	94.345	5
2026-04-08 09:55	94.340	94.535	94.235	94.275	5
2026-04-08 10:00	94.300	94.400	93.968	94.035	5
2026-04-08 10:05	94.030	94.180	93.963	93.985	5
2026-04-08 10:10	94.000	94.475	93.985	94.430	5
2026-04-08 10:15	94.425	95.065	94.383	94.950	5
2026-04-08 10:20	94.965	94.975	94.380	94.590	5
2026-04-08 10:25	94.620	94.640	94.065	94.095	5
2026-04-08 10:30	94.105	94.105	93.890	93.945	5
2026-04-08 10:35	93.950	93.975	93.595	93.735	5
2026-04-08 10:40	93.740	93.780	93.640	93.685	5
2026-04-08 10:45	93.670	93.765	93.590	93.750	5
2026-04-08 10:50	93.760	93.765	93.610	93.750	5
2026-04-08 10:55	93.745	94.095	93.698	94.095	5
2026-04-08 11:00	94.090	94.215	93.900	93.965	5
2026-04-08 11:05	93.970	94.175	93.970	94.080	5
2026-04-08 11:10	94.090	94.115	93.771	93.910	5
2026-04-08 11:15	93.915	94.080	93.795	93.960	5
2026-04-08 11:20	93.950	93.965	93.185	93.200	5
2026-04-08 11:25	93.210	93.330	92.620	92.835	5
2026-04-08 11:30	92.830	93.150	92.355	92.485	5
2026-04-08 11:35	92.490	93.060	92.490	92.890	5
2026-04-08 11:40	92.875	92.905	92.500	92.530	5
2026-04-08 11:45	92.515	92.605	92.330	92.395	5
2026-04-08 11:50	92.405	92.605	92.335	92.555	5
2026-04-08 11:55	92.510	92.745	92.340	92.370	5
2026-04-08 12:00	92.318	92.385	91.750	91.805	5
2026-04-08 12:05	91.790	91.865	91.525	91.710	5
2026-04-08 12:10	91.720	91.970	91.190	91.205	5
2026-04-08 12:15	91.225	92.053	91.135	92.028	5
2026-04-08 12:20	92.013	93.687	91.838	93.650	9
2026-04-08 12:25	93.568	93.775	92.690	92.920	5
2026-04-08 12:30	92.915	92.920	91.885	91.940	5
2026-04-08 12:35	91.920	92.220	91.430	91.530	5
2026-04-08 12:40	91.560	91.825	91.455	91.525	5
2026-04-08 12:45	91.515	91.565	91.180	91.305	5
2026-04-08 12:50	91.315	91.490	91.095	91.150	5
2026-04-08 12:55	91.145	91.387	91.110	91.210	5
2026-04-08 13:00	91.133	91.390	90.690	90.735	5
2026-04-08 13:05	90.740	91.315	90.695	90.910	5
2026-04-08 13:10	90.905	91.070	90.635	90.645	5
2026-04-08 13:15	90.665	90.935	90.385	90.925	5
2026-04-08 13:20	90.935	91.422	90.910	91.135	5
2026-04-08 13:25	91.130	91.540	90.945	91.530	5
2026-04-08 13:30	91.488	91.885	91.328	91.490	5
2026-04-08 13:35	91.495	92.850	91.465	92.695	5
2026-04-08 13:40	92.690	92.865	92.117	92.465	5
2026-04-08 13:45	92.460	92.505	91.485	91.490	5
2026-04-08 13:50	91.495	92.127	91.490	92.010	5
2026-04-08 13:55	92.015	92.180	91.760	92.145	5
2026-04-08 14:00	92.103	92.280	91.985	92.115	5
2026-04-08 14:05	92.110	92.743	92.090	92.495	5
2026-04-08 14:10	92.480	92.500	92.117	92.260	5
2026-04-08 14:15	92.245	93.130	92.148	93.025	5
2026-04-08 14:20	93.060	93.330	92.767	93.290	5
2026-04-08 14:25	93.295	93.675	93.285	93.545	5
2026-04-08 14:30	93.547	94.555	93.487	94.365	5
2026-04-08 14:35	94.360	94.875	94.250	94.645	5
2026-04-08 14:40	94.640	94.775	94.318	94.695	5
2026-04-08 14:45	94.700	94.777	94.260	94.430	5
2026-04-08 14:50	94.415	94.960	94.275	94.460	5
2026-04-08 14:55	94.495	95.147	94.403	94.550	5
2026-04-08 15:00	94.508	94.760	94.368	94.635	5
2026-04-08 15:05	94.625	95.350	94.550	95.275	5
2026-04-08 15:10	95.270	95.335	94.815	94.925	5
2026-04-08 15:15	94.920	95.175	94.740	94.895	5
2026-04-08 15:20	94.880	95.150	94.745	95.030	5
2026-04-08 15:25	95.020	95.785	94.975	95.750	5
2026-04-08 15:30	95.770	95.775	95.100	95.145	5
2026-04-08 15:35	95.160	95.202	94.805	94.820	5
2026-04-08 15:40	94.815	95.110	94.720	95.040	5
2026-04-08 15:45	95.025	95.100	94.720	94.775	5
2026-04-08 15:50	94.765	94.765	94.445	94.560	5
2026-04-08 15:55	94.555	94.735	94.485	94.680	5
2026-04-08 16:00	94.715	94.720	94.265	94.515	5
2026-04-08 16:05	94.545	94.715	94.105	94.275	5
2026-04-08 16:10	94.270	94.865	94.063	94.845	5
2026-04-08 16:15	94.840	95.005	94.605	94.635	5
2026-04-08 16:20	94.640	94.755	94.385	94.740	5
2026-04-08 16:25	94.745	95.015	94.685	94.945	5
2026-04-08 16:30	94.940	95.095	94.765	94.955	5
2026-04-08 16:35	94.965	95.335	94.945	95.115	5
2026-04-08 16:40	95.130	95.270	94.875	95.270	5
2026-04-08 16:45	95.290	95.310	94.476	94.545	5
2026-04-08 16:50	94.540	94.665	94.435	94.455	5
2026-04-08 16:55	94.450	94.500	94.295	94.490	5
2026-04-08 17:00	94.485	94.595	94.290	94.540	5
2026-04-08 17:05	94.545	94.730	94.485	94.555	5
2026-04-08 17:10	94.545	94.550	94.075	94.365	5
2026-04-08 17:15	94.318	94.852	94.318	94.755	5
2026-04-08 17:20	94.770	95.360	94.665	95.340	5
2026-04-08 17:25	95.320	95.710	95.300	95.655	5
2026-04-08 17:30	95.660	95.775	95.350	95.425	5
2026-04-08 17:35	95.455	95.530	95.080	95.280	5
2026-04-08 17:40	95.265	95.350	94.775	94.825	5
2026-04-08 17:45	94.830	95.030	94.710	95.005	5
2026-04-08 17:50	94.985	95.100	94.818	95.085	5
2026-04-08 17:55	95.095	95.225	94.960	95.050	5
2026-04-08 18:00	95.013	95.090	94.500	94.510	5
2026-04-08 18:05	94.515	94.545	94.140	94.175	5
2026-04-08 18:10	94.180	94.275	94.085	94.155	5
2026-04-08 18:15	94.190	95.280	94.120	95.045	5
2026-04-08 18:20	95.003	95.760	95.003	95.650	5
2026-04-08 18:25	95.655	95.905	94.395	94.680	5
2026-04-08 18:30	94.690	94.805	94.475	94.645	5
2026-04-08 18:35	94.615	95.020	94.595	95.015	5
2026-04-08 18:40	95.020	95.370	94.995	95.245	5
2026-04-08 18:45	95.250	95.545	95.185	95.540	5
2026-04-08 18:50	95.535	95.565	95.365	95.460	5
2026-04-08 18:55	95.475	95.660	95.407	95.625	5
2026-04-08 19:00	95.620	95.920	95.578	95.860	5
2026-04-08 19:05	95.865	96.225	95.855	96.220	5
2026-04-08 19:10	96.215	96.260	95.840	96.080	5
2026-04-08 19:15	96.090	96.640	96.015	96.610	5
2026-04-08 19:20	96.615	96.915	96.600	96.870	5
2026-04-08 19:25	96.875	97.180	96.628	97.025	5
2026-04-08 19:30	97.045	97.050	96.390	96.420	5
2026-04-08 19:35	96.425	96.650	95.985	96.517	5
2026-04-08 19:40	96.527	96.755	96.437	96.585	5
2026-04-08 19:45	96.570	96.570	96.295	96.475	5
2026-04-08 19:50	96.485	96.500	96.357	96.455	5
2026-04-08 19:55	96.425	96.550	96.075	96.195	5
2026-04-08 20:00	96.205	96.215	95.737	96.182	5
2026-04-08 20:05	96.192	96.462	95.973	96.107	5
2026-04-08 20:10	96.112	96.317	96.087	96.262	5
2026-04-08 20:15	96.272	96.447	96.247	96.427	5
2026-04-08 20:20	96.422	96.427	96.257	96.277	5
2026-04-08 20:25	96.287	96.297	96.162	96.197	5
2026-04-08 20:30	96.192	96.392	96.187	96.212	5
2026-04-08 20:35	96.207	96.252	96.117	96.142	5
2026-04-08 20:40	96.147	96.392	96.128	96.302	5
2026-04-08 20:45	96.317	96.387	96.197	96.217	5
2026-04-08 20:50	96.227	96.392	95.947	96.357	5
2026-04-08 20:55	96.347	96.392	96.112	96.167	5
2026-04-09 00:00	97.007	97.225	96.887	97.165	5
2026-04-09 00:05	97.170	97.315	97.010	97.270	5
2026-04-09 00:10	97.267	97.465	96.870	96.890	5
2026-04-09 00:15	96.895	97.010	96.557	96.570	5
2026-04-09 00:20	96.565	96.765	96.285	96.617	5
2026-04-09 00:25	96.627	97.180	96.627	97.175	5
2026-04-09 00:30	97.180	97.200	96.977	97.170	5
2026-04-09 00:35	97.160	97.190	97.087	97.090	5
2026-04-09 00:40	97.087	97.220	97.055	97.200	5
2026-04-09 00:45	97.185	97.395	97.160	97.345	5
2026-04-09 00:50	97.340	97.660	97.275	97.660	5
2026-04-09 00:55	97.648	97.935	97.648	97.835	5
2026-04-09 01:00	97.840	97.840	97.380	97.625	5
2026-04-09 01:05	97.620	97.645	97.360	97.420	5
2026-04-09 01:10	97.450	97.670	97.450	97.580	5
2026-04-09 01:15	97.575	97.745	97.527	97.607	5
2026-04-09 01:20	97.615	97.765	97.477	97.560	5
2026-04-09 01:25	97.580	97.660	97.530	97.635	5
2026-04-09 01:30	97.615	97.635	97.327	97.365	5
2026-04-09 01:35	97.360	97.505	97.318	97.395	5
2026-04-09 01:40	97.390	97.487	97.295	97.395	5
2026-04-09 01:45	97.390	97.485	97.247	97.300	5
2026-04-09 01:50	97.295	97.295	96.997	97.050	5
2026-04-09 01:55	97.037	97.077	96.890	96.927	5
2026-04-09 02:00	96.897	96.985	96.760	96.845	5
2026-04-09 02:05	96.830	96.880	96.685	96.817	5
2026-04-09 02:10	96.855	96.985	96.795	96.835	5
2026-04-09 02:15	96.830	96.840	96.613	96.705	5
2026-04-09 02:20	96.720	96.800	96.657	96.750	5
2026-04-09 02:25	96.737	96.855	96.735	96.810	5
2026-04-09 02:30	96.820	96.845	96.575	96.760	5
2026-04-09 02:35	96.757	96.775	96.565	96.620	5
2026-04-09 02:40	96.607	96.710	96.607	96.625	5
2026-04-09 02:45	96.615	96.800	96.600	96.765	5
2026-04-09 02:50	96.780	96.805	96.700	96.730	5
2026-04-09 02:55	96.740	96.880	96.657	96.875	5
2026-04-09 03:00	96.880	96.905	96.765	96.780	5
2026-04-09 03:05	96.770	96.815	96.485	96.535	5
2026-04-09 03:10	96.540	96.755	96.520	96.667	5
2026-04-09 03:15	96.657	96.750	96.607	96.705	5
2026-04-09 03:20	96.697	96.745	96.607	96.665	5
2026-04-09 03:25	96.637	96.730	96.625	96.680	5
2026-04-09 03:30	96.675	96.735	96.580	96.640	5
2026-04-09 03:35	96.635	96.670	96.590	96.630	5
2026-04-09 03:40	96.640	96.765	96.625	96.720	5
2026-04-09 03:45	96.715	96.900	96.685	96.727	5
2026-04-09 03:50	96.717	96.777	96.547	96.600	5
2026-04-09 03:55	96.585	96.650	96.527	96.645	5
2026-04-09 04:00	96.605	96.880	96.580	96.870	5
2026-04-09 04:05	96.850	96.860	96.727	96.740	5
2026-04-09 04:10	96.730	96.960	96.697	96.925	5
2026-04-09 04:15	96.935	96.955	96.900	96.955	5
2026-04-09 04:20	96.950	97.070	96.917	96.997	5
2026-04-09 04:25	97.000	97.055	96.985	97.010	5
2026-04-09 04:30	97.005	97.110	97.005	97.095	5
2026-04-09 04:35	97.085	97.105	97.000	97.060	5
2026-04-09 04:40	97.065	97.150	97.035	97.120	5
2026-04-09 04:45	97.125	97.150	97.065	97.125	5
2026-04-09 04:50	97.120	97.220	97.115	97.200	5
2026-04-09 04:55	97.195	97.335	97.185	97.330	5
2026-04-09 05:00	97.310	97.465	97.260	97.440	5
2026-04-09 05:05	97.445	97.505	97.377	97.410	5
2026-04-09 05:10	97.425	97.440	97.258	97.350	5
2026-04-09 05:15	97.355	97.375	97.027	97.050	5
2026-04-09 05:20	97.027	97.060	96.845	97.005	5
2026-04-09 05:25	96.987	97.170	96.987	97.095	5
2026-04-09 05:30	97.125	97.125	96.875	96.967	5
2026-04-09 05:35	96.970	97.085	96.867	96.897	5
2026-04-09 05:40	96.907	97.165	96.907	96.937	5
2026-04-09 05:45	96.940	97.130	96.855	97.010	5
2026-04-09 05:50	97.025	97.095	96.907	96.940	5
2026-04-09 05:55	96.927	96.937	96.690	96.807	5
2026-04-09 06:00	96.777	96.857	96.445	96.540	5
2026-04-09 06:05	96.550	96.860	96.540	96.810	5
2026-04-09 06:10	96.807	96.910	96.707	96.885	5
2026-04-09 06:15	96.880	96.885	96.775	96.885	5
2026-04-09 06:20	96.895	97.045	96.755	96.960	5
2026-04-09 06:25	96.955	97.160	96.900	96.910	5
2026-04-09 06:30	96.905	96.955	96.795	96.955	5
2026-04-09 06:35	96.960	97.070	96.898	96.910	5
2026-04-09 06:40	96.915	97.030	96.875	96.885	5
2026-04-09 06:45	96.880	97.075	96.875	97.060	5
2026-04-09 06:50	97.065	97.270	96.998	97.185	5
2026-04-09 06:55	97.180	97.185	96.860	96.885	5
2026-04-09 07:00	96.865	97.060	96.760	97.020	5
2026-04-09 07:05	97.035	97.350	97.020	97.295	5
2026-04-09 07:10	97.290	97.305	97.078	97.170	5
2026-04-09 07:15	97.175	97.510	97.125	97.460	5
2026-04-09 07:20	97.480	97.775	97.440	97.735	5
2026-04-09 07:25	97.725	97.900	97.710	97.755	5
2026-04-09 07:30	97.745	97.855	97.580	97.740	5
2026-04-09 07:35	97.735	97.735	97.455	97.650	5
2026-04-09 07:40	97.640	98.135	97.640	98.080	5
2026-04-09 07:45	98.090	98.330	98.075	98.330	5
2026-04-09 07:50	98.332	98.505	98.332	98.420	5
2026-04-09 07:55	98.415	98.450	98.360	98.385	5
2026-04-09 08:00	98.390	98.395	98.055	98.090	5
2026-04-09 08:05	98.085	98.195	97.870	98.090	5
2026-04-09 08:10	98.085	98.090	97.950	98.055	5
2026-04-09 08:15	98.065	98.255	98.065	98.150	5
2026-04-09 08:20	98.145	98.145	97.645	97.930	5
2026-04-09 08:25	97.925	98.280	97.770	98.280	5
2026-04-09 08:30	98.275	98.325	97.990	98.110	5
2026-04-09 08:35	98.105	98.190	98.010	98.095	5
2026-04-09 08:40	98.125	98.150	97.815	97.820	5
2026-04-09 08:45	97.815	98.070	97.785	98.070	5
2026-04-09 08:50	98.085	98.220	98.065	98.135	5
2026-04-09 08:55	98.145	98.375	98.080	98.140	5
2026-04-09 09:00	98.130	98.185	97.775	97.785	5
2026-04-09 09:05	97.790	97.790	97.410	97.425	5
2026-04-09 09:10	97.430	97.570	97.330	97.515	5
2026-04-09 09:15	97.505	97.635	97.380	97.465	5
2026-04-09 09:20	97.455	97.750	97.455	97.745	5
2026-04-09 09:25	97.755	97.890	97.540	97.575	5
2026-04-09 09:30	97.565	97.660	97.420	97.605	5
2026-04-09 09:35	97.610	97.690	97.575	97.610	5
2026-04-09 09:40	97.605	97.755	97.590	97.725	5
2026-04-09 09:45	97.720	97.840	97.640	97.730	5
2026-04-09 09:50	97.740	97.975	97.695	97.725	5
2026-04-09 09:55	97.720	97.890	97.645	97.855	5
2026-04-09 10:00	97.835	98.070	97.690	98.040	5
2026-04-09 10:05	98.035	98.195	97.945	98.030	5
2026-04-09 10:10	98.045	98.260	97.970	98.230	5
2026-04-09 10:15	98.235	98.445	98.205	98.325	5
2026-04-09 10:20	98.335	98.355	98.005	98.140	5
2026-04-09 10:25	98.145	98.230	98.065	98.200	5
2026-04-09 10:30	98.210	98.270	98.000	98.270	5
2026-04-09 10:35	98.285	98.465	98.250	98.405	5
2026-04-09 10:40	98.410	98.475	98.380	98.445	5
2026-04-09 10:45	98.450	98.575	98.370	98.455	5
2026-04-09 10:50	98.450	98.545	98.333	98.420	5
2026-04-09 10:55	98.415	98.710	98.330	98.670	5
2026-04-09 11:00	98.675	98.675	98.380	98.535	5
2026-04-09 11:05	98.545	98.715	98.345	98.355	5
2026-04-09 11:10	98.350	98.590	98.350	98.565	5
2026-04-09 11:15	98.550	98.690	98.520	98.610	5
2026-04-09 11:20	98.615	98.905	98.555	98.785	5
2026-04-09 11:25	98.780	98.860	98.510	98.605	5
2026-04-09 11:30	98.610	98.655	98.453	98.595	5
2026-04-09 11:35	98.600	98.640	98.225	98.265	5
2026-04-09 11:40	98.255	98.382	98.060	98.060	5
2026-04-09 11:45	98.055	98.165	97.555	97.590	5
2026-04-09 11:50	97.595	97.735	97.510	97.650	5
2026-04-09 11:55	97.655	97.860	97.565	97.825	5
2026-04-09 12:00	97.810	97.935	97.650	97.925	5
2026-04-09 12:05	97.930	97.930	97.805	97.865	5
2026-04-09 12:10	97.870	97.965	97.820	97.930	5
2026-04-09 12:15	97.935	98.120	97.855	97.960	5
2026-04-09 12:20	97.955	98.075	97.868	97.940	5
2026-04-09 12:25	97.935	98.005	97.735	97.770	5
2026-04-09 12:30	97.775	98.352	97.635	98.190	5
2026-04-09 12:35	98.185	98.345	98.137	98.320	5
2026-04-09 12:40	98.340	98.600	98.053	98.465	5
2026-04-09 12:45	98.455	98.785	98.340	98.440	5
2026-04-09 12:50	98.435	98.615	98.295	98.370	5
2026-04-09 12:55	98.380	98.445	98.285	98.335	5
2026-04-09 13:00	98.288	98.640	98.195	98.200	5
2026-04-09 13:05	98.205	98.245	97.970	98.075	5
2026-04-09 13:10	98.070	98.145	97.890	98.090	5
2026-04-09 13:15	98.095	98.185	97.910	98.165	5
2026-04-09 13:20	98.155	98.195	97.875	98.060	5
2026-04-09 13:25	98.050	98.130	97.820	97.880	5
2026-04-09 13:30	97.870	98.260	97.798	98.220	5
2026-04-09 13:35	98.225	98.245	97.940	97.980	5
2026-04-09 13:40	97.985	98.095	97.890	98.005	5
2026-04-09 13:45	98.000	98.315	97.960	98.200	5
2026-04-09 13:50	98.205	98.445	98.205	98.445	5
2026-04-09 13:55	98.450	98.645	98.335	98.565	5
2026-04-09 14:00	98.570	98.665	98.410	98.510	5
2026-04-09 14:05	98.515	98.625	98.418	98.550	5
2026-04-09 14:10	98.545	98.575	98.215	98.305	5
2026-04-09 14:15	98.315	98.970	98.285	98.870	5
2026-04-09 14:20	98.885	98.925	98.758	98.890	5
2026-04-09 14:25	98.895	99.330	98.850	99.200	5
2026-04-09 14:30	99.205	99.260	99.050	99.230	5
2026-04-09 14:35	99.235	99.315	98.985	99.055	5
2026-04-09 14:40	99.060	99.115	98.895	99.010	5
2026-04-09 14:45	99.015	99.175	98.898	99.100	5
2026-04-09 14:50	99.105	99.230	98.935	99.210	5
2026-04-09 14:55	99.200	99.255	98.798	99.140	5
2026-04-09 15:00	99.145	99.475	99.130	99.410	5
2026-04-09 15:05	99.405	99.455	99.260	99.450	5
2026-04-09 15:10	99.455	99.455	98.925	98.990	5
2026-04-09 15:15	99.000	99.025	98.040	98.200	5
2026-04-09 15:20	98.205	98.490	98.038	98.295	5
2026-04-09 15:25	98.290	99.090	98.290	99.065	5
2026-04-09 15:30	99.075	99.075	97.208	97.485	6
2026-04-09 15:35	97.465	97.665	96.650	97.180	5
2026-04-09 15:40	97.170	97.245	96.775	97.180	5
2026-04-09 15:45	97.185	97.440	96.457	96.860	5
2026-04-09 15:50	96.855	96.950	96.290	96.505	5
2026-04-09 15:55	96.520	96.805	96.223	96.630	5
2026-04-09 16:00	96.635	96.685	95.315	95.770	5
2026-04-09 16:05	95.765	95.920	95.285	95.780	5
2026-04-09 16:10	95.760	95.932	95.255	95.917	5
2026-04-09 16:15	95.925	96.135	95.186	95.400	5
2026-04-09 16:20	95.405	95.470	95.195	95.405	5
2026-04-09 16:25	95.380	95.610	95.035	95.170	5
2026-04-09 16:30	95.165	95.645	95.115	95.330	5
2026-04-09 16:35	95.340	95.605	95.285	95.435	5
2026-04-09 16:40	95.410	95.865	95.385	95.805	5
2026-04-09 16:45	95.800	96.265	95.800	96.115	5
2026-04-09 16:50	96.060	96.120	95.475	95.630	5
2026-04-09 16:55	95.620	95.810	95.490	95.710	5
2026-04-09 17:00	95.705	95.820	95.427	95.530	5
2026-04-09 17:05	95.510	95.725	95.095	95.135	5
2026-04-09 17:10	95.125	95.715	95.060	95.455	5
2026-04-09 17:15	95.450	95.485	94.545	94.730	5
2026-04-09 17:20	94.725	95.170	94.585	94.915	5
2026-04-09 17:25	94.930	95.090	94.780	95.065	5
2026-04-09 17:30	95.075	95.450	94.855	94.875	5
2026-04-09 17:35	94.880	94.895	94.340	94.710	5
2026-04-09 17:40	94.715	94.792	94.465	94.715	5
2026-04-09 17:45	94.695	94.905	94.515	94.685	5
2026-04-09 17:50	94.680	95.145	94.665	94.905	5
2026-04-09 17:55	94.900	95.030	94.865	94.925	5
2026-04-09 18:00	94.915	95.720	94.843	95.675	5
2026-04-09 18:05	95.665	95.760	95.325	95.575	5
2026-04-09 18:10	95.570	95.855	95.530	95.690	5
2026-04-09 18:15	95.685	95.765	95.340	95.505	5
2026-04-09 18:20	95.490	96.345	95.335	95.995	5
2026-04-09 18:25	95.990	96.295	95.793	95.885	5
2026-04-09 18:30	95.900	97.070	95.840	96.625	5
2026-04-09 18:35	96.620	96.825	96.445	96.560	5
2026-04-09 18:40	96.570	96.645	96.375	96.525	5
2026-04-09 18:45	96.520	96.565	96.245	96.310	5
2026-04-09 18:50	96.300	96.600	96.248	96.595	5
2026-04-09 18:55	96.585	96.655	96.233	96.500	5
2026-04-09 19:00	96.483	96.625	96.185	96.260	5
2026-04-09 19:05	96.270	96.375	96.205	96.355	5
2026-04-09 19:10	96.350	96.595	96.275	96.510	5
2026-04-09 19:15	96.505	96.935	96.447	96.935	5
2026-04-09 19:20	96.930	97.130	96.818	96.970	5
2026-04-09 19:25	96.975	97.085	96.975	97.025	5
2026-04-09 19:30	97.035	97.065	96.940	97.010	5
2026-04-09 19:35	97.000	97.065	96.910	96.970	5
2026-04-09 19:40	96.965	97.235	96.955	97.055	5
2026-04-09 19:45	97.070	97.250	96.980	97.235	5
2026-04-09 19:50	97.225	97.280	97.160	97.170	5
2026-04-09 19:55	97.175	97.345	97.158	97.255	5
2026-04-09 20:00	97.245	97.252	97.112	97.237	5
2026-04-09 20:05	97.218	97.227	96.967	96.997	5
2026-04-09 20:10	96.987	96.987	96.787	96.897	5
2026-04-09 20:15	96.872	96.927	96.637	96.727	5
2026-04-09 20:20	96.717	96.847	96.517	96.547	5
2026-04-09 20:25	96.528	96.647	96.397	96.502	5
2026-04-09 20:30	96.507	96.572	96.332	96.572	5
2026-04-09 20:35	96.577	96.762	96.567	96.617	5
2026-04-09 20:40	96.622	96.657	96.462	96.547	5
2026-04-09 20:45	96.552	96.597	96.422	96.487	5
2026-04-09 20:50	96.482	96.542	96.262	96.327	5
2026-04-09 20:55	96.322	96.447	96.312	96.417	5
2026-04-10 00:00	96.603	97.040	96.603	96.685	5
2026-04-10 00:05	96.680	97.020	96.647	96.980	5
2026-04-10 00:10	96.970	96.970	96.653	96.790	5
2026-04-10 00:15	96.807	96.810	96.610	96.667	5
2026-04-10 00:20	96.670	96.750	96.557	96.660	5
2026-04-10 00:25	96.647	96.670	96.520	96.600	5
2026-04-10 00:30	96.610	96.830	96.567	96.755	5
2026-04-10 00:35	96.750	96.760	96.635	96.685	5
2026-04-10 00:40	96.667	96.782	96.640	96.740	5
2026-04-10 00:45	96.730	96.860	96.717	96.820	5
2026-04-10 00:50	96.825	97.005	96.807	96.977	5
2026-04-10 00:55	96.980	97.055	96.857	96.867	5
2026-04-10 01:00	96.880	97.020	96.657	96.695	5
2026-04-10 01:05	96.690	96.910	96.667	96.707	5
2026-04-10 01:10	96.697	96.760	96.487	96.497	5
2026-04-10 01:15	96.497	96.570	96.347	96.565	5
2026-04-10 01:20	96.570	96.755	96.487	96.520	5
2026-04-10 01:25	96.515	96.515	96.377	96.450	5
2026-04-10 01:30	96.437	96.475	96.217	96.260	5
2026-04-10 01:35	96.267	96.270	96.065	96.120	5
2026-04-10 01:40	96.130	96.465	96.025	96.430	5
2026-04-10 01:45	96.435	96.525	96.258	96.315	5
2026-04-10 01:50	96.357	96.410	96.315	96.340	5
2026-04-10 01:55	96.330	96.480	96.270	96.420	5
2026-04-10 02:00	96.377	96.587	96.337	96.587	5
2026-04-10 02:05	96.597	96.620	96.457	96.500	5
2026-04-10 02:10	96.497	96.560	96.457	96.470	5
2026-04-10 02:15	96.475	96.565	96.475	96.530	5
2026-04-10 02:20	96.545	96.715	96.517	96.675	5
2026-04-10 02:25	96.685	96.690	96.547	96.600	5
2026-04-10 02:30	96.595	96.655	96.420	96.507	5
2026-04-10 02:35	96.510	96.665	96.458	96.605	5
2026-04-10 02:40	96.615	96.665	96.487	96.500	5
2026-04-10 02:45	96.510	96.575	96.385	96.385	5
2026-04-10 02:50	96.397	96.420	96.227	96.315	5
2026-04-10 02:55	96.330	96.460	96.287	96.460	5
2026-04-10 03:00	96.487	96.507	96.247	96.260	5
2026-04-10 03:05	96.257	96.350	96.195	96.310	5
2026-04-10 03:10	96.320	96.455	96.307	96.425	5
2026-04-10 03:15	96.420	96.550	96.405	96.470	5
2026-04-10 03:20	96.480	96.685	96.480	96.655	5
2026-04-10 03:25	96.660	96.700	96.615	96.655	5
2026-04-10 03:30	96.645	96.655	96.465	96.520	5
2026-04-10 03:35	96.495	96.625	96.390	96.487	5
2026-04-10 03:40	96.505	96.505	96.217	96.227	5
2026-04-10 03:45	96.217	96.280	96.077	96.210	5
2026-04-10 03:50	96.205	96.250	96.067	96.100	5
2026-04-10 03:55	96.105	96.200	96.047	96.130	5
2026-04-10 04:00	96.135	96.200	96.095	96.150	5
2026-04-10 04:05	96.147	96.350	96.137	96.250	5
2026-04-10 04:10	96.247	96.295	96.148	96.270	5
2026-04-10 04:15	96.260	96.310	96.207	96.285	5
2026-04-10 04:20	96.290	96.300	96.237	96.255	5
2026-04-10 04:25	96.260	96.300	96.207	96.260	5
2026-04-10 04:30	96.265	96.380	96.227	96.380	5
2026-04-10 04:35	96.385	96.505	96.315	96.435	5
2026-04-10 04:40	96.420	96.460	96.347	96.405	5
2026-04-10 04:45	96.420	96.540	96.385	96.460	5
2026-04-10 04:50	96.457	96.530	96.447	96.505	5
2026-04-10 04:55	96.510	96.695	96.465	96.650	5
2026-04-10 05:00	96.637	96.655	96.535	96.577	5
2026-04-10 05:05	96.580	96.645	96.550	96.617	5
2026-04-10 05:10	96.620	96.770	96.598	96.755	5
2026-04-10 05:15	96.750	96.770	96.677	96.727	5
2026-04-10 05:20	96.717	96.805	96.710	96.770	5
2026-04-10 05:25	96.755	96.845	96.707	96.780	5
2026-04-10 05:30	96.800	96.800	96.530	96.675	5
2026-04-10 05:35	96.665	96.795	96.635	96.730	5
2026-04-10 05:40	96.717	96.970	96.647	96.815	5
2026-04-10 05:45	96.820	96.845	96.707	96.845	5
2026-04-10 05:50	96.850	96.865	96.650	96.800	5
2026-04-10 05:55	96.815	96.905	96.775	96.850	5
2026-04-10 06:00	96.832	96.905	96.753	96.760	5
2026-04-10 06:05	96.765	96.770	96.645	96.645	5
2026-04-10 06:10	96.650	96.805	96.640	96.780	5
2026-04-10 06:15	96.770	96.825	96.707	96.750	5
2026-04-10 06:20	96.745	96.765	96.635	96.675	5
2026-04-10 06:25	96.670	96.765	96.500	96.585	5
2026-04-10 06:30	96.590	96.715	96.305	96.345	5
2026-04-10 06:35	96.340	96.640	96.335	96.615	5
2026-04-10 06:40	96.627	96.670	96.515	96.535	5
2026-04-10 06:45	96.520	96.730	96.385	96.645	5
2026-04-10 06:50	96.665	96.905	96.575	96.900	5
2026-04-10 06:55	96.905	97.030	96.805	96.870	5
2026-04-10 07:00	96.885	97.545	96.793	97.345	5
2026-04-10 07:05	97.340	97.405	97.207	97.300	5
2026-04-10 07:10	97.305	97.630	97.270	97.580	5
2026-04-10 07:15	97.585	97.770	97.520	97.600	5
2026-04-10 07:20	97.580	97.890	97.530	97.560	5
2026-04-10 07:25	97.565	97.645	97.470	97.615	5
2026-04-10 07:30	97.625	97.745	97.488	97.645	5
2026-04-10 07:35	97.630	97.830	97.570	97.800	5
2026-04-10 07:40	97.795	97.905	97.755	97.820	5
2026-04-10 07:45	97.825	97.885	97.735	97.740	5
2026-04-10 07:50	97.745	97.835	97.645	97.720	5
2026-04-10 07:55	97.725	97.725	97.590	97.605	5
2026-04-10 08:00	97.610	97.725	97.518	97.705	5
2026-04-10 08:05	97.710	97.725	97.470	97.525	5
2026-04-10 08:10	97.535	97.725	97.450	97.670	5
2026-04-10 08:15	97.675	97.700	97.575	97.695	5
2026-04-10 08:20	97.700	97.720	97.460	97.475	5
2026-04-10 08:25	97.470	97.565	97.250	97.555	5
2026-04-10 08:30	97.560	97.585	97.225	97.295	5
2026-04-10 08:35	97.290	97.510	97.260	97.405	5
2026-04-10 08:40	97.395	97.640	97.365	97.555	5
2026-04-10 08:45	97.560	97.835	97.560	97.805	5
2026-04-10 08:50	97.785	98.225	97.765	98.050	5
2026-04-10 08:55	98.045	98.150	97.975	98.005	5
2026-04-10 09:00	97.995	97.995	97.540	97.590	5
2026-04-10 09:05	97.600	97.720	97.525	97.650	5
2026-04-10 09:10	97.655	97.725	97.540	97.670	5
2026-04-10 09:15	97.680	97.750	96.403	96.503	6
2026-04-10 09:20	96.518	96.980	96.170	96.900	5
2026-04-10 09:25	96.905	96.945	96.558	96.740	5
2026-04-10 09:30	96.735	97.080	96.623	96.925	5
2026-04-10 09:35	96.930	97.015	96.618	97.010	5
2026-04-10 09:40	96.995	97.035	96.575	96.630	5
2026-04-10 09:45	96.655	96.850	96.580	96.780	5
2026-04-10 09:50	96.785	96.785	96.255	96.375	5
2026-04-10 09:55	96.370	96.520	96.155	96.520	5
2026-04-10 10:00	96.478	96.670	96.425	96.665	5
2026-04-10 10:05	96.660	96.880	96.620	96.850	5
2026-04-10 10:10	96.845	96.950	96.750	96.835	5
2026-04-10 10:15	96.845	96.925	96.715	96.715	5
2026-04-10 10:20	96.725	96.740	96.405	96.420	5
2026-04-10 10:25	96.425	96.430	96.090	96.385	5
2026-04-10 10:30	96.380	96.465	96.045	96.100	5
2026-04-10 10:35	96.105	96.245	96.040	96.045	5
2026-04-10 10:40	96.050	96.050	95.593	95.895	5
2026-04-10 10:45	95.890	95.970	95.750	95.750	5
2026-04-10 10:50	95.717	95.805	95.463	95.785	5
2026-04-10 10:55	95.780	95.960	95.765	95.875	5
2026-04-10 11:00	95.803	96.090	95.803	95.890	5
2026-04-10 11:05	95.940	96.315	95.848	96.305	5
2026-04-10 11:10	96.295	96.415	96.155	96.165	5
2026-04-10 11:15	96.170	96.235	96.010	96.020	5
2026-04-10 11:20	96.045	96.045	95.670	95.805	5
2026-04-10 11:25	95.810	96.005	95.805	95.990	5
2026-04-10 11:30	95.985	96.045	95.775	96.000	5
2026-04-10 11:35	95.990	96.010	95.875	95.935	5
2026-04-10 11:40	95.925	95.980	95.830	95.885	5
2026-04-10 11:45	95.875	96.055	95.840	96.045	5
2026-04-10 11:50	96.035	96.095	95.805	95.870	5
2026-04-10 11:55	95.855	95.940	95.790	95.930	5
2026-04-10 12:00	95.935	96.105	95.815	95.960	5
2026-04-10 12:05	95.940	96.025	95.740	95.805	5
2026-04-10 12:10	95.800	95.947	95.555	95.595	5
2026-04-10 12:15	95.590	95.755	94.918	95.100	5
2026-04-10 12:20	95.095	95.535	95.043	95.485	5
2026-04-10 12:25	95.480	95.655	95.305	95.567	5
2026-04-10 12:30	95.570	95.717	95.435	95.630	5
2026-04-10 12:35	95.640	95.695	95.370	95.390	5
2026-04-10 12:40	95.395	95.565	95.270	95.445	5
2026-04-10 12:45	95.425	95.620	95.325	95.330	5
2026-04-10 12:50	95.295	95.765	95.285	95.690	5
2026-04-10 12:55	95.695	95.895	95.555	95.890	5
2026-04-10 13:00	95.870	96.075	95.645	95.680	5
2026-04-10 13:05	95.685	95.765	95.135	95.405	5
2026-04-10 13:10	95.430	95.610	95.345	95.505	5
2026-04-10 13:15	95.495	95.835	95.395	95.580	5
2026-04-10 13:20	95.575	95.745	95.535	95.720	5
2026-04-10 13:25	95.725	95.950	95.690	95.870	5
2026-04-10 13:30	95.830	96.015	95.720	95.860	5
2026-04-10 13:35	95.865	96.100	95.830	95.955	5
2026-04-10 13:40	95.950	96.280	95.810	96.160	5
2026-04-10 13:45	96.130	96.165	95.985	96.055	5
2026-04-10 13:50	96.045	96.065	95.720	95.855	5
2026-04-10 13:55	95.860	96.065	95.845	96.015	5
2026-04-10 14:00	95.998	96.140	95.915	95.990	5
2026-04-10 14:05	96.005	96.275	95.880	96.095	5
2026-04-10 14:10	96.115	96.250	95.648	95.775	5
2026-04-10 14:15	95.785	95.830	95.560	95.710	5
2026-04-10 14:20	95.705	95.710	95.410	95.410	5
2026-04-10 14:25	95.405	95.455	95.130	95.430	5
2026-04-10 14:30	95.435	95.475	95.225	95.470	5
2026-04-10 14:35	95.475	95.535	95.160	95.310	5
2026-04-10 14:40	95.315	95.900	95.161	95.775	5
2026-04-10 14:45	95.757	95.925	95.557	95.850	5
2026-04-10 14:50	95.855	96.055	95.670	96.025	5
2026-04-10 14:55	96.015	96.060	95.695	95.785	5
2026-04-10 15:00	95.743	96.005	95.690	95.870	5
2026-04-10 15:05	95.865	96.050	95.780	95.890	5
2026-04-10 15:10	95.895	96.005	95.715	96.005	5
2026-04-10 15:15	95.995	96.602	95.890	96.475	5
2026-04-10 15:20	96.490	96.515	96.005	96.040	5
2026-04-10 15:25	96.060	96.770	96.060	96.550	5
2026-04-10 15:30	96.540	96.950	96.380	96.915	5
2026-04-10 15:35	96.905	97.140	96.740	97.080	5
2026-04-10 15:40	97.065	97.195	96.885	96.890	5
2026-04-10 15:45	96.870	97.020	96.685	96.965	5
2026-04-10 15:50	96.960	96.975	96.765	96.780	5
2026-04-10 15:55	96.775	97.060	96.775	97.040	5
2026-04-10 16:00	97.045	97.205	97.003	97.155	5
2026-04-10 16:05	97.160	97.400	97.160	97.255	5
2026-04-10 16:10	97.260	97.260	96.828	96.970	5
2026-04-10 16:15	96.965	97.010	96.875	96.980	5
2026-04-10 16:20	96.970	97.190	96.960	96.970	5
2026-04-10 16:25	96.980	97.125	96.905	97.070	5
2026-04-10 16:30	97.065	97.150	96.890	96.985	5
2026-04-10 16:35	96.990	97.060	96.735	96.830	5
2026-04-10 16:40	96.845	97.065	96.825	96.970	5
2026-04-10 16:45	96.965	97.075	96.935	96.950	5
2026-04-10 16:50	96.940	96.970	96.635	96.710	5
2026-04-10 16:55	96.715	96.840	96.685	96.750	5
2026-04-10 17:00	96.745	97.065	96.725	97.030	5
2026-04-10 17:05	97.025	97.035	96.810	96.850	5
2026-04-10 17:10	96.855	96.935	96.748	96.840	5
2026-04-10 17:15	96.825	96.920	96.600	96.645	5
2026-04-10 17:20	96.650	96.925	96.640	96.685	5
2026-04-10 17:25	96.690	96.825	96.615	96.660	5
2026-04-10 17:30	96.665	96.760	96.510	96.570	5
2026-04-10 17:35	96.565	96.630	96.460	96.550	5
2026-04-10 17:40	96.570	96.710	96.475	96.600	5
2026-04-10 17:45	96.610	96.750	96.290	96.325	5
2026-04-10 17:50	96.320	96.550	96.240	96.525	5
2026-04-10 17:55	96.520	96.550	96.390	96.450	5
2026-04-10 18:00	96.440	96.667	96.350	96.610	5
2026-04-10 18:05	96.605	96.645	96.070	96.435	5
2026-04-10 18:10	96.430	96.505	96.070	96.125	5
2026-04-10 18:15	96.120	96.160	95.440	95.480	5
2026-04-10 18:20	95.460	95.500	95.210	95.230	5
2026-04-10 18:25	95.220	95.685	94.925	95.035	5
2026-04-10 18:30	95.030	95.120	94.500	94.610	5
2026-04-10 18:35	94.615	94.885	94.278	94.375	5
2026-04-10 18:40	94.370	94.615	94.217	94.570	5
2026-04-10 18:45	94.560	94.800	94.528	94.610	5
2026-04-10 18:50	94.620	94.685	94.315	94.450	5
2026-04-10 18:55	94.445	94.680	94.345	94.580	5
2026-04-10 19:00	94.570	94.740	94.510	94.510	5
2026-04-10 19:05	94.500	94.660	94.385	94.660	5
2026-04-10 19:10	94.645	94.675	94.285	94.415	5
2026-04-10 19:15	94.420	94.475	94.350	94.350	5
2026-04-10 19:20	94.305	94.485	94.260	94.345	5
2026-04-10 19:25	94.355	94.405	94.285	94.295	5
2026-04-10 19:30	94.300	94.380	94.235	94.300	5
2026-04-10 19:35	94.305	94.440	94.290	94.410	5
2026-04-10 19:40	94.405	94.500	94.390	94.405	5
2026-04-10 19:45	94.410	94.505	94.385	94.500	5
2026-04-10 19:50	94.490	94.625	94.485	94.565	5
2026-04-10 19:55	94.570	94.670	94.545	94.625	5
2026-04-10 20:00	94.630	94.637	94.442	94.502	5
2026-04-10 20:05	94.512	94.557	94.427	94.462	5
2026-04-10 20:10	94.438	94.562	94.402	94.442	5
2026-04-10 20:15	94.437	94.442	94.312	94.347	5
2026-04-10 20:20	94.362	94.457	94.362	94.412	5
2026-04-10 20:25	94.417	94.427	94.247	94.357	5
2026-04-10 20:30	94.352	94.462	94.327	94.452	5
2026-04-10 20:35	94.457	94.477	94.423	94.457	5
2026-04-10 20:40	94.432	94.432	94.267	94.282	5
2026-04-10 20:45	94.287	94.417	94.257	94.347	5
2026-04-10 20:50	94.352	94.352	94.227	94.227	5
2026-04-10 20:55	94.232	94.392	94.222	94.387	5
2026-04-13 00:00	103.023	103.470	102.968	103.455	5
2026-04-13 00:05	103.450	103.450	102.975	103.060	5
2026-04-13 00:10	103.040	103.145	103.017	103.030	5
2026-04-13 00:15	103.040	103.100	102.855	102.895	5
2026-04-13 00:20	102.880	103.025	102.645	102.700	5
2026-04-13 00:25	102.705	102.795	102.627	102.745	5
2026-04-13 00:30	102.750	102.830	102.685	102.785	5
2026-04-13 00:35	102.790	102.840	102.710	102.815	5
2026-04-13 00:40	102.800	102.835	102.720	102.750	5
2026-04-13 00:45	102.740	102.770	102.700	102.705	5
2026-04-13 00:50	102.710	102.740	102.475	102.510	5
2026-04-13 00:55	102.525	102.630	102.355	102.365	5
2026-04-13 01:00	102.355	102.355	101.815	101.890	5
2026-04-13 01:05	101.885	102.100	101.650	101.680	5
2026-04-13 01:10	101.670	101.855	101.568	101.845	5
2026-04-13 01:15	101.805	101.830	101.650	101.740	5
2026-04-13 01:20	101.730	101.735	101.400	101.525	5
2026-04-13 01:25	101.540	101.695	101.455	101.665	5
2026-04-13 01:30	101.670	101.780	101.610	101.730	5
2026-04-13 01:35	101.720	101.825	101.617	101.795	5
2026-04-13 01:40	101.785	101.915	101.760	101.855	5
2026-04-13 01:45	101.850	101.920	101.830	101.910	5
2026-04-13 01:50	101.905	101.915	101.625	101.755	5
2026-04-13 01:55	101.745	101.750	101.650	101.670	5
2026-04-13 02:00	101.665	101.835	101.650	101.780	5
2026-04-13 02:05	101.785	101.850	101.775	101.825	5
2026-04-13 02:10	101.835	102.100	101.788	102.025	5
2026-04-13 02:15	102.035	102.310	102.015	102.280	5
2026-04-13 02:20	102.275	102.415	102.260	102.305	5
2026-04-13 02:25	102.300	102.310	102.220	102.295	5
2026-04-13 02:30	102.290	102.295	102.100	102.140	5
2026-04-13 02:35	102.145	102.265	102.130	102.170	5
2026-04-13 02:40	102.155	102.240	102.140	102.175	5
2026-04-13 02:45	102.170	102.235	102.113	102.180	5
2026-04-13 02:50	102.185	102.275	102.130	102.210	5
2026-04-13 02:55	102.207	102.230	102.130	102.165	5
2026-04-13 03:00	102.117	102.250	102.115	102.250	5
2026-04-13 03:05	102.245	102.265	102.140	102.170	5
2026-04-13 03:10	102.180	102.235	102.155	102.160	5
2026-04-13 03:15	102.155	102.265	102.155	102.250	5
2026-04-13 03:20	102.260	102.270	102.215	102.230	5
2026-04-13 03:25	102.225	102.235	102.110	102.135	5
2026-04-13 03:30	102.125	102.245	102.125	102.230	5
2026-04-13 03:35	102.240	102.385	102.235	102.375	5
2026-04-13 03:40	102.365	102.375	102.115	102.120	5
2026-04-13 03:45	102.110	102.175	102.095	102.150	5
2026-04-13 03:50	102.145	102.185	102.110	102.170	5
2026-04-13 03:55	102.155	102.165	102.100	102.120	5
2026-04-13 04:00	102.125	102.170	102.100	102.170	5
2026-04-13 04:05	102.160	102.200	102.150	102.190	5
2026-04-13 04:10	102.195	102.245	102.160	102.175	5
2026-04-13 04:15	102.180	102.180	102.015	102.075	5
2026-04-13 04:20	102.080	102.085	102.010	102.045	5
2026-04-13 04:25	102.035	102.165	102.035	102.155	5
2026-04-13 04:30	102.165	102.205	102.105	102.165	5
2026-04-13 04:35	102.155	102.255	102.155	102.235	5
2026-04-13 04:40	102.230	102.240	102.185	102.225	5
2026-04-13 04:45	102.230	102.245	102.175	102.185	5
2026-04-13 04:50	102.180	102.185	102.065	102.100	5
2026-04-13 04:55	102.105	102.170	102.060	102.150	5
2026-04-13 05:00	102.160	102.260	102.155	102.195	5
2026-04-13 05:05	102.185	102.215	102.020	102.065	5
2026-04-13 05:10	102.070	102.135	102.025	102.120	5
2026-04-13 05:15	102.110	102.165	102.065	102.165	5
2026-04-13 05:20	102.155	102.190	102.125	102.145	5
2026-04-13 05:25	102.150	102.195	102.130	102.160	5
2026-04-13 05:30	102.175	102.295	102.085	102.230	5
2026-04-13 05:35	102.220	102.240	102.135	102.155	5
2026-04-13 05:40	102.160	102.160	101.885	101.905	5
2026-04-13 05:45	101.900	101.960	101.815	101.940	5
2026-04-13 05:50	101.945	102.025	101.915	102.015	5
2026-04-13 05:55	102.005	102.005	101.830	101.955	5
2026-04-13 06:00	101.893	101.970	101.660	101.690	5
2026-04-13 06:05	101.685	101.935	101.680	101.930	5
2026-04-13 06:10	101.925	102.080	101.910	102.060	5
2026-04-13 06:15	102.055	102.090	101.995	102.070	5
2026-04-13 06:20	102.075	102.090	101.690	101.705	5
2026-04-13 06:25	101.710	101.855	101.625	101.835	5
2026-04-13 06:30	101.845	101.855	101.670	101.715	5
2026-04-13 06:35	101.705	101.870	101.680	101.810	5
2026-04-13 06:40	101.820	101.820	101.585	101.615	5
2026-04-13 06:45	101.620	101.635	101.350	101.445	5
2026-04-13 06:50	101.440	101.555	101.405	101.410	5
2026-04-13 06:55	101.415	101.445	101.340	101.425	5
2026-04-13 07:00	101.370	101.400	101.150	101.270	5
2026-04-13 07:05	101.265	101.575	101.255	101.550	5
2026-04-13 07:10	101.555	101.630	101.415	101.600	5
2026-04-13 07:15	101.605	101.725	101.585	101.630	5
2026-04-13 07:20	101.640	101.710	101.600	101.695	5
2026-04-13 07:25	101.690	101.780	101.550	101.700	5
2026-04-13 07:30	101.695	101.720	101.525	101.670	5
2026-04-13 07:35	101.675	101.875	101.675	101.800	5
2026-04-13 07:40	101.795	101.880	101.565	101.750	5
2026-04-13 07:45	101.760	101.900	101.680	101.890	5
2026-04-13 07:50	101.895	102.080	101.770	102.030	5
2026-04-13 07:55	102.025	102.040	101.790	101.985	5
2026-04-13 08:00	102.015	102.045	101.775	101.935	5
2026-04-13 08:05	101.930	102.225	101.915	102.180	5
2026-04-13 08:10	102.175	102.355	102.150	102.355	5
2026-04-13 08:15	102.360	102.570	102.340	102.365	5
2026-04-13 08:20	102.370	102.470	102.130	102.145	5
2026-04-13 08:25	102.130	102.295	102.025	102.270	5
2026-04-13 08:30	102.240	102.475	102.015	102.465	5
2026-04-13 08:35	102.470	102.865	102.370	102.850	5
2026-04-13 08:40	102.830	103.310	102.830	103.050	5
2026-04-13 08:45	103.060	103.110	102.717	102.717	5
2026-04-13 08:50	102.720	102.830	102.625	102.645	5
2026-04-13 08:55	102.640	102.810	102.620	102.780	5
2026-04-13 09:00	102.785	102.805	102.365	102.465	5
2026-04-13 09:05	102.470	102.930	102.370	102.920	5
2026-04-13 09:10	102.910	102.955	102.840	102.890	5
2026-04-13 09:15	102.905	102.925	102.760	102.765	5
2026-04-13 09:20	102.755	102.810	102.670	102.710	5
2026-04-13 09:25	102.715	102.810	102.650	102.765	5
2026-04-13 09:30	102.760	102.770	102.465	102.510	5
2026-04-13 09:35	102.505	102.685	102.480	102.670	5
2026-04-13 09:40	102.665	102.700	102.530	102.640	5
2026-04-13 09:45	102.645	102.725	102.605	102.710	5
2026-04-13 09:50	102.730	102.775	102.600	102.710	5
2026-04-13 09:55	102.725	102.785	102.485	102.570	5
2026-04-13 10:00	102.535	102.550	102.405	102.420	5
2026-04-13 10:05	102.425	102.455	102.055	102.090	5
2026-04-13 10:10	102.095	102.265	102.085	102.225	5
2026-04-13 10:15	102.230	102.540	102.205	102.470	5
2026-04-13 10:20	102.465	102.585	102.405	102.555	5
2026-04-13 10:25	102.550	102.565	102.350	102.370	5
2026-04-13 10:30	102.360	102.360	102.240	102.260	5
2026-04-13 10:35	102.235	102.270	102.120	102.150	5
2026-04-13 10:40	102.170	102.355	102.165	102.255	5
2026-04-13 10:45	102.260	102.270	101.895	101.985	5
2026-04-13 10:50	102.015	102.195	101.958	102.185	5
2026-04-13 10:55	102.180	102.210	101.985	101.985	5
2026-04-13 11:00	101.940	102.130	101.743	101.925	5
2026-04-13 11:05	101.935	102.055	101.810	102.030	5
2026-04-13 11:10	102.035	102.115	101.980	102.045	5
2026-04-13 11:15	102.040	102.040	101.890	101.960	5
2026-04-13 11:20	101.970	102.020	101.885	101.970	5
2026-04-13 11:25	101.965	102.050	101.885	101.905	5
2026-04-13 11:30	101.910	101.935	101.825	101.855	5
2026-04-13 11:35	101.813	101.995	101.813	101.975	5
2026-04-13 11:40	101.960	102.080	101.905	102.005	5
2026-04-13 11:45	102.010	102.315	101.940	102.300	5
2026-04-13 11:50	102.310	102.370	102.115	102.260	5
2026-04-13 11:55	102.265	102.335	102.160	102.240	5
2026-04-13 12:00	102.208	102.435	101.973	102.395	5
2026-04-13 12:05	102.390	102.560	102.275	102.545	5
2026-04-13 12:10	102.540	102.595	102.370	102.375	5
2026-04-13 12:15	102.370	102.410	102.210	102.355	5
2026-04-13 12:20	102.340	102.385	102.185	102.270	5
2026-04-13 12:25	102.280	102.340	102.090	102.105	5
2026-04-13 12:30	102.100	102.200	102.080	102.140	5
2026-04-13 12:35	102.130	102.305	102.120	102.260	5
2026-04-13 12:40	102.250	102.280	102.030	102.060	5
2026-04-13 12:45	102.055	102.065	101.680	101.815	5
2026-04-13 12:50	101.810	101.880	101.455	101.700	5
2026-04-13 12:55	101.720	101.950	101.705	101.885	5
2026-04-13 13:00	101.880	101.900	101.665	101.800	5
2026-04-13 13:05	101.805	101.810	101.595	101.685	5
2026-04-13 13:10	101.700	101.745	101.570	101.670	5
2026-04-13 13:15	101.665	101.970	101.645	101.850	5
2026-04-13 13:20	101.845	102.000	101.825	101.935	5
2026-04-13 13:25	101.955	101.975	101.700	101.750	5
2026-04-13 13:30	101.745	101.920	101.620	101.630	5
2026-04-13 13:35	101.635	101.875	101.555	101.720	5
2026-04-13 13:40	101.725	101.830	101.567	101.750	5
2026-04-13 13:45	101.745	101.750	99.948	100.138	5
2026-04-13 13:50	100.143	100.545	98.761	100.175	5
2026-04-13 13:55	100.170	100.600	100.028	100.210	5
2026-04-13 14:00	100.215	100.795	100.085	100.200	5
2026-04-13 14:05	100.205	100.260	99.540	99.985	5
2026-04-13 14:10	99.970	100.200	99.815	99.965	5
2026-04-13 14:15	99.950	100.180	99.920	100.030	5
2026-04-13 14:20	100.045	100.410	99.800	100.190	5
2026-04-13 14:25	100.195	100.705	100.135	100.650	5
2026-04-13 14:30	100.655	100.735	100.405	100.495	5
2026-04-13 14:35	100.485	100.565	100.255	100.370	5
2026-04-13 14:40	100.375	100.450	100.115	100.235	5
2026-04-13 14:45	100.230	100.845	100.145	100.700	5
2026-04-13 14:50	100.705	100.915	100.560	100.570	5
2026-04-13 14:55	100.575	100.670	100.375	100.510	5
2026-04-13 15:00	100.463	101.170	100.458	101.030	5
2026-04-13 15:05	101.025	101.235	100.607	100.800	5
2026-04-13 15:10	100.805	101.010	100.735	100.855	5
2026-04-13 15:15	100.850	101.395	100.800	101.395	5
2026-04-13 15:20	101.390	101.700	101.215	101.645	5
2026-04-13 15:25	101.650	101.900	101.560	101.850	5
2026-04-13 15:30	101.855	102.060	101.815	101.875	5
2026-04-13 15:35	101.860	101.965	101.168	101.615	5
2026-04-13 15:40	101.605	101.970	101.530	101.835	5
2026-04-13 15:45	101.845	101.900	101.655	101.825	5
2026-04-13 15:50	101.840	102.150	101.750	102.085	5
2026-04-13 15:55	102.090	102.220	102.025	102.050	5
2026-04-13 16:00	102.045	102.205	101.870	102.080	5
2026-04-13 16:05	102.100	102.200	101.387	101.670	5
2026-04-13 16:10	101.675	101.715	101.420	101.565	5
2026-04-13 16:15	101.560	101.650	101.198	101.475	5
2026-04-13 16:20	101.480	101.595	101.053	101.250	5
2026-04-13 16:25	101.200	101.245	100.815	101.055	5
2026-04-13 16:30	101.060	101.085	100.133	100.460	5
2026-04-13 16:35	100.457	100.510	99.673	99.925	5
2026-04-13 16:40	99.957	100.460	99.507	99.990	5
2026-04-13 16:45	100.015	100.320	99.678	100.247	5
2026-04-13 16:50	100.245	100.250	99.720	100.170	5
2026-04-13 16:55	100.180	100.360	99.840	99.875	5
2026-04-13 17:00	99.865	99.910	99.540	99.720	5
2026-04-13 17:05	99.715	100.100	99.540	99.945	5
2026-04-13 17:10	99.950	100.030	99.565	99.575	5
2026-04-13 17:15	99.570	99.760	99.195	99.440	5
2026-04-13 17:20	99.465	99.915	99.440	99.455	5
2026-04-13 17:25	99.450	99.625	99.320	99.340	5
2026-04-13 17:30	99.325	99.505	99.255	99.355	5
2026-04-13 17:35	99.350	99.475	99.090	99.195	5
2026-04-13 17:40	99.200	99.390	98.990	99.200	5
2026-04-13 17:45	99.205	99.235	99.100	99.200	5
2026-04-13 17:50	99.195	99.400	99.076	99.190	5
2026-04-13 17:55	99.185	99.280	99.090	99.210	5
2026-04-13 18:00	99.205	99.230	98.790	98.930	5
2026-04-13 18:05	98.935	99.145	98.855	99.075	5
2026-04-13 18:10	99.070	99.095	98.850	99.005	5
2026-04-13 18:15	99.000	99.230	98.980	99.160	5
2026-04-13 18:20	99.155	99.280	99.035	99.205	5
2026-04-13 18:25	99.215	99.820	99.185	99.245	5
2026-04-13 18:30	99.248	99.375	99.000	99.020	5
2026-04-13 18:35	99.030	99.130	98.870	98.925	5
2026-04-13 18:40	98.910	99.050	98.840	98.910	5
2026-04-13 18:45	98.915	98.915	98.545	98.765	5
2026-04-13 18:50	98.775	98.790	97.717	97.920	5
2026-04-13 18:55	97.930	97.970	97.538	97.700	5
2026-04-13 19:00	97.680	98.035	97.583	97.990	5
2026-04-13 19:05	97.975	98.360	97.975	98.185	5
2026-04-13 19:10	98.180	98.395	98.180	98.295	5
2026-04-13 19:15	98.305	98.345	98.170	98.295	5
2026-04-13 19:20	98.290	98.315	98.190	98.270	5
2026-04-13 19:25	98.265	98.440	98.230	98.245	5
2026-04-13 19:30	98.240	98.315	98.075	98.285	5
2026-04-13 19:35	98.290	98.555	98.163	98.445	5
2026-04-13 19:40	98.440	98.600	98.315	98.345	5
2026-04-13 19:45	98.350	98.425	98.225	98.295	5
2026-04-13 19:50	98.285	98.305	98.120	98.185	5
2026-04-13 19:55	98.170	98.320	98.145	98.240	5
2026-04-13 20:00	98.245	98.422	98.187	98.222	5
2026-04-13 20:05	98.217	98.337	98.132	98.197	5
2026-04-13 20:10	98.178	98.192	98.017	98.172	5
2026-04-13 20:15	98.177	98.332	98.177	98.272	5
2026-04-13 20:20	98.277	98.277	98.052	98.127	5
2026-04-13 20:25	98.132	98.177	98.032	98.067	5
2026-04-13 20:30	98.062	98.132	98.027	98.092	5
2026-04-13 20:35	98.082	98.297	98.072	98.287	5
2026-04-13 20:40	98.272	98.282	98.092	98.092	5
2026-04-13 20:45	98.082	98.087	97.712	97.897	5
2026-04-13 20:50	97.907	97.992	97.862	97.927	5
2026-04-13 20:55	97.922	98.097	97.862	98.047	5
2026-04-14 00:00	97.213	97.650	97.213	97.280	5
2026-04-14 00:05	97.270	97.550	97.173	97.387	5
2026-04-14 00:10	97.397	97.410	97.245	97.380	5
2026-04-14 00:15	97.375	97.400	97.190	97.310	5
2026-04-14 00:20	97.300	97.305	97.040	97.105	5
2026-04-14 00:25	97.110	97.225	97.020	97.220	5
2026-04-14 00:30	97.225	97.280	96.468	96.685	5
2026-04-14 00:35	96.690	96.755	96.620	96.700	5
2026-04-14 00:40	96.710	96.770	96.690	96.725	5
2026-04-14 00:45	96.735	96.775	96.660	96.770	5
2026-04-14 00:50	96.755	96.760	96.635	96.695	5
2026-04-14 00:55	96.690	96.710	96.530	96.635	5
2026-04-14 01:00	96.655	97.250	96.645	97.200	5
2026-04-14 01:05	97.195	97.230	96.997	97.090	5
2026-04-14 01:10	97.100	97.240	97.050	97.155	5
2026-04-14 01:15	97.160	97.435	97.117	97.420	5
2026-04-14 01:20	97.410	97.550	97.370	97.510	5
2026-04-14 01:25	97.505	97.525	97.400	97.500	5
2026-04-14 01:30	97.485	97.600	97.447	97.570	5
2026-04-14 01:35	97.575	97.865	97.565	97.775	5
2026-04-14 01:40	97.757	97.805	97.645	97.735	5
2026-04-14 01:45	97.730	97.825	97.667	97.805	5
2026-04-14 01:50	97.815	97.955	97.795	97.950	5
2026-04-14 01:55	97.945	98.015	97.785	97.895	5
2026-04-14 02:00	97.900	97.985	97.870	97.965	5
2026-04-14 02:05	97.960	97.960	97.705	97.715	5
2026-04-14 02:10	97.710	97.810	97.625	97.725	5
2026-04-14 02:15	97.720	97.790	97.695	97.730	5
2026-04-14 02:20	97.735	97.845	97.705	97.830	5
2026-04-14 02:25	97.835	97.845	97.755	97.755	5
2026-04-14 02:30	97.760	97.915	97.755	97.910	5
2026-04-14 02:35	97.905	98.085	97.900	98.035	5
2026-04-14 02:40	98.050	98.115	97.925	97.950	5
2026-04-14 02:45	97.940	98.145	97.935	98.090	5
2026-04-14 02:50	98.095	98.155	98.055	98.130	5
2026-04-14 02:55	98.125	98.185	98.040	98.075	5
2026-04-14 03:00	98.090	98.105	97.950	98.005	5
2026-04-14 03:05	98.010	98.345	98.005	98.330	5
2026-04-14 03:10	98.345	98.355	98.205	98.340	5
2026-04-14 03:15	98.335	98.585	98.325	98.460	5
2026-04-14 03:20	98.455	98.610	98.405	98.605	5
2026-04-14 03:25	98.610	98.640	98.550	98.610	5
2026-04-14 03:30	98.605	98.660	98.475	98.485	5
2026-04-14 03:35	98.475	98.475	98.180	98.185	5
2026-04-14 03:40	98.175	98.175	98.040	98.105	5
2026-04-14 03:45	98.100	98.110	98.020	98.040	5
2026-04-14 03:50	98.035	98.040	97.905	97.965	5
2026-04-14 03:55	97.975	98.145	97.935	98.145	5
2026-04-14 04:00	98.140	98.165	98.025	98.085	5
2026-04-14 04:05	98.080	98.105	98.030	98.035	5
2026-04-14 04:10	98.045	98.065	97.960	97.975	5
2026-04-14 04:15	97.980	98.005	97.790	97.880	5
2026-04-14 04:20	97.890	97.925	97.705	97.705	5
2026-04-14 04:25	97.715	97.880	97.695	97.855	5
2026-04-14 04:30	97.860	97.930	97.860	97.925	5
2026-04-14 04:35	97.930	97.980	97.870	97.885	5
2026-04-14 04:40	97.895	97.930	97.830	97.835	5
2026-04-14 04:45	97.840	97.875	97.795	97.800	5
2026-04-14 04:50	97.795	97.915	97.785	97.885	5
2026-04-14 04:55	97.875	97.885	97.823	97.855	5
2026-04-14 05:00	97.880	98.005	97.875	97.920	5
2026-04-14 05:05	97.935	97.935	97.795	97.895	5
2026-04-14 05:10	97.900	97.960	97.870	97.870	5
2026-04-14 05:15	97.875	98.015	97.855	98.000	5
2026-04-14 05:20	97.985	98.010	97.905	98.010	5
2026-04-14 05:25	98.005	98.200	97.995	98.175	5
2026-04-14 05:30	98.170	98.605	98.098	98.535	5
2026-04-14 05:35	98.545	98.625	98.430	98.440	5
2026-04-14 05:40	98.430	98.570	98.400	98.540	5
2026-04-14 05:45	98.535	98.560	98.400	98.445	5
2026-04-14 05:50	98.440	98.505	98.395	98.450	5
2026-04-14 05:55	98.445	98.565	98.425	98.545	5
2026-04-14 06:00	98.550	98.615	98.265	98.355	5
2026-04-14 06:05	98.335	98.360	98.235	98.290	5
2026-04-14 06:10	98.295	98.460	98.285	98.410	5
2026-04-14 06:15	98.430	98.490	98.255	98.335	5
2026-04-14 06:20	98.340	98.570	98.335	98.515	5
2026-04-14 06:25	98.510	98.570	98.405	98.440	5
2026-04-14 06:30	98.445	98.840	98.440	98.840	5
2026-04-14 06:35	98.835	98.935	98.753	98.860	5
2026-04-14 06:40	98.855	98.880	98.710	98.870	5
2026-04-14 06:45	98.865	99.215	98.865	99.140	5
2026-04-14 06:50	99.155	99.310	99.060	99.310	5
2026-04-14 06:55	99.315	99.385	99.105	99.140	5
2026-04-14 07:00	99.130	99.185	98.570	98.670	5
2026-04-14 07:05	98.680	98.805	97.465	97.715	5
2026-04-14 07:10	97.710	98.405	97.680	97.770	5
2026-04-14 07:15	97.785	98.270	97.655	98.215	5
2026-04-14 07:20	98.220	98.455	98.150	98.405	5
2026-04-14 07:25	98.425	98.520	98.070	98.275	5
2026-04-14 07:30	98.260	98.600	98.055	98.565	5
2026-04-14 07:35	98.560	98.860	98.450	98.480	5
2026-04-14 07:40	98.475	98.570	98.390	98.450	5
2026-04-14 07:45	98.445	98.455	98.010	98.235	5
2026-04-14 07:50	98.225	98.670	98.225	98.525	5
2026-04-14 07:55	98.530	98.585	98.375	98.575	5
2026-04-14 08:00	98.615	98.925	98.545	98.595	5
2026-04-14 08:05	98.575	98.705	98.255	98.510	5
2026-04-14 08:10	98.515	98.710	98.380	98.425	5
2026-04-14 08:15	98.415	98.735	98.333	98.495	5
2026-04-14 08:20	98.505	98.860	98.375	98.685	5
2026-04-14 08:25	98.680	98.830	98.560	98.655	5
2026-04-14 08:30	98.645	98.785	98.445	98.600	5
2026-04-14 08:35	98.625	98.625	98.180	98.200	5
2026-04-14 08:40	98.195	98.602	98.180	98.465	5
2026-04-14 08:45	98.455	98.575	98.340	98.435	5
2026-04-14 08:50	98.455	98.575	98.090	98.215	5
2026-04-14 08:55	98.210	98.365	98.065	98.070	5
2026-04-14 09:00	98.065	98.240	97.855	98.135	5
2026-04-14 09:05	98.130	98.560	98.130	98.450	5
2026-04-14 09:10	98.470	98.500	98.235	98.340	5
2026-04-14 09:15	98.345	98.410	98.175	98.400	5
2026-04-14 09:20	98.395	98.495	98.305	98.340	5
2026-04-14 09:25	98.335	98.545	98.320	98.545	5
2026-04-14 09:30	98.540	98.625	98.405	98.405	5
2026-04-14 09:35	98.410	98.575	98.400	98.525	5
2026-04-14 09:40	98.535	98.695	98.470	98.640	5
2026-04-14 09:45	98.635	98.855	98.630	98.810	5
2026-04-14 09:50	98.805	98.990	98.755	98.965	5
2026-04-14 09:55	98.970	99.065	98.665	98.665	5
2026-04-14 10:00	98.623	98.875	98.615	98.775	5
2026-04-14 10:05	98.760	98.775	98.420	98.455	5
2026-04-14 10:10	98.440	98.560	98.380	98.560	5
2026-04-14 10:15	98.575	98.625	98.380	98.480	5
2026-04-14 10:20	98.490	98.630	98.385	98.615	5
2026-04-14 10:25	98.620	98.710	98.528	98.640	5
2026-04-14 10:30	98.645	98.950	98.590	98.940	5
2026-04-14 10:35	98.945	99.120	98.860	99.030	5
2026-04-14 10:40	99.025	99.155	98.960	99.085	5
2026-04-14 10:45	99.090	99.200	98.895	98.945	5
2026-04-14 10:50	98.955	99.005	98.710	98.850	5
2026-04-14 10:55	98.845	99.015	98.805	99.000	5
2026-04-14 11:00	98.963	99.065	98.905	98.970	5
2026-04-14 11:05	98.955	99.050	98.925	98.995	5
2026-04-14 11:10	99.010	99.250	98.975	99.240	5
2026-04-14 11:15	99.230	99.275	99.045	99.050	5
2026-04-14 11:20	99.035	99.170	99.000	99.070	5
2026-04-14 11:25	99.075	99.225	99.010	99.210	5
2026-04-14 11:30	99.220	99.260	99.170	99.250	5
2026-04-14 11:35	99.230	99.230	98.990	99.000	5
2026-04-14 11:40	99.010	99.010	98.815	99.000	5
2026-04-14 11:45	98.995	99.060	98.935	99.015	5
2026-04-14 11:50	99.000	99.040	98.840	99.040	5
2026-04-14 11:55	99.045	99.165	97.933	98.710	5
2026-04-14 12:00	98.692	98.705	98.265	98.425	5
2026-04-14 12:05	98.430	98.485	98.007	98.170	5
2026-04-14 12:10	98.190	98.320	98.040	98.235	5
2026-04-14 12:15	98.230	98.235	97.901	98.080	5
2026-04-14 12:20	98.095	98.185	97.985	98.045	5
2026-04-14 12:25	98.050	98.205	97.451	97.760	5
2026-04-14 12:30	97.765	98.095	97.708	97.860	5
2026-04-14 12:35	97.870	97.955	97.785	97.910	5
2026-04-14 12:40	97.920	97.985	97.745	97.885	5
2026-04-14 12:45	97.875	97.975	97.488	97.650	5
2026-04-14 12:50	97.645	98.030	97.635	97.770	5
2026-04-14 12:55	97.765	97.820	97.695	97.700	5
2026-04-14 13:00	97.695	97.995	97.635	97.750	5
2026-04-14 13:05	97.735	97.960	97.685	97.720	5
2026-04-14 13:10	97.715	97.805	97.600	97.650	5
2026-04-14 13:15	97.655	97.710	97.165	97.270	5
2026-04-14 13:20	97.285	97.490	97.190	97.245	5
2026-04-14 13:25	97.250	97.595	97.225	97.590	5
2026-04-14 13:30	97.595	97.750	97.458	97.645	5
2026-04-14 13:35	97.635	97.635	97.043	97.385	5
2026-04-14 13:40	97.390	97.500	97.060	97.255	5
2026-04-14 13:45	97.260	97.370	97.185	97.185	5
2026-04-14 13:50	97.190	97.325	96.780	96.785	5
2026-04-14 13:55	96.790	96.855	96.695	96.790	5
2026-04-14 14:00	96.775	96.775	95.845	95.965	5
2026-04-14 14:05	95.980	96.140	94.870	94.970	5
2026-04-14 14:10	94.975	95.700	94.835	95.500	5
2026-04-14 14:15	95.510	95.810	95.495	95.710	5
2026-04-14 14:20	95.700	95.940	95.690	95.860	5
2026-04-14 14:25	95.845	96.160	95.687	95.840	5
2026-04-14 14:30	95.845	96.040	95.783	95.810	5
2026-04-14 14:35	95.825	95.885	95.435	95.820	5
2026-04-14 14:40	95.815	95.955	95.695	95.740	5
2026-04-14 14:45	95.735	95.910	95.430	95.535	5
2026-04-14 14:50	95.540	95.875	95.515	95.820	5
2026-04-14 14:55	95.815	95.845	95.540	95.750	5
2026-04-14 15:00	95.755	96.080	95.735	96.035	5
2026-04-14 15:05	96.045	96.700	96.010	96.420	5
2026-04-14 15:10	96.425	96.515	96.255	96.490	5
2026-04-14 15:15	96.495	96.600	96.055	96.065	5
2026-04-14 15:20	96.060	96.245	95.760	96.070	5
2026-04-14 15:25	96.060	96.555	95.990	96.520	5
2026-04-14 15:30	96.530	96.555	95.918	96.090	5
2026-04-14 15:35	96.100	96.125	95.775	95.855	5
2026-04-14 15:40	95.860	95.975	95.517	95.715	5
2026-04-14 15:45	95.710	95.730	95.500	95.570	5
2026-04-14 15:50	95.560	95.585	95.160	95.210	5
2026-04-14 15:55	95.215	95.420	95.090	95.405	5
2026-04-14 16:00	95.400	95.530	95.325	95.405	5
2026-04-14 16:05	95.380	95.630	95.380	95.515	5
2026-04-14 16:10	95.535	95.535	95.180	95.220	5
2026-04-14 16:15	95.225	95.545	95.200	95.345	5
2026-04-14 16:20	95.350	95.410	95.210	95.260	5
2026-04-14 16:25	95.255	95.255	94.985	95.075	5
2026-04-14 16:30	95.080	95.230	95.035	95.120	5
2026-04-14 16:35	95.125	95.215	94.985	94.995	5
2026-04-14 16:40	94.985	95.005	94.635	94.945	5
2026-04-14 16:45	94.955	95.160	94.925	95.095	5
2026-04-14 16:50	95.085	95.260	94.995	95.060	5
2026-04-14 16:55	95.040	95.290	95.015	95.260	5
2026-04-14 17:00	95.265	95.390	95.140	95.210	5
2026-04-14 17:05	95.215	95.320	95.140	95.230	5
2026-04-14 17:10	95.225	95.410	95.150	95.305	5
2026-04-14 17:15	95.300	95.505	95.225	95.240	5
2026-04-14 17:20	95.235	95.360	95.160	95.180	5
2026-04-14 17:25	95.175	95.235	95.145	95.190	5
2026-04-14 17:30	95.195	95.290	95.070	95.070	5
2026-04-14 17:35	95.065	95.120	94.925	94.965	5
2026-04-14 17:40	94.970	95.040	94.891	94.940	5
2026-04-14 17:45	94.950	94.950	94.655	94.750	5
2026-04-14 17:50	94.740	95.090	94.675	94.950	5
2026-04-14 17:55	94.960	95.160	94.920	95.060	5
2026-04-14 18:00	95.045	95.175	94.695	94.735	5
2026-04-14 18:05	94.730	94.760	94.490	94.540	5
2026-04-14 18:10	94.530	94.660	94.485	94.655	5
2026-04-14 18:15	94.660	94.785	94.500	94.730	5
2026-04-14 18:20	94.725	94.835	94.410	94.725	5
2026-04-14 18:25	94.720	94.900	94.460	94.790	5
2026-04-14 18:30	94.785	94.945	94.630	94.920	5
2026-04-14 18:35	94.915	94.995	94.840	94.865	5
2026-04-14 18:40	94.910	95.035	94.890	95.000	5
2026-04-14 18:45	94.995	95.125	94.970	95.120	5
2026-04-14 18:50	95.125	95.135	94.995	95.100	5
2026-04-14 18:55	95.110	95.150	95.020	95.090	5
2026-04-14 19:00	95.085	95.125	94.960	95.000	5
2026-04-14 19:05	94.995	95.020	94.885	94.895	5
2026-04-14 19:10	94.900	95.015	94.855	94.920	5
2026-04-14 19:15	94.910	94.985	94.875	94.930	5
2026-04-14 19:20	94.920	94.950	94.855	94.900	5
2026-04-14 19:25	94.910	94.950	94.865	94.900	5
2026-04-14 19:30	94.930	95.015	94.840	95.000	5
2026-04-14 19:35	95.005	95.050	94.950	95.025	5
2026-04-14 19:40	95.030	95.100	94.965	95.085	5
2026-04-14 19:45	95.090	95.150	95.070	95.120	5
2026-04-14 19:50	95.115	95.230	95.075	95.210	5
2026-04-14 19:55	95.205	95.260	95.135	95.160	5
2026-04-14 20:00	95.150	95.272	95.117	95.272	5
2026-04-14 20:05	95.262	95.287	95.127	95.147	5
2026-04-14 20:10	95.152	95.167	95.052	95.067	5
2026-04-14 20:15	95.057	95.087	95.027	95.037	5
2026-04-14 20:20	95.027	95.062	94.997	95.037	5
2026-04-14 20:25	95.032	95.147	95.032	95.137	5
2026-04-14 20:30	95.142	95.147	95.037	95.122	5
2026-04-14 20:35	95.102	95.132	95.032	95.122	5
2026-04-14 20:40	95.127	95.172	94.687	94.722	5
2026-04-14 20:45	94.732	94.882	94.672	94.867	5
2026-04-14 20:50	94.862	95.002	94.837	94.982	5
2026-04-14 20:55	94.992	95.132	94.947	95.132	5
2026-04-15 00:00	94.157	94.790	94.033	94.610	5
2026-04-15 00:05	94.563	94.640	94.350	94.380	5
2026-04-15 00:10	94.385	94.700	94.385	94.610	5
2026-04-15 00:15	94.605	94.665	94.515	94.585	5
2026-04-15 00:20	94.590	94.715	94.467	94.475	5
2026-04-15 00:25	94.485	94.530	94.300	94.335	5
2026-04-15 00:30	94.355	94.490	94.345	94.455	5
2026-04-15 00:35	94.450	94.490	94.380	94.460	5
2026-04-15 00:40	94.475	94.520	94.415	94.430	5
2026-04-15 00:45	94.455	94.485	94.310	94.325	5
2026-04-15 00:50	94.315	94.325	94.215	94.230	5
2026-04-15 00:55	94.225	94.260	94.185	94.235	5
2026-04-15 01:00	94.240	94.565	94.090	94.490	5
2026-04-15 01:05	94.485	94.612	94.065	94.080	5
2026-04-15 01:10	94.105	94.290	93.930	94.085	5
2026-04-15 01:15	94.095	94.215	93.930	94.167	5
2026-04-15 01:20	94.160	94.320	94.045	94.295	5
2026-04-15 01:25	94.300	94.300	94.000	94.075	5
2026-04-15 01:30	94.055	94.320	94.035	94.305	5
2026-04-15 01:35	94.295	94.495	94.220	94.385	5
2026-04-15 01:40	94.380	94.525	94.280	94.525	5
2026-04-15 01:45	94.505	94.560	94.440	94.530	5
2026-04-15 01:50	94.515	94.675	94.500	94.605	5
2026-04-15 01:55	94.600	94.610	94.485	94.505	5
2026-04-15 02:00	94.525	94.695	94.525	94.605	5
2026-04-15 02:05	94.600	94.605	94.410	94.575	5
2026-04-15 02:10	94.585	94.732	94.570	94.635	5
2026-04-15 02:15	94.640	94.690	94.530	94.540	5
2026-04-15 02:20	94.535	94.590	94.497	94.535	5
2026-04-15 02:25	94.530	94.730	94.530	94.700	5
2026-04-15 02:30	94.710	94.975	94.710	94.965	5
2026-04-15 02:35	94.970	95.100	94.950	95.025	5
2026-04-15 02:40	95.030	95.165	95.005	95.100	5
2026-04-15 02:45	95.105	95.155	95.065	95.100	5
2026-04-15 02:50	95.090	95.090	94.970	94.985	5
2026-04-15 02:55	94.980	95.260	94.975	95.240	5
2026-04-15 03:00	95.235	95.270	95.135	95.255	5
2026-04-15 03:05	95.290	95.425	95.265	95.290	5
2026-04-15 03:10	95.285	95.320	95.265	95.315	5
2026-04-15 03:15	95.310	95.320	95.150	95.160	5
2026-04-15 03:20	95.175	95.245	95.140	95.245	5
2026-04-15 03:25	95.235	95.360	95.210	95.320	5
2026-04-15 03:30	95.310	95.315	95.120	95.180	5
2026-04-15 03:35	95.185	95.235	95.010	95.010	5
2026-04-15 03:40	95.015	95.105	95.000	95.045	5
2026-04-15 03:45	95.050	95.175	95.045	95.160	5
2026-04-15 03:50	95.165	95.220	95.080	95.115	5
2026-04-15 03:55	95.120	95.130	95.015	95.040	5
2026-04-15 04:00	95.045	95.080	94.990	95.080	5
2026-04-15 04:05	95.075	95.220	95.003	95.100	5
2026-04-15 04:10	95.095	95.100	95.020	95.070	5
2026-04-15 04:15	95.075	95.165	95.075	95.145	5
2026-04-15 04:20	95.120	95.245	95.120	95.225	5
2026-04-15 04:25	95.230	95.260	95.195	95.260	5
2026-04-15 04:30	95.250	95.460	95.250	95.420	5
2026-04-15 04:35	95.415	95.560	95.340	95.520	5
2026-04-15 04:40	95.550	95.590	95.500	95.510	5
2026-04-15 04:45	95.520	95.770	95.520	95.725	5
2026-04-15 04:50	95.730	95.730	95.660	95.710	5
2026-04-15 04:55	95.715	95.745	95.645	95.700	5
2026-04-15 05:00	95.665	95.675	95.470	95.545	5
2026-04-15 05:05	95.540	95.615	95.495	95.575	5
2026-04-15 05:10	95.585	95.630	95.555	95.580	5
2026-04-15 05:15	95.575	95.620	95.535	95.615	5
2026-04-15 05:20	95.620	95.715	95.615	95.710	5
2026-04-15 05:25	95.695	95.755	95.645	95.665	5
2026-04-15 05:30	95.707	95.740	95.565	95.665	5
2026-04-15 05:35	95.655	95.735	95.470	95.505	5
2026-04-15 05:40	95.510	95.665	95.477	95.640	5
2026-04-15 05:45	95.635	95.675	95.500	95.535	5
2026-04-15 05:50	95.530	95.630	95.448	95.540	5
2026-04-15 05:55	95.530	95.530	95.300	95.355	5
2026-04-15 06:00	95.325	95.390	95.180	95.190	5
2026-04-15 06:05	95.210	95.315	95.135	95.195	5
2026-04-15 06:10	95.200	95.210	94.935	94.990	5
2026-04-15 06:15	94.985	94.995	94.600	94.755	5
2026-04-15 06:20	94.760	94.865	94.745	94.790	5
2026-04-15 06:25	94.780	94.815	94.625	94.670	5
2026-04-15 06:30	94.675	94.745	94.360	94.610	5
2026-04-15 06:35	94.615	94.715	94.580	94.710	5
2026-04-15 06:40	94.715	94.725	94.390	94.415	5
2026-04-15 06:45	94.390	94.482	94.170	94.205	5
2026-04-15 06:50	94.220	94.450	94.190	94.450	5
2026-04-15 06:55	94.455	94.710	94.455	94.675	5
2026-04-15 07:00	94.715	94.970	94.700	94.805	5
2026-04-15 07:05	94.790	94.850	94.695	94.810	5
2026-04-15 07:10	94.820	94.970	94.750	94.910	5
2026-04-15 07:15	94.900	95.200	94.900	95.000	5
2026-04-15 07:20	94.995	95.140	94.930	95.135	5
2026-04-15 07:25	95.145	95.335	95.058	95.315	5
2026-04-15 07:30	95.278	95.355	95.085	95.200	5
2026-04-15 07:35	95.190	95.195	94.923	95.070	5
2026-04-15 07:40	95.080	95.115	94.845	94.910	5
2026-04-15 07:45	94.930	94.940	94.770	94.885	5
2026-04-15 07:50	94.875	94.875	94.660	94.770	5
2026-04-15 07:55	94.765	94.910	94.725	94.765	5
2026-04-15 08:00	94.805	94.910	94.495	94.525	5
2026-04-15 08:05	94.530	94.905	94.520	94.905	5
2026-04-15 08:10	94.925	95.055	94.790	94.925	5
2026-04-15 08:15	94.915	95.160	94.785	95.160	5
2026-04-15 08:20	95.145	95.250	95.115	95.120	5
2026-04-15 08:25	95.115	95.130	94.940	95.060	5
2026-04-15 08:30	95.080	95.400	95.070	95.285	5
2026-04-15 08:35	95.280	95.660	95.225	95.610	5
2026-04-15 08:40	95.620	95.660	95.360	95.530	5
2026-04-15 08:45	95.535	95.640	95.280	95.280	5
2026-04-15 08:50	95.285	95.390	95.230	95.250	5
2026-04-15 08:55	95.240	95.420	95.200	95.325	5
2026-04-15 09:00	95.330	95.775	95.265	95.580	5
2026-04-15 09:05	95.595	95.865	95.595	95.780	5
2026-04-15 09:10	95.785	96.225	95.720	96.160	5
2026-04-15 09:15	96.150	96.225	95.968	96.000	5
2026-04-15 09:20	96.005	96.050	95.810	95.895	5
2026-04-15 09:25	95.885	96.160	95.870	96.120	5
2026-04-15 09:30	96.110	96.145	95.910	96.010	5
2026-04-15 09:35	96.005	96.252	95.975	96.200	5
2026-04-15 09:40	96.205	96.225	96.100	96.170	5
2026-04-15 09:45	96.180	96.225	96.065	96.160	5
2026-04-15 09:50	96.170	96.190	96.060	96.100	5
2026-04-15 09:55	96.105	96.315	96.085	96.100	5
2026-04-15 10:00	96.090	96.170	96.030	96.115	5
2026-04-15 10:05	96.120	96.125	95.595	95.810	5
2026-04-15 10:10	95.815	95.980	95.730	95.960	5
2026-04-15 10:15	95.965	96.365	95.940	96.215	5
2026-04-15 10:20	96.220	96.375	96.110	96.365	5
2026-04-15 10:25	96.360	96.715	96.315	96.535	5
2026-04-15 10:30	96.530	96.695	96.480	96.580	5
2026-04-15 10:35	96.585	96.840	96.570	96.825	5
2026-04-15 10:40	96.815	96.840	96.180	96.205	5
2026-04-15 10:45	96.210	96.260	95.845	96.250	5
2026-04-15 10:50	96.235	96.360	95.945	96.080	5
2026-04-15 10:55	96.085	96.295	96.065	96.115	5
2026-04-15 11:00	96.125	96.160	95.970	96.075	5
2026-04-15 11:05	96.090	96.380	96.085	96.180	5
2026-04-15 11:10	96.175	96.175	95.970	96.100	5
2026-04-15 11:15	96.085	96.250	96.045	96.210	5
2026-04-15 11:20	96.215	96.260	96.060	96.075	5
2026-04-15 11:25	96.070	96.110	95.870	96.075	5
2026-04-15 11:30	96.070	96.162	95.615	95.835	5
2026-04-15 11:35	95.850	95.865	95.655	95.670	5
2026-04-15 11:40	95.665	95.910	95.665	95.720	5
2026-04-15 11:45	95.715	95.745	95.083	95.475	5
2026-04-15 11:50	95.450	95.475	95.125	95.315	5
2026-04-15 11:55	95.310	95.500	95.155	95.380	5
2026-04-15 12:00	95.323	95.698	95.323	95.615	5
2026-04-15 12:05	95.620	95.870	95.500	95.515	5
2026-04-15 12:10	95.510	95.670	95.470	95.615	5
2026-04-15 12:15	95.610	95.750	95.590	95.635	5
2026-04-15 12:20	95.630	95.780	95.595	95.610	5
2026-04-15 12:25	95.605	95.625	95.530	95.545	5
2026-04-15 12:30	95.530	95.570	95.360	95.460	5
2026-04-15 12:35	95.490	95.510	95.270	95.280	5
2026-04-15 12:40	95.285	95.370	95.155	95.170	5
2026-04-15 12:45	95.160	95.420	95.155	95.345	5
2026-04-15 12:50	95.350	95.350	95.160	95.210	5
2026-04-15 12:55	95.200	95.335	95.160	95.275	5
2026-04-15 13:00	95.330	95.465	95.193	95.365	5
2026-04-15 13:05	95.360	95.385	95.005	95.060	5
2026-04-15 13:10	95.070	95.335	94.875	95.260	5
2026-04-15 13:15	95.270	95.300	95.015	95.205	5
2026-04-15 13:20	95.210	95.215	94.930	95.060	5
2026-04-15 13:25	95.020	95.030	94.600	94.710	5
2026-04-15 13:30	94.705	94.920	94.515	94.880	5
2026-04-15 13:35	94.885	94.885	94.250	94.395	5
2026-04-15 13:40	94.400	94.860	94.390	94.760	5
2026-04-15 13:45	94.770	94.825	94.560	94.610	5
2026-04-15 13:50	94.615	94.830	94.550	94.825	5
2026-04-15 13:55	94.820	94.970	94.495	94.540	5
2026-04-15 14:00	94.550	94.695	94.370	94.440	5
2026-04-15 14:05	94.430	94.645	94.430	94.510	5
2026-04-15 14:10	94.515	94.800	94.480	94.605	5
2026-04-15 14:15	94.600	94.840	94.485	94.820	5
2026-04-15 14:20	94.825	94.850	94.171	94.365	5
2026-04-15 14:25	94.370	94.410	94.085	94.147	5
2026-04-15 14:30	94.147	94.990	94.117	94.930	5
2026-04-15 14:35	94.925	95.407	94.885	95.370	5
2026-04-15 14:40	95.380	95.395	95.008	95.040	5
2026-04-15 14:45	95.035	95.190	94.870	95.030	5
2026-04-15 14:50	95.035	95.140	94.985	94.990	5
2026-04-15 14:55	95.000	95.090	94.825	95.075	5
2026-04-15 15:00	95.065	95.410	94.930	95.330	5
2026-04-15 15:05	95.335	95.475	95.250	95.460	5
2026-04-15 15:10	95.470	95.475	95.095	95.320	5
2026-04-15 15:15	95.325	95.495	95.060	95.180	5
2026-04-15 15:20	95.175	95.580	95.058	95.460	5
2026-04-15 15:25	95.470	95.570	95.290	95.490	5
2026-04-15 15:30	95.520	95.770	95.440	95.750	5
2026-04-15 15:35	95.770	95.805	95.555	95.800	5
2026-04-15 15:40	95.775	95.800	95.350	95.620	5
2026-04-15 15:45	95.605	95.700	95.405	95.590	5
2026-04-15 15:50	95.595	95.690	95.420	95.660	5
2026-04-15 15:55	95.670	95.840	95.620	95.720	5
2026-04-15 16:00	95.710	95.915	95.700	95.740	5
2026-04-15 16:05	95.735	95.810	95.605	95.685	5
2026-04-15 16:10	95.690	95.820	95.615	95.690	5
2026-04-15 16:15	95.700	95.780	95.600	95.615	5
2026-04-15 16:20	95.620	95.820	95.545	95.630	5
2026-04-15 16:25	95.650	95.740	95.483	95.510	5
2026-04-15 16:30	95.515	95.545	95.320	95.390	5
2026-04-15 16:35	95.385	95.570	95.210	95.520	5
2026-04-15 16:40	95.525	95.600	95.475	95.590	5
2026-04-15 16:45	95.580	95.690	95.490	95.590	5
2026-04-15 16:50	95.575	95.675	95.490	95.560	5
2026-04-15 16:55	95.555	95.665	95.530	95.665	5
2026-04-15 17:00	95.660	95.715	95.520	95.550	5
2026-04-15 17:05	95.540	95.600	95.385	95.390	5
2026-04-15 17:10	95.380	95.540	95.375	95.410	5
2026-04-15 17:15	95.405	95.405	95.100	95.200	5
2026-04-15 17:20	95.205	95.230	95.085	95.110	5
2026-04-15 17:25	95.115	95.270	95.115	95.180	5
2026-04-15 17:30	95.188	95.310	95.180	95.220	5
2026-04-15 17:35	95.215	95.375	95.143	95.370	5
2026-04-15 17:40	95.375	95.785	95.253	95.525	5
2026-04-15 17:45	95.520	95.600	95.465	95.540	5
2026-04-15 17:50	95.535	95.675	95.460	95.610	5
2026-04-15 17:55	95.615	95.615	95.480	95.530	5
2026-04-15 18:00	95.525	95.680	94.755	95.075	5
2026-04-15 18:05	95.060	95.200	94.805	95.165	5
2026-04-15 18:10	95.160	95.180	94.755	94.840	5
2026-04-15 18:15	94.845	94.945	94.700	94.920	5
2026-04-15 18:20	94.925	95.020	94.815	94.820	5
2026-04-15 18:25	94.830	95.000	94.810	94.850	5
2026-04-15 18:30	94.825	94.870	94.705	94.790	5
2026-04-15 18:35	94.750	94.790	94.655	94.715	5
2026-04-15 18:40	94.710	94.890	94.690	94.775	5
2026-04-15 18:45	94.780	94.780	94.660	94.680	5
2026-04-15 18:50	94.675	94.820	94.645	94.800	5
2026-04-15 18:55	94.790	94.830	94.705	94.760	5
2026-04-15 19:00	94.710	94.720	94.640	94.655	5
2026-04-15 19:05	94.650	94.700	94.560	94.580	5
2026-04-15 19:10	94.585	94.917	94.570	94.810	5
2026-04-15 19:15	94.815	94.860	94.760	94.760	5
2026-04-15 19:20	94.755	94.810	94.700	94.780	5
2026-04-15 19:25	94.775	94.790	94.700	94.745	5
2026-04-15 19:30	94.760	94.840	94.760	94.795	5
2026-04-15 19:35	94.800	94.840	94.780	94.820	5
2026-04-15 19:40	94.815	94.870	94.815	94.830	5
2026-04-15 19:45	94.820	94.820	94.735	94.760	5
2026-04-15 19:50	94.740	94.805	94.720	94.750	5
2026-04-15 19:55	94.732	94.795	94.690	94.760	5
2026-04-15 20:00	94.770	94.882	94.732	94.862	5
2026-04-15 20:05	94.857	94.902	94.827	94.847	5
2026-04-15 20:10	94.857	94.902	94.822	94.877	5
2026-04-15 20:15	94.882	94.902	94.857	94.877	5
2026-04-15 20:20	94.872	94.892	94.812	94.812	5
2026-04-15 20:25	94.847	94.897	94.827	94.857	5
2026-04-15 20:30	94.872	94.947	94.867	94.937	5
2026-04-15 20:35	94.942	94.952	94.912	94.932	5
2026-04-15 20:40	94.942	94.942	94.872	94.872	5
2026-04-15 20:45	94.867	94.892	94.832	94.887	5
2026-04-15 20:50	94.882	94.932	94.857	94.917	5
2026-04-15 20:55	94.912	94.917	94.857	94.877	5
2026-04-16 00:00	94.597	94.695	94.525	94.615	5
2026-04-16 00:05	94.600	94.685	94.485	94.580	5
2026-04-16 00:10	94.575	94.640	94.495	94.635	5
2026-04-16 00:15	94.630	94.650	94.455	94.480	5
2026-04-16 00:20	94.485	94.515	94.420	94.495	5
2026-04-16 00:25	94.485	94.545	94.420	94.475	5
2026-04-16 00:30	94.465	94.560	94.465	94.540	5
2026-04-16 00:35	94.545	94.600	94.470	94.495	5
2026-04-16 00:40	94.505	94.615	94.495	94.550	5
2026-04-16 00:45	94.575	94.675	94.550	94.645	5
2026-04-16 00:50	94.640	94.750	94.640	94.710	5
2026-04-16 00:55	94.705	94.770	94.665	94.695	5
2026-04-16 01:00	94.700	94.840	94.655	94.825	5
2026-04-16 01:05	94.830	94.835	94.610	94.680	5
2026-04-16 01:10	94.675	94.690	94.525	94.645	5
2026-04-16 01:15	94.635	94.710	94.550	94.665	5
2026-04-16 01:20	94.675	94.750	94.595	94.685	5
2026-04-16 01:25	94.675	94.770	94.635	94.765	5
2026-04-16 01:30	94.745	94.845	94.725	94.795	5
2026-04-16 01:35	94.810	94.970	94.805	94.950	5
2026-04-16 01:40	94.955	94.975	94.840	94.960	5
2026-04-16 01:45	94.950	94.970	94.860	94.875	5
2026-04-16 01:50	94.880	94.965	94.835	94.965	5
2026-04-16 01:55	94.970	95.047	94.970	94.995	5
2026-04-16 02:00	95.000	95.160	94.980	95.090	5
2026-04-16 02:05	95.095	95.215	95.070	95.190	5
2026-04-16 02:10	95.185	95.235	95.120	95.155	5
2026-04-16 02:15	95.150	95.200	95.105	95.200	5
2026-04-16 02:20	95.205	95.260	95.180	95.260	5
2026-04-16 02:25	95.265	95.265	95.215	95.220	5
2026-04-16 02:30	95.230	95.235	95.085	95.090	5
2026-04-16 02:35	95.105	95.220	95.065	95.185	5
2026-04-16 02:40	95.190	95.190	95.070	95.070	5
2026-04-16 02:45	95.065	95.065	94.987	95.030	5
2026-04-16 02:50	95.025	95.025	94.905	94.915	5
2026-04-16 02:55	94.920	95.000	94.890	95.000	5
2026-04-16 03:00	94.985	95.010	94.870	94.880	5
2026-04-16 03:05	94.865	94.880	94.810	94.840	5
2026-04-16 03:10	94.830	94.830	94.760	94.790	5
2026-04-16 03:15	94.780	94.870	94.770	94.850	5
2026-04-16 03:20	94.845	94.875	94.780	94.845	5
2026-04-16 03:25	94.855	94.945	94.830	94.925	5
2026-04-16 03:30	94.920	94.985	94.905	94.980	5
2026-04-16 03:35	94.965	95.035	94.930	94.990	5
2026-04-16 03:40	94.985	95.035	94.920	94.935	5
2026-04-16 03:45	94.940	94.965	94.850	94.860	5
2026-04-16 03:50	94.855	94.975	94.840	94.935	5
2026-04-16 03:55	94.920	94.970	94.885	94.950	5
2026-04-16 04:00	94.935	95.035	94.915	95.010	5
2026-04-16 04:05	95.015	95.125	95.000	95.090	5
2026-04-16 04:10	95.095	95.120	94.985	94.990	5
2026-04-16 04:15	94.995	94.995	94.945	94.975	5
2026-04-16 04:20	94.970	95.000	94.955	94.990	5
2026-04-16 04:25	94.985	95.000	94.955	94.970	5
2026-04-16 04:30	94.960	95.005	94.933	95.000	5
2026-04-16 04:35	95.005	95.020	94.985	95.020	5
2026-04-16 04:40	95.035	95.080	95.015	95.050	5
2026-04-16 04:45	95.060	95.090	95.050	95.050	5
2026-04-16 04:50	95.040	95.050	95.010	95.015	5
2026-04-16 04:55	95.010	95.030	94.980	95.000	5
2026-04-16 05:00	95.005	95.070	95.000	95.020	5
2026-04-16 05:05	95.015	95.060	94.980	95.000	5
2026-04-16 05:10	94.953	95.040	94.953	95.000	5
2026-04-16 05:15	95.010	95.010	94.960	94.990	5
2026-04-16 05:20	94.975	94.990	94.955	94.990	5
2026-04-16 05:25	94.995	95.005	94.890	94.940	5
2026-04-16 05:30	94.920	94.960	94.785	94.900	5
2026-04-16 05:35	94.895	94.980	94.795	94.920	5
2026-04-16 05:40	94.915	95.010	94.875	94.990	5
2026-04-16 05:45	94.985	95.045	94.825	94.835	5
2026-04-16 05:50	94.815	94.835	94.655	94.655	5
2026-04-16 05:55	94.660	94.785	94.650	94.755	5
2026-04-16 06:00	94.760	94.770	94.590	94.640	5
2026-04-16 06:05	94.645	94.690	94.590	94.595	5
2026-04-16 06:10	94.600	94.760	94.590	94.755	5
2026-04-16 06:15	94.760	94.805	94.720	94.760	5
2026-04-16 06:20	94.770	94.955	94.770	94.920	5
2026-04-16 06:25	94.915	94.975	94.875	94.950	5
2026-04-16 06:30	94.955	95.000	94.905	94.960	5
2026-04-16 06:35	94.955	94.975	94.900	94.930	5
2026-04-16 06:40	94.925	94.975	94.870	94.960	5
2026-04-16 06:45	94.970	95.035	94.920	94.940	5
2026-04-16 06:50	94.935	95.125	94.935	95.080	5
2026-04-16 06:55	95.070	95.125	95.005	95.090	5
2026-04-16 07:00	95.050	95.675	95.050	95.610	5
2026-04-16 07:05	95.600	95.775	95.520	95.630	5
2026-04-16 07:10	95.620	95.620	95.410	95.515	5
2026-04-16 07:15	95.510	95.600	95.420	95.430	5
2026-04-16 07:20	95.425	95.600	95.420	95.525	5
2026-04-16 07:25	95.520	95.590	95.440	95.450	5
2026-04-16 07:30	95.430	95.570	95.390	95.490	5
2026-04-16 07:35	95.500	95.650	95.500	95.555	5
2026-04-16 07:40	95.550	95.770	95.540	95.760	5
2026-04-16 07:45	95.755	95.840	95.690	95.720	5
2026-04-16 07:50	95.730	96.075	95.730	96.040	5
2026-04-16 07:55	96.060	96.305	96.020	96.290	5
2026-04-16 08:00	96.300	96.570	96.245	96.500	5
2026-04-16 08:05	96.505	96.635	96.505	96.560	5
2026-04-16 08:10	96.565	96.570	96.353	96.440	5
2026-04-16 08:15	96.430	96.530	96.230	96.270	5
2026-04-16 08:20	96.285	96.505	96.245	96.495	5
2026-04-16 08:25	96.515	96.600	96.320	96.530	5
2026-04-16 08:30	96.535	96.805	96.375	96.790	5
2026-04-16 08:35	96.800	96.820	96.600	96.600	5
2026-04-16 08:40	96.605	96.670	96.475	96.550	5
2026-04-16 08:45	96.555	96.555	96.270	96.300	5
2026-04-16 08:50	96.295	96.385	96.230	96.310	5
2026-04-16 08:55	96.305	96.365	96.225	96.340	5
2026-04-16 09:00	96.330	96.370	96.220	96.240	5
2026-04-16 09:05	96.230	96.335	96.215	96.255	5
2026-04-16 09:10	96.260	96.360	96.205	96.250	5
2026-04-16 09:15	96.230	96.315	96.110	96.220	5
2026-04-16 09:20	96.215	96.400	96.190	96.370	5
2026-04-16 09:25	96.360	96.430	96.225	96.300	5
2026-04-16 09:30	96.275	96.290	96.130	96.140	5
2026-04-16 09:35	96.145	96.290	96.140	96.215	5
2026-04-16 09:40	96.210	96.320	96.115	96.310	5
2026-04-16 09:45	96.305	96.490	96.305	96.440	5
2026-04-16 09:50	96.455	96.560	96.395	96.550	5
2026-04-16 09:55	96.503	96.560	96.390	96.430	5
2026-04-16 10:00	96.425	96.460	96.305	96.340	5
2026-04-16 10:05	96.335	96.375	96.250	96.260	5
2026-04-16 10:10	96.265	96.285	96.180	96.200	5
2026-04-16 10:15	96.210	96.285	96.135	96.285	5
2026-04-16 10:20	96.270	96.390	96.158	96.390	5
2026-04-16 10:25	96.400	96.470	96.370	96.410	5
2026-04-16 10:30	96.425	96.460	96.325	96.450	5
2026-04-16 10:35	96.440	96.455	96.340	96.350	5
2026-04-16 10:40	96.325	96.375	96.295	96.370	5
2026-04-16 10:45	96.375	96.375	96.250	96.260	5
2026-04-16 10:50	96.270	96.320	96.175	96.190	5
2026-04-16 10:55	96.160	96.220	95.840	95.850	5
2026-04-16 11:00	95.855	95.870	95.635	95.650	5
2026-04-16 11:05	95.645	95.780	95.605	95.635	5
2026-04-16 11:10	95.630	95.655	95.458	95.590	5
2026-04-16 11:15	95.595	95.700	95.405	95.610	5
2026-04-16 11:20	95.615	95.860	95.600	95.820	5
2026-04-16 11:25	95.840	95.915	95.765	95.790	5
2026-04-16 11:30	95.800	95.890	95.775	95.800	5
2026-04-16 11:35	95.805	95.860	95.780	95.860	5
2026-04-16 11:40	95.865	95.920	95.720	95.750	5
2026-04-16 11:45	95.740	95.740	95.540	95.690	5
2026-04-16 11:50	95.680	95.725	95.488	95.685	5
2026-04-16 11:55	95.690	95.750	95.580	95.740	5
2026-04-16 12:00	95.725	95.835	95.500	95.560	5
2026-04-16 12:05	95.555	95.670	95.440	95.575	5
2026-04-16 12:10	95.580	95.770	95.570	95.675	5
2026-04-16 12:15	95.670	95.750	95.595	95.710	5
2026-04-16 12:20	95.715	95.875	95.705	95.830	5
2026-04-16 12:25	95.825	95.875	95.765	95.810	5
2026-04-16 12:30	95.805	96.010	95.735	95.735	5
2026-04-16 12:35	95.730	96.090	95.730	96.080	5
2026-04-16 12:40	96.085	96.320	96.085	96.275	5
2026-04-16 12:45	96.270	96.350	96.215	96.280	5
2026-04-16 12:50	96.310	96.420	96.150	96.380	5
2026-04-16 12:55	96.375	96.460	96.320	96.450	5
2026-04-16 13:00	96.413	96.475	96.280	96.465	5
2026-04-16 13:05	96.460	96.620	96.370	96.610	5
2026-04-16 13:10	96.620	96.750	96.575	96.600	5
2026-04-16 13:15	96.610	96.610	96.395	96.440	5
2026-04-16 13:20	96.445	96.455	96.165	96.240	5
2026-04-16 13:25	96.225	96.370	96.140	96.315	5
2026-04-16 13:30	96.310	96.615	96.295	96.540	5
2026-04-16 13:35	96.550	96.885	96.535	96.870	5
2026-04-16 13:40	96.855	97.225	96.830	96.990	5
2026-04-16 13:45	97.000	97.190	96.965	97.165	5
2026-04-16 13:50	97.175	97.770	97.175	97.755	5
2026-04-16 13:55	97.775	97.820	97.495	97.525	5
2026-04-16 14:00	97.520	97.635	97.458	97.510	5
2026-04-16 14:05	97.515	97.630	97.300	97.465	5
2026-04-16 14:10	97.460	97.510	97.360	97.490	5
2026-04-16 14:15	97.480	97.705	97.455	97.600	5
2026-04-16 14:20	97.590	98.170	97.570	97.985	5
2026-04-16 14:25	97.980	98.020	97.830	97.860	5
2026-04-16 14:30	97.870	98.150	97.830	97.985	5
2026-04-16 14:35	97.990	98.295	97.990	98.150	5
2026-04-16 14:40	98.145	98.145	97.755	97.855	5
2026-04-16 14:45	97.860	97.975	97.705	97.935	5
2026-04-16 14:50	97.940	98.055	97.885	97.920	5
2026-04-16 14:55	97.910	98.115	97.910	97.970	5
2026-04-16 15:00	97.965	97.970	97.620	97.735	5
2026-04-16 15:05	97.730	97.985	97.650	97.650	5
2026-04-16 15:10	97.645	97.765	97.450	97.700	5
2026-04-16 15:15	97.705	98.065	97.470	97.975	5
2026-04-16 15:20	97.985	98.175	97.870	98.140	5
2026-04-16 15:25	98.130	98.495	98.035	98.435	5
2026-04-16 15:30	98.450	98.610	98.250	98.520	5
2026-04-16 15:35	98.525	98.675	97.790	97.900	5
2026-04-16 15:40	97.905	98.810	97.880	98.580	5
2026-04-16 15:45	98.585	98.660	98.455	98.490	5
2026-04-16 15:50	98.495	98.520	98.270	98.405	5
2026-04-16 15:55	98.390	98.430	98.200	98.270	5
2026-04-16 16:00	98.228	98.540	98.218	98.470	5
2026-04-16 16:05	98.465	98.540	98.380	98.530	5
2026-04-16 16:10	98.535	98.640	98.370	98.625	5
2026-04-16 16:15	98.620	98.640	98.465	98.560	5
2026-04-16 16:20	98.555	98.705	98.530	98.610	5
2026-04-16 16:25	98.605	98.705	98.480	98.560	5
2026-04-16 16:30	98.550	99.170	98.540	99.000	5
2026-04-16 16:35	99.005	99.155	98.713	98.960	5
2026-04-16 16:40	98.955	99.430	98.900	99.400	5
2026-04-16 16:45	99.395	99.635	99.325	99.630	5
2026-04-16 16:50	99.615	99.645	99.380	99.510	5
2026-04-16 16:55	99.515	99.575	99.460	99.505	5
2026-04-16 17:00	99.500	99.505	99.365	99.445	5
2026-04-16 17:05	99.425	99.565	99.420	99.490	5
2026-04-16 17:10	99.500	99.700	99.405	99.670	5
2026-04-16 17:15	99.680	99.680	99.480	99.585	5
2026-04-16 17:20	99.535	99.540	99.330	99.430	5
2026-04-16 17:25	99.440	99.545	99.380	99.530	5
2026-04-16 17:30	99.535	99.710	99.510	99.710	5
2026-04-16 17:35	99.740	99.775	99.695	99.750	5
2026-04-16 17:40	99.755	99.755	99.520	99.615	5
2026-04-16 17:45	99.630	99.740	99.585	99.615	5
2026-04-16 17:50	99.620	99.775	99.620	99.720	5
2026-04-16 17:55	99.710	99.740	99.530	99.615	5
2026-04-16 18:00	99.620	99.620	99.098	99.580	5
2026-04-16 18:05	99.575	99.580	99.235	99.340	5
2026-04-16 18:10	99.345	99.420	99.180	99.185	5
2026-04-16 18:15	99.190	99.260	99.110	99.205	5
2026-04-16 18:20	99.210	99.365	99.150	99.350	5
2026-04-16 18:25	99.360	99.475	99.255	99.360	5
2026-04-16 18:30	99.365	99.545	99.260	99.260	5
2026-04-16 18:35	99.255	99.315	99.165	99.200	5
2026-04-16 18:40	99.195	99.210	99.105	99.130	5
2026-04-16 18:45	99.140	99.140	98.813	98.840	5
2026-04-16 18:50	98.845	98.870	98.610	98.670	5
2026-04-16 18:55	98.675	98.675	98.520	98.550	5
2026-04-16 19:00	98.545	98.650	98.425	98.645	5
2026-04-16 19:05	98.650	98.725	98.570	98.575	5
2026-04-16 19:10	98.580	98.820	98.555	98.815	5
2026-04-16 19:15	98.810	98.815	98.650	98.700	5
2026-04-16 19:20	98.710	98.745	98.495	98.540	5
2026-04-16 19:25	98.545	98.580	98.240	98.335	5
2026-04-16 19:30	98.330	98.340	98.080	98.215	5
2026-04-16 19:35	98.210	98.270	98.150	98.195	5
2026-04-16 19:40	98.190	98.190	98.070	98.120	5
2026-04-16 19:45	98.115	98.195	98.045	98.070	5
2026-04-16 19:50	98.040	98.220	98.040	98.190	5
2026-04-16 19:55	98.170	98.220	98.065	98.200	5
2026-04-16 20:00	98.195	98.200	98.107	98.137	5
2026-04-16 20:05	98.147	98.242	98.117	98.142	5
2026-04-16 20:10	98.147	98.177	98.102	98.177	5
2026-04-16 20:15	98.187	98.217	98.077	98.082	5
2026-04-16 20:20	98.077	98.137	98.062	98.097	5
2026-04-16 20:25	98.102	98.167	98.097	98.147	5
2026-04-16 20:30	98.142	98.162	98.047	98.147	5
2026-04-16 20:35	98.142	98.142	97.967	98.007	5
2026-04-16 20:40	98.012	98.027	97.947	97.947	5
2026-04-16 20:45	97.952	98.047	97.932	98.042	5
2026-04-16 20:50	98.047	98.087	97.967	97.987	5
2026-04-16 20:55	97.992	98.032	97.932	97.962	5
2026-04-17 00:00	98.297	98.355	98.115	98.130	5
2026-04-17 00:05	98.125	98.125	97.920	97.995	5
2026-04-17 00:10	97.985	98.200	97.945	98.195	5
2026-04-17 00:15	98.200	98.440	98.030	98.035	5
2026-04-17 00:20	98.040	98.165	97.990	98.155	5
2026-04-17 00:25	98.170	98.170	97.970	98.005	5
2026-04-17 00:30	98.015	98.015	97.940	98.005	5
2026-04-17 00:35	97.995	98.135	97.950	98.095	5
2026-04-17 00:40	98.110	98.150	98.045	98.090	5
2026-04-17 00:45	98.085	98.185	98.085	98.165	5
2026-04-17 00:50	98.160	98.235	98.120	98.230	5
2026-04-17 00:55	98.220	98.290	98.215	98.280	5
2026-04-17 01:00	98.265	98.570	98.265	98.400	5
2026-04-17 01:05	98.420	98.420	98.255	98.380	5
2026-04-17 01:10	98.395	98.455	98.365	98.405	5
2026-04-17 01:15	98.400	98.500	98.390	98.480	5
2026-04-17 01:20	98.500	98.650	98.420	98.590	5
2026-04-17 01:25	98.585	98.610	98.440	98.440	5
2026-04-17 01:30	98.445	98.525	98.380	98.420	5
2026-04-17 01:35	98.415	98.430	98.275	98.290	5
2026-04-17 01:40	98.285	98.355	98.210	98.275	5
2026-04-17 01:45	98.270	98.325	98.205	98.320	5
2026-04-17 01:50	98.325	98.380	98.255	98.380	5
2026-04-17 01:55	98.375	98.380	98.260	98.290	5
2026-04-17 02:00	98.295	98.385	98.280	98.355	5
2026-04-17 02:05	98.360	98.445	98.295	98.405	5
2026-04-17 02:10	98.410	98.475	98.405	98.470	5
2026-04-17 02:15	98.460	98.490	98.400	98.430	5
2026-04-17 02:20	98.425	98.440	98.340	98.380	5
2026-04-17 02:25	98.385	98.400	98.345	98.355	5
2026-04-17 02:30	98.360	98.380	98.200	98.240	5
2026-04-17 02:35	98.255	98.265	98.110	98.170	5
2026-04-17 02:40	98.175	98.215	98.090	98.215	5
2026-04-17 02:45	98.225	98.245	98.115	98.195	5
2026-04-17 02:50	98.200	98.237	98.160	98.190	5
2026-04-17 02:55	98.205	98.235	98.180	98.215	5
2026-04-17 03:00	98.230	98.230	98.100	98.165	5
2026-04-17 03:05	98.170	98.225	98.155	98.220	5
2026-04-17 03:10	98.215	98.310	98.185	98.285	5
2026-04-17 03:15	98.295	98.380	98.290	98.315	5
2026-04-17 03:20	98.310	98.330	98.240	98.300	5
2026-04-17 03:25	98.295	98.330	98.265	98.310	5
2026-04-17 03:30	98.315	98.400	98.305	98.350	5
2026-04-17 03:35	98.340	98.340	98.250	98.275	5
2026-04-17 03:40	98.285	98.295	98.205	98.210	5
2026-04-17 03:45	98.205	98.210	98.133	98.180	5
2026-04-17 03:50	98.155	98.165	98.110	98.150	5
2026-04-17 03:55	98.145	98.225	98.123	98.225	5
2026-04-17 04:00	98.220	98.240	98.125	98.135	5
2026-04-17 04:05	98.130	98.180	98.120	98.160	5
2026-04-17 04:10	98.170	98.200	98.165	98.195	5
2026-04-17 04:15	98.185	98.190	98.130	98.140	5
2026-04-17 04:20	98.135	98.195	98.130	98.150	5
2026-04-17 04:25	98.155	98.185	98.145	98.175	5
2026-04-17 04:30	98.170	98.200	98.080	98.110	5
2026-04-17 04:35	98.115	98.130	98.083	98.110	5
2026-04-17 04:40	98.115	98.115	98.035	98.060	5
2026-04-17 04:45	98.050	98.100	98.020	98.080	5
2026-04-17 04:50	98.075	98.110	98.060	98.090	5
2026-04-17 04:55	98.075	98.095	98.040	98.070	5
2026-04-17 05:00	98.060	98.200	98.030	98.160	5
2026-04-17 05:05	98.170	98.190	98.050	98.070	5
2026-04-17 05:10	98.065	98.110	98.035	98.075	5
2026-04-17 05:15	98.070	98.170	98.060	98.115	5
2026-04-17 05:20	98.120	98.150	98.045	98.060	5
2026-04-17 05:25	98.065	98.090	98.030	98.065	5
2026-04-17 05:30	98.025	98.150	97.985	98.150	5
2026-04-17 05:35	98.135	98.140	98.000	98.120	5
2026-04-17 05:40	98.140	98.150	98.050	98.090	5
2026-04-17 05:45	98.085	98.100	98.010	98.070	5
2026-04-17 05:50	98.075	98.090	98.000	98.045	5
2026-04-17 05:55	98.035	98.155	98.010	98.150	5
2026-04-17 06:00	98.155	98.300	98.130	98.280	5
2026-04-17 06:05	98.285	98.490	98.280	98.450	5
2026-04-17 06:10	98.455	98.460	98.285	98.350	5
2026-04-17 06:15	98.380	98.415	98.290	98.330	5
2026-04-17 06:20	98.335	98.550	98.330	98.400	5
2026-04-17 06:25	98.410	98.690	98.403	98.655	5
2026-04-17 06:30	98.660	98.665	98.520	98.630	5
2026-04-17 06:35	98.635	98.810	98.625	98.700	5
2026-04-17 06:40	98.705	98.760	98.655	98.755	5
2026-04-17 06:45	98.760	98.890	98.740	98.805	5
2026-04-17 06:50	98.800	98.865	98.650	98.655	5
2026-04-17 06:55	98.660	98.740	98.645	98.690	5
2026-04-17 07:00	98.685	98.770	98.585	98.760	5
2026-04-17 07:05	98.765	98.815	98.585	98.680	5
2026-04-17 07:10	98.685	98.735	98.535	98.535	5
2026-04-17 07:15	98.545	98.580	98.450	98.455	5
2026-04-17 07:20	98.450	98.565	98.390	98.530	5
2026-04-17 07:25	98.525	98.605	98.490	98.560	5
2026-04-17 07:30	98.565	98.755	98.370	98.750	5
2026-04-17 07:35	98.760	98.935	98.470	98.475	5
2026-04-17 07:40	98.470	98.710	98.470	98.535	5
2026-04-17 07:45	98.540	98.580	98.420	98.500	5
2026-04-17 07:50	98.490	98.495	98.310	98.490	5
2026-04-17 07:55	98.510	98.615	98.350	98.375	5
2026-04-17 08:00	98.383	98.460	98.195	98.280	5
2026-04-17 08:05	98.285	98.380	98.190	98.305	5
2026-04-17 08:10	98.310	98.335	98.190	98.290	5
2026-04-17 08:15	98.285	98.340	98.155	98.240	5
2026-04-17 08:20	98.230	98.455	98.115	98.280	5
2026-04-17 08:25	98.285	98.455	98.235	98.370	5
2026-04-17 08:30	98.355	98.540	98.325	98.405	5
2026-04-17 08:35	98.410	98.450	98.040	98.095	5
2026-04-17 08:40	98.100	98.110	97.615	97.620	5
2026-04-17 08:45	97.630	97.795	97.555	97.690	5
2026-04-17 08:50	97.675	97.680	97.245	97.260	5
2026-04-17 08:55	97.270	97.492	97.175	97.450	5
2026-04-17 09:00	97.435	97.475	97.285	97.370	5
2026-04-17 09:05	97.400	97.435	97.270	97.300	5
2026-04-17 09:10	97.305	97.455	97.270	97.450	5
2026-04-17 09:15	97.455	97.790	97.450	97.540	5
2026-04-17 09:20	97.535	97.540	97.290	97.320	5
2026-04-17 09:25	97.315	97.315	96.580	96.630	5
2026-04-17 09:30	96.610	96.780	96.435	96.435	5
2026-04-17 09:35	96.420	96.520	96.220	96.330	5
2026-04-17 09:40	96.325	96.460	96.135	96.455	5
2026-04-17 09:45	96.440	96.610	96.210	96.230	5
2026-04-17 09:50	96.235	96.320	96.045	96.070	5
2026-04-17 09:55	96.065	96.290	95.990	96.175	5
2026-04-17 10:00	96.170	96.390	96.133	96.380	5
2026-04-17 10:05	96.395	96.405	96.055	96.105	5
2026-04-17 10:10	96.100	96.270	95.580	95.870	5
2026-04-17 10:15	95.860	96.070	95.800	95.995	5
2026-04-17 10:20	95.985	96.032	95.755	95.790	5
2026-04-17 10:25	95.815	96.220	95.790	96.110	5
2026-04-17 10:30	96.105	96.210	95.950	96.160	5
2026-04-17 10:35	96.170	96.220	95.950	95.990	5
2026-04-17 10:40	96.005	96.415	95.990	96.410	5
2026-04-17 10:45	96.405	96.510	96.360	96.425	5
2026-04-17 10:50	96.420	96.475	96.215	96.215	5
2026-04-17 10:55	96.210	96.465	96.170	96.295	5
2026-04-17 11:00	96.310	96.310	96.140	96.310	5
2026-04-17 11:05	96.330	96.370	96.185	96.220	5
2026-04-17 11:10	96.225	96.395	96.195	96.340	5
2026-04-17 11:15	96.335	96.405	96.205	96.240	5
2026-04-17 11:20	96.230	96.255	96.080	96.125	5
2026-04-17 11:25	96.135	96.315	96.135	96.220	5
2026-04-17 11:30	96.215	96.265	96.000	96.210	5
2026-04-17 11:35	96.205	96.355	96.190	96.320	5
2026-04-17 11:40	96.285	96.285	96.060	96.065	5
2026-04-17 11:45	96.070	96.140	95.830	95.915	5
2026-04-17 11:50	95.910	95.940	95.820	95.855	5
2026-04-17 11:55	95.870	96.045	95.865	96.020	5
2026-04-17 12:00	96.045	96.230	96.025	96.035	5
2026-04-17 12:05	96.030	96.030	95.830	95.935	5
2026-04-17 12:10	95.940	96.045	95.815	95.870	5
2026-04-17 12:15	95.840	95.980	95.635	95.680	5
2026-04-17 12:20	95.685	95.830	94.940	94.940	5
2026-04-17 12:25	94.945	95.150	94.373	94.885	5
2026-04-17 12:30	94.880	95.090	94.625	95.050	5
2026-04-17 12:35	95.090	95.240	94.848	95.210	5
2026-04-17 12:40	95.205	95.330	95.155	95.220	5
2026-04-17 12:45	95.215	95.240	91.688	91.768	5
2026-04-17 12:50	91.743	92.375	89.920	90.020	7
2026-04-17 12:55	90.030	90.840	89.573	90.450	5
2026-04-17 13:00	90.483	91.230	89.930	90.040	5
2026-04-17 13:05	90.027	90.270	88.755	88.980	5
2026-04-17 13:10	88.975	89.025	87.693	88.660	5
2026-04-17 13:15	88.665	89.685	88.665	89.070	5
2026-04-17 13:20	89.093	89.765	89.093	89.275	5
2026-04-17 13:25	89.285	90.095	88.930	89.503	5
2026-04-17 13:30	89.545	89.765	88.920	89.040	5
2026-04-17 13:35	89.055	89.145	88.568	88.630	5
2026-04-17 13:40	88.612	89.195	88.540	88.880	5
2026-04-17 13:45	88.865	90.300	88.310	89.305	5
2026-04-17 13:50	89.300	89.300	88.830	89.030	5
2026-04-17 13:55	89.017	89.390	88.723	88.885	5
2026-04-17 14:00	88.925	89.040	88.108	88.230	5
2026-04-17 14:05	88.225	88.530	88.175	88.385	5
2026-04-17 14:10	88.370	88.865	88.285	88.325	5
2026-04-17 14:15	88.330	88.350	87.998	88.312	5
2026-04-17 14:20	88.315	88.503	87.745	87.760	5
2026-04-17 14:25	87.750	88.200	87.710	88.120	5
2026-04-17 14:30	88.105	88.220	87.205	87.345	5
2026-04-17 14:35	87.360	87.790	87.065	87.115	5
2026-04-17 14:40	87.120	87.120	86.043	86.405	5
2026-04-17 14:45	86.395	86.745	86.185	86.330	5
2026-04-17 14:50	86.320	86.665	86.245	86.625	5
2026-04-17 14:55	86.620	87.250	86.550	87.195	5
2026-04-17 15:00	87.208	87.558	87.050	87.405	5
2026-04-17 15:05	87.400	88.030	87.295	87.820	5
2026-04-17 15:10	87.830	88.345	87.750	88.265	5
2026-04-17 15:15	88.270	88.800	88.055	88.710	5
2026-04-17 15:20	88.715	88.990	88.605	88.775	5
2026-04-17 15:25	88.785	89.285	88.660	89.245	5
2026-04-17 15:30	89.243	89.570	88.945	88.945	5
2026-04-17 15:35	88.950	89.140	88.735	88.745	5
2026-04-17 15:40	88.740	89.280	88.570	89.205	5
2026-04-17 15:45	89.195	89.380	89.088	89.200	5
2026-04-17 15:50	89.187	89.187	88.565	88.890	5
2026-04-17 15:55	88.910	89.090	88.750	88.950	5
2026-04-17 16:00	88.975	89.275	88.820	89.110	5
2026-04-17 16:05	89.127	89.240	88.535	88.750	5
2026-04-17 16:10	88.770	88.935	88.440	88.460	5
2026-04-17 16:15	88.465	88.820	88.375	88.450	5
2026-04-17 16:20	88.445	88.875	88.375	88.850	5
2026-04-17 16:25	88.875	89.225	88.828	89.210	5
2026-04-17 16:30	89.200	89.225	88.930	89.110	5
2026-04-17 16:35	89.125	89.185	88.940	88.965	5
2026-04-17 16:40	88.980	89.005	88.895	88.945	5
2026-04-17 16:45	88.960	89.040	88.780	88.850	5
2026-04-17 16:50	88.870	89.035	88.705	88.935	5
2026-04-17 16:55	88.925	88.975	88.810	88.840	5
2026-04-17 17:00	88.785	89.370	88.755	89.115	5
2026-04-17 17:05	89.110	89.918	89.080	89.660	5
2026-04-17 17:10	89.655	89.725	89.368	89.485	5
2026-04-17 17:15	89.480	89.825	89.460	89.775	5
2026-04-17 17:20	89.780	90.540	89.745	90.467	5
2026-04-17 17:25	90.445	90.720	90.225	90.690	5
2026-04-17 17:30	90.700	90.720	90.450	90.580	5
2026-04-17 17:35	90.590	90.710	90.370	90.555	5
2026-04-17 17:40	90.540	90.570	90.405	90.485	5
2026-04-17 17:45	90.490	90.530	89.995	90.120	5
2026-04-17 17:50	90.135	90.290	90.110	90.240	5
2026-04-17 17:55	90.230	90.320	89.910	89.920	5
2026-04-17 18:00	89.910	90.170	89.845	90.170	5
2026-04-17 18:05	90.175	90.565	90.075	90.560	5
2026-04-17 18:10	90.545	90.880	90.490	90.860	5
2026-04-17 18:15	90.855	90.930	90.475	90.675	5
2026-04-17 18:20	90.685	90.830	89.673	89.885	5
2026-04-17 18:25	89.880	90.660	89.650	90.640	5
2026-04-17 18:30	90.625	90.785	90.505	90.640	5
2026-04-17 18:35	90.655	91.100	90.650	90.970	5
2026-04-17 18:40	90.965	91.070	90.880	90.995	5
2026-04-17 18:45	90.990	91.140	90.895	91.130	5
2026-04-17 18:50	91.120	91.267	90.985	91.145	5
2026-04-17 18:55	91.155	91.200	90.995	91.060	5
2026-04-17 19:00	91.045	91.095	90.775	90.810	5
2026-04-17 19:05	90.820	90.970	90.720	90.870	5
2026-04-17 19:10	90.865	91.020	90.860	90.890	5
2026-04-17 19:15	90.865	90.890	90.725	90.725	5
2026-04-17 19:20	90.710	90.825	90.610	90.680	5
2026-04-17 19:25	90.700	90.765	90.630	90.765	5
2026-04-17 19:30	90.790	90.800	90.570	90.585	5
2026-04-17 19:35	90.590	90.660	90.370	90.375	5
2026-04-17 19:40	90.380	90.395	90.235	90.255	5
2026-04-17 19:45	90.260	90.590	90.260	90.575	5
2026-04-17 19:50	90.565	90.760	90.518	90.710	5
2026-04-17 19:55	90.705	90.725	90.610	90.720	5
2026-04-17 20:00	90.725	90.730	90.537	90.587	5
2026-04-17 20:05	90.602	90.742	90.602	90.632	5
2026-04-17 20:10	90.637	90.722	90.637	90.707	5
2026-04-17 20:15	90.688	90.767	90.672	90.687	5
2026-04-17 20:20	90.697	91.112	90.687	90.967	5
2026-04-17 20:25	90.962	91.077	90.907	90.917	5
2026-04-17 20:30	90.907	90.932	90.777	90.837	5
2026-04-17 20:35	90.842	90.952	90.842	90.942	5
2026-04-17 20:40	90.952	91.067	90.867	91.067	5
2026-04-17 20:45	91.062	91.387	91.052	91.337	5
2026-04-17 20:50	91.332	91.537	91.172	91.182	5
2026-04-17 20:55	91.202	92.042	91.157	91.947	5
2026-04-20 00:00	96.642	96.895	96.598	96.890	5
2026-04-20 00:05	96.885	96.935	96.733	96.930	5
2026-04-20 00:10	96.915	96.930	96.390	96.465	5
2026-04-20 00:15	96.460	96.510	96.007	96.050	5
2026-04-20 00:20	96.055	96.065	95.930	96.035	5
2026-04-20 00:25	96.040	96.075	95.845	95.920	5
2026-04-20 00:30	95.925	96.035	95.710	95.745	5
2026-04-20 00:35	95.750	95.975	95.750	95.945	5
2026-04-20 00:40	95.940	96.005	95.920	95.920	5
2026-04-20 00:45	95.900	95.920	95.825	95.875	5
2026-04-20 00:50	95.885	96.010	95.865	95.940	5
2026-04-20 00:55	95.935	95.955	95.715	95.725	5
2026-04-20 01:00	95.700	95.707	95.265	95.485	5
2026-04-20 01:05	95.490	95.535	95.170	95.335	5
2026-04-20 01:10	95.345	95.510	95.318	95.450	5
2026-04-20 01:15	95.455	95.570	95.365	95.380	5
2026-04-20 01:20	95.375	95.470	95.260	95.285	5
2026-04-20 01:25	95.295	95.370	95.245	95.255	5
2026-04-20 01:30	95.265	95.350	95.125	95.320	5
2026-04-20 01:35	95.330	95.395	94.850	94.860	5
2026-04-20 01:40	94.875	95.065	94.810	95.065	5
2026-04-20 01:45	95.070	95.135	94.990	95.055	5
2026-04-20 01:50	95.050	95.050	94.530	94.715	5
2026-04-20 01:55	94.695	94.745	94.515	94.595	5
2026-04-20 02:00	94.585	94.770	94.555	94.770	5
2026-04-20 02:05	94.765	94.830	94.590	94.625	5
2026-04-20 02:10	94.635	94.810	94.615	94.780	5
2026-04-20 02:15	94.785	94.825	94.685	94.785	5
2026-04-20 02:20	94.790	94.915	94.750	94.835	5
2026-04-20 02:25	94.850	94.860	94.745	94.785	5
2026-04-20 02:30	94.795	94.905	94.685	94.835	5
2026-04-20 02:35	94.825	95.115	94.785	95.110	5
2026-04-20 02:40	95.105	95.135	94.885	94.885	5
2026-04-20 02:45	94.880	95.095	94.810	95.055	5
2026-04-20 02:50	95.050	95.190	95.015	95.115	5
2026-04-20 02:55	95.120	95.240	95.045	95.045	5
2026-04-20 03:00	95.050	95.160	95.045	95.135	5
2026-04-20 03:05	95.130	95.190	95.050	95.110	5
2026-04-20 03:10	95.115	95.375	95.115	95.240	5
2026-04-20 03:15	95.250	95.290	95.215	95.215	5
2026-04-20 03:20	95.210	95.310	95.105	95.265	5
2026-04-20 03:25	95.255	95.320	95.200	95.205	5
2026-04-20 03:30	95.200	95.200	95.095	95.115	5
2026-04-20 03:35	95.110	95.225	95.105	95.200	5
2026-04-20 03:40	95.190	95.300	95.185	95.210	5
2026-04-20 03:45	95.215	95.295	95.155	95.180	5
2026-04-20 03:50	95.175	95.245	95.140	95.190	5
2026-04-20 03:55	95.180	95.250	95.160	95.240	5
2026-04-20 04:00	95.230	95.445	95.230	95.425	5
2026-04-20 04:05	95.430	95.460	95.355	95.390	5
2026-04-20 04:10	95.390	95.410	95.335	95.390	5
2026-04-20 04:15	95.395	95.470	95.390	95.460	5
2026-04-20 04:20	95.470	95.470	95.405	95.405	5
2026-04-20 04:25	95.410	95.475	95.405	95.460	5
2026-04-20 04:30	95.455	95.560	95.450	95.515	5
2026-04-20 04:35	95.510	95.640	95.475	95.545	5
2026-04-20 04:40	95.540	95.540	95.330	95.345	5
2026-04-20 04:45	95.340	95.365	95.110	95.255	5
2026-04-20 04:50	95.265	95.360	95.250	95.300	5
2026-04-20 04:55	95.265	95.305	95.220	95.230	5
2026-04-20 05:00	95.225	95.320	95.120	95.320	5
2026-04-20 05:05	95.315	95.440	95.305	95.385	5
2026-04-20 05:10	95.380	95.405	95.270	95.315	5
2026-04-20 05:15	95.310	95.380	95.265	95.290	5
2026-04-20 05:20	95.280	95.520	95.265	95.460	5
2026-04-20 05:25	95.455	95.560	95.410	95.480	5
2026-04-20 05:30	95.475	95.530	95.295	95.295	5
2026-04-20 05:35	95.285	95.405	95.235	95.385	5
2026-04-20 05:40	95.395	95.500	95.285	95.485	5
2026-04-20 05:45	95.430	95.445	95.325	95.370	5
2026-04-20 05:50	95.323	95.455	95.145	95.145	5
2026-04-20 05:55	95.150	95.180	95.035	95.145	5
2026-04-20 06:00	95.133	95.270	94.915	95.010	5
2026-04-20 06:05	95.015	95.130	94.955	94.980	5
2026-04-20 06:10	94.985	95.115	94.970	95.080	5
2026-04-20 06:15	95.085	95.440	95.065	95.420	5
2026-04-20 06:20	95.425	95.495	95.360	95.440	5
2026-04-20 06:25	95.445	95.475	95.315	95.415	5
2026-04-20 06:30	95.405	95.435	95.135	95.275	5
2026-04-20 06:35	95.280	95.325	95.170	95.300	5
2026-04-20 06:40	95.295	95.370	95.135	95.230	5
2026-04-20 06:45	95.215	95.425	95.185	95.250	5
2026-04-20 06:50	95.265	95.540	95.265	95.515	5
2026-04-20 06:55	95.510	95.820	95.140	95.145	5
2026-04-20 07:00	95.140	95.440	94.300	94.830	5
2026-04-20 07:05	94.835	95.025	94.725	94.795	5
2026-04-20 07:10	94.815	94.965	94.655	94.965	5
2026-04-20 07:15	94.975	95.040	94.658	94.745	5
2026-04-20 07:20	94.750	94.790	94.515	94.715	5
2026-04-20 07:25	94.720	95.330	94.655	95.215	5
2026-04-20 07:30	95.210	95.990	95.058	95.835	5
2026-04-20 07:35	95.830	96.195	95.680	95.795	5
2026-04-20 07:40	95.830	95.830	95.660	95.740	5
2026-04-20 07:45	95.745	96.002	95.745	95.975	5
2026-04-20 07:50	95.980	96.035	95.805	95.835	5
2026-04-20 07:55	95.830	95.850	95.570	95.595	5
2026-04-20 08:00	95.590	95.765	95.408	95.725	5
2026-04-20 08:05	95.720	95.840	95.630	95.835	5
2026-04-20 08:10	95.840	95.890	95.375	95.575	5
2026-04-20 08:15	95.580	96.075	95.525	95.935	5
2026-04-20 08:20	95.940	96.215	95.940	95.975	5
2026-04-20 08:25	95.980	96.105	95.575	95.695	5
2026-04-20 08:30	95.675	95.885	95.625	95.710	5
2026-04-20 08:35	95.720	95.970	95.640	95.775	5
2026-04-20 08:40	95.780	95.900	95.765	95.770	5
2026-04-20 08:45	95.745	95.990	95.725	95.860	5
2026-04-20 08:50	95.870	95.870	95.520	95.575	5
2026-04-20 08:55	95.580	95.615	95.148	95.200	5
2026-04-20 09:00	95.190	95.260	94.935	94.970	5
2026-04-20 09:05	94.975	95.105	94.550	95.070	5
2026-04-20 09:10	95.075	95.405	95.075	95.120	5
2026-04-20 09:15	95.130	95.240	94.945	95.105	5
2026-04-20 09:20	95.110	95.120	94.845	95.045	5
2026-04-20 09:25	94.990	95.070	94.870	94.875	5
2026-04-20 09:30	94.880	94.880	94.575	94.610	5
2026-04-20 09:35	94.615	94.930	94.515	94.880	5
2026-04-20 09:40	94.900	94.920	94.575	94.580	5
2026-04-20 09:45	94.575	94.685	94.480	94.630	5
2026-04-20 09:50	94.635	94.730	94.460	94.710	5
2026-04-20 09:55	94.700	94.945	94.690	94.925	5
2026-04-20 10:00	94.935	94.940	94.400	94.475	5
2026-04-20 10:05	94.480	94.525	94.120	94.175	5
2026-04-20 10:10	94.180	94.525	94.010	94.510	5
2026-04-20 10:15	94.500	94.520	94.013	94.295	5
2026-04-20 10:20	94.305	94.775	94.300	94.735	5
2026-04-20 10:25	94.725	94.755	94.458	94.550	5
2026-04-20 10:30	94.545	94.705	94.465	94.660	5
2026-04-20 10:35	94.665	94.800	94.620	94.650	5
2026-04-20 10:40	94.655	94.820	94.655	94.790	5
2026-04-20 10:45	94.795	94.820	94.645	94.820	5
2026-04-20 10:50	94.847	94.960	94.790	94.835	5
2026-04-20 10:55	94.860	95.050	94.820	94.925	5
2026-04-20 11:00	94.920	95.245	94.920	95.180	5
2026-04-20 11:05	95.190	95.290	95.010	95.115	5
2026-04-20 11:10	95.120	95.250	95.090	95.110	5
2026-04-20 11:15	95.105	95.275	95.025	95.235	5
2026-04-20 11:20	95.220	95.335	95.100	95.110	5
2026-04-20 11:25	95.125	95.150	95.010	95.100	5
2026-04-20 11:30	95.110	95.125	94.537	94.990	5
2026-04-20 11:35	95.015	95.125	94.635	94.875	5
2026-04-20 11:40	94.870	95.100	94.805	94.845	5
2026-04-20 11:45	94.835	94.955	94.655	94.755	5
2026-04-20 11:50	94.760	94.930	94.595	94.780	5
2026-04-20 11:55	94.775	94.850	94.555	94.640	5
2026-04-20 12:00	94.655	95.060	94.503	94.770	5
2026-04-20 12:05	94.765	94.800	94.460	94.780	5
2026-04-20 12:10	94.765	94.790	94.500	94.710	5
2026-04-20 12:15	94.720	94.945	94.640	94.770	5
2026-04-20 12:20	94.740	94.900	94.625	94.805	5
2026-04-20 12:25	94.800	94.900	94.675	94.775	5
2026-04-20 12:30	94.760	95.120	94.675	94.935	5
2026-04-20 12:35	94.930	95.010	94.730	94.895	5
2026-04-20 12:40	94.900	95.190	94.895	95.120	5
2026-04-20 12:45	95.125	95.210	94.790	94.800	5
2026-04-20 12:50	94.820	94.910	94.530	94.795	5
2026-04-20 12:55	94.790	95.035	94.745	94.840	5
2026-04-20 13:00	94.838	95.100	94.838	94.950	5
2026-04-20 13:05	94.940	94.970	93.648	94.075	5
2026-04-20 13:10	94.050	94.270	93.795	94.085	5
2026-04-20 13:15	94.080	94.195	93.778	93.830	5
2026-04-20 13:20	93.840	94.035	93.545	93.780	5
2026-04-20 13:25	93.755	93.855	93.023	93.195	5
2026-04-20 13:30	93.200	93.290	92.741	93.040	5
2026-04-20 13:35	93.045	93.735	92.880	93.710	5
2026-04-20 13:40	93.725	93.830	93.150	93.240	5
2026-04-20 13:45	93.265	93.570	93.200	93.515	5
2026-04-20 13:50	93.520	93.770	93.380	93.595	5
2026-04-20 13:55	93.605	93.850	93.605	93.700	5
2026-04-20 14:00	93.720	94.285	93.715	94.127	5
2026-04-20 14:05	94.132	94.370	94.055	94.310	5
2026-04-20 14:10	94.325	94.820	94.320	94.360	5
2026-04-20 14:15	94.395	94.610	94.183	94.188	5
2026-04-20 14:20	94.163	94.360	94.080	94.170	5
2026-04-20 14:25	94.175	94.520	94.130	94.290	5
2026-04-20 14:30	94.295	94.450	94.025	94.290	5
2026-04-20 14:35	94.295	94.810	94.255	94.790	5
2026-04-20 14:40	94.785	95.150	94.780	94.865	5
2026-04-20 14:45	94.875	95.125	94.733	94.960	5
2026-04-20 14:50	94.955	96.018	94.910	95.495	7
2026-04-20 14:55	95.490	95.635	95.300	95.450	5
2026-04-20 15:00	95.480	95.615	95.270	95.365	5
2026-04-20 15:05	95.370	95.585	95.290	95.580	5
2026-04-20 15:10	95.595	95.680	95.360	95.400	5
2026-04-20 15:15	95.405	95.800	95.385	95.780	5
2026-04-20 15:20	95.795	95.815	94.833	95.085	5
2026-04-20 15:25	95.080	95.380	94.823	94.913	5
2026-04-20 15:30	94.908	95.295	94.870	95.280	5
2026-04-20 15:35	95.290	95.690	95.235	95.660	5
2026-04-20 15:40	95.655	95.685	95.110	95.230	5
2026-04-20 15:45	95.235	95.365	95.125	95.220	5
2026-04-20 15:50	95.225	95.550	95.215	95.535	5
2026-04-20 15:55	95.545	95.550	95.305	95.430	5
2026-04-20 16:00	95.410	95.640	95.370	95.485	5
2026-04-20 16:05	95.475	95.485	95.235	95.330	5
2026-04-20 16:10	95.335	95.355	95.170	95.310	5
2026-04-20 16:15	95.315	95.455	95.240	95.240	5
2026-04-20 16:20	95.250	95.250	95.050	95.220	5
2026-04-20 16:25	95.225	95.290	95.090	95.190	5
2026-04-20 16:30	95.205	95.265	95.080	95.225	5
2026-04-20 16:35	95.267	95.425	95.240	95.380	5
2026-04-20 16:40	95.390	95.470	95.215	95.460	5
2026-04-20 16:45	95.465	95.570	95.330	95.335	5
2026-04-20 16:50	95.330	95.330	95.035	95.120	5
2026-04-20 16:55	95.115	95.360	95.115	95.310	5
2026-04-20 17:00	95.315	95.565	95.088	95.405	5
2026-04-20 17:05	95.415	95.480	95.290	95.370	5
2026-04-20 17:10	95.365	95.375	95.150	95.190	5
2026-04-20 17:15	95.195	95.470	95.190	95.410	5
2026-04-20 17:20	95.420	95.695	95.420	95.665	5
2026-04-20 17:25	95.660	95.710	95.595	95.680	5
2026-04-20 17:30	95.685	95.840	95.610	95.840	5
2026-04-20 17:35	95.835	95.860	95.230	95.250	5
2026-04-20 17:40	95.255	95.375	95.095	95.190	5
2026-04-20 17:45	95.195	95.340	95.150	95.220	5
2026-04-20 17:50	95.225	95.345	95.220	95.295	5
2026-04-20 17:55	95.300	95.515	95.280	95.410	5
2026-04-20 18:00	95.410	95.430	95.205	95.280	5
2026-04-20 18:05	95.260	95.400	95.085	95.235	5
2026-04-20 18:10	95.240	95.755	95.193	95.390	5
2026-04-20 18:15	95.380	95.430	95.085	95.120	5
2026-04-20 18:20	95.095	95.190	95.010	95.080	5
2026-04-20 18:25	95.070	95.577	95.040	95.430	5
2026-04-20 18:30	95.435	95.680	95.355	95.600	5
2026-04-20 18:35	95.610	95.815	95.548	95.775	5
2026-04-20 18:40	95.770	95.795	95.568	95.595	5
2026-04-20 18:45	95.600	95.715	95.520	95.520	5
2026-04-20 18:50	95.510	95.515	95.435	95.480	5
2026-04-20 18:55	95.470	95.480	95.320	95.440	5
2026-04-20 19:00	95.450	95.485	95.375	95.390	5
2026-04-20 19:05	95.385	95.455	95.365	95.455	5
2026-04-20 19:10	95.450	95.450	95.210	95.315	5
2026-04-20 19:15	95.310	95.390	95.270	95.315	5
2026-04-20 19:20	95.325	95.330	95.190	95.240	5
2026-04-20 19:25	95.235	95.260	95.190	95.240	5
2026-04-20 19:30	95.230	95.260	95.155	95.165	5
2026-04-20 19:35	95.170	95.180	95.005	95.130	5
2026-04-20 19:40	95.125	95.200	95.080	95.080	5
2026-04-20 19:45	95.070	95.075	94.985	95.020	5
2026-04-20 19:50	95.015	95.130	94.995	95.045	5
2026-04-20 19:55	95.040	95.055	94.915	94.990	5
2026-04-20 20:00	94.995	94.995	94.867	94.992	5
2026-04-20 20:05	94.997	95.042	94.922	94.962	5
2026-04-20 20:10	94.982	95.097	94.972	95.042	5
2026-04-20 20:15	95.037	95.097	95.007	95.042	5
2026-04-20 20:20	95.047	95.092	95.032	95.052	5
2026-04-20 20:25	95.057	95.087	94.967	94.972	5
2026-04-20 20:30	94.977	95.012	94.757	94.802	5
2026-04-20 20:35	94.807	94.897	94.717	94.862	5
2026-04-20 20:40	94.842	94.987	94.732	94.977	5
2026-04-20 20:45	94.992	95.017	94.667	94.682	5
2026-04-20 20:50	94.677	94.692	94.142	94.162	5
2026-04-20 20:55	94.157	94.252	93.917	94.227	5
2026-04-21 00:00	94.458	94.760	94.417	94.755	5
2026-04-21 00:05	94.750	94.925	94.598	94.770	5
2026-04-21 00:10	94.765	94.825	94.575	94.610	5
2026-04-21 00:15	94.605	94.745	94.605	94.730	5
2026-04-21 00:20	94.720	94.750	94.600	94.675	5
2026-04-21 00:25	94.685	94.780	94.655	94.715	5
2026-04-21 00:30	94.710	94.790	94.690	94.735	5
2026-04-21 00:35	94.730	94.880	94.715	94.840	5
2026-04-21 00:40	94.815	94.815	94.710	94.775	5
2026-04-21 00:45	94.760	94.845	94.595	94.630	5
2026-04-21 00:50	94.595	94.815	94.585	94.805	5
2026-04-21 00:55	94.810	94.845	94.720	94.835	5
2026-04-21 01:00	94.830	95.020	94.830	95.020	5
2026-04-21 01:05	95.010	95.030	94.905	94.965	5
2026-04-21 01:10	94.975	95.090	94.955	95.075	5
2026-04-21 01:15	95.080	95.110	95.010	95.025	5
2026-04-21 01:20	95.035	95.110	94.950	94.980	5
2026-04-21 01:25	94.950	95.125	94.950	95.070	5
2026-04-21 01:30	95.085	95.085	94.945	95.010	5
2026-04-21 01:35	95.000	95.030	94.935	94.950	5
2026-04-21 01:40	94.955	94.980	94.830	94.885	5
2026-04-21 01:45	94.890	95.035	94.820	94.975	5
2026-04-21 01:50	94.980	95.025	94.905	95.015	5
2026-04-21 01:55	95.020	95.130	95.015	95.095	5
2026-04-21 02:00	95.090	95.125	95.045	95.115	5
2026-04-21 02:05	95.120	95.160	95.060	95.140	5
2026-04-21 02:10	95.145	95.160	95.080	95.095	5
2026-04-21 02:15	95.085	95.110	94.900	94.915	5
2026-04-21 02:20	94.920	94.965	94.910	94.965	5
2026-04-21 02:25	94.945	94.945	94.875	94.890	5
2026-04-21 02:30	94.885	94.970	94.830	94.940	5
2026-04-21 02:35	94.950	94.975	94.830	94.850	5
2026-04-21 02:40	94.855	94.880	94.800	94.830	5
2026-04-21 02:45	94.820	94.925	94.800	94.920	5
2026-04-21 02:50	94.915	94.945	94.845	94.855	5
2026-04-21 02:55	94.850	94.960	94.850	94.930	4
2026-04-21 03:00	94.920	94.960	94.855	94.920	5
2026-04-21 03:05	94.925	95.005	94.925	94.955	5
2026-04-21 03:10	94.960	95.080	94.955	95.055	5
2026-04-21 03:15	95.050	95.050	94.970	95.040	5
2026-04-21 03:20	95.030	95.140	95.010	95.135	5
2026-04-21 03:25	95.125	95.130	94.925	94.930	5
2026-04-21 03:30	94.920	94.985	94.860	94.985	5
2026-04-21 03:35	94.990	95.020	94.970	94.995	5
2026-04-21 03:40	94.990	95.060	94.985	95.050	5
2026-04-21 03:45	95.045	95.055	94.985	94.995	5
2026-04-21 03:50	95.005	95.030	94.900	94.910	5
2026-04-21 03:55	94.915	94.985	94.915	94.975	5
2026-04-21 04:00	94.980	94.980	94.890	94.905	5
2026-04-21 04:05	94.900	94.915	94.760	94.820	5
2026-04-21 04:10	94.835	94.835	94.760	94.790	5
2026-04-21 04:15	94.785	94.805	94.775	94.795	5
2026-04-21 04:20	94.800	94.800	94.760	94.795	5
2026-04-21 04:25	94.790	94.805	94.770	94.780	5
2026-04-21 04:30	94.775	94.820	94.773	94.780	5
2026-04-21 04:35	94.790	94.850	94.785	94.840	5
2026-04-21 04:40	94.835	94.910	94.835	94.900	5
2026-04-21 04:45	94.890	94.920	94.810	94.870	5
2026-04-21 04:50	94.865	94.870	94.780	94.805	4
2026-04-21 04:55	94.800	94.805	94.610	94.610	5
2026-04-21 05:00	94.590	94.610	94.360	94.375	5
2026-04-21 05:05	94.370	94.390	94.240	94.285	5
2026-04-21 05:10	94.290	94.395	94.270	94.295	5
2026-04-21 05:15	94.285	94.375	94.220	94.245	5
2026-04-21 05:20	94.230	94.265	94.105	94.105	5
2026-04-21 05:25	94.110	94.135	93.875	93.910	5
2026-04-21 05:30	93.905	93.975	93.850	93.960	5
2026-04-21 05:35	93.950	94.150	93.923	94.090	5
2026-04-21 05:40	94.100	94.170	94.070	94.115	5
2026-04-21 05:45	94.130	94.410	94.125	94.400	5
2026-04-21 05:50	94.410	94.455	94.385	94.390	5
2026-04-21 05:55	94.400	94.500	94.385	94.405	5
2026-04-21 06:00	94.390	94.690	94.385	94.650	5
2026-04-21 06:05	94.635	94.725	94.585	94.635	5
2026-04-21 06:10	94.630	94.635	94.495	94.560	5
2026-04-21 06:15	94.550	94.690	94.510	94.670	5
2026-04-21 06:20	94.655	94.665	94.520	94.520	5
2026-04-21 06:25	94.530	94.585	94.435	94.545	5
2026-04-21 06:30	94.550	94.720	94.453	94.685	5
2026-04-21 06:35	94.675	94.720	94.505	94.605	5
2026-04-21 06:40	94.595	94.800	94.590	94.790	5
2026-04-21 06:45	94.800	94.895	94.700	94.705	5
2026-04-21 06:50	94.700	94.855	94.700	94.760	5
2026-04-21 06:55	94.755	95.030	94.690	94.910	5
2026-04-21 07:00	94.895	95.650	94.895	95.510	5
2026-04-21 07:05	95.505	95.505	95.275	95.315	5
2026-04-21 07:10	95.320	95.320	95.070	95.140	5
2026-04-21 07:15	95.130	95.175	94.895	95.015	5
2026-04-21 07:20	95.005	95.270	94.980	95.215	5
2026-04-21 07:25	95.205	95.220	95.050	95.085	5
2026-04-21 07:30	95.080	95.225	94.985	95.085	5
2026-04-21 07:35	95.080	95.105	94.895	95.025	5
2026-04-21 07:40	95.010	95.050	94.685	94.740	5
2026-04-21 07:45	94.720	94.750	94.425	94.480	5
2026-04-21 07:50	94.475	94.500	94.020	94.345	5
2026-04-21 07:55	94.340	94.770	94.320	94.745	5
2026-04-21 08:00	94.725	94.870	94.585	94.780	5
2026-04-21 08:05	94.760	95.015	94.735	94.935	5
2026-04-21 08:10	94.930	95.130	94.895	94.945	5
2026-04-21 08:15	94.935	94.960	94.735	94.910	5
2026-04-21 08:20	94.900	94.920	94.580	94.605	5
2026-04-21 08:25	94.600	94.610	94.285	94.415	5
2026-04-21 08:30	94.445	94.700	94.355	94.510	5
2026-04-21 08:35	94.525	94.845	94.475	94.480	5
2026-04-21 08:40	94.460	94.560	94.275	94.295	5
2026-04-21 08:45	94.280	94.610	94.270	94.600	5
2026-04-21 08:50	94.595	94.760	94.540	94.600	5
2026-04-21 08:55	94.595	94.980	94.580	94.935	5
2026-04-21 09:00	94.893	95.540	94.893	95.400	5
2026-04-21 09:05	95.395	95.415	95.100	95.305	5
2026-04-21 09:10	95.300	95.370	95.035	95.080	5
2026-04-21 09:15	95.065	95.175	94.875	94.880	5
2026-04-21 09:20	94.895	95.175	94.875	95.140	5
2026-04-21 09:25	95.110	95.140	94.910	94.910	5
2026-04-21 09:30	94.900	94.920	94.665	94.800	5
2026-04-21 09:35	94.790	95.020	94.790	95.000	5
2026-04-21 09:40	94.985	95.065	94.870	95.035	5
2026-04-21 09:45	94.990	95.070	94.885	94.890	5
2026-04-21 09:50	94.880	94.880	94.720	94.805	5
2026-04-21 09:55	94.810	94.890	94.710	94.780	5
2026-04-21 10:00	94.738	94.900	94.688	94.770	5
2026-04-21 10:05	94.755	94.810	94.515	94.640	5
2026-04-21 10:10	94.615	94.790	94.570	94.570	5
2026-04-21 10:15	94.555	94.790	94.485	94.730	5
2026-04-21 10:20	94.720	94.720	94.570	94.660	5
2026-04-21 10:25	94.650	94.700	94.470	94.610	5
2026-04-21 10:30	94.595	94.665	94.345	94.415	5
2026-04-21 10:35	94.410	94.455	94.195	94.210	5
2026-04-21 10:40	94.205	94.470	94.200	94.395	5
2026-04-21 10:45	94.385	94.410	94.230	94.315	5
2026-04-21 10:50	94.270	94.305	94.115	94.140	5
2026-04-21 10:55	94.135	94.450	94.130	94.450	5
2026-04-21 11:00	94.435	94.775	94.435	94.590	5
2026-04-21 11:05	94.585	95.150	94.435	95.050	5
2026-04-21 11:10	95.055	95.225	94.880	95.075	5
2026-04-21 11:15	95.070	95.225	95.010	95.175	5
2026-04-21 11:20	95.180	95.180	94.850	94.910	5
2026-04-21 11:25	94.900	95.090	94.865	95.010	5
2026-04-21 11:30	95.000	95.100	94.885	95.010	5
2026-04-21 11:35	95.005	95.025	94.815	94.965	5
2026-04-21 11:40	94.960	95.260	94.940	95.230	5
2026-04-21 11:45	95.220	95.325	95.115	95.155	5
2026-04-21 11:50	95.150	95.345	95.135	95.260	5
2026-04-21 11:55	95.250	95.370	95.240	95.275	5
2026-04-21 12:00	95.223	95.350	95.190	95.290	5
2026-04-21 12:05	95.280	95.300	95.135	95.135	5
2026-04-21 12:10	95.125	95.395	95.030	95.390	5
2026-04-21 12:15	95.385	95.460	95.300	95.390	5
2026-04-21 12:20	95.380	95.400	95.145	95.210	5
2026-04-21 12:25	95.205	95.265	95.065	95.065	5
2026-04-21 12:30	95.075	95.150	94.713	94.875	5
2026-04-21 12:35	94.870	95.520	94.740	95.495	5
2026-04-21 12:40	95.500	95.620	95.305	95.450	5
2026-04-21 12:45	95.435	95.465	95.040	95.385	5
2026-04-21 12:50	95.370	95.400	95.155	95.290	5
2026-04-21 12:55	95.280	95.560	95.200	95.225	5
2026-04-21 13:00	95.153	95.180	94.970	95.060	5
2026-04-21 13:05	95.075	95.145	94.970	95.075	5
2026-04-21 13:10	95.080	95.110	94.900	95.090	5
2026-04-21 13:15	95.085	95.215	94.970	95.190	5
2026-04-21 13:20	95.210	95.270	94.653	94.980	5
2026-04-21 13:25	94.985	95.210	94.910	94.930	5
2026-04-21 13:30	94.935	95.002	94.635	94.755	5
2026-04-21 13:35	94.760	95.040	94.710	94.950	5
2026-04-21 13:40	94.940	95.120	94.685	94.935	5
2026-04-21 13:45	94.930	94.945	94.710	94.840	5
2026-04-21 13:50	94.835	94.900	94.650	94.710	5
2026-04-21 13:55	94.705	94.825	94.640	94.785	5
2026-04-21 14:00	94.780	95.275	94.775	95.065	5
2026-04-21 14:05	95.070	95.360	95.050	95.360	5
2026-04-21 14:10	95.350	95.657	95.338	95.635	5
2026-04-21 14:15	95.640	95.780	95.500	95.700	5
2026-04-21 14:20	95.705	95.920	95.585	95.890	5
2026-04-21 14:25	95.885	95.915	95.765	95.810	5
2026-04-21 14:30	95.805	95.850	95.610	95.750	5
2026-04-21 14:35	95.730	95.840	95.630	95.795	5
2026-04-21 14:40	95.785	96.055	95.778	95.940	5
2026-04-21 14:45	95.945	96.445	95.945	96.350	5
2026-04-21 14:50	96.340	96.395	96.230	96.390	5
2026-04-21 14:55	96.420	96.730	96.315	96.665	5
2026-04-21 15:00	96.670	96.910	96.670	96.780	5
2026-04-21 15:05	96.790	96.890	96.635	96.655	5
2026-04-21 15:10	96.650	96.865	96.445	96.860	5
2026-04-21 15:15	96.865	97.085	96.730	96.955	5
2026-04-21 15:20	96.965	97.445	96.948	97.420	5
2026-04-21 15:25	97.415	98.075	97.415	98.075	5
2026-04-21 15:30	98.070	98.270	97.850	97.910	5
2026-04-21 15:35	97.895	98.225	97.865	98.075	5
2026-04-21 15:40	98.080	98.260	97.830	98.010	5
2026-04-21 15:45	98.005	98.050	97.403	97.710	5
2026-04-21 15:50	97.720	97.955	97.630	97.925	5
2026-04-21 15:55	97.930	97.975	97.720	97.905	5
2026-04-21 16:00	97.910	97.920	97.553	97.900	5
2026-04-21 16:05	97.905	97.950	97.765	97.880	5
2026-04-21 16:10	97.890	98.210	97.870	98.075	5
2026-04-21 16:15	98.080	98.125	97.960	98.090	5
2026-04-21 16:20	98.095	98.235	97.775	97.950	5
2026-04-21 16:25	97.960	98.125	97.920	98.020	5
2026-04-21 16:30	98.025	98.200	97.855	98.200	5
2026-04-21 16:35	98.195	98.495	98.010	98.380	5
2026-04-21 16:40	98.375	98.695	98.345	98.560	5
2026-04-21 16:45	98.555	98.640	98.485	98.570	5
2026-04-21 16:50	98.575	98.840	98.560	98.830	5
2026-04-21 16:55	98.825	98.860	98.720	98.850	5
2026-04-21 17:00	98.855	98.855	98.650	98.720	5
2026-04-21 17:05	98.725	99.450	98.725	99.260	5
2026-04-21 17:10	99.270	99.870	99.260	99.700	5
2026-04-21 17:15	99.705	99.925	99.455	99.870	5
2026-04-21 17:20	99.875	99.875	99.640	99.690	5
2026-04-21 17:25	99.680	99.700	99.355	99.560	5
2026-04-21 17:30	99.550	99.560	99.100	99.185	5
2026-04-21 17:35	99.190	99.370	98.298	98.650	5
2026-04-21 17:40	98.615	98.665	97.570	97.765	5
2026-04-21 17:45	97.760	98.205	97.635	98.055	5
2026-04-21 17:50	98.070	98.390	97.875	98.250	5
2026-04-21 17:55	98.260	98.450	97.990	98.000	5
2026-04-21 18:00	98.005	98.070	97.790	98.035	5
2026-04-21 18:05	98.040	98.135	97.755	98.085	5
2026-04-21 18:10	98.090	98.285	97.920	98.010	5
2026-04-21 18:15	98.020	98.513	97.793	98.310	5
2026-04-21 18:20	98.315	98.635	98.280	98.600	5
2026-04-21 18:25	98.610	98.710	98.298	98.350	5
2026-04-21 18:30	98.360	98.605	98.150	98.215	5
2026-04-21 18:35	98.220	98.395	98.070	98.230	5
2026-04-21 18:40	98.225	98.515	98.225	98.460	5
2026-04-21 18:45	98.455	98.470	98.270	98.360	5
2026-04-21 18:50	98.365	98.550	97.028	97.068	5
2026-04-21 18:55	97.093	97.860	96.628	97.565	5
2026-04-21 19:00	97.552	97.570	97.095	97.310	5
2026-04-21 19:05	97.295	97.470	97.185	97.465	5
2026-04-21 19:10	97.470	97.670	97.010	97.570	5
2026-04-21 19:15	97.565	97.833	97.107	97.450	5
2026-04-21 19:20	97.417	97.425	96.577	97.015	5
2026-04-21 19:25	97.025	97.197	96.895	97.055	5
2026-04-21 19:30	97.075	97.400	96.955	97.345	5
2026-04-21 19:35	97.340	98.715	97.340	98.610	5
2026-04-21 19:40	98.605	100.575	98.605	100.495	5
2026-04-21 19:45	100.467	100.775	99.857	100.275	5
2026-04-21 19:50	100.233	100.995	100.183	100.875	5
2026-04-21 19:55	100.880	101.120	100.530	100.680	5
2026-04-21 20:00	100.633	100.757	100.482	100.577	5
2026-04-21 20:05	100.572	100.942	98.088	98.088	5
2026-04-21 20:10	98.923	99.217	96.968	99.187	6
2026-04-21 20:15	99.168	99.782	98.687	99.697	5
2026-04-21 20:20	99.692	99.707	98.637	98.647	5
2026-04-21 20:25	98.642	98.997	98.468	98.832	5
2026-04-21 20:30	98.822	98.917	98.672	98.852	5
2026-04-21 20:35	98.842	99.262	98.822	99.252	5
2026-04-21 20:40	99.312	99.612	99.233	99.573	5
2026-04-21 20:45	99.572	99.787	99.247	99.247	5
2026-04-21 20:50	99.267	99.342	99.022	99.107	5
2026-04-21 20:55	99.112	99.297	99.042	99.172	5
2026-04-22 00:00	99.257	99.330	98.763	98.910	5
2026-04-22 00:05	98.907	98.910	98.315	98.395	5
2026-04-22 00:10	98.400	98.420	98.007	98.230	5
2026-04-22 00:15	98.220	98.325	97.737	97.927	5
2026-04-22 00:20	97.947	98.180	97.907	98.130	5
2026-04-22 00:25	98.117	98.445	98.117	98.300	5
2026-04-22 00:30	98.290	98.370	98.120	98.300	5
2026-04-22 00:35	98.270	98.380	98.240	98.350	5
2026-04-22 00:40	98.340	98.545	98.325	98.325	5
2026-04-22 00:45	98.330	98.555	98.261	98.555	5
2026-04-22 00:50	98.560	98.625	98.475	98.580	5
2026-04-22 00:55	98.560	98.620	98.465	98.590	5
2026-04-22 01:00	98.565	98.565	98.000	98.060	5
2026-04-22 01:05	98.090	98.310	98.040	98.165	5
2026-04-22 01:10	98.175	98.255	98.065	98.160	5
2026-04-22 01:15	98.165	98.225	98.050	98.170	5
2026-04-22 01:20	98.175	98.210	97.995	98.045	5
2026-04-22 01:25	98.040	98.115	97.915	97.985	5
2026-04-22 01:30	97.980	98.135	97.980	98.075	5
2026-04-22 01:35	98.085	98.145	97.990	98.095	5
2026-04-22 01:40	98.115	98.235	98.025	98.225	5
2026-04-22 01:45	98.235	98.395	98.213	98.320	5
2026-04-22 01:50	98.330	98.395	98.255	98.300	5
2026-04-22 01:55	98.315	98.385	98.295	98.325	5
2026-04-22 02:00	98.335	98.385	98.265	98.345	5
2026-04-22 02:05	98.375	98.375	98.310	98.340	5
2026-04-22 02:10	98.345	98.355	98.270	98.285	5
2026-04-22 02:15	98.290	98.355	98.265	98.265	5
2026-04-22 02:20	98.275	98.440	98.265	98.420	5
2026-04-22 02:25	98.425	98.440	98.270	98.270	5
2026-04-22 02:30	98.275	98.370	98.133	98.270	5
2026-04-22 02:35	98.265	98.315	98.095	98.135	5
2026-04-22 02:40	98.145	98.310	98.105	98.235	5
2026-04-22 02:45	98.230	98.315	98.130	98.300	5
2026-04-22 02:50	98.305	98.405	98.263	98.345	5
2026-04-22 02:55	98.355	98.400	98.250	98.280	5
2026-04-22 03:00	98.290	98.330	98.185	98.185	5
2026-04-22 03:05	98.180	98.260	98.125	98.235	5
2026-04-22 03:10	98.240	98.675	98.235	98.605	5
2026-04-22 03:15	98.615	98.625	98.380	98.445	5
2026-04-22 03:20	98.440	98.455	98.345	98.385	5
2026-04-22 03:25	98.390	98.455	98.330	98.365	5
2026-04-22 03:30	98.360	98.365	98.175	98.270	5
2026-04-22 03:35	98.275	98.420	98.275	98.400	5
2026-04-22 03:40	98.410	98.410	98.145	98.170	5
2026-04-22 03:45	98.160	98.190	98.105	98.125	5
2026-04-22 03:50	98.120	98.155	98.045	98.150	5
2026-04-22 03:55	98.155	98.210	98.140	98.180	5
2026-04-22 04:00	98.185	98.200	98.100	98.170	5
2026-04-22 04:05	98.165	98.195	98.140	98.160	5
2026-04-22 04:10	98.165	98.335	98.138	98.295	5
2026-04-22 04:15	98.315	98.420	98.285	98.285	5
2026-04-22 04:20	98.290	98.445	98.290	98.430	5
2026-04-22 04:25	98.435	98.505	98.425	98.505	5
2026-04-22 04:30	98.515	98.525	98.465	98.480	5
2026-04-22 04:35	98.475	98.535	98.433	98.460	5
2026-04-22 04:40	98.455	98.465	98.350	98.435	5
2026-04-22 04:45	98.445	98.445	98.240	98.260	5
2026-04-22 04:50	98.290	98.510	98.275	98.500	5
2026-04-22 04:55	98.525	98.595	98.495	98.570	5
2026-04-22 05:00	98.545	98.575	98.375	98.390	5
2026-04-22 05:05	98.365	98.365	98.155	98.210	5
2026-04-22 05:10	98.205	98.205	98.115	98.185	5
2026-04-22 05:15	98.205	98.210	97.217	97.320	5
2026-04-22 05:20	97.315	97.407	96.555	96.730	5
2026-04-22 05:25	96.745	97.380	96.525	97.325	5
2026-04-22 05:30	97.345	97.425	97.130	97.240	5
2026-04-22 05:35	97.255	97.425	97.160	97.425	5
2026-04-22 05:40	97.455	97.575	97.315	97.455	5
2026-04-22 05:45	97.450	97.695	97.420	97.680	5
2026-04-22 05:50	97.690	97.730	97.535	97.715	5
2026-04-22 05:55	97.725	97.910	97.695	97.860	5
2026-04-22 06:00	97.855	98.065	97.855	97.860	5
2026-04-22 06:05	97.865	97.905	97.770	97.840	5
2026-04-22 06:10	97.835	97.915	97.655	97.840	5
2026-04-22 06:15	97.845	97.920	97.760	97.770	5
2026-04-22 06:20	97.775	97.890	97.740	97.885	5
2026-04-22 06:25	97.875	97.935	97.755	97.765	5
2026-04-22 06:30	97.770	97.865	97.665	97.745	5
2026-04-22 06:35	97.740	97.795	97.635	97.645	5
2026-04-22 06:40	97.640	97.800	97.590	97.780	5
2026-04-22 06:45	97.760	97.800	97.620	97.670	5
2026-04-22 06:50	97.675	97.785	97.540	97.675	5
2026-04-22 06:55	97.685	97.760	97.625	97.630	5
2026-04-22 07:00	97.635	97.780	97.435	97.680	5
2026-04-22 07:05	97.650	97.745	97.440	97.495	5
2026-04-22 07:10	97.505	97.795	97.485	97.780	5
2026-04-22 07:15	97.790	98.400	97.785	98.125	5
2026-04-22 07:20	98.120	98.210	97.970	98.020	5
2026-04-22 07:25	98.030	98.065	97.778	98.015	5
2026-04-22 07:30	98.010	98.170	97.945	98.100	5
2026-04-22 07:35	98.095	98.145	97.945	98.145	5
2026-04-22 07:40	98.160	98.340	98.100	98.115	5
2026-04-22 07:45	98.083	98.360	98.083	98.320	5
2026-04-22 07:50	98.315	98.355	98.180	98.255	5
2026-04-22 07:55	98.245	98.425	98.180	98.405	5
2026-04-22 08:00	98.387	98.495	98.290	98.315	5
2026-04-22 08:05	98.320	98.630	98.265	98.590	5
2026-04-22 08:10	98.580	98.830	98.520	98.820	5
2026-04-22 08:15	98.815	99.295	98.800	99.100	5
2026-04-22 08:20	99.110	99.470	99.070	99.365	5
2026-04-22 08:25	99.360	99.895	99.290	99.895	5
2026-04-22 08:30	99.905	100.270	99.655	100.135	5
2026-04-22 08:35	100.140	100.370	100.060	100.260	5
2026-04-22 08:40	100.265	100.305	99.685	99.735	5
2026-04-22 08:45	99.725	100.020	99.665	99.825	5
2026-04-22 08:50	99.820	99.975	99.520	99.635	5
2026-04-22 08:55	99.625	99.685	99.495	99.540	5
2026-04-22 09:00	99.550	99.705	99.198	99.570	5
2026-04-22 09:05	99.565	99.565	99.210	99.345	5
2026-04-22 09:10	99.295	99.440	99.230	99.245	5
2026-04-22 09:15	99.250	99.460	99.165	99.400	5
2026-04-22 09:20	99.420	99.425	99.030	99.310	5
2026-04-22 09:25	99.325	99.325	99.040	99.170	5
2026-04-22 09:30	99.175	99.385	99.120	99.325	5
2026-04-22 09:35	99.330	99.380	99.080	99.210	5
2026-04-22 09:40	99.205	99.370	99.135	99.355	5
2026-04-22 09:45	99.365	99.430	99.310	99.405	5
2026-04-22 09:50	99.410	100.015	99.410	99.940	5
2026-04-22 09:55	99.945	100.100	99.605	99.785	5
2026-04-22 10:00	99.780	99.835	99.490	99.690	5
2026-04-22 10:05	99.700	99.735	99.470	99.685	5
2026-04-22 10:10	99.680	99.840	99.585	99.625	5
2026-04-22 10:15	99.605	99.630	99.350	99.350	5
2026-04-22 10:20	99.360	99.360	99.160	99.280	5
2026-04-22 10:25	99.285	99.290	98.885	98.990	5
2026-04-22 10:30	98.980	99.155	98.875	98.915	5
2026-04-22 10:35	98.910	99.045	98.833	99.010	5
2026-04-22 10:40	99.015	99.300	99.015	99.125	5
2026-04-22 10:45	99.120	99.225	99.050	99.220	5
2026-04-22 10:50	99.215	99.320	99.110	99.125	5
2026-04-22 10:55	99.150	99.175	99.005	99.045	5
2026-04-22 11:00	99.050	99.290	98.960	99.223	5
2026-04-22 11:05	99.238	99.305	99.055	99.290	5
2026-04-22 11:10	99.270	99.465	99.225	99.465	5
2026-04-22 11:15	99.470	99.500	99.343	99.400	5
2026-04-22 11:20	99.380	99.550	99.260	99.540	5
2026-04-22 11:25	99.545	99.580	99.365	99.370	5
2026-04-22 11:30	99.380	99.430	99.285	99.325	5
2026-04-22 11:35	99.320	99.475	99.300	99.390	5
2026-04-22 11:40	99.385	99.620	99.283	99.520	5
2026-04-22 11:45	99.515	99.515	98.910	99.015	5
2026-04-22 11:50	99.005	99.270	98.860	99.195	5
2026-04-22 11:55	99.200	99.395	99.195	99.305	5
2026-04-22 12:00	99.285	99.350	98.935	99.015	5
2026-04-22 12:05	99.020	99.270	99.015	99.150	5
2026-04-22 12:10	99.155	99.240	98.920	99.065	5
2026-04-22 12:15	99.060	99.210	98.835	98.875	5
2026-04-22 12:20	98.885	99.155	98.885	99.155	5
2026-04-22 12:25	99.150	99.615	98.957	99.585	5
2026-04-22 12:30	99.558	99.775	99.358	99.525	5
2026-04-22 12:35	99.520	99.880	99.483	99.810	5
2026-04-22 12:40	99.800	100.000	99.693	99.915	5
2026-04-22 12:45	99.910	100.485	99.875	100.440	5
2026-04-22 12:50	100.445	100.460	100.050	100.120	5
2026-04-22 12:55	100.125	100.300	100.060	100.255	5
2026-04-22 13:00	100.193	100.280	99.930	99.980	5
2026-04-22 13:05	99.965	99.985	99.013	99.488	5
2026-04-22 13:10	99.508	100.075	99.478	99.880	5
2026-04-22 13:15	99.885	100.620	99.428	99.640	5
2026-04-22 13:20	99.615	100.270	99.358	99.880	5
2026-04-22 13:25	99.875	100.035	99.800	99.960	5
2026-04-22 13:30	99.930	100.695	99.908	100.560	5
2026-04-22 13:35	100.570	100.785	100.360	100.430	5
2026-04-22 13:40	100.450	100.560	100.333	100.510	5
2026-04-22 13:45	100.490	100.545	100.280	100.455	5
2026-04-22 13:50	100.450	100.590	100.370	100.395	5
2026-04-22 13:55	100.405	100.730	100.405	100.575	5
2026-04-22 14:00	100.580	100.670	100.440	100.500	5
2026-04-22 14:05	100.510	100.590	100.378	100.385	5
2026-04-22 14:10	100.390	100.560	100.340	100.345	5
2026-04-22 14:15	100.340	100.380	100.000	100.125	5
2026-04-22 14:20	100.120	100.575	100.090	100.440	5
2026-04-22 14:25	100.445	100.490	100.230	100.307	5
2026-04-22 14:30	100.345	100.908	100.285	100.480	5
2026-04-22 14:35	100.495	100.745	100.023	100.245	5
2026-04-22 14:40	100.240	101.070	100.120	101.035	5
2026-04-22 14:45	101.045	101.050	100.830	100.910	5
2026-04-22 14:50	100.930	101.400	100.810	101.215	5
2026-04-22 14:55	101.225	101.580	101.225	101.345	5
2026-04-22 15:00	101.350	101.685	101.285	101.625	5
2026-04-22 15:05	101.630	101.660	100.825	101.010	5
2026-04-22 15:10	101.015	101.055	100.325	101.045	5
2026-04-22 15:15	101.050	101.575	101.050	101.460	5
2026-04-22 15:20	101.465	101.535	101.245	101.295	5
2026-04-22 15:25	101.290	101.540	101.050	101.350	5
2026-04-22 15:30	101.340	101.685	101.310	101.670	5
2026-04-22 15:35	101.675	101.920	101.635	101.745	5
2026-04-22 15:40	101.750	101.985	101.730	101.790	5
2026-04-22 15:45	101.795	101.920	101.630	101.895	5
2026-04-22 15:50	101.900	102.015	101.720	101.835	5
2026-04-22 15:55	101.845	101.870	101.670	101.800	5
2026-04-22 16:00	101.718	101.945	101.635	101.670	5
2026-04-22 16:05	101.675	101.680	101.550	101.600	5
2026-04-22 16:10	101.610	101.840	101.570	101.695	5
2026-04-22 16:15	101.700	101.860	101.585	101.860	5
2026-04-22 16:20	101.855	102.060	101.718	101.980	5
2026-04-22 16:25	101.985	102.005	101.610	101.680	5
2026-04-22 16:30	101.685	101.860	101.685	101.815	5
2026-04-22 16:35	101.820	101.890	101.685	101.775	5
2026-04-22 16:40	101.780	102.178	101.715	102.105	5
2026-04-22 16:45	102.110	102.110	101.760	101.795	5
2026-04-22 16:50	101.800	102.210	101.760	102.040	5
2026-04-22 16:55	102.030	102.285	101.910	102.180	5
2026-04-22 17:00	102.143	102.265	101.630	101.780	5
2026-04-22 17:05	101.785	101.925	101.640	101.640	5
2026-04-22 17:10	101.650	101.790	101.295	101.755	5
2026-04-22 17:15	101.750	102.035	101.640	102.010	5
2026-04-22 17:20	102.000	102.080	101.755	101.860	5
2026-04-22 17:25	101.870	101.925	101.755	101.790	5
2026-04-22 17:30	101.765	101.960	101.710	101.940	5
2026-04-22 17:35	101.930	101.950	101.690	101.795	5
2026-04-22 17:40	101.800	101.835	101.545	101.550	5
2026-04-22 17:45	101.540	101.780	101.128	101.535	5
2026-04-22 17:50	101.520	101.730	101.465	101.470	5
2026-04-22 17:55	101.465	101.610	101.380	101.490	5
2026-04-22 18:00	101.505	101.810	101.490	101.700	5
2026-04-22 18:05	101.690	101.800	101.655	101.735	5
2026-04-22 18:10	101.730	101.875	101.730	101.750	5
2026-04-22 18:15	101.755	102.135	101.735	102.100	5
2026-04-22 18:20	102.105	102.225	102.000	102.110	5
2026-04-22 18:25	102.100	102.190	101.775	101.965	5
2026-04-22 18:30	101.960	102.125	101.915	102.030	5
2026-04-22 18:35	102.025	102.080	101.940	101.960	5
2026-04-22 18:40	101.950	102.035	101.920	101.960	5
2026-04-22 18:45	101.955	102.060	101.805	101.860	5
2026-04-22 18:50	101.875	101.915	101.750	101.910	5
2026-04-22 18:55	101.915	101.965	101.885	101.940	5
2026-04-22 19:00	101.945	102.080	101.900	101.965	5
2026-04-22 19:05	101.950	101.950	101.835	101.835	5
2026-04-22 19:10	101.840	101.960	101.820	101.860	5
2026-04-22 19:15	101.818	101.818	101.410	101.660	5
2026-04-22 19:20	101.650	101.765	101.640	101.695	5
2026-04-22 19:25	101.700	101.710	101.460	101.490	5
2026-04-22 19:30	101.500	101.570	101.460	101.515	5
2026-04-22 19:35	101.520	101.550	101.240	101.355	5
2026-04-22 19:40	101.335	101.495	101.285	101.490	5
2026-04-22 19:45	101.495	101.540	101.390	101.395	5
2026-04-22 19:50	101.380	101.430	101.330	101.370	5
2026-04-22 19:55	101.365	101.485	101.330	101.445	5
2026-04-22 20:00	101.450	101.455	101.362	101.372	5
2026-04-22 20:05	101.367	101.447	101.327	101.437	5
2026-04-22 20:10	101.432	101.437	101.347	101.392	5
2026-04-22 20:15	101.377	101.377	101.227	101.342	5
2026-04-22 20:20	101.337	101.352	101.262	101.317	5
2026-04-22 20:25	101.322	101.347	101.267	101.347	5
2026-04-22 20:30	101.397	101.567	101.397	101.552	5
2026-04-22 20:35	101.547	101.832	101.547	101.782	5
2026-04-22 20:40	101.777	101.787	101.622	101.722	5
2026-04-22 20:45	101.717	101.747	101.662	101.707	5
2026-04-22 20:50	101.722	101.792	101.702	101.732	5
2026-04-22 20:55	101.727	101.802	101.722	101.752	5
2026-04-23 00:00	101.557	101.800	101.557	101.790	5
2026-04-23 00:05	101.777	102.465	101.720	102.460	5
2026-04-23 00:10	102.447	104.395	102.417	104.337	5
2026-04-23 00:15	104.360	106.087	102.817	103.277	5
2026-04-23 00:20	103.277	103.467	102.277	102.997	5
2026-04-23 00:25	102.997	103.027	102.323	102.477	5
2026-04-23 00:30	102.497	102.587	102.017	102.267	5
2026-04-23 00:35	102.280	102.577	102.247	102.557	5
2026-04-23 00:40	102.567	102.647	102.337	102.567	5
2026-04-23 00:45	102.577	102.610	102.407	102.557	5
2026-04-23 00:50	102.557	102.615	102.080	102.317	5
2026-04-23 00:55	102.330	102.357	101.995	102.000	5
2026-04-23 01:00	102.005	102.270	101.867	101.905	5
2026-04-23 01:05	101.927	102.345	101.927	102.320	5
2026-04-23 01:10	102.330	102.517	102.203	102.435	5
2026-04-23 01:15	102.417	102.570	102.207	102.300	5
2026-04-23 01:20	102.265	102.415	102.198	102.365	5
2026-04-23 01:25	102.375	102.475	102.290	102.395	5
2026-04-23 01:30	102.385	102.470	102.040	102.160	5
2026-04-23 01:35	102.140	102.190	101.960	102.115	5
2026-04-23 01:40	102.125	102.255	101.915	101.945	5
2026-04-23 01:45	101.955	102.220	101.890	102.190	5
2026-04-23 01:50	102.215	102.475	102.165	102.470	5
2026-04-23 01:55	102.465	102.480	102.200	102.250	5
2026-04-23 02:00	102.265	102.420	102.255	102.405	5
2026-04-23 02:05	102.358	102.620	102.358	102.545	5
2026-04-23 02:10	102.555	102.715	102.495	102.710	5
2026-04-23 02:15	102.715	103.350	102.710	103.125	5
2026-04-23 02:20	103.115	103.280	102.900	103.260	5
2026-04-23 02:25	103.255	103.270	103.065	103.215	5
2026-04-23 02:30	103.210	103.535	102.995	103.035	5
2026-04-23 02:35	103.040	103.060	102.760	102.970	5
2026-04-23 02:40	102.980	103.055	102.797	103.030	5
2026-04-23 02:45	103.035	103.225	102.997	103.180	5
2026-04-23 02:50	103.167	103.300	103.115	103.295	5
2026-04-23 02:55	103.305	104.130	103.305	104.020	5
2026-04-23 03:00	104.040	104.155	103.617	103.830	5
2026-04-23 03:05	103.835	104.120	103.633	104.000	5
2026-04-23 03:10	103.995	104.080	103.857	103.990	5
2026-04-23 03:15	103.995	104.005	103.665	103.780	5
2026-04-23 03:20	103.785	103.850	103.580	103.605	5
2026-04-23 03:25	103.595	103.655	103.430	103.655	5
2026-04-23 03:30	103.645	103.865	103.530	103.625	5
2026-04-23 03:35	103.610	103.730	103.475	103.565	5
2026-04-23 03:40	103.570	103.570	103.385	103.415	5
2026-04-23 03:45	103.410	103.435	103.240	103.290	5
2026-04-23 03:50	103.275	103.330	103.183	103.315	5
2026-04-23 03:55	103.320	103.485	103.310	103.360	5
2026-04-23 04:00	103.357	103.390	103.188	103.277	5
2026-04-23 04:05	103.290	103.435	103.235	103.275	5
2026-04-23 04:10	103.280	103.430	103.265	103.275	5
2026-04-23 04:15	103.280	103.395	103.270	103.340	5
2026-04-23 04:20	103.335	103.385	103.290	103.350	5
2026-04-23 04:25	103.355	103.460	103.355	103.365	5
2026-04-23 04:30	103.375	103.375	103.265	103.285	5
2026-04-23 04:35	103.295	103.330	103.265	103.265	5
2026-04-23 04:40	103.270	103.345	103.028	103.130	5
2026-04-23 04:45	103.095	103.190	103.065	103.165	5
2026-04-23 04:50	103.160	103.230	103.060	103.095	5
2026-04-23 04:55	103.100	103.135	102.957	102.990	5
2026-04-23 05:00	102.995	103.185	102.925	103.180	5
2026-04-23 05:05	103.185	103.310	103.155	103.305	5
2026-04-23 05:10	103.315	103.380	103.267	103.340	5
2026-04-23 05:15	103.330	103.395	103.265	103.345	5
2026-04-23 05:20	103.335	103.365	103.160	103.310	5
2026-04-23 05:25	103.315	103.380	103.205	103.245	5
2026-04-23 05:30	103.215	103.325	102.993	103.190	5
2026-04-23 05:35	103.195	103.195	102.995	103.185	5
2026-04-23 05:40	103.195	103.210	103.087	103.160	5
2026-04-23 05:45	103.165	103.240	103.070	103.210	5
2026-04-23 05:50	103.205	103.210	102.960	102.965	5
2026-04-23 05:55	102.970	102.985	102.787	102.810	5
2026-04-23 06:00	102.775	102.820	102.555	102.775	5
2026-04-23 06:05	102.785	102.805	102.680	102.725	5
2026-04-23 06:10	102.705	102.930	102.583	102.785	5
2026-04-23 06:15	102.780	102.870	102.707	102.785	5
2026-04-23 06:20	102.780	103.175	102.770	103.170	5
2026-04-23 06:25	103.165	103.360	103.115	103.155	5
2026-04-23 06:30	103.165	103.360	103.090	103.350	5
2026-04-23 06:35	103.345	103.370	103.205	103.295	5
2026-04-23 06:40	103.300	103.470	103.233	103.445	5
2026-04-23 06:45	103.460	103.675	103.415	103.670	5
2026-04-23 06:50	103.660	103.680	103.290	103.365	5
2026-04-23 06:55	103.360	103.485	103.350	103.405	5
2026-04-23 07:00	103.395	103.435	103.195	103.325	5
2026-04-23 07:05	103.335	103.335	103.100	103.235	5
2026-04-23 07:10	103.240	103.375	103.190	103.245	5
2026-04-23 07:15	103.235	103.415	103.175	103.305	5
2026-04-23 07:20	103.295	103.665	103.295	103.540	5
2026-04-23 07:25	103.535	103.540	103.335	103.375	5
2026-04-23 07:30	103.313	103.485	103.225	103.285	5
2026-04-23 07:35	103.245	103.480	102.990	103.390	5
2026-04-23 07:40	103.375	103.520	102.860	102.860	5
2026-04-23 07:45	102.875	103.040	102.240	102.275	5
2026-04-23 07:50	102.265	102.895	102.230	102.880	5
2026-04-23 07:55	102.885	103.030	102.590	102.755	5
2026-04-23 08:00	102.735	103.160	102.735	102.995	5
2026-04-23 08:05	102.985	103.375	102.885	103.370	5
2026-04-23 08:10	103.375	103.495	103.100	103.240	5
2026-04-23 08:15	103.210	103.295	102.925	103.105	5
2026-04-23 08:20	103.095	103.140	102.940	102.960	5
2026-04-23 08:25	102.970	103.315	102.610	103.245	5
2026-04-23 08:30	103.265	103.575	103.150	103.455	5
2026-04-23 08:35	103.440	103.815	103.375	103.575	5
2026-04-23 08:40	103.570	104.100	103.565	104.045	5
2026-04-23 08:45	104.050	104.060	103.755	103.790	5
2026-04-23 08:50	103.795	103.955	103.715	103.740	5
2026-04-23 08:55	103.730	103.940	103.700	103.940	5
2026-04-23 09:00	103.930	104.510	103.843	104.485	5
2026-04-23 09:05	104.495	104.655	104.348	104.650	5
2026-04-23 09:10	104.655	104.670	104.285	104.335	5
2026-04-23 09:15	104.340	104.385	103.513	103.760	5
2026-04-23 09:20	103.785	103.805	103.590	103.680	5
2026-04-23 09:25	103.705	103.815	103.430	103.645	5
2026-04-23 09:30	103.655	103.655	103.320	103.410	5
2026-04-23 09:35	103.425	103.650	103.385	103.605	5
2026-04-23 09:40	103.610	103.710	103.540	103.680	5
2026-04-23 09:45	103.690	103.925	103.650	103.810	5
2026-04-23 09:50	103.815	103.890	103.780	103.860	5
2026-04-23 09:55	103.870	104.012	103.810	103.955	5
2026-04-23 10:00	103.923	103.980	103.760	103.835	5
2026-04-23 10:05	103.840	103.940	103.745	103.885	5
2026-04-23 10:10	103.875	104.045	103.740	103.895	5
2026-04-23 10:15	103.880	103.880	103.615	103.665	5
2026-04-23 10:20	103.650	103.740	103.405	103.435	5
2026-04-23 10:25	103.430	103.450	103.210	103.280	5
2026-04-23 10:30	103.275	103.400	103.170	103.295	5
2026-04-23 10:35	103.290	103.510	103.275	103.450	5
2026-04-23 10:40	103.455	103.610	103.375	103.535	5
2026-04-23 10:45	103.540	103.560	103.340	103.515	5
2026-04-23 10:50	103.510	103.520	103.255	103.295	5
2026-04-23 10:55	103.300	103.305	102.775	102.890	5
2026-04-23 11:00	102.870	102.985	102.765	102.935	5
2026-04-23 11:05	102.930	103.145	102.930	102.980	5
2026-04-23 11:10	102.970	103.000	102.790	102.945	5
2026-04-23 11:15	102.935	103.055	102.835	102.995	5
2026-04-23 11:20	102.990	103.010	102.655	102.805	5
2026-04-23 11:25	102.790	103.010	102.738	102.945	5
2026-04-23 11:30	102.940	103.075	102.810	102.990	5
2026-04-23 11:35	103.000	103.035	102.358	102.895	5
2026-04-23 11:40	102.890	102.920	102.520	102.585	5
2026-04-23 11:45	102.575	102.670	102.350	102.635	5
2026-04-23 11:50	102.630	102.740	102.225	102.285	5
2026-04-23 11:55	102.280	102.435	102.110	102.310	5
2026-04-23 12:00	102.313	102.395	101.950	102.340	5
2026-04-23 12:05	102.345	102.345	101.560	101.860	5
2026-04-23 12:10	101.855	101.925	101.303	101.575	5
2026-04-23 12:15	101.585	101.840	101.315	101.705	5
2026-04-23 12:20	101.695	102.160	101.695	102.045	5
2026-04-23 12:25	102.040	102.090	101.800	101.845	5
2026-04-23 12:30	101.870	101.890	101.615	101.625	5
2026-04-23 12:35	101.615	101.670	101.355	101.655	5
2026-04-23 12:40	101.650	101.880	101.575	101.820	5
2026-04-23 12:45	101.805	102.875	101.623	102.777	5
2026-04-23 12:50	102.785	102.920	102.510	102.555	5
2026-04-23 12:55	102.545	102.660	102.185	102.190	5
2026-04-23 13:00	102.093	102.360	102.005	102.280	5
2026-04-23 13:05	102.275	102.530	102.215	102.360	5
2026-04-23 13:10	102.355	102.757	102.340	102.553	5
2026-04-23 13:15	102.558	102.718	102.440	102.520	5
2026-04-23 13:20	102.505	102.580	102.083	102.580	5
2026-04-23 13:25	102.585	102.725	102.560	102.670	5
2026-04-23 13:30	102.628	102.940	102.515	102.940	5
2026-04-23 13:35	102.930	103.120	102.715	102.725	5
2026-04-23 13:40	102.730	103.145	102.450	103.140	5
2026-04-23 13:45	103.165	103.205	102.795	102.850	5
2026-04-23 13:50	102.860	102.915	102.705	102.785	5
2026-04-23 13:55	102.790	102.925	102.715	102.925	5
2026-04-23 14:00	102.920	103.605	102.883	103.135	5
2026-04-23 14:05	103.160	103.290	102.915	103.165	5
2026-04-23 14:10	103.160	103.230	102.828	102.975	5
2026-04-23 14:15	103.000	103.015	102.620	102.870	5
2026-04-23 14:20	102.880	102.910	102.540	102.610	5
2026-04-23 14:25	102.630	102.790	102.510	102.775	5
2026-04-23 14:30	102.735	102.815	102.553	102.810	5
2026-04-23 14:35	102.820	103.160	102.640	102.970	5
2026-04-23 14:40	102.965	103.080	102.705	102.710	5
2026-04-23 14:45	102.715	102.950	102.458	102.685	5
2026-04-23 14:50	102.680	102.850	102.390	102.450	5
2026-04-23 14:55	102.465	102.600	102.320	102.345	5
2026-04-23 15:00	102.340	102.485	102.265	102.440	5
2026-04-23 15:05	102.435	103.045	102.435	103.005	5
2026-04-23 15:10	103.015	103.115	102.860	102.960	5
2026-04-23 15:15	102.980	103.110	102.684	102.810	5
2026-04-23 15:20	102.815	103.050	102.770	103.040	5
2026-04-23 15:25	103.045	103.105	102.770	103.065	5
2026-04-23 15:30	103.070	103.280	102.950	103.245	5
2026-04-23 15:35	103.240	103.410	103.160	103.410	5
2026-04-23 15:40	103.415	103.425	103.155	103.325	5
2026-04-23 15:45	103.330	103.875	103.320	103.535	5
2026-04-23 15:50	103.520	103.665	103.420	103.610	5
2026-04-23 15:55	103.615	103.635	103.410	103.590	5
2026-04-23 16:00	103.585	103.800	103.530	103.795	5
2026-04-23 16:05	103.800	103.825	103.450	103.490	5
2026-04-23 16:10	103.485	103.580	103.345	103.480	5
2026-04-23 16:15	103.485	103.560	103.350	103.390	5
2026-04-23 16:20	103.370	103.530	103.330	103.530	5
2026-04-23 16:25	103.550	103.560	103.255	103.310	5
2026-04-23 16:30	103.315	103.420	103.020	103.040	5
2026-04-23 16:35	103.045	103.355	103.000	103.310	5
2026-04-23 16:40	103.290	103.440	103.230	103.245	5
2026-04-23 16:45	103.250	103.250	103.060	103.110	5
2026-04-23 16:50	103.120	103.460	103.105	103.420	5
2026-04-23 16:55	103.430	103.805	103.380	103.555	5
2026-04-23 17:00	103.550	104.800	103.544	104.640	5
2026-04-23 17:05	104.625	105.125	104.620	105.080	5
2026-04-23 17:10	105.090	105.220	104.685	104.915	5
2026-04-23 17:15	104.925	105.585	104.920	105.525	5
2026-04-23 17:20	105.550	105.850	105.465	105.615	5
2026-04-23 17:25	105.620	105.925	105.044	105.795	5
2026-04-23 17:30	105.810	105.975	105.385	105.515	5
2026-04-23 17:35	105.520	106.450	105.365	106.430	5
2026-04-23 17:40	106.435	107.105	106.374	106.775	5
2026-04-23 17:45	106.780	107.355	106.117	106.375	5
2026-04-23 17:50	106.385	106.865	104.664	105.524	5
2026-04-23 17:55	105.524	105.770	104.845	105.025	5
2026-04-23 18:00	105.007	105.105	104.164	104.955	5
2026-04-23 18:05	104.960	105.180	104.400	105.020	5
2026-04-23 18:10	105.004	105.005	104.174	104.667	5
2026-04-23 18:15	104.680	105.015	104.490	104.735	5
2026-04-23 18:20	104.745	105.085	104.494	104.980	5
2026-04-23 18:25	104.975	105.245	104.795	104.925	5
2026-04-23 18:30	104.920	104.920	104.655	104.695	5
2026-04-23 18:35	104.685	105.135	104.545	105.015	5
2026-04-23 18:40	104.995	105.685	104.995	105.200	5
2026-04-23 18:45	105.197	105.550	105.195	105.545	5
2026-04-23 18:50	105.550	105.615	105.125	105.190	5
2026-04-23 18:55	105.210	105.695	105.180	105.630	5
2026-04-23 19:00	105.745	105.855	105.407	105.535	5
2026-04-23 19:05	105.525	105.540	105.250	105.340	5
2026-04-23 19:10	105.335	105.425	105.325	105.380	5
2026-04-23 19:15	105.370	105.400	105.137	105.330	5
2026-04-23 19:20	105.335	105.540	105.295	105.535	5
2026-04-23 19:25	105.530	105.660	105.450	105.475	5
2026-04-23 19:30	105.480	105.675	105.400	105.670	5
2026-04-23 19:35	105.665	105.920	105.655	105.735	5
2026-04-23 19:40	105.730	105.860	105.587	105.820	5
2026-04-23 19:45	105.815	105.820	105.565	105.565	5
2026-04-23 19:50	105.590	105.790	105.577	105.685	5
2026-04-23 19:55	105.695	105.795	105.655	105.760	5
2026-04-23 20:00	105.765	105.967	105.747	105.932	5
2026-04-23 20:05	105.917	106.302	105.867	106.232	5
2026-04-23 20:10	106.257	106.402	106.132	106.132	5
2026-04-23 20:15	106.137	106.602	106.137	106.222	5
2026-04-23 20:20	106.217	106.227	105.932	105.962	5
2026-04-23 20:25	105.967	106.007	105.862	105.862	5
2026-04-23 20:30	105.877	106.197	105.752	106.182	5
2026-04-23 20:35	106.187	106.312	106.057	106.087	5
2026-04-23 20:40	106.082	106.347	105.977	106.292	5
2026-04-23 20:45	106.287	106.547	106.187	106.537	5
2026-04-23 20:50	106.542	106.792	106.502	106.527	5
2026-04-23 20:55	106.522	106.527	106.307	106.407	5
2026-04-24 00:00	106.130	106.250	106.047	106.195	5
2026-04-24 00:05	106.200	106.410	106.155	106.277	5
2026-04-24 00:10	106.290	106.425	106.277	106.300	5
2026-04-24 00:15	106.290	106.290	106.140	106.190	5
2026-04-24 00:20	106.170	106.320	106.165	106.230	5
2026-04-24 00:25	106.240	106.320	106.160	106.200	5
2026-04-24 00:30	106.170	106.285	106.155	106.235	5
2026-04-24 00:35	106.245	106.325	106.210	106.210	5
2026-04-24 00:40	106.215	106.390	105.997	106.385	5
2026-04-24 00:45	106.390	106.800	106.357	106.780	5
2026-04-24 00:50	106.765	106.985	106.725	106.730	5
2026-04-24 00:55	106.715	106.855	106.527	106.610	5
2026-04-24 01:00	106.597	106.610	106.270	106.487	5
2026-04-24 01:05	106.497	106.565	106.127	106.267	5
2026-04-24 01:10	106.290	106.295	106.090	106.150	5
2026-04-24 01:15	106.145	106.170	106.060	106.160	5
2026-04-24 01:20	106.170	106.520	106.145	106.485	5
2026-04-24 01:25	106.515	106.635	106.515	106.630	5
2026-04-24 01:30	106.635	106.940	106.570	106.900	5
2026-04-24 01:35	106.887	107.010	106.630	106.650	5
2026-04-24 01:40	106.645	106.800	106.590	106.760	5
2026-04-24 01:45	106.757	106.800	106.575	106.600	5
2026-04-24 01:50	106.605	106.755	106.605	106.670	5
2026-04-24 01:55	106.660	106.665	106.310	106.360	5
2026-04-24 02:00	106.370	106.405	106.325	106.335	5
2026-04-24 02:05	106.330	106.380	106.235	106.315	5
2026-04-24 02:10	106.325	106.325	106.185	106.250	5
2026-04-24 02:15	106.240	106.240	106.120	106.125	5
2026-04-24 02:20	106.130	106.130	106.015	106.050	5
2026-04-24 02:25	106.060	106.115	106.010	106.085	5
2026-04-24 02:30	106.095	106.120	105.765	105.855	5
2026-04-24 02:35	105.850	105.960	105.795	105.905	5
2026-04-24 02:40	105.910	105.995	105.805	105.835	5
2026-04-24 02:45	105.840	105.945	105.795	105.885	5
2026-04-24 02:50	105.890	105.925	105.815	105.820	5
2026-04-24 02:55	105.830	105.870	105.790	105.790	5
2026-04-24 03:00	105.795	105.980	105.725	105.950	5
2026-04-24 03:05	105.955	106.020	105.880	105.905	5
2026-04-24 03:10	105.915	105.965	105.825	105.845	5
2026-04-24 03:15	105.835	105.870	105.745	105.785	5
2026-04-24 03:20	105.795	105.835	105.605	105.605	5
2026-04-24 03:25	105.600	105.655	105.367	105.630	5
2026-04-24 03:30	105.635	105.900	105.620	105.890	5
2026-04-24 03:35	105.895	105.975	105.815	105.830	5
2026-04-24 03:40	105.840	105.890	105.807	105.830	5
2026-04-24 03:45	105.827	105.970	105.827	105.920	5
2026-04-24 03:50	105.925	106.015	105.925	105.990	5
2026-04-24 03:55	105.995	106.060	105.955	106.060	5
2026-04-24 04:00	106.020	106.155	106.005	106.135	5
2026-04-24 04:05	106.130	106.135	105.970	105.990	5
2026-04-24 04:10	105.985	106.100	105.950	106.080	5
2026-04-24 04:15	106.085	106.175	106.075	106.120	5
2026-04-24 04:20	106.135	106.145	105.915	105.955	5
2026-04-24 04:25	105.960	106.075	105.955	106.025	5
2026-04-24 04:30	106.030	106.030	105.905	105.920	5
2026-04-24 04:35	105.925	106.045	105.900	106.035	5
2026-04-24 04:40	106.040	106.070	105.855	105.865	5
2026-04-24 04:45	105.875	105.875	105.640	105.685	5
2026-04-24 04:50	105.695	105.720	105.665	105.710	5
2026-04-24 04:55	105.720	105.720	105.457	105.500	5
2026-04-24 05:00	105.460	105.610	105.417	105.570	5
2026-04-24 05:05	105.547	105.600	105.440	105.600	5
2026-04-24 05:10	105.580	105.690	105.505	105.525	5
2026-04-24 05:15	105.530	105.625	105.490	105.550	5
2026-04-24 05:20	105.555	105.575	105.415	105.465	5
2026-04-24 05:25	105.455	105.515	105.300	105.500	5
2026-04-24 05:30	105.505	105.505	105.185	105.225	5
2026-04-24 05:35	105.210	105.285	105.107	105.160	5
2026-04-24 05:40	105.170	105.287	105.100	105.235	5
2026-04-24 05:45	105.200	105.395	105.200	105.310	5
2026-04-24 05:50	105.315	105.500	105.285	105.400	5
2026-04-24 05:55	105.410	105.505	105.380	105.475	5
2026-04-24 06:00	105.455	105.555	105.385	105.420	5
2026-04-24 06:05	105.425	105.545	105.415	105.460	5
2026-04-24 06:10	105.445	105.445	105.020	105.047	5
2026-04-24 06:15	105.055	105.260	105.007	105.170	5
2026-04-24 06:20	105.165	105.480	105.117	105.480	5
2026-04-24 06:25	105.475	105.560	105.397	105.457	5
2026-04-24 06:30	105.470	105.530	105.265	105.455	5
2026-04-24 06:35	105.450	105.685	105.375	105.565	5
2026-04-24 06:40	105.570	105.680	105.495	105.505	5
2026-04-24 06:45	105.510	105.965	105.505	105.960	5
2026-04-24 06:50	105.955	106.115	105.915	105.915	5
2026-04-24 06:55	105.935	106.195	105.815	106.100	5
2026-04-24 07:00	106.115	106.285	105.957	105.970	5
2026-04-24 07:05	105.957	106.085	105.790	106.055	5
2026-04-24 07:10	106.065	106.080	105.855	105.885	5
2026-04-24 07:15	105.890	105.985	105.800	105.975	5
2026-04-24 07:20	105.980	105.980	105.560	105.765	5
2026-04-24 07:25	105.755	105.815	105.495	105.615	5
2026-04-24 07:30	105.595	105.970	105.590	105.895	5
2026-04-24 07:35	105.885	105.975	105.835	105.940	5
2026-04-24 07:40	105.960	106.160	105.900	106.160	5
2026-04-24 07:45	106.155	106.390	106.145	106.255	5
2026-04-24 07:50	106.245	106.270	106.030	106.090	5
2026-04-24 07:55	106.080	106.350	106.055	106.210	5
2026-04-24 08:00	106.260	107.140	106.245	106.960	5
2026-04-24 08:05	106.970	107.225	106.845	107.225	5
2026-04-24 08:10	107.210	107.290	107.015	107.035	5
2026-04-24 08:15	107.015	107.015	106.565	106.730	5
2026-04-24 08:20	106.740	106.835	106.535	106.725	5
2026-04-24 08:25	106.730	107.005	106.560	106.820	5
2026-04-24 08:30	106.815	106.845	106.625	106.795	5
2026-04-24 08:35	106.790	107.020	106.705	106.810	5
2026-04-24 08:40	106.815	107.085	106.765	107.005	5
2026-04-24 08:45	107.015	107.045	106.700	106.715	5
2026-04-24 08:50	106.735	106.865	106.680	106.775	5
2026-04-24 08:55	106.770	106.970	106.510	106.560	5
2026-04-24 09:00	106.555	106.885	106.240	106.825	5
2026-04-24 09:05	106.870	106.985	106.830	106.880	5
2026-04-24 09:10	106.885	106.930	106.715	106.820	5
2026-04-24 09:15	106.825	107.120	106.805	107.005	5
2026-04-24 09:20	107.000	107.160	106.920	107.050	5
2026-04-24 09:25	107.055	107.145	107.005	107.065	5
2026-04-24 09:30	107.075	107.300	107.070	107.225	5
2026-04-24 09:35	107.220	107.365	107.070	107.100	5
2026-04-24 09:40	107.135	107.190	107.005	107.130	5
2026-04-24 09:45	107.120	107.240	107.037	107.160	5
2026-04-24 09:50	107.155	107.440	107.135	107.345	5
2026-04-24 09:55	107.340	107.420	107.310	107.365	5
2026-04-24 10:00	107.320	107.330	107.115	107.215	5
2026-04-24 10:05	107.220	107.380	107.200	107.230	5
2026-04-24 10:10	107.235	107.375	107.230	107.320	5
2026-04-24 10:15	107.315	107.350	107.170	107.185	5
2026-04-24 10:20	107.180	107.260	106.970	107.145	5
2026-04-24 10:25	107.140	107.175	107.000	107.085	5
2026-04-24 10:30	107.075	107.190	106.995	107.150	5
2026-04-24 10:35	107.145	107.145	106.890	107.025	5
2026-04-24 10:40	107.030	107.040	106.745	106.775	5
2026-04-24 10:45	106.770	106.830	106.710	106.800	5
2026-04-24 10:50	106.805	106.845	106.645	106.685	5
2026-04-24 10:55	106.670	106.680	106.565	106.610	5
2026-04-24 11:00	106.577	106.577	106.275	106.275	5
2026-04-24 11:05	105.740	106.157	104.730	105.317	5
2026-04-24 11:10	105.330	105.455	104.627	104.930	5
2026-04-24 11:15	104.935	105.237	104.545	105.130	5
2026-04-24 11:20	105.100	105.465	104.150	104.207	5
2026-04-24 11:25	104.187	104.460	103.450	103.475	5
2026-04-24 11:30	103.455	104.075	103.405	103.815	5
2026-04-24 11:35	103.827	104.125	103.755	104.110	5
2026-04-24 11:40	104.140	104.375	103.985	104.315	5
2026-04-24 11:45	104.310	104.765	104.310	104.705	5
2026-04-24 11:50	104.700	104.785	104.415	104.545	5
2026-04-24 11:55	104.550	104.675	104.200	104.310	5
2026-04-24 12:00	104.290	104.470	104.130	104.410	5
2026-04-24 12:05	104.415	104.730	104.400	104.595	5
2026-04-24 12:10	104.610	104.625	104.120	104.310	5
2026-04-24 12:15	104.320	104.607	104.025	104.470	5
2026-04-24 12:20	104.475	104.870	104.377	104.615	5
2026-04-24 12:25	104.610	104.885	104.527	104.605	5
2026-04-24 12:30	104.615	105.110	104.610	105.110	5
2026-04-24 12:35	105.115	105.530	105.115	105.335	5
2026-04-24 12:40	105.365	105.665	105.150	105.500	5
2026-04-24 12:45	105.515	106.175	105.270	106.055	5
2026-04-24 12:50	106.065	106.315	105.795	106.115	5
2026-04-24 12:55	106.120	106.120	105.675	105.690	5
2026-04-24 13:00	105.625	105.640	105.270	105.320	5
2026-04-24 13:05	105.315	105.365	105.095	105.295	5
2026-04-24 13:10	105.270	105.270	104.677	104.805	5
2026-04-24 13:15	104.795	105.135	104.560	104.605	5
2026-04-24 13:20	104.600	105.410	104.555	105.230	5
2026-04-24 13:25	105.240	105.370	104.955	104.960	5
2026-04-24 13:30	104.955	105.650	104.905	105.445	5
2026-04-24 13:35	105.475	105.545	105.325	105.475	5
2026-04-24 13:40	105.480	105.650	105.365	105.630	5
2026-04-24 13:45	105.635	105.640	105.185	105.235	5
2026-04-24 13:50	105.245	105.435	105.110	105.435	5
2026-04-24 13:55	105.425	105.425	105.115	105.180	5
2026-04-24 14:00	105.200	105.625	105.120	105.135	5
2026-04-24 14:05	105.140	105.590	104.900	105.150	5
2026-04-24 14:10	105.155	105.380	104.967	105.355	5
2026-04-24 14:15	105.370	105.520	104.975	105.050	5
2026-04-24 14:20	105.060	105.240	104.837	105.110	5
2026-04-24 14:25	105.120	105.440	104.950	105.275	5
2026-04-24 14:30	105.285	105.365	104.825	104.935	5
2026-04-24 14:35	104.940	104.990	104.640	104.870	5
2026-04-24 14:40	104.875	104.885	104.610	104.670	5
2026-04-24 14:45	104.660	105.020	104.590	104.930	5
2026-04-24 14:50	104.925	105.280	104.830	105.260	5
2026-04-24 14:55	105.245	105.310	104.985	105.240	5
2026-04-24 15:00	105.225	105.665	105.140	105.665	5
2026-04-24 15:05	105.670	105.945	105.560	105.595	5
2026-04-24 15:10	105.605	106.080	105.475	105.950	5
2026-04-24 15:15	105.955	106.090	105.885	105.970	5
2026-04-24 15:20	105.960	106.085	105.835	105.995	5
2026-04-24 15:25	105.985	106.325	105.895	106.060	5
2026-04-24 15:30	106.065	106.120	105.475	105.770	5
2026-04-24 15:35	105.795	105.825	105.575	105.580	5
2026-04-24 15:40	105.600	105.950	105.407	105.407	5
2026-04-24 15:45	104.570	104.800	104.207	104.747	4
2026-04-24 15:50	104.765	104.970	104.195	104.215	5
2026-04-24 15:55	104.250	104.590	104.175	104.510	5
2026-04-24 16:00	104.505	104.560	104.095	104.475	5
2026-04-24 16:05	104.485	104.950	104.345	104.790	5
2026-04-24 16:10	104.815	104.875	104.520	104.735	5
2026-04-24 16:15	104.745	105.050	104.680	104.970	5
2026-04-24 16:20	104.960	104.960	104.720	104.775	5
2026-04-24 16:25	104.780	105.040	104.660	104.825	5
2026-04-24 16:30	104.820	104.950	104.520	104.740	5
2026-04-24 16:35	104.745	104.930	104.615	104.920	5
2026-04-24 16:40	104.925	105.300	104.850	104.895	5
2026-04-24 16:45	104.925	105.140	104.760	105.120	5
2026-04-24 16:50	105.105	105.140	104.895	105.015	5
2026-04-24 16:55	105.005	105.040	104.637	104.720	5
2026-04-24 17:00	104.730	104.740	104.415	104.485	5
2026-04-24 17:05	104.465	104.680	104.300	104.530	5
2026-04-24 17:10	104.527	104.660	104.425	104.625	5
2026-04-24 17:15	104.630	104.750	104.555	104.555	5
2026-04-24 17:20	104.560	104.810	104.540	104.635	5
2026-04-24 17:25	104.645	104.830	104.565	104.820	5
2026-04-24 17:30	104.825	104.970	104.690	104.705	5
2026-04-24 17:35	104.700	104.710	104.070	104.635	5
2026-04-24 17:40	104.630	104.635	104.475	104.510	5
2026-04-24 17:45	104.505	104.540	104.300	104.430	5
2026-04-24 17:50	104.435	104.460	104.015	104.055	5
2026-04-24 17:55	104.050	104.600	103.975	104.575	5
2026-04-24 18:00	104.580	104.835	104.520	104.835	5
2026-04-24 18:05	104.845	105.070	104.845	105.025	5
2026-04-24 18:10	105.035	105.060	104.835	104.895	5
2026-04-24 18:15	104.890	105.220	104.870	105.070	5
2026-04-24 18:20	105.075	105.320	105.055	105.300	5
2026-04-24 18:25	105.310	105.440	105.240	105.350	5
2026-04-24 18:30	105.345	105.495	105.185	105.210	5
2026-04-24 18:35	105.205	105.280	104.985	105.120	5
2026-04-24 18:40	105.115	105.250	105.040	105.230	5
2026-04-24 18:45	105.235	105.235	104.925	105.040	5
2026-04-24 18:50	105.045	105.180	104.867	105.165	5
2026-04-24 18:55	105.160	105.170	105.060	105.125	5
2026-04-24 19:00	105.120	105.265	105.045	105.105	5
2026-04-24 19:05	105.110	105.360	105.095	105.275	5
2026-04-24 19:10	105.285	105.295	105.035	105.110	5
2026-04-24 19:15	105.125	105.415	105.030	105.365	5
2026-04-24 19:20	105.360	105.770	105.360	105.750	5
2026-04-24 19:25	105.755	105.875	105.665	105.800	5
2026-04-24 19:30	105.795	105.860	105.655	105.720	5
2026-04-24 19:35	105.725	105.815	105.725	105.765	5
2026-04-24 19:40	105.760	105.765	105.605	105.710	5
2026-04-24 19:45	105.720	106.100	105.715	106.050	5
2026-04-24 19:50	106.015	106.040	105.800	105.820	5
2026-04-24 19:55	105.807	105.820	105.650	105.790	5
2026-04-24 20:00	105.805	105.982	105.772	105.982	5
2026-04-24 20:05	105.972	106.427	105.962	106.102	5
2026-04-24 20:10	106.152	106.417	106.107	106.412	5
2026-04-24 20:15	106.407	106.482	106.347	106.482	5
2026-04-24 20:20	106.472	106.637	106.422	106.637	5
2026-04-24 20:25	106.627	106.652	106.522	106.547	5
2026-04-24 20:30	106.542	106.547	106.272	106.412	5
2026-04-24 20:35	106.417	106.432	106.167	106.177	5
2026-04-24 20:40	106.172	106.177	106.172	106.177	1
2026-04-27 00:00	101.228	101.285	101.205	101.272	5
2026-04-27 00:05	101.270	101.585	101.257	101.387	5
2026-04-27 00:10	101.385	101.397	101.107	101.122	5
2026-04-27 00:15	101.115	101.305	101.112	101.275	5
2026-04-27 00:20	101.277	101.337	101.197	101.322	5
2026-04-27 00:25	101.317	101.367	101.290	101.335	5
2026-04-27 00:30	101.325	101.425	101.322	101.412	5
2026-04-27 00:35	101.402	101.555	101.392	101.540	5
2026-04-27 00:40	101.535	101.605	101.495	101.595	5
2026-04-27 00:45	101.585	101.595	101.480	101.497	5
2026-04-27 00:50	101.510	101.535	101.447	101.477	5
2026-04-27 00:55	101.480	101.495	101.033	101.157	5
2026-04-27 01:00	101.152	101.152	100.467	100.617	5
2026-04-27 01:05	100.617	100.807	100.597	100.787	5
2026-04-27 01:10	100.792	100.792	100.572	100.657	5
2026-04-27 01:15	100.655	100.935	100.652	100.895	5
2026-04-27 01:20	100.910	100.967	100.777	100.865	5
2026-04-27 01:25	100.860	101.042	100.827	100.827	5
2026-04-27 01:30	100.837	100.945	100.792	100.862	5
2026-04-27 01:35	100.875	100.875	100.642	100.712	5
2026-04-27 01:40	100.717	100.727	100.607	100.692	5
2026-04-27 01:45	100.690	100.705	100.617	100.650	5
2026-04-27 01:50	100.655	100.825	100.592	100.812	5
2026-04-27 01:55	100.820	101.067	100.812	100.892	5
2026-04-27 02:00	100.882	100.882	100.737	100.795	5
2026-04-27 02:05	100.800	100.815	100.752	100.765	5
2026-04-27 02:10	100.770	100.805	100.540	100.557	5
2026-04-27 02:15	100.565	100.570	100.365	100.417	5
2026-04-27 02:20	100.425	100.463	100.352	100.385	5
2026-04-27 02:25	100.395	100.402	100.277	100.362	5
2026-04-27 02:30	100.355	100.435	100.237	100.422	5
2026-04-27 02:35	100.412	100.517	100.377	100.497	5
2026-04-27 02:40	100.492	100.500	100.367	100.395	5
2026-04-27 02:45	100.390	100.472	100.295	100.302	5
2026-04-27 02:50	100.312	100.350	100.262	100.310	5
2026-04-27 02:55	100.305	100.330	100.172	100.175	5
2026-04-27 03:00	100.177	100.215	99.947	100.172	5
2026-04-27 03:05	100.177	100.270	100.142	100.162	5
2026-04-27 03:10	100.152	100.270	100.152	100.227	5
2026-04-27 03:15	100.232	100.272	100.162	100.175	5
2026-04-27 03:20	100.180	100.210	100.122	100.140	5
2026-04-27 03:25	100.142	100.225	100.142	100.212	5
2026-04-27 03:30	100.205	100.262	100.187	100.217	5
2026-04-27 03:35	100.212	100.275	100.192	100.267	5
2026-04-27 03:40	100.305	100.307	100.207	100.230	5
2026-04-27 03:45	100.222	100.302	100.212	100.275	5
2026-04-27 03:50	100.285	100.330	100.252	100.252	5
2026-04-27 03:55	100.260	100.357	100.248	100.335	5
2026-04-27 04:00	100.335	100.395	100.312	100.382	5
2026-04-27 04:05	100.372	100.382	100.282	100.297	5
2026-04-27 04:10	100.307	100.370	100.300	100.370	5
2026-04-27 04:15	100.375	100.390	100.335	100.342	5
2026-04-27 04:20	100.335	100.360	100.320	100.347	5
2026-04-27 04:25	100.352	100.387	100.332	100.360	5
2026-04-27 04:30	100.367	100.380	100.335	100.360	5
2026-04-27 04:35	100.365	100.370	100.297	100.317	5
2026-04-27 04:40	100.315	100.335	100.275	100.315	5
2026-04-27 04:45	100.317	100.390	100.305	100.375	5
2026-04-27 04:50	100.380	100.475	100.357	100.467	5
2026-04-27 04:55	100.460	100.730	100.457	100.670	5
2026-04-27 05:00	100.657	100.907	100.637	100.902	5
2026-04-27 05:05	100.907	101.000	100.857	100.892	5
2026-04-27 05:10	100.887	101.085	100.887	101.082	5
2026-04-27 05:15	101.077	101.125	101.010	101.067	5
2026-04-27 05:20	101.072	101.097	101.027	101.042	5
2026-04-27 05:25	101.025	101.055	100.962	101.032	5
2026-04-27 05:30	101.015	101.062	100.865	100.952	5
2026-04-27 05:35	100.957	101.245	100.942	101.175	5
2026-04-27 05:40	101.180	101.235	101.062	101.070	5
2026-04-27 05:45	101.075	101.095	100.937	100.995	5
2026-04-27 05:50	101.000	101.165	101.000	101.065	5
2026-04-27 05:55	101.060	101.135	100.975	101.085	5
2026-04-27 06:00	101.095	101.215	100.997	101.207	5
2026-04-27 06:05	101.190	101.445	101.180	101.360	5
2026-04-27 06:10	101.357	101.360	101.170	101.237	5
2026-04-27 06:15	101.235	101.270	101.170	101.220	5
2026-04-27 06:20	101.230	101.270	101.135	101.200	5
2026-04-27 06:25	101.202	101.302	101.143	101.202	5
2026-04-27 06:30	101.197	101.335	101.192	101.315	5
2026-04-27 06:35	101.320	101.340	101.187	101.230	5
2026-04-27 06:40	101.205	101.360	101.205	101.282	5
2026-04-27 06:45	101.290	101.305	101.057	101.110	5
2026-04-27 06:50	101.105	101.120	101.017	101.040	5
2026-04-27 06:55	101.032	101.120	101.012	101.042	5
2026-04-27 07:00	101.043	101.220	101.007	101.147	5
2026-04-27 07:05	101.155	101.485	101.097	101.370	5
2026-04-27 07:10	101.375	101.470	101.292	101.300	5
2026-04-27 07:15	101.310	101.485	101.280	101.477	5
2026-04-27 07:20	101.495	101.692	101.477	101.520	5
2026-04-27 07:25	101.510	101.700	101.465	101.650	5
2026-04-27 07:30	101.652	101.652	101.537	101.547	5
2026-04-27 07:35	101.540	101.645	101.477	101.500	5
2026-04-27 07:40	101.492	101.575	101.387	101.492	5
2026-04-27 07:45	101.505	101.550	101.422	101.520	5
2026-04-27 07:50	101.525	101.700	101.505	101.687	5
2026-04-27 07:55	101.672	101.915	101.632	101.865	5
2026-04-27 08:00	101.862	102.165	101.810	102.110	5
2026-04-27 08:05	102.107	102.120	101.920	101.990	5
2026-04-27 08:10	101.977	102.035	101.827	101.857	5
2026-04-27 08:15	101.870	101.920	101.755	101.885	5
2026-04-27 08:20	101.875	101.990	101.792	101.960	5
2026-04-27 08:25	101.920	102.090	101.722	101.993	5
2026-04-27 08:30	102.025	102.045	101.622	101.742	5
2026-04-27 08:35	101.740	101.830	101.700	101.817	5
2026-04-27 08:40	101.815	101.870	101.597	101.597	5
2026-04-27 08:45	101.607	101.640	101.522	101.560	5
2026-04-27 08:50	101.565	101.630	101.485	101.572	5
2026-04-27 08:55	101.560	101.670	101.517	101.537	5
2026-04-27 09:00	101.530	101.547	101.332	101.402	5
2026-04-27 09:05	101.410	101.557	101.315	101.520	5
2026-04-27 09:10	101.522	101.557	101.410	101.497	5
2026-04-27 09:15	101.505	101.610	101.422	101.547	5
2026-04-27 09:20	101.555	101.790	101.547	101.750	5
2026-04-27 09:25	101.757	101.810	101.750	101.780	5
2026-04-27 09:30	101.785	101.805	101.597	101.597	5
2026-04-27 09:35	101.607	101.707	101.592	101.677	5
2026-04-27 09:40	101.672	101.680	101.562	101.572	5
2026-04-27 09:45	101.577	101.590	101.510	101.542	5
2026-04-27 09:50	101.555	101.590	101.465	101.560	5
2026-04-27 09:55	101.540	101.655	101.510	101.525	5
2026-04-27 10:00	101.530	101.560	101.477	101.535	5
2026-04-27 10:05	101.542	101.547	101.417	101.430	5
2026-04-27 10:10	101.410	101.510	101.390	101.450	5
2026-04-27 10:15	101.460	101.470	101.335	101.357	5
2026-04-27 10:20	101.367	101.367	101.227	101.337	5
2026-04-27 10:25	101.320	101.370	101.287	101.370	5
2026-04-27 10:30	101.360	101.375	100.925	101.057	5
2026-04-27 10:35	101.070	101.070	100.685	100.745	5
2026-04-27 10:40	100.750	100.780	100.497	100.547	5
2026-04-27 10:45	100.540	100.540	100.210	100.410	5
2026-04-27 10:50	100.420	100.580	100.327	100.542	5
2026-04-27 10:55	100.540	100.560	100.457	100.525	5
2026-04-27 11:00	100.555	100.555	100.357	100.460	5
2026-04-27 11:05	100.450	100.470	100.325	100.355	5
2026-04-27 11:10	100.370	100.372	100.240	100.340	5
2026-04-27 11:15	100.327	100.375	100.095	100.162	5
2026-04-27 11:20	100.170	100.255	99.700	99.785	5
2026-04-27 11:25	99.787	99.930	99.687	99.760	5
2026-04-27 11:30	99.750	99.975	99.567	99.952	5
2026-04-27 11:35	99.960	100.300	99.940	100.237	5
2026-04-27 11:40	100.232	100.260	100.075	100.135	5
2026-04-27 11:45	100.140	100.220	100.088	100.132	5
2026-04-27 11:50	100.150	100.190	100.087	100.150	5
2026-04-27 11:55	100.140	100.280	100.137	100.160	5
2026-04-27 12:00	100.132	100.210	100.065	100.140	5
2026-04-27 12:05	100.142	100.215	100.055	100.070	5
2026-04-27 12:10	100.060	100.130	100.037	100.065	5
2026-04-27 12:15	100.077	100.180	99.972	99.980	5
2026-04-27 12:20	99.982	100.222	99.982	100.202	5
2026-04-27 12:25	100.210	100.620	100.197	100.430	5
2026-04-27 12:30	100.440	100.675	100.382	100.650	5
2026-04-27 12:35	100.647	100.890	100.560	100.732	5
2026-04-27 12:40	100.730	101.247	100.717	101.210	5
2026-04-27 12:45	101.198	101.250	100.907	100.997	5
2026-04-27 12:50	101.015	101.245	100.927	101.030	5
2026-04-27 12:55	101.020	101.290	101.017	101.097	5
2026-04-27 13:00	101.077	101.148	100.857	100.870	5
2026-04-27 13:05	100.875	100.990	100.757	100.775	5
2026-04-27 13:10	100.780	100.995	100.627	100.900	5
2026-04-27 13:15	100.897	100.985	100.775	100.837	5
2026-04-27 13:20	100.845	100.875	100.638	100.770	5
2026-04-27 13:25	100.775	101.030	100.757	100.940	5
2026-04-27 13:30	100.930	101.355	100.827	101.355	5
2026-04-27 13:35	101.352	101.390	101.145	101.170	5
2026-04-27 13:40	101.160	101.465	101.145	101.377	5
2026-04-27 13:45	101.375	101.470	101.315	101.377	5
2026-04-27 13:50	101.387	101.440	101.292	101.332	5
2026-04-27 13:55	101.330	101.465	101.077	101.097	5
2026-04-27 14:00	101.095	101.320	101.010	101.150	5
2026-04-27 14:05	101.140	101.330	100.863	101.317	5
2026-04-27 14:10	101.345	101.635	101.262	101.512	5
2026-04-27 14:15	101.510	101.710	101.487	101.617	5
2026-04-27 14:20	101.615	101.640	101.315	101.337	5
2026-04-27 14:25	101.335	101.570	101.205	101.475	5
2026-04-27 14:30	101.470	101.645	101.443	101.545	5
2026-04-27 14:35	101.560	101.560	100.938	101.342	5
2026-04-27 14:40	101.352	101.600	101.197	101.375	5
2026-04-27 14:45	101.380	101.670	101.327	101.645	5
2026-04-27 14:50	101.650	101.790	101.515	101.667	5
2026-04-27 14:55	101.675	101.760	101.620	101.730	5
2026-04-27 15:00	101.725	102.147	101.687	101.950	5
2026-04-27 15:05	101.948	101.985	101.892	101.905	5
2026-04-27 15:10	101.910	102.125	101.860	101.982	5
2026-04-27 15:15	101.990	102.080	101.893	101.997	5
2026-04-27 15:20	101.995	102.400	101.995	102.162	5
2026-04-27 15:25	102.155	102.200	101.835	101.900	5
2026-04-27 15:30	101.895	102.095	101.837	102.047	5
2026-04-27 15:35	102.045	102.140	101.892	101.985	5
2026-04-27 15:40	101.977	101.995	101.748	101.865	5
2026-04-27 15:45	101.870	101.960	101.797	101.947	5
2026-04-27 15:50	101.957	102.020	101.587	101.600	5
2026-04-27 15:55	101.590	101.670	101.295	101.320	5
2026-04-27 16:00	101.308	101.487	101.257	101.302	5
2026-04-27 16:05	101.297	101.425	101.237	101.310	5
2026-04-27 16:10	101.300	101.550	101.300	101.527	5
2026-04-27 16:15	101.532	101.580	101.367	101.400	5
2026-04-27 16:20	101.402	101.530	101.382	101.527	5
2026-04-27 16:25	101.540	101.540	101.377	101.485	5
2026-04-27 16:30	101.490	101.500	101.365	101.447	5
2026-04-27 16:35	101.455	101.485	101.357	101.437	5
2026-04-27 16:40	101.442	101.740	101.420	101.727	5
2026-04-27 16:45	101.722	101.727	101.632	101.702	5
2026-04-27 16:50	101.710	101.775	101.645	101.687	5
2026-04-27 16:55	101.700	101.755	101.647	101.725	5
2026-04-27 17:00	101.720	101.775	101.672	101.767	5
2026-04-27 17:05	101.775	101.990	101.697	101.927	5
2026-04-27 17:10	101.940	102.110	101.922	102.030	5
2026-04-27 17:15	102.010	102.595	101.982	102.330	5
2026-04-27 17:20	102.337	102.450	101.782	102.240	5
2026-04-27 17:25	102.245	102.260	101.965	101.980	5
2026-04-27 17:30	101.975	101.985	101.315	101.320	5
2026-04-27 17:35	101.325	101.740	101.325	101.720	5
2026-04-27 17:40	101.725	101.830	101.667	101.732	5
2026-04-27 17:45	101.720	101.985	101.672	101.955	5
2026-04-27 17:50	101.957	102.000	101.867	101.967	5
2026-04-27 17:55	101.950	101.985	101.773	101.887	5
2026-04-27 18:00	101.890	102.390	101.887	102.385	5
2026-04-27 18:05	102.387	102.500	102.187	102.230	5
2026-04-27 18:10	102.240	102.315	102.110	102.210	5
2026-04-27 18:15	102.207	102.227	101.935	102.077	5
2026-04-27 18:20	102.070	102.145	101.857	101.877	5
2026-04-27 18:25	101.870	101.880	101.567	101.630	5
2026-04-27 18:30	101.630	101.670	101.487	101.667	5
2026-04-27 18:35	101.672	101.797	101.577	101.597	5
2026-04-27 18:40	101.605	101.625	101.507	101.560	5
2026-04-27 18:45	101.555	101.700	101.515	101.587	5
2026-04-27 18:50	101.590	101.665	101.527	101.647	5
2026-04-27 18:55	101.632	101.665	101.587	101.647	5
2026-04-27 19:00	101.655	101.690	101.607	101.650	5
2026-04-27 19:05	101.640	101.725	101.607	101.670	5
2026-04-27 19:10	101.680	101.690	101.507	101.632	5
2026-04-27 19:15	101.640	101.640	101.477	101.477	5
2026-04-27 19:20	101.472	101.535	101.380	101.437	5
2026-04-27 19:25	101.435	101.447	101.312	101.397	5
2026-04-27 19:30	101.410	101.420	101.260	101.317	5
2026-04-27 19:35	101.310	101.517	101.307	101.482	5
2026-04-27 19:40	101.480	101.557	101.422	101.555	5
2026-04-27 19:45	101.547	101.925	101.252	101.807	5
2026-04-27 19:50	101.800	101.827	101.570	101.787	5
2026-04-27 19:55	101.790	101.800	101.560	101.600	5
2026-04-27 20:00	101.595	101.627	101.452	101.577	5
2026-04-27 20:05	101.577	101.717	101.537	101.712	5
2026-04-27 20:10	101.727	101.727	101.637	101.672	5
2026-04-27 20:15	101.667	101.707	101.662	101.702	5
2026-04-27 20:20	101.722	101.927	101.702	101.837	5
2026-04-27 20:25	101.843	101.843	101.657	101.692	5
2026-04-27 20:30	101.692	101.862	101.632	101.827	5
2026-04-27 20:35	101.822	101.862	101.802	101.857	4
2026-04-27 20:40	101.857	101.867	101.807	101.862	5
2026-04-27 20:45	101.862	101.917	101.792	101.792	5
2026-04-27 20:50	101.777	101.912	101.717	101.847	5
2026-04-27 20:55	101.842	101.887	101.817	101.862	5
2026-04-28 00:00	101.802	101.935	101.727	101.887	5
2026-04-28 00:05	101.885	101.887	101.667	101.757	5
2026-04-28 00:10	101.770	101.805	101.665	101.755	5
2026-04-28 00:15	101.767	101.925	101.755	101.905	5
2026-04-28 00:20	101.915	101.935	101.885	101.915	5
2026-04-28 00:25	101.910	102.355	101.858	102.195	5
2026-04-28 00:30	102.187	102.435	102.180	102.325	5
2026-04-28 00:35	102.307	102.390	102.265	102.280	5
2026-04-28 00:40	102.275	102.375	102.245	102.345	5
2026-04-28 00:45	102.340	102.345	102.255	102.285	5
2026-04-28 00:50	102.290	102.290	102.230	102.250	5
2026-04-28 00:55	102.240	102.340	102.240	102.340	5
2026-04-28 01:00	102.293	102.505	102.223	102.470	5
2026-04-28 01:05	102.475	102.500	102.315	102.385	5
2026-04-28 01:10	102.400	102.475	102.335	102.470	5
2026-04-28 01:15	102.465	102.540	102.435	102.440	5
2026-04-28 01:20	102.450	102.520	102.350	102.385	5
2026-04-28 01:25	102.380	102.380	102.235	102.250	5
2026-04-28 01:30	102.240	102.340	102.240	102.270	5
2026-04-28 01:35	102.260	102.270	102.105	102.105	5
2026-04-28 01:40	102.095	102.130	102.035	102.080	5
2026-04-28 01:45	102.075	102.250	102.065	102.250	5
2026-04-28 01:50	102.270	102.490	102.265	102.475	5
2026-04-28 01:55	102.480	102.585	102.440	102.535	5
2026-04-28 02:00	102.555	102.580	102.515	102.535	5
2026-04-28 02:05	102.540	102.580	102.480	102.570	5
2026-04-28 02:10	102.555	102.575	102.520	102.570	5
2026-04-28 02:15	102.565	102.590	102.525	102.570	5
2026-04-28 02:20	102.575	102.735	102.555	102.640	5
2026-04-28 02:25	102.600	102.630	102.525	102.560	5
2026-04-28 02:30	102.565	102.610	102.520	102.575	5
2026-04-28 02:35	102.580	102.640	102.565	102.600	5
2026-04-28 02:40	102.615	102.615	102.430	102.470	5
2026-04-28 02:45	102.475	102.490	102.425	102.470	5
2026-04-28 02:50	102.475	102.530	102.435	102.470	5
2026-04-28 02:55	102.460	102.550	102.447	102.520	5
2026-04-28 03:00	102.510	102.555	102.378	102.430	5
2026-04-28 03:05	102.425	102.500	102.410	102.455	5
2026-04-28 03:10	102.450	102.450	102.365	102.370	5
2026-04-28 03:15	102.390	102.415	102.320	102.330	5
2026-04-28 03:20	102.320	102.400	102.300	102.400	5
2026-04-28 03:25	102.387	102.515	102.363	102.435	5
2026-04-28 03:30	102.410	102.505	102.405	102.460	5
2026-04-28 03:35	102.455	102.505	102.413	102.413	5
2026-04-28 03:40	102.465	102.485	102.388	102.480	5
2026-04-28 03:45	102.500	102.520	102.460	102.485	5
2026-04-28 03:50	102.480	102.580	102.465	102.570	5
2026-04-28 03:55	102.575	102.725	102.575	102.725	5
2026-04-28 04:00	102.767	102.880	102.730	102.880	5
2026-04-28 04:05	102.860	102.900	102.845	102.880	5
2026-04-28 04:10	102.865	102.865	102.730	102.760	5
2026-04-28 04:15	102.770	102.770	102.680	102.700	5
2026-04-28 04:20	102.695	102.720	102.660	102.670	5
2026-04-28 04:25	102.665	102.665	102.610	102.630	5
2026-04-28 04:30	102.625	102.630	102.550	102.560	5
2026-04-28 04:35	102.570	102.610	102.570	102.610	5
2026-04-28 04:40	102.600	102.655	102.553	102.620	5
2026-04-28 04:45	102.635	102.650	102.600	102.610	5
2026-04-28 04:50	102.620	102.655	102.550	102.640	5
2026-04-28 04:55	102.645	102.725	102.625	102.680	5
2026-04-28 05:00	102.685	102.750	102.680	102.730	5
2026-04-28 05:05	102.725	102.780	102.715	102.760	5
2026-04-28 05:10	102.750	102.795	102.670	102.675	5
2026-04-28 05:15	102.670	102.750	102.665	102.695	5
2026-04-28 05:20	102.680	102.705	102.655	102.660	5
2026-04-28 05:25	102.650	102.750	102.630	102.740	5
2026-04-28 05:30	102.760	103.585	102.630	103.585	5
2026-04-28 05:35	103.590	104.220	103.565	103.705	5
2026-04-28 05:40	103.700	103.910	103.575	103.815	5
2026-04-28 05:45	103.830	103.955	103.690	103.950	5
2026-04-28 05:50	103.945	103.970	103.685	103.710	5
2026-04-28 05:55	103.705	103.735	103.393	103.525	5
2026-04-28 06:00	103.530	103.550	103.185	103.190	5
2026-04-28 06:05	103.200	103.250	103.030	103.120	5
2026-04-28 06:10	103.130	103.140	103.005	103.075	5
2026-04-28 06:15	103.070	103.280	103.020	103.210	5
2026-04-28 06:20	103.205	103.290	103.110	103.210	5
2026-04-28 06:25	103.205	103.230	103.045	103.120	5
2026-04-28 06:30	103.125	103.230	103.045	103.120	5
2026-04-28 06:35	103.110	103.595	103.110	103.530	5
2026-04-28 06:40	103.520	103.705	103.515	103.560	5
2026-04-28 06:45	103.545	103.675	103.545	103.645	5
2026-04-28 06:50	103.640	103.720	103.580	103.670	5
2026-04-28 06:55	103.680	103.760	103.600	103.690	5
2026-04-28 07:00	103.675	103.790	103.548	103.640	5
2026-04-28 07:05	103.630	104.000	103.585	103.850	5
2026-04-28 07:10	103.840	104.090	103.755	103.965	5
2026-04-28 07:15	103.955	104.325	103.940	104.250	5
2026-04-28 07:20	104.245	104.270	104.115	104.160	5
2026-04-28 07:25	104.140	104.635	104.120	104.480	5
2026-04-28 07:30	104.460	104.830	104.345	104.810	5
2026-04-28 07:35	104.815	104.820	104.533	104.610	5
2026-04-28 07:40	104.605	104.735	104.450	104.590	5
2026-04-28 07:45	104.585	104.620	104.415	104.550	5
2026-04-28 07:50	104.540	104.645	104.318	104.410	5
2026-04-28 07:55	104.390	104.670	104.390	104.490	5
2026-04-28 08:00	104.483	104.640	104.440	104.475	5
2026-04-28 08:05	104.480	104.620	104.300	104.400	5
2026-04-28 08:10	104.410	104.570	104.280	104.500	5
2026-04-28 08:15	104.485	104.485	104.130	104.350	5
2026-04-28 08:20	104.340	104.440	104.225	104.430	5
2026-04-28 08:25	104.415	104.550	103.603	103.603	5
2026-04-28 08:30	103.460	103.920	103.438	103.870	5
2026-04-28 08:35	103.907	104.010	103.790	103.970	5
2026-04-28 08:40	103.955	104.230	103.915	104.115	5
2026-04-28 08:45	104.120	104.340	104.095	104.205	5
2026-04-28 08:50	104.210	104.215	103.975	104.170	5
2026-04-28 08:55	104.195	104.260	104.085	104.095	5
2026-04-28 09:00	104.100	104.615	104.073	104.535	5
2026-04-28 09:05	104.530	104.570	104.295	104.295	5
2026-04-28 09:10	104.310	104.400	104.130	104.350	5
2026-04-28 09:15	104.355	104.515	104.213	104.320	5
2026-04-28 09:20	104.315	104.475	104.315	104.355	5
2026-04-28 09:25	104.345	104.420	104.230	104.360	5
2026-04-28 09:30	104.350	104.640	104.350	104.580	5
2026-04-28 09:35	104.550	104.610	104.348	104.550	5
2026-04-28 09:40	104.560	104.650	104.530	104.540	5
2026-04-28 09:45	104.550	104.645	104.430	104.490	5
2026-04-28 09:50	104.495	104.535	104.395	104.435	5
2026-04-28 09:55	104.440	104.610	104.370	104.550	5
2026-04-28 10:00	104.560	104.575	104.090	104.235	5
2026-04-28 10:05	104.220	104.475	104.210	104.470	5
2026-04-28 10:10	104.475	104.565	104.440	104.565	5
2026-04-28 10:15	104.555	104.650	104.443	104.485	5
2026-04-28 10:20	104.505	104.740	104.443	104.640	5
2026-04-28 10:25	104.650	104.715	104.420	104.450	5
2026-04-28 10:30	104.470	104.475	104.270	104.270	5
2026-04-28 10:35	104.290	104.380	104.185	104.345	5
2026-04-28 10:40	104.350	104.430	104.270	104.415	5
2026-04-28 10:45	104.410	104.445	104.305	104.370	5
2026-04-28 10:50	104.375	104.490	104.315	104.455	5
2026-04-28 10:55	104.460	104.495	104.295	104.330	5
2026-04-28 11:00	104.288	104.445	104.245	104.435	5
2026-04-28 11:05	104.460	104.585	104.318	104.535	5
2026-04-28 11:10	104.530	104.605	104.415	104.580	5
2026-04-28 11:15	104.600	104.970	104.500	104.880	5
2026-04-28 11:20	104.860	104.895	104.708	104.815	5
2026-04-28 11:25	104.810	104.905	104.755	104.840	5
2026-04-28 11:30	104.845	104.950	104.760	104.930	5
2026-04-28 11:35	104.950	105.140	104.848	105.065	5
2026-04-28 11:40	105.080	105.135	104.800	104.810	5
2026-04-28 11:45	104.805	105.800	104.800	105.760	5
2026-04-28 11:50	105.770	105.790	105.403	105.500	5
2026-04-28 11:55	105.510	105.590	105.445	105.490	5
2026-04-28 12:00	105.383	105.550	105.280	105.280	5
2026-04-28 12:05	105.285	105.285	105.020	105.180	5
2026-04-28 12:10	105.200	105.307	104.923	105.045	5
2026-04-28 12:15	105.003	105.250	104.990	105.215	5
2026-04-28 12:20	105.220	105.230	102.983	105.080	6
2026-04-28 12:25	105.057	105.360	104.870	104.920	5
2026-04-28 12:30	104.930	105.045	104.615	104.660	5
2026-04-28 12:35	104.655	104.755	104.190	104.200	5
2026-04-28 12:40	104.210	104.560	104.125	104.505	5
2026-04-28 12:45	104.510	104.550	104.018	104.155	5
2026-04-28 12:50	104.160	104.300	104.060	104.145	5
2026-04-28 12:55	104.150	104.225	103.923	104.000	5
2026-04-28 13:00	104.040	104.520	104.035	104.500	5
2026-04-28 13:05	104.495	104.635	104.385	104.455	5
2026-04-28 13:10	104.465	104.855	104.365	104.760	5
2026-04-28 13:15	104.750	104.950	104.645	104.725	5
2026-04-28 13:20	104.745	104.745	104.310	104.510	5
2026-04-28 13:25	104.460	104.680	103.583	103.963	6
2026-04-28 13:30	103.973	104.320	103.953	104.210	6
2026-04-28 13:35	104.215	104.220	103.455	103.980	5
2026-04-28 13:40	103.990	104.190	103.410	103.590	5
2026-04-28 13:45	103.595	103.875	103.495	103.715	5
2026-04-28 13:50	103.710	103.855	103.330	103.820	5
2026-04-28 13:55	103.825	104.200	103.813	104.035	5
2026-04-28 14:00	104.067	104.700	104.058	104.390	5
2026-04-28 14:05	104.395	104.560	104.370	104.460	5
2026-04-28 14:10	104.445	104.760	104.400	104.555	5
2026-04-28 14:15	104.540	104.630	104.390	104.560	5
2026-04-28 14:20	104.555	104.600	104.355	104.370	5
2026-04-28 14:25	104.350	104.550	104.295	104.460	5
2026-04-28 14:30	104.455	104.610	104.205	104.470	5
2026-04-28 14:35	104.475	104.850	104.340	104.790	5
2026-04-28 14:40	104.795	104.890	104.380	104.455	5
2026-04-28 14:45	104.440	104.730	103.973	104.585	5
2026-04-28 14:50	104.600	104.760	104.278	104.410	5
2026-04-28 14:55	104.390	104.460	103.618	103.680	5
2026-04-28 15:00	103.675	103.935	103.438	103.460	5
2026-04-28 15:05	103.455	104.125	103.413	104.075	5
2026-04-28 15:10	104.085	104.097	103.747	103.930	5
2026-04-28 15:15	103.945	104.125	103.830	104.020	5
2026-04-28 15:20	104.015	104.245	103.920	103.995	5
2026-04-28 15:25	104.000	104.185	103.910	104.130	5
2026-04-28 15:30	104.140	104.470	104.075	104.250	5
2026-04-28 15:35	104.255	104.300	103.900	104.130	5
2026-04-28 15:40	104.150	104.350	104.055	104.320	5
2026-04-28 15:45	104.335	104.465	104.245	104.280	5
2026-04-28 15:50	104.290	104.300	103.970	104.010	5
2026-04-28 15:55	104.020	104.310	104.010	104.110	5
2026-04-28 16:00	104.120	104.245	104.010	104.215	5
2026-04-28 16:05	104.240	104.280	104.150	104.200	5
2026-04-28 16:10	104.205	104.305	104.150	104.190	5
2026-04-28 16:15	104.210	104.485	104.155	104.175	5
2026-04-28 16:20	104.170	104.210	103.920	103.930	5
2026-04-28 16:25	103.920	104.045	103.840	103.950	5
2026-04-28 16:30	103.925	103.960	103.750	103.900	5
2026-04-28 16:35	103.905	103.925	103.670	103.700	5
2026-04-28 16:40	103.710	103.895	103.665	103.780	5
2026-04-28 16:45	103.775	103.960	103.570	103.655	5
2026-04-28 16:50	103.675	103.740	103.415	103.550	5
2026-04-28 16:55	103.570	103.690	103.456	103.510	5
2026-04-28 17:00	103.495	103.770	103.405	103.750	5
2026-04-28 17:05	103.745	103.755	103.680	103.730	5
2026-04-28 17:10	103.735	103.905	103.710	103.900	5
2026-04-28 17:15	103.905	104.265	103.875	104.235	5
2026-04-28 17:20	104.230	104.325	104.170	104.205	5
2026-04-28 17:25	104.210	104.320	104.190	104.260	5
2026-04-28 17:30	104.250	104.260	104.115	104.145	5
2026-04-28 17:35	104.140	104.225	104.000	104.085	5
2026-04-28 17:40	104.080	104.160	104.005	104.060	5
2026-04-28 17:45	104.065	104.105	103.917	103.960	5
2026-04-28 17:50	103.950	104.050	103.925	103.945	5
2026-04-28 17:55	103.915	104.260	103.915	104.220	5
2026-04-28 18:00	104.225	104.265	104.055	104.250	5
2026-04-28 18:05	104.255	104.275	104.150	104.195	5
2026-04-28 18:10	104.200	104.325	104.165	104.265	5
2026-04-28 18:15	104.260	104.325	104.190	104.265	5
2026-04-28 18:20	104.270	104.445	103.868	104.090	5
2026-04-28 18:25	104.070	104.590	103.898	104.300	5
2026-04-28 18:30	104.310	104.570	104.305	104.540	5
2026-04-28 18:35	104.545	104.675	104.540	104.590	5
2026-04-28 18:40	104.585	104.610	104.485	104.495	5
2026-04-28 18:45	104.490	104.500	104.260	104.300	5
2026-04-28 18:50	104.295	104.490	104.275	104.445	5
2026-04-28 18:55	104.450	104.565	104.355	104.370	5
2026-04-28 19:00	104.365	104.440	104.345	104.345	5
2026-04-28 19:05	104.370	104.420	104.247	104.300	5
2026-04-28 19:10	104.325	104.355	104.265	104.300	5
2026-04-28 19:15	104.305	104.390	104.305	104.365	5
2026-04-28 19:20	104.370	104.390	104.295	104.315	5
2026-04-28 19:25	104.310	104.350	104.280	104.340	5
2026-04-28 19:30	104.345	104.410	104.305	104.405	5
2026-04-28 19:35	104.400	104.415	104.335	104.350	5
2026-04-28 19:40	104.345	104.370	104.320	104.335	5
2026-04-28 19:45	104.300	104.400	104.275	104.380	5
2026-04-28 19:50	104.355	104.410	104.340	104.380	5
2026-04-28 19:55	104.390	104.395	104.310	104.370	5
2026-04-28 20:00	104.385	104.385	104.312	104.337	5
2026-04-28 20:05	104.322	104.327	104.042	104.047	5
2026-04-28 20:10	104.057	104.137	103.912	103.927	5
2026-04-28 20:15	103.922	104.072	103.922	103.937	5
2026-04-28 20:20	103.918	103.992	103.897	103.982	5
2026-04-28 20:25	104.012	104.122	103.982	104.097	5
2026-04-28 20:30	104.087	104.167	104.012	104.152	5
2026-04-28 20:35	104.137	104.142	104.017	104.112	5
2026-04-28 20:40	104.107	104.107	104.002	104.067	5
2026-04-28 20:45	104.062	104.182	104.052	104.172	5
2026-04-28 20:50	104.167	104.217	104.152	104.177	5
2026-04-28 20:55	104.172	104.272	104.167	104.267	5
2026-04-29 00:00	103.882	103.917	103.655	103.665	5
2026-04-29 00:05	103.685	103.885	103.657	103.875	5
2026-04-29 00:10	103.890	103.910	103.687	103.777	5
2026-04-29 00:15	103.795	103.837	103.695	103.745	5
2026-04-29 00:20	103.765	103.995	103.765	103.945	5
2026-04-29 00:25	103.940	103.950	103.785	103.845	5
2026-04-29 00:30	103.855	103.885	103.785	103.880	5
2026-04-29 00:35	103.885	103.905	103.770	103.795	5
2026-04-29 00:40	103.790	103.795	103.700	103.780	5
2026-04-29 00:45	103.790	103.985	103.775	103.965	5
2026-04-29 00:50	103.960	104.005	103.860	103.895	5
2026-04-29 00:55	103.900	103.935	103.870	103.890	5
2026-04-29 01:00	103.845	104.275	103.828	104.247	5
2026-04-29 01:05	104.255	104.855	104.140	104.735	5
2026-04-29 01:10	104.740	104.755	104.520	104.705	5
2026-04-29 01:15	104.727	104.760	104.575	104.575	5
2026-04-29 01:20	104.585	104.805	104.565	104.765	5
2026-04-29 01:25	104.750	104.755	104.555	104.755	5
2026-04-29 01:30	104.758	104.945	104.758	104.795	5
2026-04-29 01:35	104.785	104.915	104.750	104.815	5
2026-04-29 01:40	104.805	104.817	104.650	104.705	5
2026-04-29 01:45	104.697	104.960	104.675	104.955	5
2026-04-29 01:50	104.960	105.120	104.917	104.927	5
2026-04-29 01:55	104.935	104.947	104.787	104.805	5
2026-04-29 02:00	104.810	104.810	104.550	104.570	5
2026-04-29 02:05	104.585	104.615	104.237	104.245	5
2026-04-29 02:10	104.247	104.307	104.115	104.125	5
2026-04-29 02:15	104.135	104.160	103.710	103.795	5
2026-04-29 02:20	103.805	103.870	103.715	103.725	5
2026-04-29 02:25	103.705	103.735	103.297	103.635	5
2026-04-29 02:30	103.645	103.745	103.523	103.737	5
2026-04-29 02:35	103.747	103.855	103.747	103.835	5
2026-04-29 02:40	103.825	103.965	103.737	103.895	5
2026-04-29 02:45	103.897	103.970	103.845	103.880	5
2026-04-29 02:50	103.885	104.035	103.857	104.035	5
2026-04-29 02:55	104.025	104.095	103.930	104.085	5
2026-04-29 03:00	104.095	104.190	103.955	103.985	5
2026-04-29 03:05	103.975	103.985	103.685	103.697	5
2026-04-29 03:10	103.715	103.825	103.655	103.675	5
2026-04-29 03:15	103.685	103.830	103.675	103.795	5
2026-04-29 03:20	103.810	103.865	103.735	103.775	5
2026-04-29 03:25	103.770	103.895	103.770	103.880	5
2026-04-29 03:30	103.895	104.015	103.865	103.905	5
2026-04-29 03:35	103.890	104.010	103.888	104.005	5
2026-04-29 03:40	104.010	104.055	103.980	104.050	5
2026-04-29 03:45	104.065	104.145	104.040	104.090	5
2026-04-29 03:50	104.095	104.100	103.990	104.000	5
2026-04-29 03:55	104.020	104.095	104.010	104.050	5
2026-04-29 04:00	104.045	104.115	104.017	104.090	5
2026-04-29 04:05	104.085	104.140	104.085	104.110	5
2026-04-29 04:10	104.130	104.150	104.100	104.115	5
2026-04-29 04:15	104.110	104.150	104.090	104.135	5
2026-04-29 04:20	104.140	104.140	104.090	104.135	5
2026-04-29 04:25	104.130	104.150	104.090	104.135	5
2026-04-29 04:30	104.130	104.220	104.090	104.140	5
2026-04-29 04:35	104.125	104.140	104.010	104.015	5
2026-04-29 04:40	104.010	104.125	104.010	104.125	5
2026-04-29 04:45	104.140	104.220	104.120	104.220	5
2026-04-29 04:50	104.250	104.270	104.180	104.245	5
2026-04-29 04:55	104.230	104.375	104.230	104.330	5
2026-04-29 05:00	104.340	104.450	104.340	104.440	5
2026-04-29 05:05	104.435	104.510	104.390	104.510	5
2026-04-29 05:10	104.520	104.575	104.490	104.545	5
2026-04-29 05:15	104.550	104.667	104.550	104.610	5
2026-04-29 05:20	104.550	104.635	104.490	104.560	5
2026-04-29 05:25	104.565	104.605	104.530	104.545	5
2026-04-29 05:30	104.540	104.570	104.405	104.510	5
2026-04-29 05:35	104.505	104.515	104.385	104.420	5
2026-04-29 05:40	104.425	104.425	104.360	104.390	5
2026-04-29 05:45	104.380	104.610	104.380	104.590	5
2026-04-29 05:50	104.580	104.665	104.535	104.540	5
2026-04-29 05:55	104.535	104.700	104.535	104.690	5
2026-04-29 06:00	104.665	104.680	104.470	104.475	5
2026-04-29 06:05	104.470	104.545	104.470	104.540	5
2026-04-29 06:10	104.555	104.635	104.480	104.555	5
2026-04-29 06:15	104.560	104.570	104.440	104.445	5
2026-04-29 06:20	104.450	104.600	104.445	104.550	5
2026-04-29 06:25	104.540	104.885	104.510	104.880	5
2026-04-29 06:30	104.885	105.382	104.885	105.335	5
2026-04-29 06:35	105.340	105.400	105.090	105.105	5
2026-04-29 06:40	105.100	105.370	105.040	105.360	5
2026-04-29 06:45	105.335	105.475	105.258	105.360	5
2026-04-29 06:50	105.400	105.470	105.290	105.340	5
2026-04-29 06:55	105.325	105.370	105.245	105.340	5
2026-04-29 07:00	105.273	105.375	105.090	105.100	5
2026-04-29 07:05	105.090	105.305	105.090	105.305	5
2026-04-29 07:10	105.310	105.395	105.250	105.265	5
2026-04-29 07:15	105.260	105.300	105.160	105.240	5
2026-04-29 07:20	105.255	105.505	105.220	105.380	5
2026-04-29 07:25	105.370	105.500	105.290	105.380	5
2026-04-29 07:30	105.385	105.520	105.340	105.450	5
2026-04-29 07:35	105.440	105.960	105.390	105.890	5
2026-04-29 07:40	105.895	106.130	105.835	105.995	5
2026-04-29 07:45	105.990	106.405	105.950	106.100	5
2026-04-29 07:50	106.110	106.240	106.000	106.185	5
2026-04-29 07:55	106.227	106.240	106.030	106.040	5
2026-04-29 08:00	105.998	106.540	105.973	106.440	5
2026-04-29 08:05	106.435	107.130	106.358	107.035	5
2026-04-29 08:10	107.030	107.030	106.830	106.980	5
2026-04-29 08:15	106.990	107.225	106.940	107.190	5
2026-04-29 08:20	107.195	107.260	107.005	107.030	5
2026-04-29 08:25	107.000	107.335	106.890	107.290	5
2026-04-29 08:30	107.305	107.825	107.143	107.760	5
2026-04-29 08:35	107.750	107.970	107.685	107.720	5
2026-04-29 08:40	107.725	107.805	107.470	107.510	5
2026-04-29 08:45	107.495	107.755	107.360	107.620	5
2026-04-29 08:50	107.615	107.740	107.485	107.530	5
2026-04-29 08:55	107.520	107.640	107.450	107.560	5
2026-04-29 09:00	107.555	107.710	107.370	107.440	5
2026-04-29 09:05	107.450	107.605	107.435	107.525	5
2026-04-29 09:10	107.520	107.730	107.480	107.715	5
2026-04-29 09:15	107.720	107.810	107.570	107.620	5
2026-04-29 09:20	107.630	107.770	107.530	107.575	5
2026-04-29 09:25	107.590	107.705	107.585	107.690	5
2026-04-29 09:30	107.695	107.725	107.345	107.360	5
2026-04-29 09:35	107.370	107.385	107.005	107.370	5
2026-04-29 09:40	107.365	107.520	107.335	107.490	5
2026-04-29 09:45	107.470	107.595	107.397	107.530	5
2026-04-29 09:50	107.525	107.640	107.490	107.500	5
2026-04-29 09:55	107.510	107.580	107.370	107.490	5
2026-04-29 10:00	107.500	107.650	107.390	107.500	5
2026-04-29 10:05	107.505	107.530	107.180	107.370	5
2026-04-29 10:10	107.385	107.560	107.380	107.450	5
2026-04-29 10:15	107.435	107.435	107.260	107.260	5
2026-04-29 10:20	107.270	107.400	107.260	107.320	5
2026-04-29 10:25	107.325	107.415	107.325	107.355	5
2026-04-29 10:30	107.340	107.340	107.160	107.280	5
2026-04-29 10:35	107.290	107.340	107.205	107.290	5
2026-04-29 10:40	107.300	107.385	107.245	107.375	5
2026-04-29 10:45	107.380	107.390	107.260	107.275	5
2026-04-29 10:50	107.260	107.320	107.130	107.205	5
2026-04-29 10:55	107.210	107.280	107.140	107.165	5
2026-04-29 11:00	107.160	107.300	107.103	107.185	5
2026-04-29 11:05	107.190	107.525	107.188	107.420	5
2026-04-29 11:10	107.435	107.490	107.340	107.440	5
2026-04-29 11:15	107.450	107.590	107.425	107.500	5
2026-04-29 11:20	107.490	107.615	107.375	107.510	5
2026-04-29 11:25	107.515	107.540	107.375	107.450	5
2026-04-29 11:30	107.455	107.480	107.340	107.410	5
2026-04-29 11:35	107.452	107.495	107.100	107.235	5
2026-04-29 11:40	107.225	107.540	107.195	107.360	5
2026-04-29 11:45	107.375	107.590	107.275	107.540	5
2026-04-29 11:50	107.520	107.655	107.465	107.510	5
2026-04-29 11:55	107.520	107.680	107.485	107.680	5
2026-04-29 12:00	107.685	107.760	107.490	107.520	5
2026-04-29 12:05	107.530	107.580	107.370	107.530	5
2026-04-29 12:10	107.500	107.570	107.330	107.420	5
2026-04-29 12:15	107.430	107.555	107.315	107.550	5
2026-04-29 12:20	107.555	107.740	107.490	107.735	5
2026-04-29 12:25	107.710	108.065	107.545	107.997	5
2026-04-29 12:30	108.015	108.570	108.015	108.325	5
2026-04-29 12:35	108.335	108.470	108.180	108.305	5
2026-04-29 12:40	108.300	108.390	108.203	108.305	5
2026-04-29 12:45	108.310	108.365	108.260	108.305	5
2026-04-29 12:50	108.315	108.385	108.205	108.365	5
2026-04-29 12:55	108.370	108.425	108.215	108.310	5
2026-04-29 13:00	108.258	108.273	107.995	108.110	5
2026-04-29 13:05	108.105	108.195	108.010	108.175	5
2026-04-29 13:10	108.170	108.260	108.053	108.240	5
2026-04-29 13:15	108.245	108.650	108.195	108.650	5
2026-04-29 13:20	108.593	109.260	108.568	109.105	5
2026-04-29 13:25	109.100	109.545	109.090	109.435	5
2026-04-29 13:30	109.450	109.665	109.258	109.665	5
2026-04-29 13:35	109.690	109.730	109.285	109.470	5
2026-04-29 13:40	109.475	109.730	109.465	109.560	5
2026-04-29 13:45	109.565	109.770	109.540	109.580	5
2026-04-29 13:50	109.585	109.960	109.398	109.605	5
2026-04-29 13:55	109.595	109.795	109.445	109.650	5
2026-04-29 14:00	109.630	109.730	109.420	109.435	5
2026-04-29 14:05	109.440	109.530	109.330	109.380	5
2026-04-29 14:10	109.385	109.580	109.223	109.365	5
2026-04-29 14:15	109.375	109.530	109.303	109.365	5
2026-04-29 14:20	109.370	109.505	109.265	109.390	5
2026-04-29 14:25	109.385	109.440	109.140	109.387	5
2026-04-29 14:30	109.397	109.915	109.350	109.370	5
2026-04-29 14:35	109.360	109.490	109.110	109.405	5
2026-04-29 14:40	109.400	109.750	109.395	109.545	5
2026-04-29 14:45	109.540	109.695	109.510	109.635	5
2026-04-29 14:50	109.630	109.770	109.550	109.570	5
2026-04-29 14:55	109.575	109.690	109.523	109.660	5
2026-04-29 15:00	109.670	109.755	109.530	109.720	5
2026-04-29 15:05	109.725	109.905	109.635	109.825	5
2026-04-29 15:10	109.830	109.860	109.640	109.695	5
2026-04-29 15:15	109.700	109.830	109.345	109.640	5
2026-04-29 15:20	109.630	109.760	109.545	109.730	5
2026-04-29 15:25	109.725	110.045	109.670	109.905	5
2026-04-29 15:30	109.910	110.123	109.730	109.840	5
2026-04-29 15:35	109.845	110.012	109.810	109.900	5
2026-04-29 15:40	109.920	110.045	109.823	109.915	5
2026-04-29 15:45	109.920	109.965	109.675	109.780	5
2026-04-29 15:50	109.790	110.783	109.608	110.610	5
2026-04-29 15:55	110.617	111.235	110.563	111.050	5
2026-04-29 16:00	110.988	111.105	110.260	110.435	5
2026-04-29 16:05	110.440	110.555	110.210	110.230	5
2026-04-29 16:10	110.235	110.655	110.220	110.635	5
2026-04-29 16:15	110.630	110.835	110.495	110.730	5
2026-04-29 16:20	110.735	110.800	110.635	110.695	5
2026-04-29 16:25	110.690	110.810	110.515	110.755	5
2026-04-29 16:30	110.765	111.235	110.740	111.160	5
2026-04-29 16:35	111.155	111.210	111.030	111.050	5
2026-04-29 16:40	111.045	111.090	110.880	110.890	5
2026-04-29 16:45	110.900	110.900	110.665	110.820	5
2026-04-29 16:50	110.830	111.000	110.733	110.910	5
2026-04-29 16:55	110.920	111.040	110.900	110.920	5
2026-04-29 17:00	110.910	111.470	110.890	111.290	5
2026-04-29 17:05	111.270	111.280	111.100	111.160	5
2026-04-29 17:10	111.165	111.475	111.115	111.305	5
2026-04-29 17:15	111.300	111.385	111.098	111.290	5
2026-04-29 17:20	111.305	111.305	110.733	110.960	5
2026-04-29 17:25	110.950	111.050	110.545	110.550	5
2026-04-29 17:30	110.565	110.630	110.003	110.490	5
2026-04-29 17:35	110.500	110.920	110.480	110.870	5
2026-04-29 17:40	110.865	111.165	110.850	111.050	5
2026-04-29 17:45	111.030	111.050	110.448	110.710	5
2026-04-29 17:50	110.705	110.735	110.133	110.390	5
2026-04-29 17:55	110.400	110.635	110.190	110.367	5
2026-04-29 18:00	110.367	110.660	110.367	110.585	5
2026-04-29 18:05	110.590	110.940	110.508	110.785	5
2026-04-29 18:10	110.790	110.790	110.595	110.700	5
2026-04-29 18:15	110.715	110.730	110.230	110.395	5
2026-04-29 18:20	110.400	110.510	110.320	110.350	5
2026-04-29 18:25	110.365	110.650	110.235	110.430	5
2026-04-29 18:30	110.425	110.850	110.420	110.580	5
2026-04-29 18:35	110.585	110.640	110.383	110.600	5
2026-04-29 18:40	110.640	110.770	110.570	110.765	5
2026-04-29 18:45	110.775	110.810	110.578	110.630	5
2026-04-29 18:50	110.625	110.730	110.510	110.725	5
2026-04-29 18:55	110.730	110.730	110.410	110.435	5
2026-04-29 19:00	110.425	110.610	110.370	110.610	5
2026-04-29 19:05	110.620	110.770	110.590	110.645	5
2026-04-29 19:10	110.640	110.665	110.530	110.570	5
2026-04-29 19:15	110.560	110.780	110.545	110.765	5
2026-04-29 19:20	110.760	111.020	110.720	110.875	5
2026-04-29 19:25	110.870	111.000	110.840	111.000	5
2026-04-29 19:30	111.030	111.810	111.025	111.625	5
2026-04-29 19:35	111.620	111.620	111.280	111.310	5
2026-04-29 19:40	111.315	111.535	111.295	111.525	5
2026-04-29 19:45	111.505	111.625	111.445	111.515	5
2026-04-29 19:50	111.555	111.555	111.198	111.325	5
2026-04-29 19:55	111.315	111.510	111.295	111.490	5
2026-04-29 20:00	111.443	111.537	111.207	111.277	5
2026-04-29 20:05	111.262	111.337	111.192	111.332	5
2026-04-29 20:10	111.322	111.482	111.322	111.407	5
2026-04-29 20:15	111.432	111.562	111.382	111.442	5
2026-04-29 20:20	111.437	111.447	111.332	111.347	5
2026-04-29 20:25	111.342	111.417	111.267	111.327	5
2026-04-29 20:30	111.322	111.537	111.267	111.492	5
2026-04-29 20:35	111.502	111.557	111.482	111.482	5
2026-04-29 20:40	111.487	111.492	111.362	111.432	5
2026-04-29 20:45	111.437	111.733	111.437	111.722	5
2026-04-29 20:50	111.727	111.807	111.667	111.712	5
2026-04-29 20:55	111.702	111.932	111.697	111.857	5
2026-04-30 00:00	111.163	111.338	110.263	111.277	5
2026-04-30 00:05	111.277	111.387	110.488	110.595	5
2026-04-30 00:10	110.617	110.955	110.523	110.897	5
2026-04-30 00:15	110.875	110.965	110.497	110.517	5
2026-04-30 00:20	110.507	110.987	110.475	110.947	5
2026-04-30 00:25	110.967	111.075	110.803	110.905	5
2026-04-30 00:30	110.927	111.125	110.787	111.055	5
2026-04-30 00:35	111.047	111.277	110.998	111.005	5
2026-04-30 00:40	111.000	111.227	111.000	111.157	5
2026-04-30 00:45	111.147	111.167	111.027	111.037	5
2026-04-30 00:50	111.067	111.137	111.020	111.125	5
2026-04-30 00:55	111.150	111.535	111.100	111.285	5
2026-04-30 01:00	111.275	111.477	111.000	111.117	5
2026-04-30 01:05	111.107	111.270	111.007	111.137	5
2026-04-30 01:10	111.107	111.167	110.865	111.067	5
2026-04-30 01:15	111.037	111.140	110.905	111.135	5
2026-04-30 01:20	111.127	111.235	110.995	111.217	5
2026-04-30 01:25	111.227	111.227	110.900	110.927	5
2026-04-30 01:30	110.947	110.997	110.785	110.857	5
2026-04-30 01:35	110.855	111.147	110.855	111.127	5
2026-04-30 01:40	111.137	111.157	110.747	110.900	5
2026-04-30 01:45	110.905	110.957	110.810	110.900	5
2026-04-30 01:50	110.905	111.155	110.835	110.845	5
2026-04-30 01:55	110.835	110.897	110.690	110.730	5
2026-04-30 02:00	110.735	110.940	110.725	110.927	5
2026-04-30 02:05	110.925	111.027	110.717	110.747	5
2026-04-30 02:10	110.757	110.985	110.695	110.887	5
2026-04-30 02:15	110.897	111.645	110.887	111.617	5
2026-04-30 02:20	111.597	111.807	111.525	111.735	5
2026-04-30 02:25	111.745	111.920	111.675	111.857	5
2026-04-30 02:30	111.818	112.337	111.617	112.300	5
2026-04-30 02:35	112.317	112.455	112.127	112.397	5
2026-04-30 02:40	112.405	112.647	112.060	112.557	5
2026-04-30 02:45	112.555	112.607	112.275	112.355	5
2026-04-30 02:50	112.365	112.390	111.990	112.010	5
2026-04-30 02:55	112.005	112.215	111.855	112.010	5
2026-04-30 03:00	112.030	112.045	111.795	111.935	5
2026-04-30 03:05	111.945	112.455	111.935	112.325	5
2026-04-30 03:10	112.345	113.237	112.265	112.965	5
2026-04-30 03:15	112.987	113.057	112.815	113.047	5
2026-04-30 03:20	113.037	113.105	112.777	112.907	5
2026-04-30 03:25	112.907	112.947	112.670	112.777	5
2026-04-30 03:30	112.777	112.865	112.595	112.615	5
2026-04-30 03:35	112.605	113.145	112.458	112.965	5
2026-04-30 03:40	112.957	113.150	112.957	113.027	5
2026-04-30 03:45	113.025	113.157	112.990	113.045	5
2026-04-30 03:50	113.035	113.185	113.015	113.037	5
2026-04-30 03:55	113.027	113.175	112.857	112.915	5
2026-04-30 04:00	112.920	113.385	112.865	113.377	5
2026-04-30 04:05	113.370	113.427	113.178	113.310	5
2026-04-30 04:10	113.297	113.860	113.217	113.700	5
2026-04-30 04:15	113.695	114.210	113.695	114.000	5
2026-04-30 04:20	113.985	114.197	113.675	113.715	5
2026-04-30 04:25	113.725	113.995	113.205	113.837	5
2026-04-30 04:30	113.875	114.665	113.753	114.377	5
2026-04-30 04:35	114.367	114.375	113.985	114.115	5
2026-04-30 04:40	114.170	114.255	113.590	113.635	5
2026-04-30 04:45	113.637	113.855	113.460	113.477	5
2026-04-30 04:50	113.500	113.695	113.417	113.625	5
2026-04-30 04:55	113.630	113.755	113.545	113.657	5
2026-04-30 05:00	113.665	113.665	113.185	113.357	5
2026-04-30 05:05	113.365	113.410	113.017	113.095	5
2026-04-30 05:10	113.115	113.387	113.085	113.367	5
2026-04-30 05:15	113.375	113.605	113.303	113.505	5
2026-04-30 05:20	113.495	113.650	113.458	113.527	5
2026-04-30 05:25	113.507	113.835	113.507	113.630	5
2026-04-30 05:30	113.587	113.597	113.075	113.095	5
2026-04-30 05:35	113.117	113.350	113.065	113.350	5
2026-04-30 05:40	113.367	113.550	113.265	113.525	5
2026-04-30 05:45	113.545	113.645	113.450	113.477	5
2026-04-30 05:50	113.485	113.525	113.347	113.427	5
2026-04-30 05:55	113.465	113.752	113.405	113.517	5
2026-04-30 06:00	113.527	113.660	113.257	113.337	5
2026-04-30 06:05	113.315	113.810	113.265	113.805	5
2026-04-30 06:10	113.787	114.205	113.785	113.795	5
2026-04-30 06:15	113.800	113.977	113.645	113.660	5
2026-04-30 06:20	113.675	114.220	113.655	114.155	5
2026-04-30 06:25	114.145	114.195	114.057	114.090	5
2026-04-30 06:30	114.057	114.065	112.757	112.775	5
2026-04-30 06:35	112.760	112.960	112.557	112.835	5
2026-04-30 06:40	112.827	113.237	112.713	112.947	5
2026-04-30 06:45	112.945	113.377	112.843	113.097	5
2026-04-30 06:50	113.085	113.110	112.375	112.485	5
2026-04-30 06:55	112.487	112.660	112.337	112.387	5
2026-04-30 07:00	112.387	112.540	112.265	112.350	5
2026-04-30 07:05	112.340	112.477	111.423	111.805	5
2026-04-30 07:10	111.825	112.080	111.585	111.895	5
2026-04-30 07:15	111.925	112.295	111.795	112.277	5
2026-04-30 07:20	112.275	112.515	112.147	112.255	5
2026-04-30 07:25	112.285	112.470	112.180	112.275	5
2026-04-30 07:30	112.280	112.380	111.825	112.230	5
2026-04-30 07:35	112.225	112.475	112.075	112.115	5
2026-04-30 07:40	112.130	112.340	111.990	112.065	5
2026-04-30 07:45	112.075	112.130	111.753	112.025	5
2026-04-30 07:50	112.015	112.237	111.673	111.945	5
2026-04-30 07:55	111.937	112.170	111.773	111.895	5
2026-04-30 08:00	111.857	112.187	111.743	112.130	5
2026-04-30 08:05	112.163	112.185	111.935	111.987	5
2026-04-30 08:10	111.938	112.035	111.753	111.845	5
2026-04-30 08:15	111.880	111.965	111.585	111.805	5
2026-04-30 08:20	111.810	112.095	111.810	111.920	5
2026-04-30 08:25	111.935	112.090	111.720	111.745	5
2026-04-30 08:30	111.735	111.795	111.340	111.705	5
2026-04-30 08:35	111.715	112.050	111.458	111.580	5
2026-04-30 08:40	111.627	111.750	111.385	111.715	5
2026-04-30 08:45	111.668	111.865	111.668	111.835	5
2026-04-30 08:50	111.840	111.920	111.490	111.557	5
2026-04-30 08:55	111.565	111.915	111.478	111.875	5
2026-04-30 09:00	111.813	111.920	111.540	111.655	5
2026-04-30 09:05	111.645	112.045	111.525	111.830	5
2026-04-30 09:10	111.825	112.313	111.825	111.995	5
2026-04-30 09:15	112.000	112.145	111.795	112.145	5
2026-04-30 09:20	112.150	112.465	112.148	112.410	5
2026-04-30 09:25	112.395	112.475	110.770	110.797	5
2026-04-30 09:30	110.805	110.855	110.013	110.697	5
2026-04-30 09:35	110.685	110.950	110.563	110.730	5
2026-04-30 09:40	110.725	110.930	110.535	110.687	5
2026-04-30 09:45	110.685	110.920	110.490	110.642	5
2026-04-30 09:50	110.635	110.965	110.318	110.375	5
2026-04-30 09:55	110.365	110.635	110.125	110.405	5
2026-04-30 10:00	110.373	110.430	109.915	110.125	5
2026-04-30 10:05	110.115	110.165	109.640	109.915	5
2026-04-30 10:10	109.925	110.275	109.848	110.140	5
2026-04-30 10:15	110.125	110.297	110.120	110.270	5
2026-04-30 10:20	110.260	110.495	110.255	110.400	5
2026-04-30 10:25	110.405	110.465	110.035	110.348	5
2026-04-30 10:30	110.278	110.720	110.193	110.720	5
2026-04-30 10:35	110.725	110.965	110.468	110.510	5
2026-04-30 10:40	110.520	110.557	110.133	110.275	5
2026-04-30 10:45	110.237	110.457	110.110	110.407	5
2026-04-30 10:50	110.397	110.535	110.167	110.283	5
2026-04-30 10:55	110.315	110.420	110.110	110.195	5
2026-04-30 11:00	110.153	110.205	109.227	109.445	5
2026-04-30 11:05	109.470	109.850	108.743	109.045	5
2026-04-30 11:10	109.037	109.325	109.008	109.255	5
2026-04-30 11:15	109.227	109.297	108.825	109.020	5
2026-04-30 11:20	109.030	109.265	108.913	109.225	5
2026-04-30 11:25	109.235	109.240	107.085	107.235	5
2026-04-30 11:30	107.227	108.195	107.193	108.095	5
2026-04-30 11:35	108.090	108.547	107.878	108.495	5
2026-04-30 11:40	108.490	108.725	108.345	108.515	5
2026-04-30 11:45	108.473	108.725	108.397	108.580	5
2026-04-30 11:50	108.550	108.935	108.315	108.810	5
2026-04-30 11:55	108.815	108.935	108.685	108.830	5
2026-04-30 12:00	108.835	108.970	108.670	108.940	5
2026-04-30 12:05	108.945	109.140	108.756	108.890	5
2026-04-30 12:10	108.875	108.990	108.778	108.937	5
2026-04-30 12:15	108.945	109.100	108.677	108.870	5
2026-04-30 12:20	108.860	108.920	108.745	108.840	5
2026-04-30 12:25	108.865	109.137	108.845	109.125	5
2026-04-30 12:30	109.083	109.825	109.018	109.807	5
2026-04-30 12:35	109.800	109.915	109.605	109.675	5
2026-04-30 12:40	109.665	109.880	109.555	109.735	5
2026-04-30 12:45	109.730	109.775	109.295	109.540	5
2026-04-30 12:50	109.547	109.660	109.037	109.305	5
2026-04-30 12:55	109.330	109.420	109.070	109.297	5
2026-04-30 13:00	109.262	109.297	108.685	108.895	5
2026-04-30 13:05	108.905	108.920	108.340	108.380	5
2026-04-30 13:10	108.385	108.755	108.285	108.400	5
2026-04-30 13:15	108.405	108.585	108.085	108.380	5
2026-04-30 13:20	108.387	108.770	108.250	108.735	5
2026-04-30 13:25	108.740	108.977	108.407	108.725	5
2026-04-30 13:30	108.705	109.375	108.643	109.370	5
2026-04-30 13:35	109.365	109.865	109.365	109.795	5
2026-04-30 13:40	109.800	109.895	109.520	109.600	5
2026-04-30 13:45	109.560	109.890	109.488	109.675	5
2026-04-30 13:50	109.660	109.870	109.528	109.755	5
2026-04-30 13:55	109.770	109.815	109.545	109.690	5
2026-04-30 14:00	109.645	109.850	109.473	109.773	5
2026-04-30 14:05	109.830	110.045	109.473	109.795	5
2026-04-30 14:10	109.800	109.920	109.398	109.790	5
2026-04-30 14:15	109.785	110.360	109.748	109.800	5
2026-04-30 14:20	109.795	110.137	109.663	109.810	5
2026-04-30 14:25	109.817	110.095	109.640	109.805	5
2026-04-30 14:30	109.825	110.517	109.720	110.395	5
2026-04-30 14:35	110.348	110.945	110.333	110.685	5
2026-04-30 14:40	110.675	110.680	110.367	110.510	5
2026-04-30 14:45	110.505	110.760	110.330	110.630	5
2026-04-30 14:50	110.645	110.660	110.265	110.370	5
2026-04-30 14:55	110.380	110.660	110.333	110.615	5
2026-04-30 15:00	110.625	111.085	110.333	110.920	5
2026-04-30 15:05	110.915	111.010	109.613	109.707	5
2026-04-30 15:10	109.665	110.275	109.588	110.175	5
2026-04-30 15:15	110.170	110.195	109.595	109.705	5
2026-04-30 15:20	109.700	109.995	109.435	109.475	5
2026-04-30 15:25	109.437	109.680	109.175	109.540	5
2026-04-30 15:30	109.555	109.685	109.155	109.580	5
2026-04-30 15:35	109.595	109.795	109.435	109.490	5
2026-04-30 15:40	109.485	109.785	109.485	109.630	5
2026-04-30 15:45	109.635	110.095	109.635	109.880	5
2026-04-30 15:50	109.865	109.870	109.480	109.610	5
2026-04-30 15:55	109.615	109.645	109.435	109.585	5
2026-04-30 16:00	109.533	109.970	109.533	109.710	5
2026-04-30 16:05	109.705	109.865	109.580	109.810	5
2026-04-30 16:10	109.805	109.910	109.565	109.675	5
2026-04-30 16:15	109.685	110.105	109.665	109.845	5
2026-04-30 16:20	109.855	110.095	109.798	110.065	5
2026-04-30 16:25	110.075	110.150	109.940	110.045	5
2026-04-30 16:30	109.997	110.140	109.955	110.080	5
2026-04-30 16:35	110.075	110.170	109.985	110.000	5
2026-04-30 16:40	110.010	110.055	109.805	109.975	5
2026-04-30 16:45	109.980	110.255	109.870	109.930	5
2026-04-30 16:50	109.945	110.285	109.920	110.115	5
2026-04-30 16:55	110.125	110.280	109.990	110.010	5
2026-04-30 17:00	109.990	110.005	109.440	109.565	5
2026-04-30 17:05	109.560	109.645	109.375	109.405	5
2026-04-30 17:10	109.400	109.450	109.228	109.415	5
2026-04-30 17:15	109.410	109.825	109.410	109.715	5
2026-04-30 17:20	109.710	109.770	109.540	109.640	5
2026-04-30 17:25	109.645	109.905	109.570	109.585	5
2026-04-30 17:30	109.575	109.575	108.578	109.315	5
2026-04-30 17:35	109.295	109.380	109.215	109.355	5
2026-04-30 17:40	109.360	109.470	109.080	109.225	5
2026-04-30 17:45	109.215	109.225	108.605	108.837	5
2026-04-30 17:50	108.820	108.940	108.677	108.855	5
2026-04-30 17:55	108.850	109.115	108.815	108.930	5
2026-04-30 18:00	108.935	109.092	108.753	108.980	5
2026-04-30 18:05	108.965	109.240	108.936	109.225	5
2026-04-30 18:10	109.230	109.630	109.143	109.520	5
2026-04-30 18:15	109.510	109.610	109.335	109.470	5
2026-04-30 18:20	109.480	110.460	109.435	110.445	5
2026-04-30 18:25	110.450	110.615	110.180	110.525	5
2026-04-30 18:30	110.535	110.900	110.520	110.850	5
2026-04-30 18:35	110.845	110.910	110.755	110.850	5
2026-04-30 18:40	110.860	110.985	110.785	110.870	5
2026-04-30 18:45	110.885	110.885	110.690	110.735	5
2026-04-30 18:50	110.730	110.850	110.685	110.815	5
2026-04-30 18:55	110.810	111.060	110.797	110.920	5
2026-04-30 19:00	110.915	110.960	110.675	110.715	5
2026-04-30 19:05	110.710	110.835	110.508	110.720	5
2026-04-30 19:10	110.715	110.730	110.417	110.525	5
2026-04-30 19:15	110.515	110.585	110.425	110.515	5
2026-04-30 19:20	110.517	110.665	110.480	110.545	5
2026-04-30 19:25	110.540	110.575	110.475	110.485	5
2026-04-30 19:30	110.495	110.625	110.475	110.575	5
2026-04-30 19:35	110.555	110.660	110.520	110.600	5
2026-04-30 19:40	110.625	110.880	110.625	110.850	5
2026-04-30 19:45	110.860	110.860	110.565	110.640	5
2026-04-30 19:50	110.625	110.965	110.598	110.755	5
2026-04-30 19:55	110.765	110.990	110.765	110.990	5
2026-04-30 20:00	110.985	111.652	110.822	111.617	5
2026-04-30 20:05	111.612	111.652	111.067	111.147	5
2026-04-30 20:10	111.152	111.392	111.072	111.367	5
2026-04-30 20:15	111.348	111.442	111.007	111.112	5
2026-04-30 20:20	111.097	111.097	110.927	110.972	5
2026-04-30 20:25	110.977	111.202	110.977	111.197	5
2026-04-30 20:30	111.203	111.362	111.162	111.362	5
2026-04-30 20:35	111.392	111.527	111.362	111.487	5
2026-04-30 20:40	111.507	111.777	111.457	111.702	5
2026-04-30 20:45	111.678	111.697	111.157	111.162	5
2026-04-30 20:50	111.147	111.222	111.097	111.097	5
2026-04-30 20:55	111.087	111.217	110.937	111.147	5
2026-05-01 00:00	111.378	111.403	111.037	111.340	5
2026-05-01 00:05	111.330	111.427	111.260	111.417	5
2026-05-01 00:10	111.427	111.817	111.385	111.697	5
2026-05-01 00:15	111.687	111.687	111.475	111.475	5
2026-05-01 00:20	111.477	111.567	111.407	111.517	5
2026-05-01 00:25	111.537	111.640	111.465	111.477	5
2026-05-01 00:30	111.485	111.567	111.445	111.477	5
2026-05-01 00:35	111.470	111.505	111.387	111.415	5
2026-05-01 00:40	111.405	111.487	111.315	111.465	5
2026-05-01 00:45	111.450	111.480	111.365	111.425	5
2026-05-01 00:50	111.440	111.825	111.363	111.790	5
2026-05-01 00:55	111.785	111.785	111.637	111.670	5
2026-05-01 01:00	111.623	112.005	111.623	111.950	5
2026-05-01 01:05	111.965	111.995	111.845	111.995	5
2026-05-01 01:10	111.970	111.970	111.805	111.830	5
2026-05-01 01:15	111.825	111.995	111.805	111.980	5
2026-05-01 01:20	111.975	111.995	111.810	111.825	5
2026-05-01 01:25	111.820	111.835	111.676	111.705	5
2026-05-01 01:30	111.700	111.700	111.240	111.280	5
2026-05-01 01:35	111.275	111.387	111.235	111.385	5
2026-05-01 01:40	111.375	111.490	111.308	111.465	5
2026-05-01 01:45	111.470	111.627	111.408	111.597	5
2026-05-01 01:50	111.605	111.605	111.403	111.517	5
2026-05-01 01:55	111.515	111.515	111.397	111.405	5
2026-05-01 02:00	111.387	111.387	111.195	111.257	5
2026-05-01 02:05	111.265	111.415	111.257	111.377	5
2026-05-01 02:10	111.387	111.610	111.357	111.595	5
2026-05-01 02:15	111.615	111.950	111.595	111.937	5
2026-05-01 02:20	111.945	111.945	111.760	111.805	5
2026-05-01 02:25	111.817	111.837	111.740	111.827	5
2026-05-01 02:30	111.855	112.165	111.793	112.060	5
2026-05-01 02:35	112.037	112.207	112.010	112.170	5
2026-05-01 02:40	112.165	112.167	111.895	111.895	5
2026-05-01 02:45	111.900	112.020	111.853	111.865	5
2026-05-01 02:50	111.850	111.855	111.660	111.665	5
2026-05-01 02:55	111.657	111.677	111.310	111.330	5
2026-05-01 03:00	111.347	111.447	111.320	111.415	5
2026-05-01 03:05	111.400	111.407	111.247	111.355	5
2026-05-01 03:10	111.377	111.387	111.247	111.337	5
2026-05-01 03:15	111.347	111.465	111.308	111.465	5
2026-05-01 03:20	111.460	111.485	111.395	111.427	5
2026-05-01 03:25	111.455	111.580	111.440	111.535	5
2026-05-01 03:30	111.515	111.575	111.465	111.495	5
2026-05-01 03:35	111.500	111.580	111.415	111.445	5
2026-05-01 03:40	111.450	111.570	111.415	111.485	5
2026-05-01 03:45	111.467	111.565	111.460	111.530	5
2026-05-01 03:50	111.510	111.555	111.465	111.530	5
2026-05-01 03:55	111.525	111.525	111.335	111.435	5
2026-05-01 04:00	111.440	111.475	111.275	111.415	5
2026-05-01 04:05	111.405	111.415	111.267	111.305	5
2026-05-01 04:10	111.297	111.415	111.297	111.407	5
2026-05-01 04:15	111.415	111.447	111.333	111.430	5
2026-05-01 04:20	111.415	111.417	111.155	111.175	5
2026-05-01 04:25	111.165	111.317	111.095	111.250	5
2026-05-01 04:30	111.275	111.297	111.157	111.227	5
2026-05-01 04:35	111.215	111.237	111.130	111.215	5
2026-05-01 04:40	111.197	111.227	111.090	111.115	5
2026-05-01 04:45	111.075	111.107	111.010	111.017	5
2026-05-01 04:50	111.015	111.185	111.015	111.085	5
2026-05-01 04:55	111.087	111.105	110.845	110.875	5
2026-05-01 05:00	110.877	111.137	110.875	111.007	5
2026-05-01 05:05	111.015	111.085	110.898	111.035	5
2026-05-01 05:10	111.030	111.105	110.985	111.105	5
2026-05-01 05:15	111.077	111.135	110.985	111.105	5
2026-05-01 05:20	111.107	111.117	111.017	111.067	5
2026-05-01 05:25	111.075	111.125	110.985	111.085	5
2026-05-01 05:30	111.075	111.190	111.075	111.155	5
2026-05-01 05:35	111.147	111.190	111.135	111.140	5
2026-05-01 05:40	111.145	111.145	111.005	111.030	5
2026-05-01 05:45	111.072	111.165	111.045	111.080	5
2026-05-01 05:50	111.070	111.085	110.985	111.015	5
2026-05-01 05:55	111.095	111.105	110.817	110.907	5
2026-05-01 06:00	110.917	111.270	110.905	111.225	5
2026-05-01 06:05	111.235	111.397	111.207	111.377	5
2026-05-01 06:10	111.387	111.445	111.258	111.280	5
2026-05-01 06:15	111.270	111.355	111.165	111.257	5
2026-05-01 06:20	111.265	111.447	111.217	111.445	5
2026-05-01 06:25	111.455	111.865	111.447	111.815	5
2026-05-01 06:30	111.807	112.200	111.785	112.097	5
2026-05-01 06:35	112.087	112.120	111.943	111.985	5
2026-05-01 06:40	111.975	112.405	111.745	112.115	5
2026-05-01 06:45	112.110	112.357	111.848	112.007	5
2026-05-01 06:50	112.017	112.077	111.867	111.977	5
2026-05-01 06:55	111.995	112.015	111.820	111.865	5
2026-05-01 07:00	111.855	112.060	111.715	111.805	5
2026-05-01 07:05	111.785	111.785	111.375	111.395	5
2026-05-01 07:10	111.385	111.470	110.695	110.725	5
2026-05-01 07:15	110.730	110.835	110.495	110.660	5
2026-05-01 07:20	110.640	110.777	110.317	110.410	5
2026-05-01 07:25	110.425	110.770	110.375	110.720	5
2026-05-01 07:30	110.755	110.865	110.663	110.680	5
2026-05-01 07:35	110.645	111.135	110.575	111.117	5
2026-05-01 07:40	111.125	111.315	111.005	111.315	5
2026-05-01 07:45	111.325	111.325	110.835	110.835	5
2026-05-01 07:50	110.840	111.357	110.817	111.345	5
2026-05-01 07:55	111.355	111.477	111.197	111.437	5
2026-05-01 08:00	111.435	111.640	111.355	111.385	5
2026-05-01 08:05	111.390	111.435	111.245	111.390	5
2026-05-01 08:10	111.395	111.595	111.225	111.240	5
2026-05-01 08:15	111.225	111.605	111.095	111.487	5
2026-05-01 08:20	111.475	111.475	110.980	111.005	5
2026-05-01 08:25	110.997	111.175	110.687	111.130	5
2026-05-01 08:30	111.125	111.355	111.125	111.290	5
2026-05-01 08:35	111.280	111.660	111.268	111.505	5
2026-05-01 08:40	111.500	111.525	111.305	111.320	5
2026-05-01 08:45	111.315	111.565	111.315	111.440	5
2026-05-01 08:50	111.445	111.750	111.440	111.610	5
2026-05-01 08:55	111.605	111.665	111.520	111.585	5
2026-05-01 09:00	111.575	112.250	111.575	112.235	5
2026-05-01 09:05	112.240	112.270	111.945	112.090	5
2026-05-01 09:10	112.075	112.100	111.835	111.935	5
2026-05-01 09:15	111.945	111.945	111.695	111.730	5
2026-05-01 09:20	111.725	111.815	111.605	111.757	5
2026-05-01 09:25	111.735	111.735	111.600	111.715	5
2026-05-01 09:30	111.745	111.805	111.455	111.495	5
2026-05-01 09:35	111.525	111.555	111.230	111.265	5
2026-05-01 09:40	111.275	111.320	111.120	111.290	5
2026-05-01 09:45	111.300	111.415	111.210	111.280	5
2026-05-01 09:50	111.300	111.515	111.295	111.480	5
2026-05-01 09:55	111.495	111.505	111.210	111.295	5
2026-05-01 10:00	111.253	111.525	111.253	111.465	5
2026-05-01 10:05	111.470	111.555	111.185	111.205	5
2026-05-01 10:10	111.215	111.315	111.155	111.160	5
2026-05-01 10:15	111.155	111.445	111.155	111.400	5
2026-05-01 10:20	111.405	111.435	111.275	111.320	5
2026-05-01 10:25	111.330	111.415	111.310	111.360	5
2026-05-01 10:30	111.370	111.650	111.280	111.575	5
2026-05-01 10:35	111.590	111.670	111.475	111.560	5
2026-05-01 10:40	111.515	111.515	111.320	111.345	5
2026-05-01 10:45	111.350	111.355	111.023	111.135	5
2026-05-01 10:50	111.150	111.345	111.100	111.255	5
2026-05-01 10:55	111.270	111.275	111.145	111.195	5
2026-05-01 11:00	111.205	111.275	111.105	111.225	5
2026-05-01 11:05	111.235	111.390	111.210	111.260	5
2026-05-01 11:10	111.275	111.340	111.135	111.140	5
2026-05-01 11:15	111.160	111.320	110.735	110.830	5
2026-05-01 11:20	110.845	110.942	110.775	110.870	5
2026-05-01 11:25	110.875	111.127	110.735	111.070	5
2026-05-01 11:30	111.045	111.115	110.865	110.975	5
2026-05-01 11:35	110.997	111.210	110.890	111.140	5
2026-05-01 11:40	111.145	111.185	111.040	111.145	5
2026-05-01 11:45	111.147	111.180	110.785	110.920	5
2026-05-01 11:50	110.925	111.170	110.850	111.125	5
2026-05-01 11:55	111.130	111.135	110.840	110.865	5
2026-05-01 12:00	110.798	111.085	110.750	111.020	5
2026-05-01 12:05	111.025	111.175	110.925	111.120	5
2026-05-01 12:10	111.135	111.190	109.973	110.520	5
2026-05-01 12:15	110.503	110.625	110.088	110.095	5
2026-05-01 12:20	110.107	110.425	109.690	109.825	5
2026-05-01 12:25	109.830	110.245	109.715	110.140	5
2026-05-01 12:30	110.118	110.225	109.975	110.105	5
2026-05-01 12:35	110.115	110.445	110.087	110.250	5
2026-05-01 12:40	110.255	110.827	110.225	110.767	5
2026-05-01 12:45	110.780	110.960	110.625	110.840	5
2026-05-01 12:50	110.835	110.950	110.627	110.650	5
2026-05-01 12:55	110.675	110.817	110.605	110.690	5
2026-05-01 13:00	110.683	110.725	110.150	110.295	5
2026-05-01 13:05	110.290	110.295	109.735	109.810	5
2026-05-01 13:10	109.825	110.120	109.795	110.090	5
2026-05-01 13:15	110.095	110.200	109.930	109.940	5
2026-05-01 13:20	109.945	109.985	109.630	109.675	5
2026-05-01 13:25	109.688	109.855	109.393	109.465	5
2026-05-01 13:30	109.475	109.745	108.735	108.760	5
2026-05-01 13:35	108.770	109.170	108.565	109.100	5
2026-05-01 13:40	109.080	109.220	108.697	108.707	5
2026-05-01 13:45	108.727	109.080	108.683	109.075	5
2026-05-01 13:50	109.077	109.340	108.478	108.555	5
2026-05-01 13:55	108.567	108.585	107.748	107.968	6
2026-05-01 14:00	108.073	108.157	107.295	107.455	5
2026-05-01 14:05	107.447	108.072	107.288	107.735	5
2026-05-01 14:10	107.737	107.755	106.238	106.785	5
2026-05-01 14:15	106.777	107.375	106.613	107.110	5
2026-05-01 14:20	107.100	107.350	106.838	107.345	5
2026-05-01 14:25	107.360	107.600	107.197	107.535	5
2026-05-01 14:30	107.545	107.987	107.405	107.862	5
2026-05-01 14:35	107.860	108.275	107.747	108.135	5
2026-05-01 14:40	108.127	108.415	108.005	108.380	5
2026-05-01 14:45	108.338	108.515	108.213	108.297	5
2026-05-01 14:50	108.287	108.557	108.215	108.545	5
2026-05-01 14:55	108.527	108.587	108.290	108.415	5
2026-05-01 15:00	108.403	108.967	108.388	108.937	5
2026-05-01 15:05	108.937	108.967	108.700	108.755	5
2026-05-01 15:10	108.775	108.925	108.475	108.487	5
2026-05-01 15:15	108.487	108.677	108.290	108.505	5
2026-05-01 15:20	108.510	108.715	108.353	108.485	5
2026-05-01 15:25	108.475	109.070	108.260	108.700	5
2026-05-01 15:30	108.658	108.658	108.090	108.325	5
2026-05-01 15:35	108.317	108.555	108.160	108.295	5
2026-05-01 15:40	108.300	108.375	107.875	107.900	5
2026-05-01 15:45	107.905	108.045	107.745	107.810	5
2026-05-01 15:50	107.805	108.168	107.567	107.570	5
2026-05-01 15:55	107.555	107.865	107.445	107.670	5
2026-05-01 16:00	107.628	107.690	107.318	107.520	5
2026-05-01 16:05	107.550	107.645	107.395	107.495	5
2026-05-01 16:10	107.485	107.615	107.305	107.467	5
2026-05-01 16:15	107.480	107.555	107.305	107.320	5
2026-05-01 16:20	107.310	108.173	107.135	107.917	5
2026-05-01 16:25	107.877	108.615	107.847	108.615	5
2026-05-01 16:30	108.605	108.615	108.090	108.105	5
2026-05-01 16:35	108.107	108.285	108.017	108.065	5
2026-05-01 16:40	108.105	108.225	107.897	108.217	5
2026-05-01 16:45	108.227	108.320	108.045	108.165	5
2026-05-01 16:50	108.180	108.305	108.055	108.145	5
2026-05-01 16:55	108.155	108.330	108.021	108.265	5
2026-05-01 17:00	108.270	108.305	107.905	108.185	5
2026-05-01 17:05	108.187	108.270	108.020	108.127	5
2026-05-01 17:10	108.140	108.310	108.080	108.080	5
2026-05-01 17:15	108.075	108.315	107.950	108.225	5
2026-05-01 17:20	108.220	108.240	108.037	108.080	5
2026-05-01 17:25	108.050	108.205	107.975	108.105	5
2026-05-01 17:30	108.115	108.127	107.945	108.035	5
2026-05-01 17:35	108.030	108.195	107.975	108.060	5
2026-05-01 17:40	108.055	108.195	107.928	108.080	5
2026-05-01 17:45	108.075	108.230	108.040	108.115	5
2026-05-01 17:50	108.110	108.110	107.387	107.660	5
2026-05-01 17:55	107.675	107.707	107.385	107.615	5
2026-05-01 18:00	107.625	107.690	107.435	107.625	5
2026-05-01 18:05	107.605	107.757	107.540	107.715	5
2026-05-01 18:10	107.720	108.575	107.653	108.520	5
2026-05-01 18:15	108.487	108.600	108.320	108.375	5
2026-05-01 18:20	108.380	108.445	108.190	108.350	5
2026-05-01 18:25	108.355	108.400	108.000	108.005	5
2026-05-01 18:30	107.958	108.470	107.928	108.465	5
2026-05-01 18:35	108.470	108.710	108.465	108.490	5
2026-05-01 18:40	108.465	108.515	108.260	108.320	5
2026-05-01 18:45	108.325	108.465	108.285	108.367	5
2026-05-01 18:50	108.365	108.570	108.337	108.475	5
2026-05-01 18:55	108.465	108.600	108.300	108.495	5
2026-05-01 19:00	108.490	108.545	108.395	108.535	5
2026-05-01 19:05	108.530	108.535	108.325	108.360	5
2026-05-01 19:10	108.367	108.435	108.270	108.310	5
2026-05-01 19:15	108.325	108.485	108.305	108.375	5
2026-05-01 19:20	108.370	108.395	108.230	108.320	5
2026-05-01 19:25	108.335	108.350	108.165	108.310	5
2026-05-01 19:30	108.325	108.415	108.257	108.300	5
2026-05-01 19:35	108.277	108.470	108.155	108.220	5
2026-05-01 19:40	108.225	108.355	108.150	108.270	5
2026-05-01 19:45	108.275	108.375	108.203	108.365	5
2026-05-01 19:50	108.360	108.640	108.355	108.585	5
2026-05-01 19:55	108.635	108.635	108.447	108.565	5
2026-05-01 20:00	108.557	108.577	108.437	108.532	5
2026-05-01 20:05	108.537	108.612	108.467	108.612	5
2026-05-01 20:10	108.642	108.677	108.567	108.672	5
2026-05-01 20:15	108.667	109.002	108.667	108.882	5
2026-05-01 20:20	108.887	109.002	108.793	108.972	5
2026-05-01 20:25	108.967	108.972	108.887	108.907	5
2026-05-01 20:30	108.902	109.107	108.887	109.012	5
2026-05-01 20:35	109.017	109.017	108.892	109.012	5
2026-05-01 20:40	108.997	109.052	108.737	108.752	5
2026-05-01 20:45	108.747	108.852	108.722	108.812	5
2026-05-01 20:50	108.817	108.832	108.722	108.762	5
2026-05-01 20:55	108.772	109.062	108.683	108.777	5
2026-05-04 00:00	108.108	108.530	108.108	108.515	5
2026-05-04 00:05	108.497	108.497	108.163	108.337	5
2026-05-04 00:10	108.357	108.595	108.357	108.507	5
2026-05-04 00:15	108.515	108.585	108.467	108.530	5
2026-05-04 00:20	108.525	108.705	108.525	108.700	5
2026-05-04 00:25	108.675	108.775	108.517	108.527	5
2026-05-04 00:30	108.527	108.545	108.257	108.307	5
2026-05-04 00:35	108.317	108.357	108.217	108.307	5
2026-05-04 00:40	108.297	108.297	107.988	108.017	5
2026-05-04 00:45	108.010	108.040	107.537	107.587	5
2026-05-04 00:50	107.555	107.795	107.507	107.705	5
2026-05-04 00:55	107.727	107.727	107.537	107.537	5
2026-05-04 01:00	107.547	107.732	107.527	107.565	5
2026-05-04 01:05	107.560	108.020	107.560	108.015	5
2026-05-04 01:10	108.020	108.125	108.000	108.035	5
2026-05-04 01:15	108.025	108.045	107.938	108.027	5
2026-05-04 01:20	108.025	108.110	108.005	108.085	5
2026-05-04 01:25	108.060	108.255	108.060	108.235	5
2026-05-04 01:30	108.245	108.250	108.095	108.140	5
2026-05-04 01:35	108.155	108.225	108.155	108.170	5
2026-05-04 01:40	108.175	108.245	108.165	108.205	5
2026-05-04 01:45	108.185	108.255	108.170	108.235	5
2026-05-04 01:50	108.225	108.225	108.165	108.170	5
2026-05-04 01:55	108.165	108.165	108.000	108.005	5
2026-05-04 02:00	108.000	108.030	107.995	108.015	5
2026-05-04 02:05	108.020	108.035	108.015	108.015	5
2026-05-04 02:10	108.010	108.100	107.815	107.895	5
2026-05-04 02:15	107.900	108.185	107.900	108.090	5
2026-05-04 02:20	108.095	108.435	108.095	108.405	5
2026-05-04 02:25	108.395	108.570	108.307	108.530	5
2026-05-04 02:30	108.525	108.525	108.237	108.237	5
2026-05-04 02:35	108.235	108.245	108.157	108.165	5
2026-05-04 02:40	108.157	108.337	108.143	108.265	5
2026-05-04 02:45	108.257	108.320	108.240	108.285	5
2026-05-04 02:50	108.290	108.355	108.235	108.245	5
2026-05-04 02:55	108.275	108.325	108.240	108.290	5
2026-05-04 03:00	108.257	108.335	108.208	108.265	5
2026-05-04 03:05	108.260	108.315	108.245	108.275	5
2026-05-04 03:10	108.285	108.345	108.280	108.315	5
2026-05-04 03:15	108.337	108.495	108.263	108.470	5
2026-05-04 03:20	108.435	108.570	108.417	108.495	5
2026-05-04 03:25	108.515	108.515	108.377	108.430	5
2026-05-04 03:30	108.383	108.545	108.383	108.497	5
2026-05-04 03:35	108.495	108.660	108.495	108.635	5
2026-05-04 03:40	108.630	108.645	108.555	108.615	5
2026-05-04 03:45	108.558	108.780	108.478	108.740	5
2026-05-04 03:50	108.735	108.755	108.517	108.545	5
2026-05-04 03:55	108.530	108.655	108.385	108.417	5
2026-05-04 04:00	108.407	108.427	108.170	108.170	5
2026-05-04 04:05	108.160	108.167	107.827	107.835	5
2026-05-04 04:10	107.840	108.155	107.817	108.137	5
2026-05-04 04:15	108.127	108.235	108.107	108.235	5
2026-05-04 04:20	108.227	108.265	108.147	108.167	5
2026-05-04 04:25	108.165	108.167	107.893	108.155	5
2026-05-04 04:30	108.150	108.265	108.117	108.127	5
2026-05-04 04:35	108.137	108.167	108.020	108.087	5
2026-05-04 04:40	108.043	108.167	108.043	108.167	5
2026-05-04 04:45	108.187	108.197	108.047	108.057	5
2026-05-04 04:50	108.055	108.120	108.055	108.120	5
2026-05-04 04:55	108.110	108.120	108.055	108.115	5
2026-05-04 05:00	108.120	108.195	108.077	108.135	5
2026-05-04 05:05	108.147	108.180	108.035	108.037	5
2026-05-04 05:10	108.035	108.055	107.855	107.867	5
2026-05-04 05:15	107.877	107.885	106.693	106.787	5
2026-05-04 05:20	106.797	107.105	106.473	107.105	5
2026-05-04 05:25	107.117	107.657	107.073	107.567	5
2026-05-04 05:30	107.577	107.617	107.357	107.427	5
2026-05-04 05:35	107.447	107.727	107.435	107.635	5
2026-05-04 05:40	107.637	107.670	107.367	107.385	5
2026-05-04 05:45	107.395	107.395	107.128	107.223	5
2026-05-04 05:50	107.275	107.340	107.175	107.220	5
2026-05-04 05:55	107.235	107.347	107.143	107.277	5
2026-05-04 06:00	107.287	107.415	107.157	107.365	5
2026-05-04 06:05	107.370	107.517	107.210	107.327	5
2026-05-04 06:10	107.335	107.425	107.180	107.200	5
2026-05-04 06:15	107.210	107.545	107.113	107.387	5
2026-05-04 06:20	107.407	107.670	107.347	107.645	5
2026-05-04 06:25	107.637	108.075	107.620	107.865	5
2026-05-04 06:30	107.867	108.045	107.617	107.890	5
2026-05-04 06:35	107.900	108.457	107.900	108.367	5
2026-05-04 06:40	108.377	108.940	108.330	108.747	5
2026-05-04 06:45	108.747	108.925	108.607	108.615	5
2026-05-04 06:50	108.553	108.737	108.413	108.637	5
2026-05-04 06:55	108.647	108.745	108.525	108.697	5
2026-05-04 07:00	108.697	109.095	108.623	109.057	5
2026-05-04 07:05	109.065	109.065	108.805	108.845	5
2026-05-04 07:10	108.850	109.005	108.770	108.950	5
2026-05-04 07:15	108.945	109.015	108.695	108.965	5
2026-05-04 07:20	108.985	109.105	108.903	108.970	5
2026-05-04 07:25	108.997	109.177	108.890	108.890	5
2026-05-04 07:30	108.895	109.325	108.895	109.320	5
2026-05-04 07:35	109.290	109.370	109.245	109.350	5
2026-05-04 07:40	109.355	109.437	109.105	109.170	5
2026-05-04 07:45	109.160	109.245	109.090	109.140	5
2026-05-04 07:50	109.115	109.765	109.085	109.700	5
2026-05-04 07:55	109.710	110.060	109.578	110.045	5
2026-05-04 08:00	110.003	110.655	110.003	110.595	5
2026-05-04 08:05	110.577	110.870	110.468	110.587	5
2026-05-04 08:10	110.605	110.685	110.455	110.587	5
2026-05-04 08:15	110.597	110.950	110.530	110.735	5
2026-05-04 08:20	110.745	110.765	110.135	110.370	5
2026-05-04 08:25	110.400	110.460	109.835	110.020	5
2026-05-04 08:30	110.045	110.075	109.635	109.735	5
2026-05-04 08:35	109.747	109.835	109.630	109.670	5
2026-05-04 08:40	109.665	109.805	109.517	109.595	5
2026-05-04 08:45	109.617	109.687	109.527	109.545	5
2026-05-04 08:50	109.575	109.685	109.495	109.525	5
2026-05-04 08:55	109.515	109.635	109.440	109.585	5
2026-05-04 09:00	109.588	109.650	109.198	109.245	5
2026-05-04 09:05	109.237	109.525	109.185	109.500	5
2026-05-04 09:10	109.495	109.520	109.120	109.215	5
2026-05-04 09:15	109.210	109.535	109.210	109.480	5
2026-05-04 09:20	109.487	109.920	109.455	109.700	5
2026-05-04 09:25	109.725	109.870	109.707	109.775	5
2026-05-04 09:30	109.770	109.805	109.427	109.505	5
2026-05-04 09:35	109.495	109.535	109.380	109.515	5
2026-05-04 09:40	109.525	109.625	109.495	109.525	5
2026-05-04 09:45	109.520	109.625	109.455	109.585	5
2026-05-04 09:50	109.580	109.680	109.490	109.635	5
2026-05-04 09:55	109.617	109.887	109.565	109.805	5
2026-05-04 10:00	109.800	111.888	109.737	111.348	6
2026-05-04 10:05	111.343	112.855	111.323	112.842	5
2026-05-04 10:10	112.845	113.785	112.718	113.285	5
2026-05-04 10:15	113.248	113.970	113.128	113.715	5
2026-05-04 10:20	113.730	114.260	113.588	113.655	5
2026-05-04 10:25	113.660	113.730	113.133	113.625	5
2026-05-04 10:30	113.655	113.795	111.683	112.397	6
2026-05-04 10:35	112.395	112.555	111.760	111.825	5
2026-05-04 10:40	111.865	112.005	111.437	111.747	5
2026-05-04 10:45	111.747	111.897	111.517	111.527	5
2026-05-04 10:50	111.547	112.365	111.547	112.355	5
2026-05-04 10:55	112.365	112.367	112.007	112.207	5
2026-05-04 11:00	112.187	112.377	111.578	112.367	5
2026-05-04 11:05	112.367	112.465	111.895	111.897	5
2026-05-04 11:10	111.895	112.057	111.547	111.767	5
2026-05-04 11:15	111.765	111.795	111.517	111.685	5
2026-05-04 11:20	111.690	111.895	111.657	111.845	5
2026-05-04 11:25	111.797	111.917	111.670	111.770	5
2026-05-04 11:30	111.767	111.997	111.705	111.725	5
2026-05-04 11:35	111.720	112.667	111.553	112.437	5
2026-05-04 11:40	112.437	112.437	111.617	111.777	5
2026-05-04 11:45	111.767	111.937	111.545	111.775	5
2026-05-04 11:50	111.787	111.787	111.000	111.107	5
2026-05-04 11:55	111.097	111.327	111.033	111.315	5
2026-05-04 12:00	111.318	111.375	110.837	110.980	5
2026-05-04 12:05	110.970	111.115	110.885	110.955	5
2026-05-04 12:10	110.947	111.007	110.747	110.817	5
2026-05-04 12:15	110.837	110.965	110.298	110.685	5
2026-05-04 12:20	110.705	110.815	110.307	110.585	5
2026-05-04 12:25	110.587	110.900	110.490	110.575	5
2026-05-04 12:30	110.577	111.010	110.577	110.795	5
2026-05-04 12:35	110.770	110.855	110.155	110.340	5
2026-05-04 12:40	110.335	110.427	109.995	110.115	5
2026-05-04 12:45	110.125	110.235	109.953	110.105	5
2026-05-04 12:50	110.107	110.205	109.920	110.040	5
2026-05-04 12:55	110.015	110.638	109.807	110.483	5
2026-05-04 13:00	110.513	111.977	110.513	110.877	5
2026-05-04 13:05	110.807	110.817	110.005	110.280	5
2026-05-04 13:10	110.237	110.345	109.857	110.045	5
2026-05-04 13:15	110.037	110.177	109.790	110.075	5
2026-05-04 13:20	110.057	110.420	109.945	110.415	5
2026-05-04 13:25	110.405	110.825	110.325	110.715	5
2026-05-04 13:30	110.673	111.055	110.275	110.285	5
2026-05-04 13:35	110.297	110.637	110.245	110.377	5
2026-05-04 13:40	110.405	110.675	110.385	110.645	5
2026-05-04 13:45	110.647	111.040	110.497	110.845	5
2026-05-04 13:50	110.835	111.037	110.675	110.765	5
2026-05-04 13:55	110.755	110.845	110.557	110.575	5
2026-05-04 14:00	110.533	110.717	110.455	110.620	5
2026-05-04 14:05	110.630	111.107	110.545	110.987	5
2026-05-04 14:10	110.997	111.037	110.200	110.627	5
2026-05-04 14:15	110.605	110.647	110.058	110.058	5
2026-05-04 14:20	110.068	110.495	109.877	110.450	5
2026-05-04 14:25	110.465	110.990	110.367	110.910	5
2026-05-04 14:30	110.920	110.995	110.645	110.960	5
2026-05-04 14:35	110.990	111.242	110.890	111.085	5
2026-05-04 14:40	111.080	111.405	111.000	111.395	5
2026-05-04 14:45	111.375	111.585	111.235	111.440	5
2026-05-04 14:50	111.445	111.575	111.395	111.410	5
2026-05-04 14:55	111.395	112.303	111.395	112.135	5
2026-05-04 15:00	112.137	112.635	111.755	112.550	5
2026-05-04 15:05	112.555	112.870	112.163	112.640	5
2026-05-04 15:10	112.660	113.157	112.490	112.765	5
2026-05-04 15:15	112.770	113.518	112.560	113.483	5
2026-05-04 15:20	113.438	114.220	113.368	114.157	6
2026-05-04 15:25	114.155	114.185	113.590	113.840	5
2026-05-04 15:30	113.793	114.425	113.793	114.200	5
2026-05-04 15:35	114.220	114.395	113.698	114.135	5
2026-05-04 15:40	114.182	114.265	113.637	113.660	5
2026-05-04 15:45	113.717	114.347	113.695	114.290	5
2026-05-04 15:50	114.327	114.535	113.718	114.077	5
2026-05-04 15:55	114.085	114.150	113.845	114.070	5
2026-05-04 16:00	114.023	114.145	113.790	113.845	5
2026-05-04 16:05	113.850	115.208	113.683	114.265	6
2026-05-04 16:10	114.277	114.547	114.175	114.445	5
2026-05-04 16:15	114.487	114.717	113.883	114.088	5
2026-05-04 16:20	114.083	114.185	113.843	114.070	5
2026-05-04 16:25	114.050	114.460	113.860	114.460	5
2026-05-04 16:30	114.465	114.670	114.313	114.435	5
2026-05-04 16:35	114.445	114.938	114.440	114.705	5
2026-05-04 16:40	114.680	114.855	114.443	114.837	5
2026-05-04 16:45	114.845	114.860	114.615	114.737	5
2026-05-04 16:50	114.745	114.970	114.637	114.897	5
2026-05-04 16:55	114.895	114.997	114.750	114.815	5
2026-05-04 17:00	114.820	114.900	114.198	114.337	5
2026-05-04 17:05	114.345	114.520	114.200	114.295	5
2026-05-04 17:10	114.275	114.420	114.185	114.420	5
2026-05-04 17:15	114.425	114.435	113.510	113.605	5
2026-05-04 17:20	113.615	113.815	113.527	113.757	5
2026-05-04 17:25	113.785	113.960	113.595	113.595	5
2026-05-04 17:30	113.647	113.910	113.610	113.835	5
2026-05-04 17:35	113.840	114.120	113.840	113.970	5
2026-05-04 17:40	113.950	114.075	113.610	113.620	5
2026-05-04 17:45	113.640	113.890	113.610	113.800	5
2026-05-04 17:50	113.795	113.815	113.535	113.705	5
2026-05-04 17:55	113.700	113.820	113.540	113.590	5
2026-05-04 18:00	113.548	113.640	113.260	113.315	5
2026-05-04 18:05	113.320	113.440	113.085	113.140	5
2026-05-04 18:10	113.125	113.515	113.090	113.505	5
2026-05-04 18:15	113.510	114.075	113.450	114.070	5
2026-05-04 18:20	114.100	114.760	114.100	114.545	5
2026-05-04 18:25	114.540	114.840	114.230	114.250	5
2026-05-04 18:30	114.260	114.510	114.190	114.275	5
2026-05-04 18:35	114.280	114.435	114.147	114.205	5
2026-05-04 18:40	114.217	114.445	114.205	114.385	5
2026-05-04 18:45	114.395	114.417	114.100	114.110	5
2026-05-04 18:50	114.075	114.727	114.028	114.627	5
2026-05-04 18:55	114.637	114.637	114.223	114.285	5
2026-05-04 19:00	114.238	114.420	114.187	114.405	5
2026-05-04 19:05	114.415	114.497	113.507	113.820	5
2026-05-04 19:10	113.827	114.087	113.795	113.975	5
2026-05-04 19:15	113.927	113.985	113.747	113.807	5
2026-05-04 19:20	113.797	113.985	113.777	113.810	5
2026-05-04 19:25	113.795	114.283	113.767	114.015	5
2026-05-04 19:30	114.005	114.075	113.887	114.045	5
2026-05-04 19:35	114.047	114.105	113.847	113.955	5
2026-05-04 19:40	113.937	114.207	113.890	114.207	5
2026-05-04 19:45	114.195	114.235	113.905	113.935	5
2026-05-04 19:50	113.985	114.140	113.797	113.865	5
2026-05-04 19:55	113.825	114.035	113.815	113.995	5
2026-05-04 20:00	114.005	114.072	113.937	113.972	5
2026-05-04 20:05	113.962	114.002	113.947	113.952	5
2026-05-04 20:10	113.982	113.982	113.672	113.672	5
2026-05-04 20:15	113.662	113.707	113.522	113.557	5
2026-05-04 20:20	113.552	113.642	113.527	113.562	5
2026-05-04 20:25	113.552	113.622	113.502	113.597	5
2026-05-04 20:30	113.587	113.722	113.447	113.722	5
2026-05-04 20:35	113.712	113.792	113.602	113.662	5
2026-05-04 20:40	113.642	113.717	113.432	113.532	5
2026-05-04 20:45	113.522	113.682	113.517	113.662	5
2026-05-04 20:50	113.667	113.887	113.652	113.852	5
2026-05-04 20:55	113.857	113.927	113.797	113.812	5
2026-05-05 00:00	113.788	113.897	113.377	113.547	5
2026-05-05 00:05	113.557	113.835	113.545	113.797	5
2026-05-05 00:10	113.805	113.907	113.760	113.777	5
2026-05-05 00:15	113.767	113.867	113.705	113.837	5
2026-05-05 00:20	113.827	113.965	113.785	113.960	5
2026-05-05 00:25	113.965	113.995	113.905	113.907	5
2026-05-05 00:30	113.875	114.065	113.845	113.917	5
2026-05-05 00:35	113.907	113.925	113.790	113.815	5
2026-05-05 00:40	113.807	113.965	113.805	113.847	5
2026-05-05 00:45	113.837	113.877	113.665	113.780	5
2026-05-05 00:50	113.745	113.850	113.673	113.777	5
2026-05-05 00:55	113.785	113.907	113.757	113.785	5
2026-05-05 01:00	113.790	113.915	113.747	113.817	5
2026-05-05 01:05	113.827	113.850	113.715	113.827	5
2026-05-05 01:10	113.827	113.930	113.797	113.825	5
2026-05-05 01:15	113.835	113.855	113.705	113.720	5
2026-05-05 01:20	113.715	113.805	113.695	113.765	5
2026-05-05 01:25	113.775	113.820	113.740	113.785	5
2026-05-05 01:30	113.780	113.845	113.740	113.770	5
2026-05-05 01:35	113.740	113.797	113.398	113.645	5
2026-05-05 01:40	113.647	113.705	113.647	113.685	5
2026-05-05 01:45	113.695	113.705	113.495	113.530	5
2026-05-05 01:50	113.555	113.615	113.500	113.605	5
2026-05-05 01:55	113.597	113.617	113.547	113.557	5
2026-05-05 02:00	113.567	113.585	113.197	113.375	5
2026-05-05 02:05	113.377	113.475	113.265	113.445	5
2026-05-05 02:10	113.465	113.495	113.397	113.465	5
2026-05-05 02:15	113.467	113.467	113.405	113.420	5
2026-05-05 02:20	113.415	113.465	113.175	113.175	5
2026-05-05 02:25	113.185	113.375	113.135	113.325	5
2026-05-05 02:30	113.340	113.367	113.237	113.275	5
2026-05-05 02:35	113.287	113.375	113.045	113.105	5
2026-05-05 02:40	113.115	113.120	112.885	112.935	5
2026-05-05 02:45	112.940	113.237	112.925	113.127	5
2026-05-05 02:50	113.137	113.177	112.947	112.960	5
2026-05-05 02:55	112.975	113.137	112.975	113.035	5
2026-05-05 03:00	112.988	113.115	112.988	113.105	5
2026-05-05 03:05	113.100	113.215	113.085	113.197	5
2026-05-05 03:10	113.187	113.220	113.185	113.197	5
2026-05-05 03:15	113.187	113.205	113.160	113.160	5
2026-05-05 03:20	113.165	113.210	113.120	113.135	5
2026-05-05 03:25	113.145	113.225	113.107	113.220	5
2026-05-05 03:30	113.195	113.265	113.175	113.190	5
2026-05-05 03:35	113.175	113.277	113.135	113.265	5
2026-05-05 03:40	113.260	113.270	113.215	113.255	5
2026-05-05 03:45	113.245	113.255	113.140	113.145	5
2026-05-05 03:50	113.098	113.200	113.098	113.185	5
2026-05-05 03:55	113.195	113.270	113.180	113.185	5
2026-05-05 04:00	113.190	113.190	113.130	113.155	5
2026-05-05 04:05	113.165	113.205	113.150	113.205	5
2026-05-05 04:10	113.210	113.215	113.153	113.180	5
2026-05-05 04:15	113.175	113.225	113.095	113.175	5
2026-05-05 04:20	113.185	113.185	113.030	113.040	5
2026-05-05 04:25	113.035	113.065	112.920	112.955	5
2026-05-05 04:30	112.967	113.035	112.925	112.925	5
2026-05-05 04:35	112.890	112.945	112.865	112.895	5
2026-05-05 04:40	112.897	112.930	112.825	112.830	5
2026-05-05 04:45	112.815	112.900	112.755	112.900	5
2026-05-05 04:50	112.895	113.075	112.885	113.060	5
2026-05-05 04:55	113.065	113.190	113.035	113.125	5
2026-05-05 05:00	113.115	113.395	113.103	113.365	5
2026-05-05 05:05	113.370	113.470	113.235	113.405	5
2026-05-05 05:10	113.385	113.435	113.195	113.245	5
2026-05-05 05:15	113.285	113.285	113.175	113.205	5
2026-05-05 05:20	113.252	113.290	113.180	113.185	5
2026-05-05 05:25	113.190	113.527	113.185	113.457	5
2026-05-05 05:30	113.455	113.625	113.385	113.415	5
2026-05-05 05:35	113.405	113.565	113.367	113.475	5
2026-05-05 05:40	113.480	113.495	113.365	113.365	5
2026-05-05 05:45	113.327	113.427	113.327	113.415	5
2026-05-05 05:50	113.410	113.465	113.335	113.425	5
2026-05-05 05:55	113.420	113.430	113.365	113.365	5
2026-05-05 06:00	113.395	113.615	113.070	113.557	5
2026-05-05 06:05	113.523	113.655	113.455	113.600	5
2026-05-05 06:10	113.615	113.690	113.487	113.670	5
2026-05-05 06:15	113.665	113.925	113.630	113.847	5
2026-05-05 06:20	113.855	114.405	113.835	114.250	5
2026-05-05 06:25	114.245	114.345	114.035	114.060	5
2026-05-05 06:30	114.055	114.075	113.890	114.005	5
2026-05-05 06:35	113.987	114.047	113.805	113.805	5
2026-05-05 06:40	113.800	113.865	113.525	113.717	5
2026-05-05 06:45	113.735	113.837	113.637	113.637	5
2026-05-05 06:50	113.627	113.737	113.600	113.615	5
2026-05-05 06:55	113.627	113.775	113.598	113.685	5
2026-05-05 07:00	113.648	113.700	113.340	113.395	5
2026-05-05 07:05	113.420	113.495	113.205	113.365	5
2026-05-05 07:10	113.355	113.507	113.190	113.427	5
2026-05-05 07:15	113.415	113.585	113.340	113.425	5
2026-05-05 07:20	113.417	113.497	113.220	113.455	5
2026-05-05 07:25	113.465	113.715	113.415	113.575	5
2026-05-05 07:30	113.577	113.635	113.257	113.307	5
2026-05-05 07:35	113.297	113.317	112.158	112.547	5
2026-05-05 07:40	112.513	113.110	112.405	113.085	5
2026-05-05 07:45	113.087	113.295	112.908	113.225	5
2026-05-05 07:50	113.230	113.587	113.205	113.585	5
2026-05-05 07:55	113.567	114.057	113.567	113.645	5
2026-05-05 08:00	113.635	113.785	113.365	113.375	5
2026-05-05 08:05	113.311	113.437	113.097	113.317	5
2026-05-05 08:10	113.315	113.435	113.183	113.257	5
2026-05-05 08:15	113.255	113.365	113.025	113.277	5
2026-05-05 08:20	113.297	113.317	112.757	112.847	5
2026-05-05 08:25	112.837	112.990	112.357	112.933	5
2026-05-05 08:30	113.013	113.050	112.370	112.575	5
2026-05-05 08:35	112.585	112.790	112.485	112.500	5
2026-05-05 08:40	112.515	112.685	112.320	112.510	5
2026-05-05 08:45	112.497	112.645	112.175	112.210	5
2026-05-05 08:50	112.200	112.200	111.857	112.090	5
2026-05-05 08:55	112.120	112.347	112.023	112.290	5
2026-05-05 09:00	112.307	112.817	112.307	112.645	5
2026-05-05 09:05	112.650	113.217	112.647	112.885	5
2026-05-05 09:10	112.857	113.027	112.715	112.997	5
2026-05-05 09:15	113.007	113.165	112.868	113.075	5
2026-05-05 09:20	113.065	113.215	112.930	112.965	5
2026-05-05 09:25	112.985	113.020	112.605	112.655	5
2026-05-05 09:30	112.627	112.675	112.523	112.620	5
2026-05-05 09:35	112.660	112.935	112.625	112.695	5
2026-05-05 09:40	112.700	112.707	112.535	112.655	5
2026-05-05 09:45	112.660	112.900	112.610	112.865	5
2026-05-05 09:50	112.855	113.105	112.833	112.950	5
2026-05-05 09:55	112.955	113.090	112.805	112.815	5
2026-05-05 10:00	112.800	113.095	112.795	113.015	5
2026-05-05 10:05	113.020	113.115	112.935	113.080	5
2026-05-05 10:10	113.045	113.080	112.708	112.965	5
2026-05-05 10:15	112.977	112.990	112.827	112.975	5
2026-05-05 10:20	112.965	112.980	112.785	112.925	5
2026-05-05 10:25	112.950	112.975	112.805	112.880	5
2026-05-05 10:30	112.875	112.885	112.258	112.585	5
2026-05-05 10:35	112.575	112.737	112.480	112.685	5
2026-05-05 10:40	112.687	112.920	112.570	112.910	5
2026-05-05 10:45	112.940	113.120	112.910	113.105	5
2026-05-05 10:50	113.095	113.185	112.990	113.035	5
2026-05-05 10:55	113.037	113.080	112.947	113.040	5
2026-05-05 11:00	112.998	113.600	112.988	113.535	5
2026-05-05 11:05	113.545	113.600	113.310	113.310	5
2026-05-05 11:10	113.320	113.585	113.255	113.575	5
2026-05-05 11:15	113.580	113.715	113.455	113.695	5
2026-05-05 11:20	113.697	113.697	113.185	113.185	5
2026-05-05 11:25	113.165	113.210	112.688	112.925	5
2026-05-05 11:30	112.920	113.047	112.707	112.727	5
2026-05-05 11:35	112.725	112.795	112.535	112.717	5
2026-05-05 11:40	112.707	112.767	112.595	112.600	5
2026-05-05 11:45	112.595	112.805	112.455	112.465	5
2026-05-05 11:50	112.470	112.667	112.465	112.560	5
2026-05-05 11:55	112.565	112.650	112.395	112.425	5
2026-05-05 12:00	112.398	112.885	112.398	112.790	5
2026-05-05 12:05	112.795	112.857	112.098	112.375	5
2026-05-05 12:10	112.357	112.437	111.908	112.017	5
2026-05-05 12:15	111.973	112.227	111.648	112.007	5
2026-05-05 12:20	111.987	112.207	111.755	111.817	5
2026-05-05 12:25	111.817	112.087	111.457	111.615	5
2026-05-05 12:30	111.597	112.017	111.328	111.860	5
2026-05-05 12:35	111.865	111.960	111.687	111.895	5
2026-05-05 12:40	111.890	112.010	111.745	111.955	5
2026-05-05 12:45	111.957	112.120	111.875	112.120	5
2026-05-05 12:50	112.125	112.200	111.920	112.140	5
2026-05-05 12:55	112.115	112.120	111.985	112.010	5
2026-05-05 13:00	112.005	112.180	111.715	111.900	5
2026-05-05 13:05	111.905	111.930	110.833	111.395	5
2026-05-05 13:10	111.400	111.480	111.210	111.460	5
2026-05-05 13:15	111.445	111.497	111.285	111.345	5
2026-05-05 13:20	111.360	111.535	111.290	111.430	5
2026-05-05 13:25	111.420	111.450	111.177	111.270	5
2026-05-05 13:30	111.275	111.387	111.170	111.185	5
2026-05-05 13:35	111.225	111.535	111.185	111.357	5
2026-05-05 13:40	111.355	111.400	111.125	111.155	5
2026-05-05 13:45	111.147	111.290	110.995	111.190	5
2026-05-05 13:50	111.185	111.230	110.985	111.180	5
2026-05-05 13:55	111.155	111.335	110.995	111.015	5
2026-05-05 14:00	110.990	111.170	110.650	110.720	5
2026-05-05 14:05	110.715	110.900	110.008	110.475	5
2026-05-05 14:10	110.470	111.587	110.330	111.417	5
2026-05-05 14:15	111.378	111.853	111.147	111.610	5
2026-05-05 14:20	111.617	111.755	111.008	111.155	5
2026-05-05 14:25	111.160	111.267	110.935	111.000	5
2026-05-05 14:30	110.980	111.370	110.918	111.125	5
2026-05-05 14:35	111.130	111.300	111.015	111.035	5
2026-05-05 14:40	111.045	111.150	110.745	111.095	5
2026-05-05 14:45	111.100	111.377	110.900	110.990	5
2026-05-05 14:50	110.985	111.240	110.920	111.065	5
2026-05-05 14:55	111.040	111.057	110.740	110.800	5
2026-05-05 15:00	110.758	110.930	110.630	110.650	5
2026-05-05 15:05	110.635	110.800	110.440	110.685	5
2026-05-05 15:10	110.675	110.775	110.490	110.715	5
2026-05-05 15:15	110.705	110.770	110.560	110.765	5
2026-05-05 15:20	110.760	111.170	110.740	111.160	5
2026-05-05 15:25	111.150	111.250	110.605	110.615	5
2026-05-05 15:30	110.635	110.720	110.330	110.545	5
2026-05-05 15:35	110.550	110.550	110.188	110.255	5
2026-05-05 15:40	110.250	110.410	110.157	110.310	5
2026-05-05 15:45	110.300	110.300	109.885	110.045	5
2026-05-05 15:50	110.025	110.345	109.995	110.235	5
2026-05-05 15:55	110.240	110.510	110.240	110.470	5
2026-05-05 16:00	110.480	110.700	110.425	110.515	5
2026-05-05 16:05	110.510	110.565	110.325	110.440	5
2026-05-05 16:10	110.435	110.560	110.348	110.400	5
2026-05-05 16:15	110.395	110.450	110.335	110.385	5
2026-05-05 16:20	110.400	110.550	110.345	110.550	5
2026-05-05 16:25	110.545	110.690	110.460	110.600	5
2026-05-05 16:30	110.585	110.720	110.520	110.555	5
2026-05-05 16:35	110.550	110.565	110.148	110.360	5
2026-05-05 16:40	110.350	110.540	110.290	110.365	5
2026-05-05 16:45	110.360	110.470	110.265	110.400	5
2026-05-05 16:50	110.395	110.495	110.295	110.490	5
2026-05-05 16:55	110.470	110.685	110.455	110.595	5
2026-05-05 17:00	110.543	110.670	110.350	110.405	5
2026-05-05 17:05	110.410	110.540	110.270	110.410	5
2026-05-05 17:10	110.405	110.542	110.190	110.235	5
2026-05-05 17:15	110.240	110.265	109.985	109.985	5
2026-05-05 17:20	109.943	110.165	109.920	110.150	5
2026-05-05 17:25	110.135	110.195	109.915	109.950	5
2026-05-05 17:30	109.945	109.960	109.735	109.795	5
2026-05-05 17:35	109.790	109.915	109.725	109.840	5
2026-05-05 17:40	109.835	109.835	109.610	109.750	5
2026-05-05 17:45	109.755	109.925	109.663	109.885	5
2026-05-05 17:50	109.880	110.150	109.840	110.150	5
2026-05-05 17:55	110.170	110.185	110.060	110.125	5
2026-05-05 18:00	110.120	110.250	109.970	110.195	5
2026-05-05 18:05	110.185	110.210	109.917	110.170	5
2026-05-05 18:10	110.205	110.235	110.050	110.210	5
2026-05-05 18:15	110.205	110.355	110.175	110.295	5
2026-05-05 18:20	110.290	110.310	110.105	110.185	5
2026-05-05 18:25	110.190	110.300	109.675	109.735	5
2026-05-05 18:30	109.740	109.960	109.680	109.925	5
2026-05-05 18:35	109.930	109.960	109.785	109.820	5
2026-05-05 18:40	109.825	109.825	109.725	109.755	5
2026-05-05 18:45	109.770	109.780	109.620	109.745	5
2026-05-05 18:50	109.750	109.765	109.665	109.685	5
2026-05-05 18:55	109.680	109.700	109.595	109.650	5
2026-05-05 19:00	109.608	109.810	109.578	109.770	5
2026-05-05 19:05	109.775	109.800	109.655	109.680	5
2026-05-05 19:10	109.685	109.790	109.650	109.785	5
2026-05-05 19:15	109.790	109.865	109.750	109.840	5
2026-05-05 19:20	109.835	109.900	109.805	109.875	5
2026-05-05 19:25	109.880	109.960	109.855	109.960	5
2026-05-05 19:30	109.965	110.080	109.965	110.070	5
2026-05-05 19:35	110.075	110.155	109.988	110.020	5
2026-05-05 19:40	110.010	110.175	109.990	110.100	5
2026-05-05 19:45	110.095	110.160	110.075	110.145	5
2026-05-05 19:50	110.150	110.270	110.130	110.255	5
2026-05-05 19:55	110.265	110.345	110.240	110.240	5
2026-05-05 20:00	110.255	110.280	110.077	110.077	5
2026-05-05 20:05	110.067	110.187	110.057	110.112	5
2026-05-05 20:10	110.117	110.132	110.062	110.082	5
2026-05-05 20:15	110.092	110.137	110.067	110.097	5
2026-05-05 20:20	110.092	110.127	110.077	110.107	5
2026-05-05 20:25	110.112	110.367	110.108	110.347	5
2026-05-05 20:30	110.337	110.437	110.247	110.322	5
2026-05-05 20:35	110.317	110.417	110.298	110.347	5
2026-05-05 20:40	110.357	110.387	110.257	110.342	5
2026-05-05 20:45	110.347	110.352	110.197	110.237	5
2026-05-05 20:50	110.232	110.437	110.208	110.412	5
2026-05-05 20:55	110.417	110.552	110.367	110.467	5
2026-05-06 00:00	107.648	108.537	107.648	108.487	5
2026-05-06 00:05	108.467	108.647	108.167	108.167	5
2026-05-06 00:10	108.137	108.765	108.098	108.640	5
2026-05-06 00:15	108.635	108.805	108.627	108.697	5
2026-05-06 00:20	108.707	108.955	108.550	108.560	5
2026-05-06 00:25	108.550	108.997	108.550	108.847	5
2026-05-06 00:30	108.837	108.897	108.655	108.657	5
2026-05-06 00:35	108.665	108.737	108.647	108.705	5
2026-05-06 00:40	108.697	108.705	108.545	108.667	5
2026-05-06 00:45	108.608	108.905	108.597	108.887	5
2026-05-06 00:50	108.880	108.880	108.615	108.637	5
2026-05-06 00:55	108.627	108.745	108.545	108.565	5
2026-05-06 01:00	108.508	108.560	107.955	108.327	5
2026-05-06 01:05	108.335	108.387	108.090	108.327	5
2026-05-06 01:10	108.317	108.857	108.297	108.830	5
2026-05-06 01:15	108.847	108.847	108.557	108.585	5
2026-05-06 01:20	108.587	108.697	108.497	108.517	5
2026-05-06 01:25	108.525	108.567	108.377	108.427	5
2026-05-06 01:30	108.425	108.447	108.255	108.290	5
2026-05-06 01:35	108.295	108.305	107.823	108.037	5
2026-05-06 01:40	108.045	108.045	107.555	107.707	5
2026-05-06 01:45	107.697	107.937	107.687	107.897	5
2026-05-06 01:50	107.907	107.975	107.705	107.817	5
2026-05-06 01:55	107.825	107.995	107.825	107.970	5
2026-05-06 02:00	107.955	108.115	107.955	108.107	5
2026-05-06 02:05	108.117	108.127	107.990	108.017	5
2026-05-06 02:10	108.015	108.090	108.005	108.050	5
2026-05-06 02:15	108.035	108.135	107.985	108.020	5
2026-05-06 02:20	108.035	108.065	107.990	108.025	5
2026-05-06 02:25	108.037	108.080	107.923	108.075	5
2026-05-06 02:30	108.085	108.185	108.005	108.035	5
2026-05-06 02:35	108.040	108.145	108.005	108.127	5
2026-05-06 02:40	108.105	108.115	108.020	108.055	5
2026-05-06 02:45	108.077	108.127	108.055	108.065	5
2026-05-06 02:50	108.077	108.097	107.965	107.980	5
2026-05-06 02:55	107.975	108.075	107.916	108.015	5
2026-05-06 03:00	108.005	108.315	107.975	108.305	5
2026-05-06 03:05	108.315	108.415	108.295	108.415	5
2026-05-06 03:10	108.395	108.405	108.290	108.320	5
2026-05-06 03:15	108.340	108.345	108.235	108.315	5
2026-05-06 03:20	108.307	108.435	108.255	108.425	5
2026-05-06 03:25	108.415	108.435	108.355	108.397	5
2026-05-06 03:30	108.380	108.380	108.230	108.235	5
2026-05-06 03:35	108.230	108.250	107.985	108.005	5
2026-05-06 03:40	107.990	108.040	107.960	108.010	5
2026-05-06 03:45	108.015	108.065	107.975	108.040	5
2026-05-06 03:50	108.035	108.045	107.995	108.000	5
2026-05-06 03:55	108.015	108.100	107.990	108.095	5
2026-05-06 04:00	108.110	108.185	108.105	108.155	5
2026-05-06 04:05	108.157	108.207	108.150	108.165	5
2026-05-06 04:10	108.175	108.225	108.157	108.195	5
2026-05-06 04:15	108.190	108.190	108.105	108.145	5
2026-05-06 04:20	108.135	108.137	108.000	108.000	5
2026-05-06 04:25	107.990	108.065	107.853	107.905	5
2026-05-06 04:30	107.925	107.977	107.800	107.935	5
2026-05-06 04:35	107.940	107.970	107.770	107.770	5
2026-05-06 04:40	107.775	107.900	107.745	107.885	5
2026-05-06 04:45	107.890	107.945	107.865	107.912	5
2026-05-06 04:50	107.910	107.995	107.900	107.975	5
2026-05-06 04:55	107.985	108.090	107.965	108.040	5
2026-05-06 05:00	108.028	108.085	107.995	108.065	5
2026-05-06 05:05	108.060	108.155	108.028	108.140	5
2026-05-06 05:10	108.127	108.440	108.115	108.440	5
2026-05-06 05:15	108.455	108.975	108.455	108.735	5
2026-05-06 05:20	108.745	108.990	108.735	108.877	5
2026-05-06 05:25	108.867	108.877	108.507	108.547	5
2026-05-06 05:30	108.545	108.640	108.475	108.525	5
2026-05-06 05:35	108.527	108.647	108.507	108.557	5
2026-05-06 05:40	108.557	108.707	108.557	108.557	5
2026-05-06 05:45	108.557	108.665	108.435	108.485	5
2026-05-06 05:50	108.487	108.487	108.365	108.377	5
2026-05-06 05:55	108.375	108.375	107.895	107.980	5
2026-05-06 06:00	107.958	108.000	107.345	107.627	5
2026-05-06 06:05	107.625	107.825	107.565	107.705	5
2026-05-06 06:10	107.697	107.887	107.645	107.867	5
2026-05-06 06:15	107.880	108.220	107.860	108.135	5
2026-05-06 06:20	108.127	108.365	108.127	108.295	5
2026-05-06 06:25	108.290	108.370	107.885	108.007	5
2026-05-06 06:30	108.037	108.120	107.763	108.035	5
2026-05-06 06:35	108.040	108.170	107.985	108.120	5
2026-05-06 06:40	108.115	108.737	108.095	108.305	5
2026-05-06 06:45	108.307	108.405	108.225	108.305	5
2026-05-06 06:50	108.307	108.495	108.307	108.425	5
2026-05-06 06:55	108.435	108.460	108.335	108.387	5
2026-05-06 07:00	108.395	108.745	108.315	108.375	5
2026-05-06 07:05	108.387	108.480	108.133	108.290	5
2026-05-06 07:10	108.295	108.417	108.215	108.225	5
2026-05-06 07:15	108.220	108.260	108.043	108.175	5
2026-05-06 07:20	108.177	108.230	107.890	107.930	5
2026-05-06 07:25	107.935	108.115	107.890	107.965	5
2026-05-06 07:30	107.950	108.340	107.885	108.225	5
2026-05-06 07:35	108.217	108.247	107.975	107.975	5
2026-05-06 07:40	107.980	108.135	107.673	107.690	5
2026-05-06 07:45	107.643	107.690	106.618	106.945	5
2026-05-06 07:50	106.947	107.090	106.357	106.515	5
2026-05-06 07:55	106.505	106.615	105.573	105.697	5
2026-05-06 08:00	105.695	106.480	105.458	106.470	5
2026-05-06 08:05	106.465	106.645	106.248	106.487	5
2026-05-06 08:10	106.485	106.605	106.228	106.400	5
2026-05-06 08:15	106.417	106.655	106.317	106.515	5
2026-05-06 08:20	106.520	106.970	106.503	106.785	5
2026-05-06 08:25	106.790	106.970	106.605	106.788	5
2026-05-06 08:30	106.785	106.905	106.377	106.417	5
2026-05-06 08:35	106.415	106.460	106.100	106.227	5
2026-05-06 08:40	106.235	106.345	106.138	106.265	5
2026-05-06 08:45	106.270	106.550	106.180	106.480	5
2026-05-06 08:50	106.500	106.505	102.763	103.697	6
2026-05-06 08:55	103.697	103.847	102.837	103.207	5
2026-05-06 09:00	103.182	103.975	102.523	103.795	5
2026-05-06 09:05	103.817	104.135	103.648	104.045	5
2026-05-06 09:10	104.020	104.125	103.515	103.527	5
2026-05-06 09:15	103.567	103.657	102.707	102.735	5
2026-05-06 09:20	102.727	103.070	102.207	102.935	5
2026-05-06 09:25	102.937	103.387	102.857	103.185	5
2026-05-06 09:30	103.190	103.340	102.105	102.145	5
2026-05-06 09:35	102.187	102.425	101.517	101.865	5
2026-05-06 09:40	101.860	102.615	101.635	102.365	5
2026-05-06 09:45	102.360	102.517	101.695	101.735	5
2026-05-06 09:50	101.725	102.600	101.695	101.895	5
2026-05-06 09:55	101.887	101.917	101.307	101.455	5
2026-05-06 10:00	101.428	101.457	100.710	101.007	5
2026-05-06 10:05	101.045	101.407	100.545	101.125	5
2026-05-06 10:10	101.117	101.225	100.797	101.160	5
2026-05-06 10:15	101.155	101.247	100.607	100.775	5
2026-05-06 10:20	100.747	100.780	100.310	100.505	5
2026-05-06 10:25	100.515	101.237	100.478	101.167	5
2026-05-06 10:30	101.157	101.165	99.830	100.457	5
2026-05-06 10:35	100.407	101.015	99.953	100.497	5
2026-05-06 10:40	100.477	100.547	99.490	99.980	5
2026-05-06 10:45	99.957	100.278	99.493	100.178	5
2026-05-06 10:50	100.153	100.287	98.133	98.575	5
2026-05-06 10:55	98.565	98.727	98.207	98.257	5
2026-05-06 11:00	98.213	98.700	97.777	98.275	5
2026-05-06 11:05	98.257	98.307	96.745	97.145	5
2026-05-06 11:10	97.137	97.935	96.965	97.685	5
2026-05-06 11:15	97.705	98.017	97.413	97.987	5
2026-05-06 11:20	97.995	98.177	97.718	98.105	5
2026-05-06 11:25	98.110	98.240	97.857	98.125	5
2026-05-06 11:30	98.075	98.490	97.807	97.915	5
2026-05-06 11:35	97.905	98.135	97.870	98.057	5
2026-05-06 11:40	98.070	99.165	97.935	99.125	5
2026-05-06 11:45	99.083	99.725	99.065	99.710	5
2026-05-06 11:50	99.715	99.805	99.295	99.805	5
2026-05-06 11:55	99.810	100.295	99.757	100.220	5
2026-05-06 12:00	100.230	100.775	100.170	100.765	5
2026-05-06 12:05	100.755	101.487	100.513	101.470	5
2026-05-06 12:10	101.437	102.817	101.145	102.647	5
2026-05-06 12:15	102.595	104.167	101.987	103.747	5
2026-05-06 12:20	103.717	103.825	102.117	102.475	5
2026-05-06 12:25	102.457	102.540	102.190	102.225	5
2026-05-06 12:30	102.193	102.745	102.165	102.585	5
2026-05-06 12:35	102.577	102.937	102.527	102.687	5
2026-05-06 12:40	102.697	102.945	102.490	102.655	5
2026-05-06 12:45	102.660	102.775	102.307	102.525	5
2026-05-06 12:50	102.555	103.207	102.553	103.127	5
2026-05-06 12:55	103.117	103.287	102.728	102.905	5
2026-05-06 13:00	102.907	103.450	102.807	103.138	5
2026-05-06 13:05	103.243	104.090	102.908	103.777	5
2026-05-06 13:10	103.790	103.945	103.215	103.297	5
2026-05-06 13:15	103.287	103.527	103.037	103.427	5
2026-05-06 13:20	103.445	103.485	103.210	103.410	5
2026-05-06 13:25	103.405	103.605	103.235	103.275	5
2026-05-06 13:30	103.295	103.555	102.548	102.615	5
2026-05-06 13:35	102.620	102.785	102.173	102.727	5
2026-05-06 13:40	102.725	103.240	102.480	103.080	5
2026-05-06 13:45	103.085	103.235	102.770	102.785	5
2026-05-06 13:50	102.795	103.075	102.795	102.880	5
2026-05-06 13:55	102.885	103.075	102.603	102.740	5
2026-05-06 14:00	102.748	102.865	102.605	102.685	5
2026-05-06 14:05	102.717	103.665	102.643	102.815	5
2026-05-06 14:10	102.807	102.817	101.705	101.930	5
2026-05-06 14:15	101.917	102.090	101.765	101.965	5
2026-05-06 14:20	101.945	102.025	101.783	101.865	5
2026-05-06 14:25	101.857	102.357	101.757	102.357	5
2026-05-06 14:30	102.347	102.455	101.737	102.095	5
2026-05-06 14:35	102.105	102.205	101.877	101.947	5
2026-05-06 14:40	101.945	102.197	101.183	101.557	5
2026-05-06 14:45	101.567	102.310	101.318	101.997	5
2026-05-06 14:50	102.005	102.195	101.840	101.927	5
2026-05-06 14:55	101.920	101.960	101.645	101.685	5
2026-05-06 15:00	101.715	101.905	101.620	101.635	5
2026-05-06 15:05	101.615	102.450	101.553	102.145	5
2026-05-06 15:10	102.140	102.805	101.990	102.285	5
2026-05-06 15:15	102.277	102.475	101.785	101.785	5
2026-05-06 15:20	101.743	101.960	101.560	101.740	5
2026-05-06 15:25	101.725	102.100	101.600	101.680	5
2026-05-06 15:30	101.667	101.705	101.415	101.425	5
2026-05-06 15:35	101.450	101.885	101.420	101.875	5
2026-05-06 15:40	101.870	102.360	101.675	102.008	5
2026-05-06 15:45	101.988	102.370	101.953	102.210	5
2026-05-06 15:50	102.165	102.460	102.115	102.270	5
2026-05-06 15:55	102.265	102.285	101.965	102.175	5
2026-05-06 16:00	102.167	102.375	102.110	102.205	5
2026-05-06 16:05	102.185	102.580	102.145	102.475	5
2026-05-06 16:10	102.485	102.565	102.175	102.270	5
2026-05-06 16:15	102.280	102.345	101.955	101.970	5
2026-05-06 16:20	101.950	101.970	101.715	101.890	5
2026-05-06 16:25	101.895	101.900	101.715	101.800	5
2026-05-06 16:30	101.795	101.800	101.470	101.530	5
2026-05-06 16:35	101.510	101.535	101.303	101.445	5
2026-05-06 16:40	101.440	101.685	101.428	101.675	5
2026-05-06 16:45	101.670	102.065	101.610	102.050	5
2026-05-06 16:50	102.045	102.495	102.030	102.355	5
2026-05-06 16:55	102.360	102.950	102.213	102.477	5
2026-05-06 17:00	102.470	102.557	101.890	101.905	5
2026-05-06 17:05	101.900	102.090	101.750	102.055	5
2026-05-06 17:10	102.050	102.170	101.885	102.087	5
2026-05-06 17:15	102.097	102.185	102.005	102.130	5
2026-05-06 17:20	102.135	102.205	101.933	102.020	5
2026-05-06 17:25	102.025	102.025	101.750	101.775	5
2026-05-06 17:30	101.780	101.780	101.465	101.670	5
2026-05-06 17:35	101.660	101.765	101.560	101.755	5
2026-05-06 17:40	101.760	101.920	101.610	101.620	5
2026-05-06 17:45	101.640	101.655	101.490	101.510	5
2026-05-06 17:50	101.515	101.640	101.495	101.550	5
2026-05-06 17:55	101.575	101.640	101.460	101.555	5
2026-05-06 18:00	101.565	101.620	101.438	101.500	5
2026-05-06 18:05	101.505	101.515	101.100	101.140	5
2026-05-06 18:10	101.150	101.210	100.690	100.915	5
2026-05-06 18:15	100.925	100.975	100.623	100.740	5
2026-05-06 18:20	100.745	101.095	100.605	101.025	5
2026-05-06 18:25	101.020	101.375	100.940	101.370	5
2026-05-06 18:30	101.360	101.370	101.050	101.195	5
2026-05-06 18:35	101.190	101.220	100.875	100.930	5
2026-05-06 18:40	100.925	101.247	100.875	101.245	5
2026-05-06 18:45	101.247	101.260	101.090	101.140	5
2026-05-06 18:50	101.150	101.375	101.070	101.270	5
2026-05-06 18:55	101.275	101.360	101.185	101.345	5
2026-05-06 19:00	101.360	101.375	100.965	101.150	5
2026-05-06 19:05	101.155	101.205	100.995	101.105	5
2026-05-06 19:10	101.095	101.245	101.040	101.175	5
2026-05-06 19:15	101.160	101.175	100.955	100.967	5
2026-05-06 19:20	100.975	101.070	100.885	101.045	5
2026-05-06 19:25	101.040	101.250	101.025	101.250	5
2026-05-06 19:30	101.270	101.595	101.270	101.510	5
2026-05-06 19:35	101.475	101.475	101.310	101.325	5
2026-05-06 19:40	101.320	101.430	101.295	101.310	5
2026-05-06 19:45	101.330	101.335	101.075	101.260	5
2026-05-06 19:50	101.255	101.395	101.113	101.345	5
2026-05-06 19:55	101.347	101.490	101.270	101.480	5
2026-05-06 20:00	101.485	101.505	101.307	101.392	5
2026-05-06 20:05	101.387	101.402	101.237	101.352	5
2026-05-06 20:10	101.402	101.642	101.362	101.532	5
2026-05-06 20:15	101.542	101.682	101.462	101.587	5
2026-05-06 20:20	101.582	101.682	101.537	101.682	5
2026-05-06 20:25	101.702	101.717	101.532	101.602	5
2026-05-06 20:30	101.587	102.032	101.408	101.947	5
2026-05-06 20:35	101.957	102.167	101.793	102.157	5
2026-05-06 20:40	102.162	102.302	101.972	101.977	5
2026-05-06 20:45	101.982	102.032	101.928	101.947	5
2026-05-06 20:50	101.967	102.067	101.867	102.037	5
2026-05-06 20:55	102.032	102.062	101.912	101.962	5
2026-05-07 00:00	101.847	102.270	101.738	102.210	5
2026-05-07 00:05	102.197	102.527	102.103	102.295	5
2026-05-07 00:10	102.305	102.305	101.715	101.930	5
2026-05-07 00:15	101.950	102.250	101.918	102.105	5
2026-05-07 00:20	102.147	102.265	102.023	102.177	5
2026-05-07 00:25	102.145	102.287	102.015	102.137	5
2026-05-07 00:30	102.175	102.175	102.075	102.117	5
2026-05-07 00:35	102.115	102.137	102.050	102.057	5
2026-05-07 00:40	102.057	102.367	102.043	102.247	5
2026-05-07 00:45	102.257	102.317	101.997	102.057	5
2026-05-07 00:50	102.080	102.325	101.983	102.248	5
2026-05-07 00:55	102.258	102.327	102.117	102.205	5
2026-05-07 01:00	102.187	102.370	101.997	102.355	5
2026-05-07 01:05	102.327	102.437	102.173	102.377	5
2026-05-07 01:10	102.375	102.375	101.697	102.055	5
2026-05-07 01:15	102.067	102.185	101.977	102.007	5
2026-05-07 01:20	102.017	102.087	101.917	101.917	5
2026-05-07 01:25	101.915	101.957	101.760	101.827	5
2026-05-07 01:30	101.827	101.917	101.717	101.875	5
2026-05-07 01:35	101.877	101.950	101.837	101.877	5
2026-05-07 01:40	101.887	101.887	101.687	101.737	5
2026-05-07 01:45	101.727	101.785	101.635	101.717	5
2026-05-07 01:50	101.707	101.745	101.617	101.725	5
2026-05-07 01:55	101.720	101.975	101.627	101.647	5
2026-05-07 02:00	101.657	101.677	101.117	101.427	5
2026-05-07 02:05	101.427	101.477	101.227	101.327	5
2026-05-07 02:10	101.327	101.545	101.237	101.525	5
2026-05-07 02:15	101.527	101.757	101.470	101.735	5
2026-05-07 02:20	101.715	101.907	101.675	101.827	5
2026-05-07 02:25	101.825	101.825	101.707	101.800	5
2026-05-07 02:30	101.795	101.845	101.627	101.767	5
2026-05-07 02:35	101.757	101.887	101.735	101.845	5
2026-05-07 02:40	101.837	101.845	101.735	101.745	5
2026-05-07 02:45	101.747	101.857	101.735	101.797	5
2026-05-07 02:50	101.805	101.845	101.740	101.825	5
2026-05-07 02:55	101.817	101.830	101.745	101.825	5
2026-05-07 03:00	101.815	101.995	101.815	101.917	5
2026-05-07 03:05	101.907	101.985	101.875	101.957	5
2026-05-07 03:10	101.967	102.037	101.907	101.917	5
2026-05-07 03:15	101.925	102.015	101.917	101.995	5
2026-05-07 03:20	101.990	102.155	101.915	102.155	5
2026-05-07 03:25	102.137	102.160	102.025	102.085	5
2026-05-07 03:30	102.087	102.165	101.945	101.945	5
2026-05-07 03:35	101.937	101.945	101.695	101.745	5
2026-05-07 03:40	101.777	101.915	101.767	101.895	5
2026-05-07 03:45	101.887	102.065	101.877	102.065	5
2026-05-07 03:50	102.055	102.055	101.975	101.985	5
2026-05-07 03:55	101.997	102.025	101.888	102.025	5
2026-05-07 04:00	102.027	102.075	101.965	102.035	5
2026-05-07 04:05	102.015	102.015	101.927	101.990	5
2026-05-07 04:10	101.995	102.005	101.915	101.955	5
2026-05-07 04:15	101.965	101.970	101.878	101.930	5
2026-05-07 04:20	101.925	101.945	101.905	101.925	5
2026-05-07 04:25	101.927	101.935	101.890	101.925	5
2026-05-07 04:30	101.920	101.945	101.915	101.935	5
2026-05-07 04:35	101.925	101.940	101.900	101.910	5
2026-05-07 04:40	101.905	101.910	101.830	101.845	5
2026-05-07 04:45	101.855	101.895	101.705	101.717	5
2026-05-07 04:50	101.715	101.755	101.667	101.730	5
2026-05-07 04:55	101.697	101.825	101.677	101.725	5
2026-05-07 05:00	101.727	101.830	101.717	101.755	5
2026-05-07 05:05	101.747	101.917	101.717	101.825	5
2026-05-07 05:10	101.797	101.887	101.785	101.867	5
2026-05-07 05:15	101.865	101.945	101.847	101.935	5
2026-05-07 05:20	101.940	101.945	101.748	101.875	5
2026-05-07 05:25	101.867	101.925	101.833	101.865	5
2026-05-07 05:30	101.870	101.870	101.785	101.825	5
2026-05-07 05:35	101.835	101.870	101.627	101.727	5
2026-05-07 05:40	101.725	101.845	101.700	101.805	5
2026-05-07 05:45	101.815	101.855	101.717	101.747	5
2026-05-07 05:50	101.745	101.847	101.745	101.835	5
2026-05-07 05:55	101.837	101.870	101.605	101.740	5
2026-05-07 06:00	101.698	101.775	101.495	101.517	5
2026-05-07 06:05	101.515	101.520	101.290	101.380	5
2026-05-07 06:10	101.375	101.785	101.317	101.785	5
2026-05-07 06:15	101.795	101.835	101.657	101.667	5
2026-05-07 06:20	101.677	101.840	101.645	101.700	5
2026-05-07 06:25	101.695	101.767	101.605	101.650	5
2026-05-07 06:30	101.635	101.720	101.475	101.565	5
2026-05-07 06:35	101.555	101.625	101.273	101.367	5
2026-05-07 06:40	101.357	101.405	100.267	100.407	5
2026-05-07 06:45	100.398	101.165	100.313	101.125	5
2026-05-07 06:50	101.117	101.170	100.870	100.875	5
2026-05-07 06:55	100.877	100.970	100.777	100.850	5
2026-05-07 07:00	100.855	100.960	100.580	100.580	5
2026-05-07 07:05	100.585	100.615	99.197	99.267	5
2026-05-07 07:10	99.217	99.410	97.737	97.737	5
2026-05-07 07:15	97.747	98.447	97.453	98.227	5
2026-05-07 07:20	98.237	98.837	98.145	98.577	5
2026-05-07 07:25	98.447	98.855	98.298	98.855	5
2026-05-07 07:30	98.847	99.257	98.675	99.107	5
2026-05-07 07:35	99.117	99.355	98.978	99.155	5
2026-05-07 07:40	99.157	99.375	99.085	99.335	5
2026-05-07 07:45	99.330	99.917	99.285	99.745	5
2026-05-07 07:50	99.750	99.945	99.605	99.865	5
2026-05-07 07:55	99.870	99.897	99.446	99.517	5
2026-05-07 08:00	99.527	99.547	99.157	99.200	5
2026-05-07 08:05	99.197	99.550	99.197	99.425	5
2026-05-07 08:10	99.430	100.245	99.355	99.787	5
2026-05-07 08:15	99.797	100.377	99.717	100.257	5
2026-05-07 08:20	100.267	100.377	100.027	100.207	5
2026-05-07 08:25	100.217	100.618	99.817	100.095	5
2026-05-07 08:30	100.085	100.137	99.407	99.635	5
2026-05-07 08:35	99.617	99.620	99.277	99.417	5
2026-05-07 08:40	99.407	99.740	99.360	99.665	5
2026-05-07 08:45	99.657	99.717	99.345	99.465	5
2026-05-07 08:50	99.477	99.537	99.320	99.397	5
2026-05-07 08:55	99.405	99.480	98.940	99.045	5
2026-05-07 09:00	99.048	99.150	98.938	99.000	5
2026-05-07 09:05	99.005	99.270	98.970	99.180	5
2026-05-07 09:10	99.170	99.335	99.097	99.250	5
2026-05-07 09:15	99.188	99.330	98.937	98.940	5
2026-05-07 09:20	98.935	99.090	98.733	98.825	5
2026-05-07 09:25	98.855	98.915	98.665	98.690	5
2026-05-07 09:30	98.695	98.835	98.300	98.300	5
2026-05-07 09:35	98.310	98.580	98.158	98.440	5
2026-05-07 09:40	98.477	98.515	98.205	98.477	5
2026-05-07 09:45	98.475	98.555	98.273	98.460	5
2026-05-07 09:50	98.430	99.225	98.378	98.805	5
2026-05-07 09:55	98.795	99.105	98.777	99.010	5
2026-05-07 10:00	99.038	99.220	98.917	99.027	5
2026-05-07 10:05	99.025	99.215	98.925	98.980	5
2026-05-07 10:10	98.985	99.175	98.875	98.885	5
2026-05-07 10:15	98.890	99.150	98.880	99.145	5
2026-05-07 10:20	99.150	99.150	98.390	98.410	5
2026-05-07 10:25	98.405	98.910	98.307	98.860	5
2026-05-07 10:30	98.850	99.287	98.815	99.235	5
2026-05-07 10:35	99.240	99.485	99.135	99.345	5
2026-05-07 10:40	99.337	99.455	98.907	98.937	5
2026-05-07 10:45	98.947	99.287	98.875	99.217	5
2026-05-07 10:50	99.230	99.367	98.990	99.017	5
2026-05-07 10:55	99.030	99.195	98.808	98.960	5
2026-05-07 11:00	98.947	99.037	98.697	98.705	5
2026-05-07 11:05	98.710	98.837	98.433	98.470	5
2026-05-07 11:10	98.475	98.745	98.445	98.645	5
2026-05-07 11:15	98.640	98.765	98.225	98.260	5
2026-05-07 11:20	98.250	98.385	97.810	97.860	5
2026-05-07 11:25	97.865	98.040	97.780	97.925	5
2026-05-07 11:30	97.915	98.065	97.775	97.990	5
2026-05-07 11:35	97.975	98.047	97.727	97.987	5
2026-05-07 11:40	97.985	98.005	97.820	97.900	5
2026-05-07 11:45	97.910	98.195	97.905	98.150	5
2026-05-07 11:50	98.157	98.255	98.048	98.175	5
2026-05-07 11:55	98.170	98.270	98.015	98.065	5
2026-05-07 12:00	98.063	98.245	97.985	98.015	5
2026-05-07 12:05	97.997	98.135	97.978	98.130	5
2026-05-07 12:10	98.120	98.145	97.385	97.575	5
2026-05-07 12:15	97.605	97.775	97.215	97.405	5
2026-05-07 12:20	97.358	97.735	97.155	97.405	5
2026-05-07 12:25	97.445	97.475	96.835	96.895	5
2026-05-07 12:30	96.900	97.185	96.735	97.045	5
2026-05-07 12:35	97.040	97.105	96.800	96.805	5
2026-05-07 12:40	96.800	96.955	96.590	96.765	5
2026-05-07 12:45	96.750	96.755	96.095	96.127	5
2026-05-07 12:50	96.135	96.525	96.117	96.370	5
2026-05-07 12:55	96.365	96.952	96.300	96.860	5
2026-05-07 13:00	96.938	97.865	96.938	97.555	5
2026-05-07 13:05	97.550	97.690	97.410	97.645	5
2026-05-07 13:10	97.670	97.965	97.623	97.890	5
2026-05-07 13:15	97.885	97.915	97.455	97.510	5
2026-05-07 13:20	97.530	97.715	97.210	97.240	5
2026-05-07 13:25	97.265	97.515	97.255	97.400	5
2026-05-07 13:30	97.410	97.505	97.270	97.270	5
2026-05-07 13:35	97.280	97.440	97.110	97.240	5
2026-05-07 13:40	97.235	97.445	97.073	97.420	5
2026-05-07 13:45	97.415	98.547	97.250	98.100	5
2026-05-07 13:50	98.115	98.170	97.810	97.820	5
2026-05-07 13:55	97.825	97.825	97.108	97.170	5
2026-05-07 14:00	97.180	97.280	96.733	96.935	5
2026-05-07 14:05	96.920	96.965	96.725	96.785	5
2026-05-07 14:10	96.795	96.935	96.325	96.350	5
2026-05-07 14:15	96.355	96.818	96.308	96.730	5
2026-05-07 14:20	96.735	96.805	96.485	96.585	5
2026-05-07 14:25	96.580	97.080	96.450	97.027	5
2026-05-07 14:30	97.025	97.440	96.893	97.440	5
2026-05-07 14:35	97.430	97.615	97.015	97.305	5
2026-05-07 14:40	97.307	97.570	97.195	97.395	5
2026-05-07 14:45	97.390	97.510	97.157	97.325	5
2026-05-07 14:50	97.330	97.480	97.207	97.215	5
2026-05-07 14:55	97.205	97.320	97.093	97.245	5
2026-05-07 15:00	97.210	97.720	97.183	97.660	5
2026-05-07 15:05	97.665	97.795	97.520	97.700	5
2026-05-07 15:10	97.710	97.880	97.548	97.810	5
2026-05-07 15:15	97.768	97.975	97.680	97.860	5
2026-05-07 15:20	97.870	98.460	97.820	98.235	5
2026-05-07 15:25	98.245	98.840	98.067	98.230	5
2026-05-07 15:30	98.235	98.290	97.875	97.967	5
2026-05-07 15:35	97.975	98.135	97.945	98.095	5
2026-05-07 15:40	98.090	98.390	98.055	98.390	5
2026-05-07 15:45	98.395	98.590	98.340	98.500	5
2026-05-07 15:50	98.510	98.955	98.480	98.950	5
2026-05-07 15:55	98.940	99.235	98.915	99.120	5
2026-05-07 16:00	99.115	99.468	99.088	99.400	5
2026-05-07 16:05	99.405	99.775	99.355	99.495	5
2026-05-07 16:10	99.500	99.880	99.478	99.830	5
2026-05-07 16:15	99.845	100.710	99.840	100.525	5
2026-05-07 16:20	100.515	100.540	100.060	100.195	5
2026-05-07 16:25	100.205	100.205	99.585	99.935	5
2026-05-07 16:30	99.940	100.185	99.885	100.090	5
2026-05-07 16:35	100.070	100.465	100.037	100.405	5
2026-05-07 16:40	100.415	100.595	100.273	100.415	5
2026-05-07 16:45	100.420	100.720	100.333	100.675	5
2026-05-07 16:50	100.680	100.910	100.608	100.715	5
2026-05-07 16:55	100.720	100.975	100.538	100.790	5
2026-05-07 17:00	100.750	100.845	100.590	100.835	5
2026-05-07 17:05	100.840	100.840	100.485	100.745	5
2026-05-07 17:10	100.740	100.920	100.605	100.790	5
2026-05-07 17:15	100.773	101.040	100.773	100.940	5
2026-05-07 17:20	100.945	101.050	100.538	100.695	5
2026-05-07 17:25	100.690	102.455	100.403	102.125	5
2026-05-07 17:30	102.105	102.320	101.667	101.745	5
2026-05-07 17:35	101.735	102.015	101.373	101.470	5
2026-05-07 17:40	101.465	101.685	101.328	101.635	5
2026-05-07 17:45	101.655	101.777	101.468	101.550	5
2026-05-07 17:50	101.585	101.790	101.155	101.155	5
2026-05-07 17:55	101.160	101.310	100.535	100.585	5
2026-05-07 18:00	100.595	100.785	100.467	100.607	5
2026-05-07 18:05	100.595	100.600	100.240	100.515	5
2026-05-07 18:10	100.510	100.730	100.358	100.620	5
2026-05-07 18:15	100.610	100.655	100.105	100.345	5
2026-05-07 18:20	100.340	100.620	100.287	100.570	5
2026-05-07 18:25	100.565	100.650	99.915	99.995	5
2026-05-07 18:30	100.010	100.200	99.975	100.120	5
2026-05-07 18:35	100.115	100.645	100.090	100.375	5
2026-05-07 18:40	100.367	101.537	100.163	101.157	5
2026-05-07 18:45	101.103	101.595	100.807	101.117	5
2026-05-07 18:50	101.155	101.695	101.117	101.377	5
2026-05-07 18:55	101.365	101.677	100.817	100.947	5
2026-05-07 19:00	100.957	101.327	100.767	101.227	5
2026-05-07 19:05	101.225	101.507	101.113	101.345	5
2026-05-07 19:10	101.347	101.450	101.120	101.287	5
2026-05-07 19:15	101.277	102.240	101.117	102.097	5
2026-05-07 19:20	102.085	102.625	101.817	102.587	5
2026-05-07 19:25	102.597	102.815	102.077	102.387	5
2026-05-07 19:30	102.397	102.537	101.937	101.977	5
2026-05-07 19:35	101.977	101.977	101.287	101.320	5
2026-05-07 19:40	101.325	101.875	101.215	101.745	5
2026-05-07 19:45	101.737	101.997	101.663	101.817	5
2026-05-07 19:50	101.768	102.397	101.430	101.897	5
2026-05-07 19:55	101.897	102.015	101.537	101.747	5
2026-05-07 20:00	101.757	101.822	99.992	100.427	5
2026-05-07 20:05	100.427	100.722	100.282	100.562	5
2026-05-07 20:10	100.557	100.757	100.352	100.757	5
2026-05-07 20:15	100.742	101.207	100.732	101.052	5
2026-05-07 20:20	101.057	101.192	100.928	101.067	5
2026-05-07 20:25	101.072	101.442	101.072	101.197	5
2026-05-07 20:30	101.207	101.572	101.047	101.437	5
2026-05-07 20:35	101.422	102.787	101.322	102.747	5
2026-05-07 20:40	102.752	102.832	102.322	102.427	5
2026-05-07 20:45	102.437	102.830	102.172	102.557	5
2026-05-07 20:50	102.552	102.872	102.497	102.837	5
2026-05-07 20:55	102.857	103.347	102.747	103.017	5
2026-05-08 00:00	102.443	102.557	102.137	102.517	5
2026-05-08 00:05	102.507	102.537	101.845	102.205	5
2026-05-08 00:10	102.197	102.417	102.057	102.267	5
2026-05-08 00:15	102.255	102.837	102.147	102.815	5
2026-05-08 00:20	102.837	102.907	102.458	102.677	5
2026-05-08 00:25	102.677	102.877	102.677	102.695	5
2026-05-08 00:30	102.717	102.717	102.387	102.427	5
2026-05-08 00:35	102.437	102.567	102.387	102.387	5
2026-05-08 00:40	102.397	102.517	102.387	102.497	5
2026-05-08 00:45	102.497	102.597	102.295	102.337	5
2026-05-08 00:50	102.350	102.455	102.267	102.267	5
2026-05-08 00:55	102.247	102.357	102.127	102.127	5
2026-05-08 01:00	102.107	102.107	100.927	101.745	5
2026-05-08 01:05	101.757	101.787	101.427	101.577	5
2026-05-08 01:10	101.597	101.677	101.495	101.587	5
2026-05-08 01:15	101.595	101.657	101.317	101.447	5
2026-05-08 01:20	101.477	101.547	101.365	101.385	5
2026-05-08 01:25	101.390	101.497	101.315	101.400	5
2026-05-08 01:30	101.375	101.517	101.325	101.507	5
2026-05-08 01:35	101.517	101.557	101.447	101.545	5
2026-05-08 01:40	101.525	101.570	101.470	101.485	5
2026-05-08 01:45	101.490	101.570	101.490	101.537	5
2026-05-08 01:50	101.507	101.570	101.405	101.570	5
2026-05-08 01:55	101.565	101.575	101.505	101.565	5
2026-05-08 02:00	101.555	101.575	101.470	101.570	5
2026-05-08 02:05	101.565	101.570	101.395	101.520	5
2026-05-08 02:10	101.505	101.565	101.487	101.515	5
2026-05-08 02:15	101.517	101.517	101.378	101.415	5
2026-05-08 02:20	101.375	101.417	101.327	101.385	5
2026-05-08 02:25	101.390	101.550	101.390	101.515	5
2026-05-08 02:30	101.535	101.535	101.297	101.327	5
2026-05-08 02:35	101.317	101.877	101.313	101.835	5
2026-05-08 02:40	101.830	101.857	101.617	101.757	5
2026-05-08 02:45	101.755	101.767	100.895	101.035	5
2026-05-08 02:50	101.057	101.117	100.740	101.097	5
2026-05-08 02:55	101.097	101.327	101.008	101.307	5
2026-05-08 03:00	101.297	101.297	101.037	101.127	5
2026-05-08 03:05	101.137	101.257	101.097	101.167	5
2026-05-08 03:10	101.207	101.237	101.115	101.165	5
2026-05-08 03:15	101.147	101.247	101.137	101.235	5
2026-05-08 03:20	101.247	101.260	101.137	101.137	5
2026-05-08 03:25	101.137	101.210	101.135	101.187	5
2026-05-08 03:30	101.195	101.287	100.967	101.017	5
2026-05-08 03:35	101.027	101.147	100.997	101.107	5
2026-05-08 03:40	101.117	101.180	101.077	101.095	5
2026-05-08 03:45	101.087	101.140	101.087	101.117	5
2026-05-08 03:50	101.127	101.247	101.117	101.225	5
2026-05-08 03:55	101.217	101.225	101.137	101.167	5
2026-05-08 04:00	101.147	101.240	101.137	101.207	5
2026-05-08 04:05	101.215	101.260	101.215	101.255	5
2026-05-08 04:10	101.257	101.405	101.227	101.397	5
2026-05-08 04:15	101.395	101.875	101.395	101.635	5
2026-05-08 04:20	101.637	101.665	101.597	101.617	5
2026-05-08 04:25	101.627	101.775	101.617	101.705	5
2026-05-08 04:30	101.697	101.697	101.498	101.565	5
2026-05-08 04:35	101.610	101.697	101.575	101.657	5
2026-05-08 04:40	101.655	101.820	101.647	101.697	5
2026-05-08 04:45	101.685	101.755	101.535	101.535	5
2026-05-08 04:50	101.525	101.525	101.175	101.215	5
2026-05-08 04:55	101.207	101.317	101.177	101.287	5
2026-05-08 05:00	101.267	101.287	100.855	100.925	5
2026-05-08 05:05	100.927	101.447	100.925	101.437	5
2026-05-08 05:10	101.437	101.465	101.265	101.337	5
2026-05-08 05:15	101.347	101.425	101.305	101.347	5
2026-05-08 05:20	101.375	101.467	101.290	101.310	5
2026-05-08 05:25	101.327	101.390	101.207	101.337	5
2026-05-08 05:30	101.347	101.387	101.007	101.027	5
2026-05-08 05:35	101.007	101.137	100.983	101.077	5
2026-05-08 05:40	101.087	101.167	101.037	101.167	5
2026-05-08 05:45	101.187	101.205	101.075	101.107	5
2026-05-08 05:50	101.105	101.197	100.943	100.997	5
2026-05-08 05:55	100.985	100.990	100.905	100.947	5
2026-05-08 06:00	100.985	101.335	100.905	100.915	5
2026-05-08 06:05	100.910	100.987	100.537	100.795	5
2026-05-08 06:10	100.790	100.835	100.515	100.657	5
2026-05-08 06:15	100.665	100.685	100.467	100.527	5
2026-05-08 06:20	100.525	100.645	100.457	100.540	5
2026-05-08 06:25	100.555	100.577	99.707	100.057	5
2026-05-08 06:30	100.065	100.587	100.000	100.217	5
2026-05-08 06:35	100.217	100.297	100.100	100.177	5
2026-05-08 06:40	100.167	100.407	100.095	100.387	5
2026-05-08 06:45	100.395	100.957	100.330	100.807	5
2026-05-08 06:50	100.777	100.815	100.475	100.675	5
2026-05-08 06:55	100.667	100.737	100.493	100.635	5
2026-05-08 07:00	100.640	100.755	100.228	100.485	5
2026-05-08 07:05	100.477	100.587	100.305	100.310	5
2026-05-08 07:10	100.315	100.703	100.315	100.703	5
2026-05-08 07:15	100.693	100.755	100.545	100.657	5
2026-05-08 07:20	100.670	101.075	100.527	100.965	5
2026-05-08 07:25	100.970	101.517	100.935	101.240	5
2026-05-08 07:30	101.217	101.295	100.797	100.915	5
2026-05-08 07:35	100.935	101.015	100.783	100.915	5
2026-05-08 07:40	100.925	100.980	100.775	100.895	5
2026-05-08 07:45	100.885	101.220	100.638	100.897	5
2026-05-08 07:50	100.905	101.235	100.675	100.937	5
2026-05-08 07:55	100.965	101.085	100.828	101.037	5
2026-05-08 08:00	101.035	101.175	100.875	100.957	5
2026-05-08 08:05	100.955	101.380	100.855	101.137	5
2026-05-08 08:10	101.135	101.357	100.945	101.120	5
2026-05-08 08:15	101.107	101.127	100.697	100.827	5
2026-05-08 08:20	100.768	100.837	100.305	100.457	5
2026-05-08 08:25	100.467	100.545	100.138	100.288	5
2026-05-08 08:30	100.240	100.335	99.935	100.067	5
2026-05-08 08:35	100.075	100.235	99.883	100.117	5
2026-05-08 08:40	100.127	100.455	100.007	100.187	5
2026-05-08 08:45	100.153	100.530	99.858	100.150	5
2026-05-08 08:50	100.157	100.317	99.995	100.157	5
2026-05-08 08:55	100.165	100.325	100.073	100.255	5
2026-05-08 09:00	100.218	100.360	99.868	100.025	5
2026-05-08 09:05	100.030	100.030	99.623	99.865	5
2026-05-08 09:10	99.870	99.990	99.765	99.875	5
2026-05-08 09:15	99.855	100.035	99.850	99.955	5
2026-05-08 09:20	99.947	99.997	99.560	99.740	5
2026-05-08 09:25	99.755	99.775	99.550	99.695	5
2026-05-08 09:30	99.690	99.995	99.607	99.755	5
2026-05-08 09:35	99.765	99.910	99.718	99.875	5
2026-05-08 09:40	99.895	100.155	99.848	100.085	5
2026-05-08 09:45	100.087	100.485	100.043	100.395	5
2026-05-08 09:50	100.390	100.845	100.348	100.705	5
2026-05-08 09:55	100.697	100.940	100.683	100.845	5
2026-05-08 10:00	100.865	100.945	100.340	100.557	5
2026-05-08 10:05	100.550	100.805	100.395	100.755	5
2026-05-08 10:10	100.750	100.835	100.575	100.685	5
2026-05-08 10:15	100.687	100.750	100.390	100.570	5
2026-05-08 10:20	100.511	100.550	100.108	100.190	5
2026-05-08 10:25	100.195	100.195	99.937	100.035	5
2026-05-08 10:30	100.027	100.095	99.877	100.005	5
2026-05-08 10:35	100.015	100.050	99.880	99.945	5
2026-05-08 10:40	99.940	100.160	99.905	100.160	5
2026-05-08 10:45	100.165	100.310	100.057	100.115	5
2026-05-08 10:50	100.107	100.245	100.025	100.177	5
2026-05-08 10:55	100.175	100.747	100.147	100.270	5
2026-05-08 11:00	100.288	100.295	99.925	99.965	5
2026-05-08 11:05	99.957	100.270	99.865	100.205	5
2026-05-08 11:10	100.197	100.645	100.145	100.607	5
2026-05-08 11:15	100.615	100.677	100.395	100.627	5
2026-05-08 11:20	100.635	100.750	100.520	100.565	5
2026-05-08 11:25	100.557	100.650	100.365	100.445	5
2026-05-08 11:30	100.450	100.765	100.450	100.685	5
2026-05-08 11:35	100.667	100.735	100.530	100.585	5
2026-05-08 11:40	100.590	100.730	100.505	100.725	5
2026-05-08 11:45	100.720	100.750	100.465	100.495	5
2026-05-08 11:50	100.505	100.950	100.455	100.745	5
2026-05-08 11:55	100.717	100.785	100.565	100.565	5
2026-05-08 12:00	100.595	100.705	100.385	100.635	5
2026-05-08 12:05	100.640	100.647	100.145	100.257	5
2026-05-08 12:10	100.265	100.665	100.255	100.465	5
2026-05-08 12:15	100.467	100.595	100.335	100.365	5
2026-05-08 12:20	100.375	100.415	100.238	100.277	5
2026-05-08 12:25	100.267	100.380	100.135	100.327	5
2026-05-08 12:30	100.327	100.397	100.038	100.115	5
2026-05-08 12:35	100.110	100.205	99.968	99.990	5
2026-05-08 12:40	100.000	100.205	99.955	100.180	5
2026-05-08 12:45	100.190	100.445	100.140	100.390	5
2026-05-08 12:50	100.395	100.520	100.298	100.385	5
2026-05-08 12:55	100.390	100.800	100.248	100.635	5
2026-05-08 13:00	100.588	100.628	100.055	100.347	5
2026-05-08 13:05	100.355	100.675	100.325	100.475	5
2026-05-08 13:10	100.485	100.775	100.383	100.515	5
2026-05-08 13:15	100.497	100.620	100.210	100.215	5
2026-05-08 13:20	100.210	100.265	100.027	100.125	5
2026-05-08 13:25	100.105	100.130	99.635	99.840	5
2026-05-08 13:30	99.778	99.965	99.635	99.765	5
2026-05-08 13:35	99.760	100.200	99.670	100.175	5
2026-05-08 13:40	100.180	100.357	99.947	100.115	5
2026-05-08 13:45	100.110	100.110	99.760	99.895	5
2026-05-08 13:50	99.890	100.045	99.828	99.895	5
2026-05-08 13:55	99.940	100.195	99.915	100.135	5
2026-05-08 14:00	100.130	100.580	100.118	100.505	5
2026-05-08 14:05	100.520	100.915	100.470	100.895	5
2026-05-08 14:10	100.900	101.410	100.870	101.147	5
2026-05-08 14:15	101.160	101.407	101.097	101.165	5
2026-05-08 14:20	101.160	101.430	101.135	101.260	5
2026-05-08 14:25	101.265	101.450	101.085	101.425	5
2026-05-08 14:30	101.440	101.805	101.383	101.505	5
2026-05-08 14:35	101.455	101.595	100.945	100.970	5
2026-05-08 14:40	100.955	101.100	100.887	101.070	5
2026-05-08 14:45	101.080	101.285	100.965	101.130	5
2026-05-08 14:50	101.145	101.540	101.140	101.360	5
2026-05-08 14:55	101.350	101.560	101.350	101.455	5
2026-05-08 15:00	101.470	101.595	101.200	101.545	5
2026-05-08 15:05	101.550	101.550	101.265	101.470	5
2026-05-08 15:10	101.480	101.850	101.405	101.695	5
2026-05-08 15:15	101.697	102.165	101.660	102.005	5
2026-05-08 15:20	101.965	102.050	101.717	102.030	5
2026-05-08 15:25	102.045	102.170	101.617	101.617	5
2026-05-08 15:30	101.635	102.115	101.495	101.495	5
2026-05-08 15:35	101.483	101.575	101.150	101.440	5
2026-05-08 15:40	101.450	101.865	101.425	101.865	5
2026-05-08 15:45	101.860	101.922	101.430	101.510	5
2026-05-08 15:50	101.505	101.740	101.415	101.730	5
2026-05-08 15:55	101.725	101.865	101.570	101.680	5
2026-05-08 16:00	101.685	101.730	101.418	101.730	5
2026-05-08 16:05	101.735	101.740	101.243	101.475	5
2026-05-08 16:10	101.485	101.625	101.393	101.490	5
2026-05-08 16:15	101.500	101.535	101.355	101.470	5
2026-05-08 16:20	101.455	101.545	101.365	101.410	5
2026-05-08 16:25	101.425	101.455	101.245	101.255	5
2026-05-08 16:30	101.260	101.380	101.200	101.270	5
2026-05-08 16:35	101.265	101.505	101.265	101.465	5
2026-05-08 16:40	101.470	101.700	101.455	101.700	5
2026-05-08 16:45	101.670	101.710	101.380	101.380	5
2026-05-08 16:50	101.390	101.470	101.360	101.450	5
2026-05-08 16:55	101.445	101.620	101.405	101.585	5
2026-05-08 17:00	101.605	101.615	101.260	101.305	5
2026-05-08 17:05	101.300	101.485	101.280	101.435	5
2026-05-08 17:10	101.450	101.500	101.240	101.250	5
2026-05-08 17:15	101.245	101.245	101.035	101.220	5
2026-05-08 17:20	101.215	101.335	101.025	101.110	5
2026-05-08 17:25	101.115	101.150	100.875	101.010	5
2026-05-08 17:30	101.005	101.050	100.880	100.970	5
2026-05-08 17:35	100.995	101.110	100.975	101.080	5
2026-05-08 17:40	101.090	101.175	101.040	101.150	5
2026-05-08 17:45	101.155	101.210	101.050	101.080	5
2026-05-08 17:50	101.085	101.255	101.085	101.140	5
2026-05-08 17:55	101.130	101.130	100.940	101.110	5
2026-05-08 18:00	101.120	101.215	100.595	100.790	5
2026-05-08 18:05	100.795	100.980	100.615	100.980	5
2026-05-08 18:10	100.990	101.060	100.865	100.940	5
2026-05-08 18:15	100.930	100.950	100.755	100.900	5
2026-05-08 18:20	100.910	101.105	100.820	101.010	5
2026-05-08 18:25	101.015	101.445	100.990	101.260	5
2026-05-08 18:30	101.265	101.300	100.885	100.920	5
2026-05-08 18:35	100.915	101.130	100.843	101.010	5
2026-05-08 18:40	101.000	101.075	100.905	100.945	5
2026-05-08 18:45	100.935	101.075	100.835	101.000	5
2026-05-08 18:50	100.995	101.250	100.965	101.235	5
2026-05-08 18:55	101.240	101.460	101.155	101.205	5
2026-05-08 19:00	101.235	101.355	101.140	101.320	5
2026-05-08 19:05	101.325	101.335	101.065	101.175	5
2026-05-08 19:10	101.180	101.200	101.047	101.135	5
2026-05-08 19:15	101.147	101.167	101.020	101.075	5
2026-05-08 19:20	101.085	101.135	101.020	101.035	5
2026-05-08 19:25	101.027	101.075	101.005	101.025	5
2026-05-08 19:30	101.035	101.155	101.020	101.030	5
2026-05-08 19:35	101.035	101.065	100.940	100.990	5
2026-05-08 19:40	100.985	100.985	100.497	100.637	5
2026-05-08 19:45	100.617	100.627	100.470	100.587	5
2026-05-08 19:50	100.585	100.627	100.470	100.490	5
2026-05-08 19:55	100.505	100.620	100.435	100.620	5
2026-05-08 20:00	100.630	100.722	100.427	100.432	5
2026-05-08 20:05	100.422	100.592	100.383	100.577	5
2026-05-08 20:10	100.592	100.717	100.587	100.702	5
2026-05-08 20:15	100.707	100.747	100.642	100.672	5
2026-05-08 20:20	100.667	100.692	100.552	100.557	5
2026-05-08 20:25	100.567	100.622	100.552	100.582	5
2026-05-08 20:30	100.602	100.602	100.412	100.427	5
2026-05-08 20:35	100.422	100.427	100.282	100.307	5
2026-05-08 20:40	100.317	100.337	100.227	100.292	5
2026-05-08 20:45	100.282	100.282	100.057	100.102	5
2026-05-08 20:50	100.092	100.402	100.092	100.392	5
2026-05-08 20:55	100.387	100.553	100.357	100.553	5
2026-05-11 00:00	104.853	104.955	104.745	104.767	5
2026-05-11 00:05	104.757	104.757	104.507	104.567	5
2026-05-11 00:10	104.577	104.665	104.535	104.577	5
2026-05-11 00:15	104.577	104.647	104.515	104.585	5
2026-05-11 00:20	104.580	104.620	104.487	104.515	5
2026-05-11 00:25	104.527	104.577	104.487	104.545	5
2026-05-11 00:30	104.550	104.715	104.540	104.685	5
2026-05-11 00:35	104.680	104.720	104.620	104.720	5
2026-05-11 00:40	104.735	104.885	104.697	104.885	5
2026-05-11 00:45	104.877	105.125	104.755	104.980	5
2026-05-11 00:50	104.990	105.490	104.915	105.055	5
2026-05-11 00:55	105.077	105.387	104.913	105.017	5
2026-05-11 01:00	104.968	104.968	104.507	104.607	5
2026-05-11 01:05	104.627	104.687	104.447	104.577	5
2026-05-11 01:10	104.597	104.825	104.547	104.595	5
2026-05-11 01:15	104.587	104.647	104.475	104.590	5
2026-05-11 01:20	104.600	104.655	104.585	104.585	5
2026-05-11 01:25	104.590	104.720	104.585	104.670	5
2026-05-11 01:30	104.675	104.860	104.633	104.820	5
2026-05-11 01:35	104.815	105.095	104.773	105.080	5
2026-05-11 01:40	105.075	105.080	104.815	104.867	5
2026-05-11 01:45	104.875	104.887	104.590	104.665	5
2026-05-11 01:50	104.695	104.735	104.585	104.630	5
2026-05-11 01:55	104.625	104.680	104.585	104.605	5
2026-05-11 02:00	104.615	104.690	104.585	104.625	5
2026-05-11 02:05	104.615	104.665	104.590	104.590	5
2026-05-11 02:10	104.595	104.610	104.445	104.505	5
2026-05-11 02:15	104.515	104.635	104.473	104.625	5
2026-05-11 02:20	104.607	104.677	104.567	104.625	5
2026-05-11 02:25	104.617	104.740	104.617	104.735	5
2026-05-11 02:30	104.725	104.820	104.625	104.767	5
2026-05-11 02:35	104.777	104.850	104.735	104.767	5
2026-05-11 02:40	104.775	105.055	104.765	105.035	5
2026-05-11 02:45	105.027	105.397	104.987	105.220	5
2026-05-11 02:50	105.215	105.255	105.065	105.075	5
2026-05-11 02:55	105.067	105.387	105.067	105.337	5
2026-05-11 03:00	105.367	105.770	105.347	105.577	5
2026-05-11 03:05	105.565	105.565	105.397	105.515	5
2026-05-11 03:10	105.507	105.557	105.433	105.447	5
2026-05-11 03:15	105.437	105.605	105.417	105.547	5
2026-05-11 03:20	105.540	105.585	105.525	105.545	5
2026-05-11 03:25	105.550	105.570	105.490	105.500	5
2026-05-11 03:30	105.490	105.505	105.395	105.475	5
2026-05-11 03:35	105.465	105.490	105.413	105.455	5
2026-05-11 03:40	105.445	105.490	105.410	105.460	5
2026-05-11 03:45	105.445	105.460	105.375	105.435	5
2026-05-11 03:50	105.455	105.587	105.445	105.585	5
2026-05-11 03:55	105.595	105.657	105.595	105.647	5
2026-05-11 04:00	105.645	105.845	105.625	105.785	5
2026-05-11 04:05	105.777	105.855	105.745	105.837	5
2026-05-11 04:10	105.835	105.870	105.785	105.790	5
2026-05-11 04:15	105.795	105.805	105.743	105.743	5
2026-05-11 04:20	105.775	105.775	105.715	105.745	5
2026-05-11 04:25	105.750	105.775	105.690	105.710	5
2026-05-11 04:30	105.705	105.775	105.675	105.765	5
2026-05-11 04:35	105.760	105.767	105.707	105.730	5
2026-05-11 04:40	105.747	105.785	105.735	105.777	5
2026-05-11 04:45	105.787	105.800	105.735	105.745	5
2026-05-11 04:50	105.735	105.835	105.725	105.835	5
2026-05-11 04:55	105.830	105.962	105.790	105.900	5
2026-05-11 05:00	105.895	105.925	105.537	105.545	5
2026-05-11 05:05	105.547	105.657	105.495	105.515	5
2026-05-11 05:10	105.517	105.575	105.335	105.395	5
2026-05-11 05:15	105.397	105.675	105.358	105.625	5
2026-05-11 05:20	105.627	105.627	105.445	105.485	5
2026-05-11 05:25	105.487	105.567	105.427	105.490	5
2026-05-11 05:30	105.495	105.660	105.315	105.315	5
2026-05-11 05:35	105.325	105.435	105.295	105.395	5
2026-05-11 05:40	105.385	105.410	105.285	105.315	5
2026-05-11 05:45	105.367	105.495	105.268	105.445	5
2026-05-11 05:50	105.427	105.427	105.248	105.255	5
2026-05-11 05:55	105.260	105.340	105.260	105.300	5
2026-05-11 06:00	105.305	105.395	105.227	105.255	5
2026-05-11 06:05	105.277	105.310	105.225	105.235	5
2026-05-11 06:10	105.245	105.345	105.220	105.340	5
2026-05-11 06:15	105.315	105.565	105.315	105.505	5
2026-05-11 06:20	105.515	105.600	105.425	105.425	5
2026-05-11 06:25	105.440	105.455	105.280	105.320	5
2026-05-11 06:30	105.310	105.320	104.980	105.160	5
2026-05-11 06:35	105.165	105.230	104.990	105.045	5
2026-05-11 06:40	105.040	105.040	104.575	104.655	5
2026-05-11 06:45	104.680	104.825	104.615	104.705	5
2026-05-11 06:50	104.710	104.710	104.405	104.535	5
2026-05-11 06:55	104.545	104.575	104.375	104.495	5
2026-05-11 07:00	104.485	104.660	104.360	104.445	5
2026-05-11 07:05	104.447	105.015	104.440	104.865	5
2026-05-11 07:10	104.860	104.915	104.585	104.837	5
2026-05-11 07:15	104.835	104.840	104.678	104.755	5
2026-05-11 07:20	104.760	104.845	104.730	104.755	5
2026-05-11 07:25	104.750	104.900	104.730	104.875	5
2026-05-11 07:30	104.870	104.915	104.760	104.840	5
2026-05-11 07:35	104.870	104.970	104.715	104.735	5
2026-05-11 07:40	104.730	104.820	104.678	104.745	5
2026-05-11 07:45	104.740	104.925	104.725	104.880	5
2026-05-11 07:50	104.895	104.975	104.805	104.865	5
2026-05-11 07:55	104.875	104.875	104.405	104.440	5
2026-05-11 08:00	104.425	104.570	104.305	104.365	5
2026-05-11 08:05	104.355	104.375	104.035	104.285	5
2026-05-11 08:10	104.280	104.280	103.435	103.577	5
2026-05-11 08:15	103.585	103.635	103.220	103.425	5
2026-05-11 08:20	103.407	103.850	103.215	103.645	5
2026-05-11 08:25	103.635	103.885	103.560	103.835	5
2026-05-11 08:30	103.885	103.957	103.710	103.770	5
2026-05-11 08:35	103.765	104.065	103.715	104.030	5
2026-05-11 08:40	104.020	104.020	103.853	103.925	5
2026-05-11 08:45	103.920	103.945	103.865	103.875	5
2026-05-11 08:50	103.880	104.040	103.865	103.935	5
2026-05-11 08:55	103.940	103.970	103.758	103.970	5
2026-05-11 09:00	103.928	104.205	103.873	103.950	5
2026-05-11 09:05	103.955	104.025	103.800	103.830	5
2026-05-11 09:10	103.815	103.935	103.715	103.890	5
2026-05-11 09:15	103.885	103.890	103.715	103.765	5
2026-05-11 09:20	103.760	103.800	103.703	103.790	5
2026-05-11 09:25	103.795	103.895	103.795	103.830	5
2026-05-11 09:30	103.845	103.910	103.748	103.825	5
2026-05-11 09:35	103.820	103.835	103.715	103.755	5
2026-05-11 09:40	103.750	103.800	103.598	103.795	5
2026-05-11 09:45	103.790	103.990	103.740	103.940	5
2026-05-11 09:50	103.935	103.940	103.710	103.740	5
2026-05-11 09:55	103.750	104.065	103.750	104.065	5
2026-05-11 10:00	104.048	104.085	103.700	103.885	5
2026-05-11 10:05	103.880	103.965	103.515	103.520	5
2026-05-11 10:10	103.525	103.550	103.310	103.470	5
2026-05-11 10:15	103.500	103.595	103.348	103.430	5
2026-05-11 10:20	103.425	103.440	103.318	103.400	5
2026-05-11 10:25	103.405	103.685	103.363	103.660	5
2026-05-11 10:30	103.655	103.685	103.398	103.505	5
2026-05-11 10:35	103.500	103.700	103.485	103.650	5
2026-05-11 10:40	103.640	103.805	103.615	103.680	5
2026-05-11 10:45	103.675	103.880	103.550	103.650	5
2026-05-11 10:50	103.645	103.800	103.565	103.735	5
2026-05-11 10:55	103.730	103.970	103.730	103.965	5
2026-05-11 11:00	103.990	104.005	103.833	103.970	5
2026-05-11 11:05	103.980	104.005	103.855	103.860	5
2026-05-11 11:10	103.850	103.960	103.810	103.910	5
2026-05-11 11:15	103.905	104.060	103.895	104.035	5
2026-05-11 11:20	104.030	104.035	103.915	104.000	5
2026-05-11 11:25	103.990	104.025	103.900	103.960	5
2026-05-11 11:30	103.965	103.990	103.748	103.800	5
2026-05-11 11:35	103.795	103.930	103.748	103.900	5
2026-05-11 11:40	103.890	103.910	103.738	103.870	5
2026-05-11 11:45	103.860	104.025	103.848	104.010	5
2026-05-11 11:50	104.005	104.425	103.968	104.370	5
2026-05-11 11:55	104.395	104.395	104.205	104.230	5
2026-05-11 12:00	104.218	104.500	104.218	104.405	5
2026-05-11 12:05	104.400	104.455	104.275	104.340	5
2026-05-11 12:10	104.330	104.440	104.305	104.375	5
2026-05-11 12:15	104.370	104.400	104.115	104.220	5
2026-05-11 12:20	104.225	104.230	103.860	103.920	5
2026-05-11 12:25	103.930	104.157	103.610	103.675	5
2026-05-11 12:30	103.700	103.760	102.870	103.415	5
2026-05-11 12:35	103.445	103.755	103.245	103.755	5
2026-05-11 12:40	103.760	103.965	103.663	103.925	5
2026-05-11 12:45	103.935	104.627	103.648	104.137	5
2026-05-11 12:50	104.117	104.385	104.107	104.215	5
2026-05-11 12:55	104.225	104.360	103.890	103.900	5
2026-05-11 13:00	103.868	103.995	103.243	103.325	5
2026-05-11 13:05	103.320	103.370	102.970	103.050	5
2026-05-11 13:10	103.045	103.260	102.950	103.005	5
2026-05-11 13:15	102.995	103.155	102.870	102.945	5
2026-05-11 13:20	102.940	103.065	102.870	102.945	5
2026-05-11 13:25	102.970	103.210	102.870	103.200	5
2026-05-11 13:30	103.167	103.405	103.078	103.385	5
2026-05-11 13:35	103.365	103.555	103.260	103.275	5
2026-05-11 13:40	103.285	103.345	102.968	103.030	5
2026-05-11 13:45	103.040	103.125	102.873	103.010	5
2026-05-11 13:50	103.000	103.015	102.800	102.910	5
2026-05-11 13:55	102.900	103.105	102.810	103.080	5
2026-05-11 14:00	103.115	103.400	103.080	103.390	5
2026-05-11 14:05	103.380	103.450	103.270	103.395	5
2026-05-11 14:10	103.390	103.550	103.348	103.450	5
2026-05-11 14:15	103.420	103.465	103.255	103.255	5
2026-05-11 14:20	103.265	103.430	103.188	103.375	5
2026-05-11 14:25	103.370	103.670	103.305	103.660	5
2026-05-11 14:30	103.665	104.187	103.575	103.825	5
2026-05-11 14:35	103.830	104.000	103.630	103.710	5
2026-05-11 14:40	103.730	103.730	103.445	103.520	5
2026-05-11 14:45	103.515	103.855	103.445	103.705	5
2026-05-11 14:50	103.670	103.785	103.630	103.730	5
2026-05-11 14:55	103.735	103.850	103.730	103.770	5
2026-05-11 15:00	103.728	103.900	103.655	103.895	5
2026-05-11 15:05	103.905	103.950	103.670	103.695	5
2026-05-11 15:10	103.700	103.920	103.630	103.910	5
2026-05-11 15:15	103.920	104.070	103.620	103.705	5
2026-05-11 15:20	103.700	103.735	103.433	103.480	5
2026-05-11 15:25	103.490	103.765	103.440	103.635	5
2026-05-11 15:30	103.593	103.700	103.425	103.580	5
2026-05-11 15:35	103.570	103.915	103.553	103.795	5
2026-05-11 15:40	103.790	104.227	103.730	104.195	5
2026-05-11 15:45	104.185	104.407	104.015	104.065	5
2026-05-11 15:50	104.095	104.260	103.925	103.965	5
2026-05-11 15:55	103.960	104.010	103.827	103.990	5
2026-05-11 16:00	104.000	104.155	103.933	104.070	5
2026-05-11 16:05	104.090	104.290	104.070	104.290	5
2026-05-11 16:10	104.270	104.515	104.260	104.450	5
2026-05-11 16:15	104.430	104.625	104.430	104.600	5
2026-05-11 16:20	104.610	104.770	104.568	104.610	5
2026-05-11 16:25	104.620	104.740	104.585	104.680	5
2026-05-11 16:30	104.695	104.710	104.568	104.650	5
2026-05-11 16:35	104.645	104.880	104.608	104.830	5
2026-05-11 16:40	104.845	105.625	104.778	105.517	5
2026-05-11 16:45	105.535	105.560	105.228	105.290	5
2026-05-11 16:50	105.320	105.450	105.205	105.245	5
2026-05-11 16:55	105.287	105.350	105.050	105.050	5
2026-05-11 17:00	105.055	105.060	104.670	104.870	5
2026-05-11 17:05	104.875	104.970	104.795	104.855	5
2026-05-11 17:10	104.850	104.980	104.808	104.855	5
2026-05-11 17:15	104.860	104.870	104.673	104.760	5
2026-05-11 17:20	104.750	104.770	104.510	104.550	5
2026-05-11 17:25	104.545	104.550	104.350	104.430	5
2026-05-11 17:30	104.435	104.457	104.273	104.320	5
2026-05-11 17:35	104.330	104.420	104.181	104.250	5
2026-05-11 17:40	104.255	104.280	104.088	104.210	5
2026-05-11 17:45	104.200	104.415	104.170	104.410	5
2026-05-11 17:50	104.405	104.520	104.300	104.435	5
2026-05-11 17:55	104.430	104.430	104.278	104.330	5
2026-05-11 18:00	104.325	104.340	103.905	104.040	5
2026-05-11 18:05	104.020	104.140	103.975	104.090	5
2026-05-11 18:10	104.080	104.810	104.025	104.695	5
2026-05-11 18:15	104.685	105.047	104.605	104.865	5
2026-05-11 18:20	104.875	105.020	104.405	104.555	5
2026-05-11 18:25	104.550	104.565	104.040	104.180	5
2026-05-11 18:30	104.185	104.200	104.038	104.140	5
2026-05-11 18:35	104.120	104.345	104.110	104.307	5
2026-05-11 18:40	104.305	104.320	104.178	104.265	5
2026-05-11 18:45	104.270	104.330	104.033	104.095	5
2026-05-11 18:50	104.085	104.240	104.060	104.170	5
2026-05-11 18:55	104.180	104.310	104.165	104.275	5
2026-05-11 19:00	104.270	104.285	104.190	104.240	5
2026-05-11 19:05	104.230	104.260	104.165	104.190	5
2026-05-11 19:10	104.185	104.185	104.070	104.125	5
2026-05-11 19:15	104.140	104.145	104.045	104.115	5
2026-05-11 19:20	104.110	104.180	104.105	104.145	5
2026-05-11 19:25	104.150	104.235	104.120	104.215	5
2026-05-11 19:30	104.235	104.325	104.190	104.255	5
2026-05-11 19:35	104.250	104.255	104.075	104.075	5
2026-05-11 19:40	104.060	104.140	104.043	104.090	5
2026-05-11 19:45	104.100	104.180	104.090	104.175	5
2026-05-11 19:50	104.170	104.260	104.135	104.195	5
2026-05-11 19:55	104.190	104.455	104.140	104.275	5
2026-05-11 20:00	104.240	104.252	104.137	104.217	5
2026-05-11 20:05	104.232	104.262	104.197	104.242	5
2026-05-11 20:10	104.232	104.832	104.227	104.687	5
2026-05-11 20:15	104.682	104.687	104.322	104.507	5
2026-05-11 20:20	104.512	104.542	104.377	104.377	5
2026-05-11 20:25	104.382	104.407	104.192	104.217	5
2026-05-11 20:30	104.252	104.257	104.157	104.202	5
2026-05-11 20:35	104.232	104.272	104.202	104.252	5
2026-05-11 20:40	104.237	104.287	104.232	104.272	5
2026-05-11 20:45	104.282	104.327	104.267	104.312	5
2026-05-11 20:50	104.302	104.452	104.302	104.377	5
2026-05-11 20:55	104.382	104.417	104.248	104.292	5
2026-05-12 00:00	104.283	104.565	104.228	104.537	5
2026-05-12 00:05	104.527	104.527	104.347	104.355	5
2026-05-12 00:10	104.347	104.445	104.340	104.415	5
2026-05-12 00:15	104.417	104.475	104.340	104.375	5
2026-05-12 00:20	104.347	104.667	104.347	104.590	5
2026-05-12 00:25	104.595	104.770	104.595	104.707	5
2026-05-12 00:30	104.697	104.735	104.508	104.725	5
2026-05-12 00:35	104.705	104.840	104.685	104.787	5
2026-05-12 00:40	104.795	104.857	104.777	104.807	5
2026-05-12 00:45	104.815	104.815	104.717	104.765	5
2026-05-12 00:50	104.770	104.840	104.715	104.785	5
2026-05-12 00:55	104.795	104.870	104.697	104.825	5
2026-05-12 01:00	104.845	104.845	104.565	104.677	5
2026-05-12 01:05	104.677	104.677	104.485	104.587	5
2026-05-12 01:10	104.605	104.785	104.555	104.760	5
2026-05-12 01:15	104.795	104.870	104.775	104.805	5
2026-05-12 01:20	104.800	104.875	104.777	104.875	5
2026-05-12 01:25	104.922	105.075	104.828	104.965	5
2026-05-12 01:30	104.977	105.045	104.935	104.957	5
2026-05-12 01:35	104.950	104.970	104.887	104.947	5
2026-05-12 01:40	104.957	105.220	104.903	105.197	5
2026-05-12 01:45	105.195	105.205	104.987	105.005	5
2026-05-12 01:50	105.015	105.105	104.997	105.047	5
2026-05-12 01:55	105.055	105.157	105.047	105.155	5
2026-05-12 02:00	105.118	105.215	105.110	105.215	5
2026-05-12 02:05	105.200	105.315	105.200	105.265	5
2026-05-12 02:10	105.275	105.275	105.090	105.095	5
2026-05-12 02:15	105.090	105.305	105.043	105.305	5
2026-05-12 02:20	105.307	105.315	105.250	105.265	5
2026-05-12 02:25	105.270	105.280	105.165	105.195	5
2026-05-12 02:30	105.205	105.265	105.195	105.255	5
2026-05-12 02:35	105.245	105.295	105.240	105.250	5
2026-05-12 02:40	105.265	105.315	105.255	105.275	5
2026-05-12 02:45	105.270	105.270	105.100	105.117	5
2026-05-12 02:50	105.125	105.165	105.095	105.097	5
2026-05-12 02:55	105.105	105.120	105.030	105.065	5
2026-05-12 03:00	105.087	105.140	105.048	105.135	5
2026-05-12 03:05	105.130	105.160	105.100	105.100	5
2026-05-12 03:10	105.105	105.175	105.095	105.145	5
2026-05-12 03:15	105.115	105.145	105.095	105.100	5
2026-05-12 03:20	105.053	105.115	105.053	105.115	5
2026-05-12 03:25	105.125	105.155	105.110	105.145	5
2026-05-12 03:30	105.130	105.130	105.085	105.090	5
2026-05-12 03:35	105.085	105.085	104.950	104.950	5
2026-05-12 03:40	104.955	105.025	104.950	105.015	5
2026-05-12 03:45	105.025	105.065	105.005	105.025	5
2026-05-12 03:50	105.027	105.180	105.025	105.145	5
2026-05-12 03:55	105.165	105.180	105.145	105.147	5
2026-05-12 04:00	105.145	105.155	105.117	105.125	5
2026-05-12 04:05	105.135	105.135	105.038	105.065	5
2026-05-12 04:10	105.018	105.085	105.018	105.085	5
2026-05-12 04:15	105.077	105.085	104.645	104.835	5
2026-05-12 04:20	104.837	104.945	104.815	104.917	5
2026-05-12 04:25	104.925	104.927	104.855	104.917	5
2026-05-12 04:30	104.925	104.935	104.815	104.815	5
2026-05-12 04:35	104.807	104.807	104.735	104.805	5
2026-05-12 04:40	104.797	104.845	104.777	104.787	5
2026-05-12 04:45	104.797	104.837	104.768	104.815	5
2026-05-12 04:50	104.768	104.860	104.765	104.845	5
2026-05-12 04:55	104.840	104.945	104.813	104.945	5
2026-05-12 05:00	104.957	104.957	104.717	104.725	5
2026-05-12 05:05	104.715	104.855	104.675	104.815	5
2026-05-12 05:10	104.825	104.905	104.797	104.875	5
2026-05-12 05:15	104.885	104.915	104.865	104.890	5
2026-05-12 05:20	104.870	104.907	104.825	104.825	5
2026-05-12 05:25	104.778	104.847	104.775	104.840	5
2026-05-12 05:30	104.827	104.845	104.730	104.815	5
2026-05-12 05:35	104.817	104.965	104.767	104.940	5
2026-05-12 05:40	104.965	105.070	104.965	105.045	5
2026-05-12 05:45	105.055	105.100	104.957	105.095	5
2026-05-12 05:50	105.090	105.335	105.090	105.305	5
2026-05-12 05:55	105.295	105.295	105.045	105.085	5
2026-05-12 06:00	105.087	105.265	105.065	105.235	5
2026-05-12 06:05	105.250	105.615	105.207	105.567	5
2026-05-12 06:10	105.565	105.575	105.447	105.490	5
2026-05-12 06:15	105.470	105.475	105.330	105.395	5
2026-05-12 06:20	105.400	105.450	105.310	105.385	5
2026-05-12 06:25	105.395	105.430	105.365	105.395	5
2026-05-12 06:30	105.400	105.535	105.335	105.510	5
2026-05-12 06:35	105.500	106.055	105.470	105.895	5
2026-05-12 06:40	105.890	106.005	105.750	105.760	5
2026-05-12 06:45	105.755	106.005	105.728	106.005	5
2026-05-12 06:50	105.975	106.575	105.970	106.470	5
2026-05-12 06:55	106.460	106.515	106.335	106.360	5
2026-05-12 07:00	106.408	106.470	106.227	106.310	5
2026-05-12 07:05	106.290	106.525	106.260	106.270	5
2026-05-12 07:10	106.280	106.450	106.018	106.340	5
2026-05-12 07:15	106.335	106.460	106.153	106.215	5
2026-05-12 07:20	106.173	106.290	106.075	106.180	5
2026-05-12 07:25	106.190	106.275	106.125	106.145	5
2026-05-12 07:30	106.130	106.390	106.058	106.185	5
2026-05-12 07:35	106.205	106.365	106.100	106.265	5
2026-05-12 07:40	106.270	106.365	106.195	106.325	5
2026-05-12 07:45	106.315	106.407	106.195	106.235	5
2026-05-12 07:50	106.225	106.425	106.130	106.355	5
2026-05-12 07:55	106.365	106.470	106.293	106.455	5
2026-05-12 08:00	106.388	106.875	106.388	106.750	5
2026-05-12 08:05	106.755	106.855	106.688	106.815	5
2026-05-12 08:10	106.820	106.965	106.770	106.935	5
2026-05-12 08:15	106.945	107.265	106.930	107.075	5
2026-05-12 08:20	107.070	107.070	106.565	106.715	5
2026-05-12 08:25	106.720	107.035	106.657	107.010	5
2026-05-12 08:30	106.960	106.970	106.660	106.780	5
2026-05-12 08:35	106.827	106.965	106.770	106.805	5
2026-05-12 08:40	106.810	107.100	106.805	106.980	5
2026-05-12 08:45	106.970	106.975	106.683	106.785	5
2026-05-12 08:50	106.780	106.785	106.613	106.755	5
2026-05-12 08:55	106.750	106.785	106.620	106.700	5
2026-05-12 09:00	106.705	106.900	106.660	106.890	5
2026-05-12 09:05	106.880	107.225	106.805	107.120	5
2026-05-12 09:10	107.130	107.310	107.050	107.145	5
2026-05-12 09:15	107.140	107.545	107.078	107.490	5
2026-05-12 09:20	107.495	107.570	107.305	107.350	5
2026-05-12 09:25	107.360	107.475	107.305	107.315	5
2026-05-12 09:30	107.310	107.325	106.718	107.057	5
2026-05-12 09:35	107.040	107.360	106.988	107.143	5
2026-05-12 09:40	107.190	107.275	107.108	107.240	5
2026-05-12 09:45	107.235	107.235	107.090	107.155	5
2026-05-12 09:50	107.160	107.240	107.085	107.170	5
2026-05-12 09:55	107.180	107.210	107.110	107.120	5
2026-05-12 10:00	107.078	107.170	106.953	107.060	5
2026-05-12 10:05	107.055	107.125	106.958	107.050	5
2026-05-12 10:10	107.055	107.150	106.890	107.100	5
2026-05-12 10:15	107.105	107.370	107.048	107.340	5
2026-05-12 10:20	107.325	107.355	107.107	107.250	5
2026-05-12 10:25	107.230	107.330	107.170	107.215	5
2026-05-12 10:30	107.210	107.485	107.190	107.430	5
2026-05-12 10:35	107.435	107.695	107.370	107.665	5
2026-05-12 10:40	107.660	107.715	107.600	107.655	5
2026-05-12 10:45	107.660	107.920	107.608	107.815	5
2026-05-12 10:50	107.825	108.025	107.808	107.980	5
2026-05-12 10:55	107.975	107.975	107.708	107.785	5
2026-05-12 11:00	107.793	108.205	107.748	108.010	5
2026-05-12 11:05	108.020	108.130	107.640	107.645	5
2026-05-12 11:10	107.660	107.727	107.358	107.605	5
2026-05-12 11:15	107.587	107.605	107.325	107.345	5
2026-05-12 11:20	107.340	107.485	107.293	107.420	5
2026-05-12 11:25	107.430	107.455	107.340	107.370	5
2026-05-12 11:30	107.375	107.600	107.258	107.570	5
2026-05-12 11:35	107.565	107.620	107.405	107.425	5
2026-05-12 11:40	107.420	107.530	107.385	107.500	5
2026-05-12 11:45	107.490	107.610	107.470	107.580	5
2026-05-12 11:50	107.585	107.655	107.470	107.580	5
2026-05-12 11:55	107.585	107.595	107.490	107.495	5
2026-05-12 12:00	107.520	107.655	107.418	107.530	5
2026-05-12 12:05	107.525	107.740	107.348	107.720	5
2026-05-12 12:10	107.725	107.750	107.580	107.655	5
2026-05-12 12:15	107.660	107.870	107.605	107.800	5
2026-05-12 12:20	107.810	108.070	107.785	108.070	5
2026-05-12 12:25	108.065	108.080	107.775	107.867	5
2026-05-12 12:30	107.877	107.930	107.738	107.830	5
2026-05-12 12:35	107.820	107.915	107.525	107.625	5
2026-05-12 12:40	107.615	107.680	107.500	107.645	5
2026-05-12 12:45	107.650	107.650	107.433	107.510	5
2026-05-12 12:50	107.520	107.540	107.040	107.240	5
2026-05-12 12:55	107.245	107.290	107.100	107.185	5
2026-05-12 13:00	107.143	107.625	107.098	107.565	5
2026-05-12 13:05	107.560	107.750	107.435	107.575	5
2026-05-12 13:10	107.585	107.685	107.510	107.550	5
2026-05-12 13:15	107.555	107.630	107.480	107.560	5
2026-05-12 13:20	107.555	107.745	107.508	107.720	5
2026-05-12 13:25	107.715	107.975	107.655	107.975	5
2026-05-12 13:30	107.998	108.177	107.853	107.980	5
2026-05-12 13:35	108.005	108.295	107.848	107.895	5
2026-05-12 13:40	107.890	107.950	107.700	107.860	5
2026-05-12 13:45	107.885	108.015	107.785	107.960	5
2026-05-12 13:50	107.938	108.085	107.888	108.020	5
2026-05-12 13:55	108.025	108.070	107.920	107.995	5
2026-05-12 14:00	107.943	108.015	107.728	107.815	5
2026-05-12 14:05	107.810	107.900	107.720	107.815	5
2026-05-12 14:10	107.820	107.910	107.620	107.690	5
2026-05-12 14:15	107.685	107.840	107.630	107.720	5
2026-05-12 14:20	107.715	107.845	107.588	107.785	5
2026-05-12 14:25	107.775	107.960	107.705	107.930	5
2026-05-12 14:30	107.940	108.090	107.798	107.808	5
2026-05-12 14:35	107.803	107.910	107.730	107.755	5
2026-05-12 14:40	107.745	107.785	107.467	107.505	5
2026-05-12 14:45	107.468	107.740	107.450	107.740	5
2026-05-12 14:50	107.745	107.930	107.668	107.860	5
2026-05-12 14:55	107.875	108.020	107.845	107.920	5
2026-05-12 15:00	107.925	108.190	107.890	108.100	5
2026-05-12 15:05	108.105	108.290	107.870	107.870	5
2026-05-12 15:10	107.875	108.030	107.820	108.020	5
2026-05-12 15:15	108.025	108.125	107.928	108.000	5
2026-05-12 15:20	107.995	108.385	107.995	108.380	5
2026-05-12 15:25	108.370	108.415	108.075	108.090	5
2026-05-12 15:30	108.120	108.130	107.600	107.650	5
2026-05-12 15:35	107.660	107.845	107.565	107.670	5
2026-05-12 15:40	107.680	107.680	107.358	107.420	5
2026-05-12 15:45	107.400	107.590	107.275	107.520	5
2026-05-12 15:50	107.525	107.715	107.505	107.535	5
2026-05-12 15:55	107.550	107.680	107.513	107.650	5
2026-05-12 16:00	107.640	107.810	107.590	107.590	5
2026-05-12 16:05	107.595	107.740	107.558	107.700	5
2026-05-12 16:10	107.690	107.705	107.370	107.395	5
2026-05-12 16:15	107.400	107.500	107.303	107.430	5
2026-05-12 16:20	107.420	107.660	107.420	107.600	5
2026-05-12 16:25	107.610	107.775	107.610	107.655	5
2026-05-12 16:30	107.680	107.770	107.590	107.700	5
2026-05-12 16:35	107.680	107.720	107.625	107.630	5
2026-05-12 16:40	107.635	107.775	107.595	107.750	5
2026-05-12 16:45	107.740	107.750	107.585	107.610	5
2026-05-12 16:50	107.615	107.695	107.448	107.510	5
2026-05-12 16:55	107.505	107.530	107.318	107.380	5
2026-05-12 17:00	107.370	107.375	107.155	107.240	5
2026-05-12 17:05	107.230	107.260	107.103	107.200	5
2026-05-12 17:10	107.195	107.370	107.150	107.330	5
2026-05-12 17:15	107.320	107.365	107.150	107.165	5
2026-05-12 17:20	107.170	107.320	107.140	107.250	5
2026-05-12 17:25	107.245	107.260	107.135	107.195	5
2026-05-12 17:30	107.190	107.310	107.165	107.265	5
2026-05-12 17:35	107.260	107.280	107.100	107.160	5
2026-05-12 17:40	107.150	107.380	107.130	107.320	5
2026-05-12 17:45	107.325	107.510	107.308	107.410	5
2026-05-12 17:50	107.395	107.430	107.145	107.170	5
2026-05-12 17:55	107.175	107.435	107.175	107.390	5
2026-05-12 18:00	107.367	107.705	107.210	107.487	5
2026-05-12 18:05	107.500	107.735	107.425	107.665	5
2026-05-12 18:10	107.660	108.170	107.630	107.880	5
2026-05-12 18:15	107.875	107.905	107.750	107.850	5
2026-05-12 18:20	107.860	107.915	107.660	107.690	5
2026-05-12 18:25	107.680	107.940	107.473	107.905	5
2026-05-12 18:30	107.900	108.127	107.860	108.000	5
2026-05-12 18:35	108.010	108.030	107.880	108.000	5
2026-05-12 18:40	107.990	108.065	107.955	108.015	5
2026-05-12 18:45	108.010	108.175	108.005	108.030	5
2026-05-12 18:50	108.040	108.125	107.985	107.985	5
2026-05-12 18:55	108.000	108.010	107.950	107.990	5
2026-05-12 19:00	107.995	107.995	107.818	107.850	5
2026-05-12 19:05	107.860	107.940	107.850	107.905	5
2026-05-12 19:10	107.900	107.910	107.640	107.685	5
2026-05-12 19:15	107.680	107.760	107.640	107.740	5
2026-05-12 19:20	107.750	107.870	107.743	107.750	5
2026-05-12 19:25	107.755	107.760	107.693	107.710	5
2026-05-12 19:30	107.705	107.730	107.630	107.630	5
2026-05-12 19:35	107.640	107.755	107.640	107.750	5
2026-05-12 19:40	107.745	107.825	107.718	107.760	5
2026-05-12 19:45	107.750	107.780	107.690	107.700	5
2026-05-12 19:50	107.680	107.860	107.680	107.840	5
2026-05-12 19:55	107.835	107.910	107.800	107.810	5
2026-05-12 20:00	107.768	107.815	107.767	107.767	5
2026-05-12 20:05	107.762	107.802	107.757	107.777	5
2026-05-12 20:10	107.767	107.847	107.757	107.837	5
2026-05-12 20:15	107.832	107.837	107.782	107.787	5
2026-05-12 20:20	107.777	107.802	107.617	107.632	5
2026-05-12 20:25	107.637	107.697	107.637	107.677	5
2026-05-12 20:30	107.667	107.712	107.587	107.632	5
2026-05-12 20:35	107.637	107.682	107.557	107.562	5
2026-05-12 20:40	107.567	107.577	107.517	107.527	5
2026-05-12 20:45	107.532	107.532	107.427	107.482	5
2026-05-12 20:50	107.477	107.482	107.272	107.347	5
2026-05-12 20:55	107.342	107.482	107.342	107.412	5
2026-05-13 00:00	107.363	107.385	107.170	107.205	5
2026-05-13 00:05	107.210	107.445	107.048	107.325	5
2026-05-13 00:10	107.330	107.360	107.295	107.305	5
2026-05-13 00:15	107.310	107.445	107.131	107.145	5
2026-05-13 00:20	107.135	107.225	107.067	107.135	5
2026-05-13 00:25	107.115	107.165	107.015	107.035	5
2026-05-13 00:30	107.040	107.155	107.028	107.130	5
2026-05-13 00:35	107.135	107.250	106.688	106.797	5
2026-05-13 00:40	106.797	106.885	106.625	106.865	5
2026-05-13 00:45	106.867	107.025	106.865	106.970	5
2026-05-13 00:50	106.935	106.975	106.890	106.970	5
2026-05-13 00:55	106.960	106.965	106.865	106.865	5
2026-05-13 01:00	106.875	106.935	106.700	106.740	5
2026-05-13 01:05	106.745	106.895	106.725	106.865	5
2026-05-13 01:10	106.855	106.855	106.670	106.767	5
2026-05-13 01:15	106.765	106.855	106.700	106.725	5
2026-05-13 01:20	106.735	106.845	106.735	106.785	5
2026-05-13 01:25	106.787	106.855	106.763	106.825	5
2026-05-13 01:30	106.817	106.905	106.800	106.865	5
2026-05-13 01:35	106.857	107.050	106.850	106.997	5
2026-05-13 01:40	106.995	107.115	106.950	107.077	5
2026-05-13 01:45	107.085	107.110	106.995	107.007	5
2026-05-13 01:50	107.015	107.050	106.955	106.965	5
2026-05-13 01:55	106.980	107.107	106.943	107.057	5
2026-05-13 02:00	107.065	107.167	107.010	107.025	5
2026-05-13 02:05	107.035	107.110	107.000	107.075	5
2026-05-13 02:10	107.080	107.080	106.963	107.040	5
2026-05-13 02:15	107.045	107.055	107.025	107.030	5
2026-05-13 02:20	107.025	107.040	106.995	107.015	5
2026-05-13 02:25	107.025	107.070	107.005	107.050	5
2026-05-13 02:30	107.060	107.075	107.030	107.045	5
2026-05-13 02:35	107.047	107.160	107.035	107.035	5
2026-05-13 02:40	107.025	107.090	107.025	107.055	5
2026-05-13 02:45	107.065	107.065	106.810	106.830	5
2026-05-13 02:50	106.820	106.860	106.735	106.790	5
2026-05-13 02:55	106.785	106.790	106.290	106.547	5
2026-05-13 03:00	106.547	106.725	106.455	106.717	5
2026-05-13 03:05	106.707	106.725	106.655	106.680	5
2026-05-13 03:10	106.685	106.717	106.357	106.427	5
2026-05-13 03:15	106.435	106.590	106.397	106.545	5
2026-05-13 03:20	106.527	106.587	106.427	106.535	5
2026-05-13 03:25	106.495	106.605	106.460	106.595	5
2026-05-13 03:30	106.620	106.675	106.475	106.515	5
2026-05-13 03:35	106.520	106.520	106.343	106.450	5
2026-05-13 03:40	106.460	106.515	106.428	106.490	5
2026-05-13 03:45	106.485	106.565	106.433	106.530	5
2026-05-13 03:50	106.535	106.585	106.515	106.575	5
2026-05-13 03:55	106.580	106.645	106.567	106.585	5
2026-05-13 04:00	106.580	106.580	106.450	106.480	5
2026-05-13 04:05	106.485	106.565	106.458	106.547	5
2026-05-13 04:10	106.545	106.547	106.415	106.480	5
2026-05-13 04:15	106.490	106.535	106.475	106.495	5
2026-05-13 04:20	106.505	106.507	106.390	106.427	5
2026-05-13 04:25	106.420	106.445	106.395	106.415	5
2026-05-13 04:30	106.417	106.475	106.395	106.415	5
2026-05-13 04:35	106.425	106.477	106.395	106.407	5
2026-05-13 04:40	106.417	106.455	106.385	106.415	5
2026-05-13 04:45	106.430	106.440	106.295	106.315	5
2026-05-13 04:50	106.310	106.405	106.180	106.330	5
2026-05-13 04:55	106.335	106.395	106.245	106.277	5
2026-05-13 05:00	106.275	106.275	106.195	106.215	5
2026-05-13 05:05	106.210	106.297	106.210	106.285	5
2026-05-13 05:10	106.290	106.445	106.248	106.435	5
2026-05-13 05:15	106.440	106.445	106.325	106.377	5
2026-05-13 05:20	106.375	106.435	106.280	106.290	5
2026-05-13 05:25	106.295	106.295	106.190	106.275	5
2026-05-13 05:30	106.265	106.300	106.160	106.235	5
2026-05-13 05:35	106.245	106.275	106.195	106.265	5
2026-05-13 05:40	106.245	106.355	106.203	106.290	5
2026-05-13 05:45	106.285	106.290	106.098	106.265	5
2026-05-13 05:50	106.260	106.305	106.158	106.257	5
2026-05-13 05:55	106.247	106.267	106.098	106.195	5
2026-05-13 06:00	106.215	106.380	106.103	106.310	5
2026-05-13 06:05	106.305	106.595	106.255	106.590	5
2026-05-13 06:10	106.585	106.620	106.403	106.485	5
2026-05-13 06:15	106.475	106.475	106.125	106.275	5
2026-05-13 06:20	106.280	106.475	106.253	106.370	5
2026-05-13 06:25	106.355	106.370	106.210	106.265	5
2026-05-13 06:30	106.275	106.465	106.260	106.385	5
2026-05-13 06:35	106.390	106.510	106.300	106.375	5
2026-05-13 06:40	106.370	106.470	106.350	106.445	5
2026-05-13 06:45	106.440	106.570	106.440	106.515	5
2026-05-13 06:50	106.520	106.630	106.515	106.565	5
2026-05-13 06:55	106.570	106.610	106.470	106.490	5
2026-05-13 07:00	106.448	106.635	106.345	106.630	5
2026-05-13 07:05	106.635	106.735	106.475	106.670	5
2026-05-13 07:10	106.655	106.885	106.595	106.645	5
2026-05-13 07:15	106.650	106.660	106.248	106.365	5
2026-05-13 07:20	106.370	106.495	106.320	106.465	5
2026-05-13 07:25	106.455	106.525	106.230	106.355	5
2026-05-13 07:30	106.350	106.460	106.300	106.460	5
2026-05-13 07:35	106.470	106.575	106.335	106.490	5
2026-05-13 07:40	106.500	106.630	106.435	106.610	5
2026-05-13 07:45	106.605	106.695	106.558	106.605	5
2026-05-13 07:50	106.610	106.820	106.518	106.775	5
2026-05-13 07:55	106.765	106.920	106.735	106.840	5
2026-05-13 08:00	106.807	106.950	106.680	106.910	5
2026-05-13 08:05	106.868	107.060	106.763	106.910	5
2026-05-13 08:10	106.905	106.975	106.838	106.880	5
2026-05-13 08:15	106.875	107.190	106.870	107.160	5
2026-05-13 08:20	107.165	107.185	106.823	106.910	5
2026-05-13 08:25	106.915	107.000	106.818	106.880	5
2026-05-13 08:30	106.870	106.950	106.808	106.870	5
2026-05-13 08:35	106.880	107.185	106.865	107.150	5
2026-05-13 08:40	107.155	107.460	107.100	107.395	5
2026-05-13 08:45	107.390	107.390	107.210	107.220	5
2026-05-13 08:50	107.225	107.505	107.215	107.435	5
2026-05-13 08:55	107.430	107.440	107.198	107.335	5
2026-05-13 09:00	107.330	107.605	107.270	107.390	5
2026-05-13 09:05	107.400	107.660	107.318	107.650	5
2026-05-13 09:10	107.625	107.760	107.545	107.680	5
2026-05-13 09:15	107.670	107.685	107.505	107.630	5
2026-05-13 09:20	107.615	107.635	107.395	107.395	5
2026-05-13 09:25	107.390	107.460	107.180	107.295	5
2026-05-13 09:30	107.300	107.430	107.183	107.420	5
2026-05-13 09:35	107.425	107.435	107.278	107.305	5
2026-05-13 09:40	107.310	107.490	107.305	107.415	5
2026-05-13 09:45	107.410	107.470	107.368	107.380	5
2026-05-13 09:50	107.350	107.410	107.085	107.120	5
2026-05-13 09:55	107.115	107.170	107.055	107.170	5
2026-05-13 10:00	107.128	107.265	107.128	107.190	5
2026-05-13 10:05	107.200	107.280	107.180	107.215	5
2026-05-13 10:10	107.210	107.450	107.163	107.405	5
2026-05-13 10:15	107.395	107.545	107.395	107.520	5
2026-05-13 10:20	107.515	107.685	107.378	107.640	5
2026-05-13 10:25	107.635	107.880	107.585	107.875	5
2026-05-13 10:30	107.890	108.170	107.855	108.090	5
2026-05-13 10:35	108.100	108.105	107.968	108.020	5
2026-05-13 10:40	108.025	108.055	107.908	107.915	5
2026-05-13 10:45	107.910	108.035	107.795	108.025	5
2026-05-13 10:50	108.030	108.050	107.895	108.005	5
2026-05-13 10:55	108.020	108.165	107.873	108.130	5
2026-05-13 11:00	108.115	108.200	107.935	108.150	5
2026-05-13 11:05	108.160	108.250	108.028	108.028	5
2026-05-13 11:10	108.075	108.130	108.013	108.030	5
2026-05-13 11:15	108.035	108.050	107.825	107.830	5
2026-05-13 11:20	107.820	108.060	107.810	108.000	5
2026-05-13 11:25	108.005	108.005	107.917	107.925	5
2026-05-13 11:30	107.930	107.970	107.498	107.580	5
2026-05-13 11:35	107.570	107.685	107.523	107.590	5
2026-05-13 11:40	107.600	107.745	107.600	107.635	5
2026-05-13 11:45	107.645	107.675	107.590	107.635	5
2026-05-13 11:50	107.630	107.670	107.500	107.550	5
2026-05-13 11:55	107.545	107.560	107.433	107.495	5
2026-05-13 12:00	107.500	107.565	107.383	107.390	5
2026-05-13 12:05	107.385	107.450	107.223	107.330	5
2026-05-13 12:10	107.335	107.485	107.308	107.380	5
2026-05-13 12:15	107.390	107.475	107.293	107.455	5
2026-05-13 12:20	107.418	107.610	107.418	107.510	5
2026-05-13 12:25	107.525	107.645	107.483	107.610	5
2026-05-13 12:30	107.620	107.725	107.583	107.720	5
2026-05-13 12:35	107.700	107.970	107.645	107.870	5
2026-05-13 12:40	107.895	108.095	107.840	107.930	5
2026-05-13 12:45	107.925	107.985	107.800	107.845	5
2026-05-13 12:50	107.850	107.880	107.778	107.820	5
2026-05-13 12:55	107.830	107.845	107.575	107.615	5
2026-05-13 13:00	107.573	107.573	107.365	107.410	5
2026-05-13 13:05	107.395	107.440	107.253	107.395	5
2026-05-13 13:10	107.400	107.470	107.375	107.425	5
2026-05-13 13:15	107.430	107.610	107.428	107.555	5
2026-05-13 13:20	107.550	107.605	107.410	107.500	5
2026-05-13 13:25	107.490	107.620	107.460	107.525	5
2026-05-13 13:30	107.530	107.540	107.165	107.210	5
2026-05-13 13:35	107.240	107.460	107.203	107.340	5
2026-05-13 13:40	107.350	107.450	107.170	107.180	5
2026-05-13 13:45	107.198	107.360	107.140	107.320	5
2026-05-13 13:50	107.315	107.350	107.200	107.300	5
2026-05-13 13:55	107.268	107.320	107.258	107.295	1
2026-05-13 14:00	107.577	107.815	107.518	107.720	5
2026-05-13 14:05	107.715	108.175	107.710	108.175	5
2026-05-13 14:10	108.170	108.170	107.825	107.875	5
2026-05-13 14:15	107.860	107.980	107.808	107.920	5
2026-05-13 14:20	107.935	108.040	107.850	108.040	5
2026-05-13 14:25	108.045	108.090	107.975	108.065	5
2026-05-13 14:30	108.055	108.182	107.940	108.000	5
2026-05-13 14:35	108.005	108.075	107.863	107.920	5
2026-05-13 14:40	107.900	107.910	107.543	107.640	5
2026-05-13 14:45	107.645	107.670	107.423	107.430	5
2026-05-13 14:50	107.440	107.500	107.238	107.340	5
2026-05-13 14:55	107.350	107.720	107.178	107.700	5
2026-05-13 15:00	107.750	107.820	107.498	107.640	5
2026-05-13 15:05	107.620	107.710	107.263	107.390	5
2026-05-13 15:10	107.380	107.440	107.135	107.370	5
2026-05-13 15:15	107.365	107.515	107.295	107.430	5
2026-05-13 15:20	107.420	107.485	107.195	107.310	5
2026-05-13 15:25	107.330	107.360	107.053	107.110	5
2026-05-13 15:30	107.115	107.260	106.670	106.755	5
2026-05-13 15:35	106.750	106.890	106.670	106.680	5
2026-05-13 15:40	106.670	106.785	106.397	106.710	5
2026-05-13 15:45	106.720	106.910	106.710	106.790	5
2026-05-13 15:50	106.770	106.830	106.595	106.630	5
2026-05-13 15:55	106.625	106.735	106.578	106.700	5
2026-05-13 16:00	106.678	106.725	106.518	106.550	5
2026-05-13 16:05	106.555	106.590	106.103	106.300	5
2026-05-13 16:10	106.310	106.520	106.258	106.410	5
2026-05-13 16:15	106.415	106.440	106.120	106.150	5
2026-05-13 16:20	106.160	106.290	105.588	105.865	5
2026-05-13 16:25	105.870	105.920	105.660	105.920	5
2026-05-13 16:30	105.930	106.200	105.810	106.070	5
2026-05-13 16:35	106.085	106.260	105.988	106.075	5
2026-05-13 16:40	106.080	106.220	106.070	106.095	5
2026-05-13 16:45	106.100	106.240	106.068	106.180	5
2026-05-13 16:50	106.175	106.240	106.095	106.200	5
2026-05-13 16:55	106.235	106.410	106.158	106.315	5
2026-05-13 17:00	106.280	106.420	106.250	106.405	5
2026-05-13 17:05	106.410	106.430	106.138	106.255	5
2026-05-13 17:10	106.260	106.360	106.168	106.270	5
2026-05-13 17:15	106.280	106.340	106.200	106.270	5
2026-05-13 17:20	106.265	106.330	106.215	106.250	5
2026-05-13 17:25	106.255	106.275	106.118	106.155	5
2026-05-13 17:30	106.165	106.165	105.938	105.970	5
2026-05-13 17:35	105.980	106.130	105.975	106.090	5
2026-05-13 17:40	106.085	106.155	106.070	106.150	5
2026-05-13 17:45	106.140	106.150	105.995	106.025	5
2026-05-13 17:50	106.030	106.040	105.815	105.915	5
2026-05-13 17:55	105.920	105.970	105.848	105.920	5
2026-05-13 18:00	105.910	105.910	105.655	105.760	5
2026-05-13 18:05	105.765	105.970	105.755	105.950	5
2026-05-13 18:10	105.955	105.990	105.785	105.820	5
2026-05-13 18:15	105.840	105.870	105.705	105.705	5
2026-05-13 18:20	105.710	105.890	105.660	105.870	5
2026-05-13 18:25	105.875	105.950	105.518	105.595	5
2026-05-13 18:30	105.620	105.675	105.465	105.585	5
2026-05-13 18:35	105.580	105.725	105.580	105.630	5
2026-05-13 18:40	105.610	105.630	105.540	105.630	5
2026-05-13 18:45	105.640	105.730	105.585	105.720	5
2026-05-13 18:50	105.725	105.740	105.467	105.500	5
2026-05-13 18:55	105.505	105.680	105.483	105.670	5
2026-05-13 19:00	105.675	105.730	105.603	105.705	5
2026-05-13 19:05	105.715	105.760	105.640	105.665	5
2026-05-13 19:10	105.660	105.695	105.625	105.650	5
2026-05-13 19:15	105.655	105.740	105.650	105.700	5
2026-05-13 19:20	105.705	105.815	105.658	105.810	5
2026-05-13 19:25	105.815	105.825	105.725	105.770	5
2026-05-13 19:30	105.765	105.880	105.730	105.860	5
2026-05-13 19:35	105.870	105.930	105.820	105.860	5
2026-05-13 19:40	105.865	105.870	105.765	105.790	5
2026-05-13 19:45	105.800	105.855	105.760	105.840	5
2026-05-13 19:50	105.870	105.880	105.758	105.810	5
2026-05-13 19:55	105.815	105.850	105.800	105.840	5
2026-05-13 20:00	105.845	106.022	105.807	105.857	5
2026-05-13 20:05	105.852	105.882	105.732	105.802	5
2026-05-13 20:10	105.812	105.812	105.707	105.732	5
2026-05-13 20:15	105.722	105.837	105.712	105.772	5
2026-05-13 20:20	105.762	105.772	105.707	105.732	5
2026-05-13 20:25	105.727	105.752	105.687	105.727	5
2026-05-13 20:30	105.722	105.737	105.597	105.602	5
2026-05-13 20:35	105.607	105.622	105.487	105.507	5
2026-05-13 20:40	105.512	105.537	105.307	105.307	5
2026-05-13 20:45	105.292	105.397	105.277	105.382	5
2026-05-13 20:50	105.372	105.407	105.307	105.372	5
2026-05-13 20:55	105.382	105.647	105.382	105.562	5
2026-05-14 00:00	105.533	105.825	105.485	105.825	5
2026-05-14 00:05	105.778	105.778	105.697	105.755	5
2026-05-14 00:10	105.750	105.820	105.703	105.797	5
2026-05-14 00:15	105.795	105.807	105.640	105.705	5
2026-05-14 00:20	105.700	105.880	105.667	105.765	5
2026-05-14 00:25	105.755	105.765	105.635	105.697	5
2026-05-14 00:30	105.695	105.835	105.665	105.807	5
2026-05-14 00:35	105.797	105.857	105.780	105.787	5
2026-05-14 00:40	105.785	105.787	105.697	105.705	5
2026-05-14 00:45	105.697	105.715	105.675	105.695	5
2026-05-14 00:50	105.690	105.720	105.680	105.700	5
2026-05-14 00:55	105.690	105.690	105.567	105.655	5
2026-05-14 01:00	105.650	106.145	105.627	105.995	5
2026-05-14 01:05	105.980	106.075	105.907	105.940	5
2026-05-14 01:10	105.917	105.937	105.525	105.615	5
2026-05-14 01:15	105.607	105.717	105.540	105.697	5
2026-05-14 01:20	105.687	105.835	105.657	105.757	5
2026-05-14 01:25	105.765	105.807	105.627	105.647	5
2026-05-14 01:30	105.655	105.717	105.490	105.490	5
2026-05-14 01:35	105.495	105.545	105.395	105.450	5
2026-05-14 01:40	105.445	105.450	105.260	105.280	5
2026-05-14 01:45	105.275	105.510	105.260	105.495	5
2026-05-14 01:50	105.477	105.515	105.427	105.485	5
2026-05-14 01:55	105.487	105.677	105.457	105.635	5
2026-05-14 02:00	105.637	105.695	105.525	105.530	5
2026-05-14 02:05	105.525	105.605	105.497	105.547	5
2026-05-14 02:10	105.537	105.655	105.525	105.637	5
2026-05-14 02:15	105.627	105.870	105.625	105.757	5
2026-05-14 02:20	105.747	105.800	105.707	105.777	5
2026-05-14 02:25	105.767	105.790	105.717	105.735	5
2026-05-14 02:30	105.755	105.875	105.697	105.855	5
2026-05-14 02:35	105.845	105.865	105.775	105.807	5
2026-05-14 02:40	105.797	105.845	105.748	105.805	5
2026-05-14 02:45	105.797	105.880	105.768	105.855	5
2026-05-14 02:50	105.857	106.025	105.855	106.005	5
2026-05-14 02:55	106.037	106.095	105.980	106.065	5
2026-05-14 03:00	106.045	106.065	105.970	105.985	5
2026-05-14 03:05	105.990	106.070	105.975	106.010	5
2026-05-14 03:10	106.005	106.010	105.870	105.950	5
2026-05-14 03:15	105.955	105.955	105.790	105.825	5
2026-05-14 03:20	105.815	105.857	105.755	105.845	5
2026-05-14 03:25	105.837	105.845	105.787	105.817	5
2026-05-14 03:30	105.825	106.125	105.825	106.005	5
2026-05-14 03:35	105.995	106.055	105.985	106.050	5
2026-05-14 03:40	106.077	106.077	106.007	106.035	5
2026-05-14 03:45	106.045	106.170	106.005	106.115	5
2026-05-14 03:50	106.105	106.110	105.945	105.955	5
2026-05-14 03:55	105.950	105.975	105.870	105.920	5
2026-05-14 04:00	105.915	106.020	105.900	106.005	5
2026-05-14 04:05	106.015	106.037	105.928	105.975	5
2026-05-14 04:10	105.967	106.055	105.955	106.045	5
2026-05-14 04:15	106.055	106.070	106.015	106.035	5
2026-05-14 04:20	106.025	106.035	105.923	105.965	5
2026-05-14 04:25	105.960	105.985	105.955	105.965	5
2026-05-14 04:30	105.967	106.075	105.967	106.025	5
2026-05-14 04:35	106.020	106.045	105.995	106.025	5
2026-05-14 04:40	106.020	106.045	106.005	106.015	5
2026-05-14 04:45	106.005	106.025	105.938	106.025	5
2026-05-14 04:50	106.027	106.060	105.917	105.945	5
2026-05-14 04:55	105.935	106.017	105.935	105.970	5
2026-05-14 05:00	106.000	106.175	105.980	106.110	5
2026-05-14 05:05	106.105	106.307	106.045	106.210	5
2026-05-14 05:10	106.245	106.255	106.125	106.155	5
2026-05-14 05:15	106.135	106.207	106.125	106.175	5
2026-05-14 05:20	106.140	106.145	106.115	106.127	5
2026-05-14 05:25	106.140	106.185	106.115	106.175	5
2026-05-14 05:30	106.205	106.317	106.177	106.255	5
2026-05-14 05:35	106.265	106.315	106.245	106.255	5
2026-05-14 05:40	106.307	106.375	106.180	106.205	5
2026-05-14 05:45	106.210	106.220	105.947	106.135	5
2026-05-14 05:50	106.125	106.205	106.053	106.185	5
2026-05-14 05:55	106.195	106.195	106.075	106.085	5
2026-05-14 06:00	106.075	106.095	105.878	105.990	5
2026-05-14 06:05	105.965	105.965	105.713	105.835	5
2026-05-14 06:10	105.825	105.955	105.775	105.885	5
2026-05-14 06:15	105.877	105.995	105.877	105.955	5
2026-05-14 06:20	105.945	105.950	105.670	105.730	5
2026-05-14 06:25	105.725	105.870	105.707	105.840	5
2026-05-14 06:30	105.845	105.850	105.695	105.730	5
2026-05-14 06:35	105.700	105.700	105.540	105.540	5
2026-05-14 06:40	105.525	105.535	104.835	104.835	5
2026-05-14 06:45	104.830	105.345	104.545	105.277	5
2026-05-14 06:50	105.265	105.415	105.078	105.375	5
2026-05-14 06:55	105.355	105.770	105.355	105.770	5
2026-05-14 07:00	105.775	106.020	105.695	105.765	5
2026-05-14 07:05	105.755	106.075	105.720	105.947	5
2026-05-14 07:10	105.957	106.147	105.895	105.930	5
2026-05-14 07:15	105.945	105.950	105.728	105.847	5
2026-05-14 07:20	105.825	106.050	105.730	105.945	5
2026-05-14 07:25	105.950	105.990	105.768	105.885	5
2026-05-14 07:30	105.890	106.055	105.838	105.975	5
2026-05-14 07:35	105.970	106.010	105.861	106.000	5
2026-05-14 07:40	105.990	106.060	105.890	106.060	5
2026-05-14 07:45	106.035	106.300	105.990	106.175	5
2026-05-14 07:50	106.180	106.565	106.088	106.490	5
2026-05-14 07:55	106.485	106.725	106.365	106.615	5
2026-05-14 08:00	106.553	106.725	106.435	106.715	5
2026-05-14 08:05	106.710	107.070	106.575	107.000	5
2026-05-14 08:10	106.995	107.100	106.583	106.715	5
2026-05-14 08:15	106.705	106.745	106.433	106.665	5
2026-05-14 08:20	106.655	106.665	106.175	106.325	5
2026-05-14 08:25	106.335	106.547	106.217	106.385	5
2026-05-14 08:30	106.360	106.447	105.927	106.115	5
2026-05-14 08:35	106.105	106.125	105.795	106.040	5
2026-05-14 08:40	106.070	106.425	105.985	106.315	5
2026-05-14 08:45	106.307	106.330	106.118	106.295	5
2026-05-14 08:50	106.253	106.345	106.185	106.225	5
2026-05-14 08:55	106.215	106.257	106.028	106.245	5
2026-05-14 09:00	106.227	106.435	106.070	106.390	5
2026-05-14 09:05	106.375	106.650	106.237	106.305	5
2026-05-14 09:10	106.297	106.535	106.100	106.465	5
2026-05-14 09:15	106.457	106.600	106.357	106.375	5
2026-05-14 09:20	106.367	106.497	106.345	106.497	5
2026-05-14 09:25	106.505	106.567	106.425	106.525	5
2026-05-14 09:30	106.510	106.555	106.253	106.307	5
2026-05-14 09:35	106.317	106.577	106.270	106.347	5
2026-05-14 09:40	106.365	106.387	106.235	106.275	5
2026-05-14 09:45	106.265	106.280	105.723	105.800	5
2026-05-14 09:50	105.805	105.977	105.790	105.865	5
2026-05-14 09:55	105.870	106.005	105.773	105.995	5
2026-05-14 10:00	106.015	106.065	105.815	105.880	5
2026-05-14 10:05	105.875	106.000	105.875	105.975	5
2026-05-14 10:10	105.960	106.015	105.178	105.587	5
2026-05-14 10:15	105.597	105.787	105.245	105.460	5
2026-05-14 10:20	105.417	105.615	105.247	105.395	5
2026-05-14 10:25	105.353	105.487	105.048	105.487	5
2026-05-14 10:30	105.467	105.695	105.397	105.485	5
2026-05-14 10:35	105.487	105.537	105.297	105.405	5
2026-05-14 10:40	105.395	105.905	105.390	105.865	5
2026-05-14 10:45	105.857	106.255	105.835	106.035	5
2026-05-14 10:50	106.037	106.065	105.307	105.307	5
2026-05-14 10:55	105.317	105.670	105.257	105.647	5
2026-05-14 11:00	105.645	105.685	105.503	105.640	5
2026-05-14 11:05	105.650	105.840	105.365	105.437	5
2026-05-14 11:10	105.460	105.585	105.357	105.577	5
2026-05-14 11:15	105.585	105.647	105.457	105.625	5
2026-05-14 11:20	105.615	105.620	105.325	105.585	5
2026-05-14 11:25	105.590	105.715	105.365	105.405	5
2026-05-14 11:30	105.395	105.485	105.290	105.405	5
2026-05-14 11:35	105.400	105.557	105.375	105.440	5
2026-05-14 11:40	105.435	105.440	105.268	105.415	5
2026-05-14 11:45	105.410	105.425	105.210	105.270	5
2026-05-14 11:50	105.280	105.365	105.040	105.060	5
2026-05-14 11:55	105.065	105.075	104.617	104.830	5
2026-05-14 12:00	104.788	104.865	104.713	104.755	5
2026-05-14 12:05	104.735	104.780	104.425	104.500	5
2026-05-14 12:10	104.525	104.525	104.140	104.240	5
2026-05-14 12:15	104.235	104.255	103.858	103.945	5
2026-05-14 12:20	103.935	104.365	103.893	104.360	5
2026-05-14 12:25	104.355	105.007	104.330	104.995	5
2026-05-14 12:30	104.985	104.985	104.720	104.920	5
2026-05-14 12:35	104.915	104.955	104.705	104.765	5
2026-05-14 12:40	104.760	105.020	104.737	105.020	5
2026-05-14 12:45	104.973	105.095	104.755	104.920	5
2026-05-14 12:50	104.910	105.190	104.875	105.055	5
2026-05-14 12:55	105.050	105.055	104.765	104.785	5
2026-05-14 13:00	104.845	105.030	104.820	104.920	5
2026-05-14 13:05	104.925	105.160	104.770	104.785	5
2026-05-14 13:10	104.795	104.950	104.725	104.870	5
2026-05-14 13:15	104.855	104.970	104.770	104.970	5
2026-05-14 13:20	104.965	105.060	104.790	104.825	5
2026-05-14 13:25	104.830	104.910	104.715	104.905	5
2026-05-14 13:30	104.910	105.065	104.860	104.980	5
2026-05-14 13:35	104.960	105.310	104.960	105.240	5
2026-05-14 13:40	105.245	105.425	105.108	105.275	5
2026-05-14 13:45	105.280	105.473	104.717	105.097	5
2026-05-14 13:50	105.077	105.255	104.840	105.070	5
2026-05-14 13:55	105.055	105.375	105.045	105.335	5
2026-05-14 14:00	105.288	105.375	105.218	105.285	5
2026-05-14 14:05	105.295	105.560	105.255	105.420	5
2026-05-14 14:10	105.425	105.630	105.420	105.515	5
2026-05-14 14:15	105.525	105.635	105.455	105.540	5
2026-05-14 14:20	105.550	105.835	105.480	105.740	5
2026-05-14 14:25	105.745	106.100	105.665	105.670	5
2026-05-14 14:30	105.697	105.840	105.660	105.685	5
2026-05-14 14:35	105.680	105.720	105.525	105.670	5
2026-05-14 14:40	105.705	105.750	105.605	105.670	5
2026-05-14 14:45	105.543	105.645	105.287	105.310	5
2026-05-14 14:50	105.315	105.520	105.175	105.490	5
2026-05-14 14:55	105.485	105.485	104.685	104.920	5
2026-05-14 15:00	104.878	105.370	104.808	105.350	5
2026-05-14 15:05	105.380	105.390	105.113	105.180	5
2026-05-14 15:10	105.195	105.345	105.130	105.220	5
2026-05-14 15:15	105.200	105.220	104.828	104.880	5
2026-05-14 15:20	104.885	105.260	104.843	105.105	5
2026-05-14 15:25	105.100	105.200	104.950	105.070	5
2026-05-14 15:30	105.080	105.120	104.930	104.980	5
2026-05-14 15:35	104.970	105.050	104.858	104.985	5
2026-05-14 15:40	104.980	104.990	104.720	104.750	5
2026-05-14 15:45	104.755	104.835	104.635	104.750	5
2026-05-14 15:50	104.720	104.920	104.698	104.910	5
2026-05-14 15:55	104.895	104.910	104.760	104.845	5
2026-05-14 16:00	104.798	104.930	104.478	104.635	5
2026-05-14 16:05	104.620	104.830	104.605	104.825	5
2026-05-14 16:10	104.830	104.850	104.638	104.740	5
2026-05-14 16:15	104.730	104.735	104.470	104.535	5
2026-05-14 16:20	104.540	104.610	104.460	104.520	5
2026-05-14 16:25	104.510	105.020	104.490	104.950	5
2026-05-14 16:30	104.945	105.125	104.865	105.060	5
2026-05-14 16:35	105.065	105.400	105.045	105.400	5
2026-05-14 16:40	105.405	105.405	105.118	105.260	5
2026-05-14 16:45	105.255	105.275	105.160	105.195	5
2026-05-14 16:50	105.200	105.280	105.115	105.135	5
2026-05-14 16:55	105.130	105.270	105.110	105.180	5
2026-05-14 17:00	105.190	105.240	105.043	105.190	5
2026-05-14 17:05	105.180	105.500	105.105	105.500	5
2026-05-14 17:10	105.495	105.560	105.380	105.450	5
2026-05-14 17:15	105.425	105.520	105.405	105.510	5
2026-05-14 17:20	105.515	105.585	105.470	105.565	5
2026-05-14 17:25	105.560	105.680	105.480	105.585	5
2026-05-14 17:30	105.595	105.830	105.568	105.687	5
2026-05-14 17:35	105.695	105.725	105.593	105.675	5
2026-05-14 17:40	105.685	105.775	105.630	105.760	5
2026-05-14 17:45	105.750	105.985	105.750	105.910	5
2026-05-14 17:50	105.920	106.115	105.915	106.060	5
2026-05-14 17:55	106.045	106.065	105.940	105.965	5
2026-05-14 18:00	105.935	106.185	105.935	106.090	5
2026-05-14 18:05	106.075	106.145	105.883	106.020	5
2026-05-14 18:10	106.015	106.035	105.930	105.960	5
2026-05-14 18:15	105.965	106.030	105.685	105.720	5
2026-05-14 18:20	105.730	105.910	105.710	105.885	5
2026-05-14 18:25	105.890	105.900	105.608	105.740	5
2026-05-14 18:30	105.735	105.860	105.660	105.820	5
2026-05-14 18:35	105.825	106.010	105.820	106.005	5
2026-05-14 18:40	106.000	106.157	105.988	106.050	5
2026-05-14 18:45	106.055	106.075	106.005	106.010	5
2026-05-14 18:50	106.015	106.020	105.915	105.960	5
2026-05-14 18:55	105.965	105.965	105.850	105.925	5
2026-05-14 19:00	105.930	105.935	105.835	105.880	5
2026-05-14 19:05	105.890	106.010	105.885	106.000	5
2026-05-14 19:10	106.005	106.130	105.978	106.110	5
2026-05-14 19:15	106.105	106.155	106.065	106.150	5
2026-05-14 19:20	106.155	106.155	106.000	106.030	5
2026-05-14 19:25	106.035	106.110	106.030	106.100	5
2026-05-14 19:30	106.110	106.270	106.058	106.260	5
2026-05-14 19:35	106.270	106.310	106.250	106.290	5
2026-05-14 19:40	106.285	106.295	106.255	106.270	5
2026-05-14 19:45	106.280	106.340	106.188	106.320	5
2026-05-14 19:50	106.325	106.380	106.310	106.360	5
2026-05-14 19:55	106.380	106.525	106.290	106.510	5
2026-05-14 20:00	106.520	106.562	106.457	106.457	5
2026-05-14 20:05	106.467	106.572	106.397	106.567	5
2026-05-14 20:10	106.572	106.697	106.557	106.657	5
2026-05-14 20:15	106.662	106.737	106.472	106.512	5
2026-05-14 20:20	106.493	106.532	106.492	106.507	5
2026-05-14 20:25	106.522	106.542	106.442	106.447	5
2026-05-14 20:30	106.452	106.577	106.442	106.572	5
2026-05-14 20:35	106.567	106.602	106.502	106.502	5
2026-05-14 20:40	106.497	106.547	106.497	106.532	5
2026-05-14 20:45	106.522	106.572	106.502	106.557	5
2026-05-14 20:50	106.562	106.582	106.512	106.562	5
2026-05-14 20:55	106.567	106.597	106.537	106.582	5
2026-05-15 00:00	106.523	106.555	106.350	106.435	5
2026-05-15 00:05	106.440	106.465	106.367	106.420	5
2026-05-15 00:10	106.425	106.460	106.305	106.460	5
2026-05-15 00:15	106.440	106.447	106.290	106.317	5
2026-05-15 00:20	106.315	106.440	106.285	106.440	5
2026-05-15 00:25	106.445	106.490	106.390	106.405	5
2026-05-15 00:30	106.410	106.450	106.395	106.410	5
2026-05-15 00:35	106.405	106.480	106.380	106.435	5
2026-05-15 00:40	106.445	106.600	106.435	106.530	5
2026-05-15 00:45	106.545	106.620	106.515	106.567	5
2026-05-15 00:50	106.570	106.620	106.500	106.510	5
2026-05-15 00:55	106.505	106.550	106.417	106.435	5
2026-05-15 01:00	106.440	106.617	106.245	106.577	5
2026-05-15 01:05	106.557	106.670	106.545	106.607	5
2026-05-15 01:10	106.615	106.765	106.568	106.675	5
2026-05-15 01:15	106.677	106.775	106.675	106.747	5
2026-05-15 01:20	106.737	107.070	106.690	107.065	5
2026-05-15 01:25	107.055	107.175	107.035	107.075	5
2026-05-15 01:30	107.080	107.460	107.033	107.340	5
2026-05-15 01:35	107.345	107.355	107.040	107.040	5
2026-05-15 01:40	107.045	107.045	106.800	106.807	5
2026-05-15 01:45	106.817	106.935	106.795	106.905	5
2026-05-15 01:50	106.900	106.910	106.757	106.765	5
2026-05-15 01:55	106.767	106.925	106.705	106.925	5
2026-05-15 02:00	106.935	106.977	106.895	106.935	5
2026-05-15 02:05	106.945	107.050	106.855	106.915	5
2026-05-15 02:10	106.925	107.035	106.905	107.035	5
2026-05-15 02:15	107.010	107.050	106.980	106.990	5
2026-05-15 02:20	106.975	107.240	106.975	107.195	5
2026-05-15 02:25	107.190	107.260	107.098	107.235	5
2026-05-15 02:30	107.237	107.460	107.237	107.240	5
2026-05-15 02:35	107.250	107.325	107.240	107.295	5
2026-05-15 02:40	107.287	107.305	107.165	107.265	5
2026-05-15 02:45	107.267	107.295	107.095	107.177	5
2026-05-15 02:50	107.185	107.290	106.665	106.897	5
2026-05-15 02:55	106.917	107.210	106.845	107.187	5
2026-05-15 03:00	107.177	107.235	107.115	107.135	5
2026-05-15 03:05	107.117	107.197	107.057	107.095	5
2026-05-15 03:10	107.097	107.105	106.965	106.975	5
2026-05-15 03:15	106.985	107.037	106.955	107.035	5
2026-05-15 03:20	107.027	107.055	106.970	107.015	5
2026-05-15 03:25	107.017	107.097	106.975	107.070	5
2026-05-15 03:30	107.060	107.125	106.963	107.080	5
2026-05-15 03:35	107.085	107.100	106.970	106.975	5
2026-05-15 03:40	106.980	107.005	106.950	106.950	5
2026-05-15 03:45	106.955	106.960	106.883	106.945	5
2026-05-15 03:50	106.898	106.960	106.855	106.905	5
2026-05-15 03:55	106.910	106.930	106.870	106.875	5
2026-05-15 04:00	106.870	107.015	106.870	106.990	5
2026-05-15 04:05	106.995	107.075	106.965	107.045	5
2026-05-15 04:10	107.050	107.085	107.035	107.045	5
2026-05-15 04:15	107.017	107.055	107.010	107.035	5
2026-05-15 04:20	107.050	107.065	106.967	106.985	5
2026-05-15 04:25	106.995	107.025	106.950	106.980	5
2026-05-15 04:30	106.985	107.020	106.925	106.925	5
2026-05-15 04:35	106.905	106.965	106.905	106.930	5
2026-05-15 04:40	106.935	107.025	106.875	106.995	5
2026-05-15 04:45	107.000	107.020	106.975	106.990	5
2026-05-15 04:50	107.005	107.005	106.920	106.925	5
2026-05-15 04:55	106.917	106.947	106.880	106.905	5
2026-05-15 05:00	106.910	106.985	106.910	106.965	5
2026-05-15 05:05	106.955	107.075	106.955	107.060	5
2026-05-15 05:10	107.055	107.060	106.970	106.985	5
2026-05-15 05:15	106.977	107.020	106.970	107.005	5
2026-05-15 05:20	107.000	107.025	106.950	106.995	5
2026-05-15 05:25	106.990	107.005	106.910	106.975	5
2026-05-15 05:30	106.985	107.260	106.938	107.225	5
2026-05-15 05:35	107.235	107.445	107.185	107.300	5
2026-05-15 05:40	107.305	107.560	107.295	107.405	5
2026-05-15 05:45	107.410	107.940	107.405	107.890	5
2026-05-15 05:50	107.895	107.920	107.685	107.700	5
2026-05-15 05:55	107.695	107.725	107.510	107.555	5
2026-05-15 06:00	107.575	107.670	107.445	107.645	5
2026-05-15 06:05	107.625	107.815	107.558	107.715	5
2026-05-15 06:10	107.705	107.795	107.570	107.615	5
2026-05-15 06:15	107.597	107.635	107.397	107.435	5
2026-05-15 06:20	107.430	107.560	107.380	107.545	5
2026-05-15 06:25	107.550	107.585	107.475	107.510	5
2026-05-15 06:30	107.523	107.575	107.280	107.315	5
2026-05-15 06:35	107.320	107.510	107.268	107.475	5
2026-05-15 06:40	107.470	107.515	107.375	107.405	5
2026-05-15 06:45	107.400	107.495	107.295	107.435	5
2026-05-15 06:50	107.445	107.575	107.395	107.560	5
2026-05-15 06:55	107.555	107.580	107.435	107.450	5
2026-05-15 07:00	107.445	107.490	107.345	107.430	5
2026-05-15 07:05	107.435	107.630	107.395	107.540	5
2026-05-15 07:10	107.510	107.510	107.290	107.330	5
2026-05-15 07:15	107.325	107.385	107.100	107.115	5
2026-05-15 07:20	107.105	107.170	106.950	107.145	5
2026-05-15 07:25	107.130	107.230	107.038	107.205	5
2026-05-15 07:30	107.210	107.355	107.140	107.300	5
2026-05-15 07:35	107.295	107.370	107.218	107.325	5
2026-05-15 07:40	107.330	107.345	107.148	107.275	5
2026-05-15 07:45	107.325	107.400	107.260	107.295	5
2026-05-15 07:50	107.290	107.540	107.218	107.530	5
2026-05-15 07:55	107.535	107.805	107.448	107.785	5
2026-05-15 08:00	107.718	108.090	107.588	108.035	5
2026-05-15 08:05	108.040	108.155	107.888	107.930	5
2026-05-15 08:10	107.925	108.250	107.885	108.175	5
2026-05-15 08:15	108.180	108.925	108.180	108.675	5
2026-05-15 08:20	108.690	108.935	108.628	108.850	5
2026-05-15 08:25	108.870	109.225	108.860	109.100	5
2026-05-15 08:30	109.095	109.420	108.958	109.070	5
2026-05-15 08:35	109.080	109.160	108.918	109.025	5
2026-05-15 08:40	109.020	109.165	108.943	109.110	5
2026-05-15 08:45	109.120	109.275	109.068	109.220	5
2026-05-15 08:50	109.215	109.270	109.120	109.250	5
2026-05-15 08:55	109.225	109.270	108.993	109.005	5
2026-05-15 09:00	109.010	109.160	108.848	108.890	5
2026-05-15 09:05	108.885	108.940	108.608	108.880	5
2026-05-15 09:10	108.875	109.070	108.803	108.915	5
2026-05-15 09:15	108.920	109.175	108.920	109.150	5
2026-05-15 09:20	109.145	109.305	109.070	109.150	5
2026-05-15 09:25	109.160	109.260	109.060	109.060	5
2026-05-15 09:30	109.075	109.240	108.943	109.220	5
2026-05-15 09:35	109.250	109.365	109.160	109.220	5
2026-05-15 09:40	109.260	109.365	109.210	109.280	5
2026-05-15 09:45	109.270	109.590	109.228	109.500	5
2026-05-15 09:50	109.510	109.630	109.425	109.450	5
2026-05-15 09:55	109.425	109.485	109.003	109.337	5
2026-05-15 10:00	109.288	109.337	109.120	109.215	5
2026-05-15 10:05	109.207	109.250	108.950	108.995	5
2026-05-15 10:10	109.000	109.065	108.553	108.640	5
2026-05-15 10:15	108.645	108.800	108.555	108.755	5
2026-05-15 10:20	108.745	108.820	108.318	108.500	5
2026-05-15 10:25	108.495	108.655	108.475	108.550	5
2026-05-15 10:30	108.555	108.570	108.370	108.490	5
2026-05-15 10:35	108.510	108.620	108.395	108.590	5
2026-05-15 10:40	108.570	108.715	108.007	108.007	5
2026-05-15 10:45	108.003	108.267	107.543	108.047	5
2026-05-15 10:50	108.045	108.055	107.113	107.410	5
2026-05-15 10:55	107.415	107.817	107.378	107.550	5
2026-05-15 11:00	107.515	107.890	107.313	107.885	5
2026-05-15 11:05	107.895	108.145	107.748	108.040	5
2026-05-15 11:10	108.050	108.335	107.910	107.920	5
2026-05-15 11:15	107.925	107.955	107.713	107.780	5
2026-05-15 11:20	107.785	108.090	107.775	108.065	5
2026-05-15 11:25	108.075	108.215	108.020	108.200	5
2026-05-15 11:30	108.180	108.290	108.073	108.220	5
2026-05-15 11:35	108.240	108.270	108.130	108.200	5
2026-05-15 11:40	108.190	108.370	108.190	108.300	5
2026-05-15 11:45	108.305	108.370	108.185	108.320	5
2026-05-15 11:50	108.310	108.340	108.240	108.315	5
2026-05-15 11:55	108.310	108.630	108.270	108.510	5
2026-05-15 12:00	108.468	108.577	108.423	108.470	5
2026-05-15 12:05	108.460	108.520	108.248	108.260	5
2026-05-15 12:10	108.250	108.375	108.250	108.330	5
2026-05-15 12:15	108.325	108.325	107.945	108.040	5
2026-05-15 12:20	108.050	108.270	107.840	108.245	5
2026-05-15 12:25	108.240	108.365	108.140	108.185	5
2026-05-15 12:30	108.123	108.315	108.123	108.310	5
2026-05-15 12:35	108.305	108.390	108.205	108.365	5
2026-05-15 12:40	108.355	108.370	108.220	108.310	5
2026-05-15 12:45	108.268	108.375	108.220	108.290	5
2026-05-15 12:50	108.300	108.330	108.128	108.220	5
2026-05-15 12:55	108.225	108.360	108.180	108.260	5
2026-05-15 13:00	108.218	108.255	107.890	107.895	5
2026-05-15 13:05	107.890	108.005	107.787	107.945	5
2026-05-15 13:10	107.940	108.060	107.818	108.000	5
2026-05-15 13:15	107.995	108.110	107.915	108.010	5
2026-05-15 13:20	108.015	108.020	107.880	107.950	5
2026-05-15 13:25	107.930	108.120	107.905	108.055	5
2026-05-15 13:30	108.042	108.215	107.898	108.080	5
2026-05-15 13:35	108.058	108.180	107.928	108.030	5
2026-05-15 13:40	108.035	108.290	107.965	108.260	5
2026-05-15 13:45	108.250	108.575	108.218	108.500	5
2026-05-15 13:50	108.480	108.680	108.460	108.510	5
2026-05-15 13:55	108.520	108.640	108.493	108.640	5
2026-05-15 14:00	108.612	108.785	108.523	108.528	5
2026-05-15 14:05	108.533	108.565	108.233	108.355	5
2026-05-15 14:10	108.340	108.405	108.173	108.240	5
2026-05-15 14:15	108.250	108.270	108.030	108.102	5
2026-05-15 14:20	108.107	108.470	107.940	108.460	5
2026-05-15 14:25	108.455	108.685	108.440	108.495	5
2026-05-15 14:30	108.480	108.665	108.398	108.520	5
2026-05-15 14:35	108.535	108.645	108.445	108.600	5
2026-05-15 14:40	108.620	108.960	108.603	108.870	5
2026-05-15 14:45	108.895	109.220	108.880	109.190	5
2026-05-15 14:50	109.200	109.340	108.918	108.918	5
2026-05-15 14:55	108.923	109.060	108.888	109.025	5
2026-05-15 15:00	108.985	109.090	108.908	109.060	5
2026-05-15 15:05	109.055	109.100	108.670	108.690	5
2026-05-15 15:10	108.715	108.860	108.603	108.810	5
2026-05-15 15:15	108.805	108.955	108.768	108.915	5
2026-05-15 15:20	108.910	109.020	108.753	108.915	5
2026-05-15 15:25	108.910	109.070	108.780	108.780	5
2026-05-15 15:30	108.770	108.840	108.610	108.800	5
2026-05-15 15:35	108.810	109.065	108.758	109.065	5
2026-05-15 15:40	109.075	109.210	108.930	109.130	5
2026-05-15 15:45	109.135	109.375	109.088	109.375	5
2026-05-15 15:50	109.400	109.715	109.393	109.660	5
2026-05-15 15:55	109.670	109.725	109.375	109.430	5
2026-05-15 16:00	109.402	109.530	109.328	109.435	5
2026-05-15 16:05	109.445	109.720	109.390	109.530	5
2026-05-15 16:10	109.525	109.590	109.385	109.430	5
2026-05-15 16:15	109.440	109.490	109.343	109.420	5
2026-05-15 16:20	109.415	109.425	109.160	109.190	5
2026-05-15 16:25	109.180	109.290	109.098	109.200	5
2026-05-15 16:30	109.210	109.235	109.068	109.120	5
2026-05-15 16:35	109.130	109.240	109.125	109.180	5
2026-05-15 16:40	109.170	109.255	109.160	109.225	5
2026-05-15 16:45	109.215	109.265	109.170	109.210	5
2026-05-15 16:50	109.225	109.260	109.118	109.220	5
2026-05-15 16:55	109.210	109.210	109.028	109.110	5
2026-05-15 17:00	109.145	109.180	108.970	108.970	5
2026-05-15 17:05	108.980	109.000	108.828	108.930	5
2026-05-15 17:10	108.920	108.980	108.850	108.860	5
2026-05-15 17:15	108.850	108.950	108.790	108.930	5
2026-05-15 17:20	108.925	109.110	108.883	109.040	5
2026-05-15 17:25	109.030	109.105	108.903	109.085	5
2026-05-15 17:30	109.095	109.120	109.003	109.075	5
2026-05-15 17:35	109.070	109.165	108.988	109.095	5
2026-05-15 17:40	109.080	109.175	109.070	109.090	5
2026-05-15 17:45	109.080	109.170	109.030	109.165	5
2026-05-15 17:50	109.160	109.225	108.990	109.020	5
2026-05-15 17:55	109.015	109.110	108.920	108.975	5
2026-05-15 18:00	108.928	109.180	108.928	109.180	5
2026-05-15 18:05	109.170	109.420	109.108	109.335	5
2026-05-15 18:10	109.337	109.355	109.120	109.210	5
2026-05-15 18:15	109.220	109.315	109.115	109.300	5
2026-05-15 18:20	109.290	109.375	109.140	109.240	5
2026-05-15 18:25	109.245	109.335	109.100	109.335	5
2026-05-15 18:30	109.320	109.600	109.320	109.505	5
2026-05-15 18:35	109.510	109.525	109.435	109.435	5
2026-05-15 18:40	109.440	109.500	109.330	109.340	5
2026-05-15 18:45	109.350	109.425	109.330	109.330	5
2026-05-15 18:50	109.325	109.340	109.210	109.245	5
2026-05-15 18:55	109.260	109.320	109.220	109.240	5
2026-05-15 19:00	109.250	109.325	109.233	109.310	5
2026-05-15 19:05	109.295	109.310	109.190	109.205	5
2026-05-15 19:10	109.200	109.280	109.160	109.255	5
2026-05-15 19:15	109.260	109.470	109.255	109.365	5
2026-05-15 19:20	109.370	109.440	109.278	109.340	5
2026-05-15 19:25	109.345	109.345	109.230	109.270	5
2026-05-15 19:30	109.260	109.325	109.230	109.310	5
2026-05-15 19:35	109.320	109.350	109.230	109.280	5
2026-05-15 19:40	109.238	109.265	109.113	109.235	5
2026-05-15 19:45	109.230	109.305	109.200	109.270	5
2026-05-15 19:50	109.265	109.425	109.265	109.415	5
2026-05-15 19:55	109.400	109.420	109.270	109.305	5
2026-05-15 20:00	109.282	109.477	109.277	109.447	5
2026-05-15 20:05	109.447	109.532	109.423	109.527	5
2026-05-15 20:10	109.537	109.587	109.512	109.517	5
2026-05-15 20:15	109.512	109.512	109.327	109.327	5
2026-05-15 20:20	109.337	109.392	109.302	109.347	5
2026-05-15 20:25	109.377	109.382	109.292	109.337	5
2026-05-15 20:30	109.327	109.367	109.252	109.282	5
2026-05-15 20:35	109.277	109.282	109.187	109.207	5
2026-05-15 20:40	109.212	109.227	109.087	109.097	5
2026-05-15 20:45	109.102	109.237	109.048	109.207	5
2026-05-15 20:50	109.212	109.222	109.077	109.102	5
2026-05-15 20:55	109.112	109.202	109.102	109.167	5
2026-05-18 00:00	110.433	110.525	110.267	110.305	5
2026-05-18 00:05	110.315	110.345	110.127	110.200	5
2026-05-18 00:10	110.195	110.300	110.145	110.287	5
2026-05-18 00:15	110.275	110.475	110.207	110.337	5
2026-05-18 00:20	110.345	110.370	110.255	110.335	5
2026-05-18 00:25	110.340	110.370	110.215	110.327	5
2026-05-18 00:30	110.325	110.480	110.315	110.435	5
2026-05-18 00:35	110.430	110.715	110.377	110.695	5
2026-05-18 00:40	110.690	110.885	110.643	110.885	5
2026-05-18 00:45	110.865	110.955	110.845	110.895	5
2026-05-18 00:50	110.880	111.195	110.830	111.130	5
2026-05-18 00:55	111.125	111.125	110.945	110.995	5
2026-05-18 01:00	110.977	111.315	110.597	111.207	5
2026-05-18 01:05	111.207	111.337	111.047	111.155	5
2026-05-18 01:10	111.165	111.455	111.037	111.435	5
2026-05-18 01:15	111.440	111.655	111.277	111.637	5
2026-05-18 01:20	111.635	111.965	111.568	111.747	5
2026-05-18 01:25	111.745	111.935	111.707	111.800	5
2026-05-18 01:30	111.815	111.815	111.595	111.660	5
2026-05-18 01:35	111.650	111.675	111.388	111.555	5
2026-05-18 01:40	111.550	111.575	111.408	111.545	5
2026-05-18 01:45	111.525	111.525	111.125	111.147	5
2026-05-18 01:50	111.145	111.270	111.035	111.230	5
2026-05-18 01:55	111.245	111.305	111.088	111.285	5
2026-05-18 02:00	111.268	111.385	111.250	111.385	5
2026-05-18 02:05	111.355	111.675	111.338	111.670	5
2026-05-18 02:10	111.675	111.685	111.323	111.350	5
2026-05-18 02:15	111.325	111.335	111.260	111.275	5
2026-05-18 02:20	111.280	111.340	111.258	111.310	5
2026-05-18 02:25	111.315	111.345	111.290	111.295	5
2026-05-18 02:30	111.300	111.400	111.243	111.365	5
2026-05-18 02:35	111.370	111.425	111.290	111.295	5
2026-05-18 02:40	111.285	111.335	111.225	111.310	5
2026-05-18 02:45	111.320	111.340	111.265	111.305	5
2026-05-18 02:50	111.310	111.325	111.215	111.220	5
2026-05-18 02:55	111.225	111.325	111.185	111.280	5
2026-05-18 03:00	111.320	111.320	111.153	111.205	5
2026-05-18 03:05	111.210	111.320	111.190	111.310	5
2026-05-18 03:10	111.300	111.300	111.220	111.275	5
2026-05-18 03:15	111.280	111.280	111.223	111.250	5
2026-05-18 03:20	111.240	111.250	111.145	111.160	5
2026-05-18 03:25	111.170	111.250	111.160	111.215	5
2026-05-18 03:30	111.220	111.370	111.210	111.320	5
2026-05-18 03:35	111.345	111.355	111.193	111.230	5
2026-05-18 03:40	111.255	111.270	111.150	111.175	5
2026-05-18 03:45	111.180	111.305	111.180	111.295	5
2026-05-18 03:50	111.275	111.285	111.205	111.230	5
2026-05-18 03:55	111.220	111.230	111.150	111.175	5
2026-05-18 04:00	111.180	111.187	111.078	111.165	5
2026-05-18 04:05	111.175	111.175	111.108	111.160	5
2026-05-18 04:10	111.175	111.185	111.095	111.170	5
2026-05-18 04:15	111.175	111.265	111.153	111.260	5
2026-05-18 04:20	111.270	111.270	111.225	111.260	5
2026-05-18 04:25	111.310	111.335	111.260	111.320	5
2026-05-18 04:30	111.325	111.350	111.093	111.180	5
2026-05-18 04:35	111.190	111.260	111.160	111.235	5
2026-05-18 04:40	111.225	111.255	111.065	111.070	5
2026-05-18 04:45	111.075	111.235	111.008	111.220	5
2026-05-18 04:50	111.205	111.310	111.145	111.160	5
2026-05-18 04:55	111.165	111.255	111.143	111.180	5
2026-05-18 05:00	111.165	111.190	111.005	111.005	5
2026-05-18 05:05	110.995	111.070	110.893	111.040	5
2026-05-18 05:10	111.050	111.125	111.045	111.115	5
2026-05-18 05:15	111.120	111.225	111.080	111.215	5
2026-05-18 05:20	111.210	111.365	111.205	111.215	5
2026-05-18 05:25	111.217	111.255	111.165	111.225	5
2026-05-18 05:30	111.195	111.295	110.998	111.147	5
2026-05-18 05:35	111.157	111.227	110.800	110.800	5
2026-05-18 05:40	110.825	110.945	110.765	110.877	5
2026-05-18 05:45	110.885	110.885	110.640	110.850	5
2026-05-18 05:50	110.837	110.940	110.775	110.795	5
2026-05-18 05:55	110.787	110.955	110.738	110.915	5
2026-05-18 06:00	110.917	111.025	110.853	111.015	5
2026-05-18 06:05	111.025	111.165	110.990	111.060	5
2026-05-18 06:10	111.070	111.210	111.010	111.170	5
2026-05-18 06:15	111.165	111.300	111.085	111.300	5
2026-05-18 06:20	111.315	111.450	111.248	111.325	5
2026-05-18 06:25	111.315	111.365	111.265	111.325	5
2026-05-18 06:30	111.320	111.475	111.308	111.400	5
2026-05-18 06:35	111.410	111.410	111.305	111.330	5
2026-05-18 06:40	111.325	111.330	111.163	111.210	5
2026-05-18 06:45	111.215	111.255	111.080	111.205	5
2026-05-18 06:50	111.200	111.215	111.010	111.020	5
2026-05-18 06:55	111.015	111.060	110.848	110.960	5
2026-05-18 07:00	110.918	110.960	110.808	110.810	5
2026-05-18 07:05	110.800	110.820	110.615	110.635	5
2026-05-18 07:10	110.630	110.990	110.630	110.980	5
2026-05-18 07:15	110.970	110.970	110.640	110.710	5
2026-05-18 07:20	110.725	110.770	110.405	110.440	5
2026-05-18 07:25	110.430	110.445	109.951	110.070	5
2026-05-18 07:30	110.003	110.085	109.675	109.915	5
2026-05-18 07:35	109.920	110.140	109.835	110.135	5
2026-05-18 07:40	110.120	110.205	109.948	110.095	5
2026-05-18 07:45	110.090	110.185	109.977	110.020	5
2026-05-18 07:50	110.015	110.470	110.005	110.340	5
2026-05-18 07:55	110.365	110.450	110.043	110.357	5
2026-05-18 08:00	110.325	110.325	109.955	110.095	5
2026-05-18 08:05	110.085	110.095	109.735	109.865	5
2026-05-18 08:10	109.870	110.285	109.848	110.285	5
2026-05-18 08:15	110.295	110.560	110.168	110.495	5
2026-05-18 08:20	110.500	110.675	110.248	110.295	5
2026-05-18 08:25	110.285	110.535	110.170	110.268	5
2026-05-18 08:30	110.285	110.405	110.000	110.070	5
2026-05-18 08:35	110.065	110.295	110.065	110.270	5
2026-05-18 08:40	110.260	110.270	110.023	110.165	5
2026-05-18 08:45	110.155	110.165	109.960	110.075	5
2026-05-18 08:50	110.070	110.075	109.897	109.990	5
2026-05-18 08:55	109.975	110.055	109.935	109.955	5
2026-05-18 09:00	109.950	110.160	109.830	110.080	5
2026-05-18 09:05	110.100	110.170	109.958	110.170	5
2026-05-18 09:10	110.175	110.270	110.015	110.145	5
2026-05-18 09:15	110.150	110.325	110.110	110.325	5
2026-05-18 09:20	110.310	110.340	110.128	110.310	5
2026-05-18 09:25	110.320	110.470	110.100	110.160	5
2026-05-18 09:30	110.175	110.175	109.805	109.865	5
2026-05-18 09:35	109.845	109.985	109.845	109.950	5
2026-05-18 09:40	109.955	109.985	109.845	109.975	5
2026-05-18 09:45	109.965	110.020	109.890	109.955	5
2026-05-18 09:50	109.960	110.145	109.848	110.140	5
2026-05-18 09:55	110.145	110.160	110.005	110.060	5
2026-05-18 10:00	110.050	110.252	109.938	110.252	5
2026-05-18 10:05	110.265	110.335	110.103	110.230	5
2026-05-18 10:10	110.225	110.290	110.098	110.235	5
2026-05-18 10:15	110.230	110.285	110.160	110.180	5
2026-05-18 10:20	110.222	110.305	110.170	110.300	5
2026-05-18 10:25	110.290	110.290	110.135	110.140	5
2026-05-18 10:30	110.145	110.577	110.068	110.545	5
2026-05-18 10:35	110.535	110.535	110.430	110.485	5
2026-05-18 10:40	110.460	110.485	110.245	110.270	5
2026-05-18 10:45	110.280	110.290	110.185	110.280	5
2026-05-18 10:50	110.290	110.470	110.230	110.430	5
2026-05-18 10:55	110.420	110.575	110.410	110.520	5
2026-05-18 11:00	110.530	110.650	110.410	110.635	5
2026-05-18 11:05	110.640	111.125	110.598	111.063	5
2026-05-18 11:10	111.157	111.335	110.575	110.660	5
2026-05-18 11:15	110.665	110.755	110.450	110.505	5
2026-05-18 11:20	110.510	110.580	110.485	110.530	5
2026-05-18 11:25	110.535	110.600	110.495	110.560	5
2026-05-18 11:30	110.570	110.665	109.823	110.065	5
2026-05-18 11:35	110.035	110.065	109.060	109.388	5
2026-05-18 11:40	109.383	109.518	108.443	108.775	5
2026-05-18 11:45	108.723	109.187	108.723	109.097	5
2026-05-18 11:50	109.105	109.475	109.050	109.125	5
2026-05-18 11:55	109.135	109.170	108.768	109.145	5
2026-05-18 12:00	109.180	109.230	109.008	109.157	5
2026-05-18 12:05	109.165	109.270	108.978	109.175	5
2026-05-18 12:10	109.170	109.620	109.170	109.590	5
2026-05-18 12:15	109.575	109.875	109.515	109.827	5
2026-05-18 12:20	109.835	109.845	109.383	109.415	5
2026-05-18 12:25	109.417	109.525	109.410	109.445	5
2026-05-18 12:30	109.440	109.450	108.618	108.667	5
2026-05-18 12:35	108.685	108.850	108.325	108.445	5
2026-05-18 12:40	108.427	108.547	107.595	107.595	5
2026-05-18 12:45	107.597	107.790	106.953	107.260	5
2026-05-18 12:50	107.257	107.940	107.108	107.885	5
2026-05-18 12:55	107.875	107.965	107.360	107.505	5
2026-05-18 13:00	107.518	108.287	107.355	107.797	5
2026-05-18 13:05	107.787	107.960	107.640	107.825	5
2026-05-18 13:10	107.783	108.060	107.613	107.787	5
2026-05-18 13:15	107.797	108.002	107.735	107.935	5
2026-05-18 13:20	107.937	107.955	107.730	107.817	5
2026-05-18 13:25	107.793	107.847	107.563	107.685	5
2026-05-18 13:30	107.725	108.080	107.633	108.075	5
2026-05-18 13:35	108.117	108.190	107.858	108.100	5
2026-05-18 13:40	108.115	108.490	107.763	108.290	5
2026-05-18 13:45	108.295	108.345	107.383	107.667	5
2026-05-18 13:50	107.675	107.800	107.525	107.690	5
2026-05-18 13:55	107.670	107.975	107.618	107.905	5
2026-05-18 14:00	107.863	108.590	107.863	108.515	5
2026-05-18 14:05	108.528	108.970	108.358	108.705	5
2026-05-18 14:10	108.710	109.055	108.545	108.880	5
2026-05-18 14:15	108.895	109.065	108.620	108.745	5
2026-05-18 14:20	108.727	109.335	108.683	109.185	5
2026-05-18 14:25	109.187	109.370	109.145	109.315	5
2026-05-18 14:30	109.320	109.875	109.218	109.800	5
2026-05-18 14:35	109.755	110.025	109.563	109.660	5
2026-05-18 14:40	109.650	110.077	109.650	110.040	5
2026-05-18 14:45	110.050	110.315	110.000	110.055	5
2026-05-18 14:50	110.013	110.100	109.923	110.035	5
2026-05-18 14:55	110.045	110.270	109.998	110.170	5
2026-05-18 15:00	110.165	110.948	109.978	110.703	5
2026-05-18 15:05	110.708	111.010	110.475	110.860	5
2026-05-18 15:10	110.855	110.975	110.623	110.715	5
2026-05-18 15:15	110.735	110.980	110.660	110.790	5
2026-05-18 15:20	110.780	110.900	110.635	110.690	5
2026-05-18 15:25	110.695	110.985	110.641	110.985	5
2026-05-18 15:30	110.975	111.000	110.835	110.920	5
2026-05-18 15:35	110.910	111.140	110.793	110.930	5
2026-05-18 15:40	110.935	111.095	110.728	111.065	5
2026-05-18 15:45	111.070	111.070	110.805	110.980	5
2026-05-18 15:50	111.010	111.035	110.830	110.860	5
2026-05-18 15:55	110.840	110.945	110.788	110.910	5
2026-05-18 16:00	110.900	111.075	110.823	111.070	5
2026-05-18 16:05	111.060	111.145	110.930	111.055	5
2026-05-18 16:10	111.060	111.190	111.025	111.025	5
2026-05-18 16:15	111.035	111.090	110.903	110.970	5
2026-05-18 16:20	110.960	111.190	110.790	111.085	5
2026-05-18 16:25	111.070	111.575	110.988	111.360	5
2026-05-18 16:30	111.385	111.515	111.010	111.100	5
2026-05-18 16:35	111.105	111.170	110.900	111.050	5
2026-05-18 16:40	111.065	111.180	111.045	111.080	5
2026-05-18 16:45	111.085	111.165	110.985	111.000	5
2026-05-18 16:50	110.990	111.050	110.890	110.950	5
2026-05-18 16:55	110.945	111.010	110.790	110.950	5
2026-05-18 17:00	110.970	111.117	110.815	110.850	5
2026-05-18 17:05	110.845	110.885	110.438	110.505	5
2026-05-18 17:10	110.485	110.500	110.298	110.500	5
2026-05-18 17:15	110.490	110.515	110.190	110.295	5
2026-05-18 17:20	110.290	110.520	110.265	110.475	5
2026-05-18 17:25	110.470	110.515	110.400	110.510	5
2026-05-18 17:30	110.495	110.795	110.480	110.715	5
2026-05-18 17:35	110.705	110.925	110.705	110.845	5
2026-05-18 17:40	110.840	110.840	110.725	110.840	5
2026-05-18 17:45	110.835	110.860	110.710	110.785	5
2026-05-18 17:50	110.780	110.870	110.703	110.825	5
2026-05-18 17:55	110.820	110.880	110.770	110.830	5
2026-05-18 18:00	110.815	111.175	110.815	111.130	5
2026-05-18 18:05	111.125	111.395	111.125	111.360	5
2026-05-18 18:10	111.355	111.475	111.330	111.470	5
2026-05-18 18:15	111.465	111.885	111.433	111.790	5
2026-05-18 18:20	111.795	112.225	111.790	112.200	5
2026-05-18 18:25	112.190	112.695	111.888	112.095	5
2026-05-18 18:30	112.100	112.195	111.965	112.005	5
2026-05-18 18:35	112.000	112.135	111.950	112.050	5
2026-05-18 18:40	112.040	112.080	111.847	111.875	5
2026-05-18 18:45	111.860	112.030	111.780	112.010	5
2026-05-18 18:50	112.005	112.055	111.948	112.000	5
2026-05-18 18:55	112.010	112.205	111.923	112.170	5
2026-05-18 19:00	112.178	112.335	109.483	110.547	5
2026-05-18 19:05	110.597	110.627	109.590	109.697	5
2026-05-18 19:10	109.717	110.115	109.480	109.865	5
2026-05-18 19:15	109.845	110.047	109.285	109.505	5
2026-05-18 19:20	109.515	109.907	109.395	109.907	5
2026-05-18 19:25	109.917	110.018	109.587	109.625	5
2026-05-18 19:30	109.637	109.695	109.290	109.575	5
2026-05-18 19:35	109.580	109.580	109.355	109.360	5
2026-05-18 19:40	109.365	109.390	108.871	109.095	5
2026-05-18 19:45	109.100	109.235	108.853	108.905	5
2026-05-18 19:50	108.920	109.017	108.708	108.755	5
2026-05-18 19:55	108.760	109.105	108.600	109.085	5
2026-05-18 20:00	109.075	109.085	108.778	108.962	5
2026-05-18 20:05	108.982	109.047	108.713	108.887	5
2026-05-18 20:10	108.897	108.927	108.317	108.317	5
2026-05-18 20:15	108.332	108.357	108.012	108.227	5
2026-05-18 20:20	108.222	108.492	108.142	108.317	5
2026-05-18 20:25	108.307	108.567	108.307	108.562	5
2026-05-18 20:30	108.557	108.822	108.492	108.632	5
2026-05-18 20:35	108.652	108.732	108.582	108.697	5
2026-05-18 20:40	108.692	108.857	108.673	108.732	5
2026-05-18 20:45	108.737	108.937	108.682	108.877	5
2026-05-18 20:50	108.882	109.237	108.847	109.197	5
2026-05-18 20:55	109.192	109.392	109.062	109.277	5
2026-05-19 00:00	109.013	109.527	108.988	109.457	5
2026-05-19 00:05	109.407	109.465	109.220	109.307	5
2026-05-19 00:10	109.295	109.415	109.215	109.217	5
2026-05-19 00:15	109.235	109.465	109.235	109.395	5
2026-05-19 00:20	109.390	109.415	109.257	109.337	5
2026-05-19 00:25	109.327	109.465	109.325	109.365	5
2026-05-19 00:30	109.370	109.385	109.203	109.345	5
2026-05-19 00:35	109.350	109.350	109.233	109.270	5
2026-05-19 00:40	109.265	109.335	109.180	109.195	5
2026-05-19 00:45	109.190	109.215	109.033	109.090	5
2026-05-19 00:50	109.095	109.275	109.060	109.255	5
2026-05-19 00:55	109.265	109.312	109.095	109.240	5
2026-05-19 01:00	109.188	109.705	109.188	109.567	5
2026-05-19 01:05	109.565	109.705	109.488	109.625	5
2026-05-19 01:10	109.595	109.790	109.495	109.730	5
2026-05-19 01:15	109.740	109.845	109.680	109.770	5
2026-05-19 01:20	109.785	109.845	109.750	109.815	5
2026-05-19 01:25	109.820	109.820	109.675	109.690	5
2026-05-19 01:30	109.667	109.770	109.630	109.695	5
2026-05-19 01:35	109.700	109.705	109.358	109.445	5
2026-05-19 01:40	109.460	109.520	109.327	109.410	5
2026-05-19 01:45	109.405	109.595	109.375	109.530	5
2026-05-19 01:50	109.540	109.540	109.385	109.395	5
2026-05-19 01:55	109.390	109.535	109.370	109.485	5
2026-05-19 02:00	109.438	109.540	109.390	109.505	5
2026-05-19 02:05	109.515	109.645	109.495	109.635	5
2026-05-19 02:10	109.645	109.660	109.555	109.565	5
2026-05-19 02:15	109.575	109.840	109.565	109.730	5
2026-05-19 02:20	109.700	109.700	109.545	109.560	5
2026-05-19 02:25	109.565	109.565	109.490	109.540	5
2026-05-19 02:30	109.525	109.870	109.525	109.840	5
2026-05-19 02:35	109.845	110.125	109.818	109.975	5
2026-05-19 02:40	109.980	110.020	109.870	109.880	5
2026-05-19 02:45	109.895	109.955	109.808	109.955	5
2026-05-19 02:50	109.965	109.970	109.870	109.927	5
2026-05-19 02:55	109.927	109.995	109.887	109.970	5
2026-05-19 03:00	109.923	110.190	109.923	110.085	5
2026-05-19 03:05	110.075	110.095	109.965	109.995	5
2026-05-19 03:10	109.997	110.055	109.970	109.995	5
2026-05-19 03:15	109.985	110.005	109.900	109.935	5
2026-05-19 03:20	109.940	109.990	109.915	109.955	5
2026-05-19 03:25	109.950	109.950	109.818	109.890	5
2026-05-19 03:30	109.880	109.880	109.745	109.805	5
2026-05-19 03:35	109.800	109.800	109.723	109.790	5
2026-05-19 03:40	109.785	109.820	109.765	109.810	5
2026-05-19 03:45	109.815	109.880	109.805	109.850	5
2026-05-19 03:50	109.840	109.950	109.825	109.930	5
2026-05-19 03:55	109.925	109.940	109.865	109.890	5
2026-05-19 04:00	109.880	109.945	109.840	109.840	5
2026-05-19 04:05	109.845	109.870	109.750	109.770	5
2026-05-19 04:10	109.765	109.810	109.700	109.795	5
2026-05-19 04:15	109.785	109.870	109.785	109.835	5
2026-05-19 04:20	109.845	109.845	109.785	109.800	5
2026-05-19 04:25	109.810	109.865	109.795	109.795	5
2026-05-19 04:30	109.780	109.850	109.745	109.830	5
2026-05-19 04:35	109.835	109.900	109.800	109.865	5
2026-05-19 04:40	109.900	109.965	109.783	109.890	5
2026-05-19 04:45	109.885	109.965	109.835	109.935	5
2026-05-19 04:50	109.940	109.960	109.765	109.770	5
2026-05-19 04:55	109.765	109.810	109.645	109.710	5
2026-05-19 05:00	109.715	109.785	109.675	109.755	5
2026-05-19 05:05	109.765	109.795	109.685	109.775	5
2026-05-19 05:10	109.777	109.790	109.705	109.717	5
2026-05-19 05:15	109.725	109.845	109.715	109.830	5
2026-05-19 05:20	109.825	110.475	109.788	110.270	5
2026-05-19 05:25	110.295	110.330	110.005	110.125	5
2026-05-19 05:30	110.105	110.475	110.105	110.447	5
2026-05-19 05:35	110.457	110.565	110.205	110.277	5
2026-05-19 05:40	110.275	110.365	110.247	110.365	5
2026-05-19 05:45	110.357	110.395	110.260	110.270	5
2026-05-19 05:50	110.275	110.280	110.173	110.255	5
2026-05-19 05:55	110.260	110.330	110.090	110.125	5
2026-05-19 06:00	110.145	110.570	110.127	110.185	5
2026-05-19 06:05	110.190	110.260	109.945	109.967	5
2026-05-19 06:10	109.945	109.955	109.597	109.795	5
2026-05-19 06:15	109.785	110.090	109.757	109.900	5
2026-05-19 06:20	109.895	109.920	109.810	109.855	5
2026-05-19 06:25	109.847	110.355	109.835	110.205	5
2026-05-19 06:30	110.208	110.370	110.175	110.330	5
2026-05-19 06:35	110.325	110.360	110.160	110.167	5
2026-05-19 06:40	110.165	110.275	110.135	110.265	5
2026-05-19 06:45	110.275	110.610	110.255	110.473	5
2026-05-19 06:50	110.505	110.545	110.365	110.395	5
2026-05-19 06:55	110.420	110.545	110.350	110.485	5
2026-05-19 07:00	110.467	110.720	110.443	110.600	5
2026-05-19 07:05	110.610	110.610	110.235	110.407	5
2026-05-19 07:10	110.415	110.475	110.290	110.290	5
2026-05-19 07:15	110.300	110.470	110.278	110.365	5
2026-05-19 07:20	110.360	110.420	110.260	110.270	5
2026-05-19 07:25	110.315	110.420	110.290	110.320	5
2026-05-19 07:30	110.315	110.475	110.298	110.455	5
2026-05-19 07:35	110.460	110.520	110.358	110.485	5
2026-05-19 07:40	110.490	110.517	110.270	110.355	5
2026-05-19 07:45	110.313	110.395	109.975	110.020	5
2026-05-19 07:50	110.025	110.135	109.858	109.990	5
2026-05-19 07:55	109.975	110.090	109.817	109.980	5
2026-05-19 08:00	109.970	110.155	109.845	110.085	5
2026-05-19 08:05	110.075	110.540	110.055	110.530	5
2026-05-19 08:10	110.535	110.785	110.433	110.615	5
2026-05-19 08:15	110.605	110.625	110.250	110.335	5
2026-05-19 08:20	110.330	110.610	110.270	110.570	5
2026-05-19 08:25	110.580	110.630	110.250	110.360	5
2026-05-19 08:30	110.340	110.440	110.110	110.155	5
2026-05-19 08:35	110.150	110.350	110.090	110.280	5
2026-05-19 08:40	110.290	110.330	110.198	110.275	5
2026-05-19 08:45	110.270	110.280	110.108	110.180	5
2026-05-19 08:50	110.190	110.325	110.127	110.260	5
2026-05-19 08:55	110.250	110.305	110.170	110.290	5
2026-05-19 09:00	110.300	110.465	110.233	110.280	5
2026-05-19 09:05	110.255	110.460	110.228	110.450	5
2026-05-19 09:10	110.440	110.465	110.323	110.395	5
2026-05-19 09:15	110.390	110.640	110.390	110.600	5
2026-05-19 09:20	110.610	110.610	110.130	110.190	5
2026-05-19 09:25	110.180	110.410	110.180	110.400	5
2026-05-19 09:30	110.395	110.485	110.343	110.435	5
2026-05-19 09:35	110.440	110.450	110.278	110.360	5
2026-05-19 09:40	110.370	110.470	110.310	110.320	5
2026-05-19 09:45	110.315	110.415	110.270	110.310	5
2026-05-19 09:50	110.305	110.330	109.970	110.000	5
2026-05-19 09:55	109.990	110.115	109.670	109.880	5
2026-05-19 10:00	109.875	110.135	109.830	110.105	5
2026-05-19 10:05	110.110	110.110	109.985	110.075	5
2026-05-19 10:10	110.065	110.100	109.945	110.085	5
2026-05-19 10:15	110.080	110.260	110.070	110.130	5
2026-05-19 10:20	110.088	110.290	110.088	110.185	5
2026-05-19 10:25	110.190	110.230	110.110	110.150	5
2026-05-19 10:30	110.140	110.270	110.108	110.190	5
2026-05-19 10:35	110.195	110.513	110.098	110.205	5
2026-05-19 10:40	110.197	110.960	110.155	110.790	5
2026-05-19 10:45	110.795	111.198	110.475	110.645	5
2026-05-19 10:50	110.640	110.920	110.543	110.900	5
2026-05-19 10:55	110.858	110.858	110.568	110.580	5
2026-05-19 11:00	110.568	110.920	110.538	110.755	5
2026-05-19 11:05	110.770	110.970	110.755	110.855	5
2026-05-19 11:10	110.865	111.155	110.820	111.115	5
2026-05-19 11:15	111.110	111.170	110.868	110.890	5
2026-05-19 11:20	110.905	110.970	110.825	110.870	5
2026-05-19 11:25	110.875	111.015	110.850	110.995	5
2026-05-19 11:30	111.005	111.050	110.875	110.890	5
2026-05-19 11:35	110.880	110.940	110.825	110.860	5
2026-05-19 11:40	110.855	110.890	110.795	110.860	5
2026-05-19 11:45	110.875	110.942	110.800	110.810	5
2026-05-19 11:50	110.820	110.900	110.790	110.870	5
2026-05-19 11:55	110.880	111.030	110.870	111.020	5
2026-05-19 12:00	110.993	111.035	110.593	110.695	5
2026-05-19 12:05	110.690	110.740	110.543	110.620	5
2026-05-19 12:10	110.600	110.625	110.550	110.570	5
2026-05-19 12:15	110.575	110.750	110.543	110.590	5
2026-05-19 12:20	110.595	110.630	110.360	110.375	5
2026-05-19 12:25	110.390	110.570	110.285	110.485	5
2026-05-19 12:30	110.505	110.535	110.150	110.330	5
2026-05-19 12:35	110.335	110.390	110.205	110.370	5
2026-05-19 12:40	110.355	110.405	110.233	110.305	5
2026-05-19 12:45	110.310	110.410	110.233	110.300	5
2026-05-19 12:50	110.295	110.455	110.228	110.420	5
2026-05-19 12:55	110.415	110.600	110.415	110.520	5
2026-05-19 13:00	110.468	110.468	110.160	110.305	5
2026-05-19 13:05	110.310	110.570	110.270	110.355	5
2026-05-19 13:10	110.360	110.565	110.355	110.440	5
2026-05-19 13:15	110.430	110.925	110.410	110.905	5
2026-05-19 13:20	110.900	111.240	110.790	111.220	5
2026-05-19 13:25	111.230	111.460	111.170	111.275	5
2026-05-19 13:30	111.270	111.555	111.110	111.160	5
2026-05-19 13:35	111.165	111.330	111.010	111.150	5
2026-05-19 13:40	111.140	111.340	110.898	111.000	5
2026-05-19 13:45	110.995	111.030	110.728	110.850	5
2026-05-19 13:50	110.860	110.860	110.288	110.430	5
2026-05-19 13:55	110.363	110.455	110.150	110.355	5
2026-05-19 14:00	110.350	110.420	109.498	109.628	5
2026-05-19 14:05	109.648	110.580	109.613	110.445	5
2026-05-19 14:10	110.440	110.755	110.210	110.705	5
2026-05-19 14:15	110.710	110.740	110.543	110.675	5
2026-05-19 14:20	110.685	110.810	110.493	110.540	5
2026-05-19 14:25	110.545	110.595	110.160	110.240	5
2026-05-19 14:30	110.180	110.230	109.973	110.025	5
2026-05-19 14:35	110.012	110.290	109.885	110.265	5
2026-05-19 14:40	110.260	110.570	110.187	110.345	5
2026-05-19 14:45	110.347	110.835	110.255	110.790	5
2026-05-19 14:50	110.748	110.845	110.503	110.725	5
2026-05-19 14:55	110.730	110.745	110.545	110.675	5
2026-05-19 15:00	110.670	110.670	110.205	110.250	5
2026-05-19 15:05	110.240	110.677	110.230	110.345	5
2026-05-19 15:10	110.340	110.580	110.340	110.505	5
2026-05-19 15:15	110.495	110.525	110.160	110.250	5
2026-05-19 15:20	110.245	110.725	110.183	110.685	5
2026-05-19 15:25	110.680	110.810	110.480	110.600	5
2026-05-19 15:30	110.590	110.630	110.340	110.530	5
2026-05-19 15:35	110.540	110.620	110.418	110.505	5
2026-05-19 15:40	110.530	110.720	110.505	110.690	5
2026-05-19 15:45	110.675	110.890	110.628	110.850	5
2026-05-19 15:50	110.870	110.965	110.800	110.895	5
2026-05-19 15:55	110.890	110.950	110.813	110.890	5
2026-05-19 16:00	110.788	110.965	110.788	110.925	5
2026-05-19 16:05	110.920	111.025	110.873	110.950	5
2026-05-19 16:10	110.940	111.070	110.880	111.010	5
2026-05-19 16:15	111.000	111.020	110.870	110.900	5
2026-05-19 16:20	110.905	111.040	110.880	110.910	5
2026-05-19 16:25	110.900	110.910	110.680	110.840	5
2026-05-19 16:30	110.875	110.972	110.660	110.940	5
2026-05-19 16:35	110.945	111.085	110.898	110.990	5
2026-05-19 16:40	110.985	111.030	110.870	110.910	5
2026-05-19 16:45	110.920	110.935	110.600	110.670	5
2026-05-19 16:50	110.680	110.745	110.550	110.725	5
2026-05-19 16:55	110.720	110.750	110.620	110.695	5
2026-05-19 17:00	110.730	110.750	110.615	110.715	5
2026-05-19 17:05	110.720	110.900	110.720	110.870	5
2026-05-19 17:10	110.860	110.945	110.770	110.810	5
2026-05-19 17:15	110.805	110.880	110.740	110.850	5
2026-05-19 17:20	110.845	110.915	110.810	110.830	5
2026-05-19 17:25	110.820	110.890	110.757	110.760	5
2026-05-19 17:30	110.780	110.785	110.665	110.690	5
2026-05-19 17:35	110.685	110.685	110.250	110.300	5
2026-05-19 17:40	110.290	110.470	110.190	110.350	5
2026-05-19 17:45	110.365	110.670	110.348	110.460	5
2026-05-19 17:50	110.465	110.530	110.345	110.505	5
2026-05-19 17:55	110.500	110.590	110.455	110.530	5
2026-05-19 18:00	110.468	110.570	110.378	110.430	5
2026-05-19 18:05	110.440	110.440	110.308	110.375	5
2026-05-19 18:10	110.370	110.400	110.210	110.340	5
2026-05-19 18:15	110.345	110.535	110.335	110.490	5
2026-05-19 18:20	110.500	110.933	110.445	110.815	5
2026-05-19 18:25	110.820	111.525	110.685	111.480	5
2026-05-19 18:30	111.475	111.715	111.283	111.410	5
2026-05-19 18:35	111.395	111.520	111.330	111.395	5
2026-05-19 18:40	111.385	111.410	111.270	111.390	5
2026-05-19 18:45	111.400	111.520	111.380	111.470	5
2026-05-19 18:50	111.475	111.655	111.470	111.630	5
2026-05-19 18:55	111.650	111.765	111.558	111.610	5
2026-05-19 19:00	111.620	111.620	111.395	111.395	5
2026-05-19 19:05	111.390	111.390	111.218	111.260	5
2026-05-19 19:10	111.265	111.295	111.110	111.140	5
2026-05-19 19:15	111.120	111.175	111.058	111.170	5
2026-05-19 19:20	111.175	111.495	111.133	111.460	5
2026-05-19 19:25	111.470	111.580	111.383	111.400	5
2026-05-19 19:30	111.385	111.410	111.288	111.375	5
2026-05-19 19:35	111.365	111.415	111.278	111.400	5
2026-05-19 19:40	111.405	111.420	111.360	111.370	5
2026-05-19 19:45	111.385	111.385	111.320	111.330	5
2026-05-19 19:50	111.345	111.350	111.200	111.245	5
2026-05-19 19:55	111.235	111.385	111.235	111.380	5
2026-05-19 20:00	111.400	111.477	111.332	111.427	5
2026-05-19 20:05	111.432	111.437	111.332	111.367	5
2026-05-19 20:10	111.357	111.402	111.347	111.377	5
2026-05-19 20:15	111.382	111.382	111.207	111.257	5
2026-05-19 20:20	111.252	111.262	111.172	111.232	5
2026-05-19 20:25	111.227	111.257	111.023	111.082	5
2026-05-19 20:30	111.077	111.077	110.847	110.877	5
2026-05-19 20:35	110.882	110.917	110.778	110.917	5
2026-05-19 20:40	110.932	111.032	110.907	110.942	5
2026-05-19 20:45	110.937	111.082	110.932	110.997	5
2026-05-19 20:50	110.992	111.042	110.928	110.977	5
2026-05-19 20:55	110.992	110.992	110.877	110.947	5
2026-05-20 00:00	110.868	110.917	110.705	110.785	5
2026-05-20 00:05	110.780	110.815	110.687	110.730	5
2026-05-20 00:10	110.745	110.795	110.715	110.770	5
2026-05-20 00:15	110.777	110.895	110.775	110.895	5
2026-05-20 00:20	110.900	110.910	110.820	110.830	5
2026-05-20 00:25	110.835	110.835	110.623	110.745	5
2026-05-20 00:30	110.730	110.810	110.660	110.805	5
2026-05-20 00:35	110.800	110.800	110.715	110.740	5
2026-05-20 00:40	110.755	110.890	110.750	110.805	5
2026-05-20 00:45	110.800	110.855	110.790	110.850	5
2026-05-20 00:50	110.860	110.890	110.765	110.805	5
2026-05-20 00:55	110.815	110.900	110.775	110.845	5
2026-05-20 01:00	110.793	111.445	110.793	111.207	5
2026-05-20 01:05	111.227	111.297	111.115	111.127	5
2026-05-20 01:10	111.135	111.277	110.987	111.237	5
2026-05-20 01:15	111.235	111.275	110.990	111.045	5
2026-05-20 01:20	111.017	111.050	110.925	111.005	5
2026-05-20 01:25	111.000	111.165	110.960	111.127	5
2026-05-20 01:30	111.125	111.287	111.117	111.255	5
2026-05-20 01:35	111.245	111.405	111.217	111.275	5
2026-05-20 01:40	111.267	111.345	111.040	111.075	5
2026-05-20 01:45	111.065	111.095	110.760	110.770	5
2026-05-20 01:50	110.755	110.777	110.118	110.437	5
2026-05-20 01:55	110.427	110.685	110.357	110.647	5
2026-05-20 02:00	110.635	110.667	110.517	110.605	5
2026-05-20 02:05	110.595	110.785	110.465	110.777	5
2026-05-20 02:10	110.787	110.787	110.680	110.680	5
2026-05-20 02:15	110.675	110.935	110.658	110.845	5
2026-05-20 02:20	110.837	110.875	110.735	110.767	5
2026-05-20 02:25	110.775	111.025	110.747	110.985	5
2026-05-20 02:30	110.987	111.360	110.955	111.305	5
2026-05-20 02:35	111.295	111.470	111.167	111.205	5
2026-05-20 02:40	111.195	111.270	111.160	111.195	5
2026-05-20 02:45	111.200	111.270	111.095	111.185	5
2026-05-20 02:50	111.177	111.250	111.135	111.140	5
2026-05-20 02:55	111.135	111.255	111.100	111.240	5
2026-05-20 03:00	111.245	111.335	111.200	111.257	5
2026-05-20 03:05	111.265	111.377	111.255	111.295	5
2026-05-20 03:10	111.300	111.385	111.295	111.315	5
2026-05-20 03:15	111.297	111.355	111.075	111.095	5
2026-05-20 03:20	111.090	111.130	110.990	111.015	5
2026-05-20 03:25	111.005	111.105	110.953	111.015	5
2026-05-20 03:30	111.000	111.030	110.828	110.835	5
2026-05-20 03:35	110.840	110.855	110.640	110.660	5
2026-05-20 03:40	110.675	110.795	110.670	110.745	5
2026-05-20 03:45	110.740	110.835	110.705	110.785	5
2026-05-20 03:50	110.775	110.795	110.690	110.705	5
2026-05-20 03:55	110.700	110.715	110.515	110.625	5
2026-05-20 04:00	110.627	110.635	110.310	110.375	5
2026-05-20 04:05	110.316	110.395	110.208	110.370	5
2026-05-20 04:10	110.375	110.490	110.348	110.415	5
2026-05-20 04:15	110.420	110.500	110.415	110.495	5
2026-05-20 04:20	110.500	110.505	110.415	110.450	5
2026-05-20 04:25	110.403	110.485	110.403	110.455	5
2026-05-20 04:30	110.445	110.575	110.445	110.565	5
2026-05-20 04:35	110.580	110.720	110.563	110.680	5
2026-05-20 04:40	110.695	110.745	110.583	110.675	5
2026-05-20 04:45	110.680	110.790	110.655	110.790	5
2026-05-20 04:50	110.795	110.917	110.745	110.895	5
2026-05-20 04:55	110.907	110.915	110.855	110.865	5
2026-05-20 05:00	110.875	110.875	110.585	110.665	5
2026-05-20 05:05	110.655	110.755	110.655	110.735	5
2026-05-20 05:10	110.730	110.765	110.635	110.680	5
2026-05-20 05:15	110.685	110.785	110.677	110.687	5
2026-05-20 05:20	110.628	110.697	110.595	110.605	5
2026-05-20 05:25	110.615	110.765	110.608	110.695	5
2026-05-20 05:30	110.677	110.695	110.525	110.647	5
2026-05-20 05:35	110.665	110.805	110.595	110.625	5
2026-05-20 05:40	110.620	110.745	110.615	110.697	5
2026-05-20 05:45	110.695	110.855	110.695	110.835	5
2026-05-20 05:50	110.815	110.870	110.760	110.807	5
2026-05-20 05:55	110.815	110.920	110.785	110.825	5
2026-05-20 06:00	110.813	110.850	110.625	110.785	5
2026-05-20 06:05	110.790	110.970	110.740	110.890	5
2026-05-20 06:10	110.900	110.907	110.810	110.830	5
2026-05-20 06:15	110.815	110.840	110.333	110.355	5
2026-05-20 06:20	110.345	110.425	110.075	110.130	5
2026-05-20 06:25	110.125	110.170	110.023	110.125	5
2026-05-20 06:30	110.075	110.370	110.075	110.360	5
2026-05-20 06:35	110.365	110.407	109.965	110.105	5
2026-05-20 06:40	110.115	110.245	110.107	110.160	5
2026-05-20 06:45	110.145	110.200	109.995	110.145	5
2026-05-20 06:50	110.135	110.170	109.760	109.925	5
2026-05-20 06:55	109.905	109.975	109.818	109.845	5
2026-05-20 07:00	109.835	109.975	109.718	109.935	5
2026-05-20 07:05	109.945	110.215	109.910	110.015	5
2026-05-20 07:10	110.030	110.175	110.025	110.150	5
2026-05-20 07:15	110.155	110.175	110.058	110.085	5
2026-05-20 07:20	110.090	110.175	110.015	110.100	5
2026-05-20 07:25	110.023	110.120	109.550	109.700	5
2026-05-20 07:30	109.710	110.040	109.708	109.910	5
2026-05-20 07:35	109.935	110.225	109.925	109.985	5
2026-05-20 07:40	109.990	110.020	109.665	109.940	5
2026-05-20 07:45	109.955	110.080	109.913	110.015	5
2026-05-20 07:50	110.020	110.100	109.920	109.935	5
2026-05-20 07:55	109.925	110.055	109.905	109.995	5
2026-05-20 08:00	109.990	109.995	109.510	109.675	5
2026-05-20 08:05	109.680	109.885	109.635	109.845	5
2026-05-20 08:10	109.827	110.070	109.827	109.945	5
2026-05-20 08:15	109.955	109.955	109.810	109.925	5
2026-05-20 08:20	109.937	110.065	109.813	109.895	5
2026-05-20 08:25	109.885	110.025	109.683	109.800	5
2026-05-20 08:30	109.750	109.785	109.543	109.675	5
2026-05-20 08:35	109.665	109.730	109.075	109.235	5
2026-05-20 08:40	109.250	109.340	109.145	109.195	5
2026-05-20 08:45	109.190	109.245	108.883	109.170	5
2026-05-20 08:50	109.175	109.175	108.718	108.780	5
2026-05-20 08:55	108.775	108.950	108.697	108.935	5
2026-05-20 09:00	108.965	108.965	108.463	108.810	5
2026-05-20 09:05	108.805	109.110	108.760	108.980	5
2026-05-20 09:10	108.923	109.390	108.888	109.345	5
2026-05-20 09:15	109.313	109.365	109.188	109.285	5
2026-05-20 09:20	109.223	109.445	109.190	109.445	5
2026-05-20 09:25	109.440	109.470	109.320	109.320	5
2026-05-20 09:30	109.305	109.310	109.135	109.170	5
2026-05-20 09:35	109.160	109.310	109.108	109.300	5
2026-05-20 09:40	109.260	109.430	109.258	109.400	5
2026-05-20 09:45	109.410	109.530	109.345	109.400	5
2026-05-20 09:50	109.395	109.490	109.280	109.340	5
2026-05-20 09:55	109.335	109.345	109.138	109.200	5
2026-05-20 10:00	109.195	109.335	109.043	109.270	5
2026-05-20 10:05	109.290	109.300	108.950	109.055	5
2026-05-20 10:10	109.045	109.110	108.998	109.010	5
2026-05-20 10:15	108.970	109.170	108.933	109.110	5
2026-05-20 10:20	109.100	109.160	109.050	109.100	5
2026-05-20 10:25	109.080	109.150	108.918	108.995	5
2026-05-20 10:30	108.990	109.000	108.520	108.550	5
2026-05-20 10:35	108.540	108.575	107.953	108.195	5
2026-05-20 10:40	108.185	108.245	108.068	108.145	5
2026-05-20 10:45	108.135	108.165	107.740	108.095	5
2026-05-20 10:50	108.085	108.315	108.025	108.275	5
2026-05-20 10:55	108.270	108.375	108.240	108.315	5
2026-05-20 11:00	108.350	108.415	108.250	108.350	5
2026-05-20 11:05	108.370	108.512	108.360	108.470	5
2026-05-20 11:10	108.465	108.725	108.410	108.700	5
2026-05-20 11:15	108.705	108.875	108.545	108.870	5
2026-05-20 11:20	108.860	108.915	108.640	108.640	5
2026-05-20 11:25	108.660	108.710	108.568	108.670	5
2026-05-20 11:30	108.660	108.860	108.613	108.830	5
2026-05-20 11:35	108.835	108.895	108.718	108.795	5
2026-05-20 11:40	108.800	109.185	108.750	109.025	5
2026-05-20 11:45	109.037	109.270	108.930	109.205	5
2026-05-20 11:50	109.195	109.380	109.105	109.165	5
2026-05-20 11:55	109.125	109.135	109.000	109.085	5
2026-05-20 12:00	109.080	109.155	108.770	108.790	5
2026-05-20 12:05	108.785	108.815	108.615	108.695	5
2026-05-20 12:10	108.710	108.765	108.498	108.510	5
2026-05-20 12:15	108.505	108.505	108.260	108.265	5
2026-05-20 12:20	108.270	108.450	108.198	108.345	5
2026-05-20 12:25	108.355	108.395	107.905	107.940	5
2026-05-20 12:30	107.945	108.075	107.655	107.660	5
2026-05-20 12:35	107.655	107.925	107.505	107.820	5
2026-05-20 12:40	107.815	108.015	107.805	108.015	5
2026-05-20 12:45	108.005	108.160	107.978	108.125	5
2026-05-20 12:50	108.115	108.400	108.113	108.285	5
2026-05-20 12:55	108.290	108.515	108.240	108.415	5
2026-05-20 13:00	108.430	108.710	108.430	108.540	5
2026-05-20 13:05	108.530	108.605	108.200	108.205	5
2026-05-20 13:10	108.190	108.340	108.075	108.125	5
2026-05-20 13:15	108.135	108.295	108.058	108.265	5
2026-05-20 13:20	108.270	108.650	108.270	108.590	5
2026-05-20 13:25	108.600	108.855	108.505	108.840	5
2026-05-20 13:30	108.798	108.947	108.717	108.785	5
2026-05-20 13:35	108.795	108.940	108.785	108.790	5
2026-05-20 13:40	108.795	108.870	108.628	108.765	5
2026-05-20 13:45	108.718	108.775	108.383	108.630	5
2026-05-20 13:50	108.640	108.760	108.557	108.760	5
2026-05-20 13:55	108.755	108.965	108.628	108.930	5
2026-05-20 14:00	108.935	109.150	108.875	108.995	5
2026-05-20 14:05	109.000	109.155	108.940	109.050	5
2026-05-20 14:10	109.065	109.427	108.063	108.365	6
2026-05-20 14:15	108.358	108.403	106.063	107.208	8
2026-05-20 14:20	107.198	107.248	106.298	106.928	7
2026-05-20 14:25	106.933	107.283	106.603	106.867	6
2026-05-20 14:30	106.882	106.953	105.968	106.462	6
2026-05-20 14:35	106.455	107.135	106.363	106.908	5
2026-05-20 14:40	106.935	107.400	106.865	106.930	5
2026-05-20 14:45	106.910	107.250	106.837	107.110	5
2026-05-20 14:50	107.095	107.460	106.955	107.045	5
2026-05-20 14:55	107.060	107.105	106.740	106.950	5
2026-05-20 15:00	106.953	106.958	106.350	106.827	5
2026-05-20 15:05	106.825	107.095	106.740	107.030	5
2026-05-20 15:10	107.025	107.095	106.880	107.005	5
2026-05-20 15:15	107.000	107.000	103.223	105.287	7
2026-05-20 15:20	105.217	105.753	104.863	105.340	6
2026-05-20 15:25	105.365	106.597	105.355	106.247	5
2026-05-20 15:30	106.238	106.277	105.545	105.595	5
2026-05-20 15:35	105.637	105.740	105.303	105.590	5
2026-05-20 15:40	105.585	105.805	105.415	105.525	5
2026-05-20 15:45	105.493	105.585	105.420	105.485	5
2026-05-20 15:50	105.447	105.840	105.230	105.840	5
2026-05-20 15:55	105.857	106.043	105.350	105.750	5
2026-05-20 16:00	105.718	105.817	105.063	105.185	5
2026-05-20 16:05	105.157	105.257	104.966	105.155	5
2026-05-20 16:10	105.145	105.160	104.900	104.910	5
2026-05-20 16:15	104.955	105.297	104.915	105.235	5
2026-05-20 16:20	105.230	106.047	105.130	106.047	5
2026-05-20 16:25	106.057	106.140	105.680	105.930	5
2026-05-20 16:30	105.878	106.027	105.717	105.870	5
2026-05-20 16:35	105.850	105.850	105.320	105.385	5
2026-05-20 16:40	105.377	105.435	104.737	104.788	5
2026-05-20 16:45	104.796	104.950	104.590	104.900	5
2026-05-20 16:50	104.885	104.905	104.440	104.553	5
2026-05-20 16:55	104.556	104.695	104.440	104.657	5
2026-05-20 17:00	104.647	104.807	104.507	104.635	5
2026-05-20 17:05	104.627	104.757	104.490	104.540	5
2026-05-20 17:10	104.527	104.680	104.008	104.405	5
2026-05-20 17:15	104.425	104.465	103.885	104.025	5
2026-05-20 17:20	104.035	104.405	103.975	104.355	5
2026-05-20 17:25	104.350	104.602	104.187	104.207	5
2026-05-20 17:30	104.175	104.560	103.997	104.457	5
2026-05-20 17:35	104.450	104.515	103.988	104.407	5
2026-05-20 17:40	104.430	104.740	104.425	104.675	5
2026-05-20 17:45	104.685	104.765	104.475	104.725	5
2026-05-20 17:50	104.715	104.797	104.610	104.700	5
2026-05-20 17:55	104.705	105.170	104.620	105.147	5
2026-05-20 18:00	105.113	105.200	104.845	105.005	5
2026-05-20 18:05	105.000	105.145	104.985	105.025	5
2026-05-20 18:10	105.020	105.045	104.870	104.990	5
2026-05-20 18:15	104.985	105.090	104.880	105.060	5
2026-05-20 18:20	105.040	105.235	104.910	105.205	5
2026-05-20 18:25	105.210	105.395	104.795	104.915	5
2026-05-20 18:30	104.920	104.930	104.545	104.620	5
2026-05-20 18:35	104.610	104.825	104.595	104.665	5
2026-05-20 18:40	104.660	105.045	104.593	105.045	5
2026-05-20 18:45	105.003	105.075	104.760	104.805	5
2026-05-20 18:50	104.800	104.840	104.735	104.805	5
2026-05-20 18:55	104.795	104.815	104.613	104.690	5
2026-05-20 19:00	104.628	104.680	104.550	104.605	5
2026-05-20 19:05	104.600	104.735	104.500	104.680	5
2026-05-20 19:10	104.690	104.860	104.640	104.800	5
2026-05-20 19:15	104.810	104.890	104.783	104.890	5
2026-05-20 19:20	104.885	104.930	104.875	104.905	5
2026-05-20 19:25	104.890	104.985	104.848	104.910	5
2026-05-20 19:30	104.915	104.985	104.850	104.935	5
2026-05-20 19:35	104.945	105.020	104.557	104.865	5
2026-05-20 19:40	104.870	104.940	104.775	104.780	5
2026-05-20 19:45	104.797	104.925	104.795	104.900	5
2026-05-20 19:50	104.905	105.080	104.873	104.967	5
2026-05-20 19:55	104.955	105.085	104.918	105.055	5
2026-05-20 20:00	105.018	105.075	104.897	104.967	5
2026-05-20 20:05	104.962	105.012	104.927	104.997	5
2026-05-20 20:10	105.002	105.037	104.803	104.927	5
2026-05-20 20:15	104.942	105.062	104.882	104.892	5
2026-05-20 20:20	104.902	104.902	104.792	104.862	5
2026-05-20 20:25	104.882	104.927	104.852	104.867	5
2026-05-20 20:30	104.872	104.967	104.792	104.942	5
2026-05-20 20:35	104.937	105.062	104.912	104.992	5
2026-05-20 20:40	105.002	105.087	104.922	105.082	5
2026-05-20 20:45	105.077	105.337	105.062	105.317	5
2026-05-20 20:50	105.312	105.517	105.302	105.442	5
2026-05-20 20:55	105.432	105.462	105.298	105.452	5
2026-05-21 00:00	105.158	105.745	105.158	105.510	5
2026-05-21 00:05	105.505	105.777	105.488	105.697	5
2026-05-21 00:10	105.705	105.805	105.690	105.725	5
2026-05-21 00:15	105.750	106.587	105.690	106.197	5
2026-05-21 00:20	106.205	106.467	106.147	106.165	5
2026-05-21 00:25	106.157	106.157	106.037	106.077	5
2026-05-21 00:30	106.057	106.147	105.797	105.815	5
2026-05-21 00:35	105.787	105.845	105.707	105.767	5
2026-05-21 00:40	105.785	105.995	105.750	105.895	5
2026-05-21 00:45	105.897	105.920	105.790	105.795	5
2026-05-21 00:50	105.815	105.860	105.790	105.845	5
2026-05-21 00:55	105.835	105.850	105.725	105.765	5
2026-05-21 01:00	105.787	105.845	105.547	105.565	5
2026-05-21 01:05	105.557	105.587	105.337	105.367	5
2026-05-21 01:10	105.385	105.437	105.293	105.370	5
2026-05-21 01:15	105.365	105.537	105.365	105.445	5
2026-05-21 01:20	105.450	105.557	105.383	105.455	5
2026-05-21 01:25	105.445	105.517	105.285	105.447	5
2026-05-21 01:30	105.445	105.507	105.357	105.485	5
2026-05-21 01:35	105.505	105.570	105.398	105.495	5
2026-05-21 01:40	105.487	105.550	105.350	105.397	5
2026-05-21 01:45	105.405	105.517	105.305	105.490	5
2026-05-21 01:50	105.465	105.510	105.143	105.230	5
2026-05-21 01:55	105.245	105.267	105.137	105.265	5
2026-05-21 02:00	105.245	105.400	105.175	105.375	5
2026-05-21 02:05	105.365	105.450	105.327	105.355	5
2026-05-21 02:10	105.385	105.440	105.355	105.430	5
2026-05-21 02:15	105.435	105.512	105.397	105.415	5
2026-05-21 02:20	105.420	105.420	105.300	105.305	5
2026-05-21 02:25	105.300	105.340	105.265	105.330	5
2026-05-21 02:30	105.315	105.540	105.315	105.495	5
2026-05-21 02:35	105.500	105.500	105.331	105.435	5
2026-05-21 02:40	105.430	105.545	105.427	105.515	5
2026-05-21 02:45	105.525	105.795	105.525	105.707	5
2026-05-21 02:50	105.705	105.960	105.677	105.935	5
2026-05-21 02:55	105.937	105.990	105.855	105.895	5
2026-05-21 03:00	105.885	105.930	105.800	105.825	5
2026-05-21 03:05	105.840	105.925	105.800	105.830	5
2026-05-21 03:10	105.835	105.870	105.795	105.835	5
2026-05-21 03:15	105.855	105.925	105.800	105.845	5
2026-05-21 03:20	105.840	105.920	105.823	105.870	5
2026-05-21 03:25	105.837	105.870	105.690	105.720	5
2026-05-21 03:30	105.725	105.800	105.698	105.775	5
2026-05-21 03:35	105.770	105.800	105.745	105.800	5
2026-05-21 03:40	105.795	105.795	105.615	105.640	5
2026-05-21 03:45	105.645	105.785	105.645	105.760	5
2026-05-21 03:50	105.750	105.825	105.697	105.825	5
2026-05-21 03:55	105.830	105.830	105.743	105.760	5
2026-05-21 04:00	105.770	105.820	105.713	105.820	5
2026-05-21 04:05	105.805	105.870	105.755	105.845	5
2026-05-21 04:10	105.850	105.945	105.830	105.850	5
2026-05-21 04:15	105.865	105.880	105.815	105.820	5
2026-05-21 04:20	105.810	105.875	105.808	105.840	5
2026-05-21 04:25	105.845	105.930	105.827	105.920	5
2026-05-21 04:30	105.940	105.945	105.890	105.935	5
2026-05-21 04:35	105.945	105.950	105.790	105.795	5
2026-05-21 04:40	105.805	105.805	105.665	105.680	5
2026-05-21 04:45	105.685	105.870	105.685	105.870	5
2026-05-21 04:50	105.840	105.845	105.690	105.735	5
2026-05-21 04:55	105.685	105.690	105.490	105.535	5
2026-05-21 05:00	105.520	105.665	105.483	105.595	5
2026-05-21 05:05	105.605	105.635	105.557	105.575	5
2026-05-21 05:10	105.580	105.625	105.413	105.607	5
2026-05-21 05:15	105.605	105.605	105.520	105.545	5
2026-05-21 05:20	105.540	105.660	105.525	105.635	5
2026-05-21 05:25	105.630	105.870	105.630	105.860	5
2026-05-21 05:30	105.855	106.060	105.830	105.895	5
2026-05-21 05:35	105.890	105.925	105.805	105.887	5
2026-05-21 05:40	105.885	106.095	105.845	106.065	5
2026-05-21 05:45	106.075	106.775	106.058	106.165	5
2026-05-21 05:50	106.160	106.237	105.915	106.005	5
2026-05-21 05:55	105.997	106.165	105.997	106.130	5
2026-05-21 06:00	106.123	106.155	105.835	105.935	5
2026-05-21 06:05	105.925	105.945	105.717	105.897	5
2026-05-21 06:10	105.905	106.205	105.858	106.145	5
2026-05-21 06:15	106.130	106.500	106.100	106.390	5
2026-05-21 06:20	106.395	106.555	105.717	106.085	5
2026-05-21 06:25	106.075	106.155	105.947	106.135	5
2026-05-21 06:30	106.137	106.240	106.097	106.190	5
2026-05-21 06:35	106.205	106.425	106.158	106.345	5
2026-05-21 06:40	106.355	106.465	106.317	106.435	5
2026-05-21 06:45	106.445	106.645	106.333	106.550	5
2026-05-21 06:50	106.555	106.590	106.245	106.285	5
2026-05-21 06:55	106.280	106.375	106.198	106.265	5
2026-05-21 07:00	106.257	106.492	106.223	106.430	5
2026-05-21 07:05	106.440	106.470	106.315	106.435	5
2026-05-21 07:10	106.427	106.580	106.405	106.450	5
2026-05-21 07:15	106.373	106.560	106.365	106.497	5
2026-05-21 07:20	106.495	106.495	106.315	106.347	5
2026-05-21 07:25	106.345	106.450	106.213	106.285	5
2026-05-21 07:30	106.233	106.290	106.075	106.085	5
2026-05-21 07:35	106.080	106.180	105.905	105.935	5
2026-05-21 07:40	105.945	106.060	105.895	106.045	5
2026-05-21 07:45	106.055	106.100	105.905	106.047	5
2026-05-21 07:50	106.045	106.100	105.948	106.065	5
2026-05-21 07:55	106.060	106.075	105.895	105.900	5
2026-05-21 08:00	105.887	105.930	105.375	105.450	5
2026-05-21 08:05	105.435	105.500	105.320	105.335	5
2026-05-21 08:10	105.345	105.410	104.738	104.825	5
2026-05-21 08:15	104.820	105.415	104.648	105.385	5
2026-05-21 08:20	105.377	105.635	105.127	105.457	5
2026-05-21 08:25	105.465	105.770	105.238	105.298	5
2026-05-21 08:30	105.392	105.915	105.318	105.810	5
2026-05-21 08:35	105.805	106.095	105.750	106.005	5
2026-05-21 08:40	106.010	106.090	105.843	105.920	5
2026-05-21 08:45	105.915	106.095	105.575	105.660	5
2026-05-21 08:50	105.680	105.757	105.113	105.227	5
2026-05-21 08:55	105.225	105.290	104.838	105.045	5
2026-05-21 09:00	105.028	105.070	104.737	104.985	5
2026-05-21 09:05	104.995	105.005	104.437	104.685	5
2026-05-21 09:10	104.690	104.910	104.627	104.827	5
2026-05-21 09:15	104.835	104.957	104.663	104.915	5
2026-05-21 09:20	104.907	104.990	104.600	104.600	5
2026-05-21 09:25	104.605	104.785	104.043	104.115	5
2026-05-21 09:30	104.105	104.155	103.790	104.065	5
2026-05-21 09:35	104.045	104.075	103.820	104.055	5
2026-05-21 09:40	104.050	104.345	104.005	104.335	5
2026-05-21 09:45	104.337	104.337	104.123	104.265	5
2026-05-21 09:50	104.270	104.315	104.157	104.260	5
2026-05-21 09:55	104.285	104.445	104.135	104.155	5
2026-05-21 10:00	104.160	104.250	104.035	104.160	5
2026-05-21 10:05	104.175	104.195	104.115	104.130	5
2026-05-21 10:10	104.135	104.190	104.060	104.060	5
2026-05-21 10:15	104.055	104.320	104.045	104.295	5
2026-05-21 10:20	104.285	104.580	104.270	104.485	5
2026-05-21 10:25	104.490	106.315	104.470	106.145	5
2026-05-21 10:30	106.150	106.837	106.038	106.625	5
2026-05-21 10:35	106.620	107.235	106.380	107.190	5
2026-05-21 10:40	107.185	107.460	106.955	107.165	5
2026-05-21 10:45	107.170	107.365	107.087	107.255	5
2026-05-21 10:50	107.260	107.695	107.160	107.305	5
2026-05-21 10:55	107.295	107.455	107.230	107.340	5
2026-05-21 11:00	107.298	107.360	106.775	106.985	5
2026-05-21 11:05	106.990	107.265	106.873	107.120	5
2026-05-21 11:10	107.125	107.195	106.958	107.115	5
2026-05-21 11:15	107.130	107.285	107.010	107.085	5
2026-05-21 11:20	107.080	107.140	106.535	106.955	5
2026-05-21 11:25	106.977	107.020	106.740	106.770	5
2026-05-21 11:30	106.775	106.925	106.690	106.920	5
2026-05-21 11:35	106.915	106.970	106.740	106.770	5
2026-05-21 11:40	106.775	106.930	106.660	106.930	5
2026-05-21 11:45	106.925	107.015	106.800	106.815	5
2026-05-21 11:50	106.820	106.830	106.675	106.790	5
2026-05-21 11:55	106.795	107.025	106.785	106.920	5
2026-05-21 12:00	106.930	106.960	106.818	106.925	5
2026-05-21 12:05	106.935	107.005	106.863	106.920	5
2026-05-21 12:10	106.935	107.200	106.885	107.180	5
2026-05-21 12:15	107.185	107.245	107.070	107.225	5
2026-05-21 12:20	107.230	107.475	107.230	107.410	5
2026-05-21 12:25	107.405	107.435	107.280	107.435	5
2026-05-21 12:30	107.437	107.555	106.753	106.845	5
2026-05-21 12:35	106.847	107.117	106.690	106.870	5
2026-05-21 12:40	106.885	107.020	106.681	106.925	5
2026-05-21 12:45	106.915	107.010	106.738	106.935	5
2026-05-21 12:50	106.940	107.360	106.883	106.960	5
2026-05-21 12:55	106.965	107.310	106.933	107.310	5
2026-05-21 13:00	107.328	107.495	106.940	107.090	5
2026-05-21 13:05	107.105	107.815	107.075	107.790	5
2026-05-21 13:10	107.765	108.300	107.743	108.165	5
2026-05-21 13:15	108.170	108.395	108.108	108.240	5
2026-05-21 13:20	108.245	108.610	108.145	108.560	5
2026-05-21 13:25	108.545	108.735	108.348	108.510	5
2026-05-21 13:30	108.505	109.150	108.440	108.875	5
2026-05-21 13:35	108.905	109.147	108.798	109.097	5
2026-05-21 13:40	109.095	109.245	108.683	108.755	5
2026-05-21 13:45	108.760	108.805	108.610	108.730	5
2026-05-21 13:50	108.740	108.750	106.625	106.815	5
2026-05-21 13:55	106.820	107.115	106.523	106.760	5
2026-05-21 14:00	106.778	107.270	106.568	107.195	5
2026-05-21 14:05	107.200	107.415	107.058	107.370	5
2026-05-21 14:10	107.375	107.680	107.255	107.523	5
2026-05-21 14:15	107.478	107.857	107.345	107.525	5
2026-05-21 14:20	107.530	107.535	107.133	107.133	5
2026-05-21 14:25	107.195	107.240	106.945	107.037	5
2026-05-21 14:30	107.045	107.065	106.688	106.910	5
2026-05-21 14:35	106.905	106.955	106.830	106.910	5
2026-05-21 14:40	106.905	107.440	106.900	107.325	5
2026-05-21 14:45	107.320	107.590	107.135	107.305	5
2026-05-21 14:50	107.290	107.650	107.248	107.625	5
2026-05-21 14:55	107.620	107.725	107.508	107.635	5
2026-05-21 15:00	107.593	108.000	107.480	107.910	5
2026-05-21 15:05	107.920	108.415	107.773	108.300	5
2026-05-21 15:10	108.305	108.340	107.413	107.745	5
2026-05-21 15:15	107.747	107.910	107.613	107.837	5
2026-05-21 15:20	107.845	108.045	107.788	108.020	5
2026-05-21 15:25	108.030	108.385	107.935	108.160	5
2026-05-21 15:30	108.150	108.200	107.730	107.755	5
2026-05-21 15:35	107.750	107.945	107.648	107.685	5
2026-05-21 15:40	107.695	107.720	107.578	107.660	5
2026-05-21 15:45	107.655	107.680	107.203	107.270	5
2026-05-21 15:50	107.295	107.430	107.265	107.275	5
2026-05-21 15:55	107.270	107.280	107.015	107.025	5
2026-05-21 16:00	107.015	107.015	106.255	106.510	5
2026-05-21 16:05	106.446	106.550	106.225	106.325	5
2026-05-21 16:10	106.330	106.877	106.225	106.740	5
2026-05-21 16:15	106.735	107.035	106.707	106.865	5
2026-05-21 16:20	106.870	107.037	106.765	106.835	5
2026-05-21 16:25	106.845	106.915	106.700	106.730	5
2026-05-21 16:30	106.715	106.755	106.540	106.635	5
2026-05-21 16:35	106.657	106.885	106.608	106.830	5
2026-05-21 16:40	106.820	106.895	106.585	106.590	5
2026-05-21 16:45	106.570	106.775	106.570	106.760	5
2026-05-21 16:50	106.750	106.860	106.695	106.710	5
2026-05-21 16:55	106.705	106.730	106.400	106.415	5
2026-05-21 17:00	106.410	106.540	106.325	106.495	5
2026-05-21 17:05	106.500	106.795	106.465	106.680	5
2026-05-21 17:10	106.690	106.690	105.157	105.545	5
2026-05-21 17:15	105.540	105.607	104.238	104.660	5
2026-05-21 17:20	104.655	104.895	103.757	104.490	5
2026-05-21 17:25	104.485	104.847	104.370	104.745	5
2026-05-21 17:30	104.755	105.180	104.590	104.615	5
2026-05-21 17:35	104.610	104.670	104.335	104.375	5
2026-05-21 17:40	104.380	104.400	103.368	103.475	5
2026-05-21 17:45	103.470	103.660	102.770	102.837	5
2026-05-21 17:50	102.835	103.030	102.260	102.400	5
2026-05-21 17:55	102.395	102.770	102.123	102.735	5
2026-05-21 18:00	102.778	103.560	102.448	103.560	5
2026-05-21 18:05	103.565	103.780	103.025	103.187	5
2026-05-21 18:10	103.190	103.505	102.938	103.050	5
2026-05-21 18:15	103.035	103.317	103.018	103.067	5
2026-05-21 18:20	103.065	103.105	102.590	102.640	5
2026-05-21 18:25	102.645	102.895	102.398	102.610	5
2026-05-21 18:30	102.605	102.795	102.468	102.655	5
2026-05-21 18:35	102.650	103.065	102.545	103.025	5
2026-05-21 18:40	103.040	103.040	102.690	102.890	5
2026-05-21 18:45	102.885	103.657	102.768	103.607	5
2026-05-21 18:50	103.597	104.830	103.253	104.830	5
2026-05-21 18:55	104.847	104.915	104.478	104.645	5
2026-05-21 19:00	104.603	104.707	104.170	104.210	5
2026-05-21 19:05	104.205	104.597	104.047	104.085	5
2026-05-21 19:10	104.105	104.237	103.970	103.995	5
2026-05-21 19:15	103.977	104.135	103.850	103.895	5
2026-05-21 19:20	103.900	104.020	103.807	103.997	5
2026-05-21 19:25	103.995	104.155	103.808	104.067	5
2026-05-21 19:30	104.087	104.140	103.985	104.137	5
2026-05-21 19:35	104.135	104.135	103.735	103.755	5
2026-05-21 19:40	103.750	104.235	103.675	104.195	5
2026-05-21 19:45	104.225	104.250	104.017	104.065	5
2026-05-21 19:50	104.001	104.877	103.898	104.667	5
2026-05-21 19:55	104.667	104.815	103.777	104.047	5
2026-05-21 20:00	104.003	104.302	103.833	104.197	5
2026-05-21 20:05	104.192	104.367	104.092	104.262	5
2026-05-21 20:10	104.243	104.362	104.117	104.292	5
2026-05-21 20:15	104.273	104.447	104.237	104.442	5
2026-05-21 20:20	104.427	104.642	104.332	104.613	5
2026-05-21 20:25	104.612	104.617	104.417	104.617	5
2026-05-21 20:30	104.622	104.677	104.542	104.672	5
2026-05-21 20:35	104.682	104.707	104.612	104.627	5
2026-05-21 20:40	104.637	104.812	104.577	104.772	5
2026-05-21 20:45	104.762	104.877	104.747	104.877	5
2026-05-21 20:50	104.862	104.912	104.752	104.812	5
2026-05-21 20:55	104.822	104.882	104.797	104.877	5
2026-05-22 00:00	104.593	104.887	104.527	104.605	5
2026-05-22 00:05	104.607	104.615	104.458	104.585	5
2026-05-22 00:10	104.567	104.635	104.405	104.507	5
2026-05-22 00:15	104.487	104.515	104.407	104.505	5
2026-05-22 00:20	104.507	104.645	104.477	104.635	5
2026-05-22 00:25	104.640	104.957	104.625	104.847	5
2026-05-22 00:30	104.857	104.965	104.813	104.937	5
2026-05-22 00:35	104.947	104.947	104.867	104.930	5
2026-05-22 00:40	104.915	104.960	104.900	104.915	5
2026-05-22 00:45	104.925	104.960	104.855	104.880	5
2026-05-22 00:50	104.885	104.895	104.730	104.745	5
2026-05-22 00:55	104.735	104.777	104.555	104.775	5
2026-05-22 01:00	104.698	104.950	104.560	104.875	5
2026-05-22 01:05	104.890	104.967	104.817	104.935	5
2026-05-22 01:10	104.915	105.060	104.915	105.000	5
2026-05-22 01:15	104.995	105.127	104.908	105.047	5
2026-05-22 01:20	105.037	105.037	104.780	104.987	5
2026-05-22 01:25	104.997	105.090	104.865	104.895	5
2026-05-22 01:30	104.885	104.895	104.718	104.793	5
2026-05-22 01:35	104.798	104.937	104.748	104.845	5
2026-05-22 01:40	104.835	104.880	104.595	104.620	5
2026-05-22 01:45	104.625	104.665	104.560	104.585	5
2026-05-22 01:50	104.538	104.547	104.345	104.355	5
2026-05-22 01:55	104.367	104.445	104.325	104.375	5
2026-05-22 02:00	104.367	104.445	104.317	104.437	5
2026-05-22 02:05	104.445	104.550	104.397	104.550	5
2026-05-22 02:10	104.565	104.695	104.565	104.637	5
2026-05-22 02:15	104.682	104.720	104.415	104.545	5
2026-05-22 02:20	104.550	104.550	104.397	104.477	5
2026-05-22 02:25	104.475	104.585	104.475	104.547	5
2026-05-22 02:30	104.545	104.547	104.317	104.397	5
2026-05-22 02:35	104.407	104.437	104.290	104.335	5
2026-05-22 02:40	104.325	104.337	104.115	104.235	5
2026-05-22 02:45	104.230	104.277	104.115	104.147	5
2026-05-22 02:50	104.155	104.207	104.065	104.177	5
2026-05-22 02:55	104.167	104.265	104.110	104.167	5
2026-05-22 03:00	104.147	104.175	104.035	104.145	5
2026-05-22 03:05	104.137	104.205	104.073	104.145	5
2026-05-22 03:10	104.155	104.157	103.995	104.125	5
2026-05-22 03:15	104.115	104.227	104.073	104.197	5
2026-05-22 03:20	104.205	104.255	104.165	104.250	5
2026-05-22 03:25	104.245	104.295	104.190	104.290	5
2026-05-22 03:30	104.285	104.310	104.205	104.217	5
2026-05-22 03:35	104.225	104.240	104.177	104.185	5
2026-05-22 03:40	104.205	104.235	104.153	104.235	5
2026-05-22 03:45	104.230	104.235	104.200	104.200	5
2026-05-22 03:50	104.153	104.295	104.153	104.265	5
2026-05-22 03:55	104.260	104.275	104.205	104.235	4
2026-05-22 04:00	104.225	104.235	104.178	104.205	5
2026-05-22 04:05	104.195	104.195	104.035	104.130	5
2026-05-22 04:10	104.125	104.135	104.040	104.060	5
2026-05-22 04:15	104.075	104.105	103.930	103.960	5
2026-05-22 04:20	103.965	103.965	103.750	103.905	5
2026-05-22 04:25	103.858	104.065	103.858	104.037	5
2026-05-22 04:30	104.037	104.075	103.995	104.025	5
2026-05-22 04:35	104.017	104.105	104.017	104.045	5
2026-05-22 04:40	103.998	104.120	103.998	104.110	5
2026-05-22 04:45	104.115	104.125	104.025	104.100	5
2026-05-22 04:50	104.095	104.185	104.038	104.185	5
2026-05-22 04:55	104.232	104.267	104.138	104.215	5
2026-05-22 05:00	104.168	104.317	104.168	104.285	5
2026-05-22 05:05	104.277	104.317	104.255	104.310	5
2026-05-22 05:10	104.315	104.605	104.305	104.595	5
2026-05-22 05:15	104.585	104.630	104.527	104.555	5
2026-05-22 05:20	104.565	104.645	104.555	104.600	5
2026-05-22 05:25	104.590	104.595	104.495	104.590	5
2026-05-22 05:30	104.570	104.725	104.570	104.705	5
2026-05-22 05:35	104.715	104.785	104.553	104.645	5
2026-05-22 05:40	104.665	104.685	104.585	104.675	5
2026-05-22 05:45	104.670	104.730	104.597	104.675	5
2026-05-22 05:50	104.680	104.900	104.675	104.895	5
2026-05-22 05:55	104.885	105.447	104.815	105.270	5
2026-05-22 06:00	105.277	105.555	105.047	105.095	5
2026-05-22 06:05	105.090	105.170	105.038	105.125	5
2026-05-22 06:10	105.147	105.245	105.075	105.077	5
2026-05-22 06:15	105.085	105.135	104.758	104.970	5
2026-05-22 06:20	104.950	105.045	104.883	105.010	5
2026-05-22 06:25	104.980	105.005	104.835	104.835	5
2026-05-22 06:30	104.830	104.957	104.733	104.935	5
2026-05-22 06:35	104.945	105.000	104.937	104.965	5
2026-05-22 06:40	104.960	104.970	104.763	104.925	5
2026-05-22 06:45	104.915	105.220	104.885	105.210	5
2026-05-22 06:50	105.207	105.230	105.127	105.230	5
2026-05-22 06:55	105.210	105.210	104.800	104.835	5
2026-05-22 07:00	104.793	105.110	104.763	104.995	5
2026-05-22 07:05	104.990	105.025	104.883	104.925	5
2026-05-22 07:10	104.907	105.370	104.897	105.370	5
2026-05-22 07:15	105.365	105.415	105.040	105.045	5
2026-05-22 07:20	105.030	105.035	104.835	104.875	5
2026-05-22 07:25	104.895	105.095	104.818	105.040	5
2026-05-22 07:30	105.050	105.670	105.045	105.570	5
2026-05-22 07:35	105.590	105.685	105.508	105.655	5
2026-05-22 07:40	105.645	105.740	105.433	105.515	5
2026-05-22 07:45	105.505	105.810	105.505	105.570	5
2026-05-22 07:50	105.585	105.675	105.498	105.600	5
2026-05-22 07:55	105.605	105.715	105.325	105.345	5
2026-05-22 08:00	105.290	105.375	105.160	105.275	5
2026-05-22 08:05	105.277	105.575	105.238	105.320	5
2026-05-22 08:10	105.350	105.585	105.313	105.445	5
2026-05-22 08:15	105.440	105.440	104.990	105.265	5
2026-05-22 08:20	105.267	105.635	105.167	105.560	5
2026-05-22 08:25	105.550	105.645	105.323	105.340	5
2026-05-22 08:30	105.323	106.223	105.275	106.136	5
2026-05-22 08:35	106.130	106.340	105.428	105.745	5
2026-05-22 08:40	105.735	105.917	105.675	105.865	5
2026-05-22 08:45	105.870	105.870	105.685	105.745	5
2026-05-22 08:50	105.755	105.810	105.248	105.305	5
2026-05-22 08:55	105.325	105.735	105.305	105.705	5
2026-05-22 09:00	105.695	106.005	105.663	105.925	5
2026-05-22 09:05	105.927	106.035	105.840	105.875	5
2026-05-22 09:10	105.885	106.030	105.855	105.960	5
2026-05-22 09:15	105.965	106.005	105.815	105.960	5
2026-05-22 09:20	105.965	105.990	105.730	105.845	5
2026-05-22 09:25	105.870	105.925	105.755	105.765	5
2026-05-22 09:30	105.770	105.820	105.415	105.430	5
2026-05-22 09:35	105.425	105.425	104.783	104.995	5
2026-05-22 09:40	105.010	105.305	105.005	105.305	5
2026-05-22 09:45	105.285	105.520	105.265	105.465	5
2026-05-22 09:50	105.470	105.490	105.310	105.355	5
2026-05-22 09:55	105.360	105.510	105.255	105.365	5
2026-05-22 10:00	105.318	105.355	105.165	105.235	5
2026-05-22 10:05	105.210	105.210	104.875	104.945	5
2026-05-22 10:10	104.930	104.950	104.580	104.950	5
2026-05-22 10:15	104.960	105.200	104.930	105.140	5
2026-05-22 10:20	105.135	105.270	105.125	105.240	5
2026-05-22 10:25	105.250	105.475	105.228	105.440	5
2026-05-22 10:30	105.435	105.790	105.398	105.660	5
2026-05-22 10:35	105.665	105.695	105.213	105.265	5
2026-05-22 10:40	105.260	105.300	105.160	105.240	5
2026-05-22 10:45	105.265	105.305	105.055	105.070	5
2026-05-22 10:50	105.060	105.245	105.028	105.245	5
2026-05-22 10:55	105.208	105.370	105.208	105.290	5
2026-05-22 11:00	105.295	105.357	105.190	105.320	5
2026-05-22 11:05	105.330	105.550	105.315	105.445	5
2026-05-22 11:10	105.435	105.505	105.343	105.475	5
2026-05-22 11:15	105.470	105.505	105.385	105.485	5
2026-05-22 11:20	105.490	105.610	105.423	105.590	5
2026-05-22 11:25	105.585	105.610	105.475	105.565	5
2026-05-22 11:30	105.560	105.620	105.435	105.460	5
2026-05-22 11:35	105.455	105.455	105.125	105.155	5
2026-05-22 11:40	105.160	105.240	104.680	104.710	5
2026-05-22 11:45	104.725	104.725	104.263	104.555	5
2026-05-22 11:50	104.550	104.870	104.473	104.595	5
2026-05-22 11:55	104.585	104.595	104.395	104.400	5
2026-05-22 12:00	104.365	104.600	104.243	104.495	5
2026-05-22 12:05	104.500	104.535	104.265	104.325	5
2026-05-22 12:10	104.345	104.355	102.937	102.997	5
2026-05-22 12:15	103.037	103.705	102.668	102.935	5
2026-05-22 12:20	102.945	103.467	102.898	103.090	5
2026-05-22 12:25	103.095	103.880	102.993	103.547	5
2026-05-22 12:30	103.537	103.600	103.255	103.430	5
2026-05-22 12:35	103.425	103.620	103.398	103.457	5
2026-05-22 12:40	103.455	103.837	103.375	103.615	5
2026-05-22 12:45	103.620	103.715	103.273	103.280	5
2026-05-22 12:50	103.295	103.565	103.210	103.285	5
2026-05-22 12:55	103.275	103.497	102.988	103.055	5
2026-05-22 13:00	103.042	103.595	102.968	103.520	5
2026-05-22 13:05	103.515	103.570	102.798	102.850	5
2026-05-22 13:10	102.845	103.047	102.265	102.905	5
2026-05-22 13:15	102.910	103.007	102.597	102.867	5
2026-05-22 13:20	102.885	103.085	102.693	103.070	5
2026-05-22 13:25	103.050	103.340	102.968	103.320	5
2026-05-22 13:30	103.347	104.058	103.165	103.685	5
2026-05-22 13:35	103.648	103.675	103.247	103.505	5
2026-05-22 13:40	103.515	104.305	103.487	104.000	5
2026-05-22 13:45	103.995	104.405	103.855	104.357	5
2026-05-22 13:50	104.377	104.680	104.365	104.525	5
2026-05-22 13:55	104.535	104.635	104.300	104.315	5
2026-05-22 14:00	104.273	104.670	104.273	104.440	5
2026-05-22 14:05	104.450	104.675	104.250	104.310	5
2026-05-22 14:10	104.305	104.590	104.195	104.465	5
2026-05-22 14:15	104.470	104.490	104.243	104.400	5
2026-05-22 14:20	104.420	104.525	104.348	104.425	5
2026-05-22 14:25	104.420	104.475	104.220	104.270	5
2026-05-22 14:30	104.285	104.310	104.070	104.105	5
2026-05-22 14:35	104.100	104.450	104.000	104.430	5
2026-05-22 14:40	104.445	104.475	104.130	104.130	5
2026-05-22 14:45	104.110	104.160	103.963	104.070	5
2026-05-22 14:50	104.085	104.210	104.078	104.170	5
2026-05-22 14:55	104.165	104.270	104.098	104.230	5
2026-05-22 15:00	104.188	104.545	104.188	104.255	5
2026-05-22 15:05	104.260	104.385	103.950	104.270	5
2026-05-22 15:10	104.265	104.360	104.190	104.210	5
2026-05-22 15:15	104.220	104.245	104.058	104.115	5
2026-05-22 15:20	104.110	104.240	104.025	104.065	5
2026-05-22 15:25	104.070	104.210	103.950	103.965	5
2026-05-22 15:30	103.970	103.980	103.498	103.700	5
2026-05-22 15:35	103.710	103.770	103.578	103.605	5
2026-05-22 15:40	103.610	103.665	103.490	103.530	5
2026-05-22 15:45	103.520	103.620	103.397	103.605	5
2026-05-22 15:50	103.590	103.590	103.338	103.420	5
2026-05-22 15:55	103.415	103.600	103.370	103.540	5
2026-05-22 16:00	103.535	103.845	103.475	103.570	5
2026-05-22 16:05	103.565	103.780	103.520	103.715	5
2026-05-22 16:10	103.720	103.720	103.385	103.465	5
2026-05-22 16:15	103.475	103.740	103.423	103.705	5
2026-05-22 16:20	103.720	103.720	103.463	103.520	5
2026-05-22 16:25	103.515	103.590	103.263	103.300	5
2026-05-22 16:30	103.290	103.300	102.955	103.265	5
2026-05-22 16:35	103.270	103.420	103.208	103.355	5
2026-05-22 16:40	103.365	103.410	103.270	103.355	5
2026-05-22 16:45	103.360	103.360	103.113	103.330	5
2026-05-22 16:50	103.320	103.555	103.245	103.530	5
2026-05-22 16:55	103.520	103.780	103.430	103.430	5
2026-05-22 17:00	103.395	103.410	102.980	103.040	5
2026-05-22 17:05	103.035	103.035	102.875	102.925	5
2026-05-22 17:10	102.930	103.170	102.848	103.130	5
2026-05-22 17:15	103.115	103.317	102.960	103.258	5
2026-05-22 17:20	103.557	103.885	103.337	103.770	5
2026-05-22 17:25	103.757	103.757	101.348	101.527	5
2026-05-22 17:30	101.557	102.477	101.403	102.475	5
2026-05-22 17:35	102.447	102.585	101.837	101.965	5
2026-05-22 17:40	101.977	102.260	101.887	102.245	5
2026-05-22 17:45	102.247	102.410	102.155	102.410	5
2026-05-22 17:50	102.415	102.685	102.387	102.650	5
2026-05-22 17:55	102.635	102.820	102.440	102.675	5
2026-05-22 18:00	102.667	103.237	102.595	102.960	5
2026-05-22 18:05	102.970	103.045	102.730	103.040	5
2026-05-22 18:10	102.998	103.305	102.998	103.220	5
2026-05-22 18:15	103.225	103.390	103.120	103.345	5
2026-05-22 18:20	103.335	103.440	103.165	103.310	5
2026-05-22 18:25	103.315	103.685	102.933	103.675	5
2026-05-22 18:30	103.680	103.685	103.350	103.380	5
2026-05-22 18:35	103.375	103.525	103.067	103.230	5
2026-05-22 18:40	103.240	103.427	103.073	103.215	5
2026-05-22 18:45	103.185	103.295	103.107	103.245	5
2026-05-22 18:50	103.250	103.250	102.923	102.990	5
2026-05-22 18:55	102.995	103.145	102.925	103.140	5
2026-05-22 19:00	103.125	103.685	103.103	103.495	5
2026-05-22 19:05	103.505	103.725	103.495	103.690	5
2026-05-22 19:10	103.697	103.945	103.675	103.890	5
2026-05-22 19:15	103.880	103.880	103.705	103.710	5
2026-05-22 19:20	103.715	103.865	103.710	103.745	5
2026-05-22 19:25	103.750	103.950	103.750	103.915	5
2026-05-22 19:30	103.925	104.010	103.885	103.885	5
2026-05-22 19:35	103.895	103.895	103.740	103.745	5
2026-05-22 19:40	103.750	103.825	103.520	103.560	5
2026-05-22 19:45	103.570	103.775	103.558	103.710	5
2026-05-22 19:50	103.715	103.805	103.577	103.597	5
2026-05-22 19:55	103.590	103.590	103.205	103.357	5
2026-05-22 20:00	103.318	103.542	103.248	103.517	5
2026-05-22 20:05	103.507	103.537	103.278	103.417	5
2026-05-22 20:10	103.437	103.467	103.153	103.197	5
2026-05-22 20:15	103.202	103.227	102.893	103.092	5
2026-05-22 20:20	103.117	103.167	103.022	103.092	5
2026-05-22 20:25	103.077	103.192	103.072	103.172	5
2026-05-22 20:30	103.202	103.562	103.133	103.372	5
2026-05-22 20:35	103.357	103.542	103.237	103.497	5
2026-05-22 20:40	103.507	104.072	103.497	103.983	5
2026-05-22 20:45	103.983	103.983	103.662	103.712	5
2026-05-22 20:50	103.742	103.947	103.577	103.772	5
2026-05-22 20:55	103.767	104.042	103.667	103.917	5
2026-05-25 00:00	98.658	98.855	98.595	98.815	5
2026-05-25 00:05	98.837	98.855	98.565	98.655	5
2026-05-25 00:10	98.647	98.767	98.617	98.755	5
2026-05-25 00:15	98.770	98.770	98.595	98.655	5
2026-05-25 00:20	98.670	98.730	98.460	98.470	5
2026-05-25 00:25	98.465	98.685	98.455	98.590	5
2026-05-25 00:30	98.565	98.647	98.455	98.637	5
2026-05-25 00:35	98.645	98.685	98.575	98.645	5
2026-05-25 00:40	98.647	98.785	98.588	98.697	5
2026-05-25 00:45	98.695	98.720	97.637	97.897	5
2026-05-25 00:50	97.897	98.317	97.810	98.277	5
2026-05-25 00:55	98.297	98.727	98.287	98.727	5
2026-05-25 01:00	98.747	99.135	98.607	99.037	5
2026-05-25 01:05	99.045	99.275	98.937	99.117	5
2026-05-25 01:10	99.115	99.397	99.090	99.365	5
2026-05-25 01:15	99.337	99.427	99.297	99.315	5
2026-05-25 01:20	99.300	99.337	99.118	99.327	5
2026-05-25 01:25	99.327	99.385	99.257	99.287	5
2026-05-25 01:30	99.275	99.405	99.197	99.325	5
2026-05-25 01:35	99.330	99.475	99.325	99.470	5
2026-05-25 01:40	99.475	99.547	99.407	99.515	5
2026-05-25 01:45	99.507	99.565	99.455	99.455	5
2026-05-25 01:50	99.457	99.465	99.215	99.235	5
2026-05-25 01:55	99.230	99.370	99.185	99.275	5
2026-05-25 02:00	99.280	99.425	99.255	99.405	5
2026-05-25 02:05	99.415	99.415	98.967	99.005	5
2026-05-25 02:10	99.000	99.065	98.957	99.005	5
2026-05-25 02:15	99.025	99.127	99.005	99.077	5
2026-05-25 02:20	99.085	99.115	98.947	98.955	5
2026-05-25 02:25	98.947	99.025	98.903	98.975	5
2026-05-25 02:30	98.960	98.995	98.805	98.860	5
2026-05-25 02:35	98.807	98.850	98.680	98.755	5
2026-05-25 02:40	98.750	98.822	98.615	98.630	5
2026-05-25 02:45	98.635	98.717	98.565	98.715	5
2026-05-25 02:50	98.697	98.755	98.667	98.705	5
2026-05-25 02:55	98.687	98.687	98.463	98.505	5
2026-05-25 03:00	98.500	98.515	98.397	98.485	5
2026-05-25 03:05	98.480	98.525	98.117	98.235	5
2026-05-25 03:10	98.247	98.280	98.115	98.227	5
2026-05-25 03:15	98.225	98.225	97.995	98.097	5
2026-05-25 03:20	98.095	98.095	97.660	97.820	5
2026-05-25 03:25	97.773	97.860	97.655	97.777	5
2026-05-25 03:30	97.767	97.775	97.367	97.525	5
2026-05-25 03:35	97.515	97.717	97.165	97.687	5
2026-05-25 03:40	97.697	97.785	97.635	97.707	5
2026-05-25 03:45	97.707	97.915	97.677	97.915	5
2026-05-25 03:50	97.920	97.955	97.740	97.830	5
2026-05-25 03:55	97.805	97.805	97.545	97.705	5
2026-05-25 04:00	97.715	97.795	97.680	97.790	5
2026-05-25 04:05	97.795	97.940	97.795	97.880	5
2026-05-25 04:10	97.905	98.035	97.808	98.025	5
2026-05-25 04:15	98.017	98.065	97.965	97.980	5
2026-05-25 04:20	97.987	97.995	97.840	97.860	5
2026-05-25 04:25	97.895	97.895	97.777	97.835	5
2026-05-25 04:30	97.830	97.947	97.823	97.875	5
2026-05-25 04:35	97.870	97.940	97.830	97.935	5
2026-05-25 04:40	97.937	97.950	97.837	97.850	5
2026-05-25 04:45	97.855	97.897	97.740	97.750	5
2026-05-25 04:50	97.740	97.805	97.647	97.660	5
2026-05-25 04:55	97.655	97.767	97.645	97.767	5
2026-05-25 05:00	97.765	97.817	97.655	97.675	5
2026-05-25 05:05	97.667	97.715	97.630	97.647	5
2026-05-25 05:10	97.637	97.637	97.440	97.587	5
2026-05-25 05:15	97.595	97.677	97.478	97.488	5
2026-05-25 05:20	97.530	97.585	97.405	97.520	5
2026-05-25 05:25	97.438	97.705	97.438	97.700	5
2026-05-25 05:30	97.705	97.795	97.610	97.697	5
2026-05-25 05:35	97.687	97.845	97.573	97.787	5
2026-05-25 05:40	97.787	97.935	97.750	97.760	5
2026-05-25 05:45	97.765	97.847	97.657	97.847	5
2026-05-25 05:50	97.845	97.885	97.667	97.670	5
2026-05-25 05:55	97.685	97.842	97.660	97.810	5
2026-05-25 06:00	97.800	97.990	97.697	97.990	5
2026-05-25 06:05	97.985	98.240	97.975	98.080	5
2026-05-25 06:10	98.075	98.195	98.027	98.147	5
2026-05-25 06:15	98.157	98.197	98.095	98.185	5
2026-05-25 06:20	98.187	98.285	98.120	98.125	5
2026-05-25 06:25	98.120	98.205	98.097	98.185	5
2026-05-25 06:30	98.230	98.477	98.168	98.405	5
2026-05-25 06:35	98.400	98.465	98.355	98.385	5
2026-05-25 06:40	98.377	98.430	98.345	98.405	5
2026-05-25 06:45	98.395	98.480	98.320	98.440	5
2026-05-25 06:50	98.470	98.500	98.435	98.470	5
2026-05-25 06:55	98.465	98.490	98.318	98.365	5
2026-05-25 07:00	98.288	98.480	98.253	98.360	5
2026-05-25 07:05	98.355	98.470	98.355	98.425	5
2026-05-25 07:10	98.435	98.905	98.385	98.900	5
2026-05-25 07:15	98.895	99.540	98.840	99.455	5
2026-05-25 07:20	99.497	99.590	99.210	99.445	5
2026-05-25 07:25	99.440	99.475	99.135	99.365	5
2026-05-25 07:30	99.345	99.465	98.517	98.950	5
2026-05-25 07:35	98.940	99.045	98.763	98.870	5
2026-05-25 07:40	98.865	98.895	98.687	98.857	5
2026-05-25 07:45	98.875	99.010	98.627	98.637	5
2026-05-25 07:50	98.647	98.797	98.560	98.617	5
2026-05-25 07:55	98.625	98.625	98.453	98.600	5
2026-05-25 08:00	98.558	98.665	98.457	98.600	5
2026-05-25 08:05	98.595	98.725	98.473	98.580	5
2026-05-25 08:10	98.575	98.785	98.515	98.730	5
2026-05-25 08:15	98.715	99.145	98.695	99.065	5
2026-05-25 08:20	99.055	99.295	98.990	99.255	5
2026-05-25 08:25	99.250	99.405	99.125	99.360	5
2026-05-25 08:30	99.318	99.475	99.005	99.130	5
2026-05-25 08:35	99.135	99.305	99.000	99.005	5
2026-05-25 08:40	99.010	99.035	98.870	99.025	5
2026-05-25 08:45	99.015	99.050	98.715	98.715	5
2026-05-25 08:50	98.720	98.720	98.507	98.620	5
2026-05-25 08:55	98.605	98.745	98.498	98.545	5
2026-05-25 09:00	98.540	98.545	98.287	98.415	5
2026-05-25 09:05	98.410	98.445	98.300	98.415	5
2026-05-25 09:10	98.410	98.415	98.220	98.305	5
2026-05-25 09:15	98.315	98.390	98.218	98.380	5
2026-05-25 09:20	98.375	98.607	98.253	98.575	5
2026-05-25 09:25	98.580	98.597	98.443	98.575	5
2026-05-25 09:30	98.570	98.570	98.190	98.235	5
2026-05-25 09:35	98.240	98.240	97.965	97.990	5
2026-05-25 09:40	97.995	98.000	97.813	97.835	5
2026-05-25 09:45	97.840	97.915	97.725	97.730	5
2026-05-25 09:50	97.725	97.810	97.700	97.755	5
2026-05-25 09:55	97.750	97.880	97.648	97.835	5
2026-05-25 10:00	97.830	97.840	97.685	97.835	5
2026-05-25 10:05	97.830	97.855	97.751	97.800	5
2026-05-25 10:10	97.795	97.810	97.645	97.660	5
2026-05-25 10:15	97.665	97.675	97.340	97.570	5
2026-05-25 10:20	97.575	97.730	97.528	97.630	5
2026-05-25 10:25	97.625	97.845	97.618	97.785	5
2026-05-25 10:30	97.780	97.875	97.675	97.710	5
2026-05-25 10:35	97.705	97.745	97.615	97.635	5
2026-05-25 10:40	97.625	97.640	97.445	97.490	5
2026-05-25 10:45	97.485	97.615	97.480	97.540	5
2026-05-25 10:50	97.545	97.555	97.335	97.440	5
2026-05-25 10:55	97.430	97.455	97.355	97.400	5
2026-05-25 11:00	97.430	97.795	97.425	97.775	5
2026-05-25 11:05	97.780	97.920	97.575	97.615	5
2026-05-25 11:10	97.585	97.590	97.460	97.490	5
2026-05-25 11:15	97.495	97.500	97.273	97.370	5
2026-05-25 11:20	97.375	97.590	97.365	97.530	5
2026-05-25 11:25	97.515	97.835	97.515	97.750	5
2026-05-25 11:30	97.745	97.745	97.317	97.437	5
2026-05-25 11:35	97.435	97.545	97.407	97.440	5
2026-05-25 11:40	97.415	97.485	97.355	97.360	5
2026-05-25 11:45	97.365	97.385	97.073	97.250	5
2026-05-25 11:50	97.245	97.295	97.060	97.275	5
2026-05-25 11:55	97.265	97.425	97.225	97.360	5
2026-05-25 12:00	97.365	97.490	97.310	97.405	5
2026-05-25 12:05	97.410	97.500	97.358	97.430	5
2026-05-25 12:10	97.435	97.445	97.138	97.255	5
2026-05-25 12:15	97.245	97.360	97.208	97.295	5
2026-05-25 12:20	97.285	97.435	96.975	97.117	5
2026-05-25 12:25	97.115	97.465	97.065	97.415	5
2026-05-25 12:30	97.410	97.595	97.328	97.595	5
2026-05-25 12:35	97.597	97.725	97.510	97.510	5
2026-05-25 12:40	97.545	97.670	97.535	97.665	5
2026-05-25 12:45	97.660	97.950	97.598	97.770	5
2026-05-25 12:50	97.765	97.897	97.737	97.880	5
2026-05-25 12:55	97.875	98.150	97.870	98.115	5
2026-05-25 13:00	98.130	98.380	98.098	98.195	5
2026-05-25 13:05	98.215	98.225	98.015	98.105	5
2026-05-25 13:10	98.100	98.265	97.990	98.265	5
2026-05-25 13:15	98.255	98.435	98.235	98.280	5
2026-05-25 13:20	98.290	98.492	98.270	98.465	5
2026-05-25 13:25	98.460	98.485	98.338	98.440	5
2026-05-25 13:30	98.430	98.440	98.200	98.350	5
2026-05-25 13:35	98.340	98.555	98.295	98.455	5
2026-05-25 13:40	98.450	98.450	98.330	98.415	5
2026-05-25 13:45	98.410	98.440	98.345	98.405	5
2026-05-25 13:50	98.410	98.465	98.180	98.200	5
2026-05-25 13:55	98.205	98.210	97.995	98.060	5
2026-05-25 14:00	98.070	98.195	97.980	97.990	5
2026-05-25 14:05	97.995	98.215	97.948	98.170	5
2026-05-25 14:10	98.175	98.250	98.160	98.245	5
2026-05-25 14:15	98.240	98.255	97.980	98.040	5
2026-05-25 14:20	98.045	98.045	97.765	97.905	5
2026-05-25 14:25	97.895	97.935	97.785	97.800	5
2026-05-25 14:30	97.775	98.170	97.770	98.050	5
2026-05-25 14:35	98.065	98.130	98.045	98.070	5
2026-05-25 14:40	98.060	98.130	98.025	98.070	5
2026-05-25 14:45	98.065	98.100	97.783	97.835	5
2026-05-25 14:50	97.817	98.120	97.805	98.110	5
2026-05-25 14:55	98.095	98.305	98.070	98.250	5
2026-05-25 15:00	98.255	98.470	98.245	98.450	5
2026-05-25 15:05	98.445	98.670	98.423	98.490	5
2026-05-25 15:10	98.500	98.540	97.345	97.765	5
2026-05-25 15:15	97.770	97.847	97.573	97.610	5
2026-05-25 15:20	97.605	97.710	97.423	97.710	5
2026-05-25 15:25	97.668	97.805	97.315	97.555	5
2026-05-25 15:30	97.570	97.640	97.453	97.510	5
2026-05-25 15:35	97.520	97.640	97.388	97.470	5
2026-05-25 15:40	97.465	97.515	97.355	97.450	5
2026-05-25 15:45	97.445	97.565	97.403	97.465	5
2026-05-25 15:50	97.475	97.570	97.468	97.545	5
2026-05-25 15:55	97.550	97.655	97.455	97.620	5
2026-05-25 16:00	97.615	98.065	97.600	98.045	5
2026-05-25 16:05	98.050	98.140	97.875	97.915	5
2026-05-25 16:10	97.905	97.960	97.700	97.700	5
2026-05-25 16:15	97.710	97.970	97.650	97.955	5
2026-05-25 16:20	97.950	97.960	97.695	97.780	5
2026-05-25 16:25	97.790	97.870	97.735	97.740	5
2026-05-25 16:30	97.760	97.770	97.333	97.420	5
2026-05-25 16:35	97.425	97.540	97.380	97.485	5
2026-05-25 16:40	97.490	97.550	97.195	97.235	5
2026-05-25 16:45	97.230	97.270	96.878	96.900	5
2026-05-25 16:50	96.895	96.895	96.530	96.820	5
2026-05-25 16:55	96.785	96.835	95.978	96.110	5
2026-05-25 17:00	96.105	96.215	95.883	96.215	5
2026-05-25 17:05	96.205	96.405	96.130	96.257	5
2026-05-25 17:10	96.257	96.647	96.257	96.587	5
2026-05-25 17:15	96.597	96.607	96.408	96.515	5
2026-05-25 17:20	96.487	96.540	96.273	96.320	5
2026-05-25 17:25	96.325	96.405	96.167	96.185	4
2026-05-26 00:00	97.277	97.987	97.257	97.587	5
2026-05-26 00:05	97.577	97.885	97.495	97.837	5
2026-05-26 00:10	97.847	97.927	97.607	97.647	5
2026-05-26 00:15	97.647	97.767	97.477	97.715	5
2026-05-26 00:20	97.705	97.727	97.557	97.697	5
2026-05-26 00:25	97.677	97.717	97.517	97.597	5
2026-05-26 00:30	97.585	97.645	97.397	97.405	5
2026-05-26 00:35	97.415	97.525	97.358	97.420	5
2026-05-26 00:40	97.425	97.540	97.397	97.507	5
2026-05-26 00:45	97.497	97.710	97.467	97.685	5
2026-05-26 00:50	97.700	97.825	97.645	97.675	5
2026-05-26 00:55	97.665	97.740	97.605	97.740	5
2026-05-26 01:00	97.735	98.130	97.585	98.130	5
2026-05-26 01:05	98.117	98.125	98.007	98.067	5
2026-05-26 01:10	98.065	98.145	97.995	98.047	5
2026-05-26 01:15	98.037	98.155	98.037	98.105	5
2026-05-26 01:20	98.087	98.225	98.037	98.215	5
2026-05-26 01:25	98.210	98.365	98.143	98.235	5
2026-05-26 01:30	98.240	98.407	98.240	98.285	5
2026-05-26 01:35	98.277	98.347	98.213	98.317	5
2026-05-26 01:40	98.325	98.367	98.235	98.320	5
2026-05-26 01:45	98.307	98.397	98.278	98.345	5
2026-05-26 01:50	98.335	98.365	98.175	98.175	5
2026-05-26 01:55	98.167	98.167	98.047	98.130	5
2026-05-26 02:00	98.125	98.245	98.037	98.055	5
2026-05-26 02:05	98.065	98.097	98.055	98.065	5
2026-05-26 02:10	98.085	98.117	98.027	98.105	5
2026-05-26 02:15	98.110	98.155	98.045	98.107	5
2026-05-26 02:20	98.105	98.117	98.037	98.107	5
2026-05-26 02:25	98.097	98.155	98.087	98.115	5
2026-05-26 02:30	98.107	98.125	97.945	97.950	5
2026-05-26 02:35	97.955	98.010	97.717	97.765	5
2026-05-26 02:40	97.767	98.015	97.755	97.977	5
2026-05-26 02:45	97.975	97.975	97.825	97.857	5
2026-05-26 02:50	97.865	97.887	97.788	97.867	5
2026-05-26 02:55	97.857	97.887	97.837	97.855	5
2026-05-26 03:00	97.847	97.855	97.747	97.767	5
2026-05-26 03:05	97.777	97.865	97.740	97.865	5
2026-05-26 03:10	97.867	97.880	97.815	97.867	5
2026-05-26 03:15	97.875	97.905	97.807	97.810	5
2026-05-26 03:20	97.797	97.797	97.755	97.785	5
2026-05-26 03:25	97.787	97.837	97.710	97.797	5
2026-05-26 03:30	97.805	97.805	97.750	97.775	5
2026-05-26 03:35	97.767	97.817	97.755	97.795	5
2026-05-26 03:40	97.800	97.875	97.765	97.845	5
2026-05-26 03:45	97.850	97.940	97.850	97.915	5
2026-05-26 03:50	97.905	98.027	97.887	98.015	5
2026-05-26 03:55	98.010	98.010	97.940	97.965	5
2026-05-26 04:00	97.955	98.120	97.888	98.095	5
2026-05-26 04:05	98.100	98.155	98.087	98.090	5
2026-05-26 04:10	98.043	98.095	98.033	98.075	5
2026-05-26 04:15	98.080	98.127	98.075	98.125	5
2026-05-26 04:20	98.127	98.165	98.105	98.147	5
2026-05-26 04:25	98.145	98.205	98.137	98.157	5
2026-05-26 04:30	98.185	98.185	98.115	98.137	5
2026-05-26 04:35	98.127	98.187	98.045	98.105	5
2026-05-26 04:40	98.097	98.210	98.057	98.205	5
2026-05-26 04:45	98.210	98.407	98.163	98.355	5
2026-05-26 04:50	98.347	98.400	98.335	98.350	5
2026-05-26 04:55	98.345	98.437	98.238	98.355	5
2026-05-26 05:00	98.365	98.610	98.298	98.595	5
2026-05-26 05:05	98.590	98.685	98.543	98.655	5
2026-05-26 05:10	98.670	98.845	98.645	98.790	5
2026-05-26 05:15	98.785	98.785	98.430	98.457	5
2026-05-26 05:20	98.465	98.545	98.417	98.467	5
2026-05-26 05:25	98.465	98.465	98.315	98.355	5
2026-05-26 05:30	98.357	98.410	98.097	98.305	5
2026-05-26 05:35	98.310	98.315	98.220	98.245	5
2026-05-26 05:40	98.237	98.345	98.237	98.297	5
2026-05-26 05:45	98.287	98.485	98.287	98.485	5
2026-05-26 05:50	98.477	98.545	98.417	98.440	5
2026-05-26 05:55	98.435	98.445	98.257	98.277	5
2026-05-26 06:00	98.285	98.325	98.128	98.220	5
2026-05-26 06:05	98.210	98.255	98.130	98.205	5
2026-05-26 06:10	98.215	98.245	98.087	98.185	5
2026-05-26 06:15	98.187	98.250	98.165	98.205	5
2026-05-26 06:20	98.197	98.235	98.135	98.145	5
2026-05-26 06:25	98.155	98.777	98.085	98.457	5
2026-05-26 06:30	98.437	98.657	98.357	98.445	5
2026-05-26 06:35	98.455	98.467	98.103	98.165	5
2026-05-26 06:40	98.155	98.235	98.083	98.185	5
2026-05-26 06:45	98.177	98.275	98.095	98.095	5
2026-05-26 06:50	98.100	98.100	97.880	97.977	5
2026-05-26 06:55	97.975	98.205	97.965	98.137	5
2026-05-26 07:00	98.083	98.710	97.995	98.695	5
2026-05-26 07:05	98.705	98.970	98.498	98.875	5
2026-05-26 07:10	98.885	99.175	98.755	98.985	5
2026-05-26 07:15	99.000	99.330	98.918	99.155	5
2026-05-26 07:20	99.147	99.147	98.885	98.920	5
2026-05-26 07:25	98.915	98.970	98.760	98.780	5
2026-05-26 07:30	98.785	99.210	98.765	99.135	5
2026-05-26 07:35	99.137	99.377	99.137	99.370	5
2026-05-26 07:40	99.365	99.370	99.148	99.200	5
2026-05-26 07:45	99.205	99.250	98.950	99.050	5
2026-05-26 07:50	99.055	99.335	98.990	99.335	5
2026-05-26 07:55	99.330	99.345	98.945	98.970	5
2026-05-26 08:00	98.960	99.135	98.753	98.935	5
2026-05-26 08:05	98.965	99.125	98.840	99.080	5
2026-05-26 08:10	99.070	99.285	98.845	99.257	5
2026-05-26 08:15	99.265	99.325	99.057	99.220	5
2026-05-26 08:20	99.230	99.330	99.175	99.225	5
2026-05-26 08:25	99.220	99.370	99.015	99.235	5
2026-05-26 08:30	99.240	99.635	99.133	99.560	5
2026-05-26 08:35	99.570	99.690	99.478	99.535	5
2026-05-26 08:40	99.575	99.840	99.493	99.825	5
2026-05-26 08:45	99.830	100.040	99.775	100.020	5
2026-05-26 08:50	100.025	100.090	99.725	99.820	5
2026-05-26 08:55	99.825	99.885	99.627	99.655	5
2026-05-26 09:00	99.665	99.745	99.245	99.250	5
2026-05-26 09:05	99.235	99.575	99.235	99.480	5
2026-05-26 09:10	99.485	99.575	99.425	99.540	5
2026-05-26 09:15	99.545	99.575	99.235	99.387	5
2026-05-26 09:20	99.385	99.765	99.275	99.685	5
2026-05-26 09:25	99.690	99.745	99.505	99.545	5
2026-05-26 09:30	99.555	99.595	99.265	99.365	5
2026-05-26 09:35	99.375	99.580	99.285	99.495	5
2026-05-26 09:40	99.490	99.555	99.345	99.515	5
2026-05-26 09:45	99.520	99.580	99.360	99.395	5
2026-05-26 09:50	99.390	99.400	99.190	99.210	5
2026-05-26 09:55	99.205	99.240	99.030	99.110	5
2026-05-26 10:00	99.100	99.200	98.895	98.960	5
2026-05-26 10:05	98.945	99.015	98.880	98.950	5
2026-05-26 10:10	98.935	98.965	98.710	98.730	5
2026-05-26 10:15	98.725	98.935	98.650	98.680	5
2026-05-26 10:20	98.665	98.865	98.645	98.800	5
2026-05-26 10:25	98.810	98.830	98.185	98.235	5
2026-05-26 10:30	98.225	98.437	97.915	98.037	5
2026-05-26 10:35	98.067	98.375	97.927	98.255	5
2026-05-26 10:40	98.237	98.500	98.125	98.315	5
2026-05-26 10:45	98.295	98.427	98.285	98.340	5
2026-05-26 10:50	98.320	98.415	98.285	98.400	5
2026-05-26 10:55	98.395	98.430	98.305	98.425	5
2026-05-26 11:00	98.420	98.530	98.335	98.450	5
2026-05-26 11:05	98.430	98.557	98.370	98.480	5
2026-05-26 11:10	98.485	98.795	98.480	98.795	5
2026-05-26 11:15	98.785	98.835	98.525	98.575	5
2026-05-26 11:20	98.565	98.675	98.465	98.545	5
2026-05-26 11:25	98.535	98.725	98.525	98.685	5
2026-05-26 11:30	98.695	98.917	98.465	98.805	5
2026-05-26 11:35	98.807	99.225	98.795	98.877	5
2026-05-26 11:40	98.895	98.967	98.737	98.870	5
2026-05-26 11:45	98.877	99.015	98.775	98.880	5
2026-05-26 11:50	98.875	98.995	98.820	98.970	5
2026-05-26 11:55	98.955	99.075	98.905	99.005	5
2026-05-26 12:00	99.060	99.250	99.005	99.205	5
2026-05-26 12:05	99.200	99.515	99.080	99.190	5
2026-05-26 12:10	99.195	99.355	98.905	99.005	5
2026-05-26 12:15	99.015	99.045	98.815	98.865	5
2026-05-26 12:20	98.870	98.940	98.745	98.855	5
2026-05-26 12:25	98.870	99.055	98.845	98.997	5
2026-05-26 12:30	99.005	99.175	99.005	99.080	5
2026-05-26 12:35	99.105	99.280	99.035	99.250	5
2026-05-26 12:40	99.255	99.255	99.030	99.155	5
2026-05-26 12:45	99.160	99.160	98.860	98.870	5
2026-05-26 12:50	98.875	98.925	98.715	98.830	5
2026-05-26 12:55	98.840	99.050	98.747	99.045	5
2026-05-26 13:00	99.035	99.055	98.795	98.950	5
2026-05-26 13:05	98.945	99.190	98.940	99.190	5
2026-05-26 13:10	99.185	99.205	99.015	99.065	5
2026-05-26 13:15	99.060	99.220	98.950	99.220	5
2026-05-26 13:20	99.200	99.230	99.010	99.050	5
2026-05-26 13:25	99.055	99.320	99.045	99.320	5
2026-05-26 13:30	99.220	99.375	99.070	99.360	5
2026-05-26 13:35	99.375	99.375	99.180	99.360	5
2026-05-26 13:40	99.350	99.460	99.310	99.375	5
2026-05-26 13:45	99.380	99.600	99.240	99.590	5
2026-05-26 13:50	99.595	100.717	99.590	100.430	5
2026-05-26 13:55	100.425	100.515	100.135	100.357	5
2026-05-26 14:00	100.375	100.575	100.195	100.290	5
2026-05-26 14:05	100.265	100.305	99.705	100.000	5
2026-05-26 14:10	99.995	100.260	99.930	100.015	5
2026-05-26 14:15	100.000	100.235	99.920	100.080	5
2026-05-26 14:20	100.085	100.110	99.885	99.920	5
2026-05-26 14:25	99.925	100.020	99.850	99.890	5
2026-05-26 14:30	99.865	99.915	99.597	99.825	5
2026-05-26 14:35	99.795	99.835	99.375	99.800	5
2026-05-26 14:40	99.805	100.000	99.630	99.975	5
2026-05-26 14:45	99.980	100.045	99.745	99.835	5
2026-05-26 14:50	99.840	100.235	99.815	100.235	5
2026-05-26 14:55	100.230	100.610	100.230	100.375	5
2026-05-26 15:00	100.370	100.540	100.280	100.290	5
2026-05-26 15:05	100.300	100.390	100.115	100.350	5
2026-05-26 15:10	100.355	100.455	100.165	100.290	5
2026-05-26 15:15	100.295	100.400	100.060	100.165	5
2026-05-26 15:20	100.170	100.355	100.095	100.280	5
2026-05-26 15:25	100.275	100.667	100.170	100.665	5
2026-05-26 15:30	100.650	100.650	100.340	100.410	5
2026-05-26 15:35	100.400	100.585	100.335	100.340	5
2026-05-26 15:40	100.330	100.410	100.230	100.295	5
2026-05-26 15:45	100.310	100.330	100.035	100.040	5
2026-05-26 15:50	100.045	100.165	100.020	100.100	5
2026-05-26 15:55	100.095	100.290	100.040	100.080	5
2026-05-26 16:00	100.070	100.175	100.020	100.075	5
2026-05-26 16:05	100.070	100.100	99.975	100.000	5
2026-05-26 16:10	100.010	100.280	100.000	100.270	5
2026-05-26 16:15	100.265	100.315	100.010	100.010	5
2026-05-26 16:20	100.015	100.175	100.000	100.130	5
2026-05-26 16:25	100.135	100.175	99.900	99.960	5
2026-05-26 16:30	99.957	100.025	99.530	99.585	5
2026-05-26 16:35	99.595	99.780	99.555	99.760	5
2026-05-26 16:40	99.755	99.900	99.710	99.880	5
2026-05-26 16:45	99.875	100.050	99.805	100.050	5
2026-05-26 16:50	100.045	100.050	99.925	99.955	5
2026-05-26 16:55	99.960	99.970	99.815	99.825	5
2026-05-26 17:00	99.830	99.875	99.660	99.755	5
2026-05-26 17:05	99.750	99.935	99.705	99.865	5
2026-05-26 17:10	99.860	99.930	99.805	99.870	5
2026-05-26 17:15	99.885	100.040	99.825	99.840	5
2026-05-26 17:20	99.830	99.845	99.660	99.760	5
2026-05-26 17:25	99.770	99.880	99.770	99.830	5
2026-05-26 17:30	99.825	99.895	99.630	99.645	5
2026-05-26 17:35	99.640	99.745	99.580	99.605	5
2026-05-26 17:40	99.600	99.690	99.340	99.350	5
2026-05-26 17:45	99.340	99.615	99.320	99.615	5
2026-05-26 17:50	99.600	99.700	99.550	99.560	5
2026-05-26 17:55	99.565	99.640	99.510	99.550	5
2026-05-26 18:00	99.545	100.080	99.545	99.977	5
2026-05-26 18:05	99.980	99.985	99.715	99.720	5
2026-05-26 18:10	99.730	99.785	99.570	99.600	5
2026-05-26 18:15	99.595	99.610	99.300	99.420	5
2026-05-26 18:20	99.415	99.680	99.390	99.515	5
2026-05-26 18:25	99.510	99.645	99.467	99.525	5
2026-05-26 18:30	99.510	99.670	99.490	99.610	5
2026-05-26 18:35	99.630	99.760	99.430	99.445	5
2026-05-26 18:40	99.450	99.530	99.370	99.520	5
2026-05-26 18:45	99.515	99.540	99.475	99.500	5
2026-05-26 18:50	99.505	99.505	99.155	99.330	5
2026-05-26 18:55	99.325	99.435	99.260	99.410	5
2026-05-26 19:00	99.415	99.580	99.405	99.555	5
2026-05-26 19:05	99.560	99.565	99.435	99.545	5
2026-05-26 19:10	99.540	99.790	99.485	99.730	5
2026-05-26 19:15	99.725	99.785	99.670	99.730	5
2026-05-26 19:20	99.725	99.845	99.670	99.670	5
2026-05-26 19:25	99.675	99.775	99.675	99.740	5
2026-05-26 19:30	99.745	99.770	99.570	99.585	5
2026-05-26 19:35	99.580	99.590	99.420	99.570	5
2026-05-26 19:40	99.575	99.730	99.535	99.710	5
2026-05-26 19:45	99.715	99.745	99.545	99.570	5
2026-05-26 19:50	99.560	99.660	99.525	99.660	5
2026-05-26 19:55	99.650	99.660	99.445	99.445	5
2026-05-26 20:00	99.450	99.450	99.127	99.367	5
2026-05-26 20:05	99.377	99.582	99.337	99.572	5
2026-05-26 20:10	99.597	99.667	99.502	99.552	5
2026-05-26 20:15	99.537	99.577	99.447	99.557	5
2026-05-26 20:20	99.547	99.662	99.517	99.657	5
2026-05-26 20:25	99.662	99.677	99.622	99.657	5
2026-05-26 20:30	99.647	99.737	99.612	99.652	5
2026-05-26 20:35	99.642	99.767	99.622	99.712	5
2026-05-26 20:40	99.717	99.717	99.717	99.717	1
2026-05-27 00:00	96.407	96.417	96.185	96.295	5
2026-05-27 00:05	96.310	96.380	95.845	95.985	5
2026-05-27 00:10	96.005	96.150	95.887	96.075	5
2026-05-27 00:15	96.085	96.135	96.050	96.050	5
2026-05-27 00:20	96.075	96.110	96.020	96.085	5
2026-05-27 00:25	96.090	96.150	95.873	96.055	5
2026-05-27 00:30	96.065	96.075	95.980	96.010	5
2026-05-27 00:35	96.015	96.050	95.970	96.025	5
2026-05-27 00:40	96.035	96.145	96.015	96.055	5
2026-05-27 00:45	96.050	96.050	95.917	95.975	5
2026-05-27 00:50	95.965	96.030	95.930	95.980	5
2026-05-27 00:55	95.933	95.990	95.778	95.957	5
2026-05-27 01:00	95.955	96.207	95.705	95.760	5
2026-05-27 01:05	95.750	95.785	95.520	95.705	5
2026-05-27 01:10	95.700	95.845	95.670	95.765	5
2026-05-27 01:15	95.775	95.920	95.775	95.900	5
2026-05-27 01:20	95.890	95.930	95.805	95.855	5
2026-05-27 01:25	95.850	95.900	95.790	95.860	5
2026-05-27 01:30	95.783	95.855	95.720	95.810	5
2026-05-27 01:35	95.805	95.810	95.645	95.735	5
2026-05-27 01:40	95.730	95.905	95.690	95.835	5
2026-05-27 01:45	95.840	95.925	95.813	95.840	5
2026-05-27 01:50	95.830	95.890	95.680	95.790	5
2026-05-27 01:55	95.795	95.840	95.785	95.795	5
2026-05-27 02:00	95.790	95.795	95.615	95.650	5
2026-05-27 02:05	95.655	95.715	95.615	95.680	5
2026-05-27 02:10	95.675	95.740	95.640	95.720	5
2026-05-27 02:15	95.710	95.740	95.680	95.740	5
2026-05-27 02:20	95.730	95.790	95.615	95.620	5
2026-05-27 02:25	95.615	95.615	95.397	95.575	5
2026-05-27 02:30	95.570	95.627	95.440	95.605	5
2026-05-27 02:35	95.610	95.685	95.555	95.670	5
2026-05-27 02:40	95.690	95.720	95.623	95.645	5
2026-05-27 02:45	95.650	95.650	95.305	95.350	5
2026-05-27 02:50	95.345	95.410	95.155	95.370	5
2026-05-27 02:55	95.375	95.450	95.335	95.385	5
2026-05-27 03:00	95.390	95.390	95.013	95.075	5
2026-05-27 03:05	95.080	95.090	94.930	94.935	5
2026-05-27 03:10	94.940	95.095	94.930	95.070	5
2026-05-27 03:15	95.060	95.085	94.940	95.020	5
2026-05-27 03:20	95.035	95.060	94.925	94.940	5
2026-05-27 03:25	94.950	95.040	94.945	95.030	5
2026-05-27 03:30	95.020	95.100	95.000	95.090	5
2026-05-27 03:35	95.100	95.220	95.083	95.150	5
2026-05-27 03:40	95.160	95.175	95.085	95.155	5
2026-05-27 03:45	95.167	95.185	95.090	95.090	5
2026-05-27 03:50	95.095	95.130	95.033	95.075	5
2026-05-27 03:55	95.090	95.110	95.020	95.050	5
2026-05-27 04:00	95.045	95.085	95.035	95.060	5
2026-05-27 04:05	95.070	95.070	94.915	94.995	5
2026-05-27 04:10	95.000	95.080	94.975	95.060	5
2026-05-27 04:15	95.055	95.060	95.035	95.050	5
2026-05-27 04:20	95.035	95.040	94.885	94.960	5
2026-05-27 04:25	94.955	95.020	94.950	94.980	5
2026-05-27 04:30	94.985	95.020	94.975	95.000	5
2026-05-27 04:35	94.990	95.040	94.940	95.040	5
2026-05-27 04:40	95.035	95.090	94.995	95.005	5
2026-05-27 04:45	95.020	95.085	94.975	95.050	5
2026-05-27 04:50	95.060	95.060	94.980	95.000	5
2026-05-27 04:55	94.990	95.050	94.970	95.000	5
2026-05-27 05:00	95.005	95.120	94.943	94.995	5
2026-05-27 05:05	95.000	95.115	94.943	95.115	5
2026-05-27 05:10	95.110	95.145	94.920	94.980	5
2026-05-27 05:15	94.985	94.995	94.823	94.950	5
2026-05-27 05:20	94.960	95.065	94.933	94.985	5
2026-05-27 05:25	94.980	95.025	94.980	95.010	5
2026-05-27 05:30	94.975	95.235	94.975	95.230	5
2026-05-27 05:35	95.245	95.270	94.960	95.010	5
2026-05-27 05:40	95.015	95.025	94.960	95.000	5
2026-05-27 05:45	94.990	95.130	94.990	95.080	5
2026-05-27 05:50	95.075	95.075	94.800	94.875	5
2026-05-27 05:55	94.870	94.935	94.813	94.920	5
2026-05-27 06:00	94.910	95.095	94.838	95.080	5
2026-05-27 06:05	95.070	95.070	94.650	94.780	5
2026-05-27 06:10	94.770	94.950	94.650	94.920	5
2026-05-27 06:15	94.910	95.035	94.888	94.990	5
2026-05-27 06:20	94.985	95.020	94.900	94.940	5
2026-05-27 06:25	94.945	95.115	94.940	95.000	5
2026-05-27 06:30	95.005	95.125	94.975	95.060	5
2026-05-27 06:35	95.055	95.055	94.940	94.950	5
2026-05-27 06:40	94.940	94.995	94.728	94.910	5
2026-05-27 06:45	94.905	94.960	94.620	94.660	5
2026-05-27 06:50	94.655	94.670	94.528	94.660	5
2026-05-27 06:55	94.675	94.760	94.650	94.700	5
2026-05-27 07:00	94.658	94.875	94.460	94.460	5
2026-05-27 07:05	94.465	94.520	94.325	94.410	5
2026-05-27 07:10	94.415	94.570	94.378	94.470	5
2026-05-27 07:15	94.475	94.562	94.420	94.490	5
2026-05-27 07:20	94.500	94.575	94.213	94.310	5
2026-05-27 07:25	94.305	94.430	94.265	94.430	5
2026-05-27 07:30	94.425	94.440	94.185	94.290	5
2026-05-27 07:35	94.295	94.425	94.280	94.410	5
2026-05-27 07:40	94.400	94.475	94.230	94.280	5
2026-05-27 07:45	94.300	94.665	94.220	94.590	5
2026-05-27 07:50	94.595	94.660	94.425	94.460	5
2026-05-27 07:55	94.450	94.490	94.168	94.260	5
2026-05-27 08:00	94.305	94.345	93.958	94.005	5
2026-05-27 08:05	94.010	94.010	93.795	93.910	5
2026-05-27 08:10	93.905	94.175	93.873	94.050	5
2026-05-27 08:15	94.065	94.140	93.910	94.140	5
2026-05-27 08:20	94.130	94.135	93.695	93.755	5
2026-05-27 08:25	93.760	93.880	93.570	93.740	5
2026-05-27 08:30	93.730	93.920	93.655	93.670	5
2026-05-27 08:35	93.665	93.665	93.363	93.565	5
2026-05-27 08:40	93.560	93.575	93.283	93.325	5
2026-05-27 08:45	93.320	93.380	93.205	93.220	5
2026-05-27 08:50	93.225	93.235	92.860	93.115	5
2026-05-27 08:55	93.110	93.360	93.050	93.350	5
2026-05-27 09:00	93.308	93.440	93.190	93.340	5
2026-05-27 09:05	93.345	93.640	93.330	93.635	5
2026-05-27 09:10	93.630	93.740	93.325	93.350	5
2026-05-27 09:15	93.340	93.350	93.180	93.230	5
2026-05-27 09:20	93.225	93.225	92.965	93.110	5
2026-05-27 09:25	93.100	93.270	92.983	93.260	5
2026-05-27 09:30	93.250	93.760	93.250	93.710	5
2026-05-27 09:35	93.680	93.775	93.590	93.660	5
2026-05-27 09:40	93.640	93.795	93.585	93.720	5
2026-05-27 09:45	93.730	93.770	93.618	93.660	5
2026-05-27 09:50	93.655	93.660	93.355	93.360	5
2026-05-27 09:55	93.370	93.410	93.270	93.360	5
2026-05-27 10:00	93.318	93.665	93.288	93.560	5
2026-05-27 10:05	93.565	93.620	93.510	93.550	5
2026-05-27 10:10	93.545	93.580	93.368	93.510	5
2026-05-27 10:15	93.520	93.567	93.480	93.530	5
2026-05-27 10:20	93.540	93.665	93.535	93.590	5
2026-05-27 10:25	93.637	93.825	93.593	93.800	5
2026-05-27 10:30	93.790	94.010	93.760	94.005	5
2026-05-27 10:35	94.025	94.035	93.910	93.960	5
2026-05-27 10:40	93.955	93.960	93.720	93.770	5
2026-05-27 10:45	93.765	93.895	93.685	93.840	5
2026-05-27 10:50	93.850	93.890	93.830	93.880	5
2026-05-27 10:55	93.875	94.020	93.788	93.840	5
2026-05-27 11:00	93.788	94.150	93.760	94.125	5
2026-05-27 11:05	94.120	94.360	94.085	94.320	5
2026-05-27 11:10	94.315	94.445	94.060	94.060	5
2026-05-27 11:15	94.065	94.277	93.920	94.070	5
2026-05-27 11:20	94.075	94.115	93.743	93.935	5
2026-05-27 11:25	93.918	94.260	93.918	94.260	5
2026-05-27 11:30	94.265	94.455	94.220	94.440	5
2026-05-27 11:35	94.445	94.470	94.065	94.110	5
2026-05-27 11:40	94.105	94.195	94.043	94.180	5
2026-05-27 11:45	94.185	94.320	94.118	94.280	5
2026-05-27 11:50	94.275	94.350	94.155	94.320	5
2026-05-27 11:55	94.315	94.330	94.130	94.145	5
2026-05-27 12:00	94.140	94.340	94.140	94.255	5
2026-05-27 12:05	94.250	94.260	94.073	94.095	5
2026-05-27 12:10	94.075	94.190	93.913	93.970	5
2026-05-27 12:15	93.965	94.070	92.898	93.358	6
2026-05-27 12:20	93.363	93.575	92.158	92.827	5
2026-05-27 12:25	92.837	92.867	92.243	92.405	5
2026-05-27 12:30	92.353	92.550	91.933	92.285	5
2026-05-27 12:35	92.290	92.497	92.117	92.395	5
2026-05-27 12:40	92.385	92.585	92.338	92.570	5
2026-05-27 12:45	92.560	92.885	92.465	92.760	5
2026-05-27 12:50	92.750	92.790	92.423	92.530	5
2026-05-27 12:55	92.550	92.635	92.460	92.590	5
2026-05-27 13:00	92.600	93.175	92.513	93.160	5
2026-05-27 13:05	93.170	93.370	93.075	93.325	5
2026-05-27 13:10	93.330	93.415	93.020	93.030	5
2026-05-27 13:15	93.055	93.170	93.027	93.110	5
2026-05-27 13:20	93.120	93.305	92.975	93.110	5
2026-05-27 13:25	93.095	93.440	93.060	93.350	5
2026-05-27 13:30	93.333	93.450	93.110	93.140	5
2026-05-27 13:35	93.165	93.475	93.103	93.350	5
2026-05-27 13:40	93.355	93.450	93.270	93.300	5
2026-05-27 13:45	93.258	93.320	93.040	93.205	5
2026-05-27 13:50	93.200	93.415	93.128	93.380	5
2026-05-27 13:55	93.375	93.500	93.328	93.380	5
2026-05-27 14:00	93.338	93.532	93.210	93.250	5
2026-05-27 14:05	93.240	93.490	93.130	93.380	5
2026-05-27 14:10	93.390	93.535	93.275	93.470	5
2026-05-27 14:15	93.450	93.495	93.155	93.160	5
2026-05-27 14:20	93.175	93.780	93.100	93.685	5
2026-05-27 14:25	93.680	93.825	93.145	93.205	5
2026-05-27 14:30	93.210	93.928	93.110	93.535	5
2026-05-27 14:35	93.545	93.820	93.537	93.680	5
2026-05-27 14:40	93.685	94.110	93.685	94.025	5
2026-05-27 14:45	94.020	94.035	93.678	93.940	5
2026-05-27 14:50	93.903	94.200	93.868	94.120	5
2026-05-27 14:55	94.088	94.175	94.028	94.125	5
2026-05-27 15:00	94.098	94.400	93.963	94.180	5
2026-05-27 15:05	94.147	94.545	94.108	94.480	5
2026-05-27 15:10	94.490	94.555	94.155	94.195	5
2026-05-27 15:15	94.190	94.350	94.160	94.215	5
2026-05-27 15:20	94.220	94.240	94.065	94.205	5
2026-05-27 15:25	94.230	94.330	94.008	94.025	5
2026-05-27 15:30	94.015	94.035	93.415	93.525	5
2026-05-27 15:35	93.505	93.560	93.390	93.450	5
2026-05-27 15:40	93.440	94.175	93.340	94.035	5
2026-05-27 15:45	94.030	94.157	93.767	93.855	5
2026-05-27 15:50	93.845	93.850	93.450	93.525	5
2026-05-27 15:55	93.515	93.567	93.360	93.410	5
2026-05-27 16:00	93.368	93.695	93.248	93.600	5
2026-05-27 16:05	93.595	93.750	93.495	93.585	5
2026-05-27 16:10	93.580	93.610	93.437	93.600	5
2026-05-27 16:15	93.585	93.620	93.440	93.530	5
2026-05-27 16:20	93.510	93.530	93.310	93.350	5
2026-05-27 16:25	93.345	93.355	93.105	93.270	5
2026-05-27 16:30	93.260	93.420	93.225	93.250	5
2026-05-27 16:35	93.255	93.275	93.025	93.110	5
2026-05-27 16:40	93.100	93.157	92.800	92.950	5
2026-05-27 16:45	92.940	93.150	92.905	93.080	5
2026-05-27 16:50	93.070	93.120	93.015	93.110	5
2026-05-27 16:55	93.120	93.310	93.110	93.290	5
2026-05-27 17:00	93.300	93.450	93.250	93.345	5
2026-05-27 17:05	93.340	93.540	93.290	93.510	5
2026-05-27 17:10	93.505	93.510	93.300	93.310	5
2026-05-27 17:15	93.300	93.315	93.105	93.210	5
2026-05-27 17:20	93.215	93.250	93.078	93.150	5
2026-05-27 17:25	93.160	93.180	93.015	93.170	5
2026-05-27 17:30	93.180	93.205	93.043	93.085	5
2026-05-27 17:35	93.080	93.100	92.840	93.025	5
2026-05-27 17:40	93.020	93.160	93.010	93.100	5
2026-05-27 17:45	93.090	93.115	92.970	92.980	5
2026-05-27 17:50	92.975	92.990	92.713	92.790	5
2026-05-27 17:55	92.770	92.790	92.478	92.780	5
2026-05-27 18:00	92.758	92.805	92.678	92.710	5
2026-05-27 18:05	92.720	92.850	92.650	92.715	5
2026-05-27 18:10	92.720	92.850	92.668	92.740	5
2026-05-27 18:15	92.735	92.750	92.240	92.280	5
2026-05-27 18:20	92.270	92.330	92.165	92.240	5
2026-05-27 18:25	92.235	92.320	92.085	92.215	5
2026-05-27 18:30	92.250	92.440	92.110	92.410	5
2026-05-27 18:35	92.405	92.550	92.378	92.440	5
2026-05-27 18:40	92.435	92.520	92.395	92.510	5
2026-05-27 18:45	92.500	92.590	92.440	92.455	5
2026-05-27 18:50	92.460	92.550	92.408	92.485	5
2026-05-27 18:55	92.490	92.545	92.443	92.460	5
2026-05-27 19:00	92.450	92.480	92.345	92.345	5
2026-05-27 19:05	92.350	92.520	92.350	92.490	5
2026-05-27 19:10	92.495	92.730	92.488	92.650	5
2026-05-27 19:15	92.655	92.805	92.630	92.745	5
2026-05-27 19:20	92.740	92.740	92.680	92.730	5
2026-05-27 19:25	92.740	92.930	92.693	92.860	5
2026-05-27 19:30	92.865	92.975	92.685	92.855	5
2026-05-27 19:35	92.850	92.960	92.793	92.850	5
2026-05-27 19:40	92.840	92.960	92.840	92.900	5
2026-05-27 19:45	92.905	92.960	92.840	92.950	5
2026-05-27 19:50	92.955	93.090	92.908	93.040	5
2026-05-27 19:55	93.025	93.045	92.910	92.915	5
2026-05-27 20:00	92.888	92.917	92.822	92.837	5
2026-05-27 20:05	92.838	92.867	92.797	92.832	5
2026-05-27 20:10	92.852	92.897	92.837	92.847	5
2026-05-27 20:15	92.842	92.862	92.782	92.857	5
2026-05-27 20:20	92.862	93.022	92.847	92.997	5
2026-05-27 20:25	92.978	92.992	92.877	92.922	5
2026-05-27 20:30	92.947	92.947	92.828	92.907	5
2026-05-27 20:35	92.897	92.947	92.852	92.942	5
2026-05-27 20:40	92.937	92.947	92.867	92.922	5
2026-05-27 20:45	92.927	92.957	92.872	92.887	5
2026-05-27 20:50	92.892	92.957	92.837	92.842	5
2026-05-27 20:55	92.837	92.882	92.822	92.877	5
2026-05-28 00:00	93.627	93.925	93.597	93.747	5
2026-05-28 00:05	93.745	93.880	93.725	93.837	5
2026-05-28 00:10	93.845	93.905	93.795	93.875	5
2026-05-28 00:15	93.850	93.930	93.815	93.930	5
2026-05-28 00:20	93.965	94.105	93.855	94.105	5
2026-05-28 00:25	94.100	94.220	93.833	93.915	5
2026-05-28 00:30	93.920	94.170	93.920	94.135	5
2026-05-28 00:35	94.125	94.240	94.038	94.220	5
2026-05-28 00:40	94.215	94.215	94.143	94.170	5
2026-05-28 00:45	94.185	94.185	94.075	94.140	5
2026-05-28 00:50	94.150	94.150	94.043	94.065	5
2026-05-28 00:55	94.055	94.215	94.045	94.115	5
2026-05-28 01:00	94.120	94.120	93.885	93.907	5
2026-05-28 01:05	93.905	93.935	93.790	93.915	5
2026-05-28 01:10	93.920	93.945	93.790	93.945	5
2026-05-28 01:15	93.940	93.945	93.735	93.755	5
2026-05-28 01:20	93.775	93.910	93.775	93.840	5
2026-05-28 01:25	93.845	93.895	93.800	93.805	5
2026-05-28 01:30	93.810	93.815	93.625	93.770	5
2026-05-28 01:35	93.775	93.835	93.715	93.795	5
2026-05-28 01:40	93.790	93.907	93.783	93.875	5
2026-05-28 01:45	93.880	94.010	93.838	93.960	5
2026-05-28 01:50	93.945	94.000	93.905	93.920	5
2026-05-28 01:55	93.915	93.935	93.835	93.840	5
2026-05-28 02:00	93.835	93.860	93.748	93.820	5
2026-05-28 02:05	93.815	93.890	93.815	93.825	5
2026-05-28 02:10	93.820	93.830	93.640	93.665	5
2026-05-28 02:15	93.660	93.825	93.655	93.805	5
2026-05-28 02:20	93.795	93.815	93.780	93.810	5
2026-05-28 02:25	93.815	93.830	93.770	93.820	5
2026-05-28 02:30	93.815	93.840	93.515	93.615	5
2026-05-28 02:35	93.607	93.935	93.607	93.870	5
2026-05-28 02:40	93.865	94.265	93.845	94.190	5
2026-05-28 02:45	94.185	94.455	94.170	94.300	5
2026-05-28 02:50	94.285	94.545	94.265	94.457	5
2026-05-28 02:55	94.455	94.570	94.393	94.535	5
2026-05-28 03:00	94.527	94.765	94.527	94.620	5
2026-05-28 03:05	94.615	94.720	94.585	94.705	5
2026-05-28 03:10	94.695	95.205	94.657	95.167	5
2026-05-28 03:15	95.190	95.465	95.120	95.307	5
2026-05-28 03:20	95.305	95.385	95.230	95.235	5
2026-05-28 03:25	95.230	95.240	95.015	95.085	5
2026-05-28 03:30	95.080	95.530	95.003	95.505	5
2026-05-28 03:35	95.497	95.615	95.447	95.557	5
2026-05-28 03:40	95.547	95.655	95.517	95.620	5
2026-05-28 03:45	95.645	95.690	95.535	95.580	5
2026-05-28 03:50	95.585	95.625	95.525	95.555	5
2026-05-28 03:55	95.587	95.700	95.585	95.675	5
2026-05-28 04:00	95.680	95.860	95.680	95.725	5
2026-05-28 04:05	95.730	95.740	95.465	95.540	5
2026-05-28 04:10	95.545	95.725	95.545	95.625	5
2026-05-28 04:15	95.630	95.750	95.605	95.705	5
2026-05-28 04:20	95.710	95.760	95.675	95.755	5
2026-05-28 04:25	95.760	95.950	95.703	95.847	5
2026-05-28 04:30	95.845	95.850	95.710	95.795	5
2026-05-28 04:35	95.800	95.800	95.715	95.715	5
2026-05-28 04:40	95.705	95.750	95.665	95.750	5
2026-05-28 04:45	95.755	95.775	95.625	95.635	5
2026-05-28 04:50	95.630	95.650	95.493	95.650	5
2026-05-28 04:55	95.645	95.710	95.600	95.675	5
2026-05-28 05:00	95.670	95.715	95.570	95.585	5
2026-05-28 05:05	95.590	95.615	95.515	95.550	5
2026-05-28 05:10	95.545	95.570	95.520	95.545	5
2026-05-28 05:15	95.555	95.620	95.540	95.560	5
2026-05-28 05:20	95.540	95.635	95.513	95.610	5
2026-05-28 05:25	95.605	95.605	95.525	95.580	5
2026-05-28 05:30	95.570	95.570	95.140	95.175	5
2026-05-28 05:35	95.187	95.295	94.885	94.895	5
2026-05-28 05:40	94.905	95.115	94.875	95.105	5
2026-05-28 05:45	95.095	95.130	94.965	94.995	5
2026-05-28 05:50	95.005	95.045	94.905	94.935	5
2026-05-28 05:55	94.945	95.040	94.945	95.010	5
2026-05-28 06:00	94.978	95.065	94.733	94.795	5
2026-05-28 06:05	94.785	94.815	94.675	94.810	5
2026-05-28 06:10	94.820	94.850	94.720	94.820	5
2026-05-28 06:15	94.810	94.910	94.741	94.795	5
2026-05-28 06:20	94.800	95.005	94.765	94.995	5
2026-05-28 06:25	94.965	94.995	94.775	94.870	5
2026-05-28 06:30	94.875	94.950	94.783	94.850	5
2026-05-28 06:35	94.855	94.890	94.620	94.710	5
2026-05-28 06:40	94.715	94.800	94.535	94.545	5
2026-05-28 06:45	94.585	94.705	94.500	94.525	5
2026-05-28 06:50	94.535	94.580	94.350	94.535	5
2026-05-28 06:55	94.545	94.705	94.530	94.690	5
2026-05-28 07:00	94.628	94.685	94.460	94.650	5
2026-05-28 07:05	94.655	94.675	94.428	94.485	5
2026-05-28 07:10	94.490	94.655	94.490	94.650	5
2026-05-28 07:15	94.655	94.770	94.593	94.690	5
2026-05-28 07:20	94.700	94.885	94.625	94.880	5
2026-05-28 07:25	94.875	94.970	94.845	94.870	5
2026-05-28 07:30	94.850	94.900	94.650	94.665	5
2026-05-28 07:35	94.660	94.660	94.440	94.525	5
2026-05-28 07:40	94.530	94.700	94.483	94.565	5
2026-05-28 07:45	94.560	94.957	94.528	94.880	5
2026-05-28 07:50	94.875	94.910	94.690	94.745	5
2026-05-28 07:55	94.740	94.820	94.458	94.520	5
2026-05-28 08:00	94.478	94.507	94.253	94.450	5
2026-05-28 08:05	94.445	94.535	94.263	94.425	5
2026-05-28 08:10	94.435	94.570	94.315	94.385	5
2026-05-28 08:15	94.390	94.525	94.350	94.400	5
2026-05-28 08:20	94.405	94.425	94.190	94.320	5
2026-05-28 08:25	94.310	94.720	94.310	94.525	5
2026-05-28 08:30	94.530	94.730	94.493	94.565	5
2026-05-28 08:35	94.493	94.570	94.348	94.505	5
2026-05-28 08:40	94.515	94.720	94.475	94.690	5
2026-05-28 08:45	94.675	94.705	94.445	94.460	5
2026-05-28 08:50	94.455	94.480	94.355	94.450	5
2026-05-28 08:55	94.460	94.505	94.295	94.350	5
2026-05-28 09:00	94.370	94.440	94.175	94.190	5
2026-05-28 09:05	94.170	94.170	93.825	93.980	5
2026-05-28 09:10	93.970	94.070	93.868	94.035	5
2026-05-28 09:15	94.040	94.100	93.985	94.080	5
2026-05-28 09:20	94.060	94.245	94.055	94.125	5
2026-05-28 09:25	94.120	94.125	93.930	94.030	5
2026-05-28 09:30	94.020	94.250	93.958	94.220	5
2026-05-28 09:35	94.215	94.360	94.200	94.265	5
2026-05-28 09:40	94.260	94.285	94.120	94.120	5
2026-05-28 09:45	94.110	94.150	93.890	93.890	5
2026-05-28 09:50	93.900	93.920	93.423	93.690	5
2026-05-28 09:55	93.715	93.890	93.673	93.845	5
2026-05-28 10:00	93.823	93.995	93.818	93.970	5
2026-05-28 10:05	93.975	94.050	93.950	94.030	5
2026-05-28 10:10	94.025	94.025	93.725	93.755	5
2026-05-28 10:15	93.703	93.915	93.695	93.850	5
2026-05-28 10:20	93.840	94.060	93.788	94.030	5
2026-05-28 10:25	94.035	94.090	93.933	93.965	5
2026-05-28 10:30	93.960	94.250	93.960	94.210	5
2026-05-28 10:35	94.205	94.360	94.185	94.290	5
2026-05-28 10:40	94.295	94.615	94.275	94.610	5
2026-05-28 10:45	94.605	94.760	94.548	94.640	5
2026-05-28 10:50	94.635	94.775	94.550	94.555	5
2026-05-28 10:55	94.550	94.855	94.440	94.740	5
2026-05-28 11:00	94.703	94.735	94.493	94.605	5
2026-05-28 11:05	94.615	94.855	94.528	94.820	5
2026-05-28 11:10	94.825	95.005	94.825	94.920	5
2026-05-28 11:15	94.910	94.925	94.785	94.800	5
2026-05-28 11:20	94.805	94.920	94.720	94.845	5
2026-05-28 11:25	94.860	94.957	94.695	94.855	5
2026-05-28 11:30	94.860	94.960	94.860	94.925	5
2026-05-28 11:35	94.935	95.010	94.883	94.950	5
2026-05-28 11:40	94.945	95.065	94.840	94.980	5
2026-05-28 11:45	94.985	95.075	94.940	95.040	5
2026-05-28 11:50	95.045	95.065	94.908	94.945	5
2026-05-28 11:55	94.955	94.980	94.713	94.760	5
2026-05-28 12:00	94.718	94.870	94.690	94.690	5
2026-05-28 12:05	94.685	94.700	94.480	94.620	5
2026-05-28 12:10	94.610	94.675	94.495	94.505	5
2026-05-28 12:15	94.515	94.600	94.470	94.580	5
2026-05-28 12:20	94.585	94.735	94.520	94.640	5
2026-05-28 12:25	94.620	94.620	94.480	94.495	5
2026-05-28 12:30	94.500	94.560	94.260	94.345	5
2026-05-28 12:35	94.350	94.355	94.108	94.210	5
2026-05-28 12:40	94.215	94.305	94.028	94.200	5
2026-05-28 12:45	94.215	94.260	93.928	94.050	5
2026-05-28 12:50	94.045	94.060	93.855	93.915	5
2026-05-28 12:55	93.920	93.945	93.820	93.845	5
2026-05-28 13:00	93.850	93.900	93.618	93.710	5
2026-05-28 13:05	93.700	94.075	93.598	94.050	5
2026-05-28 13:10	94.035	94.175	94.010	94.130	5
2026-05-28 13:15	94.125	94.340	94.043	94.190	5
2026-05-28 13:20	94.185	94.250	94.170	94.220	5
2026-05-28 13:25	94.215	94.400	94.090	94.390	5
2026-05-28 13:30	94.353	94.570	94.268	94.530	5
2026-05-28 13:35	94.515	94.780	94.488	94.745	5
2026-05-28 13:40	94.703	94.790	94.355	94.360	5
2026-05-28 13:45	94.350	94.350	94.138	94.225	5
2026-05-28 13:50	94.220	94.350	94.040	94.330	5
2026-05-28 13:55	94.315	94.370	94.225	94.255	5
2026-05-28 14:00	94.208	94.610	94.208	94.490	5
2026-05-28 14:05	94.495	94.610	94.345	94.360	5
2026-05-28 14:10	94.355	94.530	94.325	94.468	3
2026-05-28 14:15	92.257	92.346	92.257	92.343	1
2026-05-28 14:20	92.341	92.907	92.335	92.747	5
2026-05-28 14:25	92.747	92.965	92.497	92.763	5
2026-05-28 14:30	92.768	93.265	92.600	93.155	5
2026-05-28 14:35	93.167	93.615	93.107	93.205	5
2026-05-28 14:40	93.167	93.280	92.760	92.825	5
2026-05-28 14:45	92.827	93.427	92.555	93.375	5
2026-05-28 14:50	93.355	93.397	93.057	93.247	5
2026-05-28 14:55	93.255	93.410	92.947	93.037	5
2026-05-28 15:00	93.037	93.187	92.600	92.650	5
2026-05-28 15:05	92.645	93.095	92.488	92.957	5
2026-05-28 15:10	92.967	93.165	92.857	93.105	5
2026-05-28 15:15	93.100	93.225	93.045	93.090	5
2026-05-28 15:20	93.105	93.435	93.060	93.155	5
2026-05-28 15:25	93.160	93.310	93.005	93.310	5
2026-05-28 15:30	93.275	93.280	92.925	92.945	5
2026-05-28 15:35	92.920	93.045	92.760	93.000	5
2026-05-28 15:40	92.985	93.220	92.975	93.190	5
2026-05-28 15:45	93.185	93.265	93.098	93.260	5
2026-05-28 15:50	93.250	93.250	93.030	93.220	5
2026-05-28 15:55	93.225	93.310	93.068	93.097	5
2026-05-28 16:00	93.053	93.385	93.025	93.305	5
2026-05-28 16:05	93.310	93.355	93.118	93.240	5
2026-05-28 16:10	93.198	93.270	92.937	92.945	5
2026-05-28 16:15	92.940	93.165	92.340	92.470	5
2026-05-28 16:20	92.475	92.600	92.133	92.265	5
2026-05-28 16:25	92.270	92.565	92.185	92.515	5
2026-05-28 16:30	92.507	92.625	92.435	92.510	5
2026-05-28 16:35	92.515	92.600	92.390	92.410	5
2026-05-28 16:40	92.405	92.527	92.028	92.080	5
2026-05-28 16:45	92.085	92.085	91.698	91.840	5
2026-05-28 16:50	91.825	91.895	91.613	91.870	5
2026-05-28 16:55	91.865	91.865	91.590	91.785	5
2026-05-28 17:00	91.743	92.125	91.743	92.025	5
2026-05-28 17:05	92.020	92.420	91.978	92.250	5
2026-05-28 17:10	92.240	92.390	92.153	92.355	5
2026-05-28 17:15	92.365	92.470	92.230	92.395	5
2026-05-28 17:20	92.400	92.450	92.265	92.340	5
2026-05-28 17:25	92.345	92.570	92.305	92.465	5
2026-05-28 17:30	92.455	92.490	92.325	92.340	5
2026-05-28 17:35	92.345	92.480	92.310	92.410	5
2026-05-28 17:40	92.395	92.510	92.370	92.440	5
2026-05-28 17:45	92.398	92.485	92.275	92.305	5
2026-05-28 17:50	92.300	92.440	92.215	92.345	5
2026-05-28 17:55	92.340	92.410	92.268	92.395	5
2026-05-28 18:00	92.400	92.500	92.370	92.460	5
2026-05-28 18:05	92.470	92.470	92.210	92.410	5
2026-05-28 18:10	92.415	92.905	92.410	92.630	5
2026-05-28 18:15	92.615	92.837	92.278	92.620	5
2026-05-28 18:20	92.615	92.680	92.370	92.505	5
2026-05-28 18:25	92.500	92.790	92.447	92.680	5
2026-05-28 18:30	92.690	93.080	92.678	93.070	5
2026-05-28 18:35	93.050	93.245	93.028	93.180	5
2026-05-28 18:40	93.170	93.250	93.085	93.100	5
2026-05-28 18:45	93.095	93.145	93.030	93.055	5
2026-05-28 18:50	93.060	93.070	92.943	93.000	5
2026-05-28 18:55	92.995	93.030	92.905	93.000	5
2026-05-28 19:00	92.973	93.110	92.890	92.985	5
2026-05-28 19:05	92.995	92.995	92.910	92.955	5
2026-05-28 19:10	92.950	92.980	92.880	92.890	5
2026-05-28 19:15	92.895	92.985	92.890	92.920	5
2026-05-28 19:20	92.910	93.010	92.890	92.970	5
2026-05-28 19:25	92.965	93.050	92.945	93.050	5
2026-05-28 19:30	93.065	93.065	92.780	92.855	5
2026-05-28 19:35	92.865	92.950	92.788	92.905	5
2026-05-28 19:40	92.925	93.035	92.905	92.995	5
2026-05-28 19:45	93.005	93.085	92.933	93.035	5
2026-05-28 19:50	93.003	93.150	92.960	93.085	5
2026-05-28 19:55	93.043	93.225	93.043	93.225	5
2026-05-28 20:00	93.178	93.422	93.168	93.252	5
2026-05-28 20:05	93.247	93.332	93.182	93.227	5
2026-05-28 20:10	93.232	93.282	93.132	93.132	5
2026-05-28 20:15	93.122	93.132	92.747	92.762	5
2026-05-28 20:20	92.792	92.872	92.772	92.832	5
2026-05-28 20:25	92.813	92.822	92.627	92.672	5
2026-05-28 20:30	92.667	92.682	92.557	92.607	5
2026-05-28 20:35	92.597	92.837	92.597	92.812	5
2026-05-28 20:40	92.822	92.822	92.647	92.702	5
2026-05-28 20:45	92.692	92.772	92.632	92.647	5
2026-05-28 20:50	92.637	92.662	92.572	92.652	5
2026-05-28 20:55	92.647	92.662	92.397	92.397	5
2026-05-29 00:00	92.217	92.247	92.105	92.167	5
2026-05-29 00:05	92.157	92.307	92.067	92.287	5
2026-05-29 00:10	92.297	92.447	92.207	92.247	5
2026-05-29 00:15	92.255	92.285	92.083	92.135	5
2026-05-29 00:20	92.130	92.167	92.097	92.120	5
2026-05-29 00:25	92.127	92.167	91.707	91.927	5
2026-05-29 00:30	91.937	92.185	91.897	92.175	5
2026-05-29 00:35	92.147	92.160	92.085	92.127	5
2026-05-29 00:40	92.117	92.165	92.107	92.155	5
2026-05-29 00:45	92.147	92.285	92.117	92.230	5
2026-05-29 00:50	92.210	92.390	92.200	92.365	5
2026-05-29 00:55	92.370	92.410	92.287	92.325	5
2026-05-29 01:00	92.317	92.325	92.118	92.187	5
2026-05-29 01:05	92.195	92.245	91.740	91.807	5
2026-05-29 01:10	91.787	91.925	91.607	91.897	5
2026-05-29 01:15	91.917	92.025	91.877	92.007	5
2026-05-29 01:20	92.020	92.460	92.015	92.355	5
2026-05-29 01:25	92.295	92.355	92.207	92.275	5
2026-05-29 01:30	92.257	92.357	92.257	92.315	5
2026-05-29 01:35	92.317	92.410	92.315	92.345	5
2026-05-29 01:40	92.350	92.350	92.215	92.235	5
2026-05-29 01:45	92.215	92.215	92.065	92.137	5
2026-05-29 01:50	92.155	92.180	92.055	92.087	5
2026-05-29 01:55	92.085	92.140	91.845	91.890	5
2026-05-29 02:00	91.885	91.885	91.595	91.695	5
2026-05-29 02:05	91.687	91.800	91.687	91.777	5
2026-05-29 02:10	91.785	91.915	91.780	91.865	5
2026-05-29 02:15	91.867	92.005	91.833	91.990	5
2026-05-29 02:20	91.985	92.030	91.950	92.000	5
2026-05-29 02:25	92.010	92.090	91.990	91.990	5
2026-05-29 02:30	92.000	92.170	91.997	92.025	5
2026-05-29 02:35	92.020	92.065	91.915	91.960	5
2026-05-29 02:40	91.937	92.000	91.870	91.980	5
2026-05-29 02:45	91.985	92.040	91.947	91.995	5
2026-05-29 02:50	92.005	92.085	91.990	92.020	5
2026-05-29 02:55	92.015	92.030	91.895	91.935	5
2026-05-29 03:00	91.925	92.005	91.805	91.805	5
2026-05-29 03:05	91.815	91.865	91.595	91.630	5
2026-05-29 03:10	91.637	91.770	91.483	91.635	5
2026-05-29 03:15	91.655	91.737	91.630	91.697	5
2026-05-29 03:20	91.705	91.757	91.665	91.697	5
2026-05-29 03:25	91.710	91.835	91.695	91.765	5
2026-05-29 03:30	91.755	91.907	91.755	91.865	5
2026-05-29 03:35	91.860	91.875	91.785	91.790	5
2026-05-29 03:40	91.795	91.855	91.753	91.775	5
2026-05-29 03:45	91.790	91.900	91.787	91.815	5
2026-05-29 03:50	91.810	92.365	91.795	92.117	5
2026-05-29 03:55	92.117	92.407	92.005	92.277	5
2026-05-29 04:00	92.257	92.320	92.120	92.140	5
2026-05-29 04:05	92.135	92.250	91.967	91.980	5
2026-05-29 04:10	91.965	91.970	91.867	91.925	5
2026-05-29 04:15	91.917	91.937	91.607	91.737	5
2026-05-29 04:20	91.727	91.745	91.520	91.707	5
2026-05-29 04:25	91.677	91.725	91.397	91.667	5
2026-05-29 04:30	91.647	91.945	91.475	91.930	5
2026-05-29 04:35	91.910	91.985	91.747	91.767	5
2026-05-29 04:40	91.765	91.770	91.715	91.725	5
2026-05-29 04:45	91.678	91.678	91.678	91.678	1
2026-05-29 05:10	91.725	91.770	91.715	91.770	4
2026-05-29 05:15	91.775	91.775	91.750	91.750	5
2026-05-29 05:20	91.755	91.770	91.690	91.760	5
2026-05-29 05:25	91.750	91.775	91.705	91.715	5
2026-05-29 05:30	91.725	91.775	91.615	91.775	5
2026-05-29 05:35	91.765	91.875	91.698	91.870	5
2026-05-29 05:40	91.865	91.875	91.800	91.820	5
2026-05-29 05:45	91.798	91.875	91.783	91.855	5
2026-05-29 05:50	91.860	91.975	91.828	91.920	5
2026-05-29 05:55	91.915	91.940	91.863	91.935	1
2026-05-29 06:35	91.390	91.505	91.350	91.490	2
2026-05-29 06:40	91.455	91.545	91.433	91.490	5
2026-05-29 06:45	91.495	91.630	91.470	91.480	5
2026-05-29 06:50	91.485	91.560	91.443	91.490	5
2026-05-29 06:55	91.495	91.550	91.413	91.460	5
2026-05-29 07:00	91.418	91.685	91.360	91.530	5
2026-05-29 07:05	91.520	91.610	91.405	91.600	5
2026-05-29 07:10	91.605	91.605	91.445	91.590	5
2026-05-29 07:15	91.595	91.945	91.585	91.910	5
2026-05-29 07:20	91.915	92.010	91.810	91.935	5
2026-05-29 07:25	91.940	91.975	91.838	91.895	5
2026-05-29 07:30	91.890	92.220	91.875	92.095	5
2026-05-29 07:35	92.100	92.600	92.100	92.530	5
2026-05-29 07:40	92.535	92.780	92.528	92.620	5
2026-05-29 07:45	92.635	92.690	92.420	92.490	5
2026-05-29 07:50	92.500	92.600	92.408	92.555	5
2026-05-29 07:55	92.560	92.730	92.488	92.635	5
2026-05-29 08:00	92.588	92.810	92.493	92.780	5
2026-05-29 08:05	92.770	92.935	92.705	92.840	5
2026-05-29 08:10	92.830	92.830	92.760	92.800	5
2026-05-29 08:15	92.795	92.795	92.440	92.500	5
2026-05-29 08:20	92.490	92.770	92.485	92.770	5
2026-05-29 08:25	92.765	92.845	92.515	92.565	5
2026-05-29 08:30	92.570	92.610	92.468	92.545	5
2026-05-29 08:35	92.547	92.725	92.530	92.570	5
2026-05-29 08:40	92.575	92.660	92.560	92.655	5
2026-05-29 08:45	92.650	92.740	92.568	92.610	5
2026-05-29 08:50	92.620	92.630	92.263	92.360	5
2026-05-29 08:55	92.355	92.435	92.310	92.425	5
2026-05-29 09:00	92.420	92.450	91.640	91.730	5
2026-05-29 09:05	91.735	91.770	91.573	91.670	5
2026-05-29 09:10	91.680	91.760	91.385	91.385	5
2026-05-29 09:15	91.343	91.450	91.000	91.040	5
2026-05-29 09:20	91.030	91.210	90.925	91.145	5
2026-05-29 09:25	91.140	91.260	90.667	90.845	5
2026-05-29 09:30	90.835	90.975	90.773	90.975	5
2026-05-29 09:35	90.960	91.140	90.910	91.015	5
2026-05-29 09:40	91.010	91.030	90.885	91.000	5
2026-05-29 09:45	90.990	91.025	90.648	90.885	5
2026-05-29 09:50	90.865	91.145	90.850	91.060	5
2026-05-29 09:55	91.040	91.170	91.040	91.150	5
2026-05-29 10:00	91.145	91.275	91.108	91.195	5
2026-05-29 10:05	91.185	91.225	91.070	91.160	5
2026-05-29 10:10	91.155	91.155	91.040	91.070	5
2026-05-29 10:15	91.065	91.370	91.013	91.330	5
2026-05-29 10:20	91.325	91.440	91.268	91.370	5
2026-05-29 10:25	91.365	91.445	91.270	91.315	5
2026-05-29 10:30	91.320	91.405	91.190	91.205	5
2026-05-29 10:35	91.185	91.195	90.790	90.885	5
2026-05-29 10:40	90.890	91.040	90.705	90.765	5
2026-05-29 10:45	90.770	90.810	90.473	90.715	5
2026-05-29 10:50	90.710	91.000	90.660	90.995	5
2026-05-29 10:55	91.005	91.130	90.915	91.040	5
2026-05-29 11:00	91.030	91.157	90.978	91.095	5
2026-05-29 11:05	91.090	91.090	90.875	91.025	5
2026-05-29 11:10	91.020	91.020	90.875	90.940	5
2026-05-29 11:15	90.910	90.970	90.845	90.880	5
2026-05-29 11:20	90.865	91.030	90.860	90.985	5
2026-05-29 11:25	90.965	91.150	90.750	90.885	5
2026-05-29 11:30	90.880	91.170	90.880	91.145	5
2026-05-29 11:35	91.140	91.305	91.133	91.240	5
2026-05-29 11:40	91.235	91.270	91.160	91.270	5
2026-05-29 11:45	91.260	91.320	91.140	91.310	5
2026-05-29 11:50	91.305	91.725	91.248	91.415	5
2026-05-29 11:55	91.420	91.420	91.097	91.137	5
2026-05-29 12:00	91.093	91.170	91.057	91.170	5
2026-05-29 12:05	91.175	91.360	91.175	91.280	5
2026-05-29 12:10	91.270	91.510	91.260	91.370	5
2026-05-29 12:15	91.390	91.390	91.170	91.170	5
2026-05-29 12:20	91.175	91.225	91.128	91.185	5
2026-05-29 12:25	91.190	91.255	91.140	91.180	5
2026-05-29 12:30	91.160	91.397	90.925	91.175	5
2026-05-29 12:35	91.200	91.260	91.035	91.260	5
2026-05-29 12:40	91.255	91.500	91.220	91.330	5
2026-05-29 12:45	91.325	91.445	91.278	91.310	5
2026-05-29 12:50	91.325	91.325	90.905	90.940	5
2026-05-29 12:55	90.945	91.075	90.920	91.000	5
2026-05-29 13:00	90.958	90.963	90.440	90.540	5
2026-05-29 13:05	90.535	90.870	90.525	90.850	5
2026-05-29 13:10	90.845	91.005	90.720	90.965	5
2026-05-29 13:15	90.955	91.265	90.945	91.140	5
2026-05-29 13:20	91.130	91.250	91.050	91.140	5
2026-05-29 13:25	91.130	91.230	90.933	91.015	5
2026-05-29 13:30	91.035	91.190	90.906	91.170	5
2026-05-29 13:35	91.160	91.190	91.045	91.160	5
2026-05-29 13:40	91.155	91.160	90.818	90.880	5
2026-05-29 13:45	90.870	91.090	90.870	91.060	5
2026-05-29 13:50	91.050	91.275	91.045	91.175	5
2026-05-29 13:55	91.170	91.350	91.170	91.260	5
2026-05-29 14:00	91.218	91.525	91.198	91.520	5
2026-05-29 14:05	91.515	91.775	91.475	91.760	5
2026-05-29 14:10	91.765	91.835	91.460	91.558	5
2026-05-29 14:15	91.590	91.680	91.543	91.560	5
2026-05-29 14:20	91.580	91.700	91.488	91.690	5
2026-05-29 14:25	91.680	91.930	91.668	91.870	5
2026-05-29 14:30	91.865	91.940	91.705	91.865	5
2026-05-29 14:35	91.870	92.165	91.865	92.165	5
2026-05-29 14:40	92.170	92.170	91.918	92.000	5
2026-05-29 14:45	92.010	92.035	91.868	91.965	5
2026-05-29 14:50	91.970	92.025	90.883	91.343	5
2026-05-29 14:55	91.318	91.323	90.795	91.170	5
2026-05-29 15:00	91.133	91.210	90.690	90.725	5
2026-05-29 15:05	90.720	90.780	90.153	90.300	5
2026-05-29 15:10	90.305	90.425	89.898	90.060	5
2026-05-29 15:15	90.065	90.500	90.050	90.495	5
2026-05-29 15:20	90.490	90.645	90.243	90.385	5
2026-05-29 15:25	90.380	90.625	90.305	90.603	5
2026-05-29 15:30	90.613	90.760	90.468	90.740	5
2026-05-29 15:35	90.730	91.045	90.418	90.790	5
2026-05-29 15:40	90.785	91.220	90.568	91.040	5
2026-05-29 15:45	91.045	91.260	90.915	91.055	5
2026-05-29 15:50	91.065	91.235	90.905	91.045	5
2026-05-29 15:55	91.035	91.110	91.000	91.040	5
2026-05-29 16:00	90.998	91.210	90.998	91.165	5
2026-05-29 16:05	91.170	91.275	91.160	91.210	5
2026-05-29 16:10	91.190	91.245	91.040	91.180	5
2026-05-29 16:15	91.190	91.290	91.080	91.240	5
2026-05-29 16:20	91.235	91.305	90.925	91.010	5
2026-05-29 16:25	91.020	91.165	90.995	91.060	5
2026-05-29 16:30	91.045	91.060	90.575	90.670	5
2026-05-29 16:35	90.660	90.750	90.295	90.350	5
2026-05-29 16:40	90.330	90.470	90.260	90.415	5
2026-05-29 16:45	90.410	90.650	90.405	90.630	5
2026-05-29 16:50	90.650	90.740	90.528	90.540	5
2026-05-29 16:55	90.545	90.730	90.500	90.550	5
2026-05-29 17:00	90.565	90.760	90.520	90.740	5
2026-05-29 17:05	90.735	90.780	90.670	90.680	5
2026-05-29 17:10	90.685	90.895	90.648	90.860	5
2026-05-29 17:15	90.855	90.920	90.840	90.905	5
2026-05-29 17:20	90.895	91.085	90.660	90.820	5
2026-05-29 17:25	90.835	91.130	90.830	90.980	5
2026-05-29 17:30	90.985	90.985	90.730	90.760	5
2026-05-29 17:35	90.750	90.780	90.660	90.720	5
2026-05-29 17:40	90.705	90.705	90.560	90.575	5
2026-05-29 17:45	90.580	90.735	90.525	90.700	5
2026-05-29 17:50	90.705	90.910	90.690	90.910	5
2026-05-29 17:55	90.915	91.115	90.883	91.040	5
2026-05-29 18:00	90.998	91.080	90.963	91.015	5
2026-05-29 18:05	91.010	91.200	90.960	91.140	5
2026-05-29 18:10	91.135	91.270	91.065	91.140	5
2026-05-29 18:15	91.135	91.410	91.075	91.180	5
2026-05-29 18:20	91.185	91.215	91.040	91.090	5
2026-05-29 18:25	91.095	91.210	90.900	91.135	5
2026-05-29 18:30	91.093	91.103	90.776	90.850	5
2026-05-29 18:35	90.840	90.915	90.760	90.810	5
2026-05-29 18:40	90.805	90.890	90.758	90.880	5
2026-05-29 18:45	90.885	91.660	90.880	91.580	5
2026-05-29 18:50	91.570	91.635	91.360	91.405	5
2026-05-29 18:55	91.410	91.505	91.243	91.470	5
2026-05-29 19:00	91.423	91.505	91.363	91.470	5
2026-05-29 19:05	91.460	91.460	91.297	91.325	5
2026-05-29 19:10	91.320	91.455	91.305	91.315	5
2026-05-29 19:15	91.325	91.405	91.233	91.400	5
2026-05-29 19:20	91.415	91.500	91.298	91.500	5
2026-05-29 19:25	91.490	91.565	91.390	91.460	5
2026-05-29 19:30	91.455	91.635	91.430	91.580	5
2026-05-29 19:35	91.575	91.585	91.515	91.575	5
2026-05-29 19:40	91.580	91.885	91.580	91.820	5
2026-05-29 19:45	91.840	91.925	91.835	91.840	5
2026-05-29 19:50	91.847	91.850	91.645	91.810	5
2026-05-29 19:55	91.768	91.900	91.730	91.845	5
2026-05-29 20:00	91.803	91.897	91.752	91.752	5
2026-05-29 20:05	91.742	91.777	91.612	91.647	5
2026-05-29 20:10	91.662	91.687	91.527	91.532	5
2026-05-29 20:15	91.547	91.657	91.537	91.652	5
2026-05-29 20:20	91.657	91.722	91.642	91.712	5
2026-05-29 20:25	91.707	91.762	91.637	91.647	5
2026-05-29 20:30	91.642	91.732	91.618	91.687	5
2026-05-29 20:35	91.677	91.772	91.638	91.717	5
2026-05-29 20:40	91.727	91.742	91.497	91.502	5
2026-05-29 20:45	91.507	91.632	91.468	91.632	5
2026-05-29 20:50	91.627	91.657	91.507	91.652	5
2026-05-29 20:55	91.647	91.662	91.497	91.587	5
2026-06-01 00:00	92.848	93.105	92.843	93.017	5
2026-06-01 00:05	93.007	93.125	92.925	93.085	5
2026-06-01 00:10	93.087	93.155	93.060	93.140	5
2026-06-01 00:15	93.130	93.347	93.100	93.297	5
2026-06-01 00:20	93.297	93.350	93.205	93.265	5
2026-06-01 00:25	93.260	93.265	93.235	93.255	5
2026-06-01 00:30	93.257	93.327	93.183	93.325	5
2026-06-01 00:35	93.317	93.457	93.125	93.187	5
2026-06-01 00:40	93.185	93.205	93.115	93.185	5
2026-06-01 00:45	93.187	93.187	93.015	93.015	5
2026-06-01 00:50	93.020	93.080	92.985	93.000	5
2026-06-01 00:55	92.995	93.027	92.847	92.895	5
2026-06-01 01:00	92.905	93.127	92.545	93.037	5
2026-06-01 01:05	93.047	93.235	92.997	93.157	5
2026-06-01 01:10	93.167	93.270	93.133	93.197	5
2026-06-01 01:15	93.207	93.275	93.190	93.217	5
2026-06-01 01:20	93.227	93.227	93.150	93.197	5
2026-06-01 01:25	93.205	93.270	93.175	93.235	5
2026-06-01 01:30	93.247	93.275	93.200	93.205	5
2026-06-01 01:35	93.200	93.470	93.200	93.407	5
2026-06-01 01:40	93.415	93.437	93.227	93.287	5
2026-06-01 01:45	93.277	93.535	93.257	93.465	5
2026-06-01 01:50	93.457	93.520	93.405	93.445	5
2026-06-01 01:55	93.437	93.457	93.257	93.310	5
2026-06-01 02:00	93.315	93.415	93.245	93.407	5
2026-06-01 02:05	93.397	93.437	93.375	93.395	5
2026-06-01 02:10	93.397	93.465	93.375	93.430	5
2026-06-01 02:15	93.417	93.417	93.260	93.287	5
2026-06-01 02:20	93.277	93.300	93.225	93.295	5
2026-06-01 02:25	93.290	93.290	93.128	93.285	5
2026-06-01 02:30	93.275	93.395	93.275	93.290	5
2026-06-01 02:35	93.275	93.295	93.040	93.045	5
2026-06-01 02:40	93.055	93.140	92.967	93.057	5
2026-06-01 02:45	93.055	93.057	92.955	92.995	5
2026-06-01 02:50	92.990	93.097	92.970	93.097	5
2026-06-01 02:55	93.097	93.107	93.027	93.057	5
2026-06-01 03:00	92.993	93.085	92.878	93.075	5
2026-06-01 03:05	93.077	93.257	93.057	93.157	5
2026-06-01 03:10	93.157	93.175	93.060	93.087	5
2026-06-01 03:15	93.095	93.407	93.037	93.067	5
2026-06-01 03:20	93.067	93.205	93.057	93.085	5
2026-06-01 03:25	93.077	93.115	93.035	93.097	5
2026-06-01 03:30	93.090	93.117	92.673	92.907	5
2026-06-01 03:35	92.930	93.055	92.907	93.027	5
2026-06-01 03:40	93.027	93.217	93.027	93.195	5
2026-06-01 03:45	93.197	93.205	93.115	93.147	5
2026-06-01 03:50	93.147	93.280	93.125	93.265	5
2026-06-01 03:55	93.260	93.315	93.235	93.275	5
2026-06-01 04:00	93.267	93.357	93.245	93.295	5
2026-06-01 04:05	93.305	93.317	93.268	93.315	5
2026-06-01 04:10	93.268	93.435	93.268	93.367	5
2026-06-01 04:15	93.357	93.375	93.280	93.305	5
2026-06-01 04:20	93.295	93.315	93.287	93.295	5
2026-06-01 04:25	93.300	93.330	93.210	93.225	5
2026-06-01 04:30	93.235	93.235	93.105	93.145	5
2026-06-01 04:35	93.155	93.165	93.065	93.100	5
2026-06-01 04:40	93.105	93.105	92.648	92.767	5
2026-06-01 04:45	92.777	93.055	92.777	93.027	5
2026-06-01 04:50	93.025	93.075	92.967	92.997	5
2026-06-01 04:55	92.997	93.065	92.995	93.037	5
2026-06-01 05:00	93.035	93.075	92.997	93.000	5
2026-06-01 05:05	92.985	92.985	92.863	92.975	5
2026-06-01 05:10	92.985	93.037	92.943	93.035	5
2026-06-01 05:15	93.030	93.090	92.968	93.075	5
2026-06-01 05:20	93.028	93.135	93.028	93.115	5
2026-06-01 05:25	93.107	93.185	93.065	93.117	5
2026-06-01 05:30	93.107	93.440	93.093	93.367	5
2026-06-01 05:35	93.365	93.380	93.255	93.345	5
2026-06-01 05:40	93.340	93.440	93.217	93.217	5
2026-06-01 05:45	93.225	93.355	93.217	93.355	5
2026-06-01 05:50	93.370	93.397	93.255	93.255	5
2026-06-01 05:55	93.265	93.285	93.185	93.200	5
2026-06-01 06:00	93.205	93.365	93.167	93.315	5
2026-06-01 06:05	93.330	93.377	93.225	93.330	5
2026-06-01 06:10	93.340	93.570	93.305	93.560	5
2026-06-01 06:15	93.555	93.660	93.528	93.550	5
2026-06-01 06:20	93.555	93.665	93.555	93.635	5
2026-06-01 06:25	93.630	93.640	93.575	93.620	5
2026-06-01 06:30	93.610	93.640	93.543	93.550	5
2026-06-01 06:35	93.555	93.790	93.513	93.785	5
2026-06-01 06:40	93.780	93.870	93.690	93.845	5
2026-06-01 06:45	93.840	94.200	93.780	93.810	5
2026-06-01 06:50	93.815	93.995	93.758	93.895	5
2026-06-01 06:55	93.900	93.920	93.730	93.740	5
2026-06-01 07:00	93.698	93.890	93.660	93.765	5
2026-06-01 07:05	93.770	93.920	93.740	93.880	5
2026-06-01 07:10	93.875	93.905	93.708	93.760	5
2026-06-01 07:15	93.750	93.915	93.715	93.835	5
2026-06-01 07:20	93.845	93.965	93.770	93.955	5
2026-06-01 07:25	93.945	93.970	93.860	93.915	5
2026-06-01 07:30	93.910	93.960	93.800	93.950	5
2026-06-01 07:35	93.960	93.975	93.868	93.900	5
2026-06-01 07:40	93.905	94.115	93.895	94.040	5
2026-06-01 07:45	94.015	94.215	93.997	94.120	5
2026-06-01 07:50	94.135	94.200	94.063	94.135	5
2026-06-01 07:55	94.100	94.100	93.895	93.910	5
2026-06-01 08:00	93.868	94.125	93.745	94.110	5
2026-06-01 08:05	94.115	94.120	93.960	93.975	5
2026-06-01 08:10	93.980	94.210	93.950	94.140	5
2026-06-01 08:15	94.130	94.340	94.088	94.295	5
2026-06-01 08:20	94.290	94.365	94.153	94.240	5
2026-06-01 08:25	94.245	94.275	94.143	94.230	5
2026-06-01 08:30	94.245	94.475	94.148	94.390	5
2026-06-01 08:35	94.395	94.475	94.390	94.455	5
2026-06-01 08:40	94.450	94.545	94.363	94.380	5
2026-06-01 08:45	94.370	94.488	94.338	94.400	5
2026-06-01 08:50	94.425	94.450	94.117	94.320	5
2026-06-01 08:55	94.315	94.365	94.173	94.205	5
2026-06-01 09:00	94.220	94.220	93.878	93.985	5
2026-06-01 09:05	93.995	94.310	93.948	94.100	5
2026-06-01 09:10	94.110	94.275	94.105	94.180	5
2026-06-01 09:15	94.170	94.370	94.165	94.275	5
2026-06-01 09:20	94.280	94.450	94.275	94.340	5
2026-06-01 09:25	94.350	94.450	94.315	94.320	5
2026-06-01 09:30	94.340	94.355	94.150	94.155	5
2026-06-01 09:35	94.165	94.295	94.115	94.150	5
2026-06-01 09:40	94.155	94.170	94.045	94.150	5
2026-06-01 09:45	94.155	94.220	94.135	94.165	5
2026-06-01 09:50	94.170	94.280	94.105	94.135	5
2026-06-01 09:55	94.140	94.165	94.000	94.010	5
2026-06-01 10:00	93.938	94.065	93.930	94.060	5
2026-06-01 10:05	94.070	94.175	93.885	93.905	5
2026-06-01 10:10	93.910	93.940	93.828	93.930	5
2026-06-01 10:15	93.925	94.075	93.835	94.035	5
2026-06-01 10:20	94.030	94.125	93.970	94.010	5
2026-06-01 10:25	94.025	94.025	93.888	93.975	5
2026-06-01 10:30	93.960	94.140	93.940	94.090	5
2026-06-01 10:35	94.085	94.180	94.050	94.098	5
2026-06-01 10:40	94.143	94.205	94.033	94.115	5
2026-06-01 10:45	94.105	94.175	94.020	94.040	5
2026-06-01 10:50	94.050	94.070	93.955	93.990	5
2026-06-01 10:55	94.010	94.050	93.983	94.030	5
2026-06-01 11:00	94.040	94.040	93.828	93.945	5
2026-06-01 11:05	93.955	94.145	93.955	94.005	5
2026-06-01 11:10	94.015	94.130	93.988	94.005	5
2026-06-01 11:15	94.000	94.045	93.865	93.890	5
2026-06-01 11:20	93.875	93.890	93.735	93.810	5
2026-06-01 11:25	93.805	93.850	93.760	93.760	5
2026-06-01 11:30	93.765	93.785	93.650	93.700	5
2026-06-01 11:35	93.695	93.735	93.523	93.560	5
2026-06-01 11:40	93.545	93.700	93.513	93.610	5
2026-06-01 11:45	93.620	93.820	93.578	93.720	5
2026-06-01 11:50	93.730	93.745	93.610	93.725	5
2026-06-01 11:55	93.730	93.755	93.483	93.590	5
2026-06-01 12:00	93.600	93.670	93.488	93.640	5
2026-06-01 12:05	93.635	93.640	93.455	93.570	5
2026-06-01 12:10	93.580	93.685	93.580	93.660	5
2026-06-01 12:15	93.620	93.640	93.400	93.635	5
2026-06-01 12:20	93.640	93.670	93.298	93.320	5
2026-06-01 12:25	93.330	93.370	93.083	93.240	5
2026-06-01 12:30	93.255	93.310	93.135	93.240	5
2026-06-01 12:35	93.235	93.265	93.040	93.050	5
2026-06-01 12:40	93.065	93.305	92.620	92.730	5
2026-06-01 12:45	92.740	92.935	92.605	92.660	5
2026-06-01 12:50	92.680	93.155	92.623	93.070	5
2026-06-01 12:55	93.060	93.220	92.975	92.990	5
2026-06-01 13:00	92.970	93.245	92.925	93.225	5
2026-06-01 13:05	93.230	93.310	93.015	93.175	5
2026-06-01 13:10	93.160	94.873	93.150	94.473	6
2026-06-01 13:15	94.458	94.770	94.145	94.647	5
2026-06-01 13:20	94.670	95.735	94.670	95.730	5
2026-06-01 13:25	95.725	96.025	95.628	95.850	5
2026-06-01 13:30	95.845	95.850	95.358	95.540	5
2026-06-01 13:35	95.565	95.730	95.385	95.700	5
2026-06-01 13:40	95.710	96.120	95.648	96.075	5
2026-06-01 13:45	96.033	96.465	95.963	96.375	5
2026-06-01 13:50	96.390	96.920	96.290	96.860	5
2026-06-01 13:55	96.870	97.240	96.818	97.215	5
2026-06-01 14:00	97.218	97.313	96.930	97.050	5
2026-06-01 14:05	97.070	97.270	96.715	96.790	5
2026-06-01 14:10	96.795	96.920	96.618	96.670	5
2026-06-01 14:15	96.675	97.118	96.103	97.000	5
2026-06-01 14:20	97.010	97.170	96.788	97.035	5
2026-06-01 14:25	97.040	97.400	96.993	97.305	5
2026-06-01 14:30	97.300	97.450	96.883	97.410	5
2026-06-01 14:35	97.405	97.510	97.253	97.380	5
2026-06-01 14:40	97.390	97.405	97.198	97.240	5
2026-06-01 14:45	97.235	97.455	97.225	97.355	5
2026-06-01 14:50	97.360	97.465	97.208	97.450	5
2026-06-01 14:55	97.455	97.590	97.390	97.515	5
2026-06-01 15:00	97.458	97.740	97.453	97.505	5
2026-06-01 15:05	97.485	97.603	97.045	97.240	5
2026-06-01 15:10	97.255	97.295	97.110	97.230	5
2026-06-01 15:15	97.235	97.285	97.085	97.135	5
2026-06-01 15:20	97.130	97.285	97.000	97.220	5
2026-06-01 15:25	97.230	97.240	96.810	96.990	5
2026-06-01 15:30	96.980	97.070	95.933	96.175	5
2026-06-01 15:35	96.195	96.705	96.190	96.650	5
2026-06-01 15:40	96.645	96.955	96.635	96.845	5
2026-06-01 15:45	96.835	96.975	96.698	96.830	5
2026-06-01 15:50	96.850	97.050	96.850	96.960	5
2026-06-01 15:55	96.970	97.025	96.888	96.950	5
2026-06-01 16:00	96.908	97.095	96.648	97.050	5
2026-06-01 16:05	97.045	97.220	97.000	97.070	5
2026-06-01 16:10	97.060	97.540	96.998	97.225	5
2026-06-01 16:15	97.230	97.385	97.115	97.175	5
2026-06-01 16:20	97.170	97.305	97.088	97.265	5
2026-06-01 16:25	97.270	97.400	97.108	97.185	5
2026-06-01 16:30	97.180	97.330	96.988	97.267	5
2026-06-01 16:35	97.280	97.475	97.138	97.390	5
2026-06-01 16:40	97.385	97.405	97.033	97.170	5
2026-06-01 16:45	97.165	97.260	96.893	96.915	5
2026-06-01 16:50	96.905	96.945	96.095	96.185	5
2026-06-01 16:55	96.195	96.275	95.840	95.890	5
2026-06-01 17:00	95.885	96.215	95.793	96.150	5
2026-06-01 17:05	96.140	96.317	96.095	96.245	5
2026-06-01 17:10	96.235	96.245	95.870	95.925	5
2026-06-01 17:15	95.930	96.040	95.885	95.990	5
2026-06-01 17:20	95.995	96.045	95.830	95.975	5
2026-06-01 17:25	95.980	96.035	94.588	94.748	5
2026-06-01 17:30	94.743	95.115	94.533	95.015	5
2026-06-01 17:35	95.007	95.250	94.948	95.195	5
2026-06-01 17:40	95.200	95.300	94.507	94.767	5
2026-06-01 17:45	94.767	94.960	94.607	94.860	5
2026-06-01 17:50	94.850	94.935	94.588	94.635	5
2026-06-01 17:55	94.610	94.885	94.588	94.880	5
2026-06-01 18:00	94.875	94.970	94.743	94.910	5
2026-06-01 18:05	94.900	94.935	94.505	94.540	5
2026-06-01 18:10	94.550	94.955	94.550	94.910	5
2026-06-01 18:15	94.895	95.150	94.800	94.885	5
2026-06-01 18:20	94.880	94.985	94.700	94.920	5
2026-06-01 18:25	94.915	95.065	94.815	94.960	5
2026-06-01 18:30	94.970	95.200	94.920	95.020	5
2026-06-01 18:35	95.010	95.210	94.990	95.200	5
2026-06-01 18:40	95.190	95.220	95.105	95.140	5
2026-06-01 18:45	95.145	95.205	95.140	95.200	5
2026-06-01 18:50	95.158	95.385	95.158	95.345	5
2026-06-01 18:55	95.375	95.375	95.215	95.290	5
2026-06-01 19:00	95.267	95.420	95.175	95.190	5
2026-06-01 19:05	95.175	95.370	95.125	95.225	5
2026-06-01 19:10	95.217	95.217	94.990	95.110	5
2026-06-01 19:15	95.105	95.140	94.998	95.070	5
2026-06-01 19:20	95.085	95.100	94.935	94.970	5
2026-06-01 19:25	94.945	95.035	94.925	95.030	5
2026-06-01 19:30	95.025	95.060	94.950	95.060	5
2026-06-01 19:35	95.055	95.195	95.037	95.135	5
2026-06-01 19:40	95.127	95.355	95.127	95.305	5
2026-06-01 19:45	95.300	95.335	95.225	95.265	5
2026-06-01 19:50	95.287	95.295	95.225	95.295	5
2026-06-01 19:55	95.320	95.375	95.255	95.265	5
2026-06-01 20:00	95.218	95.337	95.167	95.177	5
2026-06-01 20:05	95.187	95.327	95.172	95.197	5
2026-06-01 20:10	95.207	95.287	95.167	95.202	5
2026-06-01 20:15	95.207	95.207	95.063	95.082	5
2026-06-01 20:20	95.072	95.172	95.037	95.162	5
2026-06-01 20:25	95.167	95.222	95.112	95.202	5
2026-06-01 20:30	95.192	95.267	95.147	95.157	5
2026-06-01 20:35	95.147	95.247	95.042	95.092	5
2026-06-01 20:40	95.107	95.192	95.087	95.172	5
2026-06-01 20:45	95.168	95.402	95.168	95.337	5
2026-06-01 20:50	95.342	95.487	95.342	95.382	5
2026-06-01 20:55	95.372	95.387	95.197	95.307	5
2026-06-02 00:00	94.837	95.117	94.797	94.995	5
2026-06-02 00:05	94.967	95.030	94.937	94.987	5
2026-06-02 00:10	95.005	95.025	94.917	94.935	5
2026-06-02 00:15	94.950	94.950	94.685	94.867	5
2026-06-02 00:20	94.857	94.917	94.847	94.905	5
2026-06-02 00:25	94.910	94.960	94.797	94.807	5
2026-06-02 00:30	94.817	94.887	94.757	94.805	5
2026-06-02 00:35	94.815	94.885	94.793	94.830	5
2026-06-02 00:40	94.825	95.157	94.825	95.087	5
2026-06-02 00:45	95.095	95.215	95.087	95.207	5
2026-06-02 00:50	95.210	95.225	95.003	95.155	5
2026-06-02 00:55	95.113	95.367	95.053	95.275	5
2026-06-02 01:00	95.233	95.480	95.068	95.200	5
2026-06-02 01:05	95.205	95.210	94.697	94.927	5
2026-06-02 01:10	94.935	94.967	94.407	94.567	5
2026-06-02 01:15	94.587	94.777	94.537	94.585	5
2026-06-02 01:20	94.605	94.737	94.585	94.737	5
2026-06-02 01:25	94.727	94.997	94.657	94.897	5
2026-06-02 01:30	94.897	94.907	94.645	94.697	5
2026-06-02 01:35	94.697	94.697	94.337	94.557	5
2026-06-02 01:40	94.557	94.607	94.387	94.537	5
2026-06-02 01:45	94.537	94.797	94.517	94.747	5
2026-06-02 01:50	94.747	94.777	94.467	94.577	5
2026-06-02 01:55	94.567	94.605	94.508	94.565	5
2026-06-02 02:00	94.500	94.507	94.287	94.387	5
2026-06-02 02:05	94.377	94.437	94.275	94.437	5
2026-06-02 02:10	94.445	94.445	94.297	94.407	5
2026-06-02 02:15	94.417	94.595	94.417	94.527	5
2026-06-02 02:20	94.525	94.607	94.507	94.607	5
2026-06-02 02:25	94.607	94.697	94.607	94.677	5
2026-06-02 02:30	94.685	94.685	94.395	94.487	5
2026-06-02 02:35	94.497	94.557	94.445	94.480	5
2026-06-02 02:40	94.495	94.717	94.368	94.665	5
2026-06-02 02:45	94.660	94.725	94.585	94.725	5
2026-06-02 02:50	94.740	94.775	94.665	94.775	5
2026-06-02 02:55	94.770	94.770	94.615	94.647	5
2026-06-02 03:00	94.657	94.657	94.560	94.637	5
2026-06-02 03:05	94.647	94.685	94.577	94.617	5
2026-06-02 03:10	94.625	94.660	94.587	94.640	5
2026-06-02 03:15	94.573	94.600	94.508	94.585	5
2026-06-02 03:20	94.590	94.637	94.458	94.505	5
2026-06-02 03:25	94.475	94.527	94.397	94.517	5
2026-06-02 03:30	94.527	94.600	94.495	94.495	5
2026-06-02 03:35	94.475	94.485	94.290	94.355	5
2026-06-02 03:40	94.350	94.430	94.317	94.397	5
2026-06-02 03:45	94.395	94.407	94.205	94.275	5
2026-06-02 03:50	94.270	94.285	94.210	94.217	5
2026-06-02 03:55	94.210	94.385	94.210	94.347	5
2026-06-02 04:00	94.355	94.377	94.315	94.315	5
2026-06-02 04:05	94.310	94.315	94.247	94.290	5
2026-06-02 04:10	94.257	94.285	94.227	94.240	5
2026-06-02 04:15	94.235	94.235	94.088	94.195	5
2026-06-02 04:20	94.177	94.187	94.073	94.185	5
2026-06-02 04:25	94.187	94.235	94.158	94.225	5
2026-06-02 04:30	94.210	94.245	94.173	94.175	5
2026-06-02 04:35	94.217	94.285	94.188	94.257	5
2026-06-02 04:40	94.267	94.305	94.237	94.255	5
2026-06-02 04:45	94.247	94.247	94.170	94.187	5
2026-06-02 04:50	94.195	94.217	94.170	94.215	5
2026-06-02 04:55	94.207	94.207	94.090	94.125	5
2026-06-02 05:00	94.127	94.210	94.060	94.205	5
2026-06-02 05:05	94.235	94.285	94.207	94.245	5
2026-06-02 05:10	94.247	94.265	94.138	94.167	5
2026-06-02 05:15	94.175	94.215	94.097	94.105	5
2026-06-02 05:20	94.107	94.150	94.077	94.145	5
2026-06-02 05:25	94.165	94.250	94.108	94.250	5
2026-06-02 05:30	94.260	94.260	93.947	94.045	5
2026-06-02 05:35	94.035	94.070	93.875	94.070	5
2026-06-02 05:40	94.023	94.115	93.897	93.917	5
2026-06-02 05:45	93.907	94.130	93.895	94.077	5
2026-06-02 05:50	94.077	94.247	94.047	94.247	5
2026-06-02 05:55	94.257	94.347	94.208	94.267	5
2026-06-02 06:00	94.277	94.397	94.185	94.215	5
2026-06-02 06:05	94.200	94.200	94.003	94.135	5
2026-06-02 06:10	94.140	94.200	94.085	94.120	5
2026-06-02 06:15	94.105	94.130	93.953	94.015	5
2026-06-02 06:20	94.020	94.065	93.950	94.025	5
2026-06-02 06:25	94.035	94.097	93.938	93.990	5
2026-06-02 06:30	93.995	94.015	93.830	93.950	5
2026-06-02 06:35	93.970	94.075	93.853	94.045	5
2026-06-02 06:40	94.027	94.285	94.027	94.285	5
2026-06-02 06:45	94.305	94.465	94.223	94.380	5
2026-06-02 06:50	94.385	94.515	94.348	94.380	5
2026-06-02 06:55	94.395	94.395	94.285	94.355	5
2026-06-02 07:00	94.303	94.580	94.195	94.330	5
2026-06-02 07:05	94.285	94.365	94.095	94.130	5
2026-06-02 07:10	94.145	94.210	94.058	94.110	5
2026-06-02 07:15	94.100	94.130	93.878	93.950	5
2026-06-02 07:20	93.940	94.065	93.813	94.050	5
2026-06-02 07:25	94.008	94.270	93.948	94.210	5
2026-06-02 07:30	94.200	94.440	94.180	94.280	5
2026-06-02 07:35	94.238	94.280	94.040	94.090	5
2026-06-02 07:40	94.070	94.080	93.748	93.775	5
2026-06-02 07:45	93.770	93.820	93.528	93.620	5
2026-06-02 07:50	93.625	93.675	93.468	93.500	5
2026-06-02 07:55	93.495	93.665	93.323	93.545	5
2026-06-02 08:00	93.503	93.550	93.335	93.350	5
2026-06-02 08:05	93.355	93.510	93.335	93.455	5
2026-06-02 08:10	93.460	93.660	93.350	93.650	5
2026-06-02 08:15	93.645	93.660	93.213	93.400	5
2026-06-02 08:20	93.395	93.395	93.120	93.160	5
2026-06-02 08:25	93.170	93.935	93.143	93.855	5
2026-06-02 08:30	93.860	93.860	93.215	93.365	5
2026-06-02 08:35	93.345	93.370	93.245	93.265	5
2026-06-02 08:40	93.255	93.330	93.088	93.200	5
2026-06-02 08:45	93.205	93.205	92.913	92.980	5
2026-06-02 08:50	92.985	93.215	92.845	93.175	5
2026-06-02 08:55	93.155	93.310	93.120	93.280	5
2026-06-02 09:00	93.275	93.340	93.100	93.135	5
2026-06-02 09:05	93.130	93.130	92.980	92.995	5
2026-06-02 09:10	92.990	93.245	92.990	93.205	5
2026-06-02 09:15	93.185	93.205	92.808	92.855	5
2026-06-02 09:20	92.850	92.980	92.830	92.950	5
2026-06-02 09:25	92.930	93.330	92.848	93.330	5
2026-06-02 09:30	93.325	93.470	93.275	93.330	5
2026-06-02 09:35	93.345	93.475	93.278	93.430	5
2026-06-02 09:40	93.440	93.665	93.395	93.620	5
2026-06-02 09:45	93.610	93.747	93.393	93.640	5
2026-06-02 09:50	93.660	93.760	93.588	93.680	5
2026-06-02 09:55	93.685	93.820	93.595	93.770	5
2026-06-02 10:00	93.728	93.955	93.723	93.860	5
2026-06-02 10:05	93.855	93.865	93.688	93.755	5
2026-06-02 10:10	93.775	93.900	93.745	93.900	5
2026-06-02 10:15	93.895	94.025	93.880	93.980	5
2026-06-02 10:20	93.990	94.115	93.948	94.000	5
2026-06-02 10:25	93.995	94.050	93.880	93.880	5
2026-06-02 10:30	93.885	93.895	93.745	93.810	5
2026-06-02 10:35	93.825	93.875	93.728	93.830	5
2026-06-02 10:40	93.835	93.930	93.748	93.855	5
2026-06-02 10:45	93.840	93.910	93.708	93.810	5
2026-06-02 10:50	93.815	93.865	93.708	93.800	5
2026-06-02 10:55	93.805	93.860	93.733	93.768	5
2026-06-02 11:00	93.800	93.820	93.640	93.700	5
2026-06-02 11:05	93.705	93.705	93.540	93.545	5
2026-06-02 11:10	93.550	93.695	93.505	93.660	5
2026-06-02 11:15	93.655	93.760	93.568	93.660	5
2026-06-02 11:20	93.665	93.870	93.625	93.840	5
2026-06-02 11:25	93.830	93.905	93.718	93.830	5
2026-06-02 11:30	93.810	93.960	93.788	93.935	5
2026-06-02 11:35	93.940	93.960	93.810	93.830	5
2026-06-02 11:40	93.825	93.850	93.720	93.840	5
2026-06-02 11:45	93.845	93.885	93.805	93.885	5
2026-06-02 11:50	93.900	93.925	93.770	93.870	5
2026-06-02 11:55	93.860	93.950	93.745	93.770	5
2026-06-02 12:00	93.780	93.780	93.583	93.660	5
2026-06-02 12:05	93.665	93.710	93.635	93.650	5
2026-06-02 12:10	93.655	93.720	93.535	93.580	5
2026-06-02 12:15	93.575	93.640	93.485	93.500	5
2026-06-02 12:20	93.495	93.765	93.470	93.700	5
2026-06-02 12:25	93.685	93.810	93.570	93.580	5
2026-06-02 12:30	93.560	93.930	93.560	93.880	5
2026-06-02 12:35	93.895	94.340	93.820	94.040	5
2026-06-02 12:40	94.015	94.220	93.875	94.085	5
2026-06-02 12:45	94.090	94.150	93.950	94.135	5
2026-06-02 12:50	94.125	94.130	93.915	93.945	5
2026-06-02 12:55	93.935	94.125	93.935	94.055	5
2026-06-02 13:00	94.040	94.440	93.988	94.290	5
2026-06-02 13:05	94.285	94.897	94.125	94.810	5
2026-06-02 13:10	94.805	94.860	94.493	94.690	5
2026-06-02 13:15	94.695	94.835	94.558	94.715	5
2026-06-02 13:20	94.720	94.725	94.545	94.570	5
2026-06-02 13:25	94.575	94.885	94.533	94.840	5
2026-06-02 13:30	94.813	95.090	94.778	95.060	5
2026-06-02 13:35	95.050	95.050	94.670	94.795	5
2026-06-02 13:40	94.800	94.950	94.680	94.905	5
2026-06-02 13:45	94.858	94.965	94.820	94.890	5
2026-06-02 13:50	94.880	95.055	94.785	94.880	5
2026-06-02 13:55	94.890	95.025	94.845	95.005	5
2026-06-02 14:00	95.007	95.170	94.943	95.015	5
2026-06-02 14:05	94.990	95.240	94.878	95.160	5
2026-06-02 14:10	95.150	95.210	94.920	94.960	5
2026-06-02 14:15	94.970	95.140	94.838	94.925	5
2026-06-02 14:20	94.920	95.362	94.800	95.285	5
2026-06-02 14:25	95.290	95.325	95.055	95.120	5
2026-06-02 14:30	95.110	95.115	94.720	94.805	5
2026-06-02 14:35	94.810	94.845	94.598	94.740	5
2026-06-02 14:40	94.750	94.840	94.630	94.830	5
2026-06-02 14:45	94.840	95.115	94.708	95.040	5
2026-06-02 14:50	95.035	95.085	94.905	94.950	5
2026-06-02 14:55	94.955	95.040	94.865	94.875	5
2026-06-02 15:00	94.828	94.900	94.758	94.860	5
2026-06-02 15:05	94.870	94.960	94.530	94.570	5
2026-06-02 15:10	94.575	94.815	94.520	94.775	5
2026-06-02 15:15	94.780	94.800	94.590	94.650	5
2026-06-02 15:20	94.665	94.710	94.580	94.650	5
2026-06-02 15:25	94.645	94.860	94.478	94.700	5
2026-06-02 15:30	94.648	95.040	94.648	94.930	5
2026-06-02 15:35	94.920	94.955	94.815	94.855	5
2026-06-02 15:40	94.850	95.075	94.808	95.060	5
2026-06-02 15:45	95.055	95.245	95.008	95.205	5
2026-06-02 15:50	95.200	95.575	95.195	95.475	5
2026-06-02 15:55	95.480	95.710	95.440	95.465	5
2026-06-02 16:00	95.423	95.590	95.388	95.435	5
2026-06-02 16:05	95.440	95.650	95.108	95.315	5
2026-06-02 16:10	95.305	95.520	95.275	95.410	5
2026-06-02 16:15	95.420	95.740	95.405	95.700	5
2026-06-02 16:20	95.680	95.770	95.600	95.640	5
2026-06-02 16:25	95.650	95.810	95.613	95.780	5
2026-06-02 16:30	95.790	95.980	95.750	95.950	5
2026-06-02 16:35	95.945	96.025	95.838	95.925	5
2026-06-02 16:40	95.950	95.990	95.853	95.890	5
2026-06-02 16:45	95.895	95.895	95.735	95.785	5
2026-06-02 16:50	95.795	95.835	95.770	95.770	5
2026-06-02 16:55	95.780	95.815	95.630	95.695	5
2026-06-02 17:00	95.705	95.750	95.485	95.605	5
2026-06-02 17:05	95.610	95.815	95.503	95.800	5
2026-06-02 17:10	95.805	95.945	95.730	95.755	5
2026-06-02 17:15	95.750	96.025	95.730	95.940	5
2026-06-02 17:20	95.935	96.040	95.888	95.950	5
2026-06-02 17:25	95.965	96.055	95.910	96.030	5
2026-06-02 17:30	96.040	96.140	95.973	96.000	5
2026-06-02 17:35	96.010	96.075	95.995	96.070	5
2026-06-02 17:40	96.065	96.075	95.968	95.990	5
2026-06-02 17:45	95.980	96.090	95.960	96.050	5
2026-06-02 17:50	96.040	96.175	96.028	96.150	5
2026-06-02 17:55	96.155	96.230	96.080	96.125	5
2026-06-02 18:00	96.090	96.150	95.770	95.930	5
2026-06-02 18:05	95.940	95.940	95.655	95.695	5
2026-06-02 18:10	95.700	95.890	95.570	95.830	5
2026-06-02 18:15	95.850	95.930	95.790	95.905	5
2026-06-02 18:20	95.910	96.025	95.880	95.945	5
2026-06-02 18:25	95.940	96.075	95.740	95.950	5
2026-06-02 18:30	95.945	96.260	95.945	96.100	5
2026-06-02 18:35	96.110	96.150	96.000	96.015	5
2026-06-02 18:40	96.010	96.110	95.960	96.090	5
2026-06-02 18:45	96.100	96.100	96.010	96.025	5
2026-06-02 18:50	96.030	96.130	95.998	96.100	5
2026-06-02 18:55	96.105	96.170	96.088	96.140	5
2026-06-02 19:00	96.088	96.160	96.060	96.075	5
2026-06-02 19:05	96.055	96.070	95.928	95.980	5
2026-06-02 19:10	95.985	96.080	95.985	96.055	5
2026-06-02 19:15	96.060	96.060	95.990	96.010	5
2026-06-02 19:20	96.020	96.040	95.920	95.975	5
2026-06-02 19:25	95.965	95.990	95.910	95.940	5
2026-06-02 19:30	95.930	95.945	95.870	95.930	5
2026-06-02 19:35	95.935	96.040	95.910	95.980	5
2026-06-02 19:40	95.985	95.995	95.880	95.895	5
2026-06-02 19:45	95.890	95.995	95.880	95.970	5
2026-06-02 19:50	95.960	96.100	95.940	96.045	5
2026-06-02 19:55	96.040	96.050	95.975	96.010	5
2026-06-02 20:00	96.005	96.032	95.958	95.967	5
2026-06-02 20:05	95.957	95.972	95.907	95.917	5
2026-06-02 20:10	95.907	95.912	95.807	95.907	5
2026-06-02 20:15	95.912	95.922	95.877	95.897	5
2026-06-02 20:20	95.892	95.902	95.847	95.882	5
2026-06-02 20:25	95.867	95.887	95.832	95.857	5
2026-06-02 20:30	95.827	95.872	95.732	95.767	5
2026-06-02 20:35	95.757	95.787	95.697	95.717	5
2026-06-02 20:40	95.722	95.847	95.702	95.812	5
2026-06-02 20:45	95.817	95.852	95.767	95.792	5
2026-06-02 20:50	95.797	95.827	95.722	95.782	5
2026-06-02 20:55	95.787	95.812	95.722	95.752	5
2026-06-03 00:00	96.533	96.797	96.533	96.747	5
2026-06-03 00:05	96.737	96.855	96.687	96.787	5
2026-06-03 00:10	96.785	97.067	96.768	97.015	5
2026-06-03 00:15	97.005	97.140	96.850	96.850	5
2026-06-03 00:20	96.865	96.907	96.790	96.895	5
2026-06-03 00:25	96.897	97.085	96.895	96.935	5
2026-06-03 00:30	96.917	96.955	96.815	96.845	5
2026-06-03 00:35	96.797	96.900	96.758	96.805	5
2026-06-03 00:40	96.810	96.855	96.790	96.810	5
2026-06-03 00:45	96.835	96.875	96.805	96.875	5
2026-06-03 00:50	96.870	96.870	96.687	96.755	5
2026-06-03 00:55	96.760	96.805	96.597	96.647	5
2026-06-03 01:00	96.603	97.110	96.388	97.077	5
2026-06-03 01:05	97.085	97.120	96.988	97.045	5
2026-06-03 01:10	97.040	97.085	96.883	97.077	5
2026-06-03 01:15	97.067	97.160	97.067	97.155	5
2026-06-03 01:20	97.150	97.220	97.115	97.150	5
2026-06-03 01:25	97.140	97.200	96.937	96.967	5
2026-06-03 01:30	96.975	97.045	96.867	97.025	5
2026-06-03 01:35	97.030	97.055	96.915	96.995	5
2026-06-03 01:40	97.015	97.045	96.950	97.035	5
2026-06-03 01:45	97.040	97.040	96.935	96.985	5
2026-06-03 01:50	96.995	97.040	96.955	96.970	5
2026-06-03 01:55	96.965	96.995	96.920	96.925	5
2026-06-03 02:00	96.927	96.985	96.865	96.945	5
2026-06-03 02:05	96.950	96.950	96.890	96.905	5
2026-06-03 02:10	96.900	96.925	96.750	96.795	5
2026-06-03 02:15	96.815	96.875	96.777	96.850	5
2026-06-03 02:20	96.835	96.850	96.803	96.835	5
2026-06-03 02:25	96.845	96.845	96.707	96.775	5
2026-06-03 02:30	96.785	96.795	96.668	96.730	5
2026-06-03 02:35	96.735	96.755	96.680	96.700	5
2026-06-03 02:40	96.705	96.720	96.680	96.705	5
2026-06-03 02:45	96.715	96.875	96.705	96.870	5
2026-06-03 02:50	96.875	96.955	96.800	96.940	5
2026-06-03 02:55	96.927	96.937	96.835	96.875	5
2026-06-03 03:00	96.885	96.885	96.765	96.795	5
2026-06-03 03:05	96.787	96.797	96.715	96.715	5
2026-06-03 03:10	96.725	96.745	96.685	96.730	5
2026-06-03 03:15	96.765	96.845	96.740	96.830	5
2026-06-03 03:20	96.820	96.825	96.770	96.775	5
2026-06-03 03:25	96.755	96.785	96.740	96.775	5
2026-06-03 03:30	96.785	96.785	96.680	96.710	5
2026-06-03 03:35	96.700	96.785	96.690	96.785	5
2026-06-03 03:40	96.810	96.875	96.810	96.860	5
2026-06-03 03:45	96.855	96.890	96.820	96.835	5
2026-06-03 03:50	96.840	96.910	96.798	96.900	4
2026-06-03 03:55	96.853	96.930	96.823	96.875	5
2026-06-03 04:00	96.890	96.910	96.833	96.910	5
2026-06-03 04:05	96.920	97.040	96.920	96.985	5
2026-06-03 04:10	96.990	97.070	96.975	97.010	5
2026-06-03 04:15	97.005	97.055	96.965	96.975	5
2026-06-03 04:20	96.985	96.990	96.955	96.965	5
2026-06-03 04:25	96.980	97.000	96.923	96.985	5
2026-06-03 04:30	96.980	97.070	96.980	97.030	5
2026-06-03 04:35	96.983	97.070	96.983	97.035	5
2026-06-03 04:40	97.040	97.120	97.017	97.110	5
2026-06-03 04:45	97.120	97.250	97.115	97.175	5
2026-06-03 04:50	97.185	97.190	97.100	97.105	5
2026-06-03 04:55	97.110	97.170	97.050	97.055	5
2026-06-03 05:00	97.060	97.125	97.035	97.050	5
2026-06-03 05:05	97.055	97.130	97.055	97.090	5
2026-06-03 05:10	97.110	97.115	96.957	97.040	5
2026-06-03 05:15	97.045	97.095	97.025	97.095	5
2026-06-03 05:20	97.085	97.155	97.070	97.075	5
2026-06-03 05:25	97.085	97.145	97.065	97.130	5
2026-06-03 05:30	97.067	97.245	97.067	97.240	5
2026-06-03 05:35	97.245	97.435	97.165	97.360	5
2026-06-03 05:40	97.355	97.430	97.348	97.420	5
2026-06-03 05:45	97.425	97.565	97.405	97.490	5
2026-06-03 05:50	97.470	97.670	97.455	97.645	5
2026-06-03 05:55	97.637	97.755	97.598	97.750	5
2026-06-03 06:00	97.718	97.760	97.465	97.465	5
2026-06-03 06:05	97.460	97.640	97.425	97.505	5
2026-06-03 06:10	97.515	97.770	97.438	97.670	5
2026-06-03 06:15	97.675	97.740	97.590	97.640	5
2026-06-03 06:20	97.635	97.660	97.540	97.565	5
2026-06-03 06:25	97.575	97.585	97.423	97.520	5
2026-06-03 06:30	97.547	97.860	97.535	97.690	5
2026-06-03 06:35	97.705	97.785	97.505	97.550	5
2026-06-03 06:40	97.545	97.780	97.535	97.710	5
2026-06-03 06:45	97.715	97.925	97.690	97.850	5
2026-06-03 06:50	97.845	97.920	97.748	97.885	5
2026-06-03 06:55	97.880	97.925	97.808	97.860	5
2026-06-03 07:00	97.788	97.975	97.758	97.960	5
2026-06-03 07:05	97.975	97.975	97.700	97.740	5
2026-06-03 07:10	97.730	97.760	97.558	97.600	5
2026-06-03 07:15	97.590	97.760	97.588	97.680	5
2026-06-03 07:20	97.670	97.840	97.620	97.820	5
2026-06-03 07:25	97.815	97.910	97.800	97.895	5
2026-06-03 07:30	97.890	97.975	97.870	97.910	5
2026-06-03 07:35	97.905	98.060	97.715	97.790	5
2026-06-03 07:40	97.795	98.055	97.790	97.980	5
2026-06-03 07:45	97.938	98.095	97.933	98.010	5
2026-06-03 07:50	98.030	98.030	97.797	97.910	5
2026-06-03 07:55	97.900	97.950	97.880	97.940	5
2026-06-03 08:00	97.868	98.120	97.820	97.840	5
2026-06-03 08:05	97.835	97.970	97.773	97.830	5
2026-06-03 08:10	97.835	97.935	97.810	97.835	5
2026-06-03 08:15	97.830	98.390	97.745	98.350	5
2026-06-03 08:20	98.355	98.650	98.320	98.600	5
2026-06-03 08:25	98.580	98.640	98.095	98.095	5
2026-06-03 08:30	98.080	98.230	98.008	98.130	5
2026-06-03 08:35	98.140	98.360	98.130	98.255	5
2026-06-03 08:40	98.245	98.450	98.200	98.370	5
2026-06-03 08:45	98.365	98.380	98.160	98.250	5
2026-06-03 08:50	98.280	98.425	98.260	98.410	5
2026-06-03 08:55	98.415	98.525	98.348	98.430	5
2026-06-03 09:00	98.435	98.565	98.400	98.400	5
2026-06-03 09:05	98.405	98.405	98.038	98.120	5
2026-06-03 09:10	98.110	98.375	98.090	98.350	5
2026-06-03 09:15	98.355	98.580	98.338	98.505	5
2026-06-03 09:20	98.510	98.635	98.450	98.600	5
2026-06-03 09:25	98.610	98.735	98.470	98.480	5
2026-06-03 09:30	98.485	98.650	98.418	98.510	5
2026-06-03 09:35	98.505	98.520	98.260	98.330	5
2026-06-03 09:40	98.335	98.540	98.315	98.410	5
2026-06-03 09:45	98.405	98.810	98.358	98.760	5
2026-06-03 09:50	98.765	98.910	98.628	98.910	5
2026-06-03 09:55	98.920	98.955	98.818	98.880	5
2026-06-03 10:00	98.848	98.960	98.757	98.760	5
2026-06-03 10:05	98.755	98.760	97.823	97.963	5
2026-06-03 10:10	97.958	98.260	97.803	98.215	5
2026-06-03 10:15	98.210	98.420	98.168	98.340	5
2026-06-03 10:20	98.335	98.600	98.283	98.530	5
2026-06-03 10:25	98.525	98.620	98.483	98.515	5
2026-06-03 10:30	98.525	98.590	98.303	98.450	5
2026-06-03 10:35	98.460	98.520	98.370	98.450	5
2026-06-03 10:40	98.440	98.695	98.398	98.630	5
2026-06-03 10:45	98.625	98.665	98.435	98.455	5
2026-06-03 10:50	98.450	98.505	98.220	98.240	5
2026-06-03 10:55	98.205	98.315	98.095	98.250	5
2026-06-03 11:00	98.168	98.270	98.100	98.210	5
2026-06-03 11:05	98.200	98.290	98.103	98.210	5
2026-06-03 11:10	98.225	98.245	97.953	98.080	5
2026-06-03 11:15	98.090	98.210	98.085	98.150	5
2026-06-03 11:20	98.160	98.220	97.960	98.040	5
2026-06-03 11:25	98.050	98.050	97.900	97.980	5
2026-06-03 11:30	97.985	98.020	97.850	97.955	5
2026-06-03 11:35	97.950	98.035	97.935	97.970	5
2026-06-03 11:40	97.975	98.050	97.945	97.950	5
2026-06-03 11:45	97.955	98.160	97.770	98.070	5
2026-06-03 11:50	98.080	98.115	97.790	97.905	5
2026-06-03 11:55	97.900	97.985	97.855	97.930	5
2026-06-03 12:00	97.893	97.950	97.588	97.805	5
2026-06-03 12:05	97.800	98.030	97.800	97.970	5
2026-06-03 12:10	97.985	98.105	97.943	98.085	5
2026-06-03 12:15	98.090	98.340	98.090	98.260	5
2026-06-03 12:20	98.223	98.330	98.163	98.250	5
2026-06-03 12:25	98.255	98.405	98.240	98.345	5
2026-06-03 12:30	98.303	98.435	98.290	98.420	5
2026-06-03 12:35	98.425	98.425	98.210	98.215	5
2026-06-03 12:40	98.220	98.305	98.180	98.220	5
2026-06-03 12:45	98.225	98.308	98.110	98.130	5
2026-06-03 12:50	98.135	98.160	97.983	98.030	5
2026-06-03 12:55	98.035	98.160	97.920	97.930	5
2026-06-03 13:00	97.950	98.025	97.648	97.680	5
2026-06-03 13:05	97.700	97.785	97.383	97.425	5
2026-06-03 13:10	97.440	97.490	97.313	97.430	5
2026-06-03 13:15	97.440	97.540	97.323	97.410	5
2026-06-03 13:20	97.405	97.460	97.188	97.430	5
2026-06-03 13:25	97.440	97.530	97.338	97.410	5
2026-06-03 13:30	97.323	97.398	97.008	97.110	5
2026-06-03 13:35	97.100	97.320	96.958	97.000	5
2026-06-03 13:40	96.968	97.335	96.955	97.330	5
2026-06-03 13:45	97.320	97.410	97.158	97.205	5
2026-06-03 13:50	97.190	97.230	97.033	97.080	5
2026-06-03 13:55	97.075	97.180	96.863	96.940	5
2026-06-03 14:00	96.930	97.060	96.768	97.040	5
2026-06-03 14:05	97.050	97.150	96.995	97.080	5
2026-06-03 14:10	97.070	97.120	96.895	96.990	5
2026-06-03 14:15	96.985	97.473	96.868	97.207	5
2026-06-03 14:20	97.230	97.388	97.083	97.170	5
2026-06-03 14:25	97.165	97.380	97.160	97.305	5
2026-06-03 14:30	97.227	97.620	97.147	97.545	5
2026-06-03 14:35	97.550	97.550	97.205	97.425	5
2026-06-03 14:40	97.435	97.720	97.415	97.675	5
2026-06-03 14:45	97.680	97.800	97.635	97.715	5
2026-06-03 14:50	97.710	97.790	97.348	97.465	5
2026-06-03 14:55	97.460	97.645	97.430	97.460	5
2026-06-03 15:00	97.440	97.610	97.343	97.570	5
2026-06-03 15:05	97.575	97.710	97.513	97.655	5
2026-06-03 15:10	97.633	97.710	97.475	97.565	5
2026-06-03 15:15	97.575	97.630	97.240	97.380	5
2026-06-03 15:20	97.375	97.535	97.270	97.510	5
2026-06-03 15:25	97.515	97.783	97.470	97.490	5
2026-06-03 15:30	97.480	97.695	97.378	97.650	5
2026-06-03 15:35	97.635	98.033	97.635	97.900	5
2026-06-03 15:40	97.910	98.085	97.900	97.905	5
2026-06-03 15:45	97.910	98.030	97.870	98.010	5
2026-06-03 15:50	98.035	98.055	97.900	97.990	5
2026-06-03 15:55	97.985	98.050	97.865	97.930	5
2026-06-03 16:00	97.863	98.020	97.863	97.895	5
2026-06-03 16:05	97.870	98.010	97.705	97.950	5
2026-06-03 16:10	97.940	98.070	97.910	98.030	5
2026-06-03 16:15	98.040	98.160	97.933	98.030	5
2026-06-03 16:20	98.040	98.075	97.828	97.940	5
2026-06-03 16:25	97.930	98.140	97.913	98.055	5
2026-06-03 16:30	98.065	98.065	97.850	97.905	5
2026-06-03 16:35	97.920	97.950	97.825	97.895	5
2026-06-03 16:40	97.900	97.905	97.698	97.770	5
2026-06-03 16:45	97.760	97.760	97.610	97.735	5
2026-06-03 16:50	97.730	97.940	97.660	97.870	5
2026-06-03 16:55	97.865	97.875	97.630	97.685	5
2026-06-03 17:00	97.638	97.735	97.610	97.700	5
2026-06-03 17:05	97.690	97.725	97.328	97.590	5
2026-06-03 17:10	97.585	98.080	97.550	98.005	5
2026-06-03 17:15	98.000	98.090	97.925	97.990	5
2026-06-03 17:20	97.980	98.045	97.945	97.960	5
2026-06-03 17:25	97.955	98.100	97.918	98.010	5
2026-06-03 17:30	98.015	98.220	97.985	98.200	5
2026-06-03 17:35	98.190	98.190	98.050	98.080	5
2026-06-03 17:40	98.085	98.210	98.023	98.160	5
2026-06-03 17:45	98.165	98.210	98.040	98.090	5
2026-06-03 17:50	98.095	98.110	97.980	97.990	5
2026-06-03 17:55	97.975	98.065	97.938	98.065	5
2026-06-03 18:00	98.050	98.080	97.850	97.900	5
2026-06-03 18:05	97.890	98.025	97.870	98.020	5
2026-06-03 18:10	98.015	98.100	97.898	97.965	5
2026-06-03 18:15	97.960	97.995	97.848	97.860	5
2026-06-03 18:20	97.855	98.045	97.670	97.720	5
2026-06-03 18:25	97.710	97.880	97.675	97.825	5
2026-06-03 18:30	97.820	98.085	97.810	98.085	5
2026-06-03 18:35	98.080	98.295	98.080	98.125	5
2026-06-03 18:40	98.120	98.210	98.110	98.170	5
2026-06-03 18:45	98.165	98.180	97.988	98.070	5
2026-06-03 18:50	98.075	98.080	97.975	97.980	5
2026-06-03 18:55	97.995	98.025	97.920	97.930	5
2026-06-03 19:00	97.935	97.990	97.888	97.920	5
2026-06-03 19:05	97.915	97.950	97.875	97.920	5
2026-06-03 19:10	97.930	97.985	97.895	97.910	5
2026-06-03 19:15	97.915	97.930	97.568	97.740	5
2026-06-03 19:20	97.698	97.890	97.698	97.890	5
2026-06-03 19:25	97.880	98.020	97.880	97.990	5
2026-06-03 19:30	97.980	98.015	97.950	97.970	5
2026-06-03 19:35	97.960	98.030	97.940	97.950	5
2026-06-03 19:40	97.940	97.945	97.885	97.930	5
2026-06-03 19:45	97.940	97.940	97.883	97.910	5
2026-06-03 19:50	97.868	98.000	97.853	97.990	5
2026-06-03 19:55	97.980	97.980	97.915	97.940	5
2026-06-03 20:00	97.913	98.017	97.892	98.007	5
2026-06-03 20:05	98.012	98.042	97.972	98.007	5
2026-06-03 20:10	98.017	98.042	97.897	98.037	5
2026-06-03 20:15	98.037	98.037	97.937	97.947	5
2026-06-03 20:20	97.952	97.952	97.902	97.937	5
2026-06-03 20:25	97.918	97.967	97.852	97.892	5
2026-06-03 20:30	97.902	97.902	97.667	97.697	5
2026-06-03 20:35	97.692	97.852	97.682	97.827	5
2026-06-03 20:40	97.817	98.037	97.817	97.997	5
2026-06-03 20:45	97.987	98.037	97.967	97.997	5
2026-06-03 20:50	98.007	98.037	97.947	97.987	5
2026-06-03 20:55	97.992	97.997	97.728	97.847	5
2026-06-04 00:00	97.213	97.298	97.027	97.107	5
2026-06-04 00:05	97.097	97.155	97.027	97.117	5
2026-06-04 00:10	97.127	97.165	97.046	97.120	5
2026-06-04 00:15	97.145	97.317	97.108	97.177	5
2026-06-04 00:20	97.185	97.237	97.155	97.235	5
2026-06-04 00:25	97.225	97.397	97.225	97.310	5
2026-06-04 00:30	97.315	97.355	97.117	97.137	5
2026-06-04 00:35	97.127	97.145	97.020	97.037	5
2026-06-04 00:40	97.045	97.107	97.038	97.105	5
2026-06-04 00:45	97.090	97.165	97.090	97.145	5
2026-06-04 00:50	97.150	97.170	97.070	97.095	5
2026-06-04 00:55	97.068	97.125	96.887	96.905	5
2026-06-04 01:00	96.893	97.120	96.870	96.910	5
2026-06-04 01:05	96.927	96.945	96.690	96.705	5
2026-06-04 01:10	96.667	96.770	96.598	96.765	5
2026-06-04 01:15	96.770	96.875	96.770	96.830	5
2026-06-04 01:20	96.817	96.827	96.717	96.765	5
2026-06-04 01:25	96.757	96.765	96.650	96.665	5
2026-06-04 01:30	96.657	96.657	96.430	96.537	5
2026-06-04 01:35	96.545	96.617	96.507	96.557	5
2026-06-04 01:40	96.567	96.715	96.557	96.685	5
2026-06-04 01:45	96.657	96.675	96.595	96.635	5
2026-06-04 01:50	96.640	96.790	96.640	96.765	5
2026-06-04 01:55	96.745	96.750	96.645	96.645	5
2026-06-04 02:00	96.593	96.745	96.540	96.615	5
2026-06-04 02:05	96.620	96.690	96.620	96.655	5
2026-06-04 02:10	96.675	96.725	96.615	96.705	5
2026-06-04 02:15	96.695	96.765	96.635	96.655	5
2026-06-04 02:20	96.660	96.665	96.485	96.560	5
2026-06-04 02:25	96.555	96.645	96.545	96.635	5
2026-06-04 02:30	96.625	96.665	96.565	96.625	5
2026-06-04 02:35	96.630	96.630	96.570	96.595	5
2026-06-04 02:40	96.615	96.615	96.570	96.595	5
2026-06-04 02:45	96.605	96.610	96.570	96.605	5
2026-06-04 02:50	96.610	96.615	96.510	96.545	5
2026-06-04 02:55	96.540	96.567	96.505	96.515	5
2026-06-04 03:00	96.525	96.605	96.495	96.550	5
2026-06-04 03:05	96.547	96.565	96.490	96.515	5
2026-06-04 03:10	96.505	96.540	96.485	96.517	5
2026-06-04 03:15	96.515	96.580	96.515	96.560	5
2026-06-04 03:20	96.555	96.630	96.518	96.560	5
2026-06-04 03:25	96.555	96.627	96.545	96.627	5
2026-06-04 03:30	96.625	96.785	96.625	96.750	5
2026-06-04 03:35	96.767	96.885	96.767	96.875	5
2026-06-04 03:40	96.870	97.175	96.838	97.145	5
2026-06-04 03:45	97.155	97.165	96.997	97.010	5
2026-06-04 03:50	97.005	97.005	96.900	96.935	5
2026-06-04 03:55	96.925	96.965	96.823	96.835	5
2026-06-04 04:00	96.825	96.885	96.743	96.830	5
2026-06-04 04:05	96.825	96.937	96.825	96.907	5
2026-06-04 04:10	96.915	96.937	96.863	96.885	5
2026-06-04 04:15	96.890	97.065	96.865	97.065	5
2026-06-04 04:20	97.057	97.090	96.985	96.990	5
2026-06-04 04:25	96.985	96.985	96.915	96.925	5
2026-06-04 04:30	96.927	97.047	96.823	96.950	5
2026-06-04 04:35	96.910	97.015	96.910	96.990	5
2026-06-04 04:40	97.005	97.005	96.905	96.905	5
2026-06-04 04:45	96.925	97.005	96.905	96.955	5
2026-06-04 04:50	96.950	96.987	96.895	96.920	5
2026-06-04 04:55	96.925	96.925	96.863	96.885	5
2026-06-04 05:00	96.890	96.970	96.878	96.955	5
2026-06-04 05:05	96.960	97.055	96.945	97.035	5
2026-06-04 05:10	97.027	97.045	96.988	97.035	5
2026-06-04 05:15	97.040	97.155	97.040	97.060	5
2026-06-04 05:20	97.050	97.205	97.050	97.155	5
2026-06-04 05:25	97.145	97.295	97.110	97.255	5
2026-06-04 05:30	97.285	97.285	97.045	97.145	5
2026-06-04 05:35	97.127	97.135	97.040	97.075	5
2026-06-04 05:40	97.067	97.067	96.830	96.855	5
2026-06-04 05:45	96.840	97.165	96.838	97.117	5
2026-06-04 05:50	97.107	97.107	96.970	97.005	5
2026-06-04 05:55	96.997	97.035	96.825	96.825	5
2026-06-04 06:00	96.783	96.905	96.675	96.805	5
2026-06-04 06:05	96.800	96.800	96.705	96.785	5
2026-06-04 06:10	96.800	96.990	96.740	96.965	5
2026-06-04 06:15	96.960	97.105	96.900	97.070	5
2026-06-04 06:20	97.065	97.160	96.975	96.990	5
2026-06-04 06:25	96.980	96.990	96.837	96.865	5
2026-06-04 06:30	96.870	96.900	96.630	96.675	5
2026-06-04 06:35	96.670	96.795	96.615	96.750	5
2026-06-04 06:40	96.740	96.860	96.740	96.850	5
2026-06-04 06:45	96.845	97.000	96.788	96.945	5
2026-06-04 06:50	96.935	97.000	96.768	96.820	5
2026-06-04 06:55	96.830	96.995	96.820	96.930	5
2026-06-04 07:00	96.888	97.000	96.773	96.870	5
2026-06-04 07:05	96.845	96.960	96.830	96.910	5
2026-06-04 07:10	96.905	96.905	96.725	96.815	5
2026-06-04 07:15	96.805	96.820	96.630	96.665	5
2026-06-04 07:20	96.675	96.960	96.635	96.930	5
2026-06-04 07:25	96.945	97.120	96.938	97.005	5
2026-06-04 07:30	97.010	97.030	96.780	96.855	5
2026-06-04 07:35	96.850	96.960	96.785	96.940	5
2026-06-04 07:40	96.930	97.170	96.808	97.100	5
2026-06-04 07:45	97.105	97.165	97.010	97.030	5
2026-06-04 07:50	97.020	97.260	96.990	97.170	5
2026-06-04 07:55	97.140	97.210	96.988	97.090	5
2026-06-04 08:00	97.110	97.350	96.980	97.040	5
2026-06-04 08:05	97.025	97.110	96.600	96.650	5
2026-06-04 08:10	96.645	96.900	96.578	96.895	5
2026-06-04 08:15	96.930	96.935	96.595	96.770	5
2026-06-04 08:20	96.765	97.065	96.733	96.860	5
2026-06-04 08:25	96.855	96.980	96.430	96.480	5
2026-06-04 08:30	96.490	96.770	96.043	96.745	5
2026-06-04 08:35	96.750	96.860	96.668	96.780	5
2026-06-04 08:40	96.790	96.790	96.610	96.610	5
2026-06-04 08:45	96.605	96.610	96.388	96.520	5
2026-06-04 08:50	96.530	96.565	96.328	96.370	5
2026-06-04 08:55	96.390	96.565	96.385	96.530	5
2026-06-04 09:00	96.520	96.690	96.158	96.160	5
2026-06-04 09:05	96.155	96.275	96.100	96.250	5
2026-06-04 09:10	96.240	96.395	96.163	96.285	5
2026-06-04 09:15	96.280	96.350	96.160	96.160	5
2026-06-04 09:20	96.155	96.370	96.118	96.350	5
2026-06-04 09:25	96.345	96.370	96.255	96.300	5
2026-06-04 09:30	96.290	96.440	96.285	96.300	5
2026-06-04 09:35	96.290	96.300	95.768	95.950	5
2026-06-04 09:40	95.960	95.995	95.813	95.865	5
2026-06-04 09:45	95.855	95.905	95.640	95.710	5
2026-06-04 09:50	95.705	95.795	95.595	95.750	5
2026-06-04 09:55	95.755	96.120	95.735	96.090	5
2026-06-04 10:00	96.095	96.295	96.085	96.150	5
2026-06-04 10:05	96.145	96.455	96.110	96.435	5
2026-06-04 10:10	96.440	96.710	96.428	96.500	5
2026-06-04 10:15	96.505	96.710	96.453	96.690	5
2026-06-04 10:20	96.680	96.700	96.515	96.520	5
2026-06-04 10:25	96.525	96.655	96.500	96.610	5
2026-06-04 10:30	96.615	96.640	96.318	96.475	5
2026-06-04 10:35	96.480	96.650	96.433	96.580	5
2026-06-04 10:40	96.570	96.715	96.498	96.525	5
2026-06-04 10:45	96.515	96.610	96.460	96.590	5
2026-06-04 10:50	96.600	96.785	96.578	96.665	5
2026-06-04 10:55	96.660	96.670	96.360	96.385	5
2026-06-04 11:00	96.380	96.415	96.190	96.260	5
2026-06-04 11:05	96.265	96.290	96.098	96.165	5
2026-06-04 11:10	96.170	96.235	96.120	96.135	5
2026-06-04 11:15	96.140	96.170	95.585	95.585	5
2026-06-04 11:20	95.560	95.745	95.218	95.375	5
2026-06-04 11:25	95.370	95.450	95.218	95.390	5
2026-06-04 11:30	95.362	95.620	95.283	95.480	5
2026-06-04 11:35	95.475	95.505	95.133	95.155	5
2026-06-04 11:40	95.170	95.275	94.988	95.050	5
2026-06-04 11:45	95.060	95.065	94.673	94.710	5
2026-06-04 11:50	94.705	94.835	94.568	94.650	5
2026-06-04 11:55	94.645	94.697	94.323	94.380	5
2026-06-04 12:00	94.370	94.570	94.137	94.540	5
2026-06-04 12:05	94.545	94.555	93.925	94.323	5
2026-06-04 12:10	94.293	94.570	94.128	94.345	5
2026-06-04 12:15	94.340	94.775	94.180	94.700	5
2026-06-04 12:20	94.710	94.900	94.628	94.870	5
2026-06-04 12:25	94.865	94.900	94.650	94.740	5
2026-06-04 12:30	94.735	94.850	94.585	94.775	5
2026-06-04 12:35	94.780	94.835	94.668	94.765	5
2026-06-04 12:40	94.760	94.895	94.690	94.805	5
2026-06-04 12:45	94.800	94.930	94.643	94.905	5
2026-06-04 12:50	94.880	94.910	94.418	94.635	5
2026-06-04 12:55	94.630	94.830	94.610	94.725	5
2026-06-04 13:00	94.683	95.000	94.640	94.785	5
2026-06-04 13:05	94.795	94.945	94.660	94.820	5
2026-06-04 13:10	94.770	95.270	94.770	95.125	5
2026-06-04 13:15	95.115	95.170	94.965	94.965	5
2026-06-04 13:20	94.970	95.300	94.925	95.165	5
2026-06-04 13:25	95.170	95.355	95.150	95.295	5
2026-06-04 13:30	95.253	95.375	95.080	95.345	5
2026-06-04 13:35	95.350	95.365	94.960	95.075	5
2026-06-04 13:40	95.080	95.365	94.973	95.110	5
2026-06-04 13:45	95.100	95.155	94.765	94.775	5
2026-06-04 13:50	94.770	94.945	94.755	94.930	5
2026-06-04 13:55	94.920	94.930	94.630	94.780	5
2026-06-04 14:00	94.763	94.990	94.573	94.910	5
2026-06-04 14:05	94.905	94.965	94.785	94.940	5
2026-06-04 14:10	94.930	94.985	94.748	94.880	5
2026-06-04 14:15	94.865	94.900	94.598	94.750	5
2026-06-04 14:20	94.755	95.005	94.688	95.000	5
2026-06-04 14:25	95.005	95.240	94.913	95.175	5
2026-06-04 14:30	95.170	95.355	95.170	95.230	5
2026-06-04 14:35	95.245	95.390	95.185	95.265	5
2026-06-04 14:40	95.260	95.280	95.090	95.180	5
2026-06-04 14:45	95.175	95.225	95.070	95.210	5
2026-06-04 14:50	95.200	95.330	95.055	95.300	5
2026-06-04 14:55	95.280	95.375	95.248	95.330	5
2026-06-04 15:00	95.340	95.415	95.203	95.380	5
2026-06-04 15:05	95.375	95.390	95.103	95.155	5
2026-06-04 15:10	95.165	95.265	94.978	94.990	5
2026-06-04 15:15	94.975	95.110	94.790	95.000	5
2026-06-04 15:20	94.995	95.015	94.880	94.970	5
2026-06-04 15:25	94.975	95.000	94.733	94.830	5
2026-06-04 15:30	94.800	95.040	94.715	95.020	5
2026-06-04 15:35	95.000	95.105	94.880	95.025	5
2026-06-04 15:40	95.020	95.305	95.010	95.150	5
2026-06-04 15:45	95.165	95.200	94.895	95.050	5
2026-06-04 15:50	95.030	95.135	95.010	95.080	5
2026-06-04 15:55	95.075	95.110	95.030	95.040	5
2026-06-04 16:00	94.993	95.095	94.955	95.000	5
2026-06-04 16:05	95.025	95.055	94.840	94.905	5
2026-06-04 16:10	94.900	95.080	94.810	95.035	5
2026-06-04 16:15	95.030	95.090	94.960	95.055	5
2026-06-04 16:20	95.060	95.145	95.030	95.040	5
2026-06-04 16:25	95.045	95.100	94.958	95.060	5
2026-06-04 16:30	95.045	95.125	94.613	94.850	5
2026-06-04 16:35	94.840	94.980	94.825	94.860	5
2026-06-04 16:40	94.855	94.900	94.795	94.850	5
2026-06-04 16:45	94.845	94.895	94.728	94.810	5
2026-06-04 16:50	94.805	94.820	94.635	94.780	5
2026-06-04 16:55	94.795	94.825	94.670	94.730	5
2026-06-04 17:00	94.728	94.850	94.630	94.670	5
2026-06-04 17:05	94.628	94.785	94.608	94.720	5
2026-06-04 17:10	94.725	94.750	94.608	94.640	5
2026-06-04 17:15	94.650	94.675	94.483	94.650	5
2026-06-04 17:20	94.645	94.805	94.630	94.680	5
2026-06-04 17:25	94.675	94.695	94.530	94.535	5
2026-06-04 17:30	94.530	94.550	94.330	94.420	5
2026-06-04 17:35	94.425	94.700	94.405	94.700	5
2026-06-04 17:40	94.695	94.750	94.615	94.615	5
2026-06-04 17:45	94.625	94.665	94.520	94.560	5
2026-06-04 17:50	94.555	94.680	94.550	94.605	5
2026-06-04 17:55	94.610	94.660	94.530	94.620	5
2026-06-04 18:00	94.605	94.760	94.510	94.690	5
2026-06-04 18:05	94.685	94.760	94.620	94.745	5
2026-06-04 18:10	94.750	94.760	94.265	94.365	5
2026-06-04 18:15	94.375	94.430	94.243	94.290	5
2026-06-04 18:20	94.300	94.420	94.170	94.390	5
2026-06-04 18:25	94.400	95.175	94.388	95.125	5
2026-06-04 18:30	95.120	95.175	95.025	95.085	5
2026-06-04 18:35	95.080	95.305	95.080	95.290	5
2026-06-04 18:40	95.280	95.305	95.123	95.260	5
2026-06-04 18:45	95.270	95.270	95.160	95.200	5
2026-06-04 18:50	95.205	95.305	95.180	95.280	5
2026-06-04 18:55	95.270	95.375	95.210	95.275	5
2026-06-04 19:00	95.280	95.350	95.185	95.340	5
2026-06-04 19:05	95.345	95.370	95.245	95.250	5
2026-06-04 19:10	95.245	95.295	95.128	95.260	5
2026-06-04 19:15	95.270	95.280	95.195	95.220	5
2026-06-04 19:20	95.215	95.225	95.140	95.170	5
2026-06-04 19:25	95.165	95.170	95.098	95.150	5
2026-06-04 19:30	95.155	95.160	95.060	95.070	5
2026-06-04 19:35	95.065	95.160	95.055	95.160	5
2026-06-04 19:40	95.170	95.220	95.135	95.210	5
2026-06-04 19:45	95.215	95.250	95.145	95.245	5
2026-06-04 19:50	95.240	95.310	95.230	95.310	5
2026-06-04 19:55	95.268	95.325	95.203	95.265	5
2026-06-04 20:00	95.260	95.275	95.162	95.192	5
2026-06-04 20:05	95.197	95.222	95.142	95.152	5
2026-06-04 20:10	95.133	95.237	95.122	95.187	5
2026-06-04 20:15	95.197	95.212	95.102	95.117	5
2026-06-04 20:20	95.112	95.162	95.097	95.127	5
2026-06-04 20:25	95.137	95.257	95.123	95.182	5
2026-06-04 20:30	95.187	95.262	95.182	95.207	5
2026-06-04 20:35	95.212	95.232	95.143	95.182	5
2026-06-04 20:40	95.187	95.202	95.173	95.192	5
2026-06-04 20:45	95.168	95.222	95.168	95.182	5
2026-06-04 20:50	95.187	95.207	95.082	95.087	5
2026-06-04 20:55	95.097	95.122	95.062	95.112	5
2026-06-05 00:00	95.198	95.307	95.153	95.230	5
2026-06-05 00:05	95.225	95.240	95.157	95.235	5
2026-06-05 00:10	95.225	95.285	95.170	95.260	5
2026-06-05 00:15	95.245	95.280	95.223	95.270	5
2026-06-05 00:20	95.260	95.260	95.125	95.140	5
2026-06-05 00:25	95.135	95.155	94.913	94.975	5
2026-06-05 00:30	94.970	95.015	94.895	94.975	5
2026-06-05 00:35	94.995	95.000	94.955	94.985	5
2026-06-05 00:40	94.980	94.995	94.938	94.970	5
2026-06-05 00:45	94.965	94.990	94.923	94.985	5
2026-06-05 00:50	94.980	95.175	94.953	95.035	5
2026-06-05 00:55	95.015	95.015	94.858	94.955	5
2026-06-05 01:00	94.947	94.995	94.777	94.915	5
2026-06-05 01:05	94.910	94.910	94.770	94.825	5
2026-06-05 01:10	94.817	94.930	94.775	94.890	5
2026-06-05 01:15	94.895	95.070	94.885	95.020	5
2026-06-05 01:20	95.035	95.285	95.035	95.265	5
2026-06-05 01:25	95.257	95.370	95.165	95.370	5
2026-06-05 01:30	95.345	95.357	95.237	95.285	5
2026-06-05 01:35	95.275	95.295	95.205	95.260	5
2026-06-05 01:40	95.255	95.397	95.245	95.377	5
2026-06-05 01:45	95.367	95.420	95.355	95.390	5
2026-06-05 01:50	95.385	95.395	95.335	95.350	5
2026-06-05 01:55	95.357	95.470	95.345	95.440	5
2026-06-05 02:00	95.425	95.515	95.363	95.465	5
2026-06-05 02:05	95.467	95.610	95.455	95.535	5
2026-06-05 02:10	95.540	95.645	95.525	95.535	5
2026-06-05 02:15	95.527	95.777	95.433	95.705	5
2026-06-05 02:20	95.707	95.805	95.578	95.605	5
2026-06-05 02:25	95.600	95.685	95.588	95.685	5
2026-06-05 02:30	95.720	95.835	95.680	95.790	5
2026-06-05 02:35	95.780	95.790	95.707	95.715	5
2026-06-05 02:40	95.707	95.820	95.700	95.777	5
2026-06-05 02:45	95.767	95.835	95.738	95.835	5
2026-06-05 02:50	95.827	95.870	95.718	95.765	5
2026-06-05 02:55	95.755	95.800	95.707	95.730	5
2026-06-05 03:00	95.658	95.755	95.658	95.745	5
2026-06-05 03:05	95.730	95.740	95.480	95.485	5
2026-06-05 03:10	95.490	95.547	95.405	95.445	5
2026-06-05 03:15	95.455	95.465	95.255	95.415	5
2026-06-05 03:20	95.417	95.465	95.395	95.405	5
2026-06-05 03:25	95.400	95.440	95.328	95.420	5
2026-06-05 03:30	95.405	95.410	95.337	95.365	5
2026-06-05 03:35	95.370	95.370	95.277	95.295	5
2026-06-05 03:40	95.307	95.455	95.285	95.450	5
2026-06-05 03:45	95.403	95.437	95.325	95.350	5
2026-06-05 03:50	95.303	95.390	95.303	95.375	5
2026-06-05 03:55	95.370	95.417	95.323	95.410	5
2026-06-05 04:00	95.415	95.440	95.251	95.255	5
2026-06-05 04:05	95.277	95.357	95.197	95.357	5
2026-06-05 04:10	95.365	95.367	95.318	95.355	5
2026-06-05 04:15	95.360	95.405	95.263	95.365	5
2026-06-05 04:20	95.345	95.355	95.305	95.307	5
2026-06-05 04:25	95.305	95.370	95.290	95.350	4
2026-06-05 04:30	95.355	95.365	95.325	95.360	5
2026-06-05 04:35	95.365	95.370	95.340	95.345	5
2026-06-05 04:40	95.340	95.365	95.295	95.350	5
2026-06-05 04:45	95.303	95.395	95.303	95.390	5
2026-06-05 04:50	95.375	95.395	95.285	95.310	5
2026-06-05 04:55	95.315	95.380	95.238	95.325	5
2026-06-05 05:00	95.327	95.460	95.317	95.455	5
2026-06-05 05:05	95.435	95.470	95.375	95.415	5
2026-06-05 05:10	95.407	95.450	95.395	95.405	5
2026-06-05 05:15	95.397	95.470	95.370	95.455	5
2026-06-05 05:20	95.460	95.470	95.435	95.440	5
2026-06-05 05:25	95.450	95.460	95.315	95.320	5
2026-06-05 05:30	95.273	95.400	95.238	95.395	5
2026-06-05 05:35	95.397	95.525	95.390	95.505	5
2026-06-05 05:40	95.495	95.500	95.400	95.440	5
2026-06-05 05:45	95.415	95.450	95.385	95.400	5
2026-06-05 05:50	95.385	95.425	95.280	95.360	5
2026-06-05 05:55	95.350	95.425	95.277	95.295	5
2026-06-05 06:00	95.287	95.465	95.205	95.425	5
2026-06-05 06:05	95.420	95.450	95.275	95.360	5
2026-06-05 06:10	95.365	95.370	94.995	95.065	5
2026-06-05 06:15	95.070	95.295	95.070	95.240	5
2026-06-05 06:20	95.255	95.305	95.135	95.140	5
2026-06-05 06:25	95.165	95.210	95.125	95.130	5
2026-06-05 06:30	95.105	95.120	95.010	95.015	5
2026-06-05 06:35	95.017	95.110	94.990	95.025	5
2026-06-05 06:40	95.015	95.130	94.965	95.020	5
2026-06-05 06:45	95.050	95.162	95.013	95.150	5
2026-06-05 06:50	95.140	95.200	95.090	95.120	5
2026-06-05 06:55	95.095	95.125	95.015	95.050	5
2026-06-05 07:00	95.043	95.125	94.703	94.810	5
2026-06-05 07:05	94.800	94.850	94.710	94.770	5
2026-06-05 07:10	94.760	94.865	94.605	94.650	5
2026-06-05 07:15	94.640	94.700	94.553	94.670	5
2026-06-05 07:20	94.690	94.720	94.468	94.550	5
2026-06-05 07:25	94.555	94.575	94.390	94.405	5
2026-06-05 07:30	94.410	94.525	94.335	94.440	5
2026-06-05 07:35	94.430	94.650	94.430	94.580	5
2026-06-05 07:40	94.585	94.770	94.508	94.690	5
2026-06-05 07:45	94.685	94.720	94.610	94.620	5
2026-06-05 07:50	94.635	94.645	94.458	94.635	5
2026-06-05 07:55	94.630	94.955	94.630	94.875	5
2026-06-05 08:00	94.880	95.060	94.798	94.800	5
2026-06-05 08:05	94.805	94.895	94.730	94.820	5
2026-06-05 08:10	94.825	95.050	94.755	94.960	5
2026-06-05 08:15	94.950	94.975	94.780	94.810	5
2026-06-05 08:20	94.805	94.870	94.390	94.420	5
2026-06-05 08:25	94.410	94.440	93.735	93.748	5
2026-06-05 08:30	93.712	94.180	93.638	94.160	5
2026-06-05 08:35	94.155	94.225	94.035	94.220	5
2026-06-05 08:40	94.210	94.285	94.110	94.200	5
2026-06-05 08:45	94.210	94.475	94.210	94.475	5
2026-06-05 08:50	94.470	94.805	94.443	94.755	5
2026-06-05 08:55	94.770	95.060	94.755	94.925	5
2026-06-05 09:00	94.883	95.040	94.790	94.940	5
2026-06-05 09:05	94.945	95.070	94.775	95.070	5
2026-06-05 09:10	95.075	95.155	94.033	94.368	5
2026-06-05 09:15	94.353	94.645	94.315	94.455	5
2026-06-05 09:20	94.460	94.522	94.173	94.325	5
2026-06-05 09:25	94.330	94.745	94.190	94.685	5
2026-06-05 09:30	94.680	94.790	94.488	94.615	5
2026-06-05 09:35	94.640	94.765	94.570	94.740	5
2026-06-05 09:40	94.735	94.875	94.643	94.855	5
2026-06-05 09:45	94.840	94.855	94.615	94.685	5
2026-06-05 09:50	94.710	94.825	94.635	94.795	5
2026-06-05 09:55	94.800	94.975	94.785	94.910	5
2026-06-05 10:00	94.890	94.950	94.835	94.910	5
2026-06-05 10:05	94.915	94.975	94.830	94.840	5
2026-06-05 10:10	94.835	95.015	94.738	94.930	5
2026-06-05 10:15	94.915	94.980	94.835	94.840	5
2026-06-05 10:20	94.850	94.875	94.540	94.620	5
2026-06-05 10:25	94.615	94.780	94.610	94.660	5
2026-06-05 10:30	94.655	94.725	94.608	94.620	5
2026-06-05 10:35	94.625	94.780	94.540	94.755	5
2026-06-05 10:40	94.750	94.960	94.698	94.825	5
2026-06-05 10:45	94.835	95.025	94.785	95.020	5
2026-06-05 10:50	95.025	95.025	94.895	94.965	5
2026-06-05 10:55	94.970	95.010	94.810	94.810	5
2026-06-05 11:00	94.827	95.070	94.768	94.995	5
2026-06-05 11:05	95.005	95.060	94.823	94.905	5
2026-06-05 11:10	94.910	94.940	94.805	94.925	5
2026-06-05 11:15	94.935	95.135	94.923	95.125	5
2026-06-05 11:20	95.135	95.340	95.065	95.250	5
2026-06-05 11:25	95.255	95.255	94.865	94.890	5
2026-06-05 11:30	94.920	94.957	94.750	94.760	5
2026-06-05 11:35	94.770	94.800	94.617	94.785	5
2026-06-05 11:40	94.780	94.780	94.483	94.590	5
2026-06-05 11:45	94.595	94.605	94.480	94.490	5
2026-06-05 11:50	94.495	94.730	94.480	94.720	5
2026-06-05 11:55	94.710	94.820	94.665	94.795	5
2026-06-05 12:00	94.748	95.120	94.743	95.030	5
2026-06-05 12:05	95.040	95.050	94.790	94.800	5
2026-06-05 12:10	94.795	94.990	94.763	94.805	5
2026-06-05 12:15	94.790	94.945	94.748	94.805	5
2026-06-05 12:20	94.800	94.805	94.655	94.675	5
2026-06-05 12:25	94.680	94.935	94.680	94.867	5
2026-06-05 12:30	94.868	95.055	94.797	94.835	5
2026-06-05 12:35	94.850	94.965	94.793	94.835	5
2026-06-05 12:40	94.845	94.915	94.668	94.695	5
2026-06-05 12:45	94.700	94.715	94.578	94.625	5
2026-06-05 12:50	94.630	94.750	94.560	94.620	5
2026-06-05 12:55	94.615	94.730	94.493	94.560	5
2026-06-05 13:00	94.518	94.735	94.278	94.313	5
2026-06-05 13:05	94.308	94.585	94.163	94.210	5
2026-06-05 13:10	94.178	94.275	93.885	94.190	5
2026-06-05 13:15	94.207	94.235	94.023	94.210	5
2026-06-05 13:20	94.225	94.605	94.188	94.550	5
2026-06-05 13:25	94.540	94.540	94.258	94.310	5
2026-06-05 13:30	94.305	94.315	93.938	94.100	5
2026-06-05 13:35	94.115	94.215	94.068	94.095	5
2026-06-05 13:40	94.085	94.175	93.788	94.010	5
2026-06-05 13:45	93.968	94.070	93.813	93.935	5
2026-06-05 13:50	93.930	93.950	93.683	93.885	5
2026-06-05 13:55	93.875	93.960	93.713	93.950	5
2026-06-05 14:00	93.945	94.020	93.048	93.533	5
2026-06-05 14:05	93.523	93.928	93.293	93.648	5
2026-06-05 14:10	93.623	93.755	93.418	93.565	5
2026-06-05 14:15	93.570	93.915	93.518	93.740	5
2026-06-05 14:20	93.708	94.027	93.708	94.010	5
2026-06-05 14:25	93.995	94.110	93.840	93.870	5
2026-06-05 14:30	93.860	93.860	93.683	93.740	5
2026-06-05 14:35	93.760	94.095	93.755	93.980	5
2026-06-05 14:40	93.975	94.017	93.835	93.855	5
2026-06-05 14:45	93.850	93.855	93.550	93.625	5
2026-06-05 14:50	93.630	93.915	93.630	93.890	5
2026-06-05 14:55	93.885	93.940	93.780	93.875	5
2026-06-05 15:00	93.870	93.940	93.773	93.810	5
2026-06-05 15:05	93.790	93.920	93.588	93.715	5
2026-06-05 15:10	93.720	93.795	93.528	93.760	5
2026-06-05 15:15	93.765	94.020	93.618	93.995	5
2026-06-05 15:20	94.000	94.030	93.663	93.750	5
2026-06-05 15:25	93.740	93.850	93.633	93.680	5
2026-06-05 15:30	93.690	93.770	93.390	93.485	5
2026-06-05 15:35	93.480	93.525	93.290	93.445	5
2026-06-05 15:40	93.440	93.450	93.218	93.240	5
2026-06-05 15:45	93.245	93.470	93.173	93.450	5
2026-06-05 15:50	93.430	93.500	93.370	93.395	5
2026-06-05 15:55	93.390	93.480	93.335	93.450	5
2026-06-05 16:00	93.465	93.625	93.388	93.520	5
2026-06-05 16:05	93.510	93.640	93.465	93.590	5
2026-06-05 16:10	93.585	93.600	93.203	93.280	5
2026-06-05 16:15	93.290	93.395	93.200	93.220	5
2026-06-05 16:20	93.210	93.380	93.040	93.070	5
2026-06-05 16:25	93.065	93.085	92.798	92.980	5
2026-06-05 16:30	92.928	93.020	92.695	92.780	5
2026-06-05 16:35	92.770	92.890	92.700	92.710	5
2026-06-05 16:40	92.705	93.010	92.705	92.810	5
2026-06-05 16:45	92.805	92.885	92.678	92.760	5
2026-06-05 16:50	92.755	92.805	92.613	92.800	5
2026-06-05 16:55	92.795	92.985	92.770	92.970	5
2026-06-05 17:00	92.975	93.115	92.948	92.975	5
2026-06-05 17:05	92.970	93.030	92.840	92.860	5
2026-06-05 17:10	92.855	92.935	92.825	92.905	5
2026-06-05 17:15	92.900	92.970	92.860	92.875	5
2026-06-05 17:20	92.870	92.905	92.835	92.850	5
2026-06-05 17:25	92.855	92.900	92.748	92.835	5
2026-06-05 17:30	92.845	92.950	92.775	92.820	5
2026-06-05 17:35	92.815	92.960	92.778	92.955	5
2026-06-05 17:40	92.960	93.130	92.888	92.950	5
2026-06-05 17:45	92.945	93.120	92.893	92.960	5
2026-06-05 17:50	92.965	92.970	92.788	92.870	5
2026-06-05 17:55	92.885	92.940	92.788	92.915	5
2026-06-05 18:00	92.873	93.000	92.853	92.920	5
2026-06-05 18:05	92.900	93.100	92.838	93.065	5
2026-06-05 18:10	93.070	93.120	92.990	93.100	5
2026-06-05 18:15	93.115	93.205	93.025	93.070	5
2026-06-05 18:20	93.060	93.060	92.793	92.990	5
2026-06-05 18:25	92.980	93.140	92.898	93.115	5
2026-06-05 18:30	93.120	93.130	92.945	93.030	5
2026-06-05 18:35	93.025	93.205	92.993	93.125	5
2026-06-05 18:40	93.120	93.255	93.100	93.230	5
2026-06-05 18:45	93.220	93.265	93.093	93.110	5
2026-06-05 18:50	93.073	93.185	93.073	93.135	5
2026-06-05 18:55	93.125	93.200	92.723	92.910	5
2026-06-05 19:00	92.915	92.970	92.808	92.815	5
2026-06-05 19:05	92.820	92.895	92.785	92.835	5
2026-06-05 19:10	92.840	92.845	92.750	92.810	5
2026-06-05 19:15	92.815	92.935	92.815	92.890	5
2026-06-05 19:20	92.905	92.925	92.673	92.860	5
2026-06-05 19:25	92.850	92.870	92.785	92.820	5
2026-06-05 19:30	92.825	92.865	92.780	92.830	5
2026-06-05 19:35	92.820	92.925	92.790	92.895	5
2026-06-05 19:40	92.905	92.985	92.900	92.965	5
2026-06-05 19:45	92.970	93.070	92.947	93.050	5
2026-06-05 19:50	93.003	93.090	92.888	92.985	5
2026-06-05 19:55	93.005	93.010	92.910	92.940	5
2026-06-05 20:00	92.898	93.042	92.887	92.897	5
2026-06-05 20:05	92.902	93.002	92.892	93.002	5
2026-06-05 20:10	93.017	93.097	93.017	93.072	5
2026-06-05 20:15	93.067	93.072	92.912	92.967	5
2026-06-05 20:20	92.972	92.982	92.892	92.982	5
2026-06-05 20:25	92.977	93.072	92.967	93.062	5
2026-06-05 20:30	93.037	93.037	92.977	93.017	5
2026-06-05 20:35	93.022	93.022	92.927	92.932	5
2026-06-05 20:40	92.952	92.952	92.892	92.902	5
2026-06-05 20:45	92.888	92.922	92.882	92.902	5
2026-06-05 20:50	92.897	92.917	92.797	92.862	5
2026-06-05 20:55	92.852	92.892	92.797	92.847	5
2026-06-08 00:00	95.368	95.525	95.217	95.267	5
2026-06-08 00:05	95.265	95.425	95.257	95.305	5
2026-06-08 00:10	95.307	95.465	95.275	95.405	5
2026-06-08 00:15	95.425	95.445	95.337	95.370	5
2026-06-08 00:20	95.350	95.375	95.230	95.237	5
2026-06-08 00:25	95.245	95.290	95.197	95.290	5
2026-06-08 00:30	95.310	95.400	95.230	95.280	5
2026-06-08 00:35	95.285	95.380	95.275	95.295	5
2026-06-08 00:40	95.300	95.320	95.258	95.307	5
2026-06-08 00:45	95.315	95.330	95.223	95.245	5
2026-06-08 00:50	95.250	95.330	95.240	95.280	5
2026-06-08 00:55	95.285	95.300	95.095	95.175	5
2026-06-08 01:00	95.147	95.357	94.973	95.060	5
2026-06-08 01:05	95.065	95.255	94.988	95.115	5
2026-06-08 01:10	95.198	96.075	95.193	96.033	5
2026-06-08 01:15	96.018	96.477	95.953	96.437	5
2026-06-08 01:20	96.457	96.477	96.045	96.327	5
2026-06-08 01:25	96.337	96.880	96.318	96.810	5
2026-06-08 01:30	96.805	97.097	96.298	96.427	5
2026-06-08 01:35	96.435	96.520	96.230	96.237	5
2026-06-08 01:40	96.235	96.235	95.943	96.115	5
2026-06-08 01:45	96.117	96.170	95.797	95.915	5
2026-06-08 01:50	95.877	96.055	95.798	95.995	5
2026-06-08 01:55	95.990	96.007	95.823	95.880	5
2026-06-08 02:00	95.875	96.165	95.805	96.127	5
2026-06-08 02:05	96.137	96.287	96.087	96.287	5
2026-06-08 02:10	96.280	96.325	96.137	96.300	5
2026-06-08 02:15	96.287	96.410	96.227	96.390	5
2026-06-08 02:20	96.395	96.437	96.250	96.267	5
2026-06-08 02:25	96.265	96.645	96.215	96.535	5
2026-06-08 02:30	96.517	96.877	96.380	96.645	5
2026-06-08 02:35	96.617	96.725	96.218	96.255	5
2026-06-08 02:40	96.257	96.325	96.055	96.085	5
2026-06-08 02:45	96.075	96.175	96.035	96.155	5
2026-06-08 02:50	96.157	96.605	96.157	96.367	5
2026-06-08 02:55	96.390	96.515	96.305	96.417	5
2026-06-08 03:00	96.397	96.665	96.327	96.655	5
2026-06-08 03:05	96.640	96.755	96.445	96.475	5
2026-06-08 03:10	96.470	96.610	96.437	96.485	5
2026-06-08 03:15	96.477	96.565	96.430	96.535	5
2026-06-08 03:20	96.540	96.545	96.397	96.397	5
2026-06-08 03:25	96.395	96.440	96.305	96.385	5
2026-06-08 03:30	96.375	96.377	96.163	96.215	5
2026-06-08 03:35	96.197	96.355	96.195	96.237	5
2026-06-08 03:40	96.247	96.285	96.175	96.277	5
2026-06-08 03:45	96.275	96.367	96.235	96.340	5
2026-06-08 03:50	96.293	96.405	96.293	96.310	5
2026-06-08 03:55	96.315	96.395	96.310	96.360	5
2026-06-08 04:00	96.365	96.497	96.360	96.470	5
2026-06-08 04:05	96.455	96.605	96.455	96.575	5
2026-06-08 04:10	96.577	96.630	96.520	96.527	5
2026-06-08 04:15	96.525	96.670	96.428	96.645	5
2026-06-08 04:20	96.635	96.755	96.560	96.575	5
2026-06-08 04:25	96.565	96.775	96.528	96.675	5
2026-06-08 04:30	96.685	97.235	96.625	97.165	5
2026-06-08 04:35	97.170	97.295	97.017	97.040	5
2026-06-08 04:40	97.025	97.155	97.020	97.077	5
2026-06-08 04:45	97.075	97.187	96.987	97.135	5
2026-06-08 04:50	97.137	97.150	96.997	97.145	5
2026-06-08 04:55	97.140	97.350	97.140	97.230	5
2026-06-08 05:00	97.225	97.225	96.937	97.120	5
2026-06-08 05:05	97.125	97.415	97.125	97.310	5
2026-06-08 05:10	97.277	97.445	97.277	97.345	5
2026-06-08 05:15	97.355	97.355	97.075	97.110	5
2026-06-08 05:20	97.115	97.155	96.995	97.045	5
2026-06-08 05:25	97.050	97.065	96.955	97.050	5
2026-06-08 05:30	97.045	97.630	96.935	97.515	5
2026-06-08 05:35	97.507	97.700	97.420	97.520	5
2026-06-08 05:40	97.525	97.735	97.480	97.560	5
2026-06-08 05:45	97.555	97.655	97.503	97.605	5
2026-06-08 05:50	97.595	97.615	97.390	97.485	5
2026-06-08 05:55	97.490	97.570	97.367	97.367	5
2026-06-08 06:00	97.318	97.420	97.098	97.420	5
2026-06-08 06:05	97.425	97.570	97.335	97.470	5
2026-06-08 06:10	97.475	97.475	97.155	97.220	5
2026-06-08 06:15	97.225	97.495	97.220	97.405	5
2026-06-08 06:20	97.400	97.435	97.250	97.315	5
2026-06-08 06:25	97.310	97.350	96.893	97.185	5
2026-06-08 06:30	97.180	97.510	97.180	97.480	5
2026-06-08 06:35	97.485	97.795	97.485	97.630	5
2026-06-08 06:40	97.645	97.745	97.433	97.500	5
2026-06-08 06:45	97.463	97.640	97.463	97.595	5
2026-06-08 06:50	97.590	97.690	97.397	97.470	5
2026-06-08 06:55	97.475	97.765	97.428	97.610	5
2026-06-08 07:00	97.583	97.840	97.453	97.660	5
2026-06-08 07:05	97.628	97.830	97.628	97.770	5
2026-06-08 07:10	97.760	97.800	97.508	97.615	5
2026-06-08 07:15	97.620	97.690	97.520	97.530	5
2026-06-08 07:20	97.550	97.590	97.350	97.425	5
2026-06-08 07:25	97.415	97.430	97.188	97.380	5
2026-06-08 07:30	97.390	97.410	96.998	97.030	5
2026-06-08 07:35	97.035	97.435	96.903	97.360	5
2026-06-08 07:40	97.375	97.535	97.345	97.375	5
2026-06-08 07:45	97.380	97.380	97.243	97.290	5
2026-06-08 07:50	97.295	97.710	97.215	97.710	5
2026-06-08 07:55	97.705	97.720	97.443	97.570	5
2026-06-08 08:00	97.518	97.775	97.485	97.540	5
2026-06-08 08:05	97.530	97.830	97.483	97.638	5
2026-06-08 08:10	97.648	98.055	97.648	97.860	5
2026-06-08 08:15	97.865	97.870	97.390	97.390	5
2026-06-08 08:20	97.385	97.640	97.350	97.620	5
2026-06-08 08:25	97.630	97.665	97.175	97.175	5
2026-06-08 08:30	97.178	97.365	96.898	96.965	5
2026-06-08 08:35	96.970	97.345	96.965	97.320	5
2026-06-08 08:40	97.315	97.517	97.310	97.415	5
2026-06-08 08:45	97.410	97.655	97.328	97.560	5
2026-06-08 08:50	97.555	97.710	97.480	97.490	5
2026-06-08 08:55	97.500	97.665	97.360	97.365	5
2026-06-08 09:00	97.340	97.467	97.153	97.230	5
2026-06-08 09:05	97.235	97.360	97.133	97.210	5
2026-06-08 09:10	97.225	97.260	97.048	97.085	5
2026-06-08 09:15	97.080	97.205	97.010	97.165	5
2026-06-08 09:20	97.170	97.235	97.113	97.155	5
2026-06-08 09:25	97.160	97.290	97.160	97.290	5
2026-06-08 09:30	97.270	97.295	97.030	97.240	5
2026-06-08 09:35	97.250	97.275	96.628	96.795	5
2026-06-08 09:40	96.807	96.925	96.698	96.810	5
2026-06-08 09:45	96.835	96.905	96.703	96.860	5
2026-06-08 09:50	96.850	97.105	96.810	97.070	5
2026-06-08 09:55	97.060	97.060	96.815	96.845	5
2026-06-08 10:00	96.808	97.533	96.708	96.900	5
2026-06-08 10:05	96.895	96.965	96.395	96.515	5
2026-06-08 10:10	96.537	96.755	96.483	96.705	5
2026-06-08 10:15	96.700	97.017	96.685	96.975	5
2026-06-08 10:20	96.980	97.025	96.850	96.925	5
2026-06-08 10:25	96.937	97.080	96.838	96.905	5
2026-06-08 10:30	96.907	96.945	95.758	96.218	5
2026-06-08 10:35	96.218	96.470	95.918	96.405	5
2026-06-08 10:40	96.397	96.470	96.153	96.350	5
2026-06-08 10:45	96.355	96.455	96.193	96.250	5
2026-06-08 10:50	96.255	96.495	95.998	96.160	5
2026-06-08 10:55	96.165	96.220	95.998	96.070	5
2026-06-08 11:00	96.060	96.270	96.013	96.120	5
2026-06-08 11:05	96.115	96.205	95.968	96.035	5
2026-06-08 11:10	96.020	96.085	94.913	94.913	5
2026-06-08 11:15	94.828	94.977	94.338	94.447	5
2026-06-08 11:20	94.447	94.770	94.308	94.720	5
2026-06-08 11:25	94.710	94.797	94.430	94.460	5
2026-06-08 11:30	94.455	94.695	94.195	94.585	5
2026-06-08 11:35	94.590	94.760	94.440	94.445	5
2026-06-08 11:40	94.440	94.527	94.105	94.185	5
2026-06-08 11:45	94.210	94.385	94.088	94.165	5
2026-06-08 11:50	94.157	94.305	94.030	94.070	5
2026-06-08 11:55	94.075	94.155	93.900	94.045	5
2026-06-08 12:00	94.003	94.395	93.868	94.355	5
2026-06-08 12:05	94.273	94.570	94.218	94.370	5
2026-06-08 12:10	94.355	94.770	94.325	94.745	5
2026-06-08 12:15	94.735	94.900	94.575	94.610	5
2026-06-08 12:20	94.528	94.600	94.373	94.515	5
2026-06-08 12:25	94.505	94.630	94.428	94.460	5
2026-06-08 12:30	94.445	94.720	94.315	94.690	5
2026-06-08 12:35	94.695	94.875	94.668	94.790	5
2026-06-08 12:40	94.748	94.940	94.418	94.445	5
2026-06-08 12:45	94.440	94.720	94.430	94.710	5
2026-06-08 12:50	94.705	94.755	94.553	94.655	5
2026-06-08 12:55	94.647	94.925	94.610	94.875	5
2026-06-08 13:00	94.865	94.865	94.398	94.545	5
2026-06-08 13:05	94.540	94.805	94.517	94.805	5
2026-06-08 13:10	94.810	94.860	94.658	94.685	5
2026-06-08 13:15	94.690	94.855	94.685	94.770	5
2026-06-08 13:20	94.765	94.765	94.028	94.250	5
2026-06-08 13:25	94.230	94.250	93.868	94.140	5
2026-06-08 13:30	94.125	94.145	93.793	93.910	5
2026-06-08 13:35	93.900	93.955	93.653	93.750	5
2026-06-08 13:40	93.735	94.040	93.633	93.970	5
2026-06-08 13:45	93.960	94.190	93.945	94.180	5
2026-06-08 13:50	94.165	94.385	94.088	94.300	5
2026-06-08 13:55	94.295	94.390	94.175	94.230	5
2026-06-08 14:00	94.225	94.465	94.113	94.460	5
2026-06-08 14:05	94.480	94.532	94.297	94.405	5
2026-06-08 14:10	94.410	94.600	94.320	94.385	5
2026-06-08 14:15	94.395	94.525	94.258	94.340	5
2026-06-08 14:20	94.330	94.410	94.218	94.375	5
2026-06-08 14:25	94.370	94.550	94.340	94.500	5
2026-06-08 14:30	94.458	94.680	94.458	94.675	5
2026-06-08 14:35	94.670	94.888	94.598	94.863	5
2026-06-08 14:40	94.868	94.945	94.620	94.650	5
2026-06-08 14:45	94.640	94.810	94.268	94.810	5
2026-06-08 14:50	94.795	94.810	94.638	94.715	5
2026-06-08 14:55	94.720	94.790	94.680	94.718	5
2026-06-08 15:00	94.696	94.800	94.670	94.795	2
2026-06-08 15:05	94.800	94.880	94.755	94.810	5
2026-06-08 15:10	94.805	94.965	94.785	94.960	5
2026-06-08 15:15	94.955	95.120	94.650	94.755	5
2026-06-08 15:20	94.740	94.770	94.285	94.330	5
2026-06-08 15:25	94.340	94.800	94.335	94.785	5
2026-06-08 15:30	94.790	94.800	94.470	94.490	5
2026-06-08 15:35	94.520	94.580	94.455	94.520	5
2026-06-08 15:40	94.535	94.650	94.430	94.500	5
2026-06-08 15:45	94.495	94.645	94.495	94.580	5
2026-06-08 15:50	94.570	94.660	94.490	94.620	5
2026-06-08 15:55	94.635	94.733	94.620	94.688	4
2026-06-08 16:00	94.698	94.818	94.698	94.728	5
2026-06-08 16:05	94.723	94.728	94.368	94.530	5
2026-06-08 16:10	94.535	94.630	94.340	94.350	5
2026-06-08 16:15	94.340	94.470	94.245	94.460	5
2026-06-08 16:20	94.455	94.670	94.365	94.670	5
2026-06-08 16:25	94.650	94.795	94.528	94.770	5
2026-06-08 16:30	94.760	94.760	94.503	94.560	5
2026-06-08 16:35	94.555	94.560	94.383	94.420	5
2026-06-08 16:40	94.415	94.425	94.170	94.195	5
2026-06-08 16:45	94.200	94.340	94.188	94.280	5
2026-06-08 16:50	94.275	94.467	94.238	94.410	5
2026-06-08 16:55	94.405	94.525	94.375	94.520	5
2026-06-08 17:00	94.525	94.530	94.295	94.340	5
2026-06-08 17:05	94.335	94.420	94.223	94.390	5
2026-06-08 17:10	94.385	94.435	94.233	94.425	5
2026-06-08 17:15	94.383	94.480	94.288	94.430	5
2026-06-08 17:20	94.435	94.525	94.355	94.435	5
2026-06-08 17:25	94.430	94.440	94.095	94.110	5
2026-06-08 17:30	94.115	94.240	94.015	94.115	5
2026-06-08 17:35	94.120	94.325	94.095	94.200	5
2026-06-08 17:40	94.190	94.230	94.068	94.230	5
2026-06-08 17:45	94.220	94.250	94.055	94.190	5
2026-06-08 17:50	94.185	94.185	93.985	94.020	5
2026-06-08 17:55	94.010	94.300	94.010	94.295	5
2026-06-08 18:00	94.273	94.410	94.210	94.225	5
2026-06-08 18:05	94.220	94.335	94.205	94.315	5
2026-06-08 18:10	94.320	94.420	94.223	94.345	5
2026-06-08 18:15	94.340	94.345	94.060	94.080	5
2026-06-08 18:20	94.090	94.260	94.048	94.240	5
2026-06-08 18:25	94.250	94.315	94.123	94.195	5
2026-06-08 18:30	94.210	94.245	93.905	93.960	5
2026-06-08 18:35	93.970	94.070	93.910	94.050	5
2026-06-08 18:40	94.060	94.165	94.035	94.150	5
2026-06-08 18:45	94.145	94.250	94.120	94.235	5
2026-06-08 18:50	94.230	94.230	94.130	94.160	5
2026-06-08 18:55	94.170	94.220	94.160	94.200	5
2026-06-08 19:00	94.210	94.270	94.180	94.180	5
2026-06-08 19:05	94.200	94.220	94.160	94.165	5
2026-06-08 19:10	94.170	94.220	94.063	94.220	5
2026-06-08 19:15	94.215	94.240	94.160	94.225	5
2026-06-08 19:20	94.230	94.270	94.188	94.240	5
2026-06-08 19:25	94.225	94.325	94.220	94.280	5
2026-06-08 19:30	94.290	94.380	94.280	94.380	5
2026-06-08 19:35	94.385	94.420	94.360	94.400	5
2026-06-08 19:40	94.390	94.420	94.330	94.330	5
2026-06-08 19:45	94.320	94.350	94.280	94.310	5
2026-06-08 19:50	94.297	94.370	94.190	94.200	5
2026-06-08 19:55	94.205	94.240	94.105	94.195	5
2026-06-08 20:00	94.153	94.177	94.137	94.158	5
2026-06-08 20:05	94.197	94.347	94.162	94.327	5
2026-06-08 20:10	94.322	94.412	94.292	94.292	5
2026-06-08 20:15	94.297	94.392	94.228	94.327	5
2026-06-08 20:20	94.322	94.347	94.277	94.277	5
2026-06-08 20:25	94.292	94.432	94.103	94.137	5
2026-06-08 20:30	94.142	94.187	94.102	94.187	5
2026-06-08 20:35	94.172	94.202	94.087	94.122	5
2026-06-08 20:40	94.117	94.117	94.052	94.077	5
2026-06-08 20:45	94.102	94.227	94.077	94.157	5
2026-06-08 20:50	94.167	94.242	94.147	94.207	5
2026-06-08 20:55	94.202	94.212	94.122	94.152	5
2026-06-09 00:00	94.253	94.407	94.253	94.377	5
2026-06-09 00:05	94.385	94.385	94.158	94.190	5
2026-06-09 00:10	94.195	94.205	94.047	94.110	5
2026-06-09 00:15	94.115	94.200	94.087	94.195	5
2026-06-09 00:20	94.187	94.195	94.095	94.095	5
2026-06-09 00:25	94.090	94.115	93.937	93.975	5
2026-06-09 00:30	93.980	94.050	93.955	94.025	5
2026-06-09 00:35	94.015	94.030	93.945	93.985	5
2026-06-09 00:40	93.975	93.975	93.827	93.840	5
2026-06-09 00:45	93.845	94.055	93.845	94.005	5
2026-06-09 00:50	94.015	94.360	94.010	94.300	5
2026-06-09 00:55	94.305	94.347	94.035	94.045	5
2026-06-09 01:00	94.037	94.093	93.775	93.777	5
2026-06-09 01:05	93.787	93.925	93.775	93.915	5
2026-06-09 01:10	93.920	94.010	93.887	93.915	5
2026-06-09 01:15	93.925	93.940	93.830	93.870	5
2026-06-09 01:20	93.890	93.950	93.818	93.895	5
2026-06-09 01:25	93.887	93.887	93.697	93.727	5
2026-06-09 01:30	93.725	93.787	93.657	93.747	5
2026-06-09 01:35	93.747	93.767	93.690	93.765	5
2026-06-09 01:40	93.767	93.875	93.668	93.805	5
2026-06-09 01:45	93.795	93.800	93.570	93.715	5
2026-06-09 01:50	93.725	93.897	93.725	93.897	5
2026-06-09 01:55	93.887	94.035	93.867	93.947	5
2026-06-09 02:00	93.937	94.010	93.783	93.847	5
2026-06-09 02:05	93.837	93.837	93.517	93.577	5
2026-06-09 02:10	93.577	93.715	93.577	93.715	5
2026-06-09 02:15	93.727	93.877	93.727	93.875	5
2026-06-09 02:20	93.877	93.887	93.808	93.865	5
2026-06-09 02:25	93.887	93.937	93.877	93.897	5
2026-06-09 02:30	93.905	93.905	93.687	93.747	5
2026-06-09 02:35	93.755	93.797	93.490	93.505	5
2026-06-09 02:40	93.515	93.595	93.445	93.595	5
2026-06-09 02:45	93.590	93.655	93.565	93.617	5
2026-06-09 02:50	93.625	93.625	93.570	93.580	5
2026-06-09 02:55	93.585	93.605	93.537	93.585	5
2026-06-09 03:00	93.607	93.655	93.515	93.655	5
2026-06-09 03:05	93.645	93.645	93.338	93.467	5
2026-06-09 03:10	93.457	93.507	93.397	93.437	5
2026-06-09 03:15	93.445	93.447	93.357	93.397	5
2026-06-09 03:20	93.397	93.480	93.370	93.395	5
2026-06-09 03:25	93.407	93.505	93.385	93.440	5
2026-06-09 03:30	93.415	93.425	93.313	93.357	5
2026-06-09 03:35	93.365	93.405	93.300	93.300	5
2026-06-09 03:40	93.280	93.310	93.190	93.205	5
2026-06-09 03:45	93.195	93.247	93.100	93.237	5
2026-06-09 03:50	93.245	93.375	93.237	93.355	5
2026-06-09 03:55	93.347	93.347	93.248	93.330	5
2026-06-09 04:00	93.307	93.385	93.265	93.335	5
2026-06-09 04:05	93.340	93.380	93.308	93.365	5
2026-06-09 04:10	93.357	93.435	93.335	93.435	5
2026-06-09 04:15	93.427	93.485	93.420	93.450	5
2026-06-09 04:20	93.445	93.450	93.363	93.405	5
2026-06-09 04:25	93.410	93.487	93.410	93.477	5
2026-06-09 04:30	93.485	93.597	93.477	93.487	5
2026-06-09 04:35	93.487	93.505	93.325	93.355	5
2026-06-09 04:40	93.360	93.417	93.345	93.387	5
2026-06-09 04:45	93.387	93.415	93.377	93.387	5
2026-06-09 04:50	93.395	93.420	93.357	93.367	5
2026-06-09 04:55	93.365	93.500	93.365	93.490	5
2026-06-09 05:00	93.495	93.555	93.485	93.517	5
2026-06-09 05:05	93.525	93.525	93.428	93.477	5
2026-06-09 05:10	93.487	93.495	93.365	93.417	5
2026-06-09 05:15	93.425	93.447	93.405	93.440	5
2026-06-09 05:20	93.435	93.475	93.215	93.215	5
2026-06-09 05:25	93.220	93.280	93.157	93.260	5
2026-06-09 05:30	93.255	93.365	93.055	93.297	5
2026-06-09 05:35	93.280	93.297	93.160	93.165	5
2026-06-09 05:40	93.175	93.175	93.005	93.080	5
2026-06-09 05:45	93.087	93.160	92.983	93.037	5
2026-06-09 05:50	93.035	93.245	93.030	93.215	5
2026-06-09 05:55	93.227	93.325	93.205	93.325	5
2026-06-09 06:00	93.283	93.335	92.903	92.985	5
2026-06-09 06:05	92.980	93.205	92.940	93.190	5
2026-06-09 06:10	93.185	93.260	93.125	93.165	5
2026-06-09 06:15	93.160	93.165	92.813	92.900	5
2026-06-09 06:20	92.890	93.000	92.813	92.995	5
2026-06-09 06:25	92.990	93.090	92.955	93.090	5
2026-06-09 06:30	93.095	93.320	93.063	93.130	5
2026-06-09 06:35	93.105	93.245	92.990	92.990	5
2026-06-09 06:40	92.995	93.070	92.895	93.015	5
2026-06-09 06:45	93.025	93.077	92.890	93.077	5
2026-06-09 06:50	93.075	93.275	93.035	93.270	5
2026-06-09 06:55	93.265	93.325	93.170	93.205	5
2026-06-09 07:00	93.163	93.227	92.983	93.100	5
2026-06-09 07:05	93.090	93.120	92.935	92.995	5
2026-06-09 07:10	92.990	93.407	92.945	93.350	5
2026-06-09 07:15	93.355	93.400	93.268	93.350	5
2026-06-09 07:20	93.330	93.350	93.100	93.125	5
2026-06-09 07:25	93.083	93.240	93.045	93.065	5
2026-06-09 07:30	93.060	93.090	92.888	92.960	5
2026-06-09 07:35	92.970	93.055	92.813	92.965	5
2026-06-09 07:40	92.970	92.970	92.893	92.910	1
2026-06-09 08:00	92.868	93.060	92.830	92.920	5
2026-06-09 08:05	92.915	92.970	92.745	92.810	5
2026-06-09 08:10	92.805	92.805	92.473	92.675	5
2026-06-09 08:15	92.660	92.695	92.350	92.510	5
2026-06-09 08:20	92.505	92.710	92.400	92.685	5
2026-06-09 08:25	92.675	92.760	92.413	92.463	5
2026-06-09 08:30	92.453	92.625	92.328	92.625	5
2026-06-09 08:35	92.620	92.625	92.310	92.375	5
2026-06-09 08:40	92.385	92.420	91.990	92.220	5
2026-06-09 08:45	92.215	92.655	92.198	92.610	5
2026-06-09 08:50	92.600	92.675	92.470	92.475	5
2026-06-09 08:55	92.470	92.530	92.407	92.520	5
2026-06-09 09:00	92.515	92.637	92.278	92.325	5
2026-06-09 09:05	92.310	92.395	92.220	92.250	5
2026-06-09 09:10	92.255	92.260	92.090	92.183	5
2026-06-09 09:15	92.220	92.310	92.110	92.285	5
2026-06-09 09:20	92.290	92.345	92.063	92.120	5
2026-06-09 09:25	92.115	92.195	92.053	92.095	5
2026-06-09 09:30	92.085	92.175	92.008	92.160	5
2026-06-09 09:35	92.150	92.330	92.140	92.320	5
2026-06-09 09:40	92.310	92.435	92.183	92.405	5
2026-06-09 09:45	92.400	92.505	92.248	92.300	5
2026-06-09 09:50	92.295	92.395	92.143	92.340	5
2026-06-09 09:55	92.330	92.490	92.295	92.475	5
2026-06-09 10:00	92.408	92.670	92.400	92.635	5
2026-06-09 10:05	92.630	92.720	92.508	92.715	5
2026-06-09 10:10	92.710	92.755	92.613	92.670	5
2026-06-09 10:15	92.650	92.680	92.450	92.670	5
2026-06-09 10:20	92.640	92.690	92.543	92.645	5
2026-06-09 10:25	92.640	92.640	92.478	92.540	5
2026-06-09 10:30	92.550	92.630	92.515	92.595	5
2026-06-09 10:35	92.605	92.630	92.425	92.520	5
2026-06-09 10:40	92.530	92.630	92.530	92.540	5
2026-06-09 10:45	92.545	92.565	92.405	92.450	5
2026-06-09 10:50	92.455	92.455	92.068	92.395	5
2026-06-09 10:55	92.420	92.420	92.205	92.215	5
2026-06-09 11:00	92.210	92.505	92.195	92.440	5
2026-06-09 11:05	92.420	92.465	92.260	92.380	5
2026-06-09 11:10	92.375	92.450	92.345	92.440	5
2026-06-09 11:15	92.435	92.500	92.363	92.480	5
2026-06-09 11:20	92.475	92.710	92.413	92.700	5
2026-06-09 11:25	92.685	92.695	92.520	92.520	5
2026-06-09 11:30	92.530	92.715	92.480	92.700	5
2026-06-09 11:35	92.695	92.805	92.633	92.710	5
2026-06-09 11:40	92.700	92.905	92.518	92.845	5
2026-06-09 11:45	92.840	93.040	92.790	92.830	5
2026-06-09 11:50	92.810	92.970	92.775	92.950	5
2026-06-09 11:55	92.940	92.975	92.705	92.760	5
2026-06-09 12:00	92.718	92.725	92.533	92.600	5
2026-06-09 12:05	92.595	92.715	92.490	92.670	5
2026-06-09 12:10	92.675	92.830	92.660	92.775	5
2026-06-09 12:15	92.760	92.830	92.625	92.630	5
2026-06-09 12:20	92.635	92.725	92.595	92.690	5
2026-06-09 12:25	92.680	92.990	92.578	92.950	5
2026-06-09 12:30	92.955	93.020	92.708	92.740	5
2026-06-09 12:35	92.750	92.790	92.530	92.770	5
2026-06-09 12:40	92.765	92.860	92.735	92.810	5
2026-06-09 12:45	92.820	92.855	92.600	92.665	5
2026-06-09 12:50	92.650	92.805	92.560	92.750	5
2026-06-09 12:55	92.770	92.860	92.363	92.448	5
2026-06-09 13:00	92.433	92.865	92.303	92.820	5
2026-06-09 13:05	92.810	92.820	92.243	92.500	5
2026-06-09 13:10	92.490	92.510	92.290	92.290	5
2026-06-09 13:15	92.295	92.305	92.095	92.230	5
2026-06-09 13:20	92.220	92.260	92.090	92.090	5
2026-06-09 13:25	92.105	92.120	91.873	91.955	5
2026-06-09 13:30	91.913	91.960	91.585	91.800	5
2026-06-09 13:35	91.790	91.880	91.663	91.700	5
2026-06-09 13:40	91.695	91.890	91.620	91.635	5
2026-06-09 13:45	91.630	91.665	90.748	91.030	5
2026-06-09 13:50	91.020	91.332	90.918	91.090	5
2026-06-09 13:55	91.100	91.250	91.050	91.085	5
2026-06-09 14:00	91.043	91.105	90.758	91.000	5
2026-06-09 14:05	90.990	91.180	90.838	90.970	5
2026-06-09 14:10	90.943	91.295	90.938	91.280	5
2026-06-09 14:15	91.275	91.580	91.108	91.440	5
2026-06-09 14:20	91.413	91.445	91.040	91.060	5
2026-06-09 14:25	91.055	91.055	90.720	90.730	5
2026-06-09 14:30	90.688	91.050	90.648	91.045	5
2026-06-09 14:35	91.040	91.190	90.905	91.180	5
2026-06-09 14:40	91.190	91.385	91.153	91.370	5
2026-06-09 14:45	91.380	91.445	91.248	91.370	5
2026-06-09 14:50	91.360	91.395	91.028	91.150	5
2026-06-09 14:55	91.160	91.270	91.075	91.160	5
2026-06-09 15:00	91.155	91.235	90.943	91.078	5
2026-06-09 15:05	91.125	91.170	90.995	91.000	5
2026-06-09 15:10	90.995	91.000	90.885	90.935	5
2026-06-09 15:15	90.930	90.930	90.708	90.800	5
2026-06-09 15:20	90.805	91.105	90.790	91.060	5
2026-06-09 15:25	91.065	91.180	90.888	91.000	5
2026-06-09 15:30	90.955	91.050	90.838	90.840	5
2026-06-09 15:35	90.855	91.090	90.723	90.888	5
2026-06-09 15:40	90.878	91.015	90.765	90.850	5
2026-06-09 15:45	90.803	90.890	90.628	90.670	5
2026-06-09 15:50	90.665	90.690	90.348	90.530	5
2026-06-09 15:55	90.515	90.535	90.125	90.140	5
2026-06-09 16:00	90.098	90.155	89.943	90.030	5
2026-06-09 16:05	90.025	90.225	89.638	89.715	5
2026-06-09 16:10	89.735	89.825	89.533	89.755	5
2026-06-09 16:15	89.770	90.160	89.740	90.110	5
2026-06-09 16:20	90.100	90.175	90.050	90.050	5
2026-06-09 16:25	90.060	90.150	90.010	90.150	5
2026-06-09 16:30	90.103	90.235	89.995	90.010	5
2026-06-09 16:35	90.015	92.638	89.900	92.198	7
2026-06-09 16:40	92.138	92.618	91.373	91.398	14
2026-06-09 16:45	91.388	91.795	91.228	91.595	6
2026-06-09 16:50	91.580	91.715	91.220	91.375	5
2026-06-09 16:55	91.370	91.560	91.143	91.395	5
2026-06-09 17:00	91.348	91.610	91.233	91.355	5
2026-06-09 17:05	91.348	91.610	91.348	91.535	5
2026-06-09 17:10	91.550	91.863	91.403	91.498	5
2026-06-09 17:15	91.535	91.605	91.215	91.280	5
2026-06-09 17:20	91.300	91.325	90.760	90.795	5
2026-06-09 17:25	90.805	91.185	90.738	91.105	5
2026-06-09 17:30	91.110	91.445	91.070	91.380	5
2026-06-09 17:35	91.375	91.575	91.350	91.530	5
2026-06-09 17:40	91.525	91.680	91.467	91.625	5
2026-06-09 17:45	91.620	91.807	91.550	91.577	5
2026-06-09 17:50	91.590	91.700	91.505	91.555	5
2026-06-09 17:55	91.557	91.625	91.495	91.495	5
2026-06-09 18:00	91.500	91.580	91.333	91.550	5
2026-06-09 18:05	91.560	91.760	91.550	91.630	5
2026-06-09 18:10	91.640	91.840	91.605	91.725	5
2026-06-09 18:15	91.730	91.900	91.520	91.580	5
2026-06-09 18:20	91.575	91.685	91.330	91.360	5
2026-06-09 18:25	91.355	91.675	91.330	91.380	5
2026-06-09 18:30	91.385	91.470	91.240	91.470	5
2026-06-09 18:35	91.465	91.550	91.378	91.450	5
2026-06-09 18:40	91.508	91.545	91.380	91.400	5
2026-06-09 18:45	91.395	91.468	91.380	91.440	5
2026-06-09 18:50	91.425	91.525	91.390	91.510	5
2026-06-09 18:55	91.490	91.610	91.340	91.400	5
2026-06-09 19:00	91.395	91.420	91.280	91.390	5
2026-06-09 19:05	91.405	91.520	91.363	91.515	5
2026-06-09 19:10	91.510	91.545	91.420	91.440	5
2026-06-09 19:15	91.435	91.460	91.310	91.355	5
2026-06-09 19:20	91.360	91.450	91.323	91.360	5
2026-06-09 19:25	91.365	91.435	91.360	91.430	5
2026-06-09 19:30	91.440	91.440	91.330	91.430	5
2026-06-09 19:35	91.435	91.515	91.420	91.500	5
2026-06-09 19:40	91.505	91.560	91.440	91.545	5
2026-06-09 19:45	91.550	91.710	91.540	91.700	5
2026-06-09 19:50	91.705	91.860	91.578	91.835	5
2026-06-09 19:55	91.840	91.850	91.510	91.575	5
2026-06-09 20:00	91.553	91.747	91.477	91.482	5
2026-06-09 20:05	91.502	91.722	91.467	91.692	5
2026-06-09 20:10	91.672	91.737	91.657	91.727	5
2026-06-09 20:15	91.727	91.727	91.613	91.662	5
2026-06-09 20:20	91.667	91.682	91.607	91.657	5
2026-06-09 20:25	91.662	91.737	91.647	91.662	5
2026-06-09 20:30	91.652	91.722	91.552	91.637	5
2026-06-09 20:35	91.667	91.707	91.488	91.687	5
2026-06-09 20:40	91.667	91.742	91.657	91.727	5
2026-06-09 20:45	91.722	91.922	91.718	91.907	5
2026-06-09 20:50	91.883	91.932	91.797	91.807	5
2026-06-09 20:55	91.802	91.812	91.743	91.787	5
2026-06-10 00:00	92.443	92.595	92.098	92.197	5
2026-06-10 00:05	92.195	92.405	92.137	92.297	5
2026-06-10 00:10	92.287	92.625	92.213	92.527	5
2026-06-10 00:15	92.565	92.775	92.565	92.687	5
2026-06-10 00:20	92.695	92.945	92.695	92.935	5
2026-06-10 00:25	92.925	93.070	92.910	92.935	5
2026-06-10 00:30	92.925	93.015	92.920	93.015	5
2026-06-10 00:35	93.045	93.225	92.940	92.940	5
2026-06-10 00:40	92.950	93.100	92.950	93.035	5
2026-06-10 00:45	93.045	93.045	92.885	92.897	5
2026-06-10 00:50	92.900	92.940	92.700	92.705	5
2026-06-10 00:55	92.700	92.705	92.127	92.227	5
2026-06-10 01:00	92.217	92.457	92.133	92.297	5
2026-06-10 01:05	92.305	92.355	92.165	92.170	5
2026-06-10 01:10	92.140	92.155	91.867	92.020	5
2026-06-10 01:15	92.030	92.127	91.583	91.827	5
2026-06-10 01:20	91.837	91.870	91.698	91.827	5
2026-06-10 01:25	91.835	92.057	91.807	91.957	5
2026-06-10 01:30	91.965	92.067	91.918	91.997	5
2026-06-10 01:35	91.985	92.288	91.967	92.187	5
2026-06-10 01:40	92.200	92.387	92.147	92.357	5
2026-06-10 01:45	92.357	92.465	92.317	92.417	5
2026-06-10 01:50	92.427	92.717	92.357	92.607	5
2026-06-10 01:55	92.620	92.637	92.437	92.557	5
2026-06-10 02:00	92.597	92.725	92.555	92.675	5
2026-06-10 02:05	92.667	92.717	92.517	92.590	5
2026-06-10 02:10	92.597	92.615	92.337	92.365	5
2026-06-10 02:15	92.350	92.365	92.275	92.277	5
2026-06-10 02:20	92.287	92.287	92.015	92.077	5
2026-06-10 02:25	92.067	92.235	92.067	92.215	5
2026-06-10 02:30	92.220	92.340	92.195	92.245	5
2026-06-10 02:35	92.235	92.235	92.115	92.160	5
2026-06-10 02:40	92.157	92.205	92.115	92.115	5
2026-06-10 02:45	92.095	92.110	92.017	92.040	5
2026-06-10 02:50	92.055	92.250	92.040	92.237	5
2026-06-10 02:55	92.235	92.280	92.200	92.275	5
2026-06-10 03:00	92.228	92.405	92.195	92.195	5
2026-06-10 03:05	92.185	92.310	92.145	92.295	5
2026-06-10 03:10	92.305	92.335	92.227	92.295	5
2026-06-10 03:15	92.285	92.330	92.205	92.297	5
2026-06-10 03:20	92.305	92.427	92.278	92.387	5
2026-06-10 03:25	92.377	92.387	92.287	92.325	5
2026-06-10 03:30	92.305	92.305	92.087	92.157	5
2026-06-10 03:35	92.155	92.237	92.040	92.045	5
2026-06-10 03:40	92.055	92.170	92.050	92.170	5
2026-06-10 03:45	92.165	92.170	92.057	92.077	5
2026-06-10 03:50	92.075	92.085	91.915	91.925	5
2026-06-10 03:55	91.935	91.965	91.850	91.907	5
2026-06-10 04:00	91.905	92.085	91.887	92.037	5
2026-06-10 04:05	92.045	92.100	92.033	92.070	5
2026-06-10 04:10	92.075	92.080	91.978	92.010	5
2026-06-10 04:15	92.005	92.065	91.987	92.065	5
2026-06-10 04:20	92.060	92.075	91.997	92.075	5
2026-06-10 04:25	92.085	92.135	92.030	92.125	5
2026-06-10 04:30	92.130	92.190	91.960	91.980	5
2026-06-10 04:35	91.975	92.000	91.883	91.985	5
2026-06-10 04:40	91.995	92.000	91.905	91.955	5
2026-06-10 04:45	91.960	92.020	91.925	91.965	5
2026-06-10 04:50	91.960	92.007	91.823	91.905	5
2026-06-10 04:55	91.910	91.927	91.865	91.905	5
2026-06-10 05:00	91.877	91.977	91.820	91.837	5
2026-06-10 05:05	91.835	91.865	91.665	91.705	5
2026-06-10 05:10	91.700	91.860	91.675	91.780	5
2026-06-10 05:15	91.787	91.825	91.630	91.657	5
2026-06-10 05:20	91.655	91.665	91.465	91.555	5
2026-06-10 05:25	91.530	91.530	91.300	91.430	5
2026-06-10 05:30	91.383	91.505	91.265	91.307	5
2026-06-10 05:35	91.305	91.335	91.150	91.155	5
2026-06-10 05:40	91.160	91.375	91.115	91.360	5
2026-06-10 05:45	91.355	91.487	91.325	91.350	5
2026-06-10 05:50	91.340	91.355	91.165	91.350	5
2026-06-10 05:55	91.317	91.405	91.255	91.295	5
2026-06-10 06:00	91.253	91.350	91.095	91.125	5
2026-06-10 06:05	91.098	91.240	91.008	91.220	5
2026-06-10 06:10	91.210	91.355	91.165	91.195	5
2026-06-10 06:15	91.200	91.205	90.940	90.945	5
2026-06-10 06:20	90.940	91.090	90.845	91.067	5
2026-06-10 06:25	91.075	91.285	90.970	91.170	5
2026-06-10 06:30	91.165	91.330	91.123	91.315	5
2026-06-10 06:35	91.310	91.360	91.025	91.270	5
2026-06-10 06:40	91.265	91.375	91.175	91.225	5
2026-06-10 06:45	91.240	91.300	91.220	91.265	5
2026-06-10 06:50	91.255	91.385	91.255	91.300	5
2026-06-10 06:55	91.295	91.525	91.295	91.500	5
2026-06-10 07:00	91.478	91.520	91.263	91.410	5
2026-06-10 07:05	91.400	91.490	91.385	91.440	5
2026-06-10 07:10	91.445	91.450	91.015	91.070	5
2026-06-10 07:15	91.065	91.170	90.898	91.090	5
2026-06-10 07:20	91.095	91.230	91.015	91.130	5
2026-06-10 07:25	91.135	91.540	91.120	91.490	5
2026-06-10 07:30	91.485	91.695	91.448	91.645	5
2026-06-10 07:35	91.650	91.950	91.635	91.855	5
2026-06-10 07:40	91.850	91.890	91.658	91.725	5
2026-06-10 07:45	91.720	91.920	91.525	91.850	5
2026-06-10 07:50	91.840	91.850	91.630	91.635	5
2026-06-10 07:55	91.645	91.650	91.377	91.385	5
2026-06-10 08:00	91.390	91.680	91.283	91.665	5
2026-06-10 08:05	91.660	91.800	91.600	91.750	5
2026-06-10 08:10	91.755	92.015	91.735	91.960	5
2026-06-10 08:15	91.945	92.040	91.820	91.860	5
2026-06-10 08:20	91.880	92.110	91.805	91.985	5
2026-06-10 08:25	91.975	92.280	91.923	91.975	5
2026-06-10 08:30	91.965	92.115	91.610	91.625	5
2026-06-10 08:35	91.630	91.650	91.365	91.475	5
2026-06-10 08:40	91.470	91.560	91.410	91.420	5
2026-06-10 08:45	91.415	91.435	91.008	91.160	5
2026-06-10 08:50	91.155	91.185	90.820	90.880	5
2026-06-10 08:55	90.840	91.060	90.755	91.060	5
2026-06-10 09:00	91.035	91.075	90.823	90.965	5
2026-06-10 09:05	90.960	91.030	90.768	90.940	5
2026-06-10 09:10	90.935	91.100	90.838	91.065	5
2026-06-10 09:15	91.075	91.125	90.810	90.985	5
2026-06-10 09:20	90.995	91.190	90.985	91.145	5
2026-06-10 09:25	91.150	91.155	90.948	91.110	5
2026-06-10 09:30	91.100	91.145	90.915	91.010	5
2026-06-10 09:35	91.015	91.265	91.000	91.235	5
2026-06-10 09:40	91.240	91.660	91.240	91.560	5
2026-06-10 09:45	91.555	91.570	91.290	91.290	5
2026-06-10 09:50	91.285	91.345	91.170	91.195	5
2026-06-10 09:55	91.200	91.200	91.063	91.160	5
2026-06-10 10:00	91.135	91.360	91.110	91.260	5
2026-06-10 10:05	91.255	91.375	91.193	91.215	5
2026-06-10 10:10	91.220	91.450	91.220	91.445	5
2026-06-10 10:15	91.435	91.575	91.418	91.545	5
2026-06-10 10:20	91.540	91.565	91.370	91.385	5
2026-06-10 10:25	91.380	91.415	91.250	91.275	5
2026-06-10 10:30	91.280	91.365	91.153	91.340	5
2026-06-10 10:35	91.350	91.350	91.038	91.085	5
2026-06-10 10:40	91.080	91.160	90.950	90.955	5
2026-06-10 10:45	90.950	91.165	90.875	91.115	5
2026-06-10 10:50	91.110	91.125	90.993	91.075	5
2026-06-10 10:55	91.070	91.140	90.813	91.120	5
2026-06-10 11:00	91.078	92.558	90.905	92.558	5
2026-06-10 11:05	92.583	93.053	92.093	92.685	6
2026-06-10 11:10	92.690	92.705	92.413	92.480	5
2026-06-10 11:15	92.485	92.710	92.258	92.660	5
2026-06-10 11:20	92.665	92.670	91.950	92.373	5
2026-06-10 11:25	92.378	93.363	92.358	92.915	5
2026-06-10 11:30	92.925	93.127	92.720	92.855	5
2026-06-10 11:35	92.860	93.330	92.837	93.250	5
2026-06-10 11:40	93.265	93.295	93.028	93.075	5
2026-06-10 11:45	93.080	93.115	92.808	92.975	5
2026-06-10 11:50	92.970	93.070	92.778	93.035	5
2026-06-10 11:55	93.037	93.175	92.895	93.065	5
2026-06-10 12:00	92.983	93.085	92.828	92.910	5
2026-06-10 12:05	92.905	93.070	92.775	93.040	5
2026-06-10 12:10	93.050	93.100	92.518	92.820	5
2026-06-10 12:15	92.830	92.865	92.528	92.780	5
2026-06-10 12:20	92.765	92.930	92.688	92.805	5
2026-06-10 12:25	92.800	92.800	92.590	92.727	5
2026-06-10 12:30	92.688	92.780	92.343	92.425	5
2026-06-10 12:35	92.363	92.500	92.293	92.450	5
2026-06-10 12:40	92.470	92.480	92.103	92.280	5
2026-06-10 12:45	92.275	92.310	92.033	92.140	5
2026-06-10 12:50	92.135	92.155	91.758	91.870	5
2026-06-10 12:55	91.833	92.155	91.833	92.100	5
2026-06-10 13:00	92.058	92.575	92.010	92.570	5
2026-06-10 13:05	92.575	92.685	92.425	92.540	5
2026-06-10 13:10	92.505	92.590	92.348	92.550	5
2026-06-10 13:15	92.565	92.570	92.340	92.350	5
2026-06-10 13:20	92.355	92.500	92.315	92.405	5
2026-06-10 13:25	92.420	92.500	92.308	92.355	5
2026-06-10 13:30	92.313	92.510	92.253	92.490	5
2026-06-10 13:35	92.458	92.465	92.093	92.200	5
2026-06-10 13:40	92.188	92.330	92.118	92.265	5
2026-06-10 13:45	92.245	92.520	92.198	92.470	5
2026-06-10 13:50	92.465	92.870	92.418	92.700	5
2026-06-10 13:55	92.678	92.815	92.673	92.750	5
2026-06-10 14:00	92.688	92.880	92.668	92.855	5
2026-06-10 14:05	92.860	92.905	92.698	92.820	5
2026-06-10 14:10	92.815	92.830	92.558	92.720	5
2026-06-10 14:15	92.710	92.770	92.518	92.640	5
2026-06-10 14:20	92.645	92.760	92.530	92.545	5
2026-06-10 14:25	92.560	92.790	92.468	92.688	5
2026-06-10 14:30	92.628	93.025	92.627	92.870	5
2026-06-10 14:35	92.885	93.020	92.835	92.960	5
2026-06-10 14:40	92.965	93.000	92.820	92.965	5
2026-06-10 14:45	92.955	92.960	92.760	92.795	5
2026-06-10 14:50	92.810	93.020	92.748	92.920	5
2026-06-10 14:55	92.930	93.175	92.878	93.100	5
2026-06-10 15:00	93.073	93.145	92.738	92.950	5
2026-06-10 15:05	92.960	93.015	92.783	92.830	5
2026-06-10 15:10	92.815	92.815	92.548	92.690	5
2026-06-10 15:15	92.700	92.850	92.650	92.785	5
2026-06-10 15:20	92.780	92.795	92.603	92.710	5
2026-06-10 15:25	92.720	92.770	92.430	92.565	5
2026-06-10 15:30	92.560	92.600	92.378	92.500	5
2026-06-10 15:35	92.510	92.775	92.510	92.740	5
2026-06-10 15:40	92.750	93.020	92.750	92.945	5
2026-06-10 15:45	92.950	93.918	92.838	93.518	8
2026-06-10 15:50	93.563	94.283	93.373	93.825	8
2026-06-10 15:55	93.830	93.865	93.478	93.640	5
2026-06-10 16:00	93.603	93.910	93.548	93.773	5
2026-06-10 16:05	93.783	94.165	93.773	94.120	5
2026-06-10 16:10	94.088	94.185	93.970	94.040	5
2026-06-10 16:15	94.050	94.060	93.807	93.855	5
2026-06-10 16:20	93.835	93.915	93.618	93.910	5
2026-06-10 16:25	93.905	94.020	93.798	93.895	5
2026-06-10 16:30	93.900	94.020	93.890	93.905	5
2026-06-10 16:35	93.900	93.975	93.793	93.905	5
2026-06-10 16:40	93.910	93.975	93.880	93.920	5
2026-06-10 16:45	93.883	93.975	93.883	93.970	5
2026-06-10 16:50	93.975	94.045	93.843	94.030	5
2026-06-10 16:55	94.035	94.100	93.853	93.930	5
2026-06-10 17:00	93.878	93.950	93.728	93.920	5
2026-06-10 17:05	93.930	94.110	93.925	94.060	5
2026-06-10 17:10	94.055	94.115	94.050	94.080	5
2026-06-10 17:15	94.085	94.295	94.080	94.265	5
2026-06-10 17:20	94.270	94.285	94.130	94.210	5
2026-06-10 17:25	94.220	94.270	94.163	94.255	5
2026-06-10 17:30	94.260	94.415	94.260	94.380	5
2026-06-10 17:35	94.385	94.435	94.270	94.360	5
2026-06-10 17:40	94.350	94.370	94.260	94.360	5
2026-06-10 17:45	94.355	94.360	94.210	94.300	5
2026-06-10 17:50	94.305	94.478	94.048	94.090	5
2026-06-10 17:55	94.080	94.110	93.865	93.900	5
2026-06-10 18:00	93.905	93.960	93.703	93.740	5
2026-06-10 18:05	93.735	93.785	93.633	93.785	5
2026-06-10 18:10	93.775	93.785	93.615	93.660	5
2026-06-10 18:15	93.670	93.850	93.625	93.755	5
2026-06-10 18:20	93.750	93.780	93.470	93.510	5
2026-06-10 18:25	93.490	93.635	92.845	92.980	5
2026-06-10 18:30	92.995	93.230	92.975	93.205	5
2026-06-10 18:35	93.218	93.448	93.137	93.230	5
2026-06-10 18:40	93.225	93.260	93.168	93.225	5
2026-06-10 18:45	93.220	93.310	93.188	93.280	5
2026-06-10 18:50	93.305	93.355	93.270	93.310	5
2026-06-10 18:55	93.305	93.340	93.183	93.280	5
2026-06-10 19:00	93.270	93.420	93.230	93.410	5
2026-06-10 19:05	93.420	93.575	93.380	93.485	5
2026-06-10 19:10	93.480	93.495	93.345	93.375	5
2026-06-10 19:15	93.370	93.520	93.370	93.480	5
2026-06-10 19:20	93.475	93.515	93.425	93.425	5
2026-06-10 19:25	93.420	93.420	93.313	93.400	5
2026-06-10 19:30	93.395	93.465	93.380	93.430	5
2026-06-10 19:35	93.435	93.525	93.420	93.450	5
2026-06-10 19:40	93.455	93.520	93.345	93.440	5
2026-06-10 19:45	93.460	93.520	93.450	93.490	5
2026-06-10 19:50	93.495	93.495	93.380	93.390	5
2026-06-10 19:55	93.338	93.440	93.338	93.370	5
2026-06-10 20:00	93.323	93.445	93.217	93.227	5
2026-06-10 20:05	93.213	93.657	93.213	93.642	5
2026-06-10 20:10	93.632	93.817	93.487	93.817	5
2026-06-10 20:15	93.812	93.862	93.707	93.712	5
2026-06-10 20:20	93.717	93.932	93.712	93.902	5
2026-06-10 20:25	93.922	93.952	93.807	93.932	5
2026-06-10 20:30	93.927	94.072	93.847	93.872	5
2026-06-10 20:35	93.867	94.132	93.867	94.092	5
2026-06-10 20:40	94.087	94.342	94.082	94.287	5
2026-06-10 20:45	94.268	94.607	94.268	94.532	5
2026-06-10 20:50	94.527	94.677	94.507	94.592	5
2026-06-10 20:55	94.587	94.697	94.567	94.697	5
2026-06-11 00:00	95.023	95.210	94.863	95.210	5
2026-06-11 00:05	95.215	95.470	95.167	95.437	5
2026-06-11 00:10	95.445	95.457	95.158	95.320	5
2026-06-11 00:15	95.273	95.340	94.637	94.957	5
2026-06-11 00:20	94.947	95.117	94.905	95.097	5
2026-06-11 00:25	95.107	95.317	95.067	95.167	5
2026-06-11 00:30	95.177	95.267	95.097	95.147	5
2026-06-11 00:35	95.157	95.295	95.073	95.147	5
2026-06-11 00:40	95.147	95.247	94.953	95.207	5
2026-06-11 00:45	95.197	95.200	94.957	95.127	5
2026-06-11 00:50	95.120	95.195	95.025	95.175	5
2026-06-11 00:55	95.180	95.195	95.065	95.087	5
2026-06-11 01:00	95.043	95.147	94.548	94.807	5
2026-06-11 01:05	94.805	95.027	94.693	94.807	5
2026-06-11 01:10	94.807	94.827	94.513	94.605	5
2026-06-11 01:15	94.620	94.697	94.517	94.517	5
2026-06-11 01:20	94.525	94.647	94.515	94.587	5
2026-06-11 01:25	94.585	94.595	94.287	94.345	5
2026-06-11 01:30	94.355	94.447	94.207	94.277	5
2026-06-11 01:35	94.267	94.267	94.095	94.097	5
2026-06-11 01:40	94.095	94.207	94.075	94.195	5
2026-06-11 01:45	94.205	94.357	94.197	94.355	5
2026-06-11 01:50	94.357	94.435	94.347	94.377	5
2026-06-11 01:55	94.375	94.540	94.357	94.490	5
2026-06-11 02:00	94.480	94.490	94.295	94.297	5
2026-06-11 02:05	94.295	94.357	94.285	94.295	5
2026-06-11 02:10	94.300	94.525	94.285	94.525	5
2026-06-11 02:15	94.515	94.625	94.477	94.557	5
2026-06-11 02:20	94.555	94.737	94.547	94.715	5
2026-06-11 02:25	94.720	94.825	94.683	94.690	5
2026-06-11 02:30	94.685	94.745	94.455	94.455	5
2026-06-11 02:35	94.445	94.545	94.400	94.535	5
2026-06-11 02:40	94.527	94.595	94.515	94.567	5
2026-06-11 02:45	94.580	94.660	94.497	94.545	5
2026-06-11 02:50	94.555	94.570	94.465	94.485	5
2026-06-11 02:55	94.480	94.485	94.295	94.405	5
2026-06-11 03:00	94.407	94.425	94.377	94.407	5
2026-06-11 03:05	94.420	94.525	94.390	94.497	5
2026-06-11 03:10	94.497	94.575	94.460	94.555	5
2026-06-11 03:15	94.547	94.575	94.467	94.517	5
2026-06-11 03:20	94.530	94.710	94.497	94.705	5
2026-06-11 03:25	94.700	94.785	94.700	94.717	5
2026-06-11 03:30	94.725	94.745	94.625	94.645	5
2026-06-11 03:35	94.647	94.805	94.647	94.795	5
2026-06-11 03:40	94.790	94.945	94.748	94.885	5
2026-06-11 03:45	94.838	94.865	94.700	94.715	5
2026-06-11 03:50	94.710	94.740	94.590	94.665	5
2026-06-11 03:55	94.667	94.730	94.647	94.687	5
2026-06-11 04:00	94.695	94.805	94.668	94.795	5
2026-06-11 04:05	94.790	94.845	94.728	94.765	5
2026-06-11 04:10	94.755	94.755	94.665	94.725	5
2026-06-11 04:15	94.715	94.735	94.628	94.650	5
2026-06-11 04:20	94.667	94.680	94.503	94.585	5
2026-06-11 04:25	94.577	94.597	94.485	94.530	5
2026-06-11 04:30	94.515	94.590	94.495	94.567	5
2026-06-11 04:35	94.565	94.575	94.390	94.390	5
2026-06-11 04:40	94.375	94.405	94.083	94.210	5
2026-06-11 04:45	94.205	94.235	93.923	93.990	5
2026-06-11 04:50	93.975	94.070	93.917	94.045	5
2026-06-11 04:55	94.037	94.075	94.027	94.050	5
2026-06-11 05:00	94.035	94.080	94.020	94.070	5
2026-06-11 05:05	94.065	94.085	93.895	93.927	5
2026-06-11 05:10	93.955	94.037	93.860	93.995	5
2026-06-11 05:15	94.007	94.045	93.977	93.990	5
2026-06-11 05:20	94.007	94.007	93.825	93.855	5
2026-06-11 05:25	93.860	93.895	93.705	93.875	5
2026-06-11 05:30	93.865	93.870	93.595	93.595	5
2026-06-11 05:35	93.587	93.727	93.587	93.695	5
2026-06-11 05:40	93.675	93.675	93.497	93.527	5
2026-06-11 05:45	93.535	93.575	93.240	93.310	5
2026-06-11 05:50	93.305	93.460	93.285	93.415	5
2026-06-11 05:55	93.410	93.567	93.215	93.527	5
2026-06-11 06:00	93.545	93.695	93.495	93.695	5
2026-06-11 06:05	93.705	93.857	93.620	93.815	5
2026-06-11 06:10	93.820	93.825	93.625	93.625	5
2026-06-11 06:15	93.617	93.700	93.568	93.605	5
2026-06-11 06:20	93.590	93.635	93.550	93.590	5
2026-06-11 06:25	93.600	93.600	93.280	93.320	5
2026-06-11 06:30	93.315	93.520	93.290	93.435	5
2026-06-11 06:35	93.445	93.490	93.285	93.317	5
2026-06-11 06:40	93.315	93.455	93.280	93.445	5
2026-06-11 06:45	93.435	93.570	93.293	93.555	5
2026-06-11 06:50	93.560	93.580	93.390	93.480	5
2026-06-11 06:55	93.490	93.500	93.340	93.370	5
2026-06-11 07:00	93.385	93.385	93.028	93.050	5
2026-06-11 07:05	93.035	93.195	93.015	93.150	5
2026-06-11 07:10	93.155	93.318	93.010	93.270	5
2026-06-11 07:15	93.265	93.332	93.118	93.305	5
2026-06-11 07:20	93.310	93.320	92.885	92.890	5
2026-06-11 07:25	92.895	92.957	92.685	92.745	5
2026-06-11 07:30	92.735	92.765	92.345	92.433	5
2026-06-11 07:35	92.470	92.470	92.275	92.415	5
2026-06-11 07:40	92.425	92.597	92.325	92.465	5
2026-06-11 07:45	92.485	92.685	92.373	92.665	5
2026-06-11 07:50	92.660	92.675	92.393	92.590	5
2026-06-11 07:55	92.580	92.760	92.570	92.730	5
2026-06-11 08:00	92.770	92.800	92.535	92.615	5
2026-06-11 08:05	92.620	92.635	92.298	92.325	5
2026-06-11 08:10	92.300	92.520	92.258	92.340	5
2026-06-11 08:15	92.335	92.380	92.070	92.085	5
2026-06-11 08:20	92.080	92.260	92.040	92.090	5
2026-06-11 08:25	92.085	92.415	92.065	92.310	5
2026-06-11 08:30	92.355	92.420	91.823	91.865	5
2026-06-11 08:35	91.875	91.975	91.760	91.905	5
2026-06-11 08:40	91.890	91.925	91.705	91.805	5
2026-06-11 08:45	91.800	92.195	91.750	92.180	5
2026-06-11 08:50	92.175	92.190	92.008	92.070	5
2026-06-11 08:55	92.065	92.155	92.030	92.140	5
2026-06-11 09:00	92.130	92.375	92.130	92.140	5
2026-06-11 09:05	92.127	92.465	92.120	92.425	5
2026-06-11 09:10	92.405	92.590	92.367	92.475	5
2026-06-11 09:15	92.480	92.480	92.393	92.480	5
2026-06-11 09:20	92.495	92.505	92.365	92.390	5
2026-06-11 09:25	92.405	92.410	92.250	92.300	5
2026-06-11 09:30	92.285	92.470	92.253	92.465	5
2026-06-11 09:35	92.460	92.650	92.450	92.600	5
2026-06-11 09:40	92.590	92.600	92.425	92.500	5
2026-06-11 09:45	92.495	92.580	92.393	92.530	5
2026-06-11 09:50	92.520	92.520	92.100	92.105	5
2026-06-11 09:55	92.100	92.175	92.000	92.160	5
2026-06-11 10:00	92.118	92.310	92.000	92.260	5
2026-06-11 10:05	92.255	92.255	92.108	92.230	5
2026-06-11 10:10	92.217	92.250	92.100	92.180	5
2026-06-11 10:15	92.190	92.305	92.155	92.250	5
2026-06-11 10:20	92.240	92.305	92.045	92.090	5
2026-06-11 10:25	92.085	92.120	91.788	92.095	5
2026-06-11 10:30	92.085	92.085	91.588	91.650	5
2026-06-11 10:35	91.645	91.960	91.645	91.890	5
2026-06-11 10:40	91.900	92.110	91.883	92.005	5
2026-06-11 10:45	91.963	92.190	91.963	92.140	5
2026-06-11 10:50	92.130	92.150	91.935	92.060	5
2026-06-11 10:55	92.065	92.090	91.925	91.925	5
2026-06-11 11:00	91.918	92.065	91.825	91.905	5
2026-06-11 11:05	91.900	92.140	91.865	92.110	5
2026-06-11 11:10	92.100	92.145	91.960	92.130	5
2026-06-11 11:15	92.135	92.255	91.858	92.000	5
2026-06-11 11:20	92.010	92.200	91.935	92.185	5
2026-06-11 11:25	92.160	92.295	92.013	92.080	5
2026-06-11 11:30	92.100	92.195	91.640	91.925	5
2026-06-11 11:35	91.930	91.965	91.725	91.850	5
2026-06-11 11:40	91.845	91.870	91.598	91.755	5
2026-06-11 11:45	91.750	91.820	91.665	91.720	5
2026-06-11 11:50	91.715	91.895	91.715	91.890	5
2026-06-11 11:55	91.895	91.960	91.840	91.940	5
2026-06-11 12:00	91.898	92.025	91.848	91.995	5
2026-06-11 12:05	91.990	92.000	91.870	91.885	5
2026-06-11 12:10	91.895	91.960	91.830	91.895	5
2026-06-11 12:15	91.905	92.390	91.877	92.390	5
2026-06-11 12:20	92.385	94.073	92.243	93.518	7
2026-06-11 12:25	93.513	93.697	93.158	93.387	5
2026-06-11 12:30	93.387	93.775	93.358	93.640	5
2026-06-11 12:35	93.635	93.715	93.405	93.570	5
2026-06-11 12:40	93.565	94.057	93.283	93.603	5
2026-06-11 12:45	93.608	93.798	93.118	93.255	5
2026-06-11 12:50	93.250	93.360	92.918	93.015	5
2026-06-11 12:55	92.978	93.015	92.718	92.865	5
2026-06-11 13:00	92.870	93.150	92.798	92.910	5
2026-06-11 13:05	92.920	93.235	92.890	93.100	5
2026-06-11 13:10	93.105	93.310	93.008	93.240	5
2026-06-11 13:15	93.245	93.445	93.158	93.440	5
2026-06-11 13:20	93.450	93.530	93.103	93.160	5
2026-06-11 13:25	93.170	93.240	92.923	93.080	5
2026-06-11 13:30	93.038	93.073	92.328	92.490	5
2026-06-11 13:35	92.485	92.700	92.398	92.670	5
2026-06-11 13:40	92.665	92.740	92.473	92.570	5
2026-06-11 13:45	92.580	92.610	91.958	92.285	5
2026-06-11 13:50	92.280	92.280	91.960	92.120	5
2026-06-11 13:55	92.068	92.210	91.990	92.110	5
2026-06-11 14:00	92.105	92.530	92.098	92.445	5
2026-06-11 14:05	92.403	92.545	92.310	92.525	5
2026-06-11 14:10	92.510	92.670	92.408	92.470	5
2026-06-11 14:15	92.465	92.720	92.400	92.660	5
2026-06-11 14:20	92.665	92.705	92.483	92.558	5
2026-06-11 14:25	92.553	92.725	92.553	92.690	5
2026-06-11 14:30	92.680	92.935	92.618	92.885	5
2026-06-11 14:35	92.880	92.990	92.758	92.860	5
2026-06-11 14:40	92.855	92.880	92.715	92.880	5
2026-06-11 14:45	92.875	92.930	92.803	92.820	5
2026-06-11 14:50	92.830	92.870	92.703	92.740	5
2026-06-11 14:55	92.745	92.770	92.470	92.620	5
2026-06-11 15:00	92.588	92.690	92.468	92.550	5
2026-06-11 15:05	92.540	92.975	92.498	92.950	5
2026-06-11 15:10	92.960	93.000	92.518	93.000	5
2026-06-11 15:15	93.005	93.035	92.820	92.960	5
2026-06-11 15:20	92.970	93.000	92.788	92.840	5
2026-06-11 15:25	92.845	93.005	92.748	93.005	5
2026-06-11 15:30	93.010	93.230	92.873	93.158	5
2026-06-11 15:35	93.168	93.510	93.158	93.440	5
2026-06-11 15:40	93.435	93.800	93.373	93.650	5
2026-06-11 15:45	93.603	93.755	93.490	93.595	5
2026-06-11 15:50	93.605	93.685	93.550	93.635	5
2026-06-11 15:55	93.650	93.705	93.500	93.530	5
2026-06-11 16:00	93.478	93.540	93.218	93.410	5
2026-06-11 16:05	93.405	93.435	93.310	93.390	5
2026-06-11 16:10	93.348	93.530	93.343	93.520	5
2026-06-11 16:15	93.500	93.635	93.438	93.595	5
2026-06-11 16:20	93.600	93.835	93.518	93.745	5
2026-06-11 16:25	93.750	93.800	93.643	93.730	5
2026-06-11 16:30	93.698	93.785	93.603	93.720	5
2026-06-11 16:35	93.730	93.910	93.718	93.880	5
2026-06-11 16:40	93.875	93.880	93.620	93.630	5
2026-06-11 16:45	93.625	93.625	93.410	93.420	5
2026-06-11 16:50	93.437	93.455	93.248	93.320	5
2026-06-11 16:55	93.325	93.450	93.240	93.410	5
2026-06-11 17:00	93.430	93.470	93.178	93.270	5
2026-06-11 17:05	93.280	93.325	93.150	93.240	5
2026-06-11 17:10	93.230	93.250	92.998	93.055	5
2026-06-11 17:15	93.070	93.090	92.938	92.960	5
2026-06-11 17:20	92.955	92.990	92.788	92.900	5
2026-06-11 17:25	92.915	92.990	91.023	91.048	5
2026-06-11 17:30	91.038	91.083	89.698	89.698	11
2026-06-11 17:35	89.703	89.963	89.403	89.448	10
2026-06-11 17:40	89.458	89.778	89.443	89.575	7
2026-06-11 17:45	89.518	90.040	89.485	89.960	5
2026-06-11 17:50	89.913	90.160	89.695	89.975	5
2026-06-11 17:55	89.970	90.260	89.837	90.185	5
2026-06-11 18:00	90.190	90.770	90.068	90.655	5
2026-06-11 18:05	90.660	91.020	90.648	90.970	5
2026-06-11 18:10	90.980	90.985	90.188	90.240	5
2026-06-11 18:15	90.255	90.335	89.968	90.010	5
2026-06-11 18:20	90.000	90.468	89.835	90.335	5
2026-06-11 18:25	90.340	90.500	90.148	90.470	5
2026-06-11 18:30	90.465	90.965	90.413	90.730	5
2026-06-11 18:35	90.740	90.810	90.575	90.600	5
2026-06-11 18:40	90.615	90.685	90.498	90.680	5
2026-06-11 18:45	90.705	90.705	90.578	90.680	5
2026-06-11 18:50	90.660	90.780	90.535	90.770	5
2026-06-11 18:55	90.765	90.840	90.435	90.500	5
2026-06-11 19:00	90.448	90.485	90.213	90.230	5
2026-06-11 19:05	90.240	90.520	90.190	90.275	5
2026-06-11 19:10	90.280	90.355	89.783	90.175	5
2026-06-11 19:15	90.113	90.115	89.553	89.555	5
2026-06-11 19:20	89.545	89.590	89.333	89.410	5
2026-06-11 19:25	89.405	89.455	89.258	89.310	5
2026-06-11 19:30	89.295	89.305	88.608	88.655	6
2026-06-11 19:35	88.670	88.915	88.555	88.915	5
2026-06-11 19:40	88.910	88.960	88.613	88.960	5
2026-06-11 19:45	88.923	89.250	88.918	89.045	5
2026-06-11 19:50	89.050	89.180	88.953	88.985	5
2026-06-11 19:55	88.968	89.180	88.963	89.175	5
2026-06-11 20:00	89.157	89.170	88.702	88.777	5
2026-06-11 20:05	88.758	88.932	88.722	88.867	5
2026-06-11 20:10	88.872	89.062	88.727	88.727	5
2026-06-11 20:15	88.732	88.937	88.717	88.917	5
2026-06-11 20:20	88.912	88.917	88.617	88.672	5
2026-06-11 20:25	88.667	88.867	88.468	88.637	5
2026-06-11 20:30	88.642	88.932	88.577	88.932	5
2026-06-11 20:35	88.927	89.192	88.902	89.072	5
2026-06-11 20:40	89.082	89.142	88.967	89.067	5
2026-06-11 20:45	89.072	89.187	89.022	89.047	5
2026-06-11 20:50	89.037	89.212	88.977	89.117	5
2026-06-11 20:55	89.137	89.187	89.037	89.092	5
2026-06-12 00:00	88.907	89.147	88.907	89.097	5
2026-06-12 00:05	89.090	89.140	89.000	89.000	5
2026-06-12 00:10	89.000	89.127	88.995	89.000	5
2026-06-12 00:15	89.000	89.055	89.000	89.030	5
2026-06-12 00:20	89.045	89.050	88.885	88.885	5
2026-06-12 00:25	88.895	88.960	88.843	88.945	5
2026-06-12 00:30	88.955	89.040	88.900	89.030	5
2026-06-12 00:35	89.025	89.175	88.985	89.175	5
2026-06-12 00:40	89.177	89.250	89.140	89.140	5
2026-06-12 00:45	89.135	89.135	89.035	89.095	5
2026-06-12 00:50	89.100	89.197	89.050	89.197	5
2026-06-12 00:55	89.173	89.415	89.155	89.350	5
2026-06-12 01:00	89.355	89.687	89.355	89.437	5
2026-06-12 01:05	89.447	89.560	89.390	89.405	5
2026-06-12 01:10	89.410	89.475	89.337	89.475	5
2026-06-12 01:15	89.467	89.550	89.365	89.395	5
2026-06-12 01:20	89.385	89.450	89.337	89.445	5
2026-06-12 01:25	89.435	89.465	89.345	89.370	5
2026-06-12 01:30	89.365	89.380	89.230	89.250	5
2026-06-12 01:35	89.245	89.370	89.235	89.265	5
2026-06-12 01:40	89.270	89.410	89.245	89.390	5
2026-06-12 01:45	89.380	89.430	89.245	89.250	5
2026-06-12 01:50	89.198	89.445	89.198	89.410	5
2026-06-12 01:55	89.425	89.427	89.295	89.355	5
2026-06-12 02:00	89.360	89.405	89.245	89.245	5
2026-06-12 02:05	89.250	89.330	89.210	89.320	5
2026-06-12 02:10	89.310	89.335	89.245	89.290	5
2026-06-12 02:15	89.300	89.370	89.283	89.360	5
2026-06-12 02:20	89.345	89.377	89.330	89.370	5
2026-06-12 02:25	89.375	89.430	89.323	89.430	5
2026-06-12 02:30	89.407	89.415	89.275	89.370	5
2026-06-12 02:35	89.360	89.415	89.295	89.380	5
2026-06-12 02:40	89.395	89.405	89.285	89.295	5
2026-06-12 02:45	89.290	89.310	89.135	89.150	5
2026-06-12 02:50	89.165	89.240	89.030	89.240	5
2026-06-12 02:55	89.230	89.325	89.165	89.295	5
2026-06-12 03:00	89.248	89.525	89.228	89.405	5
2026-06-12 03:05	89.415	89.425	89.325	89.335	5
2026-06-12 03:10	89.345	89.435	89.315	89.430	5
2026-06-12 03:15	89.415	89.520	89.385	89.445	5
2026-06-12 03:20	89.450	89.450	89.375	89.405	5
2026-06-12 03:25	89.397	89.417	89.245	89.295	5
2026-06-12 03:30	89.290	89.317	89.005	89.045	5
2026-06-12 03:35	89.037	89.155	89.025	89.100	5
2026-06-12 03:40	89.095	89.175	89.037	89.120	5
2026-06-12 03:45	89.115	89.117	88.897	88.910	5
2026-06-12 03:50	88.860	88.940	88.827	88.855	5
2026-06-12 03:55	88.847	88.865	88.698	88.760	5
2026-06-12 04:00	88.755	88.827	88.688	88.765	5
2026-06-12 04:05	88.775	88.780	88.610	88.620	5
2026-06-12 04:10	88.625	88.665	88.527	88.565	5
2026-06-12 04:15	88.570	88.650	88.565	88.605	5
2026-06-12 04:20	88.617	88.720	88.617	88.695	5
2026-06-12 04:25	88.705	88.710	88.615	88.645	5
2026-06-12 04:30	88.640	88.647	88.575	88.645	5
2026-06-12 04:35	88.630	88.735	88.623	88.715	5
2026-06-12 04:40	88.717	88.765	88.668	88.715	5
2026-06-12 04:45	88.710	88.830	88.710	88.727	5
2026-06-12 04:50	88.725	88.730	88.675	88.705	5
2026-06-12 04:55	88.715	88.725	88.547	88.560	5
2026-06-12 05:00	88.503	88.545	88.417	88.457	5
2026-06-12 05:05	88.455	88.525	88.410	88.435	5
2026-06-12 05:10	88.427	88.490	88.323	88.465	5
2026-06-12 05:15	88.475	88.570	88.475	88.520	5
2026-06-12 05:20	88.515	88.585	88.495	88.537	5
2026-06-12 05:25	88.535	88.537	88.395	88.397	5
2026-06-12 05:30	88.405	88.645	88.405	88.577	5
2026-06-12 05:35	88.587	88.640	88.345	88.345	5
2026-06-12 05:40	88.355	88.370	88.145	88.245	5
2026-06-12 05:45	88.240	88.405	88.195	88.370	5
2026-06-12 05:50	88.323	88.410	88.215	88.245	5
2026-06-12 05:55	88.235	88.550	88.235	88.535	5
2026-06-12 06:00	88.488	88.535	88.310	88.385	5
2026-06-12 06:05	88.397	88.440	88.273	88.335	5
2026-06-12 06:10	88.330	88.495	88.330	88.480	5
2026-06-12 06:15	88.485	88.555	88.440	88.545	5
2026-06-12 06:20	88.535	88.615	88.310	88.345	5
2026-06-12 06:25	88.350	88.490	88.305	88.450	5
2026-06-12 06:30	88.465	88.510	88.293	88.365	5
2026-06-12 06:35	88.370	88.370	88.188	88.260	5
2026-06-12 06:40	88.255	88.420	88.200	88.400	5
2026-06-12 06:45	88.405	88.530	88.325	88.490	5
2026-06-12 06:50	88.480	88.480	88.315	88.430	5
2026-06-12 06:55	88.425	88.610	88.370	88.550	5
2026-06-12 07:00	88.543	88.670	88.400	88.640	5
2026-06-12 07:05	88.645	88.785	88.610	88.730	5
2026-06-12 07:10	88.725	88.810	88.520	88.800	5
2026-06-12 07:15	88.795	88.825	88.583	88.655	5
2026-06-12 07:20	88.650	88.675	88.448	88.510	5
2026-06-12 07:25	88.478	88.630	88.478	88.530	5
2026-06-12 07:30	88.505	88.685	88.345	88.390	5
2026-06-12 07:35	88.348	88.455	87.963	88.445	5
2026-06-12 07:40	88.440	88.515	88.098	88.150	5
2026-06-12 07:45	88.145	88.255	87.993	88.145	5
2026-06-12 07:50	88.140	88.220	87.970	87.975	5
2026-06-12 07:55	87.980	88.015	87.413	87.575	5
2026-06-12 08:00	87.578	87.600	87.168	87.355	5
2026-06-12 08:05	87.345	87.345	86.945	86.945	5
2026-06-12 08:10	86.975	86.985	86.673	86.745	5
2026-06-12 08:15	86.750	86.990	86.093	86.135	5
2026-06-12 08:20	86.140	86.500	85.928	86.340	5
2026-06-12 08:25	86.335	86.555	85.928	85.965	5
2026-06-12 08:30	85.945	86.335	85.773	86.335	5
2026-06-12 08:35	86.340	86.525	86.228	86.315	5
2026-06-12 08:40	86.320	86.555	86.285	86.310	5
2026-06-12 08:45	86.315	86.515	86.273	86.420	5
2026-06-12 08:50	86.435	86.550	86.308	86.535	5
2026-06-12 08:55	86.540	86.600	86.470	86.560	5
2026-06-12 09:00	86.533	86.580	86.278	86.310	5
2026-06-12 09:05	86.305	86.630	86.285	86.510	5
2026-06-12 09:10	86.500	86.650	86.430	86.430	5
2026-06-12 09:15	86.410	86.490	86.158	86.380	5
2026-06-12 09:20	86.390	86.750	86.320	86.575	5
2026-06-12 09:25	86.570	86.745	86.355	86.460	5
2026-06-12 09:30	86.450	86.470	86.245	86.265	5
2026-06-12 09:35	86.260	86.530	86.220	86.530	5
2026-06-12 09:40	86.535	86.570	86.460	86.470	5
2026-06-12 09:45	86.460	86.855	86.460	86.720	5
2026-06-12 09:50	86.715	86.750	86.623	86.750	5
2026-06-12 09:55	86.745	86.850	86.578	86.845	5
2026-06-12 10:00	86.813	86.920	86.745	86.900	5
2026-06-12 10:05	86.895	86.935	86.760	86.760	5
2026-06-12 10:10	86.770	86.960	86.668	86.850	5
2026-06-12 10:15	86.845	87.110	86.835	86.980	5
2026-06-12 10:20	86.970	87.150	86.960	87.020	5
2026-06-12 10:25	87.000	87.683	86.948	87.610	5
2026-06-12 10:30	87.615	87.870	87.293	87.610	5
2026-06-12 10:35	87.605	87.617	87.350	87.415	5
2026-06-12 10:40	87.407	87.520	87.315	87.390	5
2026-06-12 10:45	87.385	87.455	87.253	87.420	5
2026-06-12 10:50	87.425	87.510	87.365	87.365	5
2026-06-12 10:55	87.370	87.460	87.160	87.300	5
2026-06-12 11:00	87.253	87.380	87.253	87.310	5
2026-06-12 11:05	87.325	87.370	87.195	87.270	5
2026-06-12 11:10	87.260	87.275	87.058	87.095	5
2026-06-12 11:15	87.105	87.150	86.990	86.990	5
2026-06-12 11:20	86.995	87.000	86.798	86.900	5
2026-06-12 11:25	86.905	87.090	86.818	87.080	5
2026-06-12 11:30	87.085	87.350	86.913	87.315	5
2026-06-12 11:35	87.317	87.460	87.280	87.415	5
2026-06-12 11:40	87.420	87.420	87.258	87.315	5
2026-06-12 11:45	87.310	87.610	87.305	87.600	5
2026-06-12 11:50	87.590	87.780	87.518	87.610	5
2026-06-12 11:55	87.620	87.955	87.615	87.715	5
2026-06-12 12:00	87.673	87.845	87.538	87.795	5
2026-06-12 12:05	87.790	87.905	87.720	87.740	5
2026-06-12 12:10	87.745	87.800	87.703	87.730	5
2026-06-12 12:15	87.740	87.820	87.695	87.740	5
2026-06-12 12:20	87.730	88.015	87.725	87.960	5
2026-06-12 12:25	87.955	87.995	87.863	87.960	5
2026-06-12 12:30	87.975	88.175	87.948	88.120	5
2026-06-12 12:35	88.100	88.260	88.043	88.160	5
2026-06-12 12:40	88.140	88.405	88.108	88.220	5
2026-06-12 12:45	88.210	88.365	87.863	88.020	5
2026-06-12 12:50	88.025	88.260	87.908	88.245	5
2026-06-12 12:55	88.225	88.343	88.020	88.020	5
2026-06-12 13:00	87.988	88.160	87.865	88.085	5
2026-06-12 13:05	88.075	88.350	88.065	88.275	5
2026-06-12 13:10	88.285	88.520	88.268	88.335	5
2026-06-12 13:15	88.330	88.330	88.075	88.080	5
2026-06-12 13:20	88.095	88.260	88.000	88.245	5
2026-06-12 13:25	88.240	88.355	88.130	88.180	5
2026-06-12 13:30	88.128	88.480	88.118	88.420	5
2026-06-12 13:35	88.348	88.745	88.308	88.660	5
2026-06-12 13:40	88.665	89.698	88.660	89.083	5
2026-06-12 13:45	89.088	89.420	88.918	89.260	5
2026-06-12 13:50	89.265	89.450	89.148	89.435	5
2026-06-12 13:55	89.440	89.695	89.440	89.635	5
2026-06-12 14:00	89.608	89.845	89.398	89.420	5
2026-06-12 14:05	89.410	89.540	89.323	89.390	5
2026-06-12 14:10	89.400	89.420	89.188	89.205	5
2026-06-12 14:15	89.210	89.300	88.903	89.300	5
2026-06-12 14:20	89.295	89.540	89.185	89.340	5
2026-06-12 14:25	89.350	89.375	89.158	89.240	5
2026-06-12 14:30	89.250	89.360	89.218	89.250	5
2026-06-12 14:35	89.245	89.260	88.885	88.930	5
2026-06-12 14:40	88.940	89.175	88.920	89.150	5
2026-06-12 14:45	89.155	89.290	89.097	89.250	5
2026-06-12 14:50	89.245	89.320	87.913	87.943	5
2026-06-12 14:55	87.953	88.093	87.398	87.598	5
2026-06-12 15:00	87.583	87.730	87.153	87.610	5
2026-06-12 15:05	87.615	87.615	87.210	87.250	5
2026-06-12 15:10	87.260	87.450	87.070	87.245	5
2026-06-12 15:15	87.240	87.325	86.933	87.040	5
2026-06-12 15:20	87.020	87.120	86.783	86.870	5
2026-06-12 15:25	86.875	87.085	86.808	86.980	5
2026-06-12 15:30	86.948	87.250	86.718	87.097	5
2026-06-12 15:35	87.120	87.285	86.803	86.855	5
2026-06-12 15:40	86.870	87.150	86.855	87.120	5
2026-06-12 15:45	87.115	87.115	86.843	87.080	5
2026-06-12 15:50	87.070	87.070	86.625	86.715	5
2026-06-12 15:55	86.725	86.920	86.640	86.900	5
2026-06-12 16:00	86.858	87.060	86.858	86.910	5
2026-06-12 16:05	86.940	87.190	86.940	87.180	5
2026-06-12 16:10	87.190	87.250	86.708	86.995	5
2026-06-12 16:15	86.987	87.045	86.737	86.975	5
2026-06-12 16:20	86.985	87.240	86.925	87.090	5
2026-06-12 16:25	87.095	87.240	87.065	87.230	5
2026-06-12 16:30	87.225	87.350	87.135	87.205	5
2026-06-12 16:35	87.215	87.330	87.115	87.160	5
2026-06-12 16:40	87.165	87.275	87.043	87.270	5
2026-06-12 16:45	87.265	87.275	86.940	87.035	5
2026-06-12 16:50	87.040	87.150	86.983	87.100	5
2026-06-12 16:55	87.105	87.450	87.105	87.315	5
2026-06-12 17:00	87.320	87.385	87.240	87.355	5
2026-06-12 17:05	87.350	87.427	87.037	87.285	5
2026-06-12 17:10	87.280	87.437	87.220	87.253	5
2026-06-12 17:15	87.290	87.420	87.143	87.170	5
2026-06-12 17:20	87.140	87.315	87.140	87.225	5
2026-06-12 17:25	87.210	87.320	86.965	87.015	5
2026-06-12 17:30	87.020	87.140	87.020	87.075	5
2026-06-12 17:35	87.033	87.230	87.030	87.195	5
2026-06-12 17:40	87.200	87.260	87.118	87.250	5
2026-06-12 17:45	87.240	87.350	87.190	87.195	5
2026-06-12 17:50	87.200	87.400	87.135	87.360	5
2026-06-12 17:55	87.365	87.510	87.350	87.375	5
2026-06-12 18:00	87.318	87.515	87.318	87.460	5
2026-06-12 18:05	87.470	87.510	87.163	87.240	5
2026-06-12 18:10	87.245	87.465	87.218	87.390	5
2026-06-12 18:15	87.395	87.420	87.260	87.340	5
2026-06-12 18:20	87.345	87.345	87.225	87.260	5
2026-06-12 18:25	87.255	87.440	87.210	87.285	5
2026-06-12 18:30	87.295	87.295	87.160	87.260	5
2026-06-12 18:35	87.250	87.265	87.115	87.120	5
2026-06-12 18:40	87.115	87.115	86.853	86.885	5
2026-06-12 18:45	86.900	86.970	86.860	86.940	5
2026-06-12 18:50	86.925	86.980	86.888	86.900	5
2026-06-12 18:55	86.895	86.950	86.793	86.940	5
2026-06-12 19:00	86.925	86.960	86.840	86.885	5
2026-06-12 19:05	86.843	87.080	86.843	87.000	5
2026-06-12 19:10	86.980	87.040	86.965	86.995	5
2026-06-12 19:15	87.000	87.000	86.910	86.920	5
2026-06-12 19:20	86.945	87.020	86.920	86.980	5
2026-06-12 19:25	86.975	86.985	86.905	86.910	5
2026-06-12 19:30	86.915	87.035	86.853	87.015	5
2026-06-12 19:35	87.020	87.120	86.768	86.975	5
2026-06-12 19:40	86.970	87.055	86.945	87.055	5
2026-06-12 19:45	87.050	87.050	86.870	86.900	5
2026-06-12 19:50	86.843	86.905	86.778	86.865	5
2026-06-12 19:55	86.870	86.880	86.735	86.770	5
2026-06-12 20:00	86.718	86.837	86.718	86.827	5
2026-06-12 20:05	86.817	86.902	86.763	86.902	5
2026-06-12 20:10	86.907	86.922	86.768	86.862	5
2026-06-12 20:15	86.857	86.882	86.717	86.717	5
2026-06-12 20:20	86.722	86.762	86.697	86.742	5
2026-06-12 20:25	86.747	86.772	86.697	86.742	5
2026-06-12 20:30	86.752	86.757	86.692	86.727	5
2026-06-12 20:35	86.722	86.767	86.692	86.702	5
2026-06-12 20:40	86.697	86.757	86.658	86.747	5
2026-06-12 20:45	86.742	86.797	86.727	86.762	5
2026-06-12 20:50	86.757	86.777	86.702	86.717	5
2026-06-12 20:55	86.737	86.782	86.682	86.742	5
2026-06-15 00:00	83.760	83.860	83.725	83.730	5
2026-06-15 00:05	83.735	83.810	83.698	83.725	5
2026-06-15 00:10	83.658	83.745	83.300	83.535	5
2026-06-15 00:15	83.517	83.665	83.463	83.557	5
2026-06-15 00:20	83.555	83.787	83.545	83.737	5
2026-06-15 00:25	83.745	83.775	83.597	83.775	5
2026-06-15 00:30	83.787	83.850	83.697	83.845	5
2026-06-15 00:35	83.837	83.885	83.777	83.815	5
2026-06-15 00:40	83.817	84.040	83.815	84.025	5
2026-06-15 00:45	84.035	84.157	83.890	83.890	5
2026-06-15 00:50	83.885	83.890	83.800	83.865	5
2026-06-15 00:55	83.857	83.905	83.813	83.835	5
2026-06-15 01:00	83.828	84.135	83.675	83.825	5
2026-06-15 01:05	83.820	83.960	83.805	83.947	5
2026-06-15 01:10	83.945	84.040	83.760	83.825	5
2026-06-15 01:15	83.830	83.885	83.615	83.690	5
2026-06-15 01:20	83.695	83.700	83.363	83.630	5
2026-06-15 01:25	83.615	83.670	83.490	83.565	5
2026-06-15 01:30	83.575	83.575	83.450	83.545	5
2026-06-15 01:35	83.540	83.770	83.525	83.645	5
2026-06-15 01:40	83.650	83.795	83.645	83.750	5
2026-06-15 01:45	83.755	83.885	83.683	83.885	5
2026-06-15 01:50	83.880	83.945	83.815	83.895	5
2026-06-15 01:55	83.900	83.985	83.805	83.925	5
2026-06-15 02:00	83.907	83.925	83.805	83.805	5
2026-06-15 02:05	83.797	83.797	83.550	83.635	5
2026-06-15 02:10	83.640	83.697	83.598	83.620	5
2026-06-15 02:15	83.615	83.670	83.590	83.590	5
2026-06-15 02:20	83.567	83.585	83.510	83.530	5
2026-06-15 02:25	83.515	83.515	83.357	83.375	5
2026-06-15 02:30	83.370	83.380	83.235	83.270	5
2026-06-15 02:35	83.280	83.325	83.170	83.195	5
2026-06-15 02:40	83.180	83.275	83.170	83.235	5
2026-06-15 02:45	83.245	83.265	83.170	83.175	5
2026-06-15 02:50	83.180	83.220	83.045	83.085	5
2026-06-15 02:55	83.080	83.155	82.983	83.095	5
2026-06-15 03:00	83.090	83.215	83.020	83.165	5
2026-06-15 03:05	83.167	83.250	83.135	83.135	5
2026-06-15 03:10	83.145	83.195	83.105	83.170	5
2026-06-15 03:15	83.155	83.190	83.045	83.085	5
2026-06-15 03:20	83.095	83.165	83.030	83.155	5
2026-06-15 03:25	83.165	83.190	83.095	83.095	5
2026-06-15 03:30	83.115	83.350	83.115	83.320	5
2026-06-15 03:35	83.310	83.425	83.245	83.270	5
2026-06-15 03:40	83.280	83.320	83.155	83.315	5
2026-06-15 03:45	83.305	83.365	83.215	83.270	5
2026-06-15 03:50	83.265	83.275	83.205	83.230	5
2026-06-15 03:55	83.245	83.295	83.177	83.280	4
2026-06-15 04:00	83.257	83.315	83.195	83.310	5
2026-06-15 04:05	83.295	83.310	83.233	83.270	5
2026-06-15 04:10	83.285	83.300	83.235	83.245	5
2026-06-15 04:15	83.240	83.335	83.228	83.280	5
2026-06-15 04:20	83.285	83.310	83.240	83.310	5
2026-06-15 04:25	83.300	83.330	83.245	83.290	5
2026-06-15 04:30	83.285	83.345	83.215	83.215	5
2026-06-15 04:35	83.230	83.360	83.195	83.355	5
2026-06-15 04:40	83.360	83.360	83.265	83.265	5
2026-06-15 04:45	83.257	83.305	83.245	83.295	5
2026-06-15 04:50	83.290	83.305	83.175	83.230	5
2026-06-15 04:55	83.235	83.285	83.200	83.220	5
2026-06-15 05:00	83.230	83.345	83.195	83.310	5
2026-06-15 05:05	83.300	83.455	83.300	83.450	5
2026-06-15 05:10	83.455	83.550	83.408	83.520	5
2026-06-15 05:15	83.525	83.555	83.463	83.520	5
2026-06-15 05:20	83.500	83.525	83.485	83.485	5
2026-06-15 05:25	83.500	83.595	83.490	83.515	5
2026-06-15 05:30	83.520	83.655	83.485	83.625	5
2026-06-15 05:35	83.620	83.620	83.438	83.515	5
2026-06-15 05:40	83.510	83.675	83.505	83.650	5
2026-06-15 05:45	83.640	83.655	83.463	83.545	5
2026-06-15 05:50	83.550	83.825	83.485	83.760	5
2026-06-15 05:55	83.755	83.780	83.635	83.675	5
2026-06-15 06:00	83.670	83.875	83.628	83.835	5
2026-06-15 06:05	83.830	83.912	83.750	83.885	5
2026-06-15 06:10	83.880	83.915	83.720	83.765	5
2026-06-15 06:15	83.755	83.790	83.595	83.600	5
2026-06-15 06:20	83.595	83.600	83.280	83.390	5
2026-06-15 06:25	83.385	83.627	83.380	83.595	5
2026-06-15 06:30	83.553	83.740	83.390	83.480	5
2026-06-15 06:35	83.470	83.650	83.470	83.515	5
2026-06-15 06:40	83.525	83.525	83.305	83.460	5
2026-06-15 06:45	83.455	83.480	83.378	83.465	5
2026-06-15 06:50	83.455	83.590	83.390	83.450	5
2026-06-15 06:55	83.440	83.485	83.355	83.395	5
2026-06-15 07:00	83.400	83.525	83.298	83.350	5
2026-06-15 07:05	83.275	83.320	83.203	83.310	5
2026-06-15 07:10	83.305	83.335	83.173	83.235	5
2026-06-15 07:15	83.193	83.245	82.925	83.005	5
2026-06-15 07:20	82.990	82.990	82.840	82.860	5
2026-06-15 07:25	82.850	82.920	82.735	82.760	5
2026-06-15 07:30	82.765	82.845	82.665	82.700	5
2026-06-15 07:35	82.705	82.960	82.673	82.950	5
2026-06-15 07:40	82.955	83.120	82.948	83.000	5
2026-06-15 07:45	83.005	83.345	83.000	83.325	5
2026-06-15 07:50	83.320	83.375	83.100	83.145	5
2026-06-15 07:55	83.140	83.285	83.120	83.280	5
2026-06-15 08:00	83.238	83.375	83.160	83.190	5
2026-06-15 08:05	83.185	83.370	83.185	83.330	5
2026-06-15 08:10	83.320	83.595	83.263	83.490	5
2026-06-15 08:15	83.500	83.555	83.330	83.330	5
2026-06-15 08:20	83.340	83.575	83.305	83.485	5
2026-06-15 08:25	83.490	83.515	82.950	82.990	5
2026-06-15 08:30	82.995	83.255	82.893	83.090	5
2026-06-15 08:35	83.085	83.085	82.945	82.990	5
2026-06-15 08:40	82.968	83.050	82.835	82.960	5
2026-06-15 08:45	82.955	83.120	82.845	83.050	5
2026-06-15 08:50	83.055	83.145	83.000	83.075	5
2026-06-15 08:55	83.095	83.115	82.853	83.030	5
2026-06-15 09:00	83.020	83.030	82.503	82.770	5
2026-06-15 09:05	82.760	82.840	82.578	82.795	5
2026-06-15 09:10	82.790	82.955	82.710	82.940	5
2026-06-15 09:15	82.935	83.045	82.813	82.900	5
2026-06-15 09:20	82.895	83.115	82.893	83.050	5
2026-06-15 09:25	83.030	83.085	82.767	82.770	5
2026-06-15 09:30	82.760	82.890	82.663	82.850	5
2026-06-15 09:35	82.830	82.920	82.798	82.880	5
2026-06-15 09:40	82.875	83.000	82.838	83.000	5
2026-06-15 09:45	82.995	83.140	82.960	83.025	5
2026-06-15 09:50	83.020	83.025	82.755	82.805	5
2026-06-15 09:55	82.810	82.915	82.760	82.900	5
2026-06-15 10:00	82.858	82.930	82.723	82.810	5
2026-06-15 10:05	82.820	82.890	82.770	82.790	5
2026-06-15 10:10	82.780	82.930	82.753	82.830	5
2026-06-15 10:15	82.840	82.840	82.675	82.730	5
2026-06-15 10:20	82.740	82.980	82.668	82.885	5
2026-06-15 10:25	82.875	82.935	82.750	82.920	5
2026-06-15 10:30	82.905	83.045	82.900	82.930	5
2026-06-15 10:35	82.935	83.025	82.910	83.025	5
2026-06-15 10:40	82.983	83.055	82.918	83.030	5
2026-06-15 10:45	83.025	83.110	82.950	83.055	5
2026-06-15 10:50	83.060	83.260	83.020	83.145	5
2026-06-15 10:55	83.140	83.270	83.028	83.190	5
2026-06-15 11:00	83.163	83.175	82.783	82.890	5
2026-06-15 11:05	82.880	82.975	82.860	82.950	5
2026-06-15 11:10	82.945	82.945	82.728	82.820	5
2026-06-15 11:15	82.830	83.002	82.758	82.960	5
2026-06-15 11:20	82.950	83.025	82.910	82.950	5
2026-06-15 11:25	82.945	82.945	82.743	82.835	5
2026-06-15 11:30	82.830	82.960	82.738	82.960	5
2026-06-15 11:35	82.955	83.070	82.903	83.000	5
2026-06-15 11:40	82.990	83.160	82.928	83.130	5
2026-06-15 11:45	83.120	83.155	83.010	83.055	5
2026-06-15 11:50	83.040	83.070	82.960	83.045	5
2026-06-15 11:55	83.050	83.165	83.033	83.070	5
2026-06-15 12:00	83.060	83.285	82.998	83.270	5
2026-06-15 12:05	83.275	83.290	83.170	83.255	5
2026-06-15 12:10	83.250	83.250	82.940	83.005	5
2026-06-15 12:15	83.000	83.045	82.908	82.960	5
2026-06-15 12:20	82.918	83.205	82.893	83.090	5
2026-06-15 12:25	83.080	83.140	82.925	83.007	5
2026-06-15 12:30	83.005	83.010	82.840	82.910	5
2026-06-15 12:35	82.905	83.080	82.900	82.990	5
2026-06-15 12:40	83.005	83.005	82.860	82.880	5
2026-06-15 12:45	82.890	83.070	82.885	83.070	5
2026-06-15 12:50	83.065	83.190	82.953	83.080	5
2026-06-15 12:55	83.070	83.145	83.040	83.105	5
2026-06-15 13:00	83.100	83.155	83.030	83.115	5
2026-06-15 13:05	83.110	83.145	83.045	83.055	5
2026-06-15 13:10	83.060	83.145	83.050	83.140	5
2026-06-15 13:15	83.145	83.270	83.080	83.160	5
2026-06-15 13:20	83.170	83.370	83.138	83.200	5
2026-06-15 13:25	83.195	83.290	83.078	83.190	5
2026-06-15 13:30	83.148	83.300	82.983	83.040	5
2026-06-15 13:35	83.035	83.050	82.858	83.030	5
2026-06-15 13:40	83.040	83.050	82.803	83.000	5
2026-06-15 13:45	82.968	83.110	82.955	83.060	5
2026-06-15 13:50	83.050	83.060	82.900	82.910	5
2026-06-15 13:55	82.925	83.025	82.818	82.875	5
2026-06-15 14:00	82.880	82.925	82.743	82.820	5
2026-06-15 14:05	82.830	82.845	82.618	82.695	5
2026-06-15 14:10	82.690	82.885	82.643	82.830	5
2026-06-15 14:15	82.825	82.860	82.655	82.660	5
2026-06-15 14:20	82.655	82.690	82.540	82.600	5
2026-06-15 14:25	82.615	82.685	82.385	82.495	5
2026-06-15 14:30	82.453	82.560	82.363	82.520	5
2026-06-15 14:35	82.525	82.610	82.475	82.510	5
2026-06-15 14:40	82.505	82.585	82.458	82.575	5
2026-06-15 14:45	82.585	82.745	82.518	82.690	5
2026-06-15 14:50	82.670	82.965	82.568	82.935	5
2026-06-15 14:55	82.950	83.125	82.890	83.120	5
2026-06-15 15:00	83.078	83.425	83.040	83.175	5
2026-06-15 15:05	83.165	83.255	83.120	83.200	5
2026-06-15 15:10	83.195	83.285	83.118	83.185	5
2026-06-15 15:15	83.180	83.185	83.035	83.110	5
2026-06-15 15:20	83.105	83.110	82.968	83.020	5
2026-06-15 15:25	83.030	83.200	82.818	83.150	5
2026-06-15 15:30	83.155	83.248	83.060	83.115	5
2026-06-15 15:35	83.120	83.120	82.855	82.890	5
2026-06-15 15:40	82.885	83.070	82.885	83.020	5
2026-06-15 15:45	83.010	83.020	82.720	82.740	5
2026-06-15 15:50	82.735	82.750	82.660	82.685	5
2026-06-15 15:55	82.695	82.755	82.643	82.740	5
2026-06-15 16:00	82.730	82.730	82.593	82.680	5
2026-06-15 16:05	82.700	82.900	82.663	82.755	5
2026-06-15 16:10	82.745	82.795	82.683	82.700	5
2026-06-15 16:15	82.710	82.805	82.575	82.695	5
2026-06-15 16:20	82.690	82.720	82.618	82.650	5
2026-06-15 16:25	82.640	82.775	82.640	82.680	5
2026-06-15 16:30	82.675	82.910	82.638	82.880	5
2026-06-15 16:35	82.885	82.995	82.870	82.935	5
2026-06-15 16:40	82.940	83.125	82.878	83.065	5
2026-06-15 16:45	83.070	83.120	83.015	83.080	5
2026-06-15 16:50	83.075	83.090	83.013	83.090	5
2026-06-15 16:55	83.085	83.205	83.078	83.195	5
2026-06-15 17:00	83.210	83.285	83.210	83.245	5
2026-06-15 17:05	83.260	83.318	83.190	83.240	5
2026-06-15 17:10	83.250	83.300	83.205	83.250	5
2026-06-15 17:15	83.245	83.255	83.075	83.105	5
2026-06-15 17:20	83.115	83.220	83.100	83.150	5
2026-06-15 17:25	83.140	83.270	83.033	83.220	5
2026-06-15 17:30	83.225	83.270	83.160	83.250	5
2026-06-15 17:35	83.255	83.270	82.890	82.890	5
2026-06-15 17:40	82.895	83.055	82.895	83.050	5
2026-06-15 17:45	83.060	83.105	83.030	83.095	5
2026-06-15 17:50	83.100	83.275	83.095	83.140	5
2026-06-15 17:55	83.130	83.230	83.090	83.180	5
2026-06-15 18:00	83.190	83.297	83.080	83.130	5
2026-06-15 18:05	83.120	83.165	83.080	83.130	5
2026-06-15 18:10	83.140	83.140	82.993	83.055	5
2026-06-15 18:15	83.050	83.265	83.015	83.180	5
2026-06-15 18:20	83.190	83.215	83.085	83.110	5
2026-06-15 18:25	83.100	83.285	83.030	83.265	5
2026-06-15 18:30	83.260	83.315	83.150	83.180	5
2026-06-15 18:35	83.175	83.255	83.170	83.190	5
2026-06-15 18:40	83.195	83.370	83.195	83.370	5
2026-06-15 18:45	83.365	83.425	83.360	83.370	5
2026-06-15 18:50	83.375	83.415	83.283	83.410	5
2026-06-15 18:55	83.405	83.405	83.310	83.340	5
2026-06-15 19:00	83.345	83.420	83.293	83.370	5
2026-06-15 19:05	83.380	83.435	83.350	83.415	5
2026-06-15 19:10	83.410	83.465	83.393	83.420	5
2026-06-15 19:15	83.430	83.530	83.413	83.470	5
2026-06-15 19:20	83.465	83.585	83.443	83.560	5
2026-06-15 19:25	83.550	83.560	83.460	83.470	5
2026-06-15 19:30	83.485	83.560	83.460	83.530	5
2026-06-15 19:35	83.525	83.700	83.520	83.620	5
2026-06-15 19:40	83.615	83.745	83.615	83.660	5
2026-06-15 19:45	83.650	83.745	83.650	83.710	5
2026-06-15 19:50	83.730	83.745	83.650	83.660	5
2026-06-15 19:55	83.655	83.710	83.570	83.580	5
2026-06-15 20:00	83.558	83.782	83.533	83.757	5
2026-06-15 20:05	83.752	83.767	83.643	83.702	5
2026-06-15 20:10	83.732	83.832	83.667	83.682	5
2026-06-15 20:15	83.687	83.707	83.572	83.582	5
2026-06-15 20:20	83.577	83.607	83.567	83.587	5
2026-06-15 20:25	83.592	83.607	83.557	83.597	5
2026-06-15 20:30	83.602	83.652	83.567	83.647	5
2026-06-15 20:35	83.632	83.647	83.537	83.537	5
2026-06-15 20:40	83.517	83.522	83.472	83.482	5
2026-06-15 20:45	83.487	83.567	83.453	83.482	5
2026-06-15 20:50	83.477	83.482	83.422	83.477	5
2026-06-15 20:55	83.472	83.482	83.423	83.457	5
2026-06-16 00:00	83.607	83.737	83.607	83.645	5
2026-06-16 00:05	83.650	83.700	83.517	83.537	5
2026-06-16 00:10	83.547	83.565	83.495	83.557	5
2026-06-16 00:15	83.567	83.645	83.555	83.605	5
2026-06-16 00:20	83.610	83.730	83.605	83.725	5
2026-06-16 00:25	83.730	83.730	83.615	83.615	5
2026-06-16 00:30	83.620	83.620	83.495	83.555	5
2026-06-16 00:35	83.565	83.610	83.557	83.585	5
2026-06-16 00:40	83.580	83.640	83.525	83.640	5
2026-06-16 00:45	83.657	83.707	83.635	83.685	5
2026-06-16 00:50	83.638	83.690	83.570	83.640	5
2026-06-16 00:55	83.588	83.660	83.588	83.620	5
2026-06-16 01:00	83.610	83.665	83.368	83.385	5
2026-06-16 01:05	83.405	83.490	83.287	83.290	5
2026-06-16 01:10	83.277	83.535	83.235	83.515	5
2026-06-16 01:15	83.505	83.505	83.325	83.345	5
2026-06-16 01:20	83.350	83.390	83.305	83.370	5
2026-06-16 01:25	83.385	83.420	83.285	83.340	5
2026-06-16 01:30	83.325	83.465	83.258	83.437	5
2026-06-16 01:35	83.445	83.477	83.420	83.445	5
2026-06-16 01:40	83.435	83.435	83.265	83.290	5
2026-06-16 01:45	83.285	83.450	83.157	83.217	5
2026-06-16 01:50	83.207	83.290	83.158	83.235	5
2026-06-16 01:55	83.247	83.385	83.217	83.237	5
2026-06-16 02:00	83.235	83.335	83.177	83.275	5
2026-06-16 02:05	83.290	83.297	83.215	83.215	5
2026-06-16 02:10	83.205	83.245	83.145	83.185	5
2026-06-16 02:15	83.180	83.220	83.150	83.210	5
2026-06-16 02:20	83.205	83.310	83.185	83.300	5
2026-06-16 02:25	83.317	83.330	83.285	83.285	5
2026-06-16 02:30	83.270	83.270	83.145	83.215	5
2026-06-16 02:35	83.205	83.270	83.205	83.260	5
2026-06-16 02:40	83.255	83.315	83.160	83.190	5
2026-06-16 02:45	83.180	83.180	82.970	82.980	5
2026-06-16 02:50	82.990	83.020	82.875	82.980	5
2026-06-16 02:55	82.990	83.085	82.940	82.975	5
2026-06-16 03:00	82.980	83.030	82.915	82.915	5
2026-06-16 03:05	82.910	82.940	82.823	82.843	5
2026-06-16 03:10	82.895	82.945	82.843	82.940	5
2026-06-16 03:15	82.935	82.965	82.843	82.890	5
2026-06-16 03:20	82.910	82.970	82.845	82.965	5
2026-06-16 03:25	82.955	82.970	82.865	82.925	5
2026-06-16 03:30	82.915	82.955	82.903	82.930	5
2026-06-16 03:35	82.935	82.945	82.890	82.905	5
2026-06-16 03:40	82.910	82.920	82.865	82.885	5
2026-06-16 03:45	82.895	82.920	82.835	82.885	5
2026-06-16 03:50	82.890	82.920	82.875	82.875	5
2026-06-16 03:55	82.880	82.925	82.838	82.920	4
2026-06-16 04:00	82.925	83.010	82.910	83.000	5
2026-06-16 04:05	83.025	83.045	82.965	82.965	5
2026-06-16 04:10	82.960	82.970	82.935	82.960	5
2026-06-16 04:15	82.950	82.965	82.890	82.950	5
2026-06-16 04:20	82.935	82.935	82.838	82.843	5
2026-06-16 04:25	82.905	82.930	82.900	82.910	5
2026-06-16 04:30	82.900	82.935	82.885	82.890	5
2026-06-16 04:35	82.900	82.960	82.893	82.893	5
2026-06-16 04:40	82.935	82.935	82.885	82.915	4
2026-06-16 04:45	82.905	82.930	82.863	82.890	5
2026-06-16 04:50	82.885	82.945	82.835	82.915	5
2026-06-16 04:55	82.910	82.910	82.765	82.805	5
2026-06-16 05:00	82.800	82.805	82.755	82.770	5
2026-06-16 05:05	82.775	82.795	82.723	82.760	5
2026-06-16 05:10	82.765	82.810	82.735	82.795	5
2026-06-16 05:15	82.790	82.795	82.695	82.700	5
2026-06-16 05:20	82.705	82.730	82.650	82.650	5
2026-06-16 05:25	82.645	82.710	82.620	82.635	5
2026-06-16 05:30	82.640	82.660	82.535	82.660	5
2026-06-16 05:35	82.655	82.770	82.610	82.730	5
2026-06-16 05:40	82.725	82.775	82.680	82.745	5
2026-06-16 05:45	82.740	82.750	82.620	82.720	5
2026-06-16 05:50	82.725	82.785	82.655	82.690	5
2026-06-16 05:55	82.685	82.785	82.685	82.760	5
2026-06-16 06:00	82.723	82.780	82.690	82.755	5
2026-06-16 06:05	82.760	82.760	82.650	82.710	5
2026-06-16 06:10	82.715	82.725	82.655	82.660	5
2026-06-16 06:15	82.665	82.770	82.620	82.750	5
2026-06-16 06:20	82.755	82.780	82.680	82.690	5
2026-06-16 06:25	82.695	82.695	82.620	82.630	5
2026-06-16 06:30	82.645	82.770	82.568	82.640	5
2026-06-16 06:35	82.660	82.770	82.660	82.685	5
2026-06-16 06:40	82.690	82.760	82.680	82.730	5
2026-06-16 06:45	82.740	82.950	82.688	82.930	5
2026-06-16 06:50	82.940	83.030	82.905	82.990	5
2026-06-16 06:55	82.995	83.010	82.750	82.790	5
2026-06-16 07:00	82.767	82.780	82.600	82.750	5
2026-06-16 07:05	82.745	82.755	82.458	82.580	5
2026-06-16 07:10	82.575	82.590	82.303	82.430	5
2026-06-16 07:15	82.420	82.505	82.390	82.410	5
2026-06-16 07:20	82.415	82.450	82.270	82.300	5
2026-06-16 07:25	82.305	82.400	82.225	82.260	5
2026-06-16 07:30	82.265	82.300	82.175	82.235	5
2026-06-16 07:35	82.230	82.270	81.958	81.995	5
2026-06-16 07:40	82.000	82.115	82.000	82.100	5
2026-06-16 07:45	82.095	82.125	81.995	82.035	5
2026-06-16 07:50	82.030	82.090	81.948	82.015	5
2026-06-16 07:55	82.010	82.025	81.783	81.855	5
2026-06-16 08:00	81.768	82.055	81.763	81.940	5
2026-06-16 08:05	81.920	81.920	81.508	81.585	5
2026-06-16 08:10	81.590	81.590	81.203	81.270	5
2026-06-16 08:15	81.260	81.490	81.173	81.400	5
2026-06-16 08:20	81.395	81.400	81.158	81.265	5
2026-06-16 08:25	81.260	81.345	81.038	81.205	5
2026-06-16 08:30	81.185	81.295	81.115	81.220	5
2026-06-16 08:35	81.230	81.475	81.188	81.370	5
2026-06-16 08:40	81.365	81.365	81.158	81.210	5
2026-06-16 08:45	81.205	81.245	81.003	81.065	5
2026-06-16 08:50	81.050	81.150	80.943	81.000	5
2026-06-16 08:55	80.995	81.175	80.973	81.130	5
2026-06-16 09:00	81.135	81.465	81.135	81.455	5
2026-06-16 09:05	81.430	81.465	81.300	81.410	5
2026-06-16 09:10	81.405	81.540	81.345	81.460	5
2026-06-16 09:15	81.450	81.475	81.320	81.340	5
2026-06-16 09:20	81.325	81.385	81.178	81.380	5
2026-06-16 09:25	81.385	81.475	81.348	81.450	5
2026-06-16 09:30	81.455	81.510	81.340	81.430	5
2026-06-16 09:35	81.440	81.505	81.415	81.435	5
2026-06-16 09:40	81.440	81.635	81.435	81.560	5
2026-06-16 09:45	81.555	81.815	81.508	81.740	5
2026-06-16 09:50	81.730	81.730	81.523	81.575	5
2026-06-16 09:55	81.580	81.675	81.368	81.475	5
2026-06-16 10:00	81.433	81.510	81.425	81.460	5
2026-06-16 10:05	81.470	81.470	81.110	81.230	5
2026-06-16 10:10	81.235	81.430	81.150	81.195	5
2026-06-16 10:15	81.205	81.250	81.115	81.140	5
2026-06-16 10:20	81.135	81.140	80.983	81.040	5
2026-06-16 10:25	81.030	81.090	80.963	81.070	5
2026-06-16 10:30	81.065	81.160	81.005	81.010	5
2026-06-16 10:35	81.015	81.020	80.900	80.920	5
2026-06-16 10:40	80.925	80.945	80.875	80.895	5
2026-06-16 10:45	80.885	80.990	80.885	80.990	5
2026-06-16 10:50	80.995	81.075	80.948	81.065	5
2026-06-16 10:55	81.060	81.145	80.980	81.020	5
2026-06-16 11:00	81.000	81.055	80.918	81.010	5
2026-06-16 11:05	81.000	81.060	80.970	81.045	5
2026-06-16 11:10	81.040	81.065	80.950	81.015	5
2026-06-16 11:15	81.020	81.090	80.985	81.030	5
2026-06-16 11:20	81.035	81.045	80.863	80.895	5
2026-06-16 11:25	80.900	80.920	80.795	80.865	5
2026-06-16 11:30	80.850	80.915	80.750	80.875	5
2026-06-16 11:35	80.853	81.030	80.848	80.935	5
2026-06-16 11:40	80.930	80.975	80.863	80.890	5
2026-06-16 11:45	80.885	80.910	80.763	80.785	5
2026-06-16 11:50	80.805	80.825	80.705	80.765	5
2026-06-16 11:55	80.775	80.805	80.683	80.805	5
2026-06-16 12:00	80.743	80.810	80.583	80.645	5
2026-06-16 12:05	80.640	80.640	80.263	80.370	5
2026-06-16 12:10	80.365	80.375	80.165	80.195	5
2026-06-16 12:15	80.153	80.260	79.940	80.000	5
2026-06-16 12:20	80.005	80.170	79.963	80.125	5
2026-06-16 12:25	80.130	80.215	80.055	80.060	5
2026-06-16 12:30	80.055	80.095	79.715	79.740	5
2026-06-16 12:35	79.745	79.915	79.590	79.625	5
2026-06-16 12:40	79.620	79.810	79.558	79.800	5
2026-06-16 12:45	79.790	79.855	79.705	79.850	5
2026-06-16 12:50	79.840	80.130	79.788	79.990	5
2026-06-16 12:55	79.995	80.120	79.890	80.105	5
2026-06-16 13:00	80.110	80.450	80.050	80.345	5
2026-06-16 13:05	80.340	80.425	80.153	80.425	5
2026-06-16 13:10	80.430	80.535	80.360	80.450	5
2026-06-16 13:15	80.445	80.665	80.420	80.465	5
2026-06-16 13:20	80.460	80.610	80.460	80.535	5
2026-06-16 13:25	80.515	80.530	80.335	80.365	5
2026-06-16 13:30	80.348	80.610	80.263	80.420	5
2026-06-16 13:35	80.415	80.640	80.405	80.600	5
2026-06-16 13:40	80.610	80.720	80.500	80.700	5
2026-06-16 13:45	80.695	80.835	80.630	80.640	5
2026-06-16 13:50	80.630	80.715	80.568	80.660	5
2026-06-16 13:55	80.670	80.710	80.478	80.560	5
2026-06-16 14:00	80.565	80.580	80.363	80.390	5
2026-06-16 14:05	80.395	80.660	80.348	80.600	5
2026-06-16 14:10	80.590	80.690	80.488	80.675	5
2026-06-16 14:15	80.670	80.690	80.575	80.580	5
2026-06-16 14:20	80.575	80.575	80.310	80.370	5
2026-06-16 14:25	80.340	80.350	80.073	80.200	5
2026-06-16 14:30	80.158	80.235	80.043	80.175	5
2026-06-16 14:35	80.170	80.195	79.970	80.060	5
2026-06-16 14:40	80.065	80.100	79.793	79.920	5
2026-06-16 14:45	79.915	79.970	79.815	79.885	5
2026-06-16 14:50	79.880	80.030	79.790	79.965	5
2026-06-16 14:55	79.955	80.045	79.895	80.005	5
2026-06-16 15:00	80.030	80.168	79.963	80.158	5
2026-06-16 15:05	80.190	80.275	80.020	80.020	5
2026-06-16 15:10	80.025	80.235	79.928	80.135	5
2026-06-16 15:15	80.130	80.225	79.873	79.890	5
2026-06-16 15:20	79.895	80.070	79.885	80.010	5
2026-06-16 15:25	80.015	80.035	79.783	79.820	5
2026-06-16 15:30	79.825	79.935	79.530	79.540	5
2026-06-16 15:35	79.545	79.675	79.483	79.535	5
2026-06-16 15:40	79.545	79.590	79.460	79.535	5
2026-06-16 15:45	79.545	79.680	79.403	79.450	5
2026-06-16 15:50	79.440	79.440	78.828	78.870	5
2026-06-16 15:55	78.880	78.970	78.613	78.970	5
2026-06-16 16:00	78.965	79.045	78.823	79.045	5
2026-06-16 16:05	79.040	79.145	78.955	79.000	5
2026-06-16 16:10	78.995	79.005	78.820	78.890	5
2026-06-16 16:15	78.880	79.005	78.830	78.970	5
2026-06-16 16:20	78.965	79.020	78.870	78.875	5
2026-06-16 16:25	78.870	78.930	78.653	78.675	5
2026-06-16 16:30	78.670	78.720	78.458	78.680	5
2026-06-16 16:35	78.685	78.690	78.535	78.550	5
2026-06-16 16:40	78.545	78.650	78.513	78.630	5
2026-06-16 16:45	78.625	78.650	78.435	78.575	5
2026-06-16 16:50	78.565	78.955	78.560	78.815	5
2026-06-16 16:55	78.810	78.810	78.508	78.710	5
2026-06-16 17:00	78.673	78.945	78.673	78.885	5
2026-06-16 17:05	78.890	78.985	78.713	78.740	5
2026-06-16 17:10	78.750	78.925	78.745	78.870	5
2026-06-16 17:15	78.900	78.930	78.530	78.675	5
2026-06-16 17:20	78.670	78.780	78.620	78.750	5
2026-06-16 17:25	78.745	78.800	78.620	78.680	5
2026-06-16 17:30	78.675	78.750	78.535	78.735	5
2026-06-16 17:35	78.725	78.817	78.635	78.720	5
2026-06-16 17:40	78.715	78.740	78.453	78.540	5
2026-06-16 17:45	78.535	78.650	78.503	78.630	5
2026-06-16 17:50	78.615	78.860	78.600	78.775	5
2026-06-16 17:55	78.780	78.860	78.735	78.820	5
2026-06-16 18:00	78.815	78.905	78.670	78.735	5
2026-06-16 18:05	78.698	78.920	78.698	78.820	5
2026-06-16 18:10	78.830	78.890	78.640	78.655	5
2026-06-16 18:15	78.660	78.775	78.648	78.765	5
2026-06-16 18:20	78.755	78.890	78.755	78.885	5
2026-06-16 18:25	78.890	79.025	78.763	78.945	5
2026-06-16 18:30	78.935	79.015	78.855	78.920	5
2026-06-16 18:35	78.878	79.160	78.878	79.160	5
2026-06-16 18:40	79.155	79.327	79.120	79.310	5
2026-06-16 18:45	79.320	79.320	79.170	79.265	5
2026-06-16 18:50	79.275	79.285	79.145	79.200	5
2026-06-16 18:55	79.210	79.290	79.195	79.245	5
2026-06-16 19:00	79.203	79.325	79.203	79.245	5
2026-06-16 19:05	79.240	79.485	79.203	79.390	5
2026-06-16 19:10	79.385	79.520	79.350	79.490	5
2026-06-16 19:15	79.485	79.695	79.485	79.680	5
2026-06-16 19:20	79.685	79.840	79.633	79.820	5
2026-06-16 19:25	79.825	79.915	79.760	79.880	5
2026-06-16 19:30	79.875	79.965	79.760	79.770	5
2026-06-16 19:35	79.775	79.865	79.725	79.830	5
2026-06-16 19:40	79.840	79.840	79.753	79.770	5
2026-06-16 19:45	79.765	79.825	79.678	79.730	5
2026-06-16 19:50	79.688	79.790	79.663	79.770	5
2026-06-16 19:55	79.775	79.780	79.588	79.640	5
2026-06-16 20:00	79.613	79.652	79.447	79.457	5
2026-06-16 20:05	79.447	79.462	79.357	79.412	5
2026-06-16 20:10	79.402	79.442	79.342	79.442	5
2026-06-16 20:15	79.447	79.482	79.362	79.387	5
2026-06-16 20:20	79.392	79.472	79.337	79.462	5
2026-06-16 20:25	79.467	79.492	79.332	79.332	5
2026-06-16 20:30	79.317	79.472	79.302	79.417	5
2026-06-16 20:35	79.407	79.407	79.352	79.377	5
2026-06-16 20:40	79.372	79.412	79.302	79.412	5
2026-06-16 20:45	79.407	79.482	79.402	79.427	5
2026-06-16 20:50	79.437	79.447	79.342	79.412	5
2026-06-16 20:55	79.407	79.472	79.382	79.447	5
2026-06-17 00:00	79.397	79.540	79.355	79.385	5
2026-06-17 00:05	79.377	79.477	79.265	79.397	5
2026-06-17 00:10	79.395	79.497	79.377	79.490	5
2026-06-17 00:15	79.500	79.505	79.437	79.447	5
2026-06-17 00:20	79.445	79.465	79.395	79.465	5
2026-06-17 00:25	79.460	79.485	79.418	79.485	5
2026-06-17 00:30	79.500	79.500	79.397	79.405	5
2026-06-17 00:35	79.395	79.407	79.303	79.390	5
2026-06-17 00:40	79.380	79.475	79.380	79.470	5
2026-06-17 00:45	79.465	79.510	79.423	79.510	5
2026-06-17 00:50	79.515	79.515	79.480	79.490	5
2026-06-17 00:55	79.495	79.510	79.467	79.475	5
2026-06-17 01:00	79.430	79.520	79.327	79.335	5
2026-06-17 01:05	79.325	79.380	79.195	79.197	5
2026-06-17 01:10	79.195	79.405	79.195	79.360	5
2026-06-17 01:15	79.375	79.405	79.315	79.335	5
2026-06-17 01:20	79.327	79.385	79.177	79.190	5
2026-06-17 01:25	79.195	79.197	79.135	79.155	5
2026-06-17 01:30	79.140	79.145	79.033	79.105	5
2026-06-17 01:35	79.097	79.105	78.995	79.025	5
2026-06-17 01:40	79.035	79.165	79.035	79.150	5
2026-06-17 01:45	79.140	79.310	79.120	79.245	5
2026-06-17 01:50	79.237	79.267	79.015	79.027	5
2026-06-17 01:55	79.025	79.057	78.927	79.005	5
2026-06-17 02:00	79.000	79.035	78.895	78.925	5
2026-06-17 02:05	78.935	78.985	78.853	78.980	5
2026-06-17 02:10	78.985	79.040	78.970	79.015	5
2026-06-17 02:15	79.005	79.127	79.005	79.067	5
2026-06-17 02:20	79.065	79.065	78.977	78.985	5
2026-06-17 02:25	78.980	78.997	78.943	78.975	5
2026-06-17 02:30	78.990	79.055	78.890	79.027	5
2026-06-17 02:35	79.025	79.025	78.935	78.950	5
2026-06-17 02:40	78.955	78.975	78.895	78.965	5
2026-06-17 02:45	78.970	79.120	78.923	79.040	5
2026-06-17 02:50	79.050	79.080	78.960	78.970	5
2026-06-17 02:55	78.960	78.970	78.905	78.970	5
2026-06-17 03:00	78.960	78.970	78.890	78.910	5
2026-06-17 03:05	78.915	78.920	78.760	78.810	5
2026-06-17 03:10	78.805	78.820	78.770	78.795	5
2026-06-17 03:15	78.805	78.820	78.663	78.735	5
2026-06-17 03:20	78.730	78.785	78.715	78.760	5
2026-06-17 03:25	78.765	78.765	78.675	78.700	5
2026-06-17 03:30	78.690	78.815	78.690	78.750	5
2026-06-17 03:35	78.765	78.775	78.700	78.770	5
2026-06-17 03:40	78.775	78.810	78.695	78.720	5
2026-06-17 03:45	78.673	78.720	78.510	78.520	5
2026-06-17 03:50	78.525	78.545	78.380	78.410	5
2026-06-17 03:55	78.440	78.460	78.375	78.440	5
2026-06-17 04:00	78.445	78.620	78.435	78.595	5
2026-06-17 04:05	78.600	78.665	78.595	78.610	5
2026-06-17 04:10	78.615	78.635	78.515	78.635	5
2026-06-17 04:15	78.630	78.665	78.565	78.655	5
2026-06-17 04:20	78.660	78.735	78.660	78.710	5
2026-06-17 04:25	78.715	78.725	78.665	78.695	5
2026-06-17 04:30	78.690	78.697	78.675	78.687	5
2026-06-17 04:35	78.685	78.730	78.540	78.565	5
2026-06-17 04:40	78.575	78.587	78.525	78.555	5
2026-06-17 04:45	78.550	78.557	78.345	78.370	5
2026-06-17 04:50	78.375	78.425	78.360	78.390	5
2026-06-17 04:55	78.395	78.455	78.375	78.445	5
2026-06-17 05:00	78.450	78.465	78.330	78.345	5
2026-06-17 05:05	78.335	78.430	78.263	78.375	5
2026-06-17 05:10	78.380	78.425	78.330	78.345	5
2026-06-17 05:15	78.347	78.355	78.110	78.230	5
2026-06-17 05:20	78.225	78.325	78.158	78.270	5
2026-06-17 05:25	78.245	78.250	78.080	78.110	5
2026-06-17 05:30	78.115	78.275	78.055	78.235	5
2026-06-17 05:35	78.230	78.425	78.195	78.375	5
2026-06-17 05:40	78.365	78.510	78.365	78.485	5
2026-06-17 05:45	78.480	78.555	78.408	78.525	5
2026-06-17 05:50	78.555	78.675	78.508	78.675	5
2026-06-17 05:55	78.665	79.177	78.628	78.990	5
2026-06-17 06:00	78.913	79.065	78.853	78.870	5
2026-06-17 06:05	78.875	78.950	78.748	78.930	5
2026-06-17 06:10	78.935	79.130	78.890	79.020	5
2026-06-17 06:15	79.025	79.160	78.995	79.025	5
2026-06-17 06:20	79.020	79.045	78.857	78.980	5
2026-06-17 06:25	78.975	79.040	78.775	78.790	5
2026-06-17 06:30	78.748	78.850	78.650	78.655	5
2026-06-17 06:35	78.650	78.750	78.490	78.490	5
2026-06-17 06:40	78.500	78.510	78.243	78.330	5
2026-06-17 06:45	78.325	78.330	78.135	78.135	5
2026-06-17 06:50	78.130	78.410	78.075	78.410	5
2026-06-17 06:55	78.400	78.490	78.350	78.410	5
2026-06-17 07:00	78.440	78.440	78.150	78.255	5
2026-06-17 07:05	78.240	78.285	77.853	77.910	5
2026-06-17 07:10	77.900	78.095	77.735	77.940	5
2026-06-17 07:15	77.950	78.360	77.915	78.350	5
2026-06-17 07:20	78.360	78.440	78.248	78.280	5
2026-06-17 07:25	78.295	78.730	78.285	78.680	5
2026-06-17 07:30	78.685	78.725	78.495	78.670	5
2026-06-17 07:35	78.665	78.670	78.125	78.140	5
2026-06-17 07:40	78.127	78.355	78.055	78.255	5
2026-06-17 07:45	78.260	78.445	78.245	78.350	5
2026-06-17 07:50	78.340	78.420	78.200	78.335	5
2026-06-17 07:55	78.327	78.590	78.268	78.565	5
2026-06-17 08:00	78.600	78.660	78.385	78.550	5
2026-06-17 08:05	78.555	78.640	78.318	78.385	5
2026-06-17 08:10	78.390	79.005	78.378	78.995	5
2026-06-17 08:15	78.980	79.090	78.915	79.000	5
2026-06-17 08:20	79.010	79.210	78.948	79.070	5
2026-06-17 08:25	79.080	79.120	78.780	79.120	5
2026-06-17 08:30	79.115	79.355	79.055	79.310	5
2026-06-17 08:35	79.315	79.420	79.235	79.355	5
2026-06-17 08:40	79.345	79.475	79.288	79.345	5
2026-06-17 08:45	79.340	79.460	79.290	79.430	5
2026-06-17 08:50	79.425	79.470	79.098	79.160	5
2026-06-17 08:55	79.170	79.180	78.940	79.035	5
2026-06-17 09:00	78.998	79.230	78.998	79.095	5
2026-06-17 09:05	79.100	79.225	79.060	79.210	5
2026-06-17 09:10	79.215	79.290	79.040	79.090	5
2026-06-17 09:15	79.095	79.145	78.878	78.925	5
2026-06-17 09:20	78.955	78.955	78.635	78.660	5
2026-06-17 09:25	78.665	78.795	78.583	78.780	5
2026-06-17 09:30	78.770	78.770	78.453	78.705	5
2026-06-17 09:35	78.700	79.050	78.690	79.040	5
2026-06-17 09:40	79.035	79.035	78.873	78.895	5
2026-06-17 09:45	78.910	78.930	78.678	78.750	5
2026-06-17 09:50	78.760	78.905	78.710	78.835	5
2026-06-17 09:55	78.840	79.010	78.805	78.985	5
2026-06-17 10:00	79.005	79.250	78.985	79.120	5
2026-06-17 10:05	79.130	79.285	79.113	79.260	5
2026-06-17 10:10	79.255	79.405	79.235	79.250	5
2026-06-17 10:15	79.255	79.280	79.123	79.150	5
2026-06-17 10:20	79.165	79.205	79.033	79.070	5
2026-06-17 10:25	79.060	79.155	79.040	79.155	5
2026-06-17 10:30	79.145	79.145	78.840	79.015	5
2026-06-17 10:35	79.000	79.105	78.905	78.940	5
2026-06-17 10:40	78.935	78.995	78.815	78.820	5
2026-06-17 10:45	78.800	79.040	78.758	78.900	5
2026-06-17 10:50	78.895	79.290	78.665	79.190	5
2026-06-17 10:55	79.200	79.400	79.130	79.290	5
2026-06-17 11:00	79.248	79.265	79.150	79.265	5
2026-06-17 11:05	79.290	79.435	79.220	79.330	5
2026-06-17 11:10	79.325	79.460	79.278	79.450	5
2026-06-17 11:15	79.465	79.475	79.260	79.425	5
2026-06-17 11:20	79.430	79.475	79.290	79.305	5
2026-06-17 11:25	79.315	79.370	79.205	79.210	5
2026-06-17 11:30	79.220	79.475	79.220	79.455	5
2026-06-17 11:35	79.465	79.475	79.375	79.410	5
2026-06-17 11:40	79.390	79.510	79.370	79.475	5
2026-06-17 11:45	79.465	79.500	79.355	79.445	5
2026-06-17 11:50	79.450	79.685	79.450	79.625	5
2026-06-17 11:55	79.630	79.945	79.598	79.670	5
2026-06-17 12:00	79.660	79.690	79.445	79.480	5
2026-06-17 12:05	79.470	79.590	79.418	79.470	5
2026-06-17 12:10	79.475	79.650	79.403	79.580	5
2026-06-17 12:15	79.585	79.850	79.580	79.760	5
2026-06-17 12:20	79.755	79.810	79.653	79.720	5
2026-06-17 12:25	79.673	79.780	79.670	79.705	5
2026-06-17 12:30	79.663	79.765	79.593	79.710	5
2026-06-17 12:35	79.705	79.775	79.620	79.670	5
2026-06-17 12:40	79.675	79.760	79.510	79.510	5
2026-06-17 12:45	79.520	79.600	79.495	79.580	5
2026-06-17 12:50	79.585	79.600	79.480	79.535	5
2026-06-17 12:55	79.540	79.615	79.493	79.540	5
2026-06-17 13:00	79.545	79.785	79.478	79.708	5
2026-06-17 13:05	79.730	79.930	79.695	79.850	5
2026-06-17 13:10	79.855	79.920	79.735	79.745	5
2026-06-17 13:15	79.760	79.810	79.577	79.630	5
2026-06-17 13:20	79.625	79.705	79.503	79.645	5
2026-06-17 13:25	79.650	79.900	79.650	79.890	5
2026-06-17 13:30	79.848	80.060	79.778	80.010	5
2026-06-17 13:35	79.988	80.250	79.943	80.185	5
2026-06-17 13:40	80.180	80.195	80.025	80.045	5
2026-06-17 13:45	80.050	80.220	80.040	80.125	5
2026-06-17 13:50	80.140	80.230	80.018	80.085	5
2026-06-17 13:55	80.080	80.160	80.013	80.070	5
2026-06-17 14:00	80.028	80.090	79.883	79.995	5
2026-06-17 14:05	80.010	80.040	79.730	80.040	5
2026-06-17 14:10	80.030	80.630	80.020	80.523	5
2026-06-17 14:15	80.565	80.755	80.368	80.368	5
2026-06-17 14:20	80.410	80.460	80.138	80.180	5
2026-06-17 14:25	80.138	80.265	79.988	80.215	5
2026-06-17 14:30	80.220	80.600	80.163	80.330	5
2026-06-17 14:35	80.288	80.430	80.208	80.208	5
2026-06-17 14:40	80.250	80.380	80.133	80.380	5
2026-06-17 14:45	80.390	82.048	80.283	81.078	6
2026-06-17 14:50	81.058	81.058	80.493	80.665	5
2026-06-17 14:55	80.670	80.715	80.433	80.528	5
2026-06-17 15:00	80.537	80.565	80.303	80.353	5
2026-06-17 15:05	80.348	80.780	80.313	80.678	5
2026-06-17 15:10	80.725	80.770	80.418	80.480	5
2026-06-17 15:15	80.490	80.570	79.903	80.187	5
2026-06-17 15:20	80.195	80.215	79.588	79.690	5
2026-06-17 15:25	79.695	79.805	79.423	79.648	5
2026-06-17 15:30	79.646	79.870	79.593	79.763	5
2026-06-17 15:35	79.758	79.905	79.698	79.723	5
2026-06-17 15:40	79.770	79.975	79.728	79.813	5
2026-06-17 15:45	79.808	79.840	79.408	79.513	5
2026-06-17 15:50	79.560	79.620	79.323	79.470	5
2026-06-17 15:55	79.475	79.575	79.353	79.438	5
2026-06-17 16:00	79.490	79.650	79.438	79.473	5
2026-06-17 16:05	79.468	79.510	79.308	79.413	5
2026-06-17 16:10	79.408	79.555	79.383	79.483	5
2026-06-17 16:15	79.478	79.845	79.368	79.433	5
2026-06-17 16:20	79.480	79.595	79.408	79.518	5
2026-06-17 16:25	79.513	79.735	79.513	79.533	5
2026-06-17 16:30	79.585	79.615	79.448	79.473	5
2026-06-17 16:35	79.468	79.605	79.433	79.560	5
2026-06-17 16:40	79.570	79.680	79.443	79.443	5
2026-06-17 16:45	79.485	79.625	79.448	79.615	5
2026-06-17 16:50	79.573	79.625	79.313	79.318	5
2026-06-17 16:55	79.313	79.355	79.088	79.123	5
2026-06-17 17:00	79.170	79.505	79.118	79.495	5
2026-06-17 17:05	79.500	79.753	79.333	79.453	5
2026-06-17 17:10	79.480	79.490	79.193	79.255	5
2026-06-17 17:15	79.260	79.320	79.063	79.110	5
2026-06-17 17:20	79.115	79.165	78.898	79.095	5
2026-06-17 17:25	79.053	79.110	78.903	79.030	5
2026-06-17 17:30	79.040	79.185	78.998	79.170	5
2026-06-17 17:35	79.108	79.200	78.918	78.933	5
2026-06-17 17:40	78.923	79.025	78.868	78.980	5
2026-06-17 17:45	78.938	79.110	78.878	79.053	5
2026-06-17 17:50	79.038	79.175	79.013	79.073	5
2026-06-17 17:55	79.068	79.215	79.053	79.145	5
2026-06-17 18:00	79.103	79.288	79.038	79.188	5
2026-06-17 18:05	79.173	79.455	79.058	79.358	5
2026-06-17 18:10	79.373	79.440	79.258	79.430	5
2026-06-17 18:15	79.388	79.460	79.228	79.350	5
2026-06-17 18:20	79.308	79.535	79.268	79.438	5
2026-06-17 18:25	79.433	79.690	79.403	79.573	5
2026-06-17 18:30	79.568	79.725	79.458	79.553	5
2026-06-17 18:35	79.543	79.563	79.328	79.428	5
2026-06-17 18:40	79.423	79.510	79.308	79.353	5
2026-06-17 18:45	79.358	79.383	79.198	79.335	5
2026-06-17 18:50	79.330	79.430	79.213	79.315	5
2026-06-17 18:55	79.325	79.380	79.193	79.208	5
2026-06-17 19:00	79.218	79.303	79.168	79.243	5
2026-06-17 19:05	79.238	79.298	79.188	79.243	5
2026-06-17 19:10	79.248	79.313	79.023	79.033	5
2026-06-17 19:15	79.028	79.048	78.858	78.963	5
2026-06-17 19:20	78.968	79.003	78.788	78.923	5
2026-06-17 19:25	78.908	78.950	78.758	78.885	5
2026-06-17 19:30	78.843	78.858	78.743	78.778	5
2026-06-17 19:35	78.768	78.940	78.748	78.900	5
2026-06-17 19:40	78.858	78.940	78.798	78.895	5
2026-06-17 19:45	78.853	78.980	78.818	78.958	5
2026-06-17 19:50	78.963	79.053	78.903	78.933	5
2026-06-17 19:55	78.926	78.943	78.828	78.833	5
2026-06-17 20:00	78.808	78.908	78.778	78.888	5
2026-06-17 20:05	78.888	78.908	78.768	78.793	5
2026-06-17 20:10	78.788	78.868	78.758	78.813	5
2026-06-17 20:15	78.818	78.823	78.763	78.813	5
2026-06-17 20:20	78.803	78.803	78.743	78.753	5
2026-06-17 20:25	78.743	78.783	78.743	78.783	5
2026-06-17 20:30	78.768	78.778	78.628	78.628	5
2026-06-17 20:35	78.628	78.658	78.553	78.583	5
2026-06-17 20:40	78.588	78.628	78.573	78.613	5
2026-06-17 20:45	78.618	78.628	78.563	78.618	5
2026-06-17 20:50	78.618	78.628	78.568	78.578	5
2026-06-17 20:55	78.573	78.652	78.533	78.613	5
2026-06-18 00:00	78.887	78.900	78.583	78.608	5
2026-06-18 00:05	78.640	78.855	78.533	78.793	5
2026-06-18 00:10	78.835	78.845	78.668	78.755	5
2026-06-18 00:15	78.750	78.785	78.653	78.715	5
2026-06-18 00:20	78.720	78.755	78.523	78.565	5
2026-06-18 00:25	78.560	78.715	78.560	78.635	5
2026-06-18 00:30	78.640	78.720	78.553	78.673	5
2026-06-18 00:35	78.720	78.720	78.608	78.650	5
2026-06-18 00:40	78.645	78.767	78.588	78.635	5
2026-06-18 00:45	78.640	78.685	78.538	78.548	5
2026-06-18 00:50	78.580	78.835	78.580	78.795	5
2026-06-18 00:55	78.800	78.885	78.713	78.818	5
2026-06-18 01:00	78.798	78.995	78.598	78.743	5
2026-06-18 01:05	78.795	78.835	78.668	78.688	5
2026-06-18 01:10	78.683	78.757	78.548	78.615	5
2026-06-18 01:15	78.568	78.657	78.478	78.517	5
2026-06-18 01:20	78.515	78.527	78.318	78.417	5
2026-06-18 01:25	78.425	78.425	78.263	78.325	5
2026-06-18 01:30	78.278	78.330	78.198	78.295	5
2026-06-18 01:35	78.297	78.425	78.253	78.258	5
2026-06-18 01:40	78.297	78.315	78.173	78.243	5
2026-06-18 01:45	78.295	78.490	78.243	78.418	5
2026-06-18 01:50	78.465	78.500	78.258	78.360	5
2026-06-18 01:55	78.375	78.375	78.248	78.335	5
2026-06-18 02:00	78.350	78.415	78.308	78.345	5
2026-06-18 02:05	78.340	78.340	78.223	78.260	5
2026-06-18 02:10	78.265	78.320	78.228	78.290	5
2026-06-18 02:15	78.285	78.320	78.223	78.280	5
2026-06-18 02:20	78.275	78.290	78.213	78.275	5
2026-06-18 02:25	78.270	78.335	78.223	78.278	5
2026-06-18 02:30	78.305	78.400	78.283	78.390	5
2026-06-18 02:35	78.395	78.630	78.395	78.578	5
2026-06-18 02:40	78.568	78.620	78.443	78.490	5
2026-06-18 02:45	78.485	78.570	78.363	78.475	5
2026-06-18 02:50	78.470	78.535	78.418	78.455	5
2026-06-18 02:55	78.450	78.540	78.368	78.368	5
2026-06-18 03:00	78.425	78.435	78.248	78.315	5
2026-06-18 03:05	78.320	78.325	78.253	78.315	5
2026-06-18 03:10	78.268	78.337	78.228	78.260	5
2026-06-18 03:15	78.270	78.290	78.208	78.208	5
2026-06-18 03:20	78.255	78.320	78.208	78.310	5
2026-06-18 03:25	78.263	78.350	78.203	78.240	5
2026-06-18 03:30	78.235	78.270	78.173	78.203	5
2026-06-18 03:35	78.245	78.310	78.218	78.260	5
2026-06-18 03:40	78.255	78.255	78.173	78.210	5
2026-06-18 03:45	78.215	78.245	78.163	78.200	5
2026-06-18 03:50	78.195	78.210	78.133	78.165	5
2026-06-18 03:55	78.160	78.190	78.103	78.160	5
2026-06-18 04:00	78.113	78.160	78.103	78.160	5
2026-06-18 04:05	78.113	78.210	78.113	78.155	5
2026-06-18 04:10	78.108	78.140	78.048	78.100	5
2026-06-18 04:15	78.053	78.090	78.013	78.050	5
2026-06-18 04:20	78.045	78.070	77.903	77.970	5
2026-06-18 04:25	77.980	77.985	77.823	77.848	5
2026-06-18 04:30	77.880	77.955	77.848	77.883	5
2026-06-18 04:35	77.925	77.930	77.713	77.790	5
2026-06-18 04:40	77.795	77.795	77.713	77.770	5
2026-06-18 04:45	77.723	77.830	77.718	77.750	5
2026-06-18 04:50	77.703	77.810	77.703	77.790	5
2026-06-18 04:55	77.743	77.785	77.713	77.770	5
2026-06-18 05:00	77.790	77.860	77.738	77.850	5
2026-06-18 05:05	77.860	77.875	77.783	77.820	5
2026-06-18 05:10	77.773	77.855	77.723	77.845	5
2026-06-18 05:15	77.850	77.860	77.633	77.720	5
2026-06-18 05:20	77.730	77.770	77.543	77.640	5
2026-06-18 05:25	77.650	77.650	77.493	77.555	5
2026-06-18 05:30	77.508	77.745	77.468	77.700	5
2026-06-18 05:35	77.695	77.717	77.563	77.640	5
2026-06-18 05:40	77.645	77.905	77.558	77.900	5
2026-06-18 05:45	77.895	77.905	77.728	77.795	5
2026-06-18 05:50	77.790	77.870	77.758	77.835	5
2026-06-18 05:55	77.837	77.837	77.618	77.680	5
2026-06-18 06:00	77.653	77.695	77.208	77.310	5
2026-06-18 06:05	77.320	77.320	77.163	77.168	5
2026-06-18 06:10	77.205	77.370	77.058	77.298	5
2026-06-18 06:15	77.288	77.450	77.153	77.233	5
2026-06-18 06:20	77.275	77.330	77.123	77.123	5
2026-06-18 06:25	77.170	77.345	77.128	77.183	5
2026-06-18 06:30	77.225	77.435	77.103	77.435	5
2026-06-18 06:35	77.440	77.765	77.378	77.660	5
2026-06-18 06:40	77.618	77.880	77.618	77.643	5
2026-06-18 06:45	77.685	77.695	77.533	77.543	5
2026-06-18 06:50	77.538	77.795	77.538	77.795	5
2026-06-18 06:55	77.800	77.900	77.778	77.788	5
2026-06-18 07:00	77.778	77.865	77.603	77.618	5
2026-06-18 07:05	77.675	77.825	77.628	77.633	5
2026-06-18 07:10	77.690	77.960	77.688	77.913	5
2026-06-18 07:15	77.955	78.220	77.943	78.168	5
2026-06-18 07:20	78.158	78.380	78.128	78.335	5
2026-06-18 07:25	78.293	78.350	77.983	78.025	5
2026-06-18 07:30	77.978	78.120	77.848	77.858	5
2026-06-18 07:35	77.895	78.010	77.838	77.910	5
2026-06-18 07:40	77.868	77.997	77.718	77.763	5
2026-06-18 07:45	77.758	78.110	77.738	78.090	5
2026-06-18 07:50	78.048	78.110	77.928	77.985	5
2026-06-18 07:55	77.943	78.145	77.883	78.000	5
2026-06-18 08:00	78.005	78.020	77.763	77.948	5
2026-06-18 08:05	77.990	78.000	77.698	77.920	5
2026-06-18 08:10	77.925	78.095	77.863	78.028	5
2026-06-18 08:15	78.023	78.100	77.728	77.798	5
2026-06-18 08:20	77.788	78.090	77.738	78.065	5
2026-06-18 08:25	78.023	78.130	77.918	78.013	5
2026-06-18 08:30	78.011	78.200	77.908	78.090	5
2026-06-18 08:35	78.105	78.230	77.848	77.853	5
2026-06-18 08:40	77.895	77.930	77.658	77.668	5
2026-06-18 08:45	77.673	77.745	77.543	77.620	5
2026-06-18 08:50	77.578	77.835	77.548	77.730	5
2026-06-18 08:55	77.688	77.815	77.538	77.690	5
2026-06-18 09:00	77.663	77.935	77.578	77.935	5
2026-06-18 09:05	77.893	78.020	77.653	77.800	5
2026-06-18 09:10	77.795	77.940	77.753	77.818	5
2026-06-18 09:15	77.803	77.840	77.498	77.535	5
2026-06-18 09:20	77.540	78.010	77.503	77.940	5
2026-06-18 09:25	77.898	78.005	77.813	77.883	5
2026-06-18 09:30	77.945	78.115	77.923	78.010	5
2026-06-18 09:35	78.015	78.055	77.873	77.893	5
2026-06-18 09:40	77.960	78.110	77.863	78.058	5
2026-06-18 09:45	78.053	78.100	77.838	77.980	5
2026-06-18 09:50	77.985	78.010	77.628	77.708	5
2026-06-18 09:55	77.703	77.740	77.603	77.628	5
2026-06-18 10:00	77.690	77.885	77.628	77.783	5
2026-06-18 10:05	77.840	77.875	77.723	77.788	5
2026-06-18 10:10	77.788	77.890	77.713	77.760	5
2026-06-18 10:15	77.718	77.975	77.708	77.940	5
2026-06-18 10:20	77.945	78.082	77.843	78.010	5
2026-06-18 10:25	78.025	78.140	77.928	78.008	5
2026-06-18 10:30	78.003	78.550	77.978	78.420	5
2026-06-18 10:35	78.378	78.620	78.313	78.575	5
2026-06-18 10:40	78.590	78.805	78.498	78.763	5
2026-06-18 10:45	78.805	78.905	78.663	78.863	5
2026-06-18 10:50	78.848	78.930	78.563	78.563	5
2026-06-18 10:55	78.610	78.635	78.393	78.418	5
2026-06-18 11:00	78.433	78.470	78.233	78.385	5
2026-06-18 11:05	78.343	78.560	78.328	78.493	5
2026-06-18 11:10	78.530	78.610	78.423	78.473	5
2026-06-18 11:15	78.515	78.540	78.333	78.403	5
2026-06-18 11:20	78.398	78.605	78.338	78.490	5
2026-06-18 11:25	78.495	78.665	78.463	78.618	5
2026-06-18 11:30	78.650	78.750	78.593	78.665	5
2026-06-18 11:35	78.623	78.655	78.518	78.600	5
2026-06-18 11:40	78.558	78.645	78.408	78.460	5
2026-06-18 11:45	78.418	78.580	78.258	78.465	5
2026-06-18 11:50	78.470	78.630	78.408	78.573	5
2026-06-18 11:55	78.620	78.655	78.528	78.548	5
2026-06-18 12:00	78.543	78.650	78.408	78.460	5
2026-06-18 12:05	78.418	78.560	78.328	78.353	5
2026-06-18 12:10	78.348	78.395	78.158	78.265	5
2026-06-18 12:15	78.228	78.375	78.148	78.350	5
2026-06-18 12:20	78.323	78.445	78.303	78.330	5
2026-06-18 12:25	78.288	78.495	78.213	78.453	5
2026-06-18 12:30	78.448	78.485	78.243	78.253	5
2026-06-18 12:35	78.243	78.475	78.243	78.460	5
2026-06-18 12:40	78.418	78.600	78.403	78.530	5
2026-06-18 12:45	78.488	78.495	78.348	78.400	5
2026-06-18 12:50	78.358	78.410	78.228	78.290	5
2026-06-18 12:55	78.310	78.460	78.193	78.363	5
2026-06-18 13:00	78.358	78.535	78.273	78.480	5
2026-06-18 13:05	78.485	78.520	77.918	78.018	5
2026-06-18 13:10	78.055	78.090	77.753	78.028	5
2026-06-18 13:15	78.070	78.195	77.923	78.070	5
2026-06-18 13:20	78.080	78.180	77.933	78.008	5
2026-06-18 13:25	78.008	78.140	77.918	78.068	5
2026-06-18 13:30	78.033	78.048	77.718	77.780	5
2026-06-18 13:35	77.805	77.805	77.308	77.480	5
2026-06-18 13:40	77.475	77.550	77.248	77.380	5
2026-06-18 13:45	77.385	77.485	77.038	77.100	5
2026-06-18 13:50	77.058	77.140	76.858	77.115	5
2026-06-18 13:55	77.073	77.215	76.978	76.978	5
2026-06-18 14:00	76.978	77.220	76.978	77.113	5
2026-06-18 14:05	77.108	77.140	76.703	76.780	5
2026-06-18 14:10	76.775	76.910	76.673	76.755	5
2026-06-18 14:15	76.760	76.905	76.623	76.760	5
2026-06-18 14:20	76.755	76.970	76.723	76.915	5
2026-06-18 14:25	76.920	76.975	76.743	76.915	5
2026-06-18 14:30	76.873	77.070	76.858	76.868	5
2026-06-18 14:35	76.878	77.160	76.873	77.093	5
2026-06-18 14:40	77.135	77.275	77.098	77.178	5
2026-06-18 14:45	77.158	77.240	76.913	76.928	5
2026-06-18 14:50	76.970	77.095	76.893	77.000	5
2026-06-18 14:55	76.958	77.100	76.928	77.050	5
2026-06-18 15:00	77.003	77.165	76.988	77.070	5
2026-06-18 15:05	77.028	77.140	76.913	76.970	5
2026-06-18 15:10	76.965	77.060	76.858	76.970	5
2026-06-18 15:15	76.943	77.010	76.518	76.595	5
2026-06-18 15:20	76.600	76.950	76.528	76.898	5
2026-06-18 15:25	76.898	77.355	76.748	77.198	5
2026-06-18 15:30	77.240	77.525	77.198	77.298	5
2026-06-18 15:35	77.298	77.610	77.293	77.505	5
2026-06-18 15:40	77.520	77.520	77.283	77.438	5
2026-06-18 15:45	77.438	77.555	77.323	77.460	5
2026-06-18 15:50	77.418	77.575	77.378	77.470	5
2026-06-18 15:55	77.428	77.650	77.333	77.640	5
2026-06-18 16:00	77.598	77.740	77.533	77.628	5
2026-06-18 16:05	77.623	77.850	77.523	77.840	5
2026-06-18 16:10	77.798	77.870	77.708	77.733	5
2026-06-18 16:15	77.780	77.870	77.688	77.850	5
2026-06-18 16:20	77.808	78.010	77.728	77.790	5
2026-06-18 16:25	77.748	77.780	77.543	77.618	5
2026-06-18 16:30	77.650	77.660	77.398	77.445	5
2026-06-18 16:35	77.450	77.580	77.393	77.505	5
2026-06-18 16:40	77.510	77.725	77.448	77.725	5
2026-06-18 16:45	77.683	78.050	77.653	77.993	5
2026-06-18 16:50	77.988	78.150	77.983	78.058	5
2026-06-18 16:55	78.090	78.160	78.018	78.018	5
2026-06-18 17:00	78.060	78.175	78.018	78.100	5
2026-06-18 17:05	78.115	78.210	77.968	78.025	5
2026-06-18 17:10	78.030	78.165	77.988	78.140	5
2026-06-18 17:15	78.098	78.210	78.018	78.070	5
2026-06-18 17:20	78.075	78.075	77.833	77.900	5
2026-06-18 17:25	77.905	78.225	77.897	78.210	5
2026-06-18 17:30	78.215	78.350	78.107	78.130	5
2026-06-18 17:35	78.120	78.415	78.030	78.380	5
2026-06-18 17:40	78.370	78.385	78.158	78.250	5
2026-06-18 17:45	78.265	78.370	78.120	78.230	5
2026-06-18 17:50	78.235	78.355	78.200	78.295	5
2026-06-18 17:55	78.290	78.420	78.233	78.310	5
2026-06-18 18:00	78.258	78.770	78.248	78.730	5
2026-06-18 18:05	78.725	78.885	78.640	78.785	5
2026-06-18 18:10	78.780	79.100	78.678	79.070	5
2026-06-18 18:15	79.075	79.235	79.068	79.165	5
2026-06-18 18:20	79.160	79.430	79.150	79.290	5
2026-06-18 18:25	79.300	80.025	79.190	79.805	5
2026-06-18 18:30	79.800	79.950	79.640	79.695	5
2026-06-18 18:35	79.680	79.760	79.583	79.665	5
2026-06-18 18:40	79.670	79.680	79.455	79.550	5
2026-06-18 18:45	79.560	79.580	79.458	79.480	5
2026-06-18 18:50	79.470	79.470	79.355	79.445	5
2026-06-18 18:55	79.440	79.480	79.415	79.450	5
2026-06-18 19:00	79.418	79.650	79.418	79.510	5
2026-06-18 19:05	79.505	79.580	79.455	79.550	5
2026-06-18 19:10	79.560	79.640	79.510	79.520	5
2026-06-18 19:15	79.515	79.570	79.418	79.500	5
2026-06-18 19:20	79.490	79.620	79.470	79.620	5
2026-06-18 19:25	79.578	79.655	79.545	79.565	5
2026-06-18 19:30	79.560	79.560	79.358	79.510	5
2026-06-18 19:35	79.505	79.540	79.425	79.470	5
2026-06-18 19:40	79.480	79.580	79.463	79.540	5
2026-06-18 19:45	79.545	79.580	79.485	79.510	5
2026-06-18 19:50	79.505	79.560	79.463	79.545	5
2026-06-18 19:55	79.555	79.640	79.530	79.578	5
2026-06-18 20:00	79.583	79.692	79.583	79.667	5
2026-06-18 20:05	79.687	79.692	79.542	79.547	5
2026-06-18 20:10	79.562	79.562	79.387	79.417	5
2026-06-18 20:15	79.422	79.442	79.372	79.382	5
2026-06-18 20:20	79.377	79.387	79.237	79.317	5
2026-06-18 20:25	79.312	79.332	79.262	79.292	5
2026-06-18 20:30	79.287	79.287	79.197	79.237	5
2026-06-18 20:35	79.257	79.302	79.242	79.252	5
2026-06-18 20:40	79.242	79.272	79.232	79.252	5
2026-06-18 20:45	79.257	79.262	79.157	79.262	5
2026-06-18 20:50	79.257	79.382	79.252	79.362	5
2026-06-18 20:55	79.357	79.407	79.297	79.377	5
2026-06-19 00:00	79.140	79.155	78.895	78.897	5
2026-06-19 00:05	78.930	78.965	78.797	78.937	5
2026-06-19 00:10	78.927	78.967	78.895	78.895	5
2026-06-19 00:15	78.885	78.985	78.837	78.977	5
2026-06-19 00:20	78.985	79.057	78.965	78.975	5
2026-06-19 00:25	78.977	79.040	78.915	78.915	5
2026-06-19 00:30	78.927	79.005	78.927	79.005	4
2026-06-19 00:35	79.010	79.035	78.950	78.987	5
2026-06-19 00:40	78.995	79.005	78.955	78.967	5
2026-06-19 00:45	78.957	78.990	78.937	78.977	5
2026-06-19 00:50	78.980	79.030	78.980	79.015	5
2026-06-19 00:55	79.010	79.055	78.905	78.905	5
2026-06-19 01:00	78.900	78.905	78.835	78.870	5
2026-06-19 01:05	78.885	79.045	78.885	79.025	5
2026-06-19 01:10	79.017	79.197	78.965	79.135	5
2026-06-19 01:15	79.125	79.175	79.043	79.157	5
2026-06-19 01:20	79.155	79.245	79.078	79.165	5
2026-06-19 01:25	79.175	79.240	79.135	79.190	5
2026-06-19 01:30	79.185	79.375	79.185	79.290	5
2026-06-19 01:35	79.305	79.457	79.295	79.385	5
2026-06-19 01:40	79.390	79.415	79.255	79.295	5
2026-06-19 01:45	79.248	79.520	79.223	79.485	5
2026-06-19 01:50	79.495	79.555	79.363	79.525	5
2026-06-19 01:55	79.515	79.545	79.438	79.525	5
2026-06-19 02:00	79.540	79.645	79.475	79.535	5
2026-06-19 02:05	79.530	79.585	79.483	79.565	5
2026-06-19 02:10	79.557	79.687	79.518	79.610	5
2026-06-19 02:15	79.615	79.650	79.565	79.645	5
2026-06-19 02:20	79.650	79.685	79.530	79.535	5
2026-06-19 02:25	79.530	79.535	79.435	79.445	5
2026-06-19 02:30	79.435	79.450	79.425	79.450	5
2026-06-19 02:35	79.460	79.460	79.377	79.435	5
2026-06-19 02:40	79.430	79.435	79.358	79.400	5
2026-06-19 02:45	79.405	79.515	79.395	79.485	5
2026-06-19 02:50	79.495	79.515	79.435	79.445	5
2026-06-19 02:55	79.455	79.525	79.433	79.455	5
2026-06-19 03:00	79.475	79.540	79.413	79.535	5
2026-06-19 03:05	79.540	79.595	79.528	79.580	5
2026-06-19 03:10	79.575	79.595	79.533	79.545	5
2026-06-19 03:15	79.540	79.555	79.475	79.490	5
2026-06-19 03:20	79.443	79.485	79.375	79.425	5
2026-06-19 03:25	79.420	79.440	79.368	79.440	5
2026-06-19 03:30	79.427	79.450	79.305	79.325	5
2026-06-19 03:35	79.330	79.335	79.115	79.165	5
2026-06-19 03:40	79.167	79.195	79.125	79.125	5
2026-06-19 03:45	79.140	79.147	79.095	79.115	5
2026-06-19 03:50	79.125	79.135	79.067	79.105	5
2026-06-19 03:55	79.100	79.185	79.095	79.140	5
2026-06-19 04:00	79.135	79.177	79.123	79.135	5
2026-06-19 04:05	79.140	79.170	79.135	79.140	5
2026-06-19 04:10	79.145	79.220	79.135	79.215	5
2026-06-19 04:15	79.225	79.387	79.225	79.340	5
2026-06-19 04:20	79.345	79.435	79.345	79.425	5
2026-06-19 04:25	79.420	79.445	79.385	79.410	5
2026-06-19 04:30	79.405	79.585	79.390	79.537	5
2026-06-19 04:35	79.535	79.720	79.525	79.525	5
2026-06-19 04:40	79.530	79.600	79.495	79.565	5
2026-06-19 04:45	79.560	79.655	79.560	79.637	5
2026-06-19 04:50	79.645	79.755	79.645	79.670	5
2026-06-19 04:55	79.677	79.715	79.495	79.505	5
2026-06-19 05:00	79.495	79.665	79.473	79.630	5
2026-06-19 05:05	79.615	79.870	79.578	79.850	5
2026-06-19 05:10	79.855	80.015	79.710	79.725	5
2026-06-19 05:15	79.715	79.935	79.705	79.870	5
2026-06-19 05:20	79.880	79.912	79.705	79.815	5
2026-06-19 05:25	79.817	79.875	79.715	79.760	5
2026-06-19 05:30	79.755	80.015	79.745	80.015	5
2026-06-19 05:35	80.025	80.075	79.868	80.045	5
2026-06-19 05:40	80.040	80.080	79.950	80.035	5
2026-06-19 05:45	80.005	80.105	79.965	80.080	5
2026-06-19 05:50	80.065	80.315	80.045	80.050	5
2026-06-19 05:55	80.045	80.065	79.810	80.065	5
2026-06-19 06:00	80.060	80.300	80.038	80.260	5
2026-06-19 06:05	80.255	80.530	80.210	80.445	5
2026-06-19 06:10	80.440	80.535	80.368	80.490	5
2026-06-19 06:15	80.507	80.510	80.250	80.335	5
2026-06-19 06:20	80.330	80.475	80.315	80.315	5
2026-06-19 06:25	80.310	80.340	80.168	80.220	5
2026-06-19 06:30	80.225	80.450	80.220	80.430	5
2026-06-19 06:35	80.435	80.685	80.433	80.570	5
2026-06-19 06:40	80.555	80.560	80.323	80.330	5
2026-06-19 06:45	80.340	80.340	80.198	80.240	5
2026-06-19 06:50	80.245	80.250	80.078	80.110	5
2026-06-19 06:55	80.100	80.110	79.898	80.010	5
2026-06-19 07:00	79.968	79.975	79.808	79.880	5
2026-06-19 07:05	79.885	79.990	79.825	79.970	5
2026-06-19 07:10	79.960	80.175	79.960	80.090	5
2026-06-19 07:15	80.080	80.225	80.038	80.155	5
2026-06-19 07:20	80.150	80.180	80.060	80.140	5
2026-06-19 07:25	80.150	80.240	80.018	80.110	5
2026-06-19 07:30	80.100	80.295	80.053	80.280	5
2026-06-19 07:35	80.290	80.295	80.063	80.120	5
2026-06-19 07:40	80.130	80.475	80.130	80.390	5
2026-06-19 07:45	80.400	80.490	80.290	80.310	5
2026-06-19 07:50	80.300	80.315	80.080	80.170	5
2026-06-19 07:55	80.180	80.230	79.980	80.120	5
2026-06-19 08:00	80.130	80.340	79.990	80.120	5
2026-06-19 08:05	80.130	80.135	79.808	79.880	5
2026-06-19 08:10	79.875	80.030	79.718	80.000	5
2026-06-19 08:15	79.995	80.045	79.720	79.770	5
2026-06-19 08:20	79.765	79.965	79.750	79.940	5
2026-06-19 08:25	79.945	80.010	79.573	79.615	5
2026-06-19 08:30	79.595	79.715	79.315	79.610	5
2026-06-19 08:35	79.615	79.650	79.485	79.580	5
2026-06-19 08:40	79.590	79.837	79.500	79.770	5
2026-06-19 08:45	79.785	79.785	79.420	79.445	5
2026-06-19 08:50	79.455	79.710	79.400	79.595	5
2026-06-19 08:55	79.590	79.625	79.408	79.550	5
2026-06-19 09:00	79.540	79.575	79.395	79.430	5
2026-06-19 09:05	79.435	79.490	79.148	79.475	5
2026-06-19 09:10	79.490	79.610	79.368	79.415	5
2026-06-19 09:15	79.410	79.430	79.325	79.330	5
2026-06-19 09:20	79.335	79.495	79.260	79.480	5
2026-06-19 09:25	79.475	79.475	79.318	79.450	5
2026-06-19 09:30	79.445	79.450	79.260	79.300	5
2026-06-19 09:35	79.315	79.330	79.183	79.260	5
2026-06-19 09:40	79.250	79.520	79.250	79.510	5
2026-06-19 09:45	79.515	79.520	79.348	79.465	5
2026-06-19 09:50	79.460	79.470	79.230	79.245	5
2026-06-19 09:55	79.250	79.310	79.063	79.290	5
2026-06-19 10:00	79.295	79.470	79.238	79.420	5
2026-06-19 10:05	79.410	79.470	79.310	79.460	5
2026-06-19 10:10	79.440	79.465	79.330	79.430	5
2026-06-19 10:15	79.470	79.505	79.273	79.390	5
2026-06-19 10:20	79.400	79.610	79.360	79.520	5
2026-06-19 10:25	79.510	79.535	79.365	79.395	5
2026-06-19 10:30	79.390	79.605	79.380	79.580	5
2026-06-19 10:35	79.590	79.835	79.540	79.830	5
2026-06-19 10:40	79.835	79.870	79.690	79.710	5
2026-06-19 10:45	79.735	79.755	79.533	79.670	5
2026-06-19 10:50	79.665	79.670	79.400	79.500	5
2026-06-19 10:55	79.505	79.600	79.475	79.590	5
2026-06-19 11:00	79.585	79.875	79.578	79.875	5
2026-06-19 11:05	79.870	80.267	79.798	79.950	5
2026-06-19 11:10	79.975	79.990	79.750	79.750	5
2026-06-19 11:15	79.755	79.775	79.560	79.630	5
2026-06-19 11:20	79.620	79.695	79.560	79.680	5
2026-06-19 11:25	79.665	79.925	79.653	79.910	5
2026-06-19 11:30	79.905	79.910	79.630	79.710	5
2026-06-19 11:35	79.745	79.760	79.620	79.730	5
2026-06-19 11:40	79.725	79.740	79.575	79.650	5
2026-06-19 11:45	79.645	79.735	79.615	79.700	5
2026-06-19 11:50	79.705	80.105	79.568	80.100	5
2026-06-19 11:55	80.105	80.162	79.810	79.840	5
2026-06-19 12:00	79.798	80.075	79.798	80.060	5
2026-06-19 12:05	80.055	80.175	79.885	79.885	5
2026-06-19 12:10	79.895	79.935	79.850	79.920	5
2026-06-19 12:15	79.915	80.060	79.850	80.010	5
2026-06-19 12:20	80.015	80.115	79.900	80.070	5
2026-06-19 12:25	80.065	80.125	79.963	80.075	5
2026-06-19 12:30	80.070	80.250	80.060	80.200	5
2026-06-19 12:35	80.185	80.525	80.085	80.385	5
2026-06-19 12:40	80.375	80.385	80.123	80.185	5
2026-06-19 12:45	80.190	80.330	80.143	80.260	5
2026-06-19 12:50	80.265	80.270	79.163	79.240	5
2026-06-19 12:55	79.255	79.375	79.010	79.080	5
2026-06-19 13:00	79.100	79.110	78.813	78.930	5
2026-06-19 13:05	78.905	79.275	78.770	78.870	5
2026-06-19 13:10	78.880	79.310	78.880	79.290	5
2026-06-19 13:15	79.280	79.570	79.133	79.380	5
2026-06-19 13:20	79.370	79.530	79.313	79.445	5
2026-06-19 13:25	79.440	79.510	79.305	79.420	5
2026-06-19 13:30	79.415	79.710	79.407	79.670	5
2026-06-19 13:35	79.675	79.675	79.445	79.605	5
2026-06-19 13:40	79.610	79.630	79.368	79.620	5
2026-06-19 13:45	79.600	79.730	79.565	79.695	5
2026-06-19 13:50	79.690	79.765	79.585	79.615	5
2026-06-19 13:55	79.620	79.770	79.368	79.770	5
2026-06-19 14:00	79.760	79.960	79.740	79.825	5
2026-06-19 14:05	79.820	79.900	79.710	79.790	5
2026-06-19 14:10	79.800	79.910	79.695	79.830	5
2026-06-19 14:15	79.835	79.897	79.675	79.695	5
2026-06-19 14:20	79.705	79.925	79.705	79.925	5
2026-06-19 14:25	79.920	79.930	79.780	79.860	5
2026-06-19 14:30	79.855	79.940	79.820	79.910	5
2026-06-19 14:35	79.905	79.990	79.840	79.860	5
2026-06-19 14:40	79.870	79.930	79.733	79.885	5
2026-06-19 14:45	79.880	80.095	79.798	80.080	5
2026-06-19 14:50	80.090	80.095	79.940	80.020	5
2026-06-19 14:55	80.010	80.095	79.953	80.055	5
2026-06-19 15:00	80.050	80.145	79.988	80.120	5
2026-06-19 15:05	80.130	80.140	79.995	80.135	5
2026-06-19 15:10	80.130	80.235	80.055	80.190	5
2026-06-19 15:15	80.180	80.345	80.138	80.210	5
2026-06-19 15:20	80.215	80.420	80.185	80.220	5
2026-06-19 15:25	80.235	80.390	80.155	80.345	5
2026-06-19 15:30	80.365	80.555	80.288	80.525	5
2026-06-19 15:35	80.535	80.600	80.418	80.510	5
2026-06-19 15:40	80.515	80.565	80.390	80.400	5
2026-06-19 15:45	80.390	80.390	80.240	80.340	5
2026-06-19 15:50	80.325	80.560	80.310	80.555	5
2026-06-19 15:55	80.550	80.580	80.450	80.470	5
2026-06-19 16:00	80.475	80.615	80.465	80.600	5
2026-06-19 16:05	80.610	80.670	80.530	80.645	5
2026-06-19 16:10	80.635	80.675	80.585	80.635	5
2026-06-19 16:15	80.645	80.770	80.635	80.720	5
2026-06-19 16:20	80.678	80.700	80.383	80.500	5
2026-06-19 16:25	80.505	80.520	80.420	80.440	5
2026-06-19 16:30	80.435	80.575	80.420	80.575	5
2026-06-19 16:35	80.550	80.735	80.533	80.595	5
2026-06-19 16:40	80.585	80.760	80.580	80.760	5
2026-06-19 16:45	80.770	80.785	80.650	80.680	5
2026-06-19 16:50	80.685	80.715	80.610	80.635	5
2026-06-19 16:55	80.620	80.665	80.463	80.560	5
2026-06-19 17:00	80.570	80.577	80.450	80.497	5
2026-06-19 17:05	80.517	80.517	80.407	80.467	5
2026-06-19 17:10	80.467	80.580	80.257	80.297	5
2026-06-19 17:15	80.307	80.377	80.230	80.265	5
2026-06-19 17:20	80.275	80.335	80.113	80.270	5
2026-06-19 17:25	80.277	80.340	80.227	80.340	4
2026-06-22 00:00	81.560	81.615	81.360	81.605	5
2026-06-22 00:05	81.615	81.675	81.485	81.605	5
2026-06-22 00:10	81.595	81.627	81.405	81.405	5
2026-06-22 00:15	81.410	81.450	81.315	81.315	5
2026-06-22 00:20	81.310	81.405	81.230	81.245	5
2026-06-22 00:25	81.250	81.267	80.965	81.075	5
2026-06-22 00:30	81.080	81.190	81.035	81.170	5
2026-06-22 00:35	81.165	81.280	81.095	81.225	5
2026-06-22 00:40	81.235	81.265	81.165	81.170	5
2026-06-22 00:45	81.165	81.295	81.028	81.295	5
2026-06-22 00:50	81.310	81.470	81.305	81.470	5
2026-06-22 00:55	81.490	81.500	80.757	80.850	5
2026-06-22 01:00	80.840	80.840	80.105	80.187	5
2026-06-22 01:05	80.197	80.197	79.965	80.065	5
2026-06-22 01:10	80.057	80.205	79.910	80.205	5
2026-06-22 01:15	80.210	80.277	79.915	80.055	5
2026-06-22 01:20	80.060	80.100	79.515	79.685	5
2026-06-22 01:25	79.680	79.710	79.375	79.455	5
2026-06-22 01:30	79.470	79.530	79.357	79.475	5
2026-06-22 01:35	79.480	79.515	79.257	79.425	5
2026-06-22 01:40	79.437	79.490	79.285	79.305	5
2026-06-22 01:45	79.297	79.435	79.220	79.390	5
2026-06-22 01:50	79.395	79.430	79.315	79.375	5
2026-06-22 01:55	79.370	79.475	79.350	79.470	5
2026-06-22 02:00	79.475	79.475	79.235	79.310	5
2026-06-22 02:05	79.315	79.345	79.115	79.250	5
2026-06-22 02:10	79.240	79.295	79.145	79.275	5
2026-06-22 02:15	79.265	79.305	79.250	79.270	5
2026-06-22 02:20	79.275	79.330	79.160	79.180	5
2026-06-22 02:25	79.185	79.250	79.180	79.180	5
2026-06-22 02:30	79.165	79.165	79.008	79.070	5
2026-06-22 02:35	79.075	79.110	78.910	78.930	5
2026-06-22 02:40	78.915	78.965	78.790	78.810	5
2026-06-22 02:45	78.805	78.975	78.680	78.930	5
2026-06-22 02:50	78.925	79.020	78.905	78.990	5
2026-06-22 02:55	78.975	79.060	78.970	79.040	5
2026-06-22 03:00	79.045	79.385	78.963	79.310	5
2026-06-22 03:05	79.315	79.380	79.265	79.380	5
2026-06-22 03:10	79.385	79.415	79.325	79.405	5
2026-06-22 03:15	79.415	79.445	79.325	79.390	5
2026-06-22 03:20	79.375	79.470	79.365	79.420	5
2026-06-22 03:25	79.405	79.480	79.375	79.475	5
2026-06-22 03:30	79.470	79.540	79.435	79.510	5
2026-06-22 03:35	79.515	79.515	79.470	79.495	5
2026-06-22 03:40	79.490	79.500	79.400	79.415	5
2026-06-22 03:45	79.405	79.405	79.255	79.265	5
2026-06-22 03:50	79.275	79.375	79.267	79.345	5
2026-06-22 03:55	79.355	79.425	79.335	79.345	5
2026-06-22 04:00	79.335	79.355	79.255	79.265	5
2026-06-22 04:05	79.255	79.315	79.235	79.245	5
2026-06-22 04:10	79.235	79.310	79.210	79.280	5
2026-06-22 04:15	79.305	79.385	79.300	79.370	5
2026-06-22 04:20	79.365	79.405	79.305	79.305	5
2026-06-22 04:25	79.310	79.330	79.270	79.290	5
2026-06-22 04:30	79.275	79.290	79.230	79.230	5
2026-06-22 04:35	79.220	79.250	79.168	79.190	5
2026-06-22 04:40	79.170	79.220	79.150	79.180	5
2026-06-22 04:45	79.175	79.270	79.138	79.240	5
2026-06-22 04:50	79.245	79.250	79.138	79.175	5
2026-06-22 04:55	79.185	79.215	79.100	79.105	5
2026-06-22 05:00	79.100	79.100	79.000	79.020	5
2026-06-22 05:05	79.025	79.105	79.000	79.050	5
2026-06-22 05:10	79.055	79.065	79.005	79.030	5
2026-06-22 05:15	79.020	79.025	78.945	78.990	5
2026-06-22 05:20	78.980	79.025	78.920	78.975	5
2026-06-22 05:25	78.965	78.985	78.805	78.810	5
2026-06-22 05:30	78.797	78.900	78.755	78.895	5
2026-06-22 05:35	78.885	79.060	78.805	79.040	5
2026-06-22 05:40	79.015	79.150	79.015	79.120	5
2026-06-22 05:45	79.115	79.165	78.920	78.980	5
2026-06-22 05:50	78.975	79.040	78.875	78.945	5
2026-06-22 05:55	78.950	79.025	78.895	79.010	5
2026-06-22 06:00	78.983	79.090	78.840	78.960	5
2026-06-22 06:05	78.970	78.985	78.840	78.905	5
2026-06-22 06:10	78.900	78.980	78.860	78.895	5
2026-06-22 06:15	78.905	78.980	78.807	78.935	5
2026-06-22 06:20	78.945	78.945	78.710	78.730	5
2026-06-22 06:25	78.725	78.850	78.615	78.845	5
2026-06-22 06:30	78.835	79.020	78.775	78.785	5
2026-06-22 06:35	78.775	78.975	78.775	78.975	5
2026-06-22 06:40	79.000	79.130	78.975	79.060	5
2026-06-22 06:45	79.055	79.190	79.010	79.110	5
2026-06-22 06:50	79.105	79.170	78.970	79.105	5
2026-06-22 06:55	79.110	79.175	79.015	79.050	5
2026-06-22 07:00	79.008	79.130	78.960	79.095	5
2026-06-22 07:05	79.100	79.225	79.005	79.135	5
2026-06-22 07:10	79.125	79.325	79.110	79.300	5
2026-06-22 07:15	79.295	79.325	79.190	79.220	5
2026-06-22 07:20	79.215	79.290	79.210	79.285	5
2026-06-22 07:25	79.280	79.325	79.170	79.260	5
2026-06-22 07:30	79.280	79.400	79.230	79.230	5
2026-06-22 07:35	79.225	79.465	79.220	79.460	5
2026-06-22 07:40	79.465	79.735	79.420	79.705	5
2026-06-22 07:45	79.700	79.900	79.608	79.640	5
2026-06-22 07:50	79.635	79.840	79.595	79.795	5
2026-06-22 07:55	79.790	79.820	79.535	79.550	5
2026-06-22 08:00	79.540	79.730	79.478	79.715	5
2026-06-22 08:05	79.710	79.970	79.645	79.900	5
2026-06-22 08:10	79.910	80.110	79.825	79.940	5
2026-06-22 08:15	79.950	80.070	79.870	80.040	5
2026-06-22 08:20	80.050	80.050	79.615	79.790	5
2026-06-22 08:25	79.780	79.830	79.143	79.240	5
2026-06-22 08:30	79.235	79.580	79.200	79.330	5
2026-06-22 08:35	79.335	79.355	79.053	79.310	5
2026-06-22 08:40	79.305	79.310	79.103	79.135	5
2026-06-22 08:45	79.130	79.255	79.115	79.130	5
2026-06-22 08:50	79.120	79.230	79.078	79.150	5
2026-06-22 08:55	79.145	79.170	78.990	79.100	5
2026-06-22 09:00	79.058	79.275	79.020	79.090	5
2026-06-22 09:05	79.095	79.115	78.950	79.060	5
2026-06-22 09:10	79.070	79.355	79.070	79.245	5
2026-06-22 09:15	79.240	79.325	79.175	79.215	5
2026-06-22 09:20	79.225	79.225	79.060	79.130	5
2026-06-22 09:25	79.150	79.290	79.130	79.215	5
2026-06-22 09:30	79.210	79.390	79.075	79.180	5
2026-06-22 09:35	79.190	79.290	79.115	79.115	5
2026-06-22 09:40	79.120	79.230	79.010	79.225	5
2026-06-22 09:45	79.215	79.250	79.060	79.095	5
2026-06-22 09:50	79.135	79.170	78.983	79.160	5
2026-06-22 09:55	79.155	79.275	79.145	79.275	5
2026-06-22 10:00	79.255	79.275	79.150	79.260	5
2026-06-22 10:05	79.265	79.340	79.180	79.250	5
2026-06-22 10:10	79.245	79.275	79.115	79.175	5
2026-06-22 10:15	79.170	79.290	79.110	79.285	5
2026-06-22 10:20	79.280	79.300	79.153	79.250	5
2026-06-22 10:25	79.270	79.335	79.210	79.315	5
2026-06-22 10:30	79.320	79.355	79.198	79.330	5
2026-06-22 10:35	79.340	79.395	79.300	79.395	5
2026-06-22 10:40	79.380	79.395	79.168	79.280	5
2026-06-22 10:45	79.275	79.290	79.180	79.265	5
2026-06-22 10:50	79.270	79.275	79.150	79.180	5
2026-06-22 10:55	79.175	79.230	79.098	79.220	5
2026-06-22 11:00	79.225	79.320	78.893	78.970	5
2026-06-22 11:05	78.955	78.955	78.398	78.850	5
2026-06-22 11:10	78.855	79.275	78.855	79.125	5
2026-06-22 11:15	79.130	79.295	79.083	79.280	5
2026-06-22 11:20	79.300	79.300	79.150	79.150	5
2026-06-22 11:25	79.155	79.275	79.053	79.265	5
2026-06-22 11:30	79.270	79.275	78.980	79.050	5
2026-06-22 11:35	79.040	79.075	78.950	78.965	5
2026-06-22 11:40	78.970	79.075	78.915	79.000	5
2026-06-22 11:45	79.010	79.070	78.895	78.940	5
2026-06-22 11:50	78.950	79.105	78.945	79.060	5
2026-06-22 11:55	79.070	79.070	78.845	78.925	5
2026-06-22 12:00	78.888	79.045	78.880	79.040	5
2026-06-22 12:05	79.045	79.045	78.868	78.970	5
2026-06-22 12:10	78.975	78.990	78.790	78.835	5
2026-06-22 12:15	78.840	78.850	78.673	78.720	5
2026-06-22 12:20	78.710	78.740	78.415	78.450	5
2026-06-22 12:25	78.430	78.610	78.430	78.530	5
2026-06-22 12:30	78.525	78.580	78.413	78.510	5
2026-06-22 12:35	78.520	78.550	78.415	78.475	5
2026-06-22 12:40	78.470	78.475	78.320	78.440	5
2026-06-22 12:45	78.430	78.740	78.420	78.720	5
2026-06-22 12:50	78.710	78.740	78.565	78.590	5
2026-06-22 12:55	78.610	78.610	78.490	78.535	5
2026-06-22 13:00	78.518	78.890	78.458	78.850	5
2026-06-22 13:05	78.845	79.150	78.780	78.945	5
2026-06-22 13:10	78.950	79.040	78.460	78.480	5
2026-06-22 13:15	78.490	78.650	78.403	78.605	5
2026-06-22 13:20	78.590	78.620	78.323	78.440	5
2026-06-22 13:25	78.408	78.445	78.178	78.280	5
2026-06-22 13:30	78.270	78.340	78.145	78.240	5
2026-06-22 13:35	78.245	78.270	77.875	77.880	5
2026-06-22 13:40	77.885	78.060	77.810	77.890	5
2026-06-22 13:45	77.905	77.915	77.575	77.640	5
2026-06-22 13:50	77.630	77.880	77.533	77.810	5
2026-06-22 13:55	77.815	77.895	77.760	77.810	5
2026-06-22 14:00	77.820	78.000	77.730	77.920	5
2026-06-22 14:05	77.930	77.930	77.588	77.670	5
2026-06-22 14:10	77.675	77.835	77.660	77.670	5
2026-06-22 14:15	77.665	77.880	77.528	77.870	5
2026-06-22 14:20	77.880	77.900	77.755	77.850	5
2026-06-22 14:25	77.845	78.020	77.723	77.920	5
2026-06-22 14:30	77.925	78.250	77.890	78.250	5
2026-06-22 14:35	78.240	78.320	78.028	78.120	5
2026-06-22 14:40	78.130	78.305	78.118	78.280	5
2026-06-22 14:45	78.275	78.290	78.088	78.200	5
2026-06-22 14:50	78.190	78.190	77.905	77.940	5
2026-06-22 14:55	77.960	78.110	77.903	78.050	5
2026-06-22 15:00	78.060	78.080	77.805	77.840	5
2026-06-22 15:05	77.850	77.895	77.735	77.770	5
2026-06-22 15:10	77.755	77.755	77.365	77.370	5
2026-06-22 15:15	77.380	77.485	77.300	77.310	5
2026-06-22 15:20	77.305	77.370	77.238	77.290	5
2026-06-22 15:25	77.295	77.647	77.238	77.630	5
2026-06-22 15:30	77.620	77.707	77.473	77.590	5
2026-06-22 15:35	77.595	77.640	77.373	77.445	5
2026-06-22 15:40	77.440	77.445	77.215	77.320	5
2026-06-22 15:45	77.315	77.715	77.300	77.700	5
2026-06-22 15:50	77.705	77.760	77.390	77.400	5
2026-06-22 15:55	77.410	77.440	77.305	77.440	5
2026-06-22 16:00	77.435	77.575	77.415	77.570	5
2026-06-22 16:05	77.605	77.710	77.600	77.695	5
2026-06-22 16:10	77.690	77.720	77.585	77.605	5
2026-06-22 16:15	77.600	77.740	77.600	77.685	5
2026-06-22 16:20	77.680	77.775	77.635	77.665	5
2026-06-22 16:25	77.670	77.760	77.640	77.760	5
2026-06-22 16:30	77.765	77.865	77.755	77.815	5
2026-06-22 16:35	77.820	77.925	77.800	77.905	5
2026-06-22 16:40	77.915	77.960	77.805	77.855	5
2026-06-22 16:45	77.850	77.915	77.830	77.860	5
2026-06-22 16:50	77.870	77.920	77.788	77.865	5
2026-06-22 16:55	77.855	77.875	77.680	77.705	5
2026-06-22 17:00	77.710	77.800	77.678	77.770	5
2026-06-22 17:05	77.775	77.860	77.690	77.710	5
2026-06-22 17:10	77.700	77.755	77.655	77.675	5
2026-06-22 17:15	77.680	77.750	77.640	77.705	5
2026-06-22 17:20	77.710	77.715	77.630	77.640	5
2026-06-22 17:25	77.635	77.690	77.590	77.660	5
2026-06-22 17:30	77.655	77.790	77.620	77.780	5
2026-06-22 17:35	77.775	77.845	77.660	77.670	5
2026-06-22 17:40	77.665	77.670	77.425	77.440	5
2026-06-22 17:45	77.435	77.505	77.415	77.415	5
2026-06-22 17:50	77.425	77.500	77.380	77.400	5
2026-06-22 17:55	77.390	77.440	77.350	77.390	5
2026-06-22 18:00	77.400	77.630	77.390	77.535	5
2026-06-22 18:05	77.545	77.735	77.495	77.690	5
2026-06-22 18:10	77.685	77.745	77.643	77.690	5
2026-06-22 18:15	77.680	77.775	77.615	77.775	5
2026-06-22 18:20	77.785	77.880	77.630	77.720	5
2026-06-22 18:25	77.715	77.960	77.630	77.915	5
2026-06-22 18:30	77.920	77.920	77.703	77.805	5
2026-06-22 18:35	77.810	77.815	77.705	77.710	5
2026-06-22 18:40	77.715	77.815	77.700	77.775	5
2026-06-22 18:45	77.770	77.850	77.755	77.800	5
2026-06-22 18:50	77.805	77.900	77.785	77.890	5
2026-06-22 18:55	77.895	78.040	77.890	78.000	5
2026-06-22 19:00	77.990	78.060	77.985	78.060	5
2026-06-22 19:05	78.055	78.135	78.050	78.110	5
2026-06-22 19:10	78.115	78.160	78.060	78.090	5
2026-06-22 19:15	78.095	78.110	78.060	78.110	5
2026-06-22 19:20	78.115	78.190	78.090	78.160	5
2026-06-22 19:25	78.170	78.195	78.140	78.175	5
2026-06-22 19:30	78.180	78.320	78.143	78.180	5
2026-06-22 19:35	78.175	78.223	78.138	78.220	5
2026-06-22 19:40	78.215	78.290	78.215	78.265	5
2026-06-22 19:45	78.260	78.265	78.230	78.260	5
2026-06-22 19:50	78.240	78.320	78.240	78.280	5
2026-06-22 19:55	78.275	78.320	78.220	78.230	5
2026-06-22 20:00	78.220	78.250	78.137	78.167	5
2026-06-22 20:05	78.177	78.177	78.112	78.172	5
2026-06-22 20:10	78.177	78.182	78.147	78.167	5
2026-06-22 20:15	78.172	78.182	78.038	78.097	5
2026-06-22 20:20	78.102	78.147	77.897	77.967	5
2026-06-22 20:25	77.972	78.027	77.917	77.917	5
2026-06-22 20:30	77.902	77.932	77.887	77.907	5
2026-06-22 20:35	77.912	77.977	77.912	77.977	5
2026-06-22 20:40	77.953	77.957	77.873	77.922	5
2026-06-22 20:45	77.932	77.987	77.922	77.942	5
2026-06-22 20:50	77.918	77.992	77.882	77.982	5
2026-06-22 20:55	77.987	77.987	77.917	77.927	5
2026-06-23 00:00	78.117	78.167	78.077	78.150	5
2026-06-23 00:05	78.155	78.157	77.995	78.005	5
2026-06-23 00:10	77.995	78.190	77.995	78.105	5
2026-06-23 00:15	78.097	78.097	78.027	78.065	5
2026-06-23 00:20	78.067	78.145	78.065	78.115	5
2026-06-23 00:25	78.110	78.145	78.040	78.055	5
2026-06-23 00:30	78.075	78.087	78.025	78.055	5
2026-06-23 00:35	78.047	78.085	78.005	78.020	5
2026-06-23 00:40	77.973	78.085	77.973	77.977	5
2026-06-23 00:45	77.975	78.015	77.945	77.995	5
2026-06-23 00:50	77.980	78.035	77.890	78.030	5
2026-06-23 00:55	78.015	78.140	78.015	78.115	5
2026-06-23 01:00	78.097	78.165	77.730	77.730	5
2026-06-23 01:05	77.717	77.785	77.670	77.777	5
2026-06-23 01:10	77.765	77.970	77.765	77.930	5
2026-06-23 01:15	77.945	78.035	77.875	77.995	5
2026-06-23 01:20	78.005	78.165	77.975	78.055	5
2026-06-23 01:25	78.050	78.130	78.007	78.100	5
2026-06-23 01:30	78.105	78.145	78.055	78.145	5
2026-06-23 01:35	78.140	78.165	78.115	78.130	5
2026-06-23 01:40	78.145	78.145	78.030	78.035	5
2026-06-23 01:45	78.030	78.037	77.915	77.925	5
2026-06-23 01:50	77.920	77.975	77.840	77.840	5
2026-06-23 01:55	77.850	77.875	77.805	77.830	5
2026-06-23 02:00	77.783	77.835	77.670	77.695	5
2026-06-23 02:05	77.687	77.950	77.648	77.945	5
2026-06-23 02:10	77.940	77.980	77.910	77.910	5
2026-06-23 02:15	77.895	77.985	77.895	77.945	5
2026-06-23 02:20	77.940	77.960	77.890	77.930	5
2026-06-23 02:25	77.920	77.975	77.920	77.965	5
2026-06-23 02:30	77.955	78.200	77.915	78.190	5
2026-06-23 02:35	78.180	78.210	78.075	78.080	5
2026-06-23 02:40	78.075	78.115	78.025	78.110	5
2026-06-23 02:45	78.100	78.170	78.045	78.065	5
2026-06-23 02:50	78.055	78.065	77.880	77.980	5
2026-06-23 02:55	77.985	78.010	77.790	77.790	5
2026-06-23 03:00	77.775	77.815	77.605	77.655	5
2026-06-23 03:05	77.660	77.770	77.660	77.685	5
2026-06-23 03:10	77.680	77.690	77.595	77.675	5
2026-06-23 03:15	77.665	77.690	77.605	77.635	5
2026-06-23 03:20	77.640	77.695	77.595	77.675	5
2026-06-23 03:25	77.680	77.720	77.470	77.495	5
2026-06-23 03:30	77.517	77.550	77.450	77.505	5
2026-06-23 03:35	77.515	77.630	77.510	77.630	5
2026-06-23 03:40	77.645	77.650	77.525	77.525	5
2026-06-23 03:45	77.535	77.545	77.520	77.530	5
2026-06-23 03:50	77.537	77.537	77.495	77.525	5
2026-06-23 03:55	77.505	77.530	77.495	77.510	5
2026-06-23 04:00	77.520	77.555	77.490	77.508	4
2026-06-23 04:05	77.560	77.580	77.518	77.580	5
2026-06-23 04:10	77.585	77.605	77.548	77.605	5
2026-06-23 04:15	77.600	77.615	77.490	77.500	5
2026-06-23 04:20	77.495	77.520	77.470	77.515	5
2026-06-23 04:25	77.510	77.530	77.468	77.485	5
2026-06-23 04:30	77.480	77.600	77.450	77.575	5
2026-06-23 04:35	77.570	77.650	77.500	77.590	5
2026-06-23 04:40	77.585	77.610	77.555	77.610	5
2026-06-23 04:45	77.600	77.625	77.545	77.545	5
2026-06-23 04:50	77.550	77.610	77.460	77.605	5
2026-06-23 04:55	77.610	77.635	77.595	77.605	5
2026-06-23 05:00	77.600	77.640	77.555	77.575	5
2026-06-23 05:05	77.580	77.595	77.555	77.555	5
2026-06-23 05:10	77.550	77.555	77.510	77.525	5
2026-06-23 05:15	77.530	77.600	77.475	77.475	5
2026-06-23 05:20	77.485	77.490	77.420	77.420	5
2026-06-23 05:25	77.430	77.465	77.373	77.410	5
2026-06-23 05:30	77.405	77.425	77.270	77.285	5
2026-06-23 05:35	77.275	77.300	77.190	77.240	5
2026-06-23 05:40	77.245	77.270	77.150	77.170	5
2026-06-23 05:45	77.165	77.205	76.965	77.020	5
2026-06-23 05:50	77.025	77.040	76.895	76.950	5
2026-06-23 05:55	76.960	76.975	76.900	76.920	5
2026-06-23 06:00	76.930	76.965	76.798	76.855	5
2026-06-23 06:05	76.860	76.875	76.688	76.830	5
2026-06-23 06:10	76.825	77.010	76.735	76.950	5
2026-06-23 06:15	76.935	76.940	76.693	76.800	5
2026-06-23 06:20	76.805	76.855	76.715	76.715	5
2026-06-23 06:25	76.730	76.775	76.688	76.725	5
2026-06-23 06:30	76.730	76.775	76.620	76.640	5
2026-06-23 06:35	76.630	76.680	76.523	76.540	5
2026-06-23 06:40	76.535	76.690	76.408	76.625	5
2026-06-23 06:45	76.620	76.970	76.573	76.970	5
2026-06-23 06:50	76.955	77.035	76.798	76.835	5
2026-06-23 06:55	76.830	76.930	76.723	76.815	5
2026-06-23 07:00	76.845	76.845	76.680	76.685	5
2026-06-23 07:05	76.680	76.745	76.655	76.705	5
2026-06-23 07:10	76.710	76.725	76.545	76.725	5
2026-06-23 07:15	76.720	76.805	76.630	76.720	5
2026-06-23 07:20	76.730	76.730	76.538	76.590	5
2026-06-23 07:25	76.580	76.665	76.415	76.435	5
2026-06-23 07:30	76.418	76.730	76.378	76.690	5
2026-06-23 07:35	76.700	76.880	76.700	76.800	5
2026-06-23 07:40	76.805	77.050	76.770	76.960	5
2026-06-23 07:45	76.913	77.025	76.880	76.970	5
2026-06-23 07:50	76.965	77.025	76.910	76.920	5
2026-06-23 07:55	76.915	77.045	76.848	77.010	5
2026-06-23 08:00	76.968	77.385	76.968	77.355	5
2026-06-23 08:05	77.365	77.390	77.200	77.345	5
2026-06-23 08:10	77.355	77.455	77.303	77.330	5
2026-06-23 08:15	77.335	77.425	77.168	77.420	5
2026-06-23 08:20	77.425	77.550	77.350	77.510	5
2026-06-23 08:25	77.490	77.555	77.325	77.525	5
2026-06-23 08:30	77.520	77.720	77.383	77.680	5
2026-06-23 08:35	77.675	77.680	77.473	77.605	5
2026-06-23 08:40	77.620	77.620	77.408	77.420	5
2026-06-23 08:45	77.430	77.580	77.405	77.415	5
2026-06-23 08:50	77.420	77.530	77.370	77.370	5
2026-06-23 08:55	77.375	77.470	77.333	77.380	5
2026-06-23 09:00	77.338	77.430	77.195	77.365	5
2026-06-23 09:05	77.375	77.510	77.290	77.480	5
2026-06-23 09:10	77.485	77.515	77.278	77.350	5
2026-06-23 09:15	77.340	77.540	77.340	77.495	5
2026-06-23 09:20	77.480	77.560	77.405	77.410	5
2026-06-23 09:25	77.430	77.440	77.110	77.110	5
2026-06-23 09:30	77.100	77.320	77.070	77.228	5
2026-06-23 09:35	77.265	77.375	77.228	77.320	5
2026-06-23 09:40	77.310	77.415	77.310	77.370	5
2026-06-23 09:45	77.375	77.470	77.270	77.430	5
2026-06-23 09:50	77.425	77.440	77.275	77.425	5
2026-06-23 09:55	77.420	77.510	77.390	77.430	5
2026-06-23 10:00	77.393	77.510	77.305	77.330	5
2026-06-23 10:05	77.315	77.420	77.295	77.420	5
2026-06-23 10:10	77.425	77.520	77.420	77.475	5
2026-06-23 10:15	77.465	77.600	77.403	77.545	5
2026-06-23 10:20	77.560	77.690	77.518	77.655	5
2026-06-23 10:25	77.650	77.700	77.585	77.680	5
2026-06-23 10:30	77.685	77.725	77.575	77.650	5
2026-06-23 10:35	77.655	77.950	77.625	77.880	5
2026-06-23 10:40	77.885	77.900	77.705	77.780	5
2026-06-23 10:45	77.790	77.795	77.628	77.660	5
2026-06-23 10:50	77.665	77.915	77.665	77.770	5
2026-06-23 10:55	77.765	77.880	77.760	77.865	5
2026-06-23 11:00	77.880	77.885	77.780	77.850	5
2026-06-23 11:05	77.855	77.970	77.795	77.910	5
2026-06-23 11:10	77.915	77.915	77.785	77.785	5
2026-06-23 11:15	77.770	77.912	77.705	77.820	5
2026-06-23 11:20	77.825	77.910	77.558	77.845	5
2026-06-23 11:25	77.890	77.930	77.765	77.765	5
2026-06-23 11:30	77.770	78.030	77.770	77.940	5
2026-06-23 11:35	77.935	78.005	77.840	77.890	5
2026-06-23 11:40	77.895	77.960	77.830	77.930	5
2026-06-23 11:45	77.925	77.970	77.703	77.760	5
2026-06-23 11:50	77.765	77.820	77.590	77.595	5
2026-06-23 11:55	77.605	77.780	77.585	77.780	5
2026-06-23 12:00	77.795	77.820	77.645	77.670	5
2026-06-23 12:05	77.665	77.665	77.510	77.515	5
2026-06-23 12:10	77.510	77.545	77.390	77.450	5
2026-06-23 12:15	77.460	77.510	77.320	77.380	5
2026-06-23 12:20	77.370	77.415	77.228	77.290	5
2026-06-23 12:25	77.295	77.360	77.185	77.270	5
2026-06-23 12:30	77.265	77.290	77.200	77.240	5
2026-06-23 12:35	77.198	77.275	77.175	77.225	5
2026-06-23 12:40	77.220	77.375	77.210	77.365	5
2026-06-23 12:45	77.360	77.540	77.340	77.510	5
2026-06-23 12:50	77.505	77.575	77.460	77.490	5
2026-06-23 12:55	77.480	77.560	77.450	77.550	5
2026-06-23 13:00	77.508	77.650	77.468	77.500	5
2026-06-23 13:05	77.510	77.625	77.450	77.625	5
2026-06-23 13:10	77.610	77.665	77.450	77.460	5
2026-06-23 13:15	77.465	77.490	77.300	77.355	5
2026-06-23 13:20	77.360	77.450	77.285	77.285	5
2026-06-23 13:25	77.243	77.285	76.980	77.045	5
2026-06-23 13:30	76.998	77.110	76.823	77.010	5
2026-06-23 13:35	77.020	77.030	76.818	76.975	5
2026-06-23 13:40	76.970	77.170	76.893	77.120	5
2026-06-23 13:45	77.115	77.220	76.983	77.030	5
2026-06-23 13:50	77.025	77.185	76.973	77.090	5
2026-06-23 13:55	77.120	77.135	76.873	76.930	5
2026-06-23 14:00	76.925	76.960	76.658	76.700	5
2026-06-23 14:05	76.695	76.800	76.643	76.655	5
2026-06-23 14:10	76.650	76.750	76.590	76.725	5
2026-06-23 14:15	76.730	76.740	76.553	76.705	5
2026-06-23 14:20	76.700	76.725	76.543	76.570	5
2026-06-23 14:25	76.565	76.580	76.460	76.525	5
2026-06-23 14:30	76.520	76.675	76.520	76.585	5
2026-06-23 14:35	76.595	77.130	76.595	77.090	5
2026-06-23 14:40	77.080	77.200	76.950	77.155	5
2026-06-23 14:45	77.150	77.215	77.020	77.125	5
2026-06-23 14:50	77.115	77.305	76.890	76.900	5
2026-06-23 14:55	76.920	77.070	76.738	77.060	5
2026-06-23 15:00	77.050	77.250	77.008	77.245	5
2026-06-23 15:05	77.240	77.385	77.175	77.180	5
2026-06-23 15:10	77.170	77.195	77.050	77.105	5
2026-06-23 15:15	77.110	77.280	77.100	77.175	5
2026-06-23 15:20	77.170	77.210	76.960	76.970	5
2026-06-23 15:25	76.960	77.110	76.895	76.975	5
2026-06-23 15:30	76.950	76.965	76.630	76.670	5
2026-06-23 15:35	76.675	76.820	76.538	76.715	5
2026-06-23 15:40	76.720	76.940	76.680	76.935	5
2026-06-23 15:45	76.930	77.085	76.750	76.760	5
2026-06-23 15:50	76.770	76.910	76.730	76.835	5
2026-06-23 15:55	76.840	76.935	76.840	76.875	5
2026-06-23 16:00	76.880	77.020	76.880	77.000	5
2026-06-23 16:05	77.005	77.050	76.950	76.990	5
2026-06-23 16:10	76.980	77.055	76.883	76.900	5
2026-06-23 16:15	76.905	77.130	76.905	77.055	5
2026-06-23 16:20	77.050	77.110	76.970	77.000	5
2026-06-23 16:25	76.990	77.030	76.950	76.960	5
2026-06-23 16:30	76.970	76.970	76.825	76.860	5
2026-06-23 16:35	76.840	76.840	76.760	76.780	5
2026-06-23 16:40	76.775	76.810	76.725	76.810	5
2026-06-23 16:45	76.768	76.950	76.768	76.850	5
2026-06-23 16:50	76.860	76.860	76.700	76.730	5
2026-06-23 16:55	76.765	76.855	76.760	76.840	5
2026-06-23 17:00	76.848	77.150	76.848	77.080	5
2026-06-23 17:05	77.090	77.160	76.988	77.060	5
2026-06-23 17:10	77.070	77.170	77.005	77.105	5
2026-06-23 17:15	77.100	77.165	77.010	77.130	5
2026-06-23 17:20	77.105	77.125	77.045	77.060	5
2026-06-23 17:25	77.070	77.185	77.070	77.125	5
2026-06-23 17:30	77.135	77.195	76.935	76.950	5
2026-06-23 17:35	76.960	77.100	76.948	77.015	5
2026-06-23 17:40	77.010	77.015	76.920	76.935	5
2026-06-23 17:45	76.930	77.010	76.888	76.995	5
2026-06-23 17:50	77.000	77.125	76.990	77.010	5
2026-06-23 17:55	77.000	77.030	76.840	76.900	5
2026-06-23 18:00	76.920	77.305	76.905	77.170	5
2026-06-23 18:05	77.160	77.300	77.135	77.220	5
2026-06-23 18:10	77.215	77.250	77.055	77.110	5
2026-06-23 18:15	77.115	77.125	77.000	77.050	5
2026-06-23 18:20	77.045	77.090	76.945	76.975	5
2026-06-23 18:25	76.980	77.150	76.975	77.083	5
2026-06-23 18:30	77.140	77.210	77.078	77.095	5
2026-06-23 18:35	77.100	77.115	77.050	77.075	5
2026-06-23 18:40	77.080	77.115	77.040	77.060	5
2026-06-23 18:45	77.065	77.155	77.050	77.135	5
2026-06-23 18:50	77.130	77.185	77.130	77.135	5
2026-06-23 18:55	77.140	77.205	77.125	77.170	5
2026-06-23 19:00	77.175	77.175	77.050	77.065	5
2026-06-23 19:05	77.070	77.120	77.060	77.065	5
2026-06-23 19:10	77.080	77.085	77.033	77.040	5
2026-06-23 19:15	77.035	77.110	77.035	77.110	5
2026-06-23 19:20	77.115	77.175	77.075	77.175	5
2026-06-23 19:25	77.165	77.210	77.133	77.160	5
2026-06-23 19:30	77.165	77.180	77.110	77.145	5
2026-06-23 19:35	77.150	77.195	77.140	77.185	5
2026-06-23 19:40	77.180	77.185	77.090	77.125	5
2026-06-23 19:45	77.115	77.140	77.090	77.105	5
2026-06-23 19:50	77.100	77.110	77.045	77.060	5
2026-06-23 19:55	77.070	77.085	77.010	77.070	5
2026-06-23 20:00	77.018	77.102	77.018	77.072	5
2026-06-23 20:05	77.062	77.202	77.062	77.197	5
2026-06-23 20:10	77.207	77.237	77.057	77.097	5
2026-06-23 20:15	77.092	77.102	77.082	77.087	4
2026-06-23 20:20	77.107	77.142	77.092	77.102	5
2026-06-23 20:25	77.083	77.092	77.008	77.037	5
2026-06-23 20:30	77.017	77.062	76.987	77.002	5
2026-06-23 20:35	77.007	77.062	77.002	77.012	5
2026-06-23 20:40	76.992	77.012	76.932	76.937	5
2026-06-23 20:45	76.942	76.947	76.872	76.902	5
2026-06-23 20:50	76.892	76.892	76.798	76.867	5
2026-06-23 20:55	76.862	76.872	76.807	76.822	5
2026-06-24 00:00	76.547	76.710	76.535	76.670	5
2026-06-24 00:05	76.660	76.705	76.530	76.665	5
2026-06-24 00:10	76.675	76.730	76.645	76.695	5
2026-06-24 00:15	76.705	76.755	76.655	76.735	5
2026-06-24 00:20	76.745	76.795	76.735	76.780	5
2026-06-24 00:25	76.785	76.810	76.745	76.750	5
2026-06-24 00:30	76.730	76.735	76.645	76.655	5
2026-06-24 00:35	76.650	76.650	76.605	76.615	5
2026-06-24 00:40	76.620	76.690	76.620	76.680	5
2026-06-24 00:45	76.690	76.690	76.605	76.630	5
2026-06-24 00:50	76.635	76.650	76.595	76.650	5
2026-06-24 00:55	76.640	76.720	76.603	76.650	5
2026-06-24 01:00	76.593	76.705	76.415	76.415	5
2026-06-24 01:05	76.368	76.368	76.185	76.275	5
2026-06-24 01:10	76.285	76.410	76.255	76.310	5
2026-06-24 01:15	76.305	76.605	76.295	76.570	5
2026-06-24 01:20	76.575	76.785	76.555	76.735	5
2026-06-24 01:25	76.730	76.850	76.690	76.820	5
2026-06-24 01:30	76.855	76.880	76.730	76.755	5
2026-06-24 01:35	76.780	76.860	76.730	76.730	5
2026-06-24 01:40	76.725	76.760	76.625	76.700	5
2026-06-24 01:45	76.720	76.770	76.610	76.650	5
2026-06-24 01:50	76.655	76.655	76.495	76.515	5
2026-06-24 01:55	76.510	76.535	76.440	76.515	5
2026-06-24 02:00	76.525	76.660	76.495	76.560	5
2026-06-24 02:05	76.550	76.735	76.550	76.680	5
2026-06-24 02:10	76.685	76.705	76.605	76.635	5
2026-06-24 02:15	76.645	76.700	76.635	76.650	5
2026-06-24 02:20	76.645	76.650	76.615	76.630	5
2026-06-24 02:25	76.625	76.655	76.575	76.590	5
2026-06-24 02:30	76.555	76.565	76.385	76.395	5
2026-06-24 02:35	76.385	76.397	76.225	76.365	5
2026-06-24 02:40	76.370	76.460	76.310	76.370	5
2026-06-24 02:45	76.360	76.430	76.190	76.205	5
2026-06-24 02:50	76.200	76.210	76.035	76.045	5
2026-06-24 02:55	76.050	76.085	75.998	76.035	5
2026-06-24 03:00	76.045	76.075	75.913	76.030	5
2026-06-24 03:05	76.025	76.240	75.968	76.195	5
2026-06-24 03:10	76.190	76.310	76.190	76.305	5
2026-06-24 03:15	76.290	76.305	76.215	76.250	5
2026-06-24 03:20	76.235	76.265	76.165	76.255	5
2026-06-24 03:25	76.250	76.295	76.215	76.250	5
2026-06-24 03:30	76.270	76.305	76.215	76.215	5
2026-06-24 03:35	76.225	76.265	76.195	76.220	5
2026-06-24 03:40	76.235	76.235	76.153	76.230	5
2026-06-24 03:45	76.235	76.290	76.230	76.290	5
2026-06-24 03:50	76.243	76.325	76.243	76.295	5
2026-06-24 03:55	76.290	76.290	76.255	76.280	5
2026-06-24 04:00	76.285	76.455	76.275	76.370	5
2026-06-24 04:05	76.380	76.430	76.365	76.415	5
2026-06-24 04:10	76.420	76.460	76.385	76.430	5
2026-06-24 04:15	76.435	76.530	76.410	76.515	5
2026-06-24 04:20	76.510	76.570	76.510	76.510	5
2026-06-24 04:25	76.505	76.515	76.480	76.490	5
2026-06-24 04:30	76.485	76.485	76.445	76.450	5
2026-06-24 04:35	76.445	76.515	76.445	76.495	5
2026-06-24 04:40	76.500	76.525	76.475	76.480	5
2026-06-24 04:45	76.485	76.485	76.445	76.455	5
2026-06-24 04:50	76.450	76.455	76.383	76.435	5
2026-06-24 04:55	76.450	76.480	76.415	76.480	5
2026-06-24 05:00	76.470	76.600	76.470	76.545	5
2026-06-24 05:05	76.550	76.570	76.430	76.435	5
2026-06-24 05:10	76.440	76.460	76.400	76.435	5
2026-06-24 05:15	76.440	76.470	76.403	76.440	5
2026-06-24 05:20	76.445	76.480	76.435	76.470	5
2026-06-24 05:25	76.485	76.505	76.465	76.465	5
2026-06-24 05:30	76.500	76.535	76.415	76.535	5
2026-06-24 05:35	76.530	76.530	76.430	76.470	5
2026-06-24 05:40	76.455	76.465	76.350	76.430	5
2026-06-24 05:45	76.425	76.430	76.295	76.410	5
2026-06-24 05:50	76.405	76.405	76.265	76.270	5
2026-06-24 05:55	76.260	76.330	76.188	76.310	5
2026-06-24 06:00	76.325	76.870	76.278	76.770	5
2026-06-24 06:05	76.755	76.975	76.735	76.815	5
2026-06-24 06:10	76.820	76.835	76.630	76.650	5
2026-06-24 06:15	76.645	76.645	76.485	76.525	5
2026-06-24 06:20	76.520	76.520	76.405	76.435	5
2026-06-24 06:25	76.440	76.470	76.310	76.445	5
2026-06-24 06:30	76.435	76.445	76.275	76.300	5
2026-06-24 06:35	76.295	76.375	76.240	76.345	5
2026-06-24 06:40	76.360	76.360	76.250	76.345	5
2026-06-24 06:45	76.340	76.410	76.218	76.290	5
2026-06-24 06:50	76.295	76.360	76.220	76.320	5
2026-06-24 06:55	76.325	76.410	76.303	76.360	5
2026-06-24 07:00	76.370	76.390	76.185	76.210	5
2026-06-24 07:05	76.200	76.210	75.945	75.960	5
2026-06-24 07:10	75.965	76.110	75.893	76.090	5
2026-06-24 07:15	76.085	76.190	76.075	76.180	5
2026-06-24 07:20	76.175	76.205	75.925	75.950	5
2026-06-24 07:25	75.960	76.065	75.930	76.030	5
2026-06-24 07:30	76.040	76.130	76.010	76.110	5
2026-06-24 07:35	76.100	76.160	76.088	76.120	5
2026-06-24 07:40	76.115	76.145	75.808	75.950	5
2026-06-24 07:45	75.955	76.115	75.955	75.990	5
2026-06-24 07:50	75.975	76.070	75.775	75.780	5
2026-06-24 07:55	75.775	75.830	75.700	75.720	5
2026-06-24 08:00	75.678	75.790	75.553	75.595	5
2026-06-24 08:05	75.605	75.725	75.548	75.600	5
2026-06-24 08:10	75.610	75.805	75.600	75.650	5
2026-06-24 08:15	75.655	75.710	75.520	75.630	5
2026-06-24 08:20	75.635	75.650	75.515	75.620	5
2026-06-24 08:25	75.635	75.710	75.483	75.495	5
2026-06-24 08:30	75.505	75.740	75.425	75.460	5
2026-06-24 08:35	75.465	75.770	75.430	75.770	5
2026-06-24 08:40	75.760	75.775	75.655	75.655	5
2026-06-24 08:45	75.660	75.710	75.618	75.685	5
2026-06-24 08:50	75.680	75.780	75.635	75.690	5
2026-06-24 08:55	75.685	75.855	75.670	75.800	5
2026-06-24 09:00	75.810	75.835	75.598	75.715	5
2026-06-24 09:05	75.695	75.710	75.545	75.585	5
2026-06-24 09:10	75.580	75.620	75.425	75.520	5
2026-06-24 09:15	75.510	75.610	75.430	75.440	5
2026-06-24 09:20	75.435	75.550	75.410	75.485	5
2026-06-24 09:25	75.480	75.535	75.345	75.495	5
2026-06-24 09:30	75.490	75.675	75.453	75.665	5
2026-06-24 09:35	75.670	75.745	75.575	75.680	5
2026-06-24 09:40	75.685	75.695	75.600	75.680	5
2026-06-24 09:45	75.675	75.870	75.590	75.795	5
2026-06-24 09:50	75.790	75.845	75.710	75.820	5
2026-06-24 09:55	75.815	75.900	75.740	75.750	5
2026-06-24 10:00	75.760	76.010	75.760	76.000	5
2026-06-24 10:05	76.005	76.005	75.805	75.830	5
2026-06-24 10:10	75.825	75.870	75.625	75.665	5
2026-06-24 10:15	75.680	75.740	75.620	75.680	5
2026-06-24 10:20	75.675	75.945	75.660	75.900	5
2026-06-24 10:25	75.895	75.910	75.770	75.785	5
2026-06-24 10:30	75.770	75.890	75.710	75.835	5
2026-06-24 10:35	75.850	75.870	75.510	75.520	5
2026-06-24 10:40	75.535	75.620	75.475	75.515	5
2026-06-24 10:45	75.505	75.590	75.500	75.550	5
2026-06-24 10:50	75.555	75.590	75.470	75.580	5
2026-06-24 10:55	75.585	75.585	75.465	75.550	5
2026-06-24 11:00	75.570	75.570	75.455	75.540	5
2026-06-24 11:05	75.535	75.590	75.520	75.580	5
2026-06-24 11:10	75.595	75.595	75.480	75.555	5
2026-06-24 11:15	75.560	75.595	75.510	75.550	5
2026-06-24 11:20	75.555	75.555	75.337	75.350	5
2026-06-24 11:25	75.345	75.410	75.135	75.185	5
2026-06-24 11:30	75.180	75.420	75.120	75.400	5
2026-06-24 11:35	75.395	75.420	75.160	75.170	5
2026-06-24 11:40	75.165	75.210	75.095	75.150	5
2026-06-24 11:45	75.145	75.145	74.670	74.705	5
2026-06-24 11:50	74.695	74.855	74.655	74.755	5
2026-06-24 11:55	74.780	74.890	74.620	74.635	5
2026-06-24 12:00	74.640	74.765	74.600	74.675	5
2026-06-24 12:05	74.700	74.755	74.630	74.715	5
2026-06-24 12:10	74.710	74.755	74.650	74.740	5
2026-06-24 12:15	74.735	74.765	74.450	74.520	5
2026-06-24 12:20	74.515	74.665	74.445	74.630	5
2026-06-24 12:25	74.625	74.680	74.547	74.675	5
2026-06-24 12:30	74.660	74.775	74.570	74.700	5
2026-06-24 12:35	74.695	74.705	74.545	74.630	5
2026-06-24 12:40	74.635	74.740	74.585	74.610	5
2026-06-24 12:45	74.600	74.730	74.585	74.680	5
2026-06-24 12:50	74.690	74.735	74.630	74.660	5
2026-06-24 12:55	74.665	74.670	74.525	74.535	5
2026-06-24 13:00	74.565	74.565	73.915	74.135	5
2026-06-24 13:05	74.130	74.155	73.865	73.930	5
2026-06-24 13:10	73.935	74.090	73.890	74.075	5
2026-06-24 13:15	74.070	74.075	73.705	73.730	5
2026-06-24 13:20	73.725	73.820	73.660	73.730	5
2026-06-24 13:25	73.720	73.780	73.565	73.620	5
2026-06-24 13:30	73.630	73.710	73.430	73.640	5
2026-06-24 13:35	73.635	73.790	73.615	73.685	5
2026-06-24 13:40	73.680	73.705	73.500	73.620	5
2026-06-24 13:45	73.615	73.895	73.610	73.695	5
2026-06-24 13:50	73.690	73.735	73.590	73.600	5
2026-06-24 13:55	73.590	73.680	73.277	73.350	5
2026-06-24 14:00	73.345	73.500	73.285	73.310	5
2026-06-24 14:05	73.305	73.375	73.210	73.360	5
2026-06-24 14:10	73.355	73.720	73.340	73.590	5
2026-06-24 14:15	73.595	73.735	73.590	73.615	5
2026-06-24 14:20	73.625	73.910	73.615	73.830	5
2026-06-24 14:25	73.820	73.960	73.685	73.747	5
2026-06-24 14:30	73.737	73.870	73.695	73.810	5
2026-06-24 14:35	73.805	73.850	73.715	73.760	5
2026-06-24 14:40	73.755	73.790	73.615	73.615	5
2026-06-24 14:45	73.605	73.685	73.470	73.470	5
2026-06-24 14:50	73.455	73.550	73.350	73.540	5
2026-06-24 14:55	73.535	73.650	73.410	73.455	5
2026-06-24 15:00	73.485	73.530	73.385	73.400	5
2026-06-24 15:05	73.395	73.470	73.290	73.365	5
2026-06-24 15:10	73.370	73.495	73.345	73.365	5
2026-06-24 15:15	73.360	73.480	73.335	73.370	5
2026-06-24 15:20	73.380	73.565	73.380	73.535	5
2026-06-24 15:25	73.550	73.640	73.455	73.530	5
2026-06-24 15:30	73.525	73.815	73.445	73.760	5
2026-06-24 15:35	73.765	74.025	73.705	73.985	5
2026-06-24 15:40	73.975	74.060	73.850	73.880	5
2026-06-24 15:45	73.885	74.190	73.880	73.995	5
2026-06-24 15:50	73.985	74.080	73.880	73.980	5
2026-06-24 15:55	73.995	74.070	73.960	74.030	5
2026-06-24 16:00	74.045	74.070	73.920	73.920	5
2026-06-24 16:05	73.930	73.945	73.775	73.900	5
2026-06-24 16:10	73.890	73.960	73.855	73.920	5
2026-06-24 16:15	73.910	74.130	73.895	74.060	5
2026-06-24 16:20	74.065	74.215	74.065	74.210	5
2026-06-24 16:25	74.215	74.220	74.080	74.140	5
2026-06-24 16:30	74.145	74.175	74.105	74.170	5
2026-06-24 16:35	74.165	74.295	74.150	74.255	5
2026-06-24 16:40	74.260	74.455	74.190	74.210	5
2026-06-24 16:45	74.220	74.265	74.070	74.120	5
2026-06-24 16:50	74.115	74.200	74.050	74.070	5
2026-06-24 16:55	74.075	74.135	74.000	74.070	5
2026-06-24 17:00	74.085	74.170	74.030	74.150	5
2026-06-24 17:05	74.140	74.185	73.990	74.105	5
2026-06-24 17:10	74.115	74.125	73.965	73.965	5
2026-06-24 17:15	73.975	73.980	73.800	73.850	5
2026-06-24 17:20	73.855	73.880	73.715	73.720	5
2026-06-24 17:25	73.730	73.790	73.625	73.695	5
2026-06-24 17:30	73.690	73.800	73.550	73.560	5
2026-06-24 17:35	73.570	73.840	73.545	73.685	5
2026-06-24 17:40	73.690	73.990	73.690	73.910	5
2026-06-24 17:45	73.915	73.935	73.805	73.935	5
2026-06-24 17:50	73.940	74.010	73.910	73.915	5
2026-06-24 17:55	73.925	73.980	73.885	73.930	5
2026-06-24 18:00	73.945	73.980	73.810	73.830	5
2026-06-24 18:05	73.825	73.835	73.725	73.725	5
2026-06-24 18:10	73.715	73.900	73.615	73.770	5
2026-06-24 18:15	73.775	73.815	73.610	73.645	5
2026-06-24 18:20	73.650	73.885	73.650	73.735	5
2026-06-24 18:25	73.725	73.810	73.575	73.785	5
2026-06-24 18:30	73.775	73.810	73.540	73.560	5
2026-06-24 18:35	73.565	73.565	73.390	73.390	5
2026-06-24 18:40	73.400	73.535	73.370	73.450	5
2026-06-24 18:45	73.455	73.470	73.285	73.285	5
2026-06-24 18:50	73.295	73.305	73.215	73.220	5
2026-06-24 18:55	73.230	73.235	73.130	73.155	5
2026-06-24 19:00	73.145	73.155	73.095	73.100	5
2026-06-24 19:05	73.105	73.155	73.045	73.085	5
2026-06-24 19:10	73.090	73.140	73.060	73.135	5
2026-06-24 19:15	73.130	73.155	73.080	73.095	5
2026-06-24 19:20	73.100	73.180	73.085	73.170	5
2026-06-24 19:25	73.175	73.240	73.170	73.220	5
2026-06-24 19:30	73.225	73.310	73.185	73.210	5
2026-06-24 19:35	73.200	73.265	73.200	73.265	5
2026-06-24 19:40	73.255	73.345	73.245	73.340	5
2026-06-24 19:45	73.330	73.340	73.295	73.310	5
2026-06-24 19:50	73.315	73.350	73.275	73.320	5
2026-06-24 19:55	73.310	73.335	73.240	73.275	5
2026-06-24 20:00	73.280	73.280	73.187	73.212	5
2026-06-24 20:05	73.222	73.227	73.127	73.127	5
2026-06-24 20:10	73.112	73.142	73.047	73.052	5
2026-06-24 20:15	73.067	73.067	73.037	73.052	5
2026-06-24 20:20	73.062	73.127	73.037	73.097	5
2026-06-24 20:25	73.077	73.127	73.077	73.127	5
2026-06-24 20:30	73.122	73.147	73.077	73.082	5
2026-06-24 20:35	73.092	73.147	73.087	73.122	5
2026-06-24 20:40	73.117	73.182	73.107	73.167	5
2026-06-24 20:45	73.162	73.172	73.117	73.157	5
2026-06-24 20:50	73.162	73.172	73.057	73.102	5
2026-06-24 20:55	73.117	73.142	73.072	73.127	5
2026-06-25 00:00	73.205	73.335	73.205	73.310	5
2026-06-25 00:05	73.305	73.330	73.205	73.330	5
2026-06-25 00:10	73.345	73.375	73.280	73.370	5
2026-06-25 00:15	73.375	73.415	73.340	73.345	5
2026-06-25 00:20	73.350	73.350	73.290	73.315	5
2026-06-25 00:25	73.310	73.360	73.310	73.355	5
2026-06-25 00:30	73.350	73.470	73.345	73.455	5
2026-06-25 00:35	73.465	73.490	73.390	73.405	5
2026-06-25 00:40	73.400	73.435	73.380	73.390	5
2026-06-25 00:45	73.375	73.375	73.295	73.295	5
2026-06-25 00:50	73.290	73.310	73.220	73.260	5
2026-06-25 00:55	73.270	73.315	73.270	73.270	5
2026-06-25 01:00	73.300	73.370	72.845	72.950	5
2026-06-25 01:05	72.957	73.110	72.807	72.815	5
2026-06-25 01:10	72.820	72.870	72.660	72.717	5
2026-06-25 01:15	72.715	73.095	72.710	73.065	5
2026-06-25 01:20	73.070	73.070	72.750	72.770	5
2026-06-25 01:25	72.765	72.785	72.630	72.635	5
2026-06-25 01:30	72.615	72.617	72.500	72.545	5
2026-06-25 01:35	72.555	72.560	72.420	72.475	5
2026-06-25 01:40	72.490	72.670	72.430	72.450	5
2026-06-25 01:45	72.455	72.585	72.440	72.510	5
2026-06-25 01:50	72.495	72.505	72.330	72.420	5
2026-06-25 01:55	72.415	72.570	72.355	72.555	5
2026-06-25 02:00	72.557	72.575	72.375	72.390	5
2026-06-25 02:05	72.395	72.475	72.265	72.375	5
2026-06-25 02:10	72.370	72.400	72.275	72.390	5
2026-06-25 02:15	72.385	72.465	72.385	72.415	5
2026-06-25 02:20	72.410	72.425	72.255	72.335	5
2026-06-25 02:25	72.337	72.370	72.295	72.325	5
2026-06-25 02:30	72.320	72.375	72.295	72.355	5
2026-06-25 02:35	72.350	72.580	72.300	72.525	5
2026-06-25 02:40	72.520	72.625	72.435	72.590	5
2026-06-25 02:45	72.595	72.675	72.575	72.600	5
2026-06-25 02:50	72.595	72.630	72.535	72.595	5
2026-06-25 02:55	72.590	72.610	72.515	72.565	5
2026-06-25 03:00	72.570	72.610	72.330	72.355	5
2026-06-25 03:05	72.365	72.365	72.225	72.325	5
2026-06-25 03:10	72.317	72.340	72.255	72.340	5
2026-06-25 03:15	72.350	72.550	72.285	72.305	5
2026-06-25 03:20	72.310	72.365	72.270	72.345	5
2026-06-25 03:25	72.337	72.430	72.295	72.345	5
2026-06-25 03:30	72.335	72.485	72.335	72.470	5
2026-06-25 03:35	72.465	72.510	72.440	72.445	5
2026-06-25 03:40	72.450	72.455	72.395	72.415	5
2026-06-25 03:45	72.425	72.430	72.410	72.430	5
2026-06-25 03:50	72.415	72.475	72.410	72.450	5
2026-06-25 03:55	72.460	72.475	72.440	72.470	4
2026-06-25 04:00	72.435	72.577	72.425	72.555	5
2026-06-25 04:05	72.550	72.570	72.440	72.470	5
2026-06-25 04:10	72.475	72.505	72.465	72.475	5
2026-06-25 04:15	72.480	72.500	72.465	72.485	5
2026-06-25 04:20	72.480	72.505	72.480	72.505	5
2026-06-25 04:25	72.520	72.535	72.495	72.495	5
2026-06-25 04:30	72.505	72.590	72.490	72.585	5
2026-06-25 04:35	72.590	72.625	72.570	72.620	5
2026-06-25 04:40	72.625	72.625	72.537	72.545	4
2026-06-25 04:45	72.540	72.615	72.540	72.615	4
2026-06-25 04:50	72.590	72.610	72.580	72.595	5
2026-06-25 04:55	72.590	72.675	72.590	72.620	5
2026-06-25 05:00	72.615	72.615	72.585	72.585	5
2026-06-25 05:05	72.590	72.590	72.515	72.515	5
2026-06-25 05:10	72.520	72.605	72.500	72.605	5
2026-06-25 05:15	72.595	72.625	72.545	72.560	5
2026-06-25 05:20	72.565	72.595	72.550	72.580	4
2026-06-25 05:25	72.575	72.620	72.555	72.615	5
2026-06-25 05:30	72.620	72.725	72.555	72.565	5
2026-06-25 05:35	72.555	72.680	72.535	72.655	5
2026-06-25 05:40	72.657	72.690	72.505	72.510	5
2026-06-25 05:45	72.515	72.605	72.445	72.450	5
2026-06-25 05:50	72.460	72.505	72.435	72.450	5
2026-06-25 05:55	72.440	72.510	72.300	72.455	5
2026-06-25 06:00	72.445	72.485	72.340	72.370	5
2026-06-25 06:05	72.390	72.540	72.390	72.515	5
2026-06-25 06:10	72.510	72.715	72.455	72.715	5
2026-06-25 06:15	72.710	72.750	72.535	72.545	5
2026-06-25 06:20	72.550	72.755	72.535	72.750	5
2026-06-25 06:25	72.745	72.830	72.710	72.820	5
2026-06-25 06:30	72.815	72.895	72.735	72.735	5
2026-06-25 06:35	72.715	72.755	72.575	72.665	5
2026-06-25 06:40	72.670	72.700	72.550	72.560	5
2026-06-25 06:45	72.555	72.600	72.450	72.570	5
2026-06-25 06:50	72.565	72.635	72.540	72.560	5
2026-06-25 06:55	72.565	72.690	72.477	72.600	5
2026-06-25 07:00	72.615	72.650	72.455	72.610	5
2026-06-25 07:05	72.615	72.775	72.605	72.745	5
2026-06-25 07:10	72.730	72.925	72.730	72.910	5
2026-06-25 07:15	72.900	73.045	72.883	72.990	5
2026-06-25 07:20	72.948	73.025	72.717	72.835	5
2026-06-25 07:25	72.840	72.865	72.680	72.720	5
2026-06-25 07:30	72.730	72.780	72.660	72.720	5
2026-06-25 07:35	72.710	72.875	72.665	72.765	5
2026-06-25 07:40	72.770	72.825	72.695	72.810	5
2026-06-25 07:45	72.800	72.975	72.785	72.970	5
2026-06-25 07:50	72.965	73.180	72.895	73.170	5
2026-06-25 07:55	73.145	73.195	72.988	73.050	5
2026-06-25 08:00	73.013	73.170	72.923	72.950	5
2026-06-25 08:05	72.945	72.975	72.800	72.960	5
2026-06-25 08:10	72.955	73.095	72.775	73.070	5
2026-06-25 08:15	73.065	73.090	72.728	72.810	5
2026-06-25 08:20	72.800	72.900	72.685	72.850	5
2026-06-25 08:25	72.855	72.935	72.560	72.690	5
2026-06-25 08:30	72.675	72.850	72.485	72.510	5
2026-06-25 08:35	72.515	72.530	72.210	72.220	5
2026-06-25 08:40	72.215	72.460	72.195	72.400	5
2026-06-25 08:45	72.410	72.570	72.405	72.450	5
2026-06-25 08:50	72.445	72.480	72.313	72.345	5
2026-06-25 08:55	72.350	72.480	72.283	72.350	5
2026-06-25 09:00	72.355	72.510	72.293	72.490	5
2026-06-25 09:05	72.485	72.525	72.330	72.390	5
2026-06-25 09:10	72.385	72.430	72.040	72.225	5
2026-06-25 09:15	72.230	72.822	72.060	72.775	5
2026-06-25 09:20	72.780	72.870	72.565	72.570	5
2026-06-25 09:25	72.565	72.700	72.403	72.550	5
2026-06-25 09:30	72.545	72.745	72.478	72.730	5
2026-06-25 09:35	72.740	72.770	72.640	72.695	5
2026-06-25 09:40	72.700	72.750	72.590	72.615	5
2026-06-25 09:45	72.610	72.675	72.540	72.580	5
2026-06-25 09:50	72.570	72.650	72.570	72.630	5
2026-06-25 09:55	72.640	72.750	72.575	72.735	5
2026-06-25 10:00	72.693	72.800	72.688	72.730	5
2026-06-25 10:05	72.735	72.790	72.630	72.655	5
2026-06-25 10:10	72.613	72.735	72.588	72.735	5
2026-06-25 10:15	72.730	72.770	72.690	72.720	5
2026-06-25 10:20	72.725	72.755	72.580	72.650	5
2026-06-25 10:25	72.645	72.730	72.610	72.670	5
2026-06-25 10:30	72.645	72.740	72.630	72.655	5
2026-06-25 10:35	72.660	72.720	72.630	72.670	5
2026-06-25 10:40	72.660	72.770	72.638	72.755	5
2026-06-25 10:45	72.770	72.825	72.705	72.760	5
2026-06-25 10:50	72.765	72.790	72.705	72.750	5
2026-06-25 10:55	72.755	72.760	72.570	72.615	5
2026-06-25 11:00	72.600	72.695	72.473	72.520	5
2026-06-25 11:05	72.515	72.580	72.475	72.540	5
2026-06-25 11:10	72.550	72.640	72.530	72.640	5
2026-06-25 11:15	72.598	72.780	72.598	72.750	5
2026-06-25 11:20	72.745	72.790	72.680	72.770	5
2026-06-25 11:25	72.775	72.940	72.698	72.940	5
2026-06-25 11:30	72.930	73.080	72.930	73.080	5
2026-06-25 11:35	73.070	73.070	72.960	72.960	5
2026-06-25 11:40	72.950	73.090	72.893	73.045	5
2026-06-25 11:45	73.050	73.215	73.050	73.185	5
2026-06-25 11:50	73.143	73.265	73.015	73.065	5
2026-06-25 11:55	73.060	73.140	73.060	73.120	5
2026-06-25 12:00	73.130	73.130	72.970	72.990	5
2026-06-25 12:05	72.985	73.060	72.985	73.030	5
2026-06-25 12:10	73.025	73.100	72.898	72.950	5
2026-06-25 12:15	72.928	73.140	72.920	73.140	5
2026-06-25 12:20	73.145	73.175	73.100	73.135	5
2026-06-25 12:25	73.130	73.275	73.120	73.250	5
2026-06-25 12:30	73.245	73.255	73.053	73.060	5
2026-06-25 12:35	73.050	73.090	72.770	72.820	5
2026-06-25 12:40	72.810	72.845	72.603	72.745	5
2026-06-25 12:45	72.740	72.840	72.630	72.825	5
2026-06-25 12:50	72.830	72.945	72.778	72.860	5
2026-06-25 12:55	72.840	72.955	72.790	72.800	5
2026-06-25 13:00	72.758	73.020	72.698	73.000	5
2026-06-25 13:05	73.010	73.165	72.958	73.110	5
2026-06-25 13:10	73.100	73.410	73.100	73.410	5
2026-06-25 13:15	73.405	73.475	73.353	73.470	5
2026-06-25 13:20	73.475	73.475	73.310	73.370	5
2026-06-25 13:25	73.360	73.510	73.235	73.240	5
2026-06-25 13:30	73.188	73.310	73.150	73.175	5
2026-06-25 13:35	73.180	73.360	73.138	73.295	5
2026-06-25 13:40	73.300	73.435	73.280	73.410	5
2026-06-25 13:45	73.420	73.460	73.338	73.440	5
2026-06-25 13:50	73.435	73.550	73.398	73.490	5
2026-06-25 13:55	73.485	73.710	73.388	73.700	5
2026-06-25 14:00	73.695	73.930	73.628	73.768	5
2026-06-25 14:05	73.763	73.858	73.723	73.820	5
2026-06-25 14:10	73.830	74.030	73.798	73.915	5
2026-06-25 14:15	73.925	74.030	73.730	74.020	5
2026-06-25 14:20	74.030	74.180	73.980	74.160	5
2026-06-25 14:25	74.150	74.325	74.150	74.255	5
2026-06-25 14:30	74.260	74.260	74.055	74.120	5
2026-06-25 14:35	74.130	74.170	73.890	73.975	5
2026-06-25 14:40	73.970	74.095	73.880	74.095	5
2026-06-25 14:45	74.085	74.085	73.875	73.925	5
2026-06-25 14:50	73.915	73.915	73.735	73.820	5
2026-06-25 14:55	73.810	74.010	73.765	73.985	5
2026-06-25 15:00	73.990	74.240	73.920	74.240	5
2026-06-25 15:05	74.230	74.840	74.220	74.555	5
2026-06-25 15:10	74.545	74.815	74.480	74.740	5
2026-06-25 15:15	74.750	74.890	74.725	74.770	5
2026-06-25 15:20	74.760	74.800	74.650	74.760	5
2026-06-25 15:25	74.770	74.845	74.445	74.465	5
2026-06-25 15:30	74.460	74.525	74.400	74.430	5
2026-06-25 15:35	74.435	74.590	74.370	74.520	5
2026-06-25 15:40	74.530	74.630	74.530	74.555	5
2026-06-25 15:45	74.540	74.630	74.435	74.560	5
2026-06-25 15:50	74.570	74.630	74.550	74.590	5
2026-06-25 15:55	74.580	74.695	74.570	74.610	5
2026-06-25 16:00	74.660	74.750	74.645	74.680	5
2026-06-25 16:05	74.685	74.735	74.610	74.720	5
2026-06-25 16:10	74.725	74.805	74.685	74.730	5
2026-06-25 16:15	74.725	74.725	74.635	74.720	5
2026-06-25 16:20	74.710	74.795	74.700	74.750	5
2026-06-25 16:25	74.755	74.770	74.680	74.700	5
2026-06-25 16:30	74.705	74.770	74.610	74.690	5
2026-06-25 16:35	74.695	74.725	74.585	74.630	5
2026-06-25 16:40	74.635	74.680	74.600	74.640	5
2026-06-25 16:45	74.650	74.725	74.610	74.610	5
2026-06-25 16:50	74.615	74.725	74.610	74.670	5
2026-06-25 16:55	74.665	74.795	74.660	74.790	5
2026-06-25 17:00	74.795	74.875	74.770	74.860	5
2026-06-25 17:05	74.865	74.890	74.760	74.770	5
2026-06-25 17:10	74.765	74.830	74.520	74.810	5
2026-06-25 17:15	74.815	75.010	74.790	74.985	5
2026-06-25 17:20	74.995	75.060	74.950	74.975	5
2026-06-25 17:25	74.970	74.975	74.800	74.840	5
2026-06-25 17:30	74.830	74.950	74.815	74.845	5
2026-06-25 17:35	74.840	74.880	74.765	74.850	5
2026-06-25 17:40	74.855	74.910	74.830	74.830	5
2026-06-25 17:45	74.840	74.875	74.800	74.835	5
2026-06-25 17:50	74.840	74.910	74.775	74.880	5
2026-06-25 17:55	74.895	75.020	74.865	75.010	5
2026-06-25 18:00	75.015	75.225	75.000	75.120	5
2026-06-25 18:05	75.130	75.130	74.970	75.085	5
2026-06-25 18:10	75.080	75.160	75.010	75.140	5
2026-06-25 18:15	75.135	75.160	74.985	74.995	5
2026-06-25 18:20	74.990	75.135	74.965	75.090	5
2026-06-25 18:25	75.100	75.305	75.050	75.255	5
2026-06-25 18:30	75.260	75.480	75.245	75.410	5
2026-06-25 18:35	75.400	75.425	75.245	75.305	5
2026-06-25 18:40	75.310	75.365	75.270	75.315	5
2026-06-25 18:45	75.350	75.460	75.315	75.445	5
2026-06-25 18:50	75.450	75.470	75.370	75.450	5
2026-06-25 18:55	75.445	75.470	75.360	75.465	5
2026-06-25 19:00	75.490	75.580	75.460	75.570	5
2026-06-25 19:05	75.580	75.630	75.530	75.580	5
2026-06-25 19:10	75.575	75.725	75.570	75.690	5
2026-06-25 19:15	75.695	75.820	75.680	75.800	5
2026-06-25 19:20	75.795	75.810	75.615	75.620	5
2026-06-25 19:25	75.625	75.650	75.580	75.605	5
2026-06-25 19:30	75.600	75.610	75.440	75.445	5
2026-06-25 19:35	75.450	75.480	75.390	75.390	5
2026-06-25 19:40	75.370	75.445	75.350	75.400	5
2026-06-25 19:45	75.390	75.400	75.235	75.250	5
2026-06-25 19:50	75.255	75.305	75.185	75.220	5
2026-06-25 19:55	75.210	75.385	75.195	75.365	5
2026-06-25 20:00	75.380	75.487	75.277	75.292	5
2026-06-25 20:05	75.287	75.382	75.227	75.377	5
2026-06-25 20:10	75.387	75.397	75.332	75.332	5
2026-06-25 20:15	75.327	75.347	75.222	75.237	4
2026-06-25 20:20	75.242	75.252	75.167	75.187	5
2026-06-25 20:25	75.182	75.202	75.032	75.032	5
2026-06-25 20:30	75.027	75.057	74.952	74.967	5
2026-06-25 20:35	74.972	74.972	74.817	74.887	5
2026-06-26 00:00	75.020	75.135	74.995	75.025	5
2026-06-26 00:05	75.020	75.170	75.010	75.140	5
2026-06-26 00:10	75.150	75.225	75.093	75.190	5
2026-06-26 00:15	75.185	75.265	75.165	75.200	5
2026-06-26 00:20	75.205	75.290	75.205	75.290	5
2026-06-26 00:25	75.295	75.400	75.285	75.295	5
2026-06-26 00:30	75.305	75.330	75.285	75.290	5
2026-06-26 00:35	75.295	75.295	75.205	75.235	5
2026-06-26 00:40	75.230	75.230	75.150	75.180	5
2026-06-26 00:45	75.133	75.210	75.133	75.200	5
2026-06-26 00:50	75.230	75.380	75.230	75.375	5
2026-06-26 00:55	75.390	75.410	75.350	75.400	5
2026-06-26 01:00	75.440	75.440	75.140	75.175	5
2026-06-26 01:05	75.180	75.205	75.035	75.150	5
2026-06-26 01:10	75.140	75.140	75.000	75.010	5
2026-06-26 01:15	75.000	75.070	74.990	75.040	5
2026-06-26 01:20	75.045	75.195	74.965	75.170	5
2026-06-26 01:25	75.180	75.250	75.130	75.130	5
2026-06-26 01:30	75.083	75.140	74.975	74.980	5
2026-06-26 01:35	74.975	75.050	74.975	74.995	5
2026-06-26 01:40	75.000	75.015	74.975	74.990	5
2026-06-26 01:45	74.995	74.995	74.860	74.890	5
2026-06-26 01:50	74.895	74.920	74.800	74.850	5
2026-06-26 01:55	74.840	74.890	74.785	74.810	5
2026-06-26 02:00	74.820	74.850	74.785	74.785	5
2026-06-26 02:05	74.795	74.795	74.735	74.750	5
2026-06-26 02:10	74.745	74.810	74.710	74.805	5
2026-06-26 02:15	74.810	74.825	74.710	74.790	5
2026-06-26 02:20	74.795	74.840	74.760	74.770	5
2026-06-26 02:25	74.775	74.800	74.703	74.750	5
2026-06-26 02:30	74.745	74.745	74.605	74.610	5
2026-06-26 02:35	74.605	74.665	74.590	74.620	5
2026-06-26 02:40	74.625	74.710	74.625	74.705	5
2026-06-26 02:45	74.700	74.700	74.585	74.600	5
2026-06-26 02:50	74.595	74.600	74.480	74.520	5
2026-06-26 02:55	74.525	74.530	74.350	74.370	5
2026-06-26 03:00	74.360	74.380	74.305	74.335	5
2026-06-26 03:05	74.330	74.370	74.220	74.260	5
2026-06-26 03:10	74.270	74.290	74.200	74.275	5
2026-06-26 03:15	74.280	74.280	74.185	74.210	5
2026-06-26 03:20	74.205	74.230	74.100	74.100	5
2026-06-26 03:25	74.110	74.290	74.090	74.265	5
2026-06-26 03:30	74.270	74.335	74.270	74.320	5
2026-06-26 03:35	74.310	74.320	74.215	74.220	5
2026-06-26 03:40	74.225	74.240	74.190	74.190	5
2026-06-26 03:45	74.185	74.195	74.140	74.160	5
2026-06-26 03:50	74.155	74.170	74.115	74.140	5
2026-06-26 03:55	74.150	74.230	74.140	74.210	5
2026-06-26 04:00	74.215	74.275	74.205	74.230	5
2026-06-26 04:05	74.225	74.230	74.078	74.190	5
2026-06-26 04:10	74.185	74.190	74.175	74.180	5
2026-06-26 04:15	74.185	74.190	74.090	74.150	5
2026-06-26 04:20	74.140	74.180	74.135	74.180	5
2026-06-26 04:25	74.175	74.175	74.135	74.145	5
2026-06-26 04:30	74.098	74.205	74.098	74.160	5
2026-06-26 04:35	74.155	74.165	74.023	74.090	5
2026-06-26 04:40	74.095	74.115	74.080	74.090	5
2026-06-26 04:45	74.100	74.105	74.055	74.100	5
2026-06-26 04:50	74.105	74.140	74.105	74.130	5
2026-06-26 04:55	74.125	74.130	74.038	74.070	4
2026-06-26 05:00	74.055	74.090	74.050	74.080	5
2026-06-26 05:05	74.090	74.090	74.015	74.035	5
2026-06-26 05:10	74.040	74.075	74.020	74.060	5
2026-06-26 05:15	74.070	74.105	74.040	74.080	5
2026-06-26 05:20	74.070	74.115	74.055	74.090	5
2026-06-26 05:25	74.095	74.175	74.070	74.145	5
2026-06-26 05:30	74.125	74.330	74.050	74.320	5
2026-06-26 05:35	74.335	74.450	74.315	74.415	5
2026-06-26 05:40	74.405	74.410	74.305	74.370	5
2026-06-26 05:45	74.360	74.535	74.330	74.495	5
2026-06-26 05:50	74.500	74.620	74.490	74.490	5
2026-06-26 05:55	74.485	74.565	74.480	74.540	5
2026-06-26 06:00	74.555	74.570	74.355	74.390	5
2026-06-26 06:05	74.400	74.460	74.340	74.345	5
2026-06-26 06:10	74.330	74.355	74.285	74.295	5
2026-06-26 06:15	74.285	74.415	74.285	74.335	5
2026-06-26 06:20	74.340	74.385	74.258	74.355	5
2026-06-26 06:25	74.360	74.415	74.303	74.330	5
2026-06-26 06:30	74.325	74.325	74.205	74.240	5
2026-06-26 06:35	74.250	74.285	74.165	74.200	5
2026-06-26 06:40	74.190	74.225	74.138	74.225	5
2026-06-26 06:45	74.220	74.270	74.070	74.095	5
2026-06-26 06:50	74.115	74.135	73.963	74.120	5
2026-06-26 06:55	74.125	74.245	74.110	74.140	5
2026-06-26 07:00	74.120	74.175	73.985	74.075	5
2026-06-26 07:05	74.065	74.110	74.000	74.085	5
2026-06-26 07:10	74.080	74.125	73.920	73.940	5
2026-06-26 07:15	73.930	73.950	73.825	73.840	5
2026-06-26 07:20	73.835	73.905	73.773	73.885	5
2026-06-26 07:25	73.875	73.975	73.795	73.795	5
2026-06-26 07:30	73.785	73.895	73.713	73.885	5
2026-06-26 07:35	73.880	73.975	73.745	73.755	5
2026-06-26 07:40	73.770	73.805	73.645	73.690	5
2026-06-26 07:45	73.695	73.700	73.573	73.610	5
2026-06-26 07:50	73.615	73.645	73.495	73.535	5
2026-06-26 07:55	73.530	73.575	73.385	73.435	5
2026-06-26 08:00	73.450	73.465	73.335	73.405	5
2026-06-26 08:05	73.400	73.510	73.335	73.395	5
2026-06-26 08:10	73.400	73.760	73.393	73.695	5
2026-06-26 08:15	73.685	73.725	73.533	73.555	5
2026-06-26 08:20	73.550	73.555	73.160	73.170	5
2026-06-26 08:25	73.165	73.175	72.433	72.510	5
2026-06-26 08:30	72.530	72.925	72.473	72.885	5
2026-06-26 08:35	72.895	72.970	72.843	72.870	5
2026-06-26 08:40	72.860	73.015	72.838	72.985	5
2026-06-26 08:45	72.943	73.015	72.903	73.010	5
2026-06-26 08:50	73.005	73.025	72.940	72.980	5
2026-06-26 08:55	72.985	73.025	72.808	72.850	5
2026-06-26 09:00	72.845	73.025	72.733	72.975	5
2026-06-26 09:05	72.965	73.025	72.890	72.985	5
2026-06-26 09:10	72.980	73.025	72.943	72.990	5
2026-06-26 09:15	72.995	73.025	72.843	72.880	5
2026-06-26 09:20	72.875	72.935	72.790	72.790	5
2026-06-26 09:25	72.800	72.870	72.680	72.855	5
2026-06-26 09:30	72.845	72.960	72.810	72.920	5
2026-06-26 09:35	72.915	72.940	72.820	72.830	5
2026-06-26 09:40	72.825	72.900	72.785	72.830	5
2026-06-26 09:45	72.820	72.890	72.735	72.790	5
2026-06-26 09:50	72.785	72.820	72.713	72.765	5
2026-06-26 09:55	72.760	72.800	72.590	72.635	5
2026-06-26 10:00	72.645	72.755	72.530	72.690	5
2026-06-26 10:05	72.685	72.695	72.580	72.675	5
2026-06-26 10:10	72.685	72.750	72.610	72.730	5
2026-06-26 10:15	72.720	72.835	72.695	72.825	5
2026-06-26 10:20	72.820	72.900	72.785	72.895	5
2026-06-26 10:25	72.890	72.905	72.770	72.775	5
2026-06-26 10:30	72.765	72.775	72.570	72.765	5
2026-06-26 10:35	72.760	72.955	72.760	72.945	5
2026-06-26 10:40	72.935	72.945	72.870	72.890	5
2026-06-26 10:45	72.885	72.995	72.855	72.985	5
2026-06-26 10:50	72.980	73.035	72.883	72.915	5
2026-06-26 10:55	72.905	73.065	72.898	73.010	5
2026-06-26 11:00	73.030	73.140	72.963	73.125	5
2026-06-26 11:05	73.120	73.200	73.020	73.150	5
2026-06-26 11:10	73.145	73.170	73.050	73.140	5
2026-06-26 11:15	73.130	73.210	73.110	73.195	5
2026-06-26 11:20	73.200	73.245	73.093	73.185	5
2026-06-26 11:25	73.180	73.205	73.055	73.165	5
2026-06-26 11:30	73.170	73.250	73.135	73.230	5
2026-06-26 11:35	73.245	73.375	73.245	73.365	5
2026-06-26 11:40	73.360	73.475	73.355	73.475	5
2026-06-26 11:45	73.470	73.570	73.413	73.570	5
2026-06-26 11:50	73.575	73.670	73.555	73.645	5
2026-06-26 11:55	73.640	73.650	73.393	73.440	5
2026-06-26 12:00	73.435	73.465	73.355	73.365	5
2026-06-26 12:05	73.360	73.425	73.075	73.100	5
2026-06-26 12:10	73.110	73.155	73.015	73.130	5
2026-06-26 12:15	73.135	73.205	72.993	73.205	5
2026-06-26 12:20	73.210	73.290	73.115	73.115	5
2026-06-26 12:25	73.110	73.115	73.015	73.040	5
2026-06-26 12:30	73.035	73.075	72.950	72.955	5
2026-06-26 12:35	72.950	73.020	72.798	72.860	5
2026-06-26 12:40	72.865	72.935	72.795	72.855	5
2026-06-26 12:45	72.850	72.890	72.760	72.860	5
2026-06-26 12:50	72.855	72.920	72.785	72.880	5
2026-06-26 12:55	72.875	72.880	72.653	72.700	5
2026-06-26 13:00	72.690	73.125	72.638	73.040	5
2026-06-26 13:05	73.050	73.145	72.930	72.980	5
2026-06-26 13:10	72.970	73.010	72.835	72.910	5
2026-06-26 13:15	72.915	73.850	72.900	73.373	5
2026-06-26 13:20	73.388	73.445	72.963	73.180	5
2026-06-26 13:25	73.190	73.225	72.943	73.010	5
2026-06-26 13:30	73.005	73.210	72.843	72.935	5
2026-06-26 13:35	72.940	73.140	72.888	72.980	5
2026-06-26 13:40	72.985	73.055	72.830	73.055	5
2026-06-26 13:45	73.045	73.115	72.943	73.000	5
2026-06-26 13:50	73.010	73.010	72.660	72.690	5
2026-06-26 13:55	72.685	72.835	72.595	72.810	5
2026-06-26 14:00	72.830	72.925	72.588	72.660	5
2026-06-26 14:05	72.640	72.710	72.560	72.565	5
2026-06-26 14:10	72.580	72.715	72.540	72.645	5
2026-06-26 14:15	72.635	72.655	72.458	72.575	5
2026-06-26 14:20	72.580	72.645	72.555	72.555	5
2026-06-26 14:25	72.550	72.590	72.300	72.530	5
2026-06-26 14:30	72.535	72.635	72.468	72.550	5
2026-06-26 14:35	72.555	72.585	72.453	72.480	5
2026-06-26 14:40	72.470	72.480	72.243	72.330	5
2026-06-26 14:45	72.340	72.460	72.233	72.460	5
2026-06-26 14:50	72.430	72.600	72.418	72.595	5
2026-06-26 14:55	72.585	72.660	72.458	72.650	5
2026-06-26 15:00	72.660	72.675	72.375	72.450	5
2026-06-26 15:05	72.465	72.475	71.975	72.030	5
2026-06-26 15:10	72.035	72.200	71.998	72.150	5
2026-06-26 15:15	72.140	72.140	72.005	72.055	5
2026-06-26 15:20	72.065	72.095	71.913	71.940	5
2026-06-26 15:25	71.945	72.235	71.893	72.110	5
2026-06-26 15:30	72.100	72.205	72.003	72.185	5
2026-06-26 15:35	72.170	72.355	72.170	72.300	5
2026-06-26 15:40	72.295	72.495	72.253	72.485	5
2026-06-26 15:45	72.495	72.495	72.255	72.330	5
2026-06-26 15:50	72.315	72.860	72.240	72.730	5
2026-06-26 15:55	72.735	72.755	72.355	72.410	5
2026-06-26 16:00	72.415	72.455	72.320	72.365	5
2026-06-26 16:05	72.380	72.600	72.380	72.565	5
2026-06-26 16:10	72.570	72.585	72.385	72.440	5
2026-06-26 16:15	72.435	72.540	72.383	72.510	5
2026-06-26 16:20	72.505	72.640	72.480	72.590	5
2026-06-26 16:25	72.610	72.635	72.390	72.435	5
2026-06-26 16:30	72.430	72.450	72.288	72.350	5
2026-06-26 16:35	72.340	72.445	72.325	72.420	5
2026-06-26 16:40	72.425	72.605	72.420	72.600	5
2026-06-26 16:45	72.605	72.625	72.483	72.495	5
2026-06-26 16:50	72.515	72.650	72.407	72.580	5
2026-06-26 16:55	72.575	72.635	72.555	72.635	5
2026-06-26 17:00	72.645	72.645	72.495	72.505	5
2026-06-26 17:05	72.500	72.570	72.455	72.475	5
2026-06-26 17:10	72.470	72.515	72.435	72.455	5
2026-06-26 17:15	72.450	72.465	72.400	72.420	5
2026-06-26 17:20	72.415	72.480	72.405	72.460	5
2026-06-26 17:25	72.465	72.610	72.465	72.605	5
2026-06-26 17:30	72.610	72.745	72.610	72.685	5
2026-06-26 17:35	72.690	72.735	72.650	72.705	5
2026-06-26 17:40	72.700	72.805	72.645	72.645	5
2026-06-26 17:45	72.640	72.670	72.570	72.645	5
2026-06-26 17:50	72.655	72.715	72.620	72.705	5
2026-06-26 17:55	72.695	72.715	72.575	72.615	5
2026-06-26 18:00	72.595	72.630	72.565	72.565	5
2026-06-26 18:05	72.570	72.625	72.515	72.590	5
2026-06-26 18:10	72.595	72.680	72.570	72.660	5
2026-06-26 18:15	72.665	72.700	72.430	72.575	5
2026-06-26 18:20	72.565	72.605	72.473	72.555	5
2026-06-26 18:25	72.550	72.625	72.475	72.585	5
2026-06-26 18:30	72.575	72.580	72.445	72.495	5
2026-06-26 18:35	72.490	72.510	72.460	72.505	5
2026-06-26 18:40	72.500	72.505	72.390	72.420	5
2026-06-26 18:45	72.430	72.465	72.390	72.450	5
2026-06-26 18:50	72.465	72.495	72.405	72.420	5
2026-06-26 18:55	72.415	72.425	72.348	72.410	5
2026-06-26 19:00	72.405	72.410	72.350	72.385	5
2026-06-26 19:05	72.380	72.400	72.303	72.360	5
2026-06-26 19:10	72.365	72.395	72.340	72.380	5
2026-06-26 19:15	72.375	72.475	72.360	72.470	5
2026-06-26 19:20	72.475	72.510	72.433	72.495	5
2026-06-26 19:25	72.485	72.530	72.465	72.505	5
2026-06-26 19:30	72.510	72.590	72.510	72.520	5
2026-06-26 19:35	72.525	72.620	72.525	72.605	5
2026-06-26 19:40	72.610	72.700	72.610	72.700	5
2026-06-26 19:45	72.695	72.735	72.680	72.720	5
2026-06-26 19:50	72.725	72.780	72.670	72.730	5
2026-06-26 19:55	72.725	72.850	72.720	72.780	5
2026-06-26 20:00	72.785	72.790	72.647	72.647	5
2026-06-26 20:05	72.657	72.757	72.642	72.677	5
2026-06-26 20:10	72.687	72.727	72.662	72.672	5
2026-06-26 20:15	72.662	72.727	72.662	72.707	5
2026-06-26 20:20	72.722	72.817	72.717	72.797	5
2026-06-26 20:25	72.807	72.832	72.797	72.822	5
2026-06-26 20:30	72.827	73.517	72.827	73.322	5
2026-06-26 20:35	73.327	73.447	73.112	73.117	5
2026-06-26 20:40	73.102	73.282	73.002	73.127	5
2026-06-26 20:45	73.137	73.352	73.122	73.327	5
2026-06-26 20:50	73.322	73.522	73.193	73.517	5
2026-06-26 20:55	73.522	73.627	73.457	73.462	5
2026-06-29 00:00	72.915	72.975	72.750	72.880	5
2026-06-29 00:05	72.875	72.890	72.650	72.715	5
2026-06-29 00:10	72.725	72.725	72.560	72.660	5
2026-06-29 00:15	72.680	72.780	72.640	72.770	5
2026-06-29 00:20	72.780	72.900	72.760	72.870	5
2026-06-29 00:25	72.865	73.020	72.860	73.010	5
2026-06-29 00:30	73.015	73.080	72.990	73.030	5
2026-06-29 00:35	73.040	73.135	73.040	73.110	5
2026-06-29 00:40	73.125	73.220	73.070	73.185	5
2026-06-29 00:45	73.180	73.290	73.175	73.260	5
2026-06-29 00:50	73.255	73.280	73.175	73.200	5
2026-06-29 00:55	73.190	73.190	73.100	73.105	5
2026-06-29 01:00	73.110	73.385	72.970	73.385	5
2026-06-29 01:05	73.375	73.440	73.130	73.395	5
2026-06-29 01:10	73.390	73.470	73.360	73.430	5
2026-06-29 01:15	73.440	73.475	73.325	73.335	5
2026-06-29 01:20	73.330	73.370	73.265	73.365	5
2026-06-29 01:25	73.360	73.455	73.315	73.320	5
2026-06-29 01:30	73.315	73.365	73.235	73.285	5
2026-06-29 01:35	73.290	73.395	73.255	73.265	5
2026-06-29 01:40	73.275	73.345	73.210	73.220	5
2026-06-29 01:45	73.230	73.280	73.135	73.250	5
2026-06-29 01:50	73.230	73.270	73.125	73.245	5
2026-06-29 01:55	73.250	73.280	73.130	73.170	5
2026-06-29 02:00	73.165	73.230	73.130	73.215	5
2026-06-29 02:05	73.210	73.310	73.150	73.170	5
2026-06-29 02:10	73.160	73.280	73.150	73.180	5
2026-06-29 02:15	73.185	73.275	73.185	73.265	5
2026-06-29 02:20	73.260	73.285	73.200	73.210	5
2026-06-29 02:25	73.225	73.235	73.190	73.230	5
2026-06-29 02:30	73.245	73.300	73.060	73.100	5
2026-06-29 02:35	73.115	73.140	72.918	73.085	5
2026-06-29 02:40	73.080	73.150	73.035	73.090	5
2026-06-29 02:45	73.085	73.155	73.020	73.035	5
2026-06-29 02:50	73.045	73.110	72.995	73.100	5
2026-06-29 02:55	73.105	73.195	73.070	73.180	5
2026-06-29 03:00	73.128	73.305	73.128	73.270	5
2026-06-29 03:05	73.275	73.280	73.115	73.140	5
2026-06-29 03:10	73.135	73.290	73.135	73.275	5
2026-06-29 03:15	73.270	73.290	73.200	73.210	5
2026-06-29 03:20	73.195	73.230	73.110	73.130	5
2026-06-29 03:25	73.145	73.225	73.110	73.195	5
2026-06-29 03:30	73.185	73.230	73.140	73.230	5
2026-06-29 03:35	73.220	73.220	73.160	73.160	5
2026-06-29 03:40	73.150	73.170	73.113	73.130	5
2026-06-29 03:45	73.083	73.170	73.083	73.123	5
2026-06-29 03:50	73.160	73.300	73.123	73.280	5
2026-06-29 03:55	73.275	73.280	73.250	73.250	5
2026-06-29 04:00	73.265	73.310	73.240	73.290	5
2026-06-29 04:05	73.280	73.280	73.230	73.240	5
2026-06-29 04:10	73.250	73.255	73.230	73.240	5
2026-06-29 04:15	73.230	73.290	73.230	73.255	5
2026-06-29 04:20	73.250	73.260	73.235	73.250	5
2026-06-29 04:25	73.245	73.265	73.153	73.225	5
2026-06-29 04:30	73.230	73.230	73.170	73.175	5
2026-06-29 04:35	73.180	73.225	73.165	73.210	5
2026-06-29 04:40	73.215	73.235	73.190	73.195	5
2026-06-29 04:45	73.180	73.235	73.165	73.230	5
2026-06-29 04:50	73.225	73.250	73.175	73.215	5
2026-06-29 04:55	73.210	73.235	73.140	73.140	5
2026-06-29 05:00	73.130	73.165	73.050	73.130	5
2026-06-29 05:05	73.115	73.150	73.005	73.010	5
2026-06-29 05:10	73.015	73.015	72.890	72.910	5
2026-06-29 05:15	72.915	73.090	72.915	73.070	5
2026-06-29 05:20	73.075	73.075	73.010	73.045	5
2026-06-29 05:25	73.050	73.070	72.953	72.980	5
2026-06-29 05:30	73.000	73.000	72.655	72.660	5
2026-06-29 05:35	72.665	72.850	72.665	72.670	5
2026-06-29 05:40	72.685	72.775	72.670	72.695	5
2026-06-29 05:45	72.690	72.830	72.650	72.810	5
2026-06-29 05:50	72.815	72.835	72.750	72.775	5
2026-06-29 05:55	72.770	72.770	72.640	72.685	5
2026-06-29 06:00	72.710	72.880	72.665	72.870	5
2026-06-29 06:05	72.875	72.915	72.810	72.905	5
2026-06-29 06:10	72.895	73.040	72.895	72.945	5
2026-06-29 06:15	72.950	73.000	72.860	72.980	5
2026-06-29 06:20	73.000	73.230	72.980	73.220	5
2026-06-29 06:25	73.225	73.275	73.200	73.270	5
2026-06-29 06:30	73.275	73.435	73.270	73.360	5
2026-06-29 06:35	73.370	73.475	73.370	73.375	5
2026-06-29 06:40	73.370	73.420	73.350	73.400	5
2026-06-29 06:45	73.410	73.440	73.298	73.335	5
2026-06-29 06:50	73.330	73.340	73.145	73.150	5
2026-06-29 06:55	73.145	73.150	73.033	73.140	5
2026-06-29 07:00	73.103	73.175	73.018	73.145	5
2026-06-29 07:05	73.140	73.170	73.055	73.110	5
2026-06-29 07:10	73.100	73.155	72.998	73.060	5
2026-06-29 07:15	73.050	73.090	72.928	73.050	5
2026-06-29 07:20	73.055	73.125	72.990	73.110	5
2026-06-29 07:25	73.115	73.175	73.018	73.110	5
2026-06-29 07:30	73.100	73.175	73.005	73.010	5
2026-06-29 07:35	73.015	73.070	72.815	72.840	5
2026-06-29 07:40	72.845	72.885	72.820	72.885	5
2026-06-29 07:45	72.890	72.955	72.845	72.900	5
2026-06-29 07:50	72.895	72.910	72.670	72.770	5
2026-06-29 07:55	72.780	72.785	72.653	72.690	5
2026-06-29 08:00	72.710	72.960	72.673	72.960	5
2026-06-29 08:05	72.918	73.025	72.865	72.950	5
2026-06-29 08:10	72.945	73.105	72.898	73.045	5
2026-06-29 08:15	73.050	73.225	72.938	73.200	5
2026-06-29 08:20	73.195	73.305	73.130	73.265	5
2026-06-29 08:25	73.270	73.410	73.138	73.328	5
2026-06-29 08:30	73.375	73.435	73.303	73.355	5
2026-06-29 08:35	73.365	73.395	73.130	73.255	5
2026-06-29 08:40	73.245	73.320	73.200	73.240	5
2026-06-29 08:45	73.230	73.340	73.170	73.180	5
2026-06-29 08:50	73.170	73.320	73.073	73.320	5
2026-06-29 08:55	73.315	73.425	73.245	73.265	5
2026-06-29 09:00	73.280	73.335	73.193	73.270	5
2026-06-29 09:05	73.265	73.330	73.175	73.175	5
2026-06-29 09:10	73.190	73.210	73.113	73.165	5
2026-06-29 09:15	73.150	73.230	73.043	73.215	5
2026-06-29 09:20	73.230	73.370	73.203	73.355	5
2026-06-29 09:25	73.345	73.475	73.303	73.465	5
2026-06-29 09:30	73.455	73.590	73.433	73.555	5
2026-06-29 09:35	73.540	73.615	73.503	73.545	5
2026-06-29 09:40	73.560	73.590	73.483	73.500	5
2026-06-29 09:45	73.495	73.620	73.495	73.620	5
2026-06-29 09:50	73.640	73.845	73.603	73.800	5
2026-06-29 09:55	73.805	73.830	73.633	73.715	5
2026-06-29 10:00	73.710	73.725	73.503	73.535	5
2026-06-29 10:05	73.540	73.540	73.243	73.285	5
2026-06-29 10:10	73.275	73.315	73.143	73.215	5
2026-06-29 10:15	73.220	73.255	73.050	73.075	5
2026-06-29 10:20	73.095	73.095	73.010	73.055	5
2026-06-29 10:25	73.045	73.145	73.043	73.115	5
2026-06-29 10:30	73.110	73.220	73.080	73.090	5
2026-06-29 10:35	73.095	73.160	73.065	73.095	5
2026-06-29 10:40	73.100	73.120	73.013	73.045	5
2026-06-29 10:45	73.040	73.135	73.020	73.120	5
2026-06-29 10:50	73.110	73.115	72.985	73.025	5
2026-06-29 10:55	73.035	73.050	72.983	73.020	5
2026-06-29 11:00	73.025	73.035	72.923	73.015	5
2026-06-29 11:05	73.010	73.015	72.865	72.915	5
2026-06-29 11:10	72.925	72.925	72.885	72.925	5
2026-06-29 11:15	72.883	73.115	72.883	73.100	5
2026-06-29 11:20	73.105	73.155	73.028	73.110	5
2026-06-29 11:25	73.105	73.145	73.065	73.130	5
2026-06-29 11:30	73.140	73.175	72.780	73.105	5
2026-06-29 11:35	73.120	73.190	73.040	73.085	5
2026-06-29 11:40	73.080	73.095	72.895	72.990	5
2026-06-29 11:45	73.000	73.025	72.928	72.995	5
2026-06-29 11:50	72.985	72.995	72.833	72.915	5
2026-06-29 11:55	72.910	73.125	72.910	73.120	5
2026-06-29 12:00	73.140	73.215	73.095	73.150	5
2026-06-29 12:05	73.155	73.155	72.985	73.000	5
2026-06-29 12:10	72.995	73.035	72.870	73.020	5
2026-06-29 12:15	73.030	73.180	73.025	73.140	5
2026-06-29 12:20	73.145	73.210	73.103	73.135	5
2026-06-29 12:25	73.145	73.310	73.145	73.305	5
2026-06-29 12:30	73.310	73.310	73.250	73.255	5
2026-06-29 12:35	73.250	73.285	73.148	73.255	5
2026-06-29 12:40	73.265	73.385	73.200	73.200	5
2026-06-29 12:45	73.205	73.240	73.125	73.165	5
2026-06-29 12:50	73.170	73.220	73.015	73.210	5
2026-06-29 12:55	73.200	73.270	73.133	73.220	5
2026-06-29 13:00	73.178	73.335	73.085	73.190	5
2026-06-29 13:05	73.185	73.265	73.083	73.255	5
2026-06-29 13:10	73.250	73.315	73.155	73.250	5
2026-06-29 13:15	73.260	73.360	73.170	73.170	5
2026-06-29 13:20	73.165	73.455	73.140	73.440	5
2026-06-29 13:25	73.430	73.455	73.360	73.430	5
2026-06-29 13:30	73.440	73.475	73.233	73.375	5
2026-06-29 13:35	73.380	73.395	73.250	73.325	5
2026-06-29 13:40	73.320	73.350	73.235	73.325	5
2026-06-29 13:45	73.335	73.450	73.273	73.370	5
2026-06-29 13:50	73.365	73.475	73.365	73.435	5
2026-06-29 13:55	73.440	73.440	73.265	73.285	5
2026-06-29 14:00	73.305	73.425	73.203	73.365	5
2026-06-29 14:05	73.370	73.405	73.265	73.275	5
2026-06-29 14:10	73.265	73.475	73.185	73.440	5
2026-06-29 14:15	73.435	73.655	73.390	73.570	5
2026-06-29 14:20	73.565	73.645	73.385	73.455	5
2026-06-29 14:25	73.445	73.605	73.400	73.595	5
2026-06-29 14:30	73.605	73.685	73.555	73.585	5
2026-06-29 14:35	73.575	73.635	73.493	73.535	5
2026-06-29 14:40	73.530	73.595	73.458	73.560	5
2026-06-29 14:45	73.575	73.640	73.510	73.595	5
2026-06-29 14:50	73.590	73.750	73.580	73.660	5
2026-06-29 14:55	73.655	73.685	73.553	73.630	5
2026-06-29 15:00	73.640	73.670	73.483	73.530	5
2026-06-29 15:05	73.525	73.595	73.423	73.595	5
2026-06-29 15:10	73.585	73.645	73.565	73.630	5
2026-06-29 15:15	73.635	73.675	73.580	73.650	5
2026-06-29 15:20	73.645	73.660	73.505	73.610	5
2026-06-29 15:25	73.615	73.685	73.520	73.625	5
2026-06-29 15:30	73.640	73.710	73.585	73.625	5
2026-06-29 15:35	73.635	73.765	73.585	73.745	5
2026-06-29 15:40	73.750	73.805	73.710	73.770	5
2026-06-29 15:45	73.775	73.845	73.735	73.805	5
2026-06-29 15:50	73.815	73.855	73.743	73.815	5
2026-06-29 15:55	73.805	73.810	73.745	73.780	5
2026-06-29 16:00	73.775	73.965	73.745	73.950	5
2026-06-29 16:05	73.955	73.995	73.923	73.970	5
2026-06-29 16:10	73.965	73.975	73.870	73.885	5
2026-06-29 16:15	73.890	73.905	73.830	73.875	5
2026-06-29 16:20	73.870	73.955	73.865	73.945	5
2026-06-29 16:25	73.950	74.005	73.935	73.990	5
2026-06-29 16:30	74.000	74.085	74.000	74.070	5
2026-06-29 16:35	74.055	74.095	73.990	74.040	5
2026-06-29 16:40	74.045	74.145	73.993	74.135	5
2026-06-29 16:45	74.140	74.197	74.095	74.110	5
2026-06-29 16:50	74.115	74.115	73.970	74.050	5
2026-06-29 16:55	74.045	74.055	73.893	73.965	5
2026-06-29 17:00	73.975	73.975	73.823	73.845	5
2026-06-29 17:05	73.840	73.990	73.835	73.965	5
2026-06-29 17:10	73.970	74.055	73.950	74.025	5
2026-06-29 17:15	74.030	74.170	73.973	74.065	5
2026-06-29 17:20	74.060	74.215	74.055	74.090	5
2026-06-29 17:25	74.100	74.100	73.960	73.990	5
2026-06-29 17:30	73.975	74.060	73.945	74.025	5
2026-06-29 17:35	74.030	74.075	73.965	74.070	5
2026-06-29 17:40	74.060	74.110	73.960	74.030	5
2026-06-29 17:45	74.035	74.050	73.970	73.975	5
2026-06-29 17:50	73.970	74.020	73.950	74.000	5
2026-06-29 17:55	73.990	74.040	73.985	74.015	5
2026-06-29 18:00	74.025	74.120	73.950	73.980	5
2026-06-29 18:05	73.970	74.055	73.960	74.025	5
2026-06-29 18:10	74.020	74.090	73.903	73.950	5
2026-06-29 18:15	73.945	74.050	73.728	73.760	5
2026-06-29 18:20	73.765	73.775	73.625	73.715	5
2026-06-29 18:25	73.720	73.965	73.675	73.925	5
2026-06-29 18:30	73.955	73.955	73.790	73.840	5
2026-06-29 18:35	73.830	73.850	73.765	73.785	5
2026-06-29 18:40	73.780	73.825	73.755	73.760	5
2026-06-29 18:45	73.755	73.765	73.715	73.745	5
2026-06-29 18:50	73.735	73.740	73.670	73.680	5
2026-06-29 18:55	73.675	73.725	73.630	73.660	5
2026-06-29 19:00	73.623	73.735	73.623	73.715	5
2026-06-29 19:05	73.720	73.725	73.690	73.715	5
2026-06-29 19:10	73.710	73.720	73.668	73.700	5
2026-06-29 19:15	73.695	73.695	73.633	73.650	5
2026-06-29 19:20	73.655	73.670	73.615	73.660	5
2026-06-29 19:25	73.650	73.650	73.600	73.605	5
2026-06-29 19:30	73.610	73.685	73.558	73.685	5
2026-06-29 19:35	73.680	73.700	73.620	73.640	5
2026-06-29 19:40	73.645	73.655	73.605	73.625	5
2026-06-29 19:45	73.630	73.630	73.570	73.590	5
2026-06-29 19:50	73.585	73.670	73.570	73.670	5
2026-06-29 19:55	73.665	73.745	73.640	73.735	5
2026-06-29 20:00	73.730	73.737	73.687	73.727	5
2026-06-29 20:05	73.722	73.737	73.703	73.722	5
2026-06-29 20:10	73.732	73.732	73.667	73.677	5
2026-06-29 20:15	73.667	73.707	73.667	73.672	5
2026-06-29 20:20	73.677	73.677	73.637	73.647	5
2026-06-29 20:25	73.642	73.657	73.608	73.608	5
2026-06-29 20:30	73.603	73.657	73.603	73.647	5
2026-06-29 20:35	73.652	73.747	73.652	73.737	5
2026-06-29 20:40	73.713	73.732	73.637	73.637	5
2026-06-29 20:45	73.632	73.667	73.622	73.657	5
2026-06-29 20:50	73.662	73.667	73.592	73.602	5
2026-06-29 20:55	73.607	73.637	73.597	73.612	5
2026-06-30 00:00	73.507	73.515	73.401	73.465	5
2026-06-30 00:05	73.460	73.550	73.460	73.515	5
2026-06-30 00:10	73.520	73.565	73.485	73.525	5
2026-06-30 00:15	73.483	73.525	73.453	73.453	5
2026-06-30 00:20	73.505	73.635	73.500	73.605	5
2026-06-30 00:25	73.590	73.625	73.570	73.580	5
2026-06-30 00:30	73.575	73.575	73.428	73.450	5
2026-06-30 00:35	73.470	73.480	73.403	73.460	5
2026-06-30 00:40	73.455	73.465	73.430	73.450	5
2026-06-30 00:45	73.445	73.500	73.423	73.500	5
2026-06-30 00:50	73.495	73.555	73.485	73.520	5
2026-06-30 00:55	73.443	73.540	73.443	73.510	5
2026-06-30 01:00	73.458	73.570	73.320	73.390	5
2026-06-30 01:05	73.395	73.550	73.380	73.520	5
2026-06-30 01:10	73.525	73.665	73.430	73.450	5
2026-06-30 01:15	73.445	73.490	73.407	73.490	5
2026-06-30 01:20	73.480	73.520	73.415	73.450	5
2026-06-30 01:25	73.440	73.510	73.405	73.440	5
2026-06-30 01:30	73.430	73.555	73.380	73.530	5
2026-06-30 01:35	73.525	73.590	73.495	73.545	5
2026-06-30 01:40	73.550	73.635	73.530	73.580	5
2026-06-30 01:45	73.590	73.620	73.545	73.575	5
2026-06-30 01:50	73.590	73.640	73.550	73.570	5
2026-06-30 01:55	73.565	73.585	73.515	73.570	5
2026-06-30 02:00	73.580	73.665	73.520	73.640	5
2026-06-30 02:05	73.645	73.700	73.640	73.665	5
2026-06-30 02:10	73.670	73.705	73.630	73.645	5
2026-06-30 02:15	73.650	73.680	73.625	73.640	5
2026-06-30 02:20	73.650	73.650	73.610	73.620	5
2026-06-30 02:25	73.610	73.660	73.555	73.655	5
2026-06-30 02:30	73.660	73.700	73.595	73.610	5
2026-06-30 02:35	73.605	73.665	73.590	73.640	5
2026-06-30 02:40	73.645	73.685	73.565	73.595	5
2026-06-30 02:45	73.600	73.730	73.595	73.710	5
2026-06-30 02:50	73.715	73.980	73.690	73.950	5
2026-06-30 02:55	73.945	74.040	73.815	73.865	5
2026-06-30 03:00	73.828	73.910	73.823	73.860	5
2026-06-30 03:05	73.870	73.895	73.775	73.775	5
2026-06-30 03:10	73.780	73.875	73.775	73.860	5
2026-06-30 03:15	73.865	73.880	73.810	73.840	5
2026-06-30 03:20	73.845	73.860	73.785	73.810	5
2026-06-30 03:25	73.815	73.820	73.690	73.700	5
2026-06-30 03:30	73.690	73.805	73.690	73.720	5
2026-06-30 03:35	73.730	73.745	73.643	73.643	5
2026-06-30 03:40	73.700	73.700	73.585	73.590	5
2026-06-30 03:45	73.595	73.635	73.585	73.625	5
2026-06-30 03:50	73.620	73.640	73.573	73.585	5
2026-06-30 03:55	73.595	73.605	73.503	73.605	5
2026-06-30 04:00	73.600	73.640	73.583	73.640	5
2026-06-30 04:05	73.630	73.670	73.588	73.670	5
2026-06-30 04:10	73.665	73.680	73.640	73.670	5
2026-06-30 04:15	73.623	73.680	73.623	73.623	5
2026-06-30 04:20	73.660	73.700	73.585	73.620	5
2026-06-30 04:25	73.630	73.630	73.497	73.505	5
2026-06-30 04:30	73.510	73.550	73.485	73.530	5
2026-06-30 04:35	73.525	73.525	73.485	73.510	5
2026-06-30 04:40	73.505	73.515	73.485	73.490	5
2026-06-30 04:45	73.443	73.515	73.443	73.490	5
2026-06-30 04:50	73.443	73.505	73.438	73.485	5
2026-06-30 04:55	73.438	73.510	73.438	73.490	5
2026-06-30 05:00	73.485	73.490	73.205	73.390	5
2026-06-30 05:05	73.385	73.395	73.275	73.300	5
2026-06-30 05:10	73.310	73.485	73.305	73.480	5
2026-06-30 05:15	73.460	73.470	73.420	73.470	5
2026-06-30 05:20	73.475	73.480	73.440	73.470	5
2026-06-30 05:25	73.480	73.480	73.435	73.470	5
2026-06-30 05:30	73.450	73.515	73.330	73.420	5
2026-06-30 05:35	73.415	73.590	73.390	73.505	5
2026-06-30 05:40	73.510	73.545	73.470	73.530	5
2026-06-30 05:45	73.535	73.575	73.430	73.435	5
2026-06-30 05:50	73.440	73.450	73.370	73.420	5
2026-06-30 05:55	73.430	73.430	73.290	73.340	5
2026-06-30 06:00	73.335	73.375	73.210	73.210	5
2026-06-30 06:05	73.215	73.335	73.205	73.330	5
2026-06-30 06:10	73.325	73.345	73.205	73.270	5
2026-06-30 06:15	73.265	73.270	73.183	73.200	5
2026-06-30 06:20	73.205	73.215	73.070	73.130	5
2026-06-30 06:25	73.125	73.210	73.083	73.105	5
2026-06-30 06:30	73.115	73.250	73.065	73.200	5
2026-06-30 06:35	73.205	73.265	73.050	73.140	5
2026-06-30 06:40	73.135	73.285	73.120	73.270	5
2026-06-30 06:45	73.208	73.315	73.203	73.315	5
2026-06-30 06:50	73.325	73.465	73.323	73.390	5
2026-06-30 06:55	73.385	73.410	73.328	73.380	5
2026-06-30 07:00	73.385	73.530	73.303	73.500	5
2026-06-30 07:05	73.505	73.505	73.363	73.400	5
2026-06-30 07:10	73.390	73.590	73.373	73.530	5
2026-06-30 07:15	73.525	73.550	73.443	73.480	5
2026-06-30 07:20	73.485	73.595	73.443	73.500	5
2026-06-30 07:25	73.510	73.525	73.428	73.515	5
2026-06-30 07:30	73.510	73.585	73.425	73.460	5
2026-06-30 07:35	73.450	73.460	73.340	73.410	5
2026-06-30 07:40	73.400	73.440	73.350	73.405	5
2026-06-30 07:45	73.410	73.570	73.400	73.510	5
2026-06-30 07:50	73.500	73.575	73.450	73.525	5
2026-06-30 07:55	73.520	73.540	73.353	73.455	5
2026-06-30 08:00	73.403	73.520	73.323	73.485	5
2026-06-30 08:05	73.490	73.555	73.403	73.470	5
2026-06-30 08:10	73.480	73.825	73.470	73.780	5
2026-06-30 08:15	73.770	73.970	73.680	73.735	5
2026-06-30 08:20	73.730	73.840	73.623	73.800	5
2026-06-30 08:25	73.795	73.815	73.638	73.700	5
2026-06-30 08:30	73.715	74.015	73.635	74.015	5
2026-06-30 08:35	74.010	74.060	73.850	73.880	5
2026-06-30 08:40	73.870	74.025	73.823	73.950	5
2026-06-30 08:45	73.940	74.025	73.890	73.960	5
2026-06-30 08:50	73.955	73.995	73.755	73.755	5
2026-06-30 08:55	73.735	73.760	73.528	73.695	5
2026-06-30 09:00	73.690	73.775	73.643	73.740	5
2026-06-30 09:05	73.735	73.785	73.668	73.755	5
2026-06-30 09:10	73.745	73.775	73.705	73.735	5
2026-06-30 09:15	73.740	73.860	73.733	73.845	5
2026-06-30 09:20	73.773	73.940	73.648	73.915	5
2026-06-30 09:25	73.890	73.965	73.650	73.915	5
2026-06-30 09:30	73.910	74.085	73.873	74.025	5
2026-06-30 09:35	73.983	74.095	73.898	73.960	5
2026-06-30 09:40	73.965	74.055	73.933	74.010	5
2026-06-30 09:45	74.000	74.075	73.980	74.040	5
2026-06-30 09:50	74.035	74.105	73.938	74.100	5
2026-06-30 09:55	74.105	74.225	74.065	74.225	5
2026-06-30 10:00	74.220	74.350	74.215	74.220	5
2026-06-30 10:05	74.215	74.270	74.150	74.270	5
2026-06-30 10:10	74.275	74.295	74.220	74.235	5
2026-06-30 10:15	74.225	74.270	74.150	74.180	5
2026-06-30 10:20	74.185	74.190	74.048	74.120	5
2026-06-30 10:25	74.110	74.130	73.883	73.920	5
2026-06-30 10:30	73.925	74.135	73.905	74.040	5
2026-06-30 10:35	74.050	74.060	73.953	73.980	5
2026-06-30 10:40	73.990	74.000	73.765	73.835	5
2026-06-30 10:45	73.830	73.935	73.820	73.900	5
2026-06-30 10:50	73.905	73.980	73.813	73.970	5
2026-06-30 10:55	73.960	74.015	73.910	73.920	5
2026-06-30 11:00	73.940	74.020	73.905	73.965	5
2026-06-30 11:05	73.940	73.960	73.920	73.940	5
2026-06-30 11:10	73.935	74.010	73.875	73.910	5
2026-06-30 11:15	73.905	73.915	73.810	73.835	5
2026-06-30 11:20	73.830	73.920	73.760	73.865	5
2026-06-30 11:25	73.823	74.020	73.795	74.000	5
2026-06-30 11:30	74.015	74.100	73.968	74.055	5
2026-06-30 11:35	74.050	74.080	73.983	74.070	5
2026-06-30 11:40	74.075	74.145	74.055	74.130	5
2026-06-30 11:45	74.140	74.215	74.103	74.215	5
2026-06-30 11:50	74.225	74.350	74.113	74.300	5
2026-06-30 11:55	74.305	74.440	74.250	74.405	5
2026-06-30 12:00	74.420	74.465	74.320	74.410	5
2026-06-30 12:05	74.415	74.465	74.348	74.395	5
2026-06-30 12:10	74.390	74.440	74.285	74.420	5
2026-06-30 12:15	74.415	74.805	74.400	74.560	5
2026-06-30 12:20	74.550	74.555	74.435	74.515	5
2026-06-30 12:25	74.510	74.515	74.385	74.475	5
2026-06-30 12:30	74.470	74.475	74.338	74.390	5
2026-06-30 12:35	74.385	74.385	74.155	74.180	5
2026-06-30 12:40	74.175	74.280	74.108	74.220	5
2026-06-30 12:45	74.210	74.305	74.185	74.240	5
2026-06-30 12:50	74.245	74.265	74.175	74.190	5
2026-06-30 12:55	74.185	74.260	74.133	74.205	5
2026-06-30 13:00	74.200	74.475	74.100	74.460	5
2026-06-30 13:05	74.465	74.545	74.393	74.440	5
2026-06-30 13:10	74.435	74.750	74.435	74.740	5
2026-06-30 13:15	74.735	74.820	74.403	74.410	5
2026-06-30 13:20	74.405	74.415	74.200	74.270	5
2026-06-30 13:25	74.265	74.545	74.200	74.515	5
2026-06-30 13:30	74.475	74.475	74.200	74.260	5
2026-06-30 13:35	74.270	74.275	74.200	74.205	5
2026-06-30 13:40	74.210	74.220	74.010	74.050	5
2026-06-30 13:45	74.055	74.125	73.993	74.005	5
2026-06-30 13:50	74.015	74.135	73.973	74.135	5
2026-06-30 13:55	74.125	74.275	74.105	74.230	5
2026-06-30 14:00	74.240	74.295	74.200	74.290	5
2026-06-30 14:05	74.285	74.310	74.128	74.235	5
2026-06-30 14:10	74.240	74.260	74.153	74.185	5
2026-06-30 14:15	74.180	74.185	73.928	73.970	5
2026-06-30 14:20	73.965	74.035	73.915	73.975	5
2026-06-30 14:25	73.965	74.175	73.960	74.160	5
2026-06-30 14:30	74.165	74.220	74.060	74.070	5
2026-06-30 14:35	74.060	74.175	74.000	74.010	5
2026-06-30 14:40	74.020	74.075	73.918	73.970	5
2026-06-30 14:45	73.975	74.030	73.853	73.935	5
2026-06-30 14:50	73.940	73.945	73.813	73.885	5
2026-06-30 14:55	73.890	73.955	73.803	73.925	5
2026-06-30 15:00	73.935	73.940	73.720	73.820	5
2026-06-30 15:05	73.815	73.825	73.745	73.785	5
2026-06-30 15:10	73.790	73.825	73.685	73.760	5
2026-06-30 15:15	73.765	73.865	73.765	73.785	5
2026-06-30 15:20	73.790	73.855	73.605	73.625	5
2026-06-30 15:25	73.615	73.655	73.533	73.600	5
2026-06-30 15:30	73.545	73.725	73.493	73.605	5
2026-06-30 15:35	73.600	73.660	73.495	73.550	5
2026-06-30 15:40	73.555	73.685	73.550	73.650	5
2026-06-30 15:45	73.645	73.685	73.493	73.540	5
2026-06-30 15:50	73.535	73.545	73.405	73.425	5
2026-06-30 15:55	73.420	73.425	73.305	73.345	5
2026-06-30 16:00	73.350	73.460	73.323	73.450	5
2026-06-30 16:05	73.455	73.520	73.440	73.520	5
2026-06-30 16:10	73.525	73.655	73.485	73.650	5
2026-06-30 16:15	73.635	73.705	73.550	73.585	5
2026-06-30 16:20	73.575	73.625	73.555	73.570	5
2026-06-30 16:25	73.575	73.595	73.510	73.535	5
2026-06-30 16:30	73.540	73.540	73.385	73.385	5
2026-06-30 16:35	73.395	73.455	73.380	73.405	5
2026-06-30 16:40	73.420	73.500	73.400	73.495	5
2026-06-30 16:45	73.500	73.500	73.405	73.435	5
2026-06-30 16:50	73.445	73.515	73.388	73.415	5
2026-06-30 16:55	73.420	73.425	73.273	73.330	5
2026-06-30 17:00	73.325	73.350	73.265	73.305	5
2026-06-30 17:05	73.310	73.340	73.285	73.330	5
2026-06-30 17:10	73.335	73.370	73.293	73.335	5
2026-06-30 17:15	73.345	73.385	73.273	73.280	5
2026-06-30 17:20	73.285	73.305	73.170	73.220	5
2026-06-30 17:25	73.215	73.235	73.035	73.110	5
2026-06-30 17:30	73.105	73.145	73.065	73.100	5
2026-06-30 17:35	73.090	73.130	73.045	73.065	5
2026-06-30 17:40	73.070	73.120	73.013	73.120	5
2026-06-30 17:45	73.125	73.190	73.083	73.185	5
2026-06-30 17:50	73.180	73.185	73.130	73.155	5
2026-06-30 17:55	73.145	73.210	73.118	73.135	5
2026-06-30 18:00	73.140	73.195	73.053	73.125	5
2026-06-30 18:05	73.140	73.165	73.075	73.100	5
2026-06-30 18:10	73.105	73.115	72.910	72.945	5
2026-06-30 18:15	72.950	72.965	72.875	72.890	5
2026-06-30 18:20	72.885	72.915	72.655	72.700	5
2026-06-30 18:25	72.700	72.995	72.700	72.925	5
2026-06-30 18:30	72.935	73.035	72.883	73.030	5
2026-06-30 18:35	73.025	73.135	72.983	73.110	5
2026-06-30 18:40	73.115	73.215	73.095	73.170	5
2026-06-30 18:45	73.165	73.300	73.125	73.275	5
2026-06-30 18:50	73.270	73.390	73.265	73.280	5
2026-06-30 18:55	73.290	73.345	73.275	73.325	5
2026-06-30 19:00	73.340	73.340	73.230	73.270	5
2026-06-30 19:05	73.275	73.335	73.275	73.310	5
2026-06-30 19:10	73.305	73.335	73.220	73.255	5
2026-06-30 19:15	73.250	73.320	73.240	73.270	5
2026-06-30 19:20	73.275	73.385	73.243	73.350	5
2026-06-30 19:25	73.355	73.365	73.325	73.335	5
2026-06-30 19:30	73.340	73.425	73.330	73.390	5
2026-06-30 19:35	73.395	73.425	73.323	73.420	5
2026-06-30 19:40	73.425	73.455	73.340	73.365	5
2026-06-30 19:45	73.370	73.405	73.355	73.365	5
2026-06-30 19:50	73.370	73.440	73.328	73.405	5
2026-06-30 19:55	73.400	73.445	73.390	73.405	5
2026-06-30 20:00	73.410	73.427	73.382	73.387	5
2026-06-30 20:05	73.392	73.432	73.392	73.412	5
2026-06-30 20:10	73.417	73.457	73.308	73.367	5
2026-06-30 20:15	73.372	73.397	73.347	73.347	5
2026-06-30 20:20	73.357	73.407	73.327	73.377	5
2026-06-30 20:25	73.358	73.402	73.358	73.382	5
2026-06-30 20:30	73.392	73.397	73.317	73.327	5
2026-06-30 20:35	73.332	73.377	73.307	73.372	5
2026-06-30 20:40	73.367	73.382	73.327	73.357	5
2026-06-30 20:45	73.352	73.382	73.337	73.377	5
2026-06-30 20:50	73.372	73.382	73.312	73.327	5
2026-06-30 20:55	73.332	73.377	73.322	73.327	5
2026-07-01 00:00	73.387	73.500	73.387	73.455	5
2026-07-01 00:05	73.445	73.505	73.380	73.470	5
2026-07-01 00:10	73.460	73.460	73.420	73.445	5
2026-07-01 00:15	73.455	73.470	73.415	73.440	5
2026-07-01 00:20	73.430	73.430	73.345	73.370	5
2026-07-01 00:25	73.375	73.375	73.323	73.360	5
2026-07-01 00:30	73.365	73.455	73.323	73.450	5
2026-07-01 00:35	73.420	73.460	73.390	73.450	5
2026-07-01 00:40	73.455	73.455	73.393	73.420	5
2026-07-01 00:45	73.415	73.420	73.343	73.410	5
2026-07-01 00:50	73.400	73.440	73.400	73.420	5
2026-07-01 00:55	73.373	73.495	73.373	73.495	5
2026-07-01 01:00	73.500	73.510	73.270	73.310	5
2026-07-01 01:05	73.305	73.340	73.210	73.340	5
2026-07-01 01:10	73.335	73.335	73.270	73.300	5
2026-07-01 01:15	73.295	73.360	73.200	73.250	5
2026-07-01 01:20	73.245	73.250	73.183	73.215	5
2026-07-01 01:25	73.220	73.300	73.190	73.285	5
2026-07-01 01:30	73.290	73.330	73.240	73.275	5
2026-07-01 01:35	73.270	73.290	73.140	73.150	5
2026-07-01 01:40	73.140	73.240	73.108	73.210	5
2026-07-01 01:45	73.200	73.260	73.180	73.190	5
2026-07-01 01:50	73.185	73.200	73.065	73.090	5
2026-07-01 01:55	73.085	73.200	73.050	73.160	5
2026-07-01 02:00	73.150	73.175	73.100	73.120	5
2026-07-01 02:05	73.125	73.145	73.050	73.085	5
2026-07-01 02:10	73.080	73.160	73.075	73.125	5
2026-07-01 02:15	73.120	73.175	73.120	73.170	5
2026-07-01 02:20	73.165	73.245	73.165	73.230	5
2026-07-01 02:25	73.225	73.240	73.150	73.155	5
2026-07-01 02:30	73.150	73.200	73.120	73.200	5
2026-07-01 02:35	73.210	73.285	73.180	73.190	5
2026-07-01 02:40	73.185	73.220	73.160	73.215	5
2026-07-01 02:45	73.210	73.255	73.175	73.200	5
2026-07-01 02:50	73.195	73.200	73.165	73.180	5
2026-07-01 02:55	73.170	73.245	73.165	73.215	5
2026-07-01 03:00	73.168	73.270	73.168	73.200	5
2026-07-01 03:05	73.205	73.290	73.205	73.230	5
2026-07-01 03:10	73.215	73.235	73.170	73.210	5
2026-07-01 03:15	73.215	73.290	73.205	73.275	5
2026-07-01 03:20	73.270	73.275	73.230	73.240	5
2026-07-01 03:25	73.245	73.250	73.180	73.210	5
2026-07-01 03:30	73.200	73.325	73.200	73.270	5
2026-07-01 03:35	73.260	73.265	73.240	73.260	5
2026-07-01 03:40	73.250	73.260	73.203	73.213	3
2026-07-01 03:45	73.260	73.265	73.210	73.230	5
2026-07-01 03:50	73.183	73.230	73.173	73.220	5
2026-07-01 03:55	73.173	73.250	73.173	73.245	4
2026-07-01 04:00	73.193	73.270	73.193	73.260	5
2026-07-01 04:05	73.255	73.275	73.255	73.260	5
2026-07-01 04:10	73.255	73.265	73.210	73.210	5
2026-07-01 04:15	73.205	73.210	73.158	73.210	5
2026-07-01 04:20	73.163	73.220	73.163	73.200	5
2026-07-01 04:25	73.195	73.210	73.133	73.205	5
2026-07-01 04:30	73.200	73.220	73.138	73.165	5
2026-07-01 04:35	73.118	73.200	73.118	73.180	5
2026-07-01 04:40	73.170	73.185	73.160	73.180	5
2026-07-01 04:45	73.133	73.190	73.133	73.140	5
2026-07-01 04:50	73.145	73.190	73.120	73.190	5
2026-07-01 04:55	73.195	73.200	73.150	73.170	5
2026-07-01 05:00	73.175	73.180	73.123	73.170	5
2026-07-01 05:05	73.123	73.170	73.123	73.160	4
2026-07-01 05:10	73.170	73.210	73.155	73.200	5
2026-07-01 05:15	73.195	73.215	73.185	73.190	5
2026-07-01 05:20	73.143	73.295	73.143	73.245	5
2026-07-01 05:25	73.250	73.260	73.200	73.210	5
2026-07-01 05:30	73.205	73.225	73.150	73.185	5
2026-07-01 05:35	73.180	73.190	73.135	73.160	5
2026-07-01 05:40	73.155	73.160	73.085	73.150	5
2026-07-01 05:45	73.145	73.220	73.120	73.190	5
2026-07-01 05:50	73.200	73.210	73.040	73.065	5
2026-07-01 05:55	73.070	73.080	73.010	73.030	5
2026-07-01 06:00	73.025	73.135	72.978	73.070	5
2026-07-01 06:05	73.080	73.120	73.020	73.110	5
2026-07-01 06:10	73.120	73.120	73.015	73.060	5
2026-07-01 06:15	73.065	73.070	72.943	73.040	5
2026-07-01 06:20	73.030	73.030	72.965	72.990	5
2026-07-01 06:25	73.000	73.030	72.905	72.990	5
2026-07-01 06:30	72.980	73.045	72.905	72.950	5
2026-07-01 06:35	72.945	72.985	72.903	72.930	5
2026-07-01 06:40	72.940	73.090	72.908	73.030	5
2026-07-01 06:45	73.035	73.070	72.935	72.950	5
2026-07-01 06:50	72.935	72.995	72.920	72.970	5
2026-07-01 06:55	72.980	73.080	72.958	73.070	5
2026-07-01 07:00	73.028	73.090	72.950	73.040	5
2026-07-01 07:05	73.035	73.040	72.888	72.960	5
2026-07-01 07:10	72.955	73.215	72.955	73.200	5
2026-07-01 07:15	73.190	73.205	73.030	73.030	5
2026-07-01 07:20	73.035	73.105	72.925	72.935	5
2026-07-01 07:25	72.930	72.960	72.863	72.935	5
2026-07-01 07:30	72.930	73.015	72.895	73.005	5
2026-07-01 07:35	72.990	73.055	72.885	72.895	5
2026-07-01 07:40	72.900	72.975	72.723	72.955	5
2026-07-01 07:45	72.950	73.040	72.930	72.990	5
2026-07-01 07:50	72.980	72.980	72.895	72.930	5
2026-07-01 07:55	72.925	72.945	72.860	72.905	5
2026-07-01 08:00	72.910	72.970	72.880	72.965	5
2026-07-01 08:05	72.985	72.985	72.750	72.835	5
2026-07-01 08:10	72.840	72.930	72.805	72.860	5
2026-07-01 08:15	72.855	72.885	72.583	72.640	5
2026-07-01 08:20	72.645	72.665	72.540	72.555	5
2026-07-01 08:25	72.550	72.555	72.400	72.420	5
2026-07-01 08:30	72.410	72.495	72.175	72.245	5
2026-07-01 08:35	72.250	72.300	72.155	72.300	5
2026-07-01 08:40	72.305	72.345	72.173	72.245	5
2026-07-01 08:45	72.240	72.305	72.078	72.115	5
2026-07-01 08:50	72.125	72.135	72.040	72.060	5
2026-07-01 08:55	72.055	72.055	71.693	71.750	5
2026-07-01 09:00	71.708	71.865	71.680	71.835	5
2026-07-01 09:05	71.845	71.970	71.623	71.785	5
2026-07-01 09:10	71.780	71.790	71.650	71.715	5
2026-07-01 09:15	71.720	71.770	71.673	71.755	5
2026-07-01 09:20	71.750	71.870	71.725	71.815	5
2026-07-01 09:25	71.820	71.895	71.763	71.845	5
2026-07-01 09:30	71.830	71.960	71.783	71.900	5
2026-07-01 09:35	71.895	71.910	71.833	71.885	5
2026-07-01 09:40	71.880	72.065	71.850	72.045	5
2026-07-01 09:45	72.050	72.200	72.050	72.190	5
2026-07-01 09:50	72.180	72.205	72.100	72.130	5
2026-07-01 09:55	72.135	72.180	72.120	72.175	5
2026-07-01 10:00	72.180	72.380	72.180	72.350	5
2026-07-01 10:05	72.345	72.370	72.233	72.285	5
2026-07-01 10:10	72.295	72.395	72.253	72.360	5
2026-07-01 10:15	72.355	72.355	72.093	72.220	5
2026-07-01 10:20	72.205	72.210	72.135	72.195	5
2026-07-01 10:25	72.190	72.260	72.140	72.170	5
2026-07-01 10:30	72.165	72.245	72.118	72.200	5
2026-07-01 10:35	72.190	72.190	72.013	72.100	5
2026-07-01 10:40	72.115	72.310	72.115	72.265	5
2026-07-01 10:45	72.260	72.270	72.195	72.260	5
2026-07-01 10:50	72.265	72.325	72.198	72.275	5
2026-07-01 10:55	72.265	72.285	72.150	72.235	5
2026-07-01 11:00	72.225	72.280	72.113	72.190	5
2026-07-01 11:05	72.195	72.300	72.173	72.290	5
2026-07-01 11:10	72.285	72.390	72.270	72.345	5
2026-07-01 11:15	72.340	72.390	72.220	72.375	5
2026-07-01 11:20	72.370	72.375	72.265	72.315	5
2026-07-01 11:25	72.320	72.360	72.265	72.290	5
2026-07-01 11:30	72.285	72.345	72.200	72.330	5
2026-07-01 11:35	72.325	72.330	72.190	72.285	5
2026-07-01 11:40	72.275	72.315	72.165	72.185	5
2026-07-01 11:45	72.190	72.265	72.170	72.245	5
2026-07-01 11:50	72.255	72.365	72.245	72.330	5
2026-07-01 11:55	72.335	72.345	72.230	72.270	5
2026-07-01 12:00	72.233	72.285	72.205	72.225	5
2026-07-01 12:05	72.220	72.220	72.065	72.115	5
2026-07-01 12:10	72.110	72.110	72.000	72.040	5
2026-07-01 12:15	72.025	72.275	72.015	72.260	5
2026-07-01 12:20	72.265	72.275	72.048	72.110	5
2026-07-01 12:25	72.115	72.115	72.000	72.020	5
2026-07-01 12:30	72.030	72.070	71.920	71.925	5
2026-07-01 12:35	71.915	71.975	71.883	71.955	5
2026-07-01 12:40	71.950	71.965	71.843	71.945	5
2026-07-01 12:45	71.950	71.955	71.715	71.730	5
2026-07-01 12:50	71.725	71.815	71.708	71.805	5
2026-07-01 12:55	71.815	71.900	71.800	71.820	5
2026-07-01 13:00	71.825	72.225	71.818	72.135	5
2026-07-01 13:05	72.130	72.255	72.100	72.160	5
2026-07-01 13:10	72.155	72.270	72.110	72.170	5
2026-07-01 13:15	72.185	72.185	71.903	71.960	5
2026-07-01 13:20	71.955	71.965	71.840	71.940	5
2026-07-01 13:25	71.945	71.995	71.783	71.808	5
2026-07-01 13:30	71.798	71.870	71.733	71.765	5
2026-07-01 13:35	71.770	71.980	71.765	71.950	5
2026-07-01 13:40	71.945	72.000	71.818	71.935	5
2026-07-01 13:45	71.940	72.140	71.930	72.060	5
2026-07-01 13:50	72.065	72.215	72.023	72.115	5
2026-07-01 13:55	72.120	72.165	72.083	72.125	5
2026-07-01 14:00	72.120	72.175	71.960	72.070	5
2026-07-01 14:05	72.060	72.065	71.930	71.975	5
2026-07-01 14:10	71.970	71.975	71.835	71.935	5
2026-07-01 14:15	71.945	71.985	71.845	71.895	5
2026-07-01 14:20	71.910	71.925	71.855	71.915	5
2026-07-01 14:25	71.925	72.000	71.785	71.860	5
2026-07-01 14:30	71.845	71.900	71.695	71.770	5
2026-07-01 14:35	71.780	71.895	71.725	71.845	5
2026-07-01 14:40	71.835	71.835	71.670	71.735	5
2026-07-01 14:45	71.730	71.775	71.393	71.470	5
2026-07-01 14:50	71.475	71.510	71.300	71.315	5
2026-07-01 14:55	71.310	71.365	71.213	71.260	5
2026-07-01 15:00	71.228	71.405	71.153	71.395	5
2026-07-01 15:05	71.385	71.440	71.288	71.430	5
2026-07-01 15:10	71.445	71.650	71.423	71.505	5
2026-07-01 15:15	71.500	71.545	71.415	71.475	5
2026-07-01 15:20	71.465	71.480	71.310	71.320	5
2026-07-01 15:25	71.315	71.365	71.133	71.150	5
2026-07-01 15:30	71.140	71.305	71.108	71.290	5
2026-07-01 15:35	71.295	71.325	71.183	71.265	5
2026-07-01 15:40	71.260	71.390	71.225	71.365	5
2026-07-01 15:45	71.375	71.425	71.255	71.260	5
2026-07-01 15:50	71.255	71.270	71.140	71.175	5
2026-07-01 15:55	71.165	71.225	71.103	71.200	5
2026-07-01 16:00	71.185	71.190	71.075	71.090	5
2026-07-01 16:05	71.095	71.150	71.043	71.090	5
2026-07-01 16:10	71.085	71.195	71.033	71.185	5
2026-07-01 16:15	71.190	71.350	71.185	71.295	5
2026-07-01 16:20	71.300	71.345	71.243	71.320	5
2026-07-01 16:25	71.315	71.315	71.173	71.245	5
2026-07-01 16:30	71.250	71.305	71.183	71.305	5
2026-07-01 16:35	71.315	71.350	71.275	71.330	5
2026-07-01 16:40	71.315	71.375	71.305	71.330	5
2026-07-01 16:45	71.335	71.365	71.275	71.340	5
2026-07-01 16:50	71.345	71.445	71.333	71.420	5
2026-07-01 16:55	71.425	71.425	71.285	71.300	5
2026-07-01 17:00	71.295	71.350	71.175	71.205	5
2026-07-01 17:05	71.215	71.300	71.210	71.235	5
2026-07-01 17:10	71.230	71.285	71.205	71.255	5
2026-07-01 17:15	71.250	71.360	71.248	71.335	5
2026-07-01 17:20	71.325	71.370	71.290	71.300	5
2026-07-01 17:25	71.295	71.375	71.295	71.375	5
2026-07-01 17:30	71.365	71.385	71.305	71.335	5
2026-07-01 17:35	71.330	71.355	71.305	71.320	5
2026-07-01 17:40	71.315	71.335	71.203	71.265	5
2026-07-01 17:45	71.260	71.305	71.225	71.245	5
2026-07-01 17:50	71.235	71.280	71.155	71.250	5
2026-07-01 17:55	71.245	71.375	71.225	71.370	5
2026-07-01 18:00	71.375	71.460	71.365	71.405	5
2026-07-01 18:05	71.415	71.445	71.363	71.415	5
2026-07-01 18:10	71.410	71.420	71.305	71.325	5
2026-07-01 18:15	71.283	71.385	71.283	71.335	5
2026-07-01 18:20	71.325	71.375	71.305	71.315	5
2026-07-01 18:25	71.310	71.705	71.265	71.655	5
2026-07-01 18:30	71.675	71.695	71.535	71.560	5
2026-07-01 18:35	71.565	71.585	71.475	71.480	5
2026-07-01 18:40	71.495	71.500	71.408	71.485	5
2026-07-01 18:45	71.490	71.515	71.455	71.485	5
2026-07-01 18:50	71.475	71.480	71.435	71.455	5
2026-07-01 18:55	71.460	71.460	71.365	71.375	5
2026-07-01 19:00	71.365	71.375	71.335	71.335	5
2026-07-01 19:05	71.340	71.355	71.270	71.270	5
2026-07-01 19:10	71.275	71.365	71.275	71.365	5
2026-07-01 19:15	71.323	71.390	71.323	71.365	5
2026-07-01 19:20	71.370	71.395	71.330	71.390	5
2026-07-01 19:25	71.385	71.390	71.305	71.305	5
2026-07-01 19:30	71.310	71.315	71.265	71.270	5
2026-07-01 19:35	71.265	71.285	71.105	71.145	5
2026-07-01 19:40	71.140	71.230	71.110	71.230	5
2026-07-01 19:45	71.225	71.235	71.165	71.185	5
2026-07-01 19:50	71.175	71.195	71.140	71.150	5
2026-07-01 19:55	71.145	71.145	71.008	71.120	5
2026-07-01 20:00	71.125	71.127	71.072	71.107	5
2026-07-01 20:05	71.112	71.137	71.072	71.097	5
2026-07-01 20:10	71.082	71.157	71.072	71.097	5
2026-07-01 20:15	71.087	71.127	71.052	71.127	5
2026-07-01 20:20	71.142	71.202	71.142	71.197	5
2026-07-01 20:25	71.202	71.212	71.187	71.192	5
2026-07-01 20:30	71.182	71.192	71.117	71.137	5
2026-07-01 20:35	71.152	71.182	71.127	71.147	5
2026-07-01 20:40	71.162	71.167	71.137	71.147	5
2026-07-01 20:45	71.142	71.182	71.137	71.157	5
2026-07-01 20:50	71.162	71.162	71.112	71.117	5
2026-07-01 20:55	71.122	71.132	71.097	71.132	5
2026-07-02 00:00	71.177	71.177	70.995	71.005	5
2026-07-02 00:05	71.010	71.020	70.880	71.000	5
2026-07-02 00:10	70.995	71.065	70.990	71.065	5
2026-07-02 00:15	71.060	71.065	71.000	71.000	5
2026-07-02 00:20	70.995	71.035	70.950	70.950	5
2026-07-02 00:25	70.960	70.975	70.900	70.970	5
2026-07-02 00:30	70.980	71.020	70.975	70.990	5
2026-07-02 00:35	70.985	70.995	70.925	70.930	5
2026-07-02 00:40	70.935	70.960	70.878	70.900	5
2026-07-02 00:45	70.895	70.930	70.788	70.870	5
2026-07-02 00:50	70.875	70.960	70.860	70.945	5
2026-07-02 00:55	70.950	71.000	70.950	70.985	5
2026-07-02 01:00	70.980	71.030	70.748	70.900	5
2026-07-02 01:05	70.915	70.980	70.740	70.760	5
2026-07-02 01:10	70.755	70.870	70.755	70.845	5
2026-07-02 01:15	70.840	70.910	70.770	70.885	5
2026-07-02 01:20	70.880	70.885	70.670	70.730	5
2026-07-02 01:25	70.720	70.740	70.650	70.670	5
2026-07-02 01:30	70.675	70.780	70.665	70.750	5
2026-07-02 01:35	70.760	70.830	70.745	70.770	5
2026-07-02 01:40	70.785	70.835	70.750	70.820	5
2026-07-02 01:45	70.815	70.815	70.685	70.760	5
2026-07-02 01:50	70.750	70.770	70.710	70.760	5
2026-07-02 01:55	70.755	70.900	70.750	70.865	5
2026-07-02 02:00	70.870	70.905	70.730	70.890	5
2026-07-02 02:05	70.895	71.045	70.823	70.990	5
2026-07-02 02:10	70.985	71.070	70.910	70.910	5
2026-07-02 02:15	70.920	70.930	70.843	70.890	5
2026-07-02 02:20	70.885	70.910	70.870	70.880	5
2026-07-02 02:25	70.870	70.905	70.860	70.900	5
2026-07-02 02:30	70.895	70.960	70.860	70.955	5
2026-07-02 02:35	70.950	70.970	70.830	70.850	5
2026-07-02 02:40	70.845	70.870	70.790	70.820	5
2026-07-02 02:45	70.825	70.835	70.780	70.830	5
2026-07-02 02:50	70.820	70.895	70.740	70.740	5
2026-07-02 02:55	70.760	70.800	70.710	70.750	5
2026-07-02 03:00	70.735	70.820	70.735	70.780	5
2026-07-02 03:05	70.775	70.800	70.720	70.775	5
2026-07-02 03:10	70.770	70.780	70.625	70.650	5
2026-07-02 03:15	70.655	70.665	70.615	70.660	5
2026-07-02 03:20	70.650	70.675	70.630	70.640	5
2026-07-02 03:25	70.625	70.670	70.620	70.660	5
2026-07-02 03:30	70.665	70.765	70.623	70.730	5
2026-07-02 03:35	70.735	70.760	70.710	70.725	5
2026-07-02 03:40	70.678	70.765	70.678	70.760	5
2026-07-02 03:45	70.755	70.765	70.613	70.755	5
2026-07-02 03:50	70.750	70.810	70.750	70.790	5
2026-07-02 03:55	70.780	70.780	70.630	70.730	5
2026-07-02 04:00	70.725	70.790	70.725	70.790	5
2026-07-02 04:05	70.800	70.825	70.780	70.780	5
2026-07-02 04:10	70.790	70.810	70.780	70.800	5
2026-07-02 04:15	70.753	70.810	70.753	70.805	5
2026-07-02 04:20	70.800	70.830	70.795	70.820	5
2026-07-02 04:25	70.815	70.840	70.773	70.830	5
2026-07-02 04:30	70.825	70.840	70.800	70.810	5
2026-07-02 04:35	70.805	70.890	70.800	70.860	5
2026-07-02 04:40	70.865	70.900	70.828	70.843	5
2026-07-02 04:45	70.880	70.890	70.860	70.870	5
2026-07-02 04:50	70.860	70.875	70.813	70.870	5
2026-07-02 04:55	70.865	70.890	70.833	70.890	5
2026-07-02 05:00	70.885	70.910	70.860	70.865	5
2026-07-02 05:05	70.860	70.860	70.850	70.850	5
2026-07-02 05:10	70.840	70.865	70.793	70.850	5
2026-07-02 05:15	70.840	70.860	70.825	70.845	5
2026-07-02 05:20	70.850	70.885	70.850	70.860	5
2026-07-02 05:25	70.865	70.870	70.840	70.850	5
2026-07-02 05:30	70.855	70.890	70.760	70.810	5
2026-07-02 05:35	70.805	70.850	70.618	70.740	5
2026-07-02 05:40	70.750	70.815	70.720	70.770	5
2026-07-02 05:45	70.765	70.835	70.730	70.825	5
2026-07-02 05:50	70.830	70.890	70.815	70.845	5
2026-07-02 05:55	70.840	70.865	70.780	70.860	5
2026-07-02 06:00	70.875	70.910	70.720	70.750	5
2026-07-02 06:05	70.740	70.795	70.710	70.750	5
2026-07-02 06:10	70.740	70.740	70.650	70.690	5
2026-07-02 06:15	70.695	70.840	70.690	70.765	5
2026-07-02 06:20	70.760	70.920	70.743	70.920	5
2026-07-02 06:25	70.925	71.005	70.870	70.995	5
2026-07-02 06:30	71.005	71.010	70.745	70.745	5
2026-07-02 06:35	70.740	70.815	70.720	70.740	5
2026-07-02 06:40	70.745	70.800	70.740	70.780	5
2026-07-02 06:45	70.775	70.780	70.633	70.670	5
2026-07-02 06:50	70.660	70.695	70.565	70.645	5
2026-07-02 06:55	70.640	70.640	70.513	70.575	5
2026-07-02 07:00	70.570	70.600	70.495	70.545	5
2026-07-02 07:05	70.540	70.545	70.400	70.450	5
2026-07-02 07:10	70.445	70.465	70.353	70.455	5
2026-07-02 07:15	70.450	70.600	70.403	70.555	5
2026-07-02 07:20	70.550	70.710	70.515	70.690	5
2026-07-02 07:25	70.695	71.060	70.678	70.935	5
2026-07-02 07:30	70.945	71.115	70.915	71.025	5
2026-07-02 07:35	71.020	71.055	70.918	71.010	5
2026-07-02 07:40	71.000	71.090	70.953	71.070	5
2026-07-02 07:45	71.075	71.150	71.023	71.070	5
2026-07-02 07:50	71.075	71.130	70.950	70.950	5
2026-07-02 07:55	70.955	71.000	70.770	70.805	5
2026-07-02 08:00	70.825	70.895	70.733	70.865	5
2026-07-02 08:05	70.870	70.960	70.805	70.830	5
2026-07-02 08:10	70.835	71.150	70.775	71.070	5
2026-07-02 08:15	71.060	71.185	71.040	71.060	5
2026-07-02 08:20	71.070	71.115	70.950	71.035	5
2026-07-02 08:25	71.050	71.170	70.885	71.070	5
2026-07-02 08:30	71.055	71.165	70.815	70.835	5
2026-07-02 08:35	70.840	70.905	70.795	70.895	5
2026-07-02 08:40	70.885	70.975	70.858	70.915	5
2026-07-02 08:45	70.910	71.020	70.865	70.875	5
2026-07-02 08:50	70.880	70.890	70.753	70.795	5
2026-07-02 08:55	70.800	70.845	70.735	70.830	5
2026-07-02 09:00	70.835	70.850	70.740	70.800	5
2026-07-02 09:05	70.795	70.835	70.688	70.730	5
2026-07-02 09:10	70.725	70.730	70.503	70.620	5
2026-07-02 09:15	70.615	70.720	70.550	70.560	5
2026-07-02 09:20	70.565	70.630	70.465	70.495	5
2026-07-02 09:25	70.505	70.555	70.480	70.485	5
2026-07-02 09:30	70.475	70.580	70.465	70.570	5
2026-07-02 09:35	70.565	70.565	70.385	70.440	5
2026-07-02 09:40	70.435	70.555	70.390	70.555	5
2026-07-02 09:45	70.550	70.655	70.503	70.625	5
2026-07-02 09:50	70.595	70.605	70.485	70.540	5
2026-07-02 09:55	70.535	70.570	70.450	70.475	5
2026-07-02 10:00	70.505	70.545	70.433	70.440	5
2026-07-02 10:05	70.445	70.595	70.445	70.580	5
2026-07-02 10:10	70.575	70.625	70.470	70.575	5
2026-07-02 10:15	70.528	70.675	70.513	70.630	5
2026-07-02 10:20	70.635	70.700	70.600	70.685	5
2026-07-02 10:25	70.680	70.690	70.615	70.655	5
2026-07-02 10:30	70.650	70.665	70.613	70.650	5
2026-07-02 10:35	70.655	70.690	70.585	70.595	5
2026-07-02 10:40	70.610	70.705	70.605	70.665	5
2026-07-02 10:45	70.660	70.725	70.635	70.705	5
2026-07-02 10:50	70.715	70.715	70.625	70.625	5
2026-07-02 10:55	70.583	70.635	70.485	70.505	5
2026-07-02 11:00	70.500	70.650	70.475	70.645	5
2026-07-02 11:05	70.650	70.695	70.525	70.530	5
2026-07-02 11:10	70.525	70.590	70.490	70.545	5
2026-07-02 11:15	70.550	70.560	70.460	70.470	5
2026-07-02 11:20	70.475	70.475	70.335	70.375	5
2026-07-02 11:25	70.370	70.370	70.283	70.365	5
2026-07-02 11:30	70.370	70.370	70.125	70.165	5
2026-07-02 11:35	70.175	70.250	70.125	70.235	5
2026-07-02 11:40	70.245	70.400	70.245	70.385	5
2026-07-02 11:45	70.380	70.395	70.335	70.350	5
2026-07-02 11:50	70.370	70.435	70.293	70.425	5
2026-07-02 11:55	70.410	70.410	70.270	70.285	5
2026-07-02 12:00	70.243	70.430	70.233	70.345	5
2026-07-02 12:05	70.350	70.405	70.288	70.345	5
2026-07-02 12:10	70.330	70.370	70.265	70.295	5
2026-07-02 12:15	70.305	70.305	70.200	70.205	5
2026-07-02 12:20	70.190	70.300	70.160	70.270	5
2026-07-02 12:25	70.265	70.425	70.233	70.417	5
2026-07-02 12:30	70.410	70.455	70.313	70.390	5
2026-07-02 12:35	70.385	70.450	70.313	70.415	5
2026-07-02 12:40	70.420	70.460	70.328	70.335	5
2026-07-02 12:45	70.340	70.520	70.330	70.490	5
2026-07-02 12:50	70.495	70.670	70.495	70.580	5
2026-07-02 12:55	70.590	70.680	70.555	70.580	5
2026-07-02 13:00	70.533	70.725	70.478	70.695	5
2026-07-02 13:05	70.705	70.720	70.525	70.535	5
2026-07-02 13:10	70.530	70.590	70.480	70.560	5
2026-07-02 13:15	70.565	70.685	70.550	70.630	5
2026-07-02 13:20	70.635	70.795	70.595	70.740	5
2026-07-02 13:25	70.735	70.785	70.615	70.780	5
2026-07-02 13:30	70.795	70.875	70.705	70.715	5
2026-07-02 13:35	70.720	70.915	70.700	70.900	5
2026-07-02 13:40	70.905	70.955	70.850	70.905	5
2026-07-02 13:45	70.920	71.135	70.905	71.085	5
2026-07-02 13:50	71.075	71.080	70.875	70.890	5
2026-07-02 13:55	70.885	70.910	70.778	70.870	5
2026-07-02 14:00	70.860	70.910	70.753	70.810	5
2026-07-02 14:05	70.840	70.865	70.743	70.755	5
2026-07-02 14:10	70.745	70.845	70.683	70.715	5
2026-07-02 14:15	70.730	70.835	70.698	70.800	5
2026-07-02 14:20	70.790	70.795	70.645	70.675	5
2026-07-02 14:25	70.665	70.785	70.665	70.740	5
2026-07-02 14:30	70.750	70.800	70.680	70.780	5
2026-07-02 14:35	70.775	70.825	70.730	70.800	5
2026-07-02 14:40	70.790	70.865	70.678	70.830	5
2026-07-02 14:45	70.825	70.940	70.813	70.830	5
2026-07-02 14:50	70.820	70.860	70.715	70.860	5
2026-07-02 14:55	70.855	70.930	70.773	70.835	5
2026-07-02 15:00	70.850	70.900	70.763	70.790	5
2026-07-02 15:05	70.785	70.790	70.533	70.555	5
2026-07-02 15:10	70.550	70.635	70.525	70.620	5
2026-07-02 15:15	70.615	70.905	70.615	70.775	5
2026-07-02 15:20	70.795	70.795	70.598	70.710	5
2026-07-02 15:25	70.715	70.845	70.640	70.675	5
2026-07-02 15:30	70.685	70.710	70.563	70.675	5
2026-07-02 15:35	70.680	70.685	70.550	70.595	5
2026-07-02 15:40	70.600	70.655	70.505	70.520	5
2026-07-02 15:45	70.515	70.515	70.363	70.495	5
2026-07-02 15:50	70.485	70.695	70.403	70.685	5
2026-07-02 15:55	70.675	70.745	70.630	70.730	5
2026-07-02 16:00	70.735	70.825	70.685	70.785	5
2026-07-02 16:05	70.780	71.020	70.780	71.000	5
2026-07-02 16:10	71.015	71.120	71.008	71.100	5
2026-07-02 16:15	71.090	71.160	71.070	71.135	5
2026-07-02 16:20	71.145	71.205	71.115	71.125	5
2026-07-02 16:25	71.120	71.165	71.053	71.125	5
2026-07-02 16:30	71.120	71.160	71.028	71.085	5
2026-07-02 16:35	71.075	71.115	71.033	71.045	5
2026-07-02 16:40	71.040	71.110	71.010	71.090	5
2026-07-02 16:45	71.085	71.205	71.075	71.165	5
2026-07-02 16:50	71.175	71.310	71.175	71.255	5
2026-07-02 16:55	71.260	71.295	71.155	71.165	5
2026-07-02 17:00	71.160	71.245	71.083	71.235	5
2026-07-02 17:05	71.225	71.320	71.205	71.305	5
2026-07-02 17:10	71.300	71.355	71.265	71.350	5
2026-07-02 17:15	71.345	71.360	71.275	71.305	5
2026-07-02 17:20	71.300	71.365	71.260	71.325	5
2026-07-02 17:25	71.320	71.415	71.283	71.400	5
2026-07-02 17:30	71.395	71.450	71.370	71.400	5
2026-07-02 17:35	71.390	71.485	71.363	71.435	5
2026-07-02 17:40	71.430	71.525	71.343	71.515	5
2026-07-02 17:45	71.520	71.545	71.460	71.475	5
2026-07-02 17:50	71.485	71.535	71.460	71.505	5
2026-07-02 17:55	71.500	71.525	71.455	71.500	5
2026-07-02 18:00	71.490	71.535	71.395	71.410	5
2026-07-02 18:05	71.400	71.500	71.400	71.475	5
2026-07-02 18:10	71.470	71.605	71.465	71.580	5
2026-07-02 18:15	71.575	71.700	71.540	71.675	5
2026-07-02 18:20	71.665	71.760	71.650	71.715	5
2026-07-02 18:25	71.710	71.900	71.603	71.765	5
2026-07-02 18:30	71.775	71.785	71.630	71.665	5
2026-07-02 18:35	71.675	71.730	71.640	71.685	5
2026-07-02 18:40	71.680	71.720	71.680	71.690	5
2026-07-02 18:45	71.695	71.710	71.615	71.625	5
2026-07-02 18:50	71.630	71.660	71.575	71.580	5
2026-07-02 18:55	71.575	71.580	71.515	71.525	5
2026-07-02 19:00	71.530	71.575	71.495	71.570	5
2026-07-02 19:05	71.575	71.595	71.545	71.565	5
2026-07-02 19:10	71.570	71.585	71.473	71.555	5
2026-07-02 19:15	71.560	71.595	71.523	71.523	5
2026-07-02 19:20	71.575	71.605	71.555	71.580	5
2026-07-02 19:25	71.575	71.580	71.533	71.570	5
2026-07-02 19:30	71.575	71.645	71.575	71.620	5
2026-07-02 19:35	71.615	71.620	71.545	71.545	5
2026-07-02 19:40	71.550	71.575	71.545	71.575	5
2026-07-02 19:45	71.570	71.585	71.533	71.565	5
2026-07-02 19:50	71.560	71.595	71.555	71.570	5
2026-07-02 19:55	71.565	71.605	71.565	71.590	5
2026-07-02 20:00	71.595	71.595	71.522	71.527	5
2026-07-02 20:05	71.508	71.562	71.503	71.552	5
2026-07-02 20:10	71.547	71.557	71.513	71.542	5
2026-07-02 20:15	71.547	71.582	71.537	71.577	5
2026-07-02 20:20	71.572	71.577	71.517	71.537	5
2026-07-02 20:25	71.547	71.562	71.533	71.547	3
2026-07-02 20:30	71.557	71.572	71.552	71.562	5
2026-07-02 20:35	71.557	71.572	71.532	71.542	5
2026-07-02 20:40	71.537	71.552	71.517	71.547	4
2026-07-02 20:45	71.552	71.562	71.532	71.542	5
2026-07-02 20:50	71.547	71.552	71.532	71.537	5
2026-07-02 20:55	71.532	71.547	71.512	71.542	5
2026-07-03 00:00	71.487	71.525	71.445	71.455	5
2026-07-03 00:05	71.460	71.550	71.455	71.480	5
2026-07-03 00:10	71.485	71.535	71.470	71.520	5
2026-07-03 00:15	71.515	71.550	71.480	71.530	5
2026-07-03 00:20	71.483	71.555	71.483	71.540	5
2026-07-03 00:25	71.530	71.535	71.483	71.515	5
2026-07-03 00:30	71.510	71.520	71.448	71.490	5
2026-07-03 00:35	71.443	71.530	71.443	71.530	5
2026-07-03 00:40	71.525	71.550	71.515	71.515	5
2026-07-03 00:45	71.510	71.525	71.473	71.525	5
2026-07-03 00:50	71.520	71.600	71.520	71.550	5
2026-07-03 00:55	71.560	71.620	71.520	71.530	5
2026-07-03 01:00	71.483	71.635	71.455	71.630	5
2026-07-03 01:05	71.635	71.700	71.545	71.570	5
2026-07-03 01:10	71.580	71.630	71.490	71.500	5
2026-07-03 01:15	71.490	71.540	71.425	71.495	5
2026-07-03 01:20	71.485	71.565	71.460	71.540	5
2026-07-03 01:25	71.545	71.665	71.525	71.650	5
2026-07-03 01:30	71.640	71.745	71.640	71.700	5
2026-07-03 01:35	71.710	71.800	71.680	71.800	5
2026-07-03 01:40	71.795	71.950	71.780	71.935	5
2026-07-03 01:45	71.950	72.065	71.870	72.000	5
2026-07-03 01:50	72.010	72.035	71.895	71.920	5
2026-07-03 01:55	71.930	72.060	71.888	72.050	5
2026-07-03 02:00	72.055	72.105	72.030	72.105	5
2026-07-03 02:05	72.100	72.140	72.050	72.080	5
2026-07-03 02:10	72.075	72.110	71.993	72.080	5
2026-07-03 02:15	72.090	72.095	72.040	72.040	5
2026-07-03 02:20	72.045	72.095	72.003	72.085	5
2026-07-03 02:25	72.090	72.120	72.050	72.075	5
2026-07-03 02:30	72.095	72.160	71.993	72.120	5
2026-07-03 02:35	72.115	72.190	72.110	72.150	5
2026-07-03 02:40	72.160	72.290	72.093	72.230	5
2026-07-03 02:45	72.235	72.240	72.160	72.195	5
2026-07-03 02:50	72.190	72.200	72.075	72.080	5
2026-07-03 02:55	72.087	72.120	72.005	72.060	5
2026-07-03 03:00	72.055	72.155	72.050	72.145	5
2026-07-03 03:05	72.150	72.205	72.110	72.200	5
2026-07-03 03:10	72.195	72.280	72.165	72.220	5
2026-07-03 03:15	72.225	72.260	72.163	72.225	5
2026-07-03 03:20	72.240	72.350	72.235	72.300	5
2026-07-03 03:25	72.290	72.335	72.270	72.280	5
2026-07-03 03:30	72.275	72.280	72.210	72.235	5
2026-07-03 03:35	72.230	72.270	72.230	72.260	5
2026-07-03 03:40	72.255	72.255	72.200	72.200	5
2026-07-03 03:45	72.205	72.205	72.143	72.190	5
2026-07-03 03:50	72.143	72.210	72.143	72.200	5
2026-07-03 03:55	72.205	72.250	72.183	72.183	5
2026-07-03 04:00	72.235	72.250	72.188	72.230	5
2026-07-03 04:05	72.225	72.235	72.183	72.230	5
2026-07-03 04:10	72.240	72.250	72.240	72.245	5
2026-07-03 04:15	72.230	72.250	72.168	72.168	5
2026-07-03 04:20	72.200	72.220	72.163	72.220	5
2026-07-03 04:25	72.210	72.230	72.163	72.230	5
2026-07-03 04:30	72.235	72.255	72.210	72.245	5
2026-07-03 04:35	72.255	72.290	72.223	72.270	5
2026-07-03 04:40	72.260	72.280	72.223	72.255	5
2026-07-03 04:45	72.250	72.260	72.198	72.198	5
2026-07-03 04:50	72.260	72.260	72.203	72.245	4
2026-07-03 04:55	72.198	72.230	72.170	72.175	5
2026-07-03 05:00	72.170	72.210	72.170	72.200	5
2026-07-03 05:05	72.220	72.240	72.178	72.230	5
2026-07-03 05:10	72.220	72.260	72.163	72.240	5
2026-07-03 05:15	72.235	72.280	72.203	72.280	5
2026-07-03 05:20	72.275	72.280	72.235	72.240	5
2026-07-03 05:25	72.235	72.250	72.188	72.190	5
2026-07-03 05:30	72.200	72.320	72.180	72.310	5
2026-07-03 05:35	72.320	72.330	72.240	72.260	5
2026-07-03 05:40	72.250	72.405	72.240	72.390	5
2026-07-03 05:45	72.395	72.395	72.340	72.355	5
2026-07-03 05:50	72.345	72.415	72.340	72.395	5
2026-07-03 05:55	72.410	72.440	72.370	72.385	5
2026-07-03 06:00	72.348	72.465	72.348	72.385	5
2026-07-03 06:05	72.400	72.405	72.260	72.260	5
2026-07-03 06:10	72.255	72.280	72.175	72.180	5
2026-07-03 06:15	72.175	72.210	72.140	72.185	5
2026-07-03 06:20	72.195	72.195	72.135	72.145	5
2026-07-03 06:25	72.150	72.170	72.110	72.140	5
2026-07-03 06:30	72.135	72.315	72.123	72.200	5
2026-07-03 06:35	72.205	72.260	72.140	72.240	5
2026-07-03 06:40	72.245	72.265	72.145	72.170	5
2026-07-03 06:45	72.165	72.185	72.105	72.160	5
2026-07-03 06:50	72.155	72.155	72.100	72.140	5
2026-07-03 06:55	72.145	72.210	72.135	72.150	5
2026-07-03 07:00	72.130	72.205	72.073	72.140	5
2026-07-03 07:05	72.130	72.135	71.978	72.080	5
2026-07-03 07:10	72.085	72.100	71.885	71.915	5
2026-07-03 07:15	71.910	72.050	71.878	72.005	5
2026-07-03 07:20	71.990	72.015	71.830	71.845	5
2026-07-03 07:25	71.855	71.875	71.775	71.805	5
2026-07-03 07:30	71.795	71.855	71.710	71.825	5
2026-07-03 07:35	71.820	71.935	71.800	71.920	5
2026-07-03 07:40	71.910	71.930	71.788	71.830	5
2026-07-03 07:45	71.835	71.850	71.735	71.750	5
2026-07-03 07:50	71.755	71.790	71.653	71.700	5
2026-07-03 07:55	71.695	71.735	71.630	71.730	5
2026-07-03 08:00	71.735	71.840	71.698	71.820	5
2026-07-03 08:05	71.825	71.890	71.793	71.870	5
2026-07-03 08:10	71.860	71.955	71.855	71.915	5
2026-07-03 08:15	71.905	71.905	71.715	71.740	5
2026-07-03 08:20	71.750	71.790	71.610	71.610	5
2026-07-03 08:25	71.625	71.625	71.325	71.450	5
2026-07-03 08:30	71.430	71.615	71.333	71.430	5
2026-07-03 08:35	71.420	71.640	71.323	71.640	5
2026-07-03 08:40	71.660	71.710	71.585	71.650	5
2026-07-03 08:45	71.640	71.935	71.573	71.803	5
2026-07-03 08:50	71.825	71.950	71.773	71.940	5
2026-07-03 08:55	71.950	72.060	71.870	72.050	5
2026-07-03 09:00	72.045	72.115	71.885	71.895	5
2026-07-03 09:05	71.890	71.920	71.703	71.920	5
2026-07-03 09:10	71.930	72.005	71.895	71.965	5
2026-07-03 09:15	71.970	72.030	71.903	72.010	5
2026-07-03 09:20	72.020	72.035	71.795	71.810	5
2026-07-03 09:25	71.805	71.990	71.800	71.975	5
2026-07-03 09:30	71.965	72.010	71.915	71.940	5
2026-07-03 09:35	71.935	71.960	71.820	71.920	5
2026-07-03 09:40	71.910	71.915	71.743	71.795	5
2026-07-03 09:45	71.810	71.875	71.800	71.850	5
2026-07-03 09:50	71.855	72.020	71.855	71.865	5
2026-07-03 09:55	71.850	71.970	71.845	71.915	5
2026-07-03 10:00	71.920	71.980	71.895	71.905	5
2026-07-03 10:05	71.900	71.900	71.775	71.815	5
2026-07-03 10:10	71.820	71.920	71.798	71.870	5
2026-07-03 10:15	71.875	71.900	71.790	71.820	5
2026-07-03 10:20	71.825	71.900	71.810	71.855	5
2026-07-03 10:25	71.840	71.875	71.795	71.860	5
2026-07-03 10:30	71.865	71.930	71.800	71.835	5
2026-07-03 10:35	71.840	71.840	71.700	71.770	5
2026-07-03 10:40	71.780	71.945	71.775	71.885	5
2026-07-03 10:45	71.890	71.950	71.855	71.855	5
2026-07-03 10:50	71.865	71.930	71.855	71.900	5
2026-07-03 10:55	71.895	71.970	71.875	71.885	5
2026-07-03 11:00	71.915	71.945	71.820	71.910	5
2026-07-03 11:05	71.915	71.995	71.885	71.890	5
2026-07-03 11:10	71.895	71.910	71.743	71.805	5
2026-07-03 11:15	71.810	71.810	71.730	71.760	5
2026-07-03 11:20	71.755	71.765	71.643	71.725	5
2026-07-03 11:25	71.715	71.790	71.678	71.755	5
2026-07-03 11:30	71.760	71.760	71.680	71.755	5
2026-07-03 11:35	71.750	71.755	71.665	71.705	5
2026-07-03 11:40	71.715	71.720	71.615	71.630	5
2026-07-03 11:45	71.625	71.655	71.598	71.620	5
2026-07-03 11:50	71.625	71.725	71.603	71.710	5
2026-07-03 11:55	71.705	71.710	71.625	71.665	5
2026-07-03 12:00	71.670	71.675	71.503	71.535	5
2026-07-03 12:05	71.540	71.555	71.390	71.480	5
2026-07-03 12:10	71.485	71.500	71.425	71.500	5
2026-07-03 12:15	71.510	71.570	71.500	71.550	5
2026-07-03 12:20	71.545	71.660	71.545	71.595	5
2026-07-03 12:25	71.600	71.620	71.430	71.530	5
2026-07-03 12:30	71.525	71.535	71.343	71.430	5
2026-07-03 12:35	71.425	71.480	71.318	71.325	5
2026-07-03 12:40	71.330	71.465	71.295	71.450	5
2026-07-03 12:45	71.460	71.465	71.345	71.440	5
2026-07-03 12:50	71.450	71.500	71.410	71.465	5
2026-07-03 12:55	71.470	71.495	71.455	71.475	5
2026-07-03 13:00	71.433	71.655	71.433	71.620	5
2026-07-03 13:05	71.615	71.755	71.613	71.720	5
2026-07-03 13:10	71.725	71.905	71.683	71.865	5
2026-07-03 13:15	71.860	71.865	71.750	71.840	5
2026-07-03 13:20	71.845	71.965	71.800	71.890	5
2026-07-03 13:25	71.885	71.950	71.850	71.925	5
2026-07-03 13:30	71.910	71.975	71.865	71.975	5
2026-07-03 13:35	71.970	71.975	71.825	71.845	5
2026-07-03 13:40	71.840	71.920	71.803	71.855	5
2026-07-03 13:45	71.850	71.960	71.840	71.955	5
2026-07-03 13:50	71.945	71.975	71.905	71.975	5
2026-07-03 13:55	71.970	72.065	71.925	72.055	5
2026-07-03 14:00	72.065	72.225	72.018	72.100	5
2026-07-03 14:05	72.090	72.250	72.055	72.160	5
2026-07-03 14:10	72.165	72.195	72.063	72.080	5
2026-07-03 14:15	72.095	72.095	72.000	72.065	5
2026-07-03 14:20	72.055	72.055	71.843	71.895	5
2026-07-03 14:25	71.900	71.960	71.850	71.960	5
2026-07-03 14:30	71.965	72.095	71.940	72.090	5
2026-07-03 14:35	72.095	72.135	72.045	72.095	5
2026-07-03 14:40	72.100	72.135	72.030	72.095	5
2026-07-03 14:45	72.100	72.145	71.975	72.045	5
2026-07-03 14:50	72.050	72.065	71.930	71.965	5
2026-07-03 14:55	71.970	72.005	71.855	71.910	5
2026-07-03 15:00	71.925	71.950	71.875	71.910	5
2026-07-03 15:05	71.915	71.950	71.855	71.875	5
2026-07-03 15:10	71.885	71.885	71.760	71.760	5
2026-07-03 15:15	71.765	71.775	71.608	71.685	5
2026-07-03 15:20	71.675	71.835	71.660	71.815	5
2026-07-03 15:25	71.820	71.890	71.698	71.820	5
2026-07-03 15:30	71.830	71.900	71.715	71.865	5
2026-07-03 15:35	71.870	72.065	71.860	72.065	5
2026-07-03 15:40	72.060	72.075	71.930	72.020	5
2026-07-03 15:45	72.015	72.020	71.955	71.965	5
2026-07-03 15:50	71.970	72.060	71.955	71.995	5
2026-07-03 15:55	72.000	72.075	71.985	72.065	5
2026-07-03 16:00	72.070	72.120	71.925	72.000	5
2026-07-03 16:05	71.990	72.050	71.990	72.010	5
2026-07-03 16:10	72.000	72.045	71.970	71.985	5
2026-07-03 16:15	71.980	72.030	71.935	72.020	5
2026-07-03 16:20	72.025	72.070	71.983	71.995	5
2026-07-03 16:25	72.000	72.030	71.985	72.010	5
2026-07-03 16:30	72.020	72.020	71.905	71.910	5
2026-07-03 16:35	71.915	71.970	71.895	71.945	5
2026-07-03 16:40	71.940	71.965	71.890	71.950	5
2026-07-03 16:45	71.945	72.025	71.913	72.015	5
2026-07-03 16:50	72.010	72.055	71.958	72.005	5
2026-07-03 16:55	72.010	72.145	71.973	72.100	5
2026-07-03 17:00	72.095	72.100	72.035	72.055	5
2026-07-03 17:05	72.067	72.097	72.055	72.075	5
2026-07-03 17:10	72.080	72.130	72.043	72.070	5
2026-07-03 17:15	72.055	72.067	71.933	71.950	5
2026-07-03 17:20	71.945	71.950	71.890	71.905	5
2026-07-03 17:25	71.917	71.940	71.900	71.925	4
2026-07-06 00:00	71.570	71.670	71.550	71.660	5
2026-07-06 00:05	71.665	71.915	71.665	71.915	5
2026-07-06 00:10	71.920	71.940	71.820	71.825	5
2026-07-06 00:15	71.820	71.855	71.800	71.820	5
2026-07-06 00:20	71.815	71.840	71.773	71.785	5
2026-07-06 00:25	71.800	71.800	71.630	71.630	5
2026-07-06 00:30	71.620	71.655	71.570	71.640	5
2026-07-06 00:35	71.593	71.670	71.593	71.630	5
2026-07-06 00:40	71.625	71.660	71.550	71.590	5
2026-07-06 00:45	71.595	71.690	71.595	71.650	5
2026-07-06 00:50	71.655	71.655	71.580	71.580	5
2026-07-06 00:55	71.590	71.650	71.550	71.560	5
2026-07-06 01:00	71.550	71.725	71.470	71.700	5
2026-07-06 01:05	71.690	71.815	71.620	71.710	5
2026-07-06 01:10	71.705	71.935	71.695	71.930	5
2026-07-06 01:15	71.935	71.975	71.880	71.910	5
2026-07-06 01:20	71.900	71.975	71.863	71.920	5
2026-07-06 01:25	71.915	71.930	71.850	71.855	5
2026-07-06 01:30	71.850	71.870	71.800	71.810	5
2026-07-06 01:35	71.815	71.815	71.645	71.675	5
2026-07-06 01:40	71.680	71.855	71.660	71.840	5
2026-07-06 01:45	71.830	71.965	71.825	71.910	5
2026-07-06 01:50	71.915	72.125	71.910	72.075	5
2026-07-06 01:55	72.080	72.150	72.075	72.115	5
2026-07-06 02:00	72.068	72.175	72.068	72.165	5
2026-07-06 02:05	72.170	72.395	72.128	72.310	5
2026-07-06 02:10	72.300	72.320	72.210	72.280	5
2026-07-06 02:15	72.270	72.290	72.225	72.250	5
2026-07-06 02:20	72.255	72.310	72.255	72.300	5
2026-07-06 02:25	72.310	72.360	72.300	72.320	5
2026-07-06 02:30	72.340	72.340	72.220	72.220	5
2026-07-06 02:35	72.230	72.245	72.140	72.150	5
2026-07-06 02:40	72.140	72.180	72.085	72.100	5
2026-07-06 02:45	72.090	72.115	72.020	72.050	5
2026-07-06 02:50	72.055	72.100	71.905	71.935	5
2026-07-06 02:55	71.920	71.965	71.770	71.830	5
2026-07-06 03:00	71.840	71.850	71.750	71.790	5
2026-07-06 03:05	71.795	71.860	71.745	71.795	5
2026-07-06 03:10	71.790	71.790	71.670	71.670	5
2026-07-06 03:15	71.665	71.775	71.665	71.740	5
2026-07-06 03:20	71.745	71.800	71.700	71.770	5
2026-07-06 03:25	71.765	71.820	71.755	71.765	5
2026-07-06 03:30	71.775	71.815	71.680	71.680	5
2026-07-06 03:35	71.690	71.740	71.675	71.720	5
2026-07-06 03:40	71.725	71.725	71.620	71.670	5
2026-07-06 03:45	71.680	71.700	71.633	71.680	5
2026-07-06 03:50	71.685	71.715	71.670	71.670	5
2026-07-06 03:55	71.623	71.700	71.623	71.690	5
2026-07-06 04:00	71.695	71.730	71.663	71.700	5
2026-07-06 04:05	71.690	71.860	71.690	71.820	5
2026-07-06 04:10	71.815	71.840	71.773	71.820	5
2026-07-06 04:15	71.815	71.870	71.810	71.860	5
2026-07-06 04:20	71.850	71.880	71.825	71.870	5
2026-07-06 04:25	71.880	71.880	71.813	71.840	5
2026-07-06 04:30	71.835	71.850	71.830	71.830	5
2026-07-06 04:35	71.835	71.870	71.808	71.850	5
2026-07-06 04:40	71.840	71.870	71.835	71.855	5
2026-07-06 04:45	71.850	71.900	71.823	71.880	5
2026-07-06 04:50	71.875	71.875	71.783	71.830	5
2026-07-06 04:55	71.820	71.860	71.805	71.840	5
2026-07-06 05:00	71.850	71.960	71.830	71.950	5
2026-07-06 05:05	71.945	71.970	71.920	71.920	5
2026-07-06 05:10	71.915	71.950	71.890	71.950	5
2026-07-06 05:15	71.960	71.975	71.945	71.950	5
2026-07-06 05:20	71.930	71.945	71.900	71.925	5
2026-07-06 05:25	71.930	71.960	71.920	71.930	5
2026-07-06 05:30	71.883	72.020	71.883	71.970	5
2026-07-06 05:35	71.965	71.980	71.915	71.940	5
2026-07-06 05:40	71.935	72.025	71.900	72.015	5
2026-07-06 05:45	72.020	72.025	71.970	71.970	5
2026-07-06 05:50	71.975	72.075	71.975	72.050	5
2026-07-06 05:55	72.045	72.075	72.020	72.045	5
2026-07-06 06:00	72.070	72.170	72.035	72.160	5
2026-07-06 06:05	72.165	72.350	72.160	72.330	5
2026-07-06 06:10	72.320	72.385	72.280	72.290	5
2026-07-06 06:15	72.295	72.415	72.268	72.310	5
2026-07-06 06:20	72.315	72.330	72.220	72.220	5
2026-07-06 06:25	72.230	72.230	72.100	72.130	5
2026-07-06 06:30	72.140	72.165	72.085	72.085	5
2026-07-06 06:35	72.090	72.155	72.075	72.115	5
2026-07-06 06:40	72.120	72.120	72.005	72.010	5
2026-07-06 06:45	72.000	72.125	71.990	72.120	5
2026-07-06 06:50	72.110	72.120	71.975	71.985	5
2026-07-06 06:55	72.010	72.080	71.990	72.050	5
2026-07-06 07:00	72.030	72.040	71.895	71.910	5
2026-07-06 07:05	71.900	71.910	71.738	71.790	5
2026-07-06 07:10	71.795	71.835	71.750	71.820	5
2026-07-06 07:15	71.825	71.835	71.770	71.780	5
2026-07-06 07:20	71.770	71.905	71.750	71.855	5
2026-07-06 07:25	71.845	71.880	71.778	71.800	5
2026-07-06 07:30	71.790	71.800	71.675	71.725	5
2026-07-06 07:35	71.740	71.765	71.660	71.700	5
2026-07-06 07:40	71.690	71.695	71.315	71.365	5
2026-07-06 07:45	71.370	71.435	71.285	71.295	5
2026-07-06 07:50	71.290	71.295	70.968	71.085	5
2026-07-06 07:55	71.100	71.155	71.043	71.120	5
2026-07-06 08:00	71.100	71.290	71.090	71.200	5
2026-07-06 08:05	71.205	71.480	71.143	71.460	5
2026-07-06 08:10	71.455	71.565	71.380	71.420	5
2026-07-06 08:15	71.410	71.570	71.310	71.390	5
2026-07-06 08:20	71.385	71.450	71.303	71.450	5
2026-07-06 08:25	71.445	71.590	71.370	71.370	5
2026-07-06 08:30	71.365	71.665	71.313	71.660	5
2026-07-06 08:35	71.665	71.685	71.535	71.575	5
2026-07-06 08:40	71.570	71.760	71.500	71.730	5
2026-07-06 08:45	71.720	71.825	71.680	71.750	5
2026-07-06 08:50	71.745	71.900	71.745	71.760	5
2026-07-06 08:55	71.765	71.800	71.500	71.510	5
2026-07-06 09:00	71.500	71.650	71.488	71.560	5
2026-07-06 09:05	71.550	71.760	71.540	71.625	5
2026-07-06 09:10	71.610	71.775	71.578	71.770	5
2026-07-06 09:15	71.760	71.865	71.755	71.835	5
2026-07-06 09:20	71.850	71.900	71.655	71.665	5
2026-07-06 09:25	71.660	71.725	71.635	71.650	5
2026-07-06 09:30	71.655	71.705	71.563	71.700	5
2026-07-06 09:35	71.695	71.710	71.640	71.645	5
2026-07-06 09:40	71.630	71.815	71.575	71.810	5
2026-07-06 09:45	71.815	71.890	71.785	71.860	5
2026-07-06 09:50	71.855	71.860	71.553	71.595	5
2026-07-06 09:55	71.605	71.655	71.468	71.650	5
2026-07-06 10:00	71.660	71.730	71.583	71.670	5
2026-07-06 10:05	71.680	71.785	71.645	71.645	5
2026-07-06 10:10	71.650	71.665	71.515	71.515	5
2026-07-06 10:15	71.520	71.570	71.443	71.555	5
2026-07-06 10:20	71.550	71.680	71.545	71.640	5
2026-07-06 10:25	71.635	71.720	71.603	71.680	5
2026-07-06 10:30	71.685	71.725	71.650	71.670	5
2026-07-06 10:35	71.665	71.690	71.500	71.585	5
2026-07-06 10:40	71.595	71.750	71.573	71.730	5
2026-07-06 10:45	71.720	71.770	71.690	71.745	5
2026-07-06 10:50	71.750	72.025	71.745	72.000	5
2026-07-06 10:55	71.995	72.025	71.923	71.975	5
2026-07-06 11:00	71.933	72.095	71.933	72.070	5
2026-07-06 11:05	72.075	72.095	71.920	71.990	5
2026-07-06 11:10	71.985	72.040	71.960	72.020	5
2026-07-06 11:15	72.010	72.090	71.970	72.060	5
2026-07-06 11:20	72.018	72.065	71.920	71.970	5
2026-07-06 11:25	71.965	72.010	71.920	71.955	5
2026-07-06 11:30	71.960	71.975	71.870	71.890	5
2026-07-06 11:35	71.895	71.920	71.865	71.875	5
2026-07-06 11:40	71.860	71.860	71.805	71.815	5
2026-07-06 11:45	71.805	71.830	71.695	71.830	5
2026-07-06 11:50	71.825	71.950	71.815	71.920	5
2026-07-06 11:55	71.900	72.040	71.900	72.030	5
2026-07-06 12:00	72.040	72.065	71.955	71.970	5
2026-07-06 12:05	71.960	72.075	71.940	72.040	5
2026-07-06 12:10	72.045	72.110	71.945	71.945	5
2026-07-06 12:15	71.930	71.995	71.700	71.700	5
2026-07-06 12:20	71.710	71.755	71.640	71.700	5
2026-07-06 12:25	71.710	71.720	71.553	71.615	5
2026-07-06 12:30	71.573	71.760	71.573	71.760	5
2026-07-06 12:35	71.750	71.790	71.705	71.750	5
2026-07-06 12:40	71.708	71.795	71.690	71.790	5
2026-07-06 12:45	71.795	71.800	71.705	71.750	5
2026-07-06 12:50	71.745	71.835	71.723	71.800	5
2026-07-06 12:55	71.795	71.820	71.693	71.775	5
2026-07-06 13:00	71.750	71.920	71.640	71.710	5
2026-07-06 13:05	71.705	71.790	71.545	71.780	5
2026-07-06 13:10	71.785	72.000	71.755	71.985	5
2026-07-06 13:15	71.990	72.115	71.900	72.100	5
2026-07-06 13:20	72.090	72.125	71.995	72.055	5
2026-07-06 13:25	72.060	72.245	72.025	72.230	5
2026-07-06 13:30	72.220	72.335	71.925	71.950	5
2026-07-06 13:35	71.955	72.005	71.878	71.960	5
2026-07-06 13:40	71.950	72.090	71.940	71.995	5
2026-07-06 13:45	71.990	72.010	71.870	71.980	5
2026-07-06 13:50	71.990	72.105	71.955	72.080	5
2026-07-06 13:55	72.085	72.165	72.070	72.110	5
2026-07-06 14:00	72.115	72.250	72.033	72.215	5
2026-07-06 14:05	72.225	72.265	72.155	72.200	5
2026-07-06 14:10	72.205	72.245	72.033	72.065	5
2026-07-06 14:15	72.060	72.095	71.915	71.965	5
2026-07-06 14:20	71.955	72.305	71.950	72.255	5
2026-07-06 14:25	72.250	72.390	72.240	72.340	5
2026-07-06 14:30	72.345	72.525	72.323	72.325	5
2026-07-06 14:35	72.320	72.585	72.273	72.565	5
2026-07-06 14:40	72.523	72.580	72.425	72.520	5
2026-07-06 14:45	72.515	72.525	72.383	72.410	5
2026-07-06 14:50	72.415	72.425	72.205	72.265	5
2026-07-06 14:55	72.270	72.300	72.170	72.205	5
2026-07-06 15:00	72.210	72.325	72.055	72.055	5
2026-07-06 15:05	72.060	72.130	71.983	72.120	5
2026-07-06 15:10	72.125	72.135	71.985	72.090	5
2026-07-06 15:15	72.095	72.140	72.023	72.115	5
2026-07-06 15:20	72.125	72.175	71.983	72.055	5
2026-07-06 15:25	72.060	72.290	72.055	72.215	5
2026-07-06 15:30	72.233	72.370	72.175	72.250	5
2026-07-06 15:35	72.255	72.270	72.155	72.175	5
2026-07-06 15:40	72.165	72.220	72.023	72.085	5
2026-07-06 15:45	72.090	72.190	72.050	72.180	5
2026-07-06 15:50	72.200	72.205	72.053	72.130	5
2026-07-06 15:55	72.140	72.170	72.068	72.135	5
2026-07-06 16:00	72.130	72.200	72.115	72.165	5
2026-07-06 16:05	72.170	72.175	72.033	72.090	5
2026-07-06 16:10	72.095	72.145	72.058	72.145	5
2026-07-06 16:15	72.135	72.140	71.950	71.955	5
2026-07-06 16:20	71.960	71.965	71.855	71.935	5
2026-07-06 16:25	71.920	71.945	71.825	71.835	5
2026-07-06 16:30	71.845	71.860	71.760	71.820	5
2026-07-06 16:35	71.815	71.880	71.795	71.835	5
2026-07-06 16:40	71.840	71.845	71.790	71.830	5
2026-07-06 16:45	71.835	71.885	71.810	71.810	5
2026-07-06 16:50	71.795	71.815	71.678	71.740	5
2026-07-06 16:55	71.735	71.800	71.725	71.755	5
2026-07-06 17:00	71.775	71.810	71.675	71.680	5
2026-07-06 17:05	71.685	71.725	71.633	71.705	5
2026-07-06 17:10	71.695	71.725	71.655	71.720	5
2026-07-06 17:15	71.715	71.790	71.700	71.725	5
2026-07-06 17:20	71.735	71.780	71.695	71.760	5
2026-07-06 17:25	71.765	71.895	71.765	71.820	5
2026-07-06 17:30	71.825	71.880	71.795	71.845	5
2026-07-06 17:35	71.840	71.890	71.820	71.860	5
2026-07-06 17:40	71.855	71.955	71.813	71.955	5
2026-07-06 17:45	71.950	71.955	71.863	71.870	5
2026-07-06 17:50	71.875	71.990	71.845	71.875	5
2026-07-06 17:55	71.885	71.925	71.820	71.925	5
2026-07-06 18:00	71.930	71.985	71.905	71.945	5
2026-07-06 18:05	71.950	72.000	71.945	71.950	5
2026-07-06 18:10	71.945	71.995	71.915	71.980	5
2026-07-06 18:15	71.975	71.985	71.935	71.965	5
2026-07-06 18:20	71.975	71.990	71.893	71.925	5
2026-07-06 18:25	71.935	72.035	71.865	71.960	5
2026-07-06 18:30	71.965	71.985	71.785	71.915	5
2026-07-06 18:35	71.930	71.940	71.863	71.915	5
2026-07-06 18:40	71.910	72.015	71.888	71.950	5
2026-07-06 18:45	71.945	72.005	71.945	72.000	5
2026-07-06 18:50	72.005	72.005	71.940	71.950	5
2026-07-06 18:55	71.960	72.000	71.950	71.955	5
2026-07-06 19:00	71.960	72.015	71.950	71.990	5
2026-07-06 19:05	71.995	72.035	71.978	72.020	5
2026-07-06 19:10	72.025	72.030	71.978	72.020	5
2026-07-06 19:15	72.025	72.085	72.015	72.085	5
2026-07-06 19:20	72.090	72.130	72.060	72.065	5
2026-07-06 19:25	72.070	72.140	72.070	72.125	5
2026-07-06 19:30	72.130	72.140	72.105	72.105	5
2026-07-06 19:35	72.110	72.110	72.013	72.065	5
2026-07-06 19:40	72.080	72.115	72.075	72.100	5
2026-07-06 19:45	72.095	72.165	72.085	72.125	5
2026-07-06 19:50	72.115	72.140	72.105	72.125	5
2026-07-06 19:55	72.120	72.120	72.050	72.055	5
2026-07-06 20:00	72.032	72.057	71.987	71.992	5
2026-07-06 20:05	71.987	72.017	71.967	72.017	5
2026-07-06 20:10	72.027	72.057	72.022	72.028	5
2026-07-06 20:15	72.037	72.067	72.028	72.057	5
2026-07-06 20:20	72.052	72.062	72.033	72.047	5
2026-07-06 20:25	72.042	72.047	72.022	72.032	5
2026-07-06 20:30	72.042	72.097	72.028	72.097	5
2026-07-06 20:35	72.073	72.092	72.058	72.067	5
2026-07-06 20:40	72.052	72.057	72.042	72.042	5
2026-07-06 20:45	72.018	72.047	71.993	72.047	5
2026-07-06 20:50	72.042	72.042	71.957	71.962	5
2026-07-06 20:55	71.972	71.972	71.947	71.947	5
2026-07-07 00:00	72.107	72.177	72.087	72.130	5
2026-07-07 00:05	72.140	72.285	72.130	72.265	5
2026-07-07 00:10	72.260	72.315	72.240	72.305	5
2026-07-07 00:15	72.310	72.315	72.275	72.290	5
2026-07-07 00:20	72.295	72.325	72.213	72.250	5
2026-07-07 00:25	72.230	72.280	72.165	72.170	5
2026-07-07 00:30	72.165	72.230	72.110	72.225	5
2026-07-07 00:35	72.230	72.250	72.215	72.245	5
2026-07-07 00:40	72.250	72.280	72.203	72.280	5
2026-07-07 00:45	72.275	72.300	72.133	72.255	5
2026-07-07 00:50	72.240	72.260	72.215	72.240	5
2026-07-07 00:55	72.245	72.315	72.245	72.300	5
2026-07-07 01:00	72.290	72.390	72.170	72.250	5
2026-07-07 01:05	72.240	72.260	72.170	72.200	5
2026-07-07 01:10	72.205	72.210	72.125	72.130	5
2026-07-07 01:15	72.125	72.140	72.025	72.060	5
2026-07-07 01:20	72.065	72.110	72.040	72.100	5
2026-07-07 01:25	72.105	72.195	72.100	72.190	5
2026-07-07 01:30	72.180	72.245	72.143	72.200	5
2026-07-07 01:35	72.210	72.265	72.170	72.260	5
2026-07-07 01:40	72.265	72.370	72.250	72.300	5
2026-07-07 01:45	72.295	72.360	72.265	72.340	5
2026-07-07 01:50	72.345	72.475	72.340	72.430	5
2026-07-07 01:55	72.425	72.500	72.410	72.480	5
2026-07-07 02:00	72.490	72.520	72.410	72.485	5
2026-07-07 02:05	72.490	72.645	72.485	72.625	5
2026-07-07 02:10	72.630	72.650	72.590	72.610	5
2026-07-07 02:15	72.600	72.690	72.595	72.655	5
2026-07-07 02:20	72.670	72.670	72.645	72.645	5
2026-07-07 02:25	72.650	72.685	72.645	72.665	5
2026-07-07 02:30	72.670	72.730	72.655	72.670	5
2026-07-07 02:35	72.675	72.690	72.560	72.560	5
2026-07-07 02:40	72.550	72.565	72.485	72.530	5
2026-07-07 02:45	72.515	72.550	72.458	72.520	5
2026-07-07 02:50	72.510	72.555	72.490	72.535	5
2026-07-07 02:55	72.530	72.545	72.415	72.450	5
2026-07-07 03:00	72.455	72.530	72.450	72.525	5
2026-07-07 03:05	72.530	72.680	72.530	72.665	5
2026-07-07 03:10	72.660	72.675	72.605	72.670	5
2026-07-07 03:15	72.665	72.665	72.463	72.540	5
2026-07-07 03:20	72.545	72.560	72.490	72.490	5
2026-07-07 03:25	72.485	72.520	72.435	72.520	5
2026-07-07 03:30	72.530	72.530	72.400	72.430	5
2026-07-07 03:35	72.425	72.450	72.393	72.415	5
2026-07-07 03:40	72.425	72.435	72.383	72.420	5
2026-07-07 03:45	72.425	72.430	72.355	72.355	5
2026-07-07 03:50	72.360	72.405	72.340	72.390	5
2026-07-07 03:55	72.400	72.450	72.358	72.440	5
2026-07-07 04:00	72.445	72.455	72.415	72.450	5
2026-07-07 04:05	72.445	72.490	72.398	72.480	5
2026-07-07 04:10	72.475	72.490	72.433	72.480	5
2026-07-07 04:15	72.490	72.490	72.445	72.470	5
2026-07-07 04:20	72.423	72.500	72.423	72.500	5
2026-07-07 04:25	72.490	72.505	72.443	72.490	5
2026-07-07 04:30	72.485	72.500	72.443	72.495	5
2026-07-07 04:35	72.500	72.510	72.423	72.423	5
2026-07-07 04:40	72.475	72.495	72.440	72.490	5
2026-07-07 04:45	72.470	72.495	72.443	72.480	5
2026-07-07 04:50	72.475	72.490	72.423	72.443	5
2026-07-07 04:55	72.480	72.495	72.443	72.470	5
2026-07-07 05:00	72.480	72.525	72.450	72.490	5
2026-07-07 05:05	72.443	72.490	72.443	72.490	5
2026-07-07 05:10	72.443	72.560	72.443	72.550	5
2026-07-07 05:15	72.545	72.620	72.545	72.590	5
2026-07-07 05:20	72.580	72.630	72.575	72.590	5
2026-07-07 05:25	72.600	72.690	72.590	72.660	5
2026-07-07 05:30	72.665	72.740	72.645	72.680	5
2026-07-07 05:35	72.675	72.680	72.620	72.670	5
2026-07-07 05:40	72.690	72.725	72.635	72.635	5
2026-07-07 05:45	72.640	72.725	72.570	72.725	5
2026-07-07 05:50	72.740	72.855	72.710	72.810	5
2026-07-07 05:55	72.815	72.890	72.795	72.820	5
2026-07-07 06:00	72.840	72.915	72.770	72.885	5
2026-07-07 06:05	72.875	72.915	72.770	72.780	5
2026-07-07 06:10	72.770	72.790	72.680	72.770	5
2026-07-07 06:15	72.755	72.850	72.680	72.820	5
2026-07-07 06:20	72.830	72.865	72.800	72.865	5
2026-07-07 06:25	72.860	72.865	72.710	72.760	5
2026-07-07 06:30	72.750	72.795	72.678	72.720	5
2026-07-07 06:35	72.725	72.805	72.720	72.805	5
2026-07-07 06:40	72.810	72.830	72.785	72.785	5
2026-07-07 06:45	72.790	72.975	72.790	72.965	5
2026-07-07 06:50	72.923	72.975	72.883	72.935	5
2026-07-07 06:55	72.945	72.975	72.873	72.965	5
2026-07-07 07:00	72.975	73.065	72.910	73.040	5
2026-07-07 07:05	73.045	73.065	72.905	72.910	5
2026-07-07 07:10	72.915	72.945	72.855	72.910	5
2026-07-07 07:15	72.900	72.910	72.825	72.825	5
2026-07-07 07:20	72.835	72.970	72.835	72.930	5
2026-07-07 07:25	72.940	73.000	72.855	72.970	5
2026-07-07 07:30	72.975	73.120	72.925	73.000	5
2026-07-07 07:35	72.995	73.020	72.853	72.865	5
2026-07-07 07:40	72.860	72.935	72.795	72.900	5
2026-07-07 07:45	72.910	73.075	72.910	73.055	5
2026-07-07 07:50	73.065	73.120	73.045	73.095	5
2026-07-07 07:55	73.090	73.095	72.793	72.825	5
2026-07-07 08:00	72.830	72.895	72.788	72.840	5
2026-07-07 08:05	72.835	72.840	72.740	72.765	5
2026-07-07 08:10	72.760	72.935	72.733	72.900	5
2026-07-07 08:15	72.890	72.905	72.735	72.760	5
2026-07-07 08:20	72.755	72.865	72.660	72.825	5
2026-07-07 08:25	72.830	72.830	72.565	72.567	5
2026-07-07 08:30	72.560	72.695	72.485	72.685	5
2026-07-07 08:35	72.690	72.925	72.628	72.875	5
2026-07-07 08:40	72.880	72.915	72.750	72.855	5
2026-07-07 08:45	72.850	73.005	72.825	72.940	5
2026-07-07 08:50	72.945	73.085	72.940	73.000	5
2026-07-07 08:55	72.995	73.015	72.835	72.860	5
2026-07-07 09:00	72.865	73.030	72.855	73.000	5
2026-07-07 09:05	72.995	73.205	72.965	73.195	5
2026-07-07 09:10	73.210	73.280	73.030	73.050	5
2026-07-07 09:15	73.055	73.130	72.943	73.110	5
2026-07-07 09:20	73.105	73.200	73.023	73.080	5
2026-07-07 09:25	73.065	73.090	72.733	72.890	5
2026-07-07 09:30	72.895	72.950	72.820	72.950	5
2026-07-07 09:35	72.955	72.995	72.840	72.840	5
2026-07-07 09:40	72.830	72.835	72.655	72.730	5
2026-07-07 09:45	72.725	72.855	72.725	72.850	5
2026-07-07 09:50	72.855	72.890	72.780	72.825	5
2026-07-07 09:55	72.830	72.890	72.815	72.850	5
2026-07-07 10:00	72.840	72.845	72.700	72.720	5
2026-07-07 10:05	72.715	72.800	72.633	72.680	5
2026-07-07 10:10	72.670	72.790	72.665	72.775	5
2026-07-07 10:15	72.770	72.800	72.665	72.750	5
2026-07-07 10:20	72.765	72.795	72.710	72.730	5
2026-07-07 10:25	72.755	72.805	72.700	72.720	5
2026-07-07 10:30	72.760	72.760	72.615	72.680	5
2026-07-07 10:35	72.685	72.735	72.613	72.710	5
2026-07-07 10:40	72.705	72.815	72.638	72.770	5
2026-07-07 10:45	72.760	72.885	72.733	72.875	5
2026-07-07 10:50	72.870	72.925	72.870	72.895	5
2026-07-07 10:55	72.900	72.970	72.885	72.955	5
2026-07-07 11:00	72.960	73.025	72.955	72.995	5
2026-07-07 11:05	72.985	73.005	72.855	72.870	5
2026-07-07 11:10	72.875	72.875	72.785	72.830	5
2026-07-07 11:15	72.825	72.875	72.633	72.670	5
2026-07-07 11:20	72.675	72.760	72.665	72.715	5
2026-07-07 11:25	72.720	72.760	72.630	72.635	5
2026-07-07 11:30	72.630	72.635	72.495	72.550	5
2026-07-07 11:35	72.545	72.600	72.478	72.590	5
2026-07-07 11:40	72.585	72.730	72.585	72.690	5
2026-07-07 11:45	72.685	72.745	72.620	72.675	5
2026-07-07 11:50	72.660	72.680	72.578	72.615	5
2026-07-07 11:55	72.610	72.625	72.520	72.560	5
2026-07-07 12:00	72.518	72.635	72.518	72.625	5
2026-07-07 12:05	72.620	72.620	72.395	72.410	5
2026-07-07 12:10	72.420	72.575	72.420	72.560	5
2026-07-07 12:15	72.555	72.590	72.495	72.585	5
2026-07-07 12:20	72.580	72.630	72.525	72.550	5
2026-07-07 12:25	72.560	72.625	72.505	72.585	5
2026-07-07 12:30	72.580	72.640	72.510	72.585	5
2026-07-07 12:35	72.590	72.595	72.445	72.530	5
2026-07-07 12:40	72.535	72.720	72.535	72.670	5
2026-07-07 12:45	72.665	72.790	72.645	72.770	5
2026-07-07 12:50	72.775	72.775	72.675	72.730	5
2026-07-07 12:55	72.735	72.745	72.475	72.570	5
2026-07-07 13:00	72.565	72.800	72.543	72.770	5
2026-07-07 13:05	72.775	72.835	72.693	72.710	5
2026-07-07 13:10	72.705	72.915	72.700	72.905	5
2026-07-07 13:15	72.910	72.925	72.760	72.785	5
2026-07-07 13:20	72.790	73.330	72.755	73.130	5
2026-07-07 13:25	73.125	73.225	73.080	73.125	5
2026-07-07 13:30	73.115	73.255	73.065	73.075	5
2026-07-07 13:35	73.080	73.110	72.983	73.050	5
2026-07-07 13:40	73.045	73.365	73.045	73.335	5
2026-07-07 13:45	73.325	73.415	73.193	73.255	5
2026-07-07 13:50	73.265	73.410	73.245	73.380	5
2026-07-07 13:55	73.375	73.575	73.375	73.545	5
2026-07-07 14:00	73.535	73.870	73.505	73.805	5
2026-07-07 14:05	73.815	74.095	73.743	74.065	5
2026-07-07 14:10	74.080	74.120	73.770	73.775	5
2026-07-07 14:15	73.765	73.775	73.423	73.455	5
2026-07-07 14:20	73.470	73.785	73.470	73.785	5
2026-07-07 14:25	73.780	73.830	73.675	73.775	5
2026-07-07 14:30	73.790	73.885	73.733	73.835	5
2026-07-07 14:35	73.845	73.875	73.725	73.785	5
2026-07-07 14:40	73.780	73.780	73.550	73.585	5
2026-07-07 14:45	73.575	73.585	73.483	73.535	5
2026-07-07 14:50	73.530	73.695	73.520	73.670	5
2026-07-07 14:55	73.665	73.775	73.638	73.755	5
2026-07-07 15:00	73.765	73.825	73.663	73.735	5
2026-07-07 15:05	73.730	73.845	73.683	73.815	5
2026-07-07 15:10	73.810	73.885	73.703	73.830	5
2026-07-07 15:15	73.825	73.930	73.773	73.900	5
2026-07-07 15:20	73.905	74.015	73.843	73.855	5
2026-07-07 15:25	73.845	73.910	73.745	73.745	5
2026-07-07 15:30	73.730	73.860	73.573	73.850	5
2026-07-07 15:35	73.860	73.865	73.700	73.700	5
2026-07-07 15:40	73.705	73.865	73.665	73.855	5
2026-07-07 15:45	73.850	74.075	73.850	74.055	5
2026-07-07 15:50	74.065	74.115	73.988	74.095	5
2026-07-07 15:55	74.090	74.105	73.930	73.930	5
2026-07-07 16:00	73.935	74.065	73.873	74.025	5
2026-07-07 16:05	74.015	74.165	73.973	74.120	5
2026-07-07 16:10	74.115	74.125	73.983	74.090	5
2026-07-07 16:15	74.095	74.150	74.065	74.100	5
2026-07-07 16:20	74.105	74.145	74.045	74.135	5
2026-07-07 16:25	74.140	74.245	74.105	74.175	5
2026-07-07 16:30	74.185	74.190	74.065	74.065	5
2026-07-07 16:35	74.060	74.100	74.026	74.075	5
2026-07-07 16:40	74.065	74.115	74.060	74.100	5
2026-07-07 16:45	74.095	74.150	74.055	74.125	5
2026-07-07 16:50	74.130	74.180	74.053	74.095	5
2026-07-07 16:55	74.085	74.145	74.065	74.095	5
2026-07-07 17:00	74.075	74.105	73.993	74.080	5
2026-07-07 17:05	74.085	74.235	74.085	74.170	5
2026-07-07 17:10	74.165	74.185	74.060	74.065	5
2026-07-07 17:15	74.070	74.245	74.055	74.245	5
2026-07-07 17:20	74.255	74.325	74.220	74.290	5
2026-07-07 17:25	74.285	74.295	74.235	74.250	5
2026-07-07 17:30	74.265	74.280	74.203	74.235	5
2026-07-07 17:35	74.245	74.355	74.235	74.290	5
2026-07-07 17:40	74.285	74.290	74.143	74.170	5
2026-07-07 17:45	74.165	74.175	74.065	74.075	5
2026-07-07 17:50	74.085	74.115	74.040	74.040	5
2026-07-07 17:55	74.045	74.115	74.018	74.100	5
2026-07-07 18:00	74.095	74.200	74.075	74.085	5
2026-07-07 18:05	74.090	74.170	74.063	74.125	5
2026-07-07 18:10	74.135	74.155	74.085	74.105	5
2026-07-07 18:15	74.110	74.225	74.073	74.200	5
2026-07-07 18:20	74.205	74.225	74.123	74.125	5
2026-07-07 18:25	74.115	74.175	74.045	74.175	5
2026-07-07 18:30	74.185	74.265	74.063	74.090	5
2026-07-07 18:35	74.085	74.085	74.015	74.025	5
2026-07-07 18:40	74.020	74.060	73.965	74.035	5
2026-07-07 18:45	74.030	74.655	73.988	74.460	5
2026-07-07 18:50	74.465	74.875	74.333	74.810	5
2026-07-07 18:55	74.805	75.045	74.800	75.045	5
2026-07-07 19:00	75.035	75.365	75.020	75.355	5
2026-07-07 19:05	75.360	75.575	75.298	75.545	5
2026-07-07 19:10	75.555	75.895	75.555	75.835	5
2026-07-07 19:15	75.825	76.340	75.825	76.040	5
2026-07-07 19:20	76.060	76.180	75.810	76.040	5
2026-07-07 19:25	76.045	76.135	75.928	75.995	5
2026-07-07 19:30	76.000	76.110	75.928	75.980	5
2026-07-07 19:35	75.985	75.990	75.693	75.860	5
2026-07-07 19:40	75.865	75.935	75.543	75.590	5
2026-07-07 19:45	75.600	75.810	75.565	75.645	5
2026-07-07 19:50	75.635	75.670	75.528	75.650	5
2026-07-07 19:55	75.640	75.710	75.620	75.630	5
2026-07-07 20:00	75.640	75.732	75.593	75.672	5
2026-07-07 20:05	75.667	75.742	75.567	75.722	5
2026-07-07 20:10	75.707	75.762	75.672	75.712	5
2026-07-07 20:15	75.717	75.822	75.657	75.677	5
2026-07-07 20:20	75.667	75.747	75.667	75.732	5
2026-07-07 20:25	75.737	75.762	75.697	75.742	5
2026-07-07 20:30	75.747	75.947	75.747	75.937	5
2026-07-07 20:35	75.932	75.952	75.818	75.847	5
2026-07-07 20:40	75.842	75.887	75.802	75.807	5
2026-07-07 20:45	75.832	75.952	75.827	75.947	5
2026-07-07 20:50	75.937	75.952	75.877	75.877	5
2026-07-07 20:55	75.872	75.882	75.817	75.837	5
2026-07-08 00:00	76.120	76.220	76.061	76.150	5
2026-07-08 00:05	76.155	76.225	76.150	76.215	5
2026-07-08 00:10	76.210	76.220	76.155	76.190	5
2026-07-08 00:15	76.185	76.390	76.170	76.325	5
2026-07-08 00:20	76.330	76.370	76.160	76.220	5
2026-07-08 00:25	76.225	76.250	76.053	76.195	5
2026-07-08 00:30	76.200	76.200	76.015	76.015	5
2026-07-08 00:35	76.005	76.010	75.895	75.905	5
2026-07-08 00:40	75.890	75.965	75.758	75.810	5
2026-07-08 00:45	75.815	75.910	75.790	75.855	5
2026-07-08 00:50	75.850	75.890	75.760	75.840	5
2026-07-08 00:55	75.850	75.850	75.690	75.705	5
2026-07-08 01:00	75.685	75.685	75.430	75.580	5
2026-07-08 01:05	75.585	75.815	75.573	75.740	5
2026-07-08 01:10	75.745	75.750	75.570	75.620	5
2026-07-08 01:15	75.650	75.690	75.570	75.580	5
2026-07-08 01:20	75.585	75.585	75.455	75.470	5
2026-07-08 01:25	75.460	75.540	75.408	75.510	5
2026-07-08 01:30	75.505	75.630	75.475	75.600	5
2026-07-08 01:35	75.605	75.725	75.560	75.700	5
2026-07-08 01:40	75.695	75.825	75.685	75.795	5
2026-07-08 01:45	75.790	75.850	75.700	75.800	5
2026-07-08 01:50	75.805	75.840	75.715	75.800	5
2026-07-08 01:55	75.780	75.855	75.770	75.825	5
2026-07-08 02:00	75.820	75.855	75.690	75.845	5
2026-07-08 02:05	75.850	75.945	75.820	75.935	5
2026-07-08 02:10	75.940	76.025	75.908	75.990	5
2026-07-08 02:15	76.000	76.045	75.960	76.045	5
2026-07-08 02:20	76.080	76.140	76.060	76.130	5
2026-07-08 02:25	76.135	76.240	76.108	76.140	5
2026-07-08 02:30	76.150	76.195	76.015	76.020	5
2026-07-08 02:35	76.030	76.045	75.778	75.810	5
2026-07-08 02:40	75.805	75.895	75.778	75.840	5
2026-07-08 02:45	75.845	75.970	75.835	75.970	5
2026-07-08 02:50	75.985	76.045	75.960	76.000	5
2026-07-08 02:55	76.005	76.040	75.970	76.000	5
2026-07-08 03:00	76.015	76.075	75.975	76.060	5
2026-07-08 03:05	76.065	76.140	76.055	76.130	5
2026-07-08 03:10	76.140	76.145	76.070	76.110	5
2026-07-08 03:15	76.105	76.130	76.045	76.050	5
2026-07-08 03:20	76.055	76.100	76.030	76.070	5
2026-07-08 03:25	76.075	76.080	76.030	76.050	5
2026-07-08 03:30	76.035	76.075	75.953	76.070	5
2026-07-08 03:35	76.075	76.105	76.070	76.090	5
2026-07-08 03:40	76.095	76.095	76.033	76.080	5
2026-07-08 03:45	76.085	76.100	76.050	76.050	5
2026-07-08 03:50	76.055	76.065	76.003	76.035	5
2026-07-08 03:55	75.988	76.075	75.988	76.070	5
2026-07-08 04:00	76.075	76.090	76.013	76.070	5
2026-07-08 04:05	76.075	76.140	76.070	76.070	5
2026-07-08 04:10	76.075	76.220	76.038	76.180	5
2026-07-08 04:15	76.175	76.215	76.125	76.160	5
2026-07-08 04:20	76.165	76.170	76.110	76.110	5
2026-07-08 04:25	76.100	76.115	76.070	76.075	5
2026-07-08 04:30	76.070	76.070	76.035	76.060	5
2026-07-08 04:35	76.013	76.080	76.013	76.050	5
2026-07-08 04:40	76.045	76.070	76.035	76.060	5
2026-07-08 04:45	76.050	76.080	76.003	76.080	5
2026-07-08 04:50	76.070	76.090	76.070	76.080	5
2026-07-08 04:55	76.075	76.160	76.075	76.150	5
2026-07-08 05:00	76.155	76.245	76.140	76.215	5
2026-07-08 05:05	76.220	76.380	76.215	76.370	5
2026-07-08 05:10	76.365	76.365	76.220	76.270	5
2026-07-08 05:15	76.275	76.420	76.260	76.417	5
2026-07-08 05:20	76.410	76.720	76.353	76.670	5
2026-07-08 05:25	76.680	76.725	76.510	76.550	5
2026-07-08 05:30	76.520	76.580	76.450	76.535	5
2026-07-08 05:35	76.540	76.570	76.405	76.405	5
2026-07-08 05:40	76.385	76.395	76.135	76.390	5
2026-07-08 05:45	76.395	76.495	76.328	76.475	5
2026-07-08 05:50	76.485	76.610	76.460	76.555	5
2026-07-08 05:55	76.560	76.635	76.510	76.590	5
2026-07-08 06:00	76.585	76.665	76.403	76.470	5
2026-07-08 06:05	76.465	76.645	76.455	76.600	5
2026-07-08 06:10	76.610	76.725	76.553	76.620	5
2026-07-08 06:15	76.615	76.625	76.440	76.440	5
2026-07-08 06:20	76.450	76.690	76.393	76.550	5
2026-07-08 06:25	76.560	76.585	76.408	76.475	5
2026-07-08 06:30	76.480	76.625	76.408	76.555	5
2026-07-08 06:35	76.570	76.625	76.520	76.530	5
2026-07-08 06:40	76.525	76.610	76.458	76.520	5
2026-07-08 06:45	76.525	76.580	76.373	76.445	5
2026-07-08 06:50	76.450	76.570	76.385	76.510	5
2026-07-08 06:55	76.515	76.515	76.373	76.410	5
2026-07-08 07:00	76.397	76.590	76.368	76.545	5
2026-07-08 07:05	76.550	76.705	76.410	76.420	5
2026-07-08 07:10	76.425	76.440	76.258	76.365	5
2026-07-08 07:15	76.360	76.360	76.155	76.160	5
2026-07-08 07:20	76.170	76.185	75.943	76.040	5
2026-07-08 07:25	76.060	76.060	75.793	75.845	5
2026-07-08 07:30	75.850	75.860	75.783	75.830	5
2026-07-08 07:35	75.825	75.875	75.783	75.825	5
2026-07-08 07:40	75.820	75.870	75.643	75.735	5
2026-07-08 07:45	75.750	75.855	75.663	75.755	5
2026-07-08 07:50	75.760	75.895	75.723	75.855	5
2026-07-08 07:55	75.865	75.970	75.855	75.965	5
2026-07-08 08:00	75.928	76.150	75.883	76.130	5
2026-07-08 08:05	76.135	76.170	75.920	75.935	5
2026-07-08 08:10	75.940	75.955	75.820	75.925	5
2026-07-08 08:15	75.930	77.555	75.865	77.328	5
2026-07-08 08:20	77.358	78.015	77.198	77.845	8
2026-07-08 08:25	77.875	78.140	77.770	77.820	5
2026-07-08 08:30	77.795	78.220	77.743	78.220	5
2026-07-08 08:35	78.210	78.605	78.145	78.550	5
2026-07-08 08:40	78.545	78.770	78.495	78.520	5
2026-07-08 08:45	78.530	78.545	78.035	78.415	5
2026-07-08 08:50	78.405	78.475	78.218	78.450	5
2026-07-08 08:55	78.440	78.725	78.375	78.670	5
2026-07-08 09:00	78.660	78.925	78.610	78.705	5
2026-07-08 09:05	78.715	78.870	78.623	78.845	5
2026-07-08 09:10	78.820	78.965	78.685	78.965	5
2026-07-08 09:15	78.955	78.975	78.843	78.905	5
2026-07-08 09:20	78.910	79.220	78.773	79.045	5
2026-07-08 09:25	79.040	79.160	78.768	78.885	5
2026-07-08 09:30	78.890	78.915	78.530	78.545	5
2026-07-08 09:35	78.550	78.740	78.465	78.500	5
2026-07-08 09:40	78.505	78.685	78.490	78.620	5
2026-07-08 09:45	78.615	78.745	78.505	78.680	5
2026-07-08 09:50	78.670	78.705	78.445	78.705	5
2026-07-08 09:55	78.715	78.920	78.655	78.755	5
2026-07-08 10:00	78.750	78.790	78.520	78.525	5
2026-07-08 10:05	78.530	78.790	78.490	78.490	5
2026-07-08 10:10	78.485	78.605	78.420	78.485	5
2026-07-08 10:15	78.480	78.550	78.235	78.250	5
2026-07-08 10:20	78.240	78.420	78.218	78.400	5
2026-07-08 10:25	78.395	78.445	78.200	78.205	5
2026-07-08 10:30	78.215	78.230	77.798	77.890	5
2026-07-08 10:35	77.895	78.120	77.875	77.910	5
2026-07-08 10:40	77.920	78.020	77.845	77.935	5
2026-07-08 10:45	77.940	78.100	77.855	78.065	5
2026-07-08 10:50	78.040	78.075	77.848	77.990	5
2026-07-08 10:55	77.995	78.165	77.960	78.160	5
2026-07-08 11:00	78.170	78.205	77.950	78.085	5
2026-07-08 11:05	78.070	78.350	78.003	78.335	5
2026-07-08 11:10	78.330	78.405	78.215	78.240	5
2026-07-08 11:15	78.245	78.380	78.198	78.295	5
2026-07-08 11:20	78.300	78.470	78.290	78.355	5
2026-07-08 11:25	78.365	78.465	78.303	78.355	5
2026-07-08 11:30	78.370	78.475	78.340	78.380	5
2026-07-08 11:35	78.390	78.605	78.370	78.565	5
2026-07-08 11:40	78.555	78.570	77.535	78.090	5
2026-07-08 11:45	78.100	78.150	77.850	78.040	5
2026-07-08 11:50	78.045	78.210	77.888	78.035	5
2026-07-08 11:55	78.040	78.160	77.900	78.115	5
2026-07-08 12:00	78.120	78.375	78.095	78.260	5
2026-07-08 12:05	78.250	78.290	78.100	78.110	5
2026-07-08 12:10	78.120	78.130	77.875	77.970	5
2026-07-08 12:15	77.975	77.975	77.445	77.510	5
2026-07-08 12:20	77.520	77.610	77.460	77.535	5
2026-07-08 12:25	77.530	77.575	77.325	77.365	5
2026-07-08 12:30	77.380	77.470	77.247	77.360	5
2026-07-08 12:35	77.345	77.475	77.215	77.220	5
2026-07-08 12:40	77.235	77.365	77.183	77.315	5
2026-07-08 12:45	77.320	77.560	77.270	77.420	5
2026-07-08 12:50	77.425	77.425	77.178	77.290	5
2026-07-08 12:55	77.300	77.915	77.168	77.880	5
2026-07-08 13:00	77.915	78.050	77.770	77.940	5
2026-07-08 13:05	77.935	78.195	77.893	78.000	5
2026-07-08 13:10	77.995	78.170	77.693	77.870	5
2026-07-08 13:15	77.865	78.065	77.788	78.060	5
2026-07-08 13:20	78.055	78.140	77.940	77.990	5
2026-07-08 13:25	77.995	78.437	77.903	78.345	5
2026-07-08 13:30	78.340	78.390	77.913	78.070	5
2026-07-08 13:35	78.075	78.205	77.925	77.925	5
2026-07-08 13:40	77.930	77.940	77.655	77.675	5
2026-07-08 13:45	77.680	77.785	77.593	77.740	5
2026-07-08 13:50	77.750	77.865	77.483	77.850	5
2026-07-08 13:55	77.855	78.000	77.753	77.960	5
2026-07-08 14:00	77.970	78.125	77.945	78.018	5
2026-07-08 14:05	78.070	78.515	78.050	78.375	5
2026-07-08 14:10	78.370	78.550	78.155	78.540	5
2026-07-08 14:15	78.545	79.050	78.540	79.045	5
2026-07-08 14:20	79.050	79.215	78.918	79.180	5
2026-07-08 14:25	79.170	79.685	79.058	79.680	5
2026-07-08 14:30	79.685	79.845	79.547	79.740	5
2026-07-08 14:35	79.745	79.905	79.588	79.665	5
2026-07-08 14:40	79.670	79.675	79.423	79.455	5
2026-07-08 14:45	79.465	79.565	79.265	79.395	5
2026-07-08 14:50	79.415	79.705	79.380	79.695	5
2026-07-08 14:55	79.700	79.780	79.590	79.595	5
2026-07-08 15:00	79.580	79.925	79.538	79.890	5
2026-07-08 15:05	79.895	80.045	79.700	79.865	5
2026-07-08 15:10	79.870	79.995	79.798	79.905	5
2026-07-08 15:15	79.910	80.100	79.720	79.750	5
2026-07-08 15:20	79.745	79.775	79.528	79.685	5
2026-07-08 15:25	79.680	79.830	79.488	79.555	5
2026-07-08 15:30	79.550	80.090	79.523	80.065	5
2026-07-08 15:35	80.070	80.175	79.983	80.160	5
2026-07-08 15:40	80.155	80.165	80.005	80.090	5
2026-07-08 15:45	80.095	80.430	80.085	80.420	5
2026-07-08 15:50	80.435	80.565	80.363	80.405	5
2026-07-08 15:55	80.385	80.445	80.255	80.260	5
2026-07-08 16:00	80.255	80.395	80.055	80.055	5
2026-07-08 16:05	80.040	80.090	79.578	79.655	5
2026-07-08 16:10	79.650	79.670	79.343	79.670	5
2026-07-08 16:15	79.685	79.805	79.595	79.670	5
2026-07-08 16:20	79.665	79.675	79.495	79.600	5
2026-07-08 16:25	79.595	79.595	79.195	79.375	5
2026-07-08 16:30	79.395	79.515	79.195	79.470	5
2026-07-08 16:35	79.480	79.660	79.110	79.130	5
2026-07-08 16:40	79.135	79.320	78.878	78.920	5
2026-07-08 16:45	78.935	79.125	78.888	78.970	5
2026-07-08 16:50	78.955	79.067	78.845	78.970	5
2026-07-08 16:55	78.980	78.985	78.723	78.900	5
2026-07-08 17:00	78.905	78.930	78.700	78.780	5
2026-07-08 17:05	78.770	78.850	78.640	78.845	5
2026-07-08 17:10	78.850	78.890	78.683	78.820	5
2026-07-08 17:15	78.810	78.820	78.615	78.685	5
2026-07-08 17:20	78.675	78.705	78.528	78.600	5
2026-07-08 17:25	78.595	78.595	78.290	78.310	5
2026-07-08 17:30	78.300	78.355	78.143	78.345	5
2026-07-08 17:35	78.350	78.560	78.305	78.555	5
2026-07-08 17:40	78.550	78.565	78.320	78.355	5
2026-07-08 17:45	78.370	78.455	78.303	78.425	5
2026-07-08 17:50	78.395	78.405	78.083	78.145	5
2026-07-08 17:55	78.150	78.315	78.115	78.310	5
2026-07-08 18:00	78.300	78.335	78.043	78.145	5
2026-07-08 18:05	78.150	78.215	78.098	78.175	5
2026-07-08 18:10	78.190	78.195	77.940	78.035	5
2026-07-08 18:15	78.030	78.170	77.985	77.990	5
2026-07-08 18:20	77.995	78.065	77.915	78.045	5
2026-07-08 18:25	78.040	78.155	77.870	77.985	5
2026-07-08 18:30	77.975	78.090	77.860	78.080	5
2026-07-08 18:35	78.075	78.235	78.023	78.180	5
2026-07-08 18:40	78.185	78.275	78.173	78.180	5
2026-07-08 18:45	78.185	78.240	78.085	78.090	5
2026-07-08 18:50	78.137	78.190	78.048	78.120	5
2026-07-08 18:55	78.115	78.160	78.023	78.075	5
2026-07-08 19:00	78.085	78.190	78.070	78.140	5
2026-07-08 19:05	78.145	78.160	78.105	78.120	5
2026-07-08 19:10	78.115	78.115	78.035	78.035	5
2026-07-08 19:15	78.040	78.060	77.928	78.055	5
2026-07-08 19:20	78.050	78.070	77.985	78.020	5
2026-07-08 19:25	78.000	78.075	77.963	78.070	5
2026-07-08 19:30	78.060	78.265	78.035	78.265	5
2026-07-08 19:35	78.260	78.265	78.195	78.250	5
2026-07-08 19:40	78.255	78.585	78.240	78.550	5
2026-07-08 19:45	78.555	78.780	78.525	78.725	5
2026-07-08 19:50	78.730	78.755	78.328	78.510	5
2026-07-08 19:55	78.505	78.600	78.465	78.590	5
2026-07-08 20:00	78.600	78.772	78.567	78.757	5
2026-07-08 20:05	78.767	78.827	78.737	78.782	5
2026-07-08 20:10	78.797	79.092	78.737	78.887	5
2026-07-08 20:15	78.897	79.137	78.872	79.052	5
2026-07-08 20:20	79.057	79.287	78.987	79.067	5
2026-07-08 20:25	79.082	79.097	78.922	79.052	5
2026-07-08 20:30	79.042	79.267	79.032	79.202	5
2026-07-08 20:35	79.207	79.417	79.182	79.387	5
2026-07-08 20:40	79.402	79.442	79.257	79.297	5
2026-07-08 20:45	79.287	79.312	79.172	79.232	5
2026-07-08 20:50	79.227	79.237	78.997	79.147	5
2026-07-08 20:55	79.142	79.312	79.052	79.272	5
2026-07-09 00:00	78.897	78.970	78.790	78.790	5
2026-07-09 00:05	78.785	78.850	78.745	78.780	5
2026-07-09 00:10	78.790	78.815	78.700	78.730	5
2026-07-09 00:15	78.740	78.760	78.660	78.710	5
2026-07-09 00:20	78.705	78.825	78.643	78.800	5
2026-07-09 00:25	78.810	78.890	78.715	78.740	5
2026-07-09 00:30	78.750	78.845	78.618	78.840	5
2026-07-09 00:35	78.835	78.890	78.700	78.800	5
2026-07-09 00:40	78.810	78.810	78.740	78.780	5
2026-07-09 00:45	78.795	78.830	78.723	78.723	5
2026-07-09 00:50	78.755	78.840	78.740	78.780	5
2026-07-09 00:55	78.785	78.785	78.520	78.530	5
2026-07-09 01:00	78.515	78.885	78.355	78.800	5
2026-07-09 01:05	78.805	78.805	78.600	78.620	5
2026-07-09 01:10	78.615	79.045	78.610	79.020	5
2026-07-09 01:15	79.025	79.160	78.990	79.040	5
2026-07-09 01:20	79.020	79.110	78.945	79.030	5
2026-07-09 01:25	79.010	79.080	78.950	78.950	5
2026-07-09 01:30	78.935	78.950	78.740	78.740	5
2026-07-09 01:35	78.745	78.770	78.613	78.700	5
2026-07-09 01:40	78.695	78.710	78.620	78.690	5
2026-07-09 01:45	78.680	78.735	78.610	78.650	5
2026-07-09 01:50	78.660	78.735	78.630	78.715	5
2026-07-09 01:55	78.710	78.745	78.610	78.630	5
2026-07-09 02:00	78.620	78.680	78.470	78.550	5
2026-07-09 02:05	78.560	78.780	78.560	78.740	5
2026-07-09 02:10	78.750	78.810	78.675	78.700	5
2026-07-09 02:15	78.705	78.755	78.685	78.750	5
2026-07-09 02:20	78.745	78.820	78.705	78.815	5
2026-07-09 02:25	78.800	78.825	78.740	78.745	5
2026-07-09 02:30	78.755	78.920	78.750	78.890	5
2026-07-09 02:35	78.910	78.985	78.875	78.980	5
2026-07-09 02:40	78.975	78.995	78.905	78.910	5
2026-07-09 02:45	78.900	79.100	78.890	79.100	5
2026-07-09 02:50	79.095	79.175	79.070	79.110	5
2026-07-09 02:55	79.095	79.110	78.990	79.025	5
2026-07-09 03:00	79.000	79.110	78.995	79.040	5
2026-07-09 03:05	79.030	79.045	78.860	78.895	5
2026-07-09 03:10	78.890	78.935	78.790	78.815	5
2026-07-09 03:15	78.810	78.835	78.760	78.820	5
2026-07-09 03:20	78.830	78.970	78.820	78.925	5
2026-07-09 03:25	78.930	78.950	78.860	78.910	5
2026-07-09 03:30	78.895	78.895	78.688	78.765	5
2026-07-09 03:35	78.770	78.820	78.693	78.790	5
2026-07-09 03:40	78.810	78.875	78.728	78.870	5
2026-07-09 03:45	78.860	78.920	78.820	78.870	5
2026-07-09 03:50	78.865	78.910	78.805	78.805	5
2026-07-09 03:55	78.810	78.860	78.810	78.810	5
2026-07-09 04:00	78.815	78.890	78.800	78.840	5
2026-07-09 04:05	78.830	78.870	78.830	78.830	5
2026-07-09 04:10	78.840	78.890	78.830	78.890	5
2026-07-09 04:15	78.880	78.915	78.860	78.865	5
2026-07-09 04:20	78.860	78.915	78.840	78.910	5
2026-07-09 04:25	78.915	78.950	78.915	78.925	5
2026-07-09 04:30	78.920	78.930	78.860	78.885	5
2026-07-09 04:35	78.890	78.890	78.833	78.860	5
2026-07-09 04:40	78.865	78.865	78.790	78.830	5
2026-07-09 04:45	78.840	78.890	78.830	78.850	5
2026-07-09 04:50	78.855	78.875	78.793	78.860	5
2026-07-09 04:55	78.865	78.910	78.860	78.890	5
2026-07-09 05:00	78.870	78.930	78.830	78.870	5
2026-07-09 05:05	78.865	78.865	78.763	78.825	5
2026-07-09 05:10	78.830	78.850	78.565	78.795	5
2026-07-09 05:15	78.790	79.020	78.790	78.970	5
2026-07-09 05:20	78.955	79.020	78.890	78.940	5
2026-07-09 05:25	78.945	78.950	78.820	78.830	5
2026-07-09 05:30	78.810	78.820	78.315	78.410	5
2026-07-09 05:35	78.395	78.425	78.270	78.290	5
2026-07-09 05:40	78.285	78.330	78.180	78.235	5
2026-07-09 05:45	78.230	78.250	77.970	78.015	5
2026-07-09 05:50	78.005	78.015	77.685	77.720	5
2026-07-09 05:55	77.730	77.780	77.493	77.605	5
2026-07-09 06:00	77.608	77.800	77.555	77.740	5
2026-07-09 06:05	77.735	77.945	77.710	77.910	5
2026-07-09 06:10	77.915	78.065	77.873	77.980	5
2026-07-09 06:15	77.975	78.030	77.765	77.810	5
2026-07-09 06:20	77.820	77.845	77.650	77.690	5
2026-07-09 06:25	77.700	77.945	77.643	77.830	5
2026-07-09 06:30	77.840	77.885	77.748	77.765	5
2026-07-09 06:35	77.770	77.865	77.733	77.825	5
2026-07-09 06:40	77.815	77.840	77.675	77.695	5
2026-07-09 06:45	77.705	77.820	77.680	77.820	5
2026-07-09 06:50	77.810	77.855	77.750	77.820	5
2026-07-09 06:55	77.825	77.860	77.698	77.775	5
2026-07-09 07:00	77.805	77.855	77.563	77.730	5
2026-07-09 07:05	77.735	77.985	77.678	77.945	5
2026-07-09 07:10	77.950	78.105	77.950	78.040	5
2026-07-09 07:15	78.045	78.060	77.775	77.800	5
2026-07-09 07:20	77.805	77.915	77.780	77.790	5
2026-07-09 07:25	77.795	77.820	77.565	77.605	5
2026-07-09 07:30	77.600	77.645	77.260	77.280	5
2026-07-09 07:35	77.270	77.345	77.168	77.325	5
2026-07-09 07:40	77.330	77.345	77.093	77.135	5
2026-07-09 07:45	77.125	77.175	76.883	77.070	5
2026-07-09 07:50	77.055	77.080	76.905	77.025	5
2026-07-09 07:55	77.020	77.280	76.995	77.105	5
2026-07-09 08:00	77.075	77.290	77.075	77.155	5
2026-07-09 08:05	77.165	77.165	76.890	76.945	5
2026-07-09 08:10	76.950	77.140	76.915	77.015	5
2026-07-09 08:15	77.010	77.015	76.750	76.795	5
2026-07-09 08:20	76.785	76.890	76.748	76.850	5
2026-07-09 08:25	76.845	76.990	76.795	76.870	5
2026-07-09 08:30	76.860	77.240	76.748	77.180	5
2026-07-09 08:35	77.175	77.415	77.155	77.400	5
2026-07-09 08:40	77.410	77.440	77.213	77.260	5
2026-07-09 08:45	77.265	77.370	77.220	77.280	5
2026-07-09 08:50	77.285	77.305	77.120	77.195	5
2026-07-09 08:55	77.200	77.455	77.180	77.435	5
2026-07-09 09:00	77.445	77.590	77.395	77.560	5
2026-07-09 09:05	77.555	77.630	77.490	77.510	5
2026-07-09 09:10	77.505	77.570	77.348	77.400	5
2026-07-09 09:15	77.390	77.540	77.390	77.480	5
2026-07-09 09:20	77.475	77.575	77.445	77.565	5
2026-07-09 09:25	77.575	77.705	77.548	77.665	5
2026-07-09 09:30	77.680	77.725	77.585	77.725	5
2026-07-09 09:35	77.715	77.870	77.715	77.800	5
2026-07-09 09:40	77.790	78.040	77.790	77.985	5
2026-07-09 09:45	77.995	78.115	77.963	78.070	5
2026-07-09 09:50	78.065	78.090	77.865	78.005	5
2026-07-09 09:55	78.010	78.075	77.955	78.060	5
2026-07-09 10:00	78.065	78.210	78.065	78.135	5
2026-07-09 10:05	78.130	78.210	78.057	78.115	5
2026-07-09 10:10	78.110	78.245	77.970	78.150	5
2026-07-09 10:15	78.145	78.210	77.968	78.135	5
2026-07-09 10:20	78.140	78.325	78.080	78.320	5
2026-07-09 10:25	78.340	78.395	78.295	78.385	5
2026-07-09 10:30	78.390	78.475	78.375	78.375	5
2026-07-09 10:35	78.370	78.375	78.215	78.280	5
2026-07-09 10:40	78.300	78.450	78.220	78.355	5
2026-07-09 10:45	78.360	78.680	78.360	78.595	5
2026-07-09 10:50	78.605	79.150	78.598	79.030	5
2026-07-09 10:55	79.035	79.225	78.793	78.850	5
2026-07-09 11:00	78.845	78.880	78.510	78.650	5
2026-07-09 11:05	78.645	78.825	78.535	78.710	5
2026-07-09 11:10	78.715	78.715	78.483	78.610	5
2026-07-09 11:15	78.635	78.855	78.625	78.670	5
2026-07-09 11:20	78.675	78.790	78.600	78.750	5
2026-07-09 11:25	78.740	78.775	78.655	78.670	5
2026-07-09 11:30	78.690	78.810	78.570	78.590	5
2026-07-09 11:35	78.595	78.665	78.480	78.480	5
2026-07-09 11:40	78.470	78.640	78.470	78.630	5
2026-07-09 11:45	78.625	78.735	78.465	78.590	5
2026-07-09 11:50	78.595	78.640	78.493	78.620	5
2026-07-09 11:55	78.630	78.645	78.483	78.580	5
2026-07-09 12:00	78.565	78.725	78.510	78.630	5
2026-07-09 12:05	78.615	78.710	78.505	78.535	5
2026-07-09 12:10	78.540	78.565	78.260	78.350	5
2026-07-09 12:15	78.340	78.500	78.263	78.460	5
2026-07-09 12:20	78.465	78.465	78.348	78.400	5
2026-07-09 12:25	78.405	78.545	78.400	78.510	5
2026-07-09 12:30	78.505	78.600	78.400	78.400	5
2026-07-09 12:35	78.395	78.520	78.305	78.520	5
2026-07-09 12:40	78.515	78.715	78.505	78.665	5
2026-07-09 12:45	78.660	78.730	78.590	78.715	5
2026-07-09 12:50	78.700	78.710	78.575	78.645	5
2026-07-09 12:55	78.635	78.685	78.565	78.630	5
2026-07-09 13:00	78.655	78.690	78.410	78.430	5
2026-07-09 13:05	78.450	78.650	78.240	78.255	5
2026-07-09 13:10	78.265	78.315	78.090	78.100	5
2026-07-09 13:15	78.095	78.100	77.668	77.715	5
2026-07-09 13:20	77.710	77.940	77.710	77.860	5
2026-07-09 13:25	77.855	78.030	77.825	77.970	5
2026-07-09 13:30	77.960	78.025	77.670	77.770	5
2026-07-09 13:35	77.775	77.835	77.680	77.690	5
2026-07-09 13:40	77.700	77.770	77.445	77.550	5
2026-07-09 13:45	77.555	77.610	77.463	77.540	5
2026-07-09 13:50	77.530	77.725	77.513	77.590	5
2026-07-09 13:55	77.585	77.590	77.375	77.390	5
2026-07-09 14:00	77.395	77.515	77.205	77.450	5
2026-07-09 14:05	77.440	77.555	77.173	77.315	5
2026-07-09 14:10	77.310	77.330	77.120	77.165	5
2026-07-09 14:15	77.160	77.240	77.100	77.125	5
2026-07-09 14:20	77.130	77.250	77.055	77.165	5
2026-07-09 14:25	77.160	77.300	77.135	77.270	5
2026-07-09 14:30	77.260	77.280	77.055	77.060	5
2026-07-09 14:35	77.055	77.390	76.993	77.255	5
2026-07-09 14:40	77.260	77.455	77.245	77.385	5
2026-07-09 14:45	77.395	77.645	77.330	77.615	5
2026-07-09 14:50	77.605	77.625	76.875	76.930	5
2026-07-09 14:55	76.935	77.030	76.808	76.915	5
2026-07-09 15:00	76.910	77.005	76.818	76.925	5
2026-07-09 15:05	76.915	77.045	76.868	77.005	5
2026-07-09 15:10	76.963	77.075	76.960	77.015	5
2026-07-09 15:15	77.010	77.015	76.765	76.910	5
2026-07-09 15:20	76.905	76.920	76.815	76.825	5
2026-07-09 15:25	76.815	76.865	76.698	76.815	5
2026-07-09 15:30	76.810	77.055	76.753	76.935	5
2026-07-09 15:35	76.925	77.000	76.745	76.760	5
2026-07-09 15:40	76.740	76.815	76.515	76.535	5
2026-07-09 15:45	76.550	76.665	76.308	76.630	5
2026-07-09 15:50	76.615	76.635	76.455	76.605	5
2026-07-09 15:55	76.595	76.615	76.515	76.570	5
2026-07-09 16:00	76.575	76.575	76.425	76.455	5
2026-07-09 16:05	76.475	76.575	76.363	76.570	5
2026-07-09 16:10	76.575	76.700	76.515	76.520	5
2026-07-09 16:15	76.515	76.535	76.340	76.415	5
2026-07-09 16:20	76.425	76.455	76.335	76.385	5
2026-07-09 16:25	76.380	76.485	76.250	76.325	5
2026-07-09 16:30	76.335	76.380	76.238	76.370	5
2026-07-09 16:35	76.365	76.410	76.270	76.345	5
2026-07-09 16:40	76.340	76.370	76.273	76.320	5
2026-07-09 16:45	76.325	76.325	76.210	76.255	5
2026-07-09 16:50	76.245	76.280	75.870	75.880	5
2026-07-09 16:55	75.885	76.140	75.845	76.125	5
2026-07-09 17:00	76.140	76.170	76.053	76.115	5
2026-07-09 17:05	76.120	76.230	76.093	76.215	5
2026-07-09 17:10	76.210	76.275	76.180	76.195	5
2026-07-09 17:15	76.205	76.245	76.063	76.075	5
2026-07-09 17:20	76.070	76.120	76.030	76.075	5
2026-07-09 17:25	76.070	76.095	75.933	75.965	5
2026-07-09 17:30	75.955	76.025	75.855	75.875	5
2026-07-09 17:35	75.865	75.865	75.533	75.685	5
2026-07-09 17:40	75.695	75.790	75.673	75.705	5
2026-07-09 17:45	75.710	75.785	75.650	75.675	5
2026-07-09 17:50	75.665	75.740	75.615	75.740	5
2026-07-09 17:55	75.745	75.830	75.610	75.655	5
2026-07-09 18:00	75.665	75.745	75.553	75.720	5
2026-07-09 18:05	75.715	75.800	75.665	75.665	5
2026-07-09 18:10	75.660	75.845	75.643	75.810	5
2026-07-09 18:15	75.825	76.155	75.825	76.155	5
2026-07-09 18:20	76.150	76.445	76.150	76.445	5
2026-07-09 18:25	76.450	76.450	76.173	76.265	5
2026-07-09 18:30	76.270	76.295	76.023	76.150	5
2026-07-09 18:35	76.145	76.165	76.028	76.080	5
2026-07-09 18:40	76.095	76.115	75.895	75.970	5
2026-07-09 18:45	75.975	76.105	75.933	76.055	5
2026-07-09 18:50	76.060	76.080	75.943	75.990	5
2026-07-09 18:55	75.985	75.990	75.783	75.815	5
2026-07-09 19:00	75.835	75.835	75.665	75.755	5
2026-07-09 19:05	75.750	75.870	75.750	75.835	5
2026-07-09 19:10	75.840	75.875	75.810	75.835	5
2026-07-09 19:15	75.830	75.870	75.815	75.825	5
2026-07-09 19:20	75.830	75.880	75.788	75.880	5
2026-07-09 19:25	75.870	75.935	75.855	75.915	5
2026-07-09 19:30	75.925	76.035	75.910	75.960	5
2026-07-09 19:35	75.965	76.035	75.965	75.980	5
2026-07-09 19:40	75.970	76.075	75.970	76.060	5
2026-07-09 19:45	76.065	76.100	76.045	76.090	5
2026-07-09 19:50	76.095	76.110	75.995	76.035	5
2026-07-09 19:55	76.030	76.080	76.025	76.080	5
2026-07-09 20:00	76.085	76.095	76.017	76.027	5
2026-07-09 20:05	76.022	76.022	75.852	75.882	5
2026-07-09 20:10	75.872	75.987	75.827	75.912	5
2026-07-09 20:15	75.917	76.007	75.917	75.967	5
2026-07-09 20:20	75.957	75.982	75.927	75.967	5
2026-07-09 20:25	75.957	76.042	75.947	76.012	5
2026-07-09 20:30	75.988	76.097	75.988	76.012	5
2026-07-09 20:35	76.017	76.037	75.942	75.962	5
2026-07-09 20:40	75.957	76.062	75.947	76.042	5
2026-07-09 20:45	76.037	76.062	76.002	76.007	5
2026-07-09 20:50	76.002	76.007	75.947	75.982	5
2026-07-09 20:55	75.977	76.047	75.947	76.037	5
2026-07-10 00:00	76.127	76.177	75.970	76.030	5
2026-07-10 00:05	76.035	76.135	76.030	76.120	5
2026-07-10 00:10	76.105	76.120	76.030	76.050	5
2026-07-10 00:15	76.040	76.050	75.970	76.020	5
2026-07-10 00:20	76.010	76.100	76.010	76.050	5
2026-07-10 00:25	76.045	76.055	75.950	76.010	5
2026-07-10 00:30	76.030	76.105	76.020	76.090	5
2026-07-10 00:35	76.070	76.075	76.015	76.065	5
2026-07-10 00:40	76.070	76.105	76.055	76.090	5
2026-07-10 00:45	76.080	76.145	76.040	76.130	5
2026-07-10 00:50	76.125	76.155	76.110	76.140	5
2026-07-10 00:55	76.145	76.170	76.085	76.130	5
2026-07-10 01:00	76.120	76.275	75.890	76.000	5
2026-07-10 01:05	76.005	76.200	75.950	76.200	5
2026-07-10 01:10	76.190	76.265	76.100	76.100	5
2026-07-10 01:15	76.105	76.290	76.100	76.260	5
2026-07-10 01:20	76.270	76.370	76.205	76.210	5
2026-07-10 01:25	76.220	76.270	76.175	76.260	5
2026-07-10 01:30	76.270	76.300	76.165	76.240	5
2026-07-10 01:35	76.250	76.310	76.230	76.250	5
2026-07-10 01:40	76.240	76.320	76.210	76.320	5
2026-07-10 01:45	76.315	76.360	76.260	76.345	5
2026-07-10 01:50	76.330	76.380	76.250	76.290	5
2026-07-10 01:55	76.295	76.360	76.250	76.330	5
2026-07-10 02:00	76.340	76.345	76.300	76.320	5
2026-07-10 02:05	76.325	76.415	76.260	76.370	5
2026-07-10 02:10	76.365	76.410	76.335	76.360	5
2026-07-10 02:15	76.365	76.370	76.303	76.330	5
2026-07-10 02:20	76.335	76.450	76.335	76.450	5
2026-07-10 02:25	76.445	76.490	76.440	76.470	5
2026-07-10 02:30	76.485	76.520	76.440	76.500	5
2026-07-10 02:35	76.495	76.495	76.370	76.410	5
2026-07-10 02:40	76.400	76.480	76.370	76.445	5
2026-07-10 02:45	76.450	76.520	76.410	76.520	5
2026-07-10 02:50	76.525	76.597	76.490	76.550	5
2026-07-10 02:55	76.545	76.565	76.510	76.530	5
2026-07-10 03:00	76.525	76.570	76.390	76.420	5
2026-07-10 03:05	76.430	76.440	76.345	76.410	5
2026-07-10 03:10	76.415	76.490	76.395	76.465	5
2026-07-10 03:15	76.470	76.490	76.440	76.470	5
2026-07-10 03:20	76.465	76.535	76.445	76.465	5
2026-07-10 03:25	76.460	76.490	76.430	76.460	5
2026-07-10 03:30	76.450	76.475	76.410	76.470	5
2026-07-10 03:35	76.480	76.570	76.470	76.550	5
2026-07-10 03:40	76.540	76.545	76.490	76.500	5
2026-07-10 03:45	76.490	76.525	76.490	76.515	5
2026-07-10 03:50	76.510	76.580	76.478	76.570	5
2026-07-10 03:55	76.580	76.630	76.565	76.630	5
2026-07-10 04:00	76.640	76.655	76.580	76.590	5
2026-07-10 04:05	76.595	76.665	76.585	76.640	5
2026-07-10 04:10	76.635	76.700	76.630	76.655	5
2026-07-10 04:15	76.645	76.820	76.603	76.750	5
2026-07-10 04:20	76.740	76.790	76.725	76.790	5
2026-07-10 04:25	76.780	76.810	76.715	76.715	5
2026-07-10 04:30	76.710	76.715	76.670	76.700	5
2026-07-10 04:35	76.695	76.695	76.625	76.630	5
2026-07-10 04:40	76.583	76.640	76.493	76.505	5
2026-07-10 04:45	76.510	76.560	76.490	76.540	5
2026-07-10 04:50	76.550	76.550	76.425	76.460	5
2026-07-10 04:55	76.465	76.510	76.440	76.505	5
2026-07-10 05:00	76.510	76.625	76.505	76.620	5
2026-07-10 05:05	76.610	76.610	76.540	76.565	5
2026-07-10 05:10	76.570	76.620	76.565	76.580	5
2026-07-10 05:15	76.590	76.590	76.530	76.550	5
2026-07-10 05:20	76.545	76.550	76.490	76.540	5
2026-07-10 05:25	76.550	76.550	76.490	76.510	5
2026-07-10 05:30	76.520	76.580	76.420	76.570	5
2026-07-10 05:35	76.580	76.620	76.530	76.610	5
2026-07-10 05:40	76.605	76.630	76.570	76.610	5
2026-07-10 05:45	76.605	76.610	76.450	76.475	5
2026-07-10 05:50	76.480	76.480	76.285	76.330	5
2026-07-10 05:55	76.350	76.420	76.168	76.410	5
2026-07-10 06:00	76.415	76.435	76.155	76.200	5
2026-07-10 06:05	76.175	76.225	76.140	76.190	5
2026-07-10 06:10	76.185	76.220	76.085	76.100	5
2026-07-10 06:15	76.090	76.175	75.945	76.080	5
2026-07-10 06:20	76.070	76.165	75.955	76.000	5
2026-07-10 06:25	76.005	76.110	76.005	76.030	5
2026-07-10 06:30	76.025	76.270	76.008	76.270	5
2026-07-10 06:35	76.275	76.275	76.190	76.265	5
2026-07-10 06:40	76.270	76.440	76.235	76.430	5
2026-07-10 06:45	76.425	76.440	76.280	76.285	5
2026-07-10 06:50	76.280	76.345	76.190	76.210	5
2026-07-10 06:55	76.205	76.250	76.155	76.190	5
2026-07-10 07:00	76.195	76.225	76.010	76.085	5
2026-07-10 07:05	76.080	76.190	76.035	76.085	5
2026-07-10 07:10	76.090	76.170	75.875	75.900	5
2026-07-10 07:15	75.905	75.960	75.655	75.655	5
2026-07-10 07:20	75.645	75.690	75.568	75.650	5
2026-07-10 07:25	75.655	75.785	75.595	75.710	5
2026-07-10 07:30	75.700	75.795	75.530	75.555	5
2026-07-10 07:35	75.565	75.670	75.435	75.465	5
2026-07-10 07:40	75.460	75.610	75.460	75.555	5
2026-07-10 07:45	75.560	75.690	75.520	75.575	5
2026-07-10 07:50	75.585	75.760	75.563	75.735	5
2026-07-10 07:55	75.730	75.825	75.685	75.760	5
2026-07-10 08:00	75.755	75.790	75.347	75.450	5
2026-07-10 08:05	75.455	75.645	75.350	75.410	5
2026-07-10 08:10	75.420	75.545	75.335	75.540	5
2026-07-10 08:15	75.535	75.665	75.500	75.630	5
2026-07-10 08:20	75.625	75.790	75.625	75.730	5
2026-07-10 08:25	75.725	75.865	75.685	75.865	5
2026-07-10 08:30	75.860	76.175	75.830	76.095	5
2026-07-10 08:35	76.100	76.345	76.055	76.325	5
2026-07-10 08:40	76.330	76.375	76.100	76.120	5
2026-07-10 08:45	76.125	76.270	76.050	76.075	5
2026-07-10 08:50	76.033	76.330	76.033	76.270	5
2026-07-10 08:55	76.265	76.295	76.075	76.150	5
2026-07-10 09:00	76.165	76.270	76.100	76.250	5
2026-07-10 09:05	76.255	76.325	76.110	76.110	5
2026-07-10 09:10	76.105	76.115	75.833	75.910	5
2026-07-10 09:15	75.915	75.925	75.720	75.755	5
2026-07-10 09:20	75.750	76.025	75.750	75.870	5
2026-07-10 09:25	75.860	75.970	75.823	75.850	5
2026-07-10 09:30	75.840	75.970	75.703	75.950	5
2026-07-10 09:35	75.960	76.175	75.938	76.030	5
2026-07-10 09:40	76.020	76.140	76.020	76.090	5
2026-07-10 09:45	76.085	76.175	76.065	76.130	5
2026-07-10 09:50	76.125	76.155	76.090	76.135	5
2026-07-10 09:55	76.130	76.140	75.970	76.075	5
2026-07-10 10:00	76.060	76.185	75.983	76.115	5
2026-07-10 10:05	76.105	76.225	76.003	76.170	5
2026-07-10 10:10	76.160	76.225	76.095	76.195	5
2026-07-10 10:15	76.200	76.225	76.100	76.200	5
2026-07-10 10:20	76.205	76.225	76.115	76.145	5
2026-07-10 10:25	76.135	76.205	76.113	76.195	5
2026-07-10 10:30	76.200	76.225	76.113	76.200	5
2026-07-10 10:35	76.205	76.215	76.133	76.180	5
2026-07-10 10:40	76.175	76.195	76.125	76.165	5
2026-07-10 10:45	76.155	76.455	76.145	76.385	5
2026-07-10 10:50	76.390	76.540	76.303	76.490	5
2026-07-10 10:55	76.480	76.525	76.430	76.500	5
2026-07-10 11:00	76.510	76.555	76.430	76.510	5
2026-07-10 11:05	76.520	76.540	76.393	76.500	5
2026-07-10 11:10	76.510	76.595	76.413	76.535	5
2026-07-10 11:15	76.540	76.655	76.515	76.630	5
2026-07-10 11:20	76.625	76.685	76.543	76.620	5
2026-07-10 11:25	76.630	76.860	76.615	76.810	5
2026-07-10 11:30	76.815	76.955	76.800	76.900	5
2026-07-10 11:35	76.910	76.930	76.818	76.910	5
2026-07-10 11:40	76.915	76.915	76.790	76.890	5
2026-07-10 11:45	76.885	76.905	76.810	76.820	5
2026-07-10 11:50	76.825	77.080	76.820	77.080	5
2026-07-10 11:55	77.085	77.105	76.953	76.990	5
2026-07-10 12:00	77.000	77.115	76.888	77.025	5
2026-07-10 12:05	77.030	77.110	76.865	76.865	5
2026-07-10 12:10	76.855	76.855	75.738	76.210	5
2026-07-10 12:15	76.205	76.545	76.110	76.520	5
2026-07-10 12:20	76.525	76.565	76.440	76.450	5
2026-07-10 12:25	76.465	76.550	76.425	76.430	5
2026-07-10 12:30	76.440	76.645	76.403	76.640	5
2026-07-10 12:35	76.650	76.705	76.603	76.620	5
2026-07-10 12:40	76.610	76.670	76.570	76.640	5
2026-07-10 12:45	76.635	76.695	76.530	76.670	5
2026-07-10 12:50	76.665	76.690	76.480	76.515	5
2026-07-10 12:55	76.520	76.585	76.320	76.340	5
2026-07-10 13:00	76.350	76.530	76.320	76.425	5
2026-07-10 13:05	76.420	76.440	76.178	76.340	5
2026-07-10 13:10	76.345	76.420	76.273	76.385	5
2026-07-10 13:15	76.390	76.690	76.390	76.625	5
2026-07-10 13:20	76.620	76.630	76.395	76.465	5
2026-07-10 13:25	76.455	76.480	76.410	76.440	5
2026-07-10 13:30	76.435	76.525	76.290	76.435	5
2026-07-10 13:35	76.440	76.540	76.215	76.270	5
2026-07-10 13:40	76.275	76.275	76.080	76.125	5
2026-07-10 13:45	76.120	76.235	76.065	76.155	5
2026-07-10 13:50	76.145	76.235	76.005	76.075	5
2026-07-10 13:55	76.085	76.180	75.900	75.965	5
2026-07-10 14:00	75.970	76.095	75.940	76.045	5
2026-07-10 14:05	76.040	76.185	76.025	76.120	5
2026-07-10 14:10	76.125	76.235	76.060	76.210	5
2026-07-10 14:15	76.215	76.265	76.118	76.135	5
2026-07-10 14:20	76.140	76.285	76.095	76.170	5
2026-07-10 14:25	76.175	76.250	76.130	76.135	5
2026-07-10 14:30	76.125	77.117	75.870	76.625	5
2026-07-10 14:35	76.620	76.700	76.290	76.470	5
2026-07-10 14:40	76.465	76.550	76.238	76.470	5
2026-07-10 14:45	76.475	76.520	76.235	76.360	5
2026-07-10 14:50	76.365	76.465	76.270	76.305	5
2026-07-10 14:55	76.300	76.395	76.265	76.385	5
2026-07-10 15:00	76.375	76.385	75.985	76.110	5
2026-07-10 15:05	76.105	76.110	75.920	76.025	5
2026-07-10 15:10	76.020	76.050	75.773	75.860	5
2026-07-10 15:15	75.855	75.885	75.693	75.815	5
2026-07-10 15:20	75.810	75.995	75.613	75.730	5
2026-07-10 15:25	75.735	75.795	75.605	75.785	5
2026-07-10 15:30	75.780	75.870	75.630	75.645	5
2026-07-10 15:35	75.620	75.660	75.473	75.620	5
2026-07-10 15:40	75.625	75.690	75.525	75.675	5
2026-07-10 15:45	75.670	75.700	75.538	75.595	5
2026-07-10 15:50	75.590	75.590	75.280	75.365	5
2026-07-10 15:55	75.370	75.530	75.335	75.505	5
2026-07-10 16:00	75.500	75.710	75.500	75.710	5
2026-07-10 16:05	75.715	75.810	75.633	75.685	5
2026-07-10 16:10	75.680	75.915	75.640	75.725	5
2026-07-10 16:15	75.720	75.805	75.683	75.765	5
2026-07-10 16:20	75.760	75.830	75.655	75.710	5
2026-07-10 16:25	75.720	75.735	75.650	75.710	5
2026-07-10 16:30	75.715	75.760	75.588	75.695	5
2026-07-10 16:35	75.690	75.740	75.605	75.710	5
2026-07-10 16:40	75.715	75.745	75.590	75.635	5
2026-07-10 16:45	75.630	75.630	75.495	75.530	5
2026-07-10 16:50	75.535	75.655	75.433	75.565	5
2026-07-10 16:55	75.560	75.570	75.485	75.560	5
2026-07-10 17:00	75.575	75.595	75.535	75.595	5
2026-07-10 17:05	75.585	75.755	75.565	75.715	5
2026-07-10 17:10	75.710	75.795	75.610	75.780	5
2026-07-10 17:15	75.775	75.875	75.725	75.755	5
2026-07-10 17:20	75.765	75.795	75.688	75.765	5
2026-07-10 17:25	75.770	75.815	75.750	75.755	5
2026-07-10 17:30	75.765	75.795	75.653	75.760	5
2026-07-10 17:35	75.765	75.885	75.735	75.855	5
2026-07-10 17:40	75.860	75.890	75.785	75.830	5
2026-07-10 17:45	75.835	75.850	75.713	75.800	5
2026-07-10 17:50	75.795	75.830	75.705	75.735	5
2026-07-10 17:55	75.730	75.865	75.623	75.845	5
2026-07-10 18:00	75.855	75.885	75.785	75.840	5
2026-07-10 18:05	75.850	75.900	75.805	75.880	5
2026-07-10 18:10	75.875	75.880	75.690	75.820	5
2026-07-10 18:15	75.825	76.040	75.775	75.875	5
2026-07-10 18:20	75.880	75.920	75.793	75.890	5
2026-07-10 18:25	75.885	76.065	75.703	75.985	5
2026-07-10 18:30	75.990	76.110	75.945	75.960	5
2026-07-10 18:35	75.955	76.100	75.955	76.070	5
2026-07-10 18:40	76.075	76.125	76.055	76.100	5
2026-07-10 18:45	76.105	76.105	76.070	76.075	5
2026-07-10 18:50	76.080	76.085	76.050	76.055	5
2026-07-10 18:55	76.060	76.110	76.055	76.090	5
2026-07-10 19:00	76.095	76.105	76.055	76.060	5
2026-07-10 19:05	76.055	76.070	76.040	76.055	5
2026-07-10 19:10	76.045	76.075	75.993	76.045	5
2026-07-10 19:15	76.003	76.130	75.978	76.120	5
2026-07-10 19:20	76.115	76.150	76.043	76.075	5
2026-07-10 19:25	76.085	76.145	76.065	76.080	5
2026-07-10 19:30	76.075	76.095	75.853	76.020	5
2026-07-10 19:35	76.010	76.050	75.975	76.050	5
2026-07-10 19:40	76.065	76.135	76.030	76.080	5
2026-07-10 19:45	76.085	76.105	76.040	76.050	5
2026-07-10 19:50	76.040	76.065	76.040	76.060	5
2026-07-10 19:55	76.055	76.065	76.005	76.015	5
2026-07-10 20:00	75.987	75.987	75.927	75.937	5
2026-07-10 20:05	75.942	75.992	75.923	75.987	5
2026-07-10 20:10	75.977	75.987	75.967	75.977	4
2026-07-10 20:15	75.987	75.997	75.977	75.987	5
2026-07-10 20:20	75.982	75.987	75.967	75.972	5
2026-07-10 20:25	75.977	75.977	75.942	75.952	5
2026-07-10 20:30	75.928	76.037	75.928	75.997	5
2026-07-10 20:35	76.002	76.007	75.922	75.937	5
2026-07-10 20:40	75.942	75.942	75.908	75.927	5
2026-07-10 20:45	75.922	75.982	75.902	75.967	5
2026-07-10 20:50	75.957	75.967	75.908	75.932	5
2026-07-10 20:55	75.927	75.987	75.897	75.987	5
2026-07-13 00:00	78.437	78.500	78.390	78.475	5
2026-07-13 00:05	78.480	78.545	78.465	78.520	5
2026-07-13 00:10	78.515	78.595	78.475	78.595	5
2026-07-13 00:15	78.590	78.835	78.568	78.725	5
2026-07-13 00:20	78.710	78.720	78.600	78.600	5
2026-07-13 00:25	78.605	78.625	78.575	78.580	5
2026-07-13 00:30	78.585	78.785	78.565	78.760	5
2026-07-13 00:35	78.755	78.845	78.695	78.840	5
2026-07-13 00:40	78.830	79.085	78.793	79.000	5
2026-07-13 00:45	79.010	79.010	78.860	78.865	5
2026-07-13 00:50	78.855	79.100	78.828	78.940	5
2026-07-13 00:55	78.950	78.980	78.840	78.890	5
2026-07-13 01:00	78.867	79.085	78.830	78.965	5
2026-07-13 01:05	78.955	79.105	78.870	79.100	5
2026-07-13 01:10	79.090	79.115	78.930	79.000	5
2026-07-13 01:15	79.015	79.030	78.880	78.930	5
2026-07-13 01:20	78.950	79.305	78.935	79.250	5
2026-07-13 01:25	79.255	79.255	78.970	79.020	5
2026-07-13 01:30	79.030	79.355	79.020	79.295	5
2026-07-13 01:35	79.290	79.370	79.090	79.140	5
2026-07-13 01:40	79.125	79.235	79.115	79.200	5
2026-07-13 01:45	79.190	79.270	79.155	79.245	5
2026-07-13 01:50	79.225	79.290	79.160	79.190	5
2026-07-13 01:55	79.185	79.215	79.080	79.080	5
2026-07-13 02:00	79.085	79.200	79.040	79.160	5
2026-07-13 02:05	79.155	79.180	79.010	79.085	5
2026-07-13 02:10	79.095	79.145	79.030	79.130	5
2026-07-13 02:15	79.083	79.270	79.083	79.225	5
2026-07-13 02:20	79.230	79.330	79.223	79.230	5
2026-07-13 02:25	79.215	79.275	79.210	79.230	5
2026-07-13 02:30	79.210	79.240	78.945	78.965	5
2026-07-13 02:35	78.960	79.000	78.815	78.950	5
2026-07-13 02:40	78.955	79.065	78.930	78.990	5
2026-07-13 02:45	78.995	79.000	78.860	78.885	5
2026-07-13 02:50	78.890	79.050	78.890	79.005	5
2026-07-13 02:55	79.000	79.005	78.875	78.975	5
2026-07-13 03:00	78.970	79.095	78.940	79.090	5
2026-07-13 03:05	79.075	79.135	79.020	79.100	5
2026-07-13 03:10	79.110	79.140	79.060	79.105	5
2026-07-13 03:15	79.095	79.160	79.073	79.120	5
2026-07-13 03:20	79.110	79.160	79.030	79.095	5
2026-07-13 03:25	79.090	79.100	79.020	79.030	5
2026-07-13 03:30	79.020	79.020	78.890	78.970	5
2026-07-13 03:35	78.965	79.120	78.950	79.025	5
2026-07-13 03:40	79.020	79.115	79.020	79.090	5
2026-07-13 03:45	79.085	79.090	78.970	79.030	5
2026-07-13 03:50	79.025	79.085	78.953	79.075	5
2026-07-13 03:55	79.065	79.075	79.055	79.060	5
2026-07-13 04:00	79.065	79.130	79.045	79.105	5
2026-07-13 04:05	79.100	79.120	79.033	79.033	5
2026-07-13 04:10	79.085	79.105	79.065	79.090	5
2026-07-13 04:15	79.043	79.155	79.043	79.110	5
2026-07-13 04:20	79.120	79.140	79.083	79.085	5
2026-07-13 04:25	79.075	79.120	79.045	79.080	5
2026-07-13 04:30	79.085	79.140	79.060	79.135	5
2026-07-13 04:35	79.140	79.155	79.120	79.130	5
2026-07-13 04:40	79.125	79.235	79.113	79.185	5
2026-07-13 04:45	79.200	79.240	79.190	79.230	5
2026-07-13 04:50	79.240	79.240	79.205	79.225	5
2026-07-13 04:55	79.230	79.265	79.230	79.250	5
2026-07-13 05:00	79.240	79.275	79.225	79.270	5
2026-07-13 05:05	79.275	79.420	79.275	79.330	5
2026-07-13 05:10	79.325	79.340	79.260	79.260	5
2026-07-13 05:15	79.265	79.300	79.235	79.235	5
2026-07-13 05:20	79.240	79.360	79.230	79.340	5
2026-07-13 05:25	79.345	79.430	79.345	79.430	5
2026-07-13 05:30	79.420	79.515	79.345	79.380	5
2026-07-13 05:35	79.390	79.445	79.370	79.400	5
2026-07-13 05:40	79.395	79.665	79.335	79.660	5
2026-07-13 05:45	79.670	79.775	79.550	79.550	5
2026-07-13 05:50	79.535	79.540	79.400	79.500	5
2026-07-13 05:55	79.525	79.525	79.410	79.410	5
2026-07-13 06:00	79.395	79.435	79.325	79.335	5
2026-07-13 06:05	79.310	79.430	79.208	79.280	5
2026-07-13 06:10	79.275	79.280	79.150	79.180	5
2026-07-13 06:15	79.190	79.190	79.000	79.005	5
2026-07-13 06:20	79.010	79.060	78.903	79.050	5
2026-07-13 06:25	79.040	79.095	78.990	79.015	5
2026-07-13 06:30	79.020	79.040	78.890	79.035	5
2026-07-13 06:35	79.040	79.040	78.910	78.940	5
2026-07-13 06:40	78.935	78.950	78.778	78.910	5
2026-07-13 06:45	78.915	78.945	78.683	78.790	5
2026-07-13 06:50	78.775	78.840	78.770	78.820	5
2026-07-13 06:55	78.825	78.875	78.775	78.780	5
2026-07-13 07:00	78.745	78.955	78.720	78.800	5
2026-07-13 07:05	78.810	78.920	78.760	78.910	5
2026-07-13 07:10	78.905	78.940	78.700	78.740	5
2026-07-13 07:15	78.735	78.875	78.730	78.875	5
2026-07-13 07:20	78.870	78.895	78.793	78.840	5
2026-07-13 07:25	78.850	78.930	78.825	78.880	5
2026-07-13 07:30	78.865	79.000	78.773	78.845	5
2026-07-13 07:35	78.850	78.855	78.625	78.650	5
2026-07-13 07:40	78.655	78.700	78.423	78.700	5
2026-07-13 07:45	78.695	78.815	78.618	78.710	5
2026-07-13 07:50	78.720	78.810	78.698	78.750	5
2026-07-13 07:55	78.775	78.890	78.740	78.820	5
2026-07-13 08:00	78.778	78.825	78.433	78.585	5
2026-07-13 08:05	78.580	78.630	78.375	78.400	5
2026-07-13 08:10	78.395	78.475	78.235	78.295	5
2026-07-13 08:15	78.300	78.300	77.995	78.065	5
2026-07-13 08:20	78.080	78.250	78.025	78.240	5
2026-07-13 08:25	78.245	78.310	77.848	78.025	5
2026-07-13 08:30	77.990	78.125	77.970	78.125	5
2026-07-13 08:35	78.140	78.350	78.085	78.265	5
2026-07-13 08:40	78.250	78.305	78.185	78.195	5
2026-07-13 08:45	78.200	78.200	77.920	77.920	5
2026-07-13 08:50	77.915	77.920	77.695	77.730	5
2026-07-13 08:55	77.735	77.855	77.530	77.850	5
2026-07-13 09:00	77.860	77.950	77.613	77.615	5
2026-07-13 09:05	77.610	77.675	77.483	77.555	5
2026-07-13 09:10	77.513	77.785	77.513	77.730	5
2026-07-13 09:15	77.735	77.740	77.390	77.420	5
2026-07-13 09:20	77.425	77.485	77.308	77.360	5
2026-07-13 09:25	77.365	77.540	77.293	77.540	5
2026-07-13 09:30	77.535	77.580	77.285	77.450	5
2026-07-13 09:35	77.460	77.460	77.223	77.390	5
2026-07-13 09:40	77.385	77.475	77.285	77.290	5
2026-07-13 09:45	77.295	77.465	77.275	77.455	5
2026-07-13 09:50	77.465	77.645	77.423	77.645	5
2026-07-13 09:55	77.640	77.850	77.598	77.770	5
2026-07-13 10:00	77.775	78.010	77.733	77.910	5
2026-07-13 10:05	77.900	78.035	77.848	77.965	5
2026-07-13 10:10	77.970	78.175	77.910	78.110	5
2026-07-13 10:15	78.068	78.170	78.013	78.100	5
2026-07-13 10:20	78.095	78.305	78.013	78.295	5
2026-07-13 10:25	78.290	78.405	78.240	78.385	5
2026-07-13 10:30	78.390	78.520	78.283	78.460	5
2026-07-13 10:35	78.455	78.505	78.325	78.365	5
2026-07-13 10:40	78.350	78.450	78.293	78.415	5
2026-07-13 10:45	78.425	78.520	78.268	78.355	5
2026-07-13 10:50	78.370	78.565	78.348	78.540	5
2026-07-13 10:55	78.545	78.565	78.470	78.470	5
2026-07-13 11:00	78.418	78.635	78.418	78.635	5
2026-07-13 11:05	78.645	78.665	78.235	78.540	5
2026-07-13 11:10	78.545	78.710	78.480	78.580	5
2026-07-13 11:15	78.590	78.745	78.535	78.705	5
2026-07-13 11:20	78.720	78.730	78.495	78.530	5
2026-07-13 11:25	78.540	78.540	78.370	78.450	5
2026-07-13 11:30	78.455	78.630	78.410	78.480	5
2026-07-13 11:35	78.475	78.645	78.403	78.570	5
2026-07-13 11:40	78.575	78.590	78.395	78.425	5
2026-07-13 11:45	78.430	78.530	78.353	78.485	5
2026-07-13 11:50	78.495	78.565	78.443	78.475	5
2026-07-13 11:55	78.480	78.625	78.478	78.550	5
2026-07-13 12:00	78.560	78.570	78.430	78.515	5
2026-07-13 12:05	78.473	78.665	78.453	78.625	5
2026-07-13 12:10	78.630	78.860	78.325	78.845	5
2026-07-13 12:15	78.840	78.875	78.703	78.800	5
2026-07-13 12:20	78.810	78.895	78.773	78.820	5
2026-07-13 12:25	78.815	78.895	78.745	78.895	5
2026-07-13 12:30	78.900	79.145	78.863	79.140	5
2026-07-13 12:35	79.145	79.270	79.103	79.245	5
2026-07-13 12:40	79.250	79.305	79.143	79.200	5
2026-07-13 12:45	79.210	79.235	79.080	79.125	5
2026-07-13 12:50	79.130	79.145	78.790	78.855	5
2026-07-13 12:55	78.860	78.895	78.630	78.640	5
2026-07-13 13:00	78.635	78.840	78.465	78.815	5
2026-07-13 13:05	78.830	78.880	78.635	78.700	5
2026-07-13 13:10	78.715	78.850	78.685	78.700	5
2026-07-13 13:15	78.705	78.755	78.495	78.575	5
2026-07-13 13:20	78.570	78.570	78.245	78.420	5
2026-07-13 13:25	78.425	78.515	78.370	78.410	5
2026-07-13 13:30	78.415	78.545	78.328	78.495	5
2026-07-13 13:35	78.500	78.785	78.500	78.760	5
2026-07-13 13:40	78.755	78.755	78.625	78.730	5
2026-07-13 13:45	78.735	78.835	78.690	78.820	5
2026-07-13 13:50	78.810	78.810	78.595	78.640	5
2026-07-13 13:55	78.635	78.720	78.505	78.510	5
2026-07-13 14:00	78.520	78.525	78.243	78.365	5
2026-07-13 14:05	78.375	78.650	78.303	78.600	5
2026-07-13 14:10	78.610	78.760	78.600	78.650	5
2026-07-13 14:15	78.655	79.790	78.560	79.670	5
2026-07-13 14:20	79.665	80.010	79.255	79.260	5
2026-07-13 14:25	79.270	79.615	79.093	79.590	5
2026-07-13 14:30	79.600	79.600	79.343	79.395	5
2026-07-13 14:35	79.390	79.550	79.313	79.430	5
2026-07-13 14:40	79.420	79.480	79.193	79.240	5
2026-07-13 14:45	79.245	79.335	79.000	79.005	5
2026-07-13 14:50	78.995	79.285	78.843	79.270	5
2026-07-13 14:55	79.290	79.395	79.218	79.270	5
2026-07-13 15:00	79.260	79.330	79.170	79.295	5
2026-07-13 15:05	79.290	79.490	79.290	79.395	5
2026-07-13 15:10	79.390	79.685	79.320	79.585	5
2026-07-13 15:15	79.600	79.755	79.495	79.540	5
2026-07-13 15:20	79.550	79.655	79.408	79.470	5
2026-07-13 15:25	79.475	79.495	79.190	79.200	5
2026-07-13 15:30	79.205	79.410	79.118	79.375	5
2026-07-13 15:35	79.390	79.425	79.228	79.350	5
2026-07-13 15:40	79.345	79.415	79.250	79.415	5
2026-07-13 15:45	79.410	79.410	79.285	79.295	5
2026-07-13 15:50	79.305	79.610	79.305	79.570	5
2026-07-13 15:55	79.575	79.725	79.550	79.705	5
2026-07-13 16:00	79.710	79.840	79.660	79.665	5
2026-07-13 16:05	79.675	79.770	79.585	79.755	5
2026-07-13 16:10	79.760	79.955	79.693	79.910	5
2026-07-13 16:15	79.905	79.960	79.833	79.905	5
2026-07-13 16:20	79.910	79.960	79.830	79.895	5
2026-07-13 16:25	79.890	80.095	79.860	80.045	5
2026-07-13 16:30	80.040	80.115	79.863	80.055	5
2026-07-13 16:35	80.050	80.100	79.915	80.070	5
2026-07-13 16:40	80.065	80.075	79.923	80.015	5
2026-07-13 16:45	80.005	80.305	79.975	80.305	5
2026-07-13 16:50	80.315	80.645	80.315	80.630	5
2026-07-13 16:55	80.635	80.745	80.430	80.545	5
2026-07-13 17:00	80.540	80.610	80.455	80.575	5
2026-07-13 17:05	80.585	80.585	80.290	80.355	5
2026-07-13 17:10	80.350	80.705	80.303	80.700	5
2026-07-13 17:15	80.705	80.765	80.600	80.715	5
2026-07-13 17:20	80.725	80.885	80.725	80.850	5
2026-07-13 17:25	80.855	80.995	80.823	80.955	5
2026-07-13 17:30	80.960	81.165	80.915	81.135	5
2026-07-13 17:35	81.145	81.570	81.123	81.570	5
2026-07-13 17:40	81.575	81.675	81.418	81.665	5
2026-07-13 17:45	81.670	81.845	81.478	81.725	5
2026-07-13 17:50	81.730	82.260	81.720	82.180	5
2026-07-13 17:55	82.185	82.575	82.158	82.550	5
2026-07-13 18:00	82.500	82.835	82.400	82.650	5
2026-07-13 18:05	82.675	82.940	82.363	82.825	5
2026-07-13 18:10	82.835	83.020	82.513	82.655	5
2026-07-13 18:15	82.660	83.400	82.625	83.310	5
2026-07-13 18:20	83.305	83.510	83.188	83.320	5
2026-07-13 18:25	83.330	83.450	83.048	83.265	5
2026-07-13 18:30	83.260	83.515	83.023	83.255	5
2026-07-13 18:35	83.260	83.260	82.830	82.885	5
2026-07-13 18:40	82.880	82.980	82.508	82.605	5
2026-07-13 18:45	82.600	82.880	82.595	82.740	5
2026-07-13 18:50	82.735	82.775	82.640	82.735	5
2026-07-13 18:55	82.740	82.765	82.645	82.740	5
2026-07-13 19:00	82.750	82.855	82.630	82.665	5
2026-07-13 19:05	82.660	82.802	82.580	82.795	5
2026-07-13 19:10	82.790	82.965	82.745	82.900	5
2026-07-13 19:15	82.890	82.920	82.775	82.825	5
2026-07-13 19:20	82.815	82.910	82.733	82.855	5
2026-07-13 19:25	82.860	82.930	82.793	82.920	5
2026-07-13 19:30	82.915	83.070	82.825	83.010	5
2026-07-13 19:35	83.020	83.120	82.990	83.020	5
2026-07-13 19:40	83.030	83.150	82.940	83.100	5
2026-07-13 19:45	83.080	83.125	82.923	83.000	5
2026-07-13 19:50	83.010	83.025	82.883	82.935	5
2026-07-13 19:55	82.940	82.955	82.875	82.930	5
2026-07-13 20:00	82.940	83.042	82.887	83.007	5
2026-07-13 20:05	83.002	83.292	82.947	83.262	5
2026-07-13 20:10	83.272	83.662	83.207	83.662	5
2026-07-13 20:15	83.677	83.817	83.497	83.522	5
2026-07-13 20:20	83.507	83.517	83.348	83.487	5
2026-07-13 20:25	83.482	83.482	83.257	83.357	5
2026-07-13 20:30	83.352	83.542	83.282	83.282	5
2026-07-13 20:35	83.287	83.502	83.262	83.452	5
2026-07-13 20:40	83.457	83.582	83.397	83.397	5
2026-07-13 20:45	83.407	83.407	83.132	83.287	5
2026-07-13 20:50	83.297	83.367	83.127	83.127	5
2026-07-13 20:55	83.102	83.167	83.068	83.157	5
2026-07-14 00:00	83.857	84.680	83.628	84.575	5
2026-07-14 00:05	84.560	84.870	84.470	84.600	5
2026-07-14 00:10	84.575	84.657	84.320	84.475	5
2026-07-14 00:15	84.480	85.255	84.475	85.255	5
2026-07-14 00:20	85.250	85.640	85.178	85.470	5
2026-07-14 00:25	85.445	85.595	85.365	85.390	5
2026-07-14 00:30	85.395	85.465	85.025	85.140	5
2026-07-14 00:35	85.135	85.225	84.930	85.075	5
2026-07-14 00:40	85.070	85.260	84.910	85.135	5
2026-07-14 00:45	85.130	85.130	84.925	85.040	5
2026-07-14 00:50	85.045	85.070	84.875	84.920	5
2026-07-14 00:55	84.940	85.035	84.850	85.000	5
2026-07-14 01:00	85.025	85.065	84.425	84.660	5
2026-07-14 01:05	84.655	84.680	84.195	84.285	5
2026-07-14 01:10	84.280	84.410	84.105	84.410	5
2026-07-14 01:15	84.395	84.445	84.115	84.155	5
2026-07-14 01:20	84.160	84.165	83.915	84.110	5
2026-07-14 01:25	84.115	84.330	84.025	84.285	5
2026-07-14 01:30	84.290	84.330	84.005	84.180	5
2026-07-14 01:35	84.195	84.435	84.195	84.345	5
2026-07-14 01:40	84.340	84.410	84.220	84.275	5
2026-07-14 01:45	84.265	84.375	84.170	84.190	5
2026-07-14 01:50	84.215	84.285	84.100	84.115	5
2026-07-14 01:55	84.110	84.410	84.100	84.345	5
2026-07-14 02:00	84.347	84.385	84.085	84.135	5
2026-07-14 02:05	84.130	84.177	83.885	83.945	5
2026-07-14 02:10	83.950	84.010	83.865	83.915	5
2026-07-14 02:15	83.935	84.105	83.935	83.985	5
2026-07-14 02:20	83.990	84.040	83.930	84.035	5
2026-07-14 02:25	84.040	84.100	83.990	84.010	5
2026-07-14 02:30	83.990	83.990	83.750	83.890	5
2026-07-14 02:35	83.895	84.020	83.710	84.005	5
2026-07-14 02:40	84.010	84.300	84.010	84.230	5
2026-07-14 02:45	84.225	84.345	84.120	84.225	5
2026-07-14 02:50	84.230	84.515	84.225	84.510	5
2026-07-14 02:55	84.497	84.520	84.370	84.425	5
2026-07-14 03:00	84.435	84.610	84.375	84.535	5
2026-07-14 03:05	84.530	84.615	84.468	84.555	5
2026-07-14 03:10	84.560	84.655	84.465	84.635	5
2026-07-14 03:15	84.640	85.005	84.640	84.870	5
2026-07-14 03:20	84.880	84.915	84.625	84.665	5
2026-07-14 03:25	84.675	84.840	84.655	84.730	5
2026-07-14 03:30	84.735	84.990	84.545	84.985	5
2026-07-14 03:35	84.980	84.980	84.795	84.885	5
2026-07-14 03:40	84.880	84.890	84.655	84.720	5
2026-07-14 03:45	84.705	84.710	84.543	84.670	5
2026-07-14 03:50	84.685	84.690	84.490	84.660	5
2026-07-14 03:55	84.650	84.700	84.575	84.655	5
2026-07-14 04:00	84.650	84.670	84.530	84.670	5
2026-07-14 04:05	84.675	84.825	84.670	84.755	5
2026-07-14 04:10	84.750	84.835	84.670	84.720	5
2026-07-14 04:15	84.715	84.750	84.570	84.570	5
2026-07-14 04:20	84.580	84.590	84.490	84.525	5
2026-07-14 04:25	84.535	84.690	84.535	84.670	5
2026-07-14 04:30	84.680	84.780	84.625	84.760	5
2026-07-14 04:35	84.765	84.915	84.743	84.830	5
2026-07-14 04:40	84.835	84.930	84.835	84.900	5
2026-07-14 04:45	84.910	84.950	84.870	84.920	5
2026-07-14 04:50	84.925	84.990	84.900	84.910	5
2026-07-14 04:55	84.905	84.950	84.810	84.845	5
2026-07-14 05:00	84.850	84.940	84.735	84.930	5
2026-07-14 05:05	84.940	84.975	84.845	84.880	5
2026-07-14 05:10	84.895	84.900	84.755	84.780	5
2026-07-14 05:15	84.775	84.850	84.710	84.825	5
2026-07-14 05:20	84.820	84.890	84.785	84.865	5
2026-07-14 05:25	84.870	84.920	84.800	84.800	5
2026-07-14 05:30	84.795	84.795	84.375	84.505	5
2026-07-14 05:35	84.490	84.505	84.140	84.175	5
2026-07-14 05:40	84.180	84.245	83.970	84.020	5
2026-07-14 05:45	84.025	84.130	83.950	84.110	5
2026-07-14 05:50	84.115	84.305	84.025	84.235	5
2026-07-14 05:55	84.240	84.560	84.230	84.460	5
2026-07-14 06:00	84.463	84.690	84.430	84.680	5
2026-07-14 06:05	84.685	84.850	84.630	84.770	5
2026-07-14 06:10	84.775	84.825	84.605	84.760	5
2026-07-14 06:15	84.755	84.795	84.670	84.680	5
2026-07-14 06:20	84.670	85.055	84.563	85.050	5
2026-07-14 06:25	85.055	85.370	84.953	85.275	5
2026-07-14 06:30	85.270	85.360	85.070	85.345	5
2026-07-14 06:35	85.350	85.380	85.125	85.135	5
2026-07-14 06:40	85.125	85.320	85.005	85.310	5
2026-07-14 06:45	85.305	85.665	85.278	85.620	5
2026-07-14 06:50	85.625	85.675	85.405	85.525	5
2026-07-14 06:55	85.520	85.590	85.320	85.560	5
2026-07-14 07:00	85.530	85.785	85.293	85.350	5
2026-07-14 07:05	85.355	85.490	85.135	85.475	5
2026-07-14 07:10	85.460	85.620	85.340	85.350	5
2026-07-14 07:15	85.360	85.790	85.270	85.705	5
2026-07-14 07:20	85.715	85.850	85.700	85.745	5
2026-07-14 07:25	85.740	85.760	85.540	85.730	5
2026-07-14 07:30	85.725	86.277	85.725	86.170	5
2026-07-14 07:35	86.160	86.260	85.933	86.030	5
2026-07-14 07:40	86.025	86.370	86.000	86.310	5
2026-07-14 07:45	86.305	86.430	85.985	85.990	5
2026-07-14 07:50	85.995	86.075	85.660	85.770	5
2026-07-14 07:55	85.775	86.125	85.775	85.870	5
2026-07-14 08:00	85.875	86.640	85.860	86.390	5
2026-07-14 08:05	86.385	86.680	86.298	86.620	5
2026-07-14 08:10	86.630	86.675	86.198	86.310	5
2026-07-14 08:15	86.315	86.315	85.930	86.000	5
2026-07-14 08:20	86.010	86.030	85.738	85.970	5
2026-07-14 08:25	85.930	86.260	85.738	86.190	5
2026-07-14 08:30	86.170	86.450	86.143	86.350	5
2026-07-14 08:35	86.340	86.475	86.313	86.380	5
2026-07-14 08:40	86.375	86.725	86.348	86.615	5
2026-07-14 08:45	86.625	86.845	86.563	86.810	5
2026-07-14 08:50	86.820	86.855	86.605	86.625	5
2026-07-14 08:55	86.630	87.215	86.550	87.200	5
2026-07-14 09:00	87.195	87.365	87.110	87.115	5
2026-07-14 09:05	87.095	87.230	86.700	86.770	5
2026-07-14 09:10	86.760	86.820	86.300	86.320	5
2026-07-14 09:15	86.315	86.585	86.168	86.510	5
2026-07-14 09:20	86.515	86.885	86.490	86.765	5
2026-07-14 09:25	86.760	86.885	86.690	86.810	5
2026-07-14 09:30	86.815	86.840	86.555	86.615	5
2026-07-14 09:35	86.625	86.650	86.428	86.500	5
2026-07-14 09:40	86.510	86.555	86.375	86.555	5
2026-07-14 09:45	86.550	86.600	86.333	86.405	5
2026-07-14 09:50	86.415	86.750	86.415	86.705	5
2026-07-14 09:55	86.710	86.850	86.648	86.715	5
2026-07-14 10:00	86.710	86.965	86.653	86.770	5
2026-07-14 10:05	86.775	87.090	86.775	87.090	5
2026-07-14 10:10	87.085	87.245	87.010	87.170	5
2026-07-14 10:15	87.165	87.240	87.005	87.030	5
2026-07-14 10:20	87.010	87.075	86.945	86.995	5
2026-07-14 10:25	86.990	87.325	86.990	87.190	5
2026-07-14 10:30	87.210	87.535	87.190	87.400	5
2026-07-14 10:35	87.410	87.420	86.530	86.850	5
2026-07-14 10:40	86.855	87.030	86.788	87.000	5
2026-07-14 10:45	87.010	87.085	86.968	87.055	5
2026-07-14 10:50	87.075	87.420	87.053	87.300	5
2026-07-14 10:55	87.305	87.420	87.170	87.205	5
2026-07-14 11:00	87.210	87.320	87.120	87.190	5
2026-07-14 11:05	87.185	87.260	87.130	87.160	5
2026-07-14 11:10	87.150	87.150	86.720	86.820	5
2026-07-14 11:15	86.815	86.970	86.533	86.615	5
2026-07-14 11:20	86.600	86.775	86.390	86.415	5
2026-07-14 11:25	86.420	86.510	86.330	86.355	5
2026-07-14 11:30	86.340	86.350	85.763	86.150	5
2026-07-14 11:35	86.140	86.205	85.908	85.995	5
2026-07-14 11:40	86.000	86.190	85.985	86.160	5
2026-07-14 11:45	86.165	86.210	85.870	86.170	5
2026-07-14 11:50	86.160	86.325	86.155	86.235	5
2026-07-14 11:55	86.230	86.240	85.953	86.005	5
2026-07-14 12:00	86.020	86.305	85.960	86.280	5
2026-07-14 12:05	86.285	86.580	86.250	86.490	5
2026-07-14 12:10	86.510	86.570	86.393	86.520	5
2026-07-14 12:15	86.515	86.680	86.490	86.620	5
2026-07-14 12:20	86.635	86.685	86.200	86.210	5
2026-07-14 12:25	86.215	86.540	86.190	86.535	5
2026-07-14 12:30	86.540	86.835	86.190	86.760	5
2026-07-14 12:35	86.765	86.930	86.650	86.915	5
2026-07-14 12:40	86.910	86.950	86.735	86.750	5
2026-07-14 12:45	86.745	87.200	86.730	87.185	5
2026-07-14 12:50	87.190	87.265	86.950	86.960	5
2026-07-14 12:55	86.940	86.975	86.780	86.900	5
2026-07-14 13:00	86.870	87.170	86.745	86.950	5
2026-07-14 13:05	86.945	86.980	86.500	86.810	5
2026-07-14 13:10	86.815	86.830	86.410	86.425	5
2026-07-14 13:15	86.420	86.515	86.253	86.460	5
2026-07-14 13:20	86.480	86.510	85.985	86.075	5
2026-07-14 13:25	86.090	86.275	86.025	86.170	5
2026-07-14 13:30	86.165	86.545	86.120	86.290	5
2026-07-14 13:35	86.300	86.350	85.590	85.685	5
2026-07-14 13:40	85.700	85.900	85.368	85.390	5
2026-07-14 13:45	85.395	85.750	85.210	85.695	5
2026-07-14 13:50	85.690	85.780	85.513	85.695	5
2026-07-14 13:55	85.690	85.735	85.495	85.640	5
2026-07-14 14:00	85.645	85.670	85.390	85.450	5
2026-07-14 14:05	85.455	85.455	85.050	85.235	5
2026-07-14 14:10	85.240	85.495	85.143	85.395	5
2026-07-14 14:15	85.380	85.590	85.225	85.325	5
2026-07-14 14:20	85.335	85.370	85.018	85.125	5
2026-07-14 14:25	85.120	85.315	84.993	85.120	5
2026-07-14 14:30	85.100	85.245	84.177	84.328	5
2026-07-14 14:35	84.815	85.115	84.735	84.900	5
2026-07-14 14:40	84.895	85.085	84.833	85.055	5
2026-07-14 14:45	85.040	85.115	84.900	84.960	5
2026-07-14 14:50	84.955	84.955	84.310	84.390	5
2026-07-14 14:55	84.370	84.570	84.320	84.525	5
2026-07-14 15:00	84.550	84.650	83.533	83.915	5
2026-07-14 15:05	83.920	84.145	83.378	83.600	5
2026-07-14 15:10	83.590	84.015	83.550	83.885	5
2026-07-14 15:15	83.920	84.115	83.853	84.025	5
2026-07-14 15:20	84.050	84.190	83.913	84.020	5
2026-07-14 15:25	84.015	84.045	83.620	83.655	5
2026-07-14 15:30	83.650	84.745	83.650	84.685	5
2026-07-14 15:35	84.690	84.985	84.598	84.935	5
2026-07-14 15:40	84.920	85.160	84.868	85.000	5
2026-07-14 15:45	84.990	85.075	84.793	85.070	5
2026-07-14 15:50	85.075	85.510	85.070	85.510	5
2026-07-14 15:55	85.505	85.540	85.223	85.280	5
2026-07-14 16:00	85.285	85.470	85.225	85.350	5
2026-07-14 16:05	85.340	85.430	84.983	85.085	5
2026-07-14 16:10	85.090	85.095	84.668	84.850	5
2026-07-14 16:15	84.840	84.845	84.603	84.785	5
2026-07-14 16:20	84.780	85.150	84.770	84.910	5
2026-07-14 16:25	84.895	85.095	84.850	85.075	5
2026-07-14 16:30	85.070	85.095	84.890	85.020	5
2026-07-14 16:35	85.010	85.010	84.740	84.760	5
2026-07-14 16:40	84.755	84.790	84.610	84.760	5
2026-07-14 16:45	84.755	85.045	84.715	85.010	5
2026-07-14 16:50	85.015	85.015	84.728	84.820	5
2026-07-14 16:55	84.815	84.975	84.770	84.780	5
2026-07-14 17:00	84.770	84.875	84.708	84.740	5
2026-07-14 17:05	84.735	84.815	84.480	84.490	5
2026-07-14 17:10	84.500	84.650	84.325	84.645	5
2026-07-14 17:15	84.640	84.797	84.565	84.670	5
2026-07-14 17:20	84.680	84.695	84.480	84.560	5
2026-07-14 17:25	84.565	84.620	84.450	84.575	5
2026-07-14 17:30	84.580	84.690	84.475	84.650	5
2026-07-14 17:35	84.660	84.690	84.413	84.460	5
2026-07-14 17:40	84.465	84.680	84.410	84.610	5
2026-07-14 17:45	84.605	84.735	84.200	84.200	5
2026-07-14 17:50	84.190	84.370	84.108	84.245	5
2026-07-14 17:55	84.250	84.350	84.240	84.330	5
2026-07-14 18:00	84.335	84.560	84.320	84.440	5
2026-07-14 18:05	84.430	84.550	84.423	84.485	5
2026-07-14 18:10	84.490	84.495	84.188	84.250	5
2026-07-14 18:15	84.255	84.485	84.138	84.440	5
2026-07-14 18:20	84.445	84.645	84.445	84.595	5
2026-07-14 18:25	84.605	84.770	84.550	84.720	5
2026-07-14 18:30	84.735	85.015	84.735	84.835	5
2026-07-14 18:35	84.793	85.040	84.765	84.930	5
2026-07-14 18:40	84.940	85.205	84.940	85.020	5
2026-07-14 18:45	85.025	85.175	84.948	85.175	5
2026-07-14 18:50	85.185	85.200	85.075	85.120	5
2026-07-14 18:55	85.100	85.205	85.048	85.160	5
2026-07-14 19:00	85.170	85.280	85.130	85.195	5
2026-07-14 19:05	85.200	85.320	85.148	85.310	5
2026-07-14 19:10	85.315	85.380	85.220	85.300	5
2026-07-14 19:15	85.305	85.305	85.140	85.150	5
2026-07-14 19:20	85.140	85.165	85.060	85.100	5
2026-07-14 19:25	85.110	85.140	85.100	85.120	5
2026-07-14 19:30	85.275	85.440	85.120	85.410	5
2026-07-14 19:35	85.415	85.455	85.315	85.315	5
2026-07-14 19:40	85.330	85.335	85.160	85.165	5
2026-07-14 19:45	85.170	85.225	85.120	85.155	5
2026-07-14 19:50	85.165	85.250	85.160	85.210	5
2026-07-14 19:55	85.205	85.330	85.128	85.225	5
2026-07-14 20:00	85.217	85.407	85.197	85.322	5
2026-07-14 20:05	85.332	85.402	85.317	85.327	5
2026-07-14 20:10	85.322	85.402	85.322	85.382	5
2026-07-14 20:15	85.392	85.402	85.352	85.392	5
2026-07-14 20:20	85.382	85.502	85.357	85.477	5
2026-07-14 20:25	85.462	85.537	85.437	85.472	5
2026-07-14 20:30	85.467	85.747	85.467	85.722	5
2026-07-14 20:35	85.727	85.827	85.582	85.582	5
2026-07-14 20:40	85.587	85.612	85.497	85.552	5
2026-07-14 20:45	85.547	85.567	85.463	85.547	5
2026-07-14 20:50	85.542	85.557	85.408	85.417	5
2026-07-14 20:55	85.422	85.467	85.292	85.302	5
2026-07-15 00:00	85.047	85.465	85.007	85.465	5
2026-07-15 00:05	85.455	85.660	85.375	85.630	5
2026-07-15 00:10	85.620	85.810	85.550	85.810	5
2026-07-15 00:15	85.825	85.890	85.775	85.870	5
2026-07-15 00:20	85.880	86.000	85.785	86.000	5
2026-07-15 00:25	86.005	86.045	85.890	85.980	5
2026-07-15 00:30	85.985	86.230	85.985	86.205	5
2026-07-15 00:35	86.210	86.340	86.185	86.320	5
2026-07-15 00:40	86.305	86.310	86.195	86.240	5
2026-07-15 00:45	86.245	86.330	86.210	86.220	5
2026-07-15 00:50	86.215	86.220	86.045	86.130	5
2026-07-15 00:55	86.110	86.110	85.920	85.930	5
2026-07-15 01:00	85.890	85.890	85.550	85.570	5
2026-07-15 01:05	85.565	85.715	85.510	85.565	5
2026-07-15 01:10	85.560	85.700	85.515	85.600	5
2026-07-15 01:15	85.595	85.595	85.415	85.495	5
2026-07-15 01:20	85.490	85.555	85.350	85.505	5
2026-07-15 01:25	85.500	85.675	85.440	85.655	5
2026-07-15 01:30	85.665	85.680	85.495	85.625	5
2026-07-15 01:35	85.620	85.705	85.530	85.655	5
2026-07-15 01:40	85.665	85.730	85.545	85.625	5
2026-07-15 01:45	85.615	85.720	85.570	85.715	5
2026-07-15 01:50	85.720	85.765	85.640	85.720	5
2026-07-15 01:55	85.715	85.850	85.715	85.825	5
2026-07-15 02:00	85.840	85.970	85.805	85.955	5
2026-07-15 02:05	85.945	85.945	85.720	85.760	5
2026-07-15 02:10	85.700	85.795	85.630	85.695	5
2026-07-15 02:15	85.690	85.745	85.675	85.740	5
2026-07-15 02:20	85.735	85.780	85.725	85.760	5
2026-07-15 02:25	85.755	85.855	85.755	85.830	5
2026-07-15 02:30	85.825	85.915	85.780	85.860	5
2026-07-15 02:35	85.870	85.945	85.835	85.940	5
2026-07-15 02:40	85.935	85.935	85.850	85.900	5
2026-07-15 02:45	85.905	86.060	85.895	86.015	5
2026-07-15 02:50	86.020	86.160	86.010	86.090	5
2026-07-15 02:55	86.095	86.120	85.900	85.975	5
2026-07-15 03:00	85.980	85.995	85.840	85.860	5
2026-07-15 03:05	85.870	85.885	85.790	85.790	5
2026-07-15 03:10	85.800	85.920	85.800	85.875	5
2026-07-15 03:15	85.870	85.940	85.830	85.910	5
2026-07-15 03:20	85.920	85.945	85.865	85.890	5
2026-07-15 03:25	85.900	85.900	85.720	85.750	5
2026-07-15 03:30	85.760	85.870	85.690	85.870	5
2026-07-15 03:35	85.910	85.945	85.870	85.895	5
2026-07-15 03:40	85.890	85.945	85.870	85.870	5
2026-07-15 03:45	85.875	85.875	85.735	85.735	5
2026-07-15 03:50	85.710	85.710	85.580	85.660	5
2026-07-15 03:55	85.665	85.725	85.605	85.665	5
2026-07-15 04:00	85.660	85.785	85.660	85.740	5
2026-07-15 04:05	85.745	85.770	85.670	85.710	5
2026-07-15 04:10	85.700	85.740	85.633	85.640	5
2026-07-15 04:15	85.650	85.690	85.463	85.530	5
2026-07-15 04:20	85.535	85.535	85.435	85.450	5
2026-07-15 04:25	85.440	85.510	85.405	85.505	5
2026-07-15 04:30	85.500	85.545	85.475	85.510	5
2026-07-15 04:35	85.520	85.520	85.350	85.430	5
2026-07-15 04:40	85.415	85.470	85.383	85.430	5
2026-07-15 04:45	85.420	85.420	85.350	85.385	5
2026-07-15 04:50	85.380	85.395	85.340	85.370	5
2026-07-15 04:55	85.385	85.450	85.290	85.450	5
2026-07-15 05:00	85.440	85.640	85.423	85.575	5
2026-07-15 05:05	85.580	85.585	85.490	85.510	5
2026-07-15 05:10	85.505	85.550	85.395	85.425	5
2026-07-15 05:15	85.420	85.490	85.375	85.385	5
2026-07-15 05:20	85.390	85.460	85.343	85.445	5
2026-07-15 05:25	85.455	85.545	85.425	85.500	5
2026-07-15 05:30	85.510	85.525	85.343	85.370	5
2026-07-15 05:35	85.365	85.365	85.085	85.155	5
2026-07-15 05:40	85.150	85.490	85.105	85.450	5
2026-07-15 05:45	85.460	85.535	85.365	85.415	5
2026-07-15 05:50	85.425	85.455	85.190	85.230	5
2026-07-15 05:55	85.225	85.375	85.220	85.330	5
2026-07-15 06:00	85.350	85.410	85.270	85.330	5
2026-07-15 06:05	85.340	85.495	85.300	85.305	5
2026-07-15 06:10	85.295	85.335	85.250	85.310	5
2026-07-15 06:15	85.295	85.465	85.280	85.295	5
2026-07-15 06:20	85.300	85.320	85.095	85.150	5
2026-07-15 06:25	85.140	85.370	85.140	85.305	5
2026-07-15 06:30	85.310	85.410	85.240	85.280	5
2026-07-15 06:35	85.275	85.315	85.195	85.270	5
2026-07-15 06:40	85.275	85.280	85.153	85.200	5
2026-07-15 06:45	85.205	85.370	85.143	85.370	5
2026-07-15 06:50	85.360	85.475	85.278	85.460	5
2026-07-15 06:55	85.465	85.675	85.460	85.630	5
2026-07-15 07:00	85.620	85.975	85.620	85.900	5
2026-07-15 07:05	85.905	85.940	85.720	85.790	5
2026-07-15 07:10	85.785	86.020	85.730	85.750	5
2026-07-15 07:15	85.770	85.930	85.750	85.845	5
2026-07-15 07:20	85.835	85.910	85.685	85.870	5
2026-07-15 07:25	85.865	86.110	85.865	85.940	5
2026-07-15 07:30	85.945	86.040	85.883	85.930	5
2026-07-15 07:35	85.940	85.975	85.690	85.790	5
2026-07-15 07:40	85.800	86.045	85.725	85.920	5
2026-07-15 07:45	85.900	85.965	85.740	85.765	5
2026-07-15 07:50	85.770	86.165	85.740	86.095	5
2026-07-15 07:55	86.110	86.230	86.053	86.125	5
2026-07-15 08:00	86.105	86.520	86.090	86.490	5
2026-07-15 08:05	86.480	86.495	86.238	86.340	5
2026-07-15 08:10	86.345	86.520	86.318	86.340	5
2026-07-15 08:15	86.335	86.340	85.918	86.010	5
2026-07-15 08:20	86.020	86.095	85.848	86.000	5
2026-07-15 08:25	85.995	86.000	85.340	85.360	5
2026-07-15 08:30	85.330	85.455	85.118	85.420	5
2026-07-15 08:35	85.430	85.450	85.290	85.430	5
2026-07-15 08:40	85.425	85.520	85.200	85.250	5
2026-07-15 08:45	85.245	85.330	85.003	85.250	5
2026-07-15 08:50	85.230	85.240	84.900	85.040	5
2026-07-15 08:55	85.025	85.055	84.613	84.665	5
2026-07-15 09:00	84.655	84.780	84.483	84.665	5
2026-07-15 09:05	84.675	84.790	84.515	84.630	5
2026-07-15 09:10	84.635	84.890	84.608	84.860	5
2026-07-15 09:15	84.855	85.170	84.845	85.140	5
2026-07-15 09:20	85.135	85.305	85.090	85.185	5
2026-07-15 09:25	85.195	85.340	85.153	85.320	5
2026-07-15 09:30	85.315	85.390	85.170	85.270	5
2026-07-15 09:35	85.275	85.345	85.193	85.310	5
2026-07-15 09:40	85.315	85.330	85.050	85.110	5
2026-07-15 09:45	85.105	85.455	85.100	85.390	5
2026-07-15 09:50	85.420	85.500	85.360	85.410	5
2026-07-15 09:55	85.400	85.490	85.375	85.440	5
2026-07-15 10:00	85.430	85.460	85.263	85.375	5
2026-07-15 10:05	85.370	85.625	85.340	85.580	5
2026-07-15 10:10	85.570	85.670	85.550	85.585	5
2026-07-15 10:15	85.575	85.580	85.348	85.465	5
2026-07-15 10:20	85.470	85.745	85.360	85.730	5
2026-07-15 10:25	85.725	85.805	85.633	85.740	5
2026-07-15 10:30	85.750	85.760	85.570	85.645	5
2026-07-15 10:35	85.655	85.680	85.557	85.580	5
2026-07-15 10:40	85.585	85.615	85.480	85.560	5
2026-07-15 10:45	85.565	85.645	85.483	85.513	5
2026-07-15 10:50	85.560	85.610	85.440	85.445	5
2026-07-15 10:55	85.450	85.540	85.340	85.365	5
2026-07-15 11:00	85.370	85.395	85.240	85.385	5
2026-07-15 11:05	85.375	85.525	85.338	85.475	5
2026-07-15 11:10	85.480	85.545	85.413	85.485	5
2026-07-15 11:15	85.480	85.510	85.310	85.340	5
2026-07-15 11:20	85.350	85.350	85.190	85.205	5
2026-07-15 11:25	85.163	85.290	85.153	85.180	5
2026-07-15 11:30	85.185	85.370	85.180	85.365	5
2026-07-15 11:35	85.375	85.375	85.198	85.285	5
2026-07-15 11:40	85.243	85.355	85.243	85.285	5
2026-07-15 11:45	85.280	85.300	85.145	85.195	5
2026-07-15 11:50	85.165	85.170	84.810	84.890	5
2026-07-15 11:55	84.900	84.960	84.735	84.935	5
2026-07-15 12:00	84.930	85.180	84.930	85.065	5
2026-07-15 12:05	85.070	85.170	84.953	85.005	5
2026-07-15 12:10	85.010	85.130	84.873	84.935	5
2026-07-15 12:15	84.940	84.970	84.820	84.960	5
2026-07-15 12:20	84.950	85.150	84.945	85.130	5
2026-07-15 12:25	85.125	85.260	85.125	85.250	5
2026-07-15 12:30	85.235	85.270	85.145	85.215	5
2026-07-15 12:35	85.200	85.240	85.120	85.180	5
2026-07-15 12:40	85.170	85.190	84.990	85.030	5
2026-07-15 12:45	85.025	85.070	84.885	84.950	5
2026-07-15 12:50	84.945	85.065	84.913	85.025	5
2026-07-15 12:55	85.030	85.070	84.880	84.950	5
2026-07-15 13:00	84.970	85.110	84.693	84.810	5
2026-07-15 13:05	84.820	85.105	84.773	85.100	5
2026-07-15 13:10	85.105	85.450	85.100	85.380	5
2026-07-15 13:15	85.375	85.480	85.255	85.280	5
2026-07-15 13:20	85.275	85.320	85.170	85.260	5
2026-07-15 13:25	85.265	85.510	85.260	85.480	5
2026-07-15 13:30	85.485	85.485	85.095	85.140	5
2026-07-15 13:35	85.135	85.150	84.893	84.980	5
2026-07-15 13:40	84.970	85.085	84.923	85.070	5
2026-07-15 13:45	85.065	85.185	84.943	85.075	5
2026-07-15 13:50	85.070	85.235	85.065	85.150	5
2026-07-15 13:55	85.155	85.185	84.388	84.815	5
2026-07-15 14:00	84.825	84.900	84.658	84.730	5
2026-07-15 14:05	84.725	84.735	84.435	84.530	5
2026-07-15 14:10	84.535	84.845	84.510	84.845	5
2026-07-15 14:15	84.855	84.895	84.710	84.720	5
2026-07-15 14:20	84.730	84.775	84.540	84.555	5
2026-07-15 14:25	84.560	84.565	84.193	84.437	5
2026-07-15 14:30	84.447	84.447	84.005	84.180	5
2026-07-15 14:35	84.175	84.230	83.903	84.140	5
2026-07-15 14:40	84.150	84.365	84.140	84.280	5
2026-07-15 14:45	84.275	84.275	83.713	83.760	5
2026-07-15 14:50	83.755	83.800	83.630	83.640	5
2026-07-15 14:55	83.635	83.710	83.453	83.540	5
2026-07-15 15:00	83.545	83.830	83.500	83.760	5
2026-07-15 15:05	83.755	83.820	83.485	83.610	5
2026-07-15 15:10	83.605	83.875	83.600	83.830	5
2026-07-15 15:15	83.840	83.940	83.680	83.735	5
2026-07-15 15:20	83.730	83.905	83.460	83.480	5
2026-07-15 15:25	83.485	83.535	83.363	83.485	5
2026-07-15 15:30	83.490	83.755	83.410	83.490	5
2026-07-15 15:35	83.505	84.040	83.325	84.030	5
2026-07-15 15:40	84.035	84.035	83.620	83.795	5
2026-07-15 15:45	83.805	84.025	83.735	83.985	5
2026-07-15 15:50	83.990	84.070	83.933	83.955	5
2026-07-15 15:55	83.960	84.195	83.960	84.180	5
2026-07-15 16:00	84.190	84.310	84.127	84.205	5
2026-07-15 16:05	84.215	84.390	84.200	84.390	5
2026-07-15 16:10	84.385	84.530	84.288	84.350	5
2026-07-15 16:15	84.355	84.455	84.335	84.420	5
2026-07-15 16:20	84.430	84.710	84.395	84.645	5
2026-07-15 16:25	84.650	84.685	84.485	84.510	5
2026-07-15 16:30	84.520	84.625	84.415	84.610	5
2026-07-15 16:35	84.605	84.755	84.538	84.685	5
2026-07-15 16:40	84.690	84.765	84.585	84.765	5
2026-07-15 16:45	84.775	84.805	83.988	84.590	5
2026-07-15 16:50	84.615	84.855	84.565	84.810	5
2026-07-15 16:55	84.800	84.965	84.790	84.790	5
2026-07-15 17:00	84.785	84.785	84.525	84.590	5
2026-07-15 17:05	84.595	84.620	84.455	84.620	5
2026-07-15 17:10	84.605	84.760	84.605	84.740	5
2026-07-15 17:15	84.735	84.800	84.620	84.640	5
2026-07-15 17:20	84.630	84.680	84.560	84.680	5
2026-07-15 17:25	84.670	84.675	84.250	84.250	5
2026-07-15 17:30	84.260	84.515	84.090	84.495	5
2026-07-15 17:35	84.490	84.595	84.400	84.500	5
2026-07-15 17:40	84.505	84.510	84.320	84.320	5
2026-07-15 17:45	84.330	84.400	84.270	84.270	5
2026-07-15 17:50	84.255	84.410	84.220	84.360	5
2026-07-15 17:55	84.370	84.390	84.300	84.370	5
2026-07-15 18:00	84.365	84.455	84.285	84.320	5
2026-07-15 18:05	84.310	84.695	84.310	84.660	5
2026-07-15 18:10	84.665	84.700	84.520	84.545	5
2026-07-15 18:15	84.540	84.770	84.508	84.660	5
2026-07-15 18:20	84.650	84.795	84.630	84.785	5
2026-07-15 18:25	84.810	85.030	84.710	85.025	5
2026-07-15 18:30	85.020	85.170	84.945	85.115	5
2026-07-15 18:35	85.120	85.190	85.070	85.150	5
2026-07-15 18:40	85.155	85.190	84.998	85.080	5
2026-07-15 18:45	85.085	85.160	84.953	85.090	5
2026-07-15 18:50	85.085	85.090	85.015	85.080	5
2026-07-15 18:55	85.075	85.120	85.035	85.080	5
2026-07-15 19:00	85.095	85.100	85.010	85.030	5
2026-07-15 19:05	85.025	85.100	84.960	85.095	5
2026-07-15 19:10	85.100	85.110	84.880	84.980	5
2026-07-15 19:15	84.970	85.050	84.895	85.050	5
2026-07-15 19:20	85.060	85.230	85.018	85.165	5
2026-07-15 19:25	85.160	85.220	85.115	85.200	5
2026-07-15 19:30	85.190	85.855	85.138	85.815	5
2026-07-15 19:35	85.810	86.055	85.570	85.620	5
2026-07-15 19:40	85.625	85.680	85.563	85.620	5
2026-07-15 19:45	85.625	85.820	85.615	85.805	5
2026-07-15 19:50	85.800	85.815	85.705	85.765	5
2026-07-15 19:55	85.755	85.820	85.708	85.795	5
2026-07-15 20:00	85.800	85.912	85.762	85.857	5
2026-07-15 20:05	85.862	85.907	85.782	85.872	5
2026-07-15 20:10	85.882	85.887	85.807	85.862	5
2026-07-15 20:15	85.857	85.862	85.612	85.612	5
2026-07-15 20:20	85.617	85.752	85.607	85.747	5
2026-07-15 20:25	85.742	85.822	85.737	85.777	5
2026-07-15 20:30	85.772	85.902	85.748	85.882	5
2026-07-15 20:35	85.887	85.887	85.812	85.837	5
2026-07-15 20:40	85.842	85.937	85.823	85.897	5
2026-07-15 20:45	85.892	85.912	85.807	85.807	5
2026-07-15 20:50	85.797	85.802	85.572	85.592	5
2026-07-15 20:55	85.597	85.642	85.547	85.607	5
2026-07-16 00:00	85.357	85.387	85.255	85.255	5
2026-07-16 00:05	85.250	85.305	85.143	85.205	5
2026-07-16 00:10	85.220	85.320	85.210	85.210	5
2026-07-16 00:15	85.205	85.260	85.190	85.225	5
2026-07-16 00:20	85.220	85.260	85.110	85.255	5
2026-07-16 00:25	85.260	85.300	85.203	85.220	5
2026-07-16 00:30	85.225	85.390	85.178	85.330	5
2026-07-16 00:35	85.325	85.380	85.305	85.360	5
2026-07-16 00:40	85.380	85.450	85.317	85.360	5
2026-07-16 00:45	85.380	85.390	85.300	85.340	5
2026-07-16 00:50	85.335	85.360	85.240	85.290	5
2026-07-16 00:55	85.285	85.395	85.265	85.360	5
2026-07-16 01:00	85.350	85.495	85.213	85.410	5
2026-07-16 01:05	85.405	85.470	85.258	85.465	5
2026-07-16 01:10	85.460	85.535	85.445	85.470	5
2026-07-16 01:15	85.475	85.485	85.310	85.340	5
2026-07-16 01:20	85.345	85.385	85.217	85.290	5
2026-07-16 01:25	85.280	85.445	85.250	85.320	5
2026-07-16 01:30	85.310	85.315	85.150	85.190	5
2026-07-16 01:35	85.180	85.260	85.110	85.190	5
2026-07-16 01:40	85.195	85.290	85.175	85.285	5
2026-07-16 01:45	85.290	85.460	85.185	85.390	5
2026-07-16 01:50	85.385	85.490	85.265	85.270	5
2026-07-16 01:55	85.275	85.345	85.135	85.215	5
2026-07-16 02:00	85.220	85.310	85.210	85.255	5
2026-07-16 02:05	85.260	85.295	85.185	85.245	5
2026-07-16 02:10	85.240	85.300	85.220	85.260	5
2026-07-16 02:15	85.255	85.260	85.220	85.225	5
2026-07-16 02:20	85.230	85.310	85.168	85.270	5
2026-07-16 02:25	85.280	85.420	85.280	85.355	5
2026-07-16 02:30	85.380	85.390	85.223	85.240	5
2026-07-16 02:35	85.245	85.270	85.185	85.240	5
2026-07-16 02:40	85.245	85.415	85.240	85.340	5
2026-07-16 02:45	85.345	85.345	85.230	85.290	5
2026-07-16 02:50	85.280	85.315	85.138	85.260	5
2026-07-16 02:55	85.255	85.275	85.200	85.215	5
2026-07-16 03:00	85.200	85.250	85.130	85.140	5
2026-07-16 03:05	85.145	85.180	85.043	85.135	5
2026-07-16 03:10	85.130	85.130	85.030	85.050	5
2026-07-16 03:15	85.055	85.055	84.773	84.835	5
2026-07-16 03:20	84.830	84.845	84.740	84.770	5
2026-07-16 03:25	84.760	84.780	84.710	84.740	5
2026-07-16 03:30	84.745	84.805	84.390	84.470	5
2026-07-16 03:35	84.455	84.610	84.395	84.590	5
2026-07-16 03:40	84.605	84.650	84.570	84.590	5
2026-07-16 03:45	84.580	84.635	84.575	84.590	5
2026-07-16 03:50	84.600	84.680	84.590	84.660	5
2026-07-16 03:55	84.665	84.730	84.660	84.710	5
2026-07-16 04:00	84.695	84.775	84.680	84.750	5
2026-07-16 04:05	84.740	84.790	84.715	84.750	5
2026-07-16 04:10	84.755	84.760	84.670	84.710	5
2026-07-16 04:15	84.700	84.730	84.680	84.700	5
2026-07-16 04:20	84.705	84.770	84.675	84.760	5
2026-07-16 04:25	84.765	84.790	84.710	84.725	5
2026-07-16 04:30	84.735	84.750	84.675	84.680	5
2026-07-16 04:35	84.685	84.685	84.583	84.650	5
2026-07-16 04:40	84.660	84.660	84.510	84.510	5
2026-07-16 04:45	84.525	84.525	84.440	84.455	5
2026-07-16 04:50	84.460	84.490	84.415	84.420	5
2026-07-16 04:55	84.425	84.550	84.425	84.535	5
2026-07-16 05:00	84.540	84.540	84.490	84.520	5
2026-07-16 05:05	84.510	84.520	84.420	84.475	5
2026-07-16 05:10	84.470	84.505	84.395	84.505	5
2026-07-16 05:15	84.510	84.550	84.420	84.530	5
2026-07-16 05:20	84.525	84.535	84.510	84.520	5
2026-07-16 05:25	84.530	84.560	84.450	84.465	5
2026-07-16 05:30	84.460	84.495	84.300	84.360	5
2026-07-16 05:35	84.355	84.565	84.350	84.530	5
2026-07-16 05:40	84.525	84.600	84.478	84.520	5
2026-07-16 05:45	84.515	84.560	84.435	84.470	5
2026-07-16 05:50	84.485	84.650	84.465	84.595	5
2026-07-16 05:55	84.590	84.610	84.490	84.520	5
2026-07-16 06:00	84.525	84.570	84.420	84.480	5
2026-07-16 06:05	84.475	84.750	84.460	84.735	5
2026-07-16 06:10	84.750	84.840	84.590	84.620	5
2026-07-16 06:15	84.610	84.705	84.500	84.640	5
2026-07-16 06:20	84.645	84.830	84.618	84.805	5
2026-07-16 06:25	84.810	84.870	84.738	84.790	5
2026-07-16 06:30	84.800	84.885	84.665	84.720	5
2026-07-16 06:35	84.725	84.730	84.450	84.570	5
2026-07-16 06:40	84.565	84.720	84.565	84.680	5
2026-07-16 06:45	84.675	84.760	84.418	84.430	5
2026-07-16 06:50	84.435	84.540	84.370	84.485	5
2026-07-16 06:55	84.500	84.565	84.435	84.505	5
2026-07-16 07:00	84.510	84.725	84.475	84.570	5
2026-07-16 07:05	84.565	84.610	84.430	84.555	5
2026-07-16 07:10	84.550	84.580	84.285	84.320	5
2026-07-16 07:15	84.325	84.515	84.315	84.440	5
2026-07-16 07:20	84.435	84.560	84.400	84.560	5
2026-07-16 07:25	84.555	84.835	84.550	84.790	5
2026-07-16 07:30	84.795	84.825	84.610	84.610	5
2026-07-16 07:35	84.620	84.750	84.590	84.740	5
2026-07-16 07:40	84.698	84.850	84.600	84.600	5
2026-07-16 07:45	84.610	84.615	84.475	84.600	5
2026-07-16 07:50	84.590	84.610	84.453	84.500	5
2026-07-16 07:55	84.510	84.565	84.448	84.530	5
2026-07-16 08:00	84.570	84.590	84.210	84.330	5
2026-07-16 08:05	84.340	84.490	84.240	84.450	5
2026-07-16 08:10	84.470	84.590	84.338	84.490	5
2026-07-16 08:15	84.500	84.525	84.390	84.470	5
2026-07-16 08:20	84.480	84.500	84.380	84.440	5
2026-07-16 08:25	84.450	84.525	84.328	84.370	5
2026-07-16 08:30	84.375	84.575	84.263	84.555	5
2026-07-16 08:35	84.545	84.715	84.368	84.685	5
2026-07-16 08:40	84.690	84.690	84.550	84.620	5
2026-07-16 08:45	84.615	84.625	84.420	84.450	5
2026-07-16 08:50	84.440	84.670	84.418	84.660	5
2026-07-16 08:55	84.650	84.650	84.265	84.310	5
2026-07-16 09:00	84.305	84.320	84.040	84.105	5
2026-07-16 09:05	84.100	84.120	83.885	84.090	5
2026-07-16 09:10	84.085	84.175	83.793	83.865	5
2026-07-16 09:15	83.823	84.175	83.793	84.175	5
2026-07-16 09:20	84.170	84.360	84.158	84.320	5
2026-07-16 09:25	84.330	84.330	84.090	84.120	5
2026-07-16 09:30	84.130	84.330	84.045	84.300	5
2026-07-16 09:35	84.290	84.570	84.240	84.540	5
2026-07-16 09:40	84.535	84.660	84.483	84.580	5
2026-07-16 09:45	84.575	84.725	84.558	84.680	5
2026-07-16 09:50	84.675	84.675	84.500	84.530	5
2026-07-16 09:55	84.520	84.640	84.510	84.640	5
2026-07-16 10:00	84.645	84.680	84.510	84.550	5
2026-07-16 10:05	84.555	84.750	84.523	84.710	5
2026-07-16 10:10	84.715	84.730	84.628	84.725	5
2026-07-16 10:15	84.730	84.760	84.580	84.590	5
2026-07-16 10:20	84.595	84.755	84.595	84.715	5
2026-07-16 10:25	84.725	84.735	84.673	84.710	5
2026-07-16 10:30	84.720	84.805	84.695	84.735	5
2026-07-16 10:35	84.740	84.790	84.685	84.735	5
2026-07-16 10:40	84.730	84.780	84.693	84.750	5
2026-07-16 10:45	84.745	84.770	84.598	84.710	5
2026-07-16 10:50	84.720	84.800	84.580	84.650	5
2026-07-16 10:55	84.655	84.795	84.650	84.740	5
2026-07-16 11:00	84.730	84.730	84.590	84.630	5
2026-07-16 11:05	84.635	84.650	84.393	84.405	5
2026-07-16 11:10	84.425	84.620	84.393	84.605	5
2026-07-16 11:15	84.610	84.700	84.525	84.560	5
2026-07-16 11:20	84.565	84.650	84.490	84.520	5
2026-07-16 11:25	84.525	84.625	84.463	84.535	5
2026-07-16 11:30	84.530	84.655	84.493	84.525	5
2026-07-16 11:35	84.530	84.705	84.513	84.580	5
2026-07-16 11:40	84.585	84.690	84.565	84.615	5
2026-07-16 11:45	84.620	85.355	84.470	85.068	5
2026-07-16 11:50	85.058	85.160	84.790	84.900	5
2026-07-16 11:55	84.895	85.025	84.725	84.740	5
2026-07-16 12:00	84.730	85.060	84.690	85.050	5
2026-07-16 12:05	85.055	85.225	85.055	85.160	5
2026-07-16 12:10	85.155	85.370	85.155	85.345	5
2026-07-16 12:15	85.360	85.550	85.360	85.470	5
2026-07-16 12:20	85.460	85.710	85.383	85.650	5
2026-07-16 12:25	85.655	86.000	85.650	85.750	5
2026-07-16 12:30	85.757	85.770	85.590	85.720	5
2026-07-16 12:35	85.710	86.000	85.710	85.990	5
2026-07-16 12:40	85.980	86.075	85.883	86.000	5
2026-07-16 12:45	86.005	86.005	85.605	85.715	5
2026-07-16 12:50	85.735	85.895	85.713	85.840	5
2026-07-16 12:55	85.845	85.960	85.840	85.860	5
2026-07-16 13:00	85.845	86.225	85.765	86.100	5
2026-07-16 13:05	86.095	86.095	85.710	85.820	5
2026-07-16 13:10	85.845	85.920	85.703	85.740	5
2026-07-16 13:15	85.735	85.925	85.713	85.840	5
2026-07-16 13:20	85.845	85.875	85.690	85.720	5
2026-07-16 13:25	85.730	85.760	85.468	85.535	5
2026-07-16 13:30	85.502	85.745	85.340	85.745	5
2026-07-16 13:35	85.730	85.810	85.505	85.540	5
2026-07-16 13:40	85.530	85.535	85.255	85.375	5
2026-07-16 13:45	85.370	85.485	85.260	85.320	5
2026-07-16 13:50	85.315	85.455	85.248	85.330	5
2026-07-16 13:55	85.310	85.490	85.250	85.455	5
2026-07-16 14:00	85.460	85.475	85.075	85.075	5
2026-07-16 14:05	85.080	85.260	85.040	85.240	5
2026-07-16 14:10	85.235	85.320	85.200	85.300	5
2026-07-16 14:15	85.295	85.390	85.210	85.240	5
2026-07-16 14:20	85.230	85.675	85.230	85.570	5
2026-07-16 14:25	85.565	85.620	85.345	85.380	5
2026-07-16 14:30	85.395	85.420	85.270	85.385	5
2026-07-16 14:35	85.390	85.390	85.150	85.180	5
2026-07-16 14:40	85.175	85.230	85.045	85.050	5
2026-07-16 14:45	85.060	85.120	84.855	84.975	5
2026-07-16 14:50	84.980	85.050	84.875	84.885	5
2026-07-16 14:55	84.890	84.957	84.703	84.850	5
2026-07-16 15:00	84.845	85.060	84.775	85.050	5
2026-07-16 15:05	85.055	85.150	84.950	84.970	5
2026-07-16 15:10	84.965	85.090	84.940	85.040	5
2026-07-16 15:15	85.045	85.095	84.928	84.970	5
2026-07-16 15:20	84.975	84.980	84.640	84.755	5
2026-07-16 15:25	84.770	84.850	84.590	84.825	5
2026-07-16 15:30	84.810	84.985	84.760	84.770	5
2026-07-16 15:35	84.780	84.795	84.610	84.620	5
2026-07-16 15:40	84.615	84.665	84.483	84.660	5
2026-07-16 15:45	84.665	84.790	84.643	84.720	5
2026-07-16 15:50	84.740	84.825	84.685	84.715	5
2026-07-16 15:55	84.720	84.735	84.638	84.680	5
2026-07-16 16:00	84.685	84.925	84.623	84.905	5
2026-07-16 16:05	84.895	85.095	84.880	84.895	5
2026-07-16 16:10	84.905	85.015	84.745	84.875	5
2026-07-16 16:15	84.865	85.195	84.808	85.110	5
2026-07-16 16:20	85.095	85.700	85.045	85.120	5
2026-07-16 16:25	85.125	85.255	84.850	84.860	5
2026-07-16 16:30	84.870	84.890	84.655	84.700	5
2026-07-16 16:35	84.705	84.920	84.613	84.895	5
2026-07-16 16:40	84.890	84.920	84.710	84.760	5
2026-07-16 16:45	84.750	84.800	84.623	84.665	5
2026-07-16 16:50	84.680	84.715	84.328	84.400	5
2026-07-16 16:55	84.390	84.510	84.220	84.420	5
2026-07-16 17:00	84.425	84.430	84.220	84.370	5
2026-07-16 17:05	84.365	84.450	84.278	84.445	5
2026-07-16 17:10	84.440	84.610	84.435	84.610	5
2026-07-16 17:15	84.615	84.620	84.390	84.400	5
2026-07-16 17:20	84.405	84.450	84.315	84.410	5
2026-07-16 17:25	84.405	84.405	84.293	84.310	5
2026-07-16 17:30	84.315	84.505	84.290	84.480	5
2026-07-16 17:35	84.485	84.520	84.415	84.425	5
2026-07-16 17:40	84.430	84.430	84.100	84.390	5
2026-07-16 17:45	84.380	84.440	84.270	84.300	5
2026-07-16 17:50	84.275	84.290	84.068	84.170	5
2026-07-16 17:55	84.190	84.210	84.088	84.160	5
2026-07-16 18:00	84.150	84.170	84.005	84.165	5
2026-07-16 18:05	84.123	84.295	84.123	84.220	5
2026-07-16 18:10	84.215	84.230	84.010	84.075	5
2026-07-16 18:15	84.070	84.105	83.933	84.100	5
2026-07-16 18:20	84.095	84.320	83.945	84.320	5
2026-07-16 18:25	84.315	84.370	84.135	84.235	5
2026-07-16 18:30	84.240	84.255	84.095	84.150	5
2026-07-16 18:35	84.155	84.195	84.025	84.180	5
2026-07-16 18:40	84.190	84.260	84.135	84.255	5
2026-07-16 18:45	84.260	84.395	84.250	84.300	5
2026-07-16 18:50	84.295	84.310	84.170	84.200	5
2026-07-16 18:55	84.210	84.290	84.170	84.280	5
2026-07-16 19:00	84.275	84.350	84.250	84.280	5
2026-07-16 19:05	84.275	84.350	84.213	84.290	5
2026-07-16 19:10	84.305	84.330	84.158	84.245	5
2026-07-16 19:15	84.250	84.270	84.210	84.270	5
2026-07-16 19:20	84.280	84.280	84.200	84.210	5
2026-07-16 19:25	84.220	84.235	84.195	84.225	5
2026-07-16 19:30	84.230	84.370	84.230	84.370	5
2026-07-16 19:35	84.365	84.410	84.268	84.320	5
2026-07-16 19:40	84.315	84.330	84.270	84.330	5
2026-07-16 19:45	84.325	84.325	84.280	84.315	5
2026-07-16 19:50	84.325	84.370	84.295	84.340	5
2026-07-16 19:55	84.335	84.340	84.238	84.295	5
2026-07-16 20:00	84.290	84.300	84.217	84.237	5
2026-07-16 20:05	84.242	84.317	84.077	84.122	5
2026-07-16 20:10	84.127	84.297	84.117	84.287	5
2026-07-16 20:15	84.277	84.357	84.277	84.347	5
2026-07-16 20:20	84.357	84.397	84.322	84.347	5
2026-07-16 20:25	84.352	84.372	84.312	84.337	5
2026-07-16 20:30	84.352	84.677	84.352	84.647	5
2026-07-16 20:35	84.642	84.862	84.552	84.752	5
2026-07-16 20:40	84.757	84.762	84.682	84.732	5
2026-07-16 20:45	84.742	84.977	84.707	84.957	5
2026-07-16 20:50	84.952	84.957	84.837	84.837	5
2026-07-16 20:55	84.832	84.892	84.797	84.857	5
2026-07-17 00:00	84.887	84.887	84.747	84.840	5
2026-07-17 00:05	84.830	84.855	84.783	84.820	5
2026-07-17 00:10	84.815	84.845	84.760	84.770	5
2026-07-17 00:15	84.775	84.820	84.740	84.810	5
2026-07-17 00:20	84.800	84.880	84.733	84.830	5
2026-07-17 00:25	84.835	84.930	84.685	84.895	5
2026-07-17 00:30	84.880	84.880	84.795	84.800	5
2026-07-17 00:35	84.810	84.855	84.740	84.855	5
2026-07-17 00:40	84.870	85.020	84.818	85.015	5
2026-07-17 00:45	85.010	85.015	84.873	84.950	5
2026-07-17 00:50	84.955	85.020	84.940	84.995	5
2026-07-17 00:55	84.990	85.040	84.980	85.015	5
2026-07-17 01:00	85.000	85.105	84.893	85.015	5
2026-07-17 01:05	85.025	85.225	84.910	85.200	5
2026-07-17 01:10	85.195	85.345	85.160	85.260	5
2026-07-17 01:15	85.250	85.320	85.230	85.310	5
2026-07-17 01:20	85.305	85.415	85.290	85.340	5
2026-07-17 01:25	85.330	85.430	85.310	85.430	5
2026-07-17 01:30	85.425	85.470	85.190	85.190	5
2026-07-17 01:35	85.180	85.200	85.013	85.105	5
2026-07-17 01:40	85.100	85.145	85.035	85.130	5
2026-07-17 01:45	85.135	85.140	84.995	85.120	5
2026-07-17 01:50	85.125	85.160	85.045	85.065	5
2026-07-17 01:55	85.060	85.150	85.020	85.055	5
2026-07-17 02:00	85.065	85.140	84.995	85.130	5
2026-07-17 02:05	85.135	85.135	85.020	85.100	5
2026-07-17 02:10	85.090	85.105	85.030	85.070	5
2026-07-17 02:15	85.065	85.070	85.005	85.070	5
2026-07-17 02:20	85.023	85.060	84.983	84.983	5
2026-07-17 02:25	85.025	85.030	84.960	84.970	4
2026-07-17 02:30	84.923	84.970	84.810	84.870	5
2026-07-17 02:35	84.880	84.880	84.755	84.860	5
2026-07-17 02:40	84.855	84.870	84.785	84.850	5
2026-07-17 02:45	84.855	84.860	84.745	84.745	5
2026-07-17 02:50	84.740	84.835	84.608	84.835	5
2026-07-17 02:55	84.850	84.910	84.760	84.870	5
2026-07-17 03:00	84.865	84.930	84.830	84.920	5
2026-07-17 03:05	84.915	84.945	84.850	84.930	5
2026-07-17 03:10	84.925	84.980	84.838	84.900	5
2026-07-17 03:15	84.910	84.910	84.735	84.790	5
2026-07-17 03:20	84.785	84.845	84.760	84.840	5
2026-07-17 03:25	84.845	84.940	84.820	84.920	5
2026-07-17 03:30	84.925	84.925	84.810	84.850	5
2026-07-17 03:35	84.840	84.850	84.820	84.850	5
2026-07-17 03:40	84.845	84.975	84.835	84.945	5
2026-07-17 03:45	84.940	84.960	84.910	84.950	5
2026-07-17 03:50	84.945	84.960	84.945	84.955	5
2026-07-17 03:55	84.960	85.035	84.938	85.030	5
2026-07-17 04:00	85.035	85.045	85.000	85.020	5
2026-07-17 04:05	85.015	85.015	84.923	85.000	5
2026-07-17 04:10	85.005	85.045	85.000	85.045	5
2026-07-17 04:15	85.030	85.080	85.020	85.045	5
2026-07-17 04:20	85.040	85.100	85.035	85.090	5
2026-07-17 04:25	85.085	85.135	85.080	85.110	5
2026-07-17 04:30	85.105	85.130	85.078	85.120	5
2026-07-17 04:35	85.115	85.120	85.050	85.060	5
2026-07-17 04:40	85.065	85.080	85.015	85.030	5
2026-07-17 04:45	84.983	85.020	84.983	84.990	5
2026-07-17 04:50	84.980	84.995	84.933	84.965	5
2026-07-17 04:55	84.980	85.035	84.980	85.035	5
2026-07-17 05:00	85.040	85.060	85.015	85.040	5
2026-07-17 05:05	85.025	85.025	84.933	84.940	5
2026-07-17 05:10	84.950	84.950	84.915	84.920	5
2026-07-17 05:15	84.925	84.950	84.920	84.930	5
2026-07-17 05:20	84.935	84.935	84.855	84.880	5
2026-07-17 05:25	84.890	84.900	84.795	84.850	5
2026-07-17 05:30	84.855	84.990	84.810	84.855	5
2026-07-17 05:35	84.850	84.860	84.615	84.640	5
2026-07-17 05:40	84.635	84.640	83.945	84.175	5
2026-07-17 05:45	84.180	84.200	83.935	84.025	5
2026-07-17 05:50	84.030	84.345	84.020	84.260	5
2026-07-17 05:55	84.265	84.320	84.170	84.275	5
2026-07-17 06:00	84.280	84.305	83.813	83.890	5
2026-07-17 06:05	83.848	83.895	83.690	83.780	5
2026-07-17 06:10	83.775	83.910	83.730	83.910	5
2026-07-17 06:15	83.915	84.125	83.835	84.120	5
2026-07-17 06:20	84.110	84.125	83.870	83.970	5
2026-07-17 06:25	83.975	84.290	83.975	84.260	5
2026-07-17 06:30	84.280	84.305	84.173	84.240	5
2026-07-17 06:35	84.245	84.580	84.240	84.535	5
2026-07-17 06:40	84.540	84.620	84.398	84.425	5
2026-07-17 06:45	84.435	84.555	84.370	84.370	5
2026-07-17 06:50	84.375	84.380	84.180	84.320	5
2026-07-17 06:55	84.325	84.350	84.255	84.310	5
2026-07-17 07:00	84.342	84.465	84.288	84.380	5
2026-07-17 07:05	84.385	84.630	84.380	84.600	5
2026-07-17 07:10	84.590	84.620	84.500	84.530	5
2026-07-17 07:15	84.525	84.680	84.383	84.670	5
2026-07-17 07:20	84.680	84.810	84.630	84.750	5
2026-07-17 07:25	84.725	84.850	84.598	84.670	5
2026-07-17 07:30	84.660	84.720	84.610	84.670	5
2026-07-17 07:35	84.675	84.720	84.550	84.620	5
2026-07-17 07:40	84.610	84.670	84.580	84.600	5
2026-07-17 07:45	84.605	84.650	84.400	84.460	5
2026-07-17 07:50	84.465	84.480	84.390	84.450	5
2026-07-17 07:55	84.445	84.540	84.370	84.400	5
2026-07-17 08:00	84.405	84.430	84.150	84.180	5
2026-07-17 08:05	84.170	84.440	84.170	84.290	5
2026-07-17 08:10	84.300	84.550	84.278	84.470	5
2026-07-17 08:15	84.428	84.490	84.205	84.260	5
2026-07-17 08:20	84.265	84.605	84.220	84.600	5
2026-07-17 08:25	84.620	84.790	84.590	84.770	5
2026-07-17 08:30	84.775	84.785	84.553	84.785	5
2026-07-17 08:35	84.790	84.790	84.500	84.565	5
2026-07-17 08:40	84.555	84.720	84.493	84.640	5
2026-07-17 08:45	84.645	84.770	84.625	84.745	5
2026-07-17 08:50	84.750	84.975	84.735	84.920	5
2026-07-17 08:55	84.925	85.055	84.728	85.015	5
2026-07-17 09:00	85.035	85.410	84.995	85.260	5
2026-07-17 09:05	85.250	85.410	85.190	85.360	5
2026-07-17 09:10	85.365	85.375	85.165	85.230	5
2026-07-17 09:15	85.235	85.375	85.200	85.370	5
2026-07-17 09:20	85.365	85.670	85.323	85.590	5
2026-07-17 09:25	85.548	85.725	85.548	85.670	5
2026-07-17 09:30	85.675	85.765	85.540	85.670	5
2026-07-17 09:35	85.675	85.855	85.645	85.745	5
2026-07-17 09:40	85.760	85.800	85.565	85.640	5
2026-07-17 09:45	85.645	85.720	85.553	85.710	5
2026-07-17 09:50	85.715	85.765	85.690	85.735	5
2026-07-17 09:55	85.730	85.750	85.640	85.640	5
2026-07-17 10:00	85.630	85.640	85.438	85.550	5
2026-07-17 10:05	85.560	85.880	85.540	85.870	5
2026-07-17 10:10	85.875	85.920	85.748	85.885	5
2026-07-17 10:15	85.880	85.955	85.825	85.920	5
2026-07-17 10:20	85.915	85.915	85.760	85.860	5
2026-07-17 10:25	85.865	85.905	85.655	85.655	5
2026-07-17 10:30	85.665	85.665	85.523	85.660	5
2026-07-17 10:35	85.655	85.665	85.483	85.530	5
2026-07-17 10:40	85.535	85.585	85.483	85.530	5
2026-07-17 10:45	85.540	85.660	85.503	85.620	5
2026-07-17 10:50	85.625	85.785	85.558	85.785	5
2026-07-17 10:55	85.790	85.810	85.715	85.760	5
2026-07-17 11:00	85.750	85.810	85.705	85.760	5
2026-07-17 11:05	85.770	85.955	85.745	85.930	5
2026-07-17 11:10	85.935	85.975	85.900	85.920	5
2026-07-17 11:15	85.925	86.035	85.873	85.980	5
2026-07-17 11:20	85.975	86.080	85.913	85.965	5
2026-07-17 11:25	85.970	86.015	85.820	85.830	5
2026-07-17 11:30	85.840	85.930	85.780	85.920	5
2026-07-17 11:35	85.915	85.915	85.710	85.735	5
2026-07-17 11:40	85.730	85.840	85.715	85.810	5
2026-07-17 11:45	85.815	85.865	85.745	85.865	5
2026-07-17 11:50	85.880	85.990	85.830	85.965	5
2026-07-17 11:55	85.970	86.025	85.903	85.995	5
2026-07-17 12:00	86.000	86.025	85.935	86.015	5
2026-07-17 12:05	86.000	86.060	85.928	85.935	5
2026-07-17 12:10	85.925	86.015	85.920	85.980	5
2026-07-17 12:15	85.975	86.180	85.975	86.130	5
2026-07-17 12:20	86.125	86.170	86.063	86.115	5
2026-07-17 12:25	86.110	86.115	85.980	86.095	5
2026-07-17 12:30	86.110	86.285	86.110	86.255	5
2026-07-17 12:35	86.250	86.300	86.153	86.235	5
2026-07-17 12:40	86.245	86.245	86.145	86.215	5
2026-07-17 12:45	86.220	86.225	86.073	86.115	5
2026-07-17 12:50	86.120	86.150	86.025	86.135	5
2026-07-17 12:55	86.140	86.405	86.105	86.310	5
2026-07-17 13:00	86.305	86.865	86.240	86.785	5
2026-07-17 13:05	86.790	86.890	86.540	86.545	5
2026-07-17 13:10	86.535	86.725	86.510	86.690	5
2026-07-17 13:15	86.695	86.705	86.510	86.590	5
2026-07-17 13:20	86.575	86.820	86.553	86.730	5
2026-07-17 13:25	86.735	86.775	86.660	86.730	5
2026-07-17 13:30	86.740	86.830	86.655	86.660	5
2026-07-17 13:35	86.650	86.705	86.370	86.395	5
2026-07-17 13:40	86.400	86.750	86.385	86.740	5
2026-07-17 13:45	86.745	86.795	86.675	86.775	5
2026-07-17 13:50	86.785	86.935	86.753	86.875	5
2026-07-17 13:55	86.885	86.975	86.833	86.903	5
2026-07-17 14:00	86.925	87.090	86.845	87.055	5
2026-07-17 14:05	87.060	87.075	86.785	86.830	5
2026-07-17 14:10	86.840	87.010	86.840	86.985	5
2026-07-17 14:15	86.980	86.980	86.755	86.920	5
2026-07-17 14:20	86.925	86.930	86.755	86.800	5
2026-07-17 14:25	86.805	86.865	86.745	86.805	5
2026-07-17 14:30	86.800	86.800	86.590	86.610	5
2026-07-17 14:35	86.600	86.715	86.480	86.675	5
2026-07-17 14:40	86.665	86.815	86.645	86.815	5
2026-07-17 14:45	86.810	86.810	86.605	86.670	5
2026-07-17 14:50	86.660	86.690	86.450	86.455	5
2026-07-17 14:55	86.475	86.480	86.248	86.270	5
2026-07-17 15:00	86.275	86.385	86.095	86.120	5
2026-07-17 15:05	86.130	86.200	85.965	86.035	5
2026-07-17 15:10	86.040	86.075	85.885	85.990	5
2026-07-17 15:15	86.005	86.315	85.985	86.170	5
2026-07-17 15:20	86.185	86.430	85.988	86.425	5
2026-07-17 15:25	86.420	86.575	86.330	86.363	5
2026-07-17 15:30	86.353	86.712	86.253	86.625	5
2026-07-17 15:35	86.630	86.795	86.528	86.730	5
2026-07-17 15:40	86.740	86.775	86.633	86.690	5
2026-07-17 15:45	86.695	86.735	86.570	86.625	5
2026-07-17 15:50	86.655	86.810	86.613	86.730	5
2026-07-17 15:55	86.725	86.745	86.633	86.675	5
2026-07-17 16:00	86.670	87.370	86.620	87.220	5
2026-07-17 16:05	87.225	87.425	87.063	87.390	5
2026-07-17 16:10	87.395	87.450	87.333	87.350	5
2026-07-17 16:15	87.355	87.555	87.323	87.410	5
2026-07-17 16:20	87.415	87.565	87.298	87.550	5
2026-07-17 16:25	87.555	87.600	87.430	87.465	5
2026-07-17 16:30	87.460	87.500	87.375	87.480	5
2026-07-17 16:35	87.485	87.580	87.373	87.410	5
2026-07-17 16:40	87.415	87.475	87.350	87.465	5
2026-07-17 16:45	87.460	87.520	87.355	87.375	5
2026-07-17 16:50	87.370	87.645	87.340	87.645	5
2026-07-17 16:55	87.650	87.715	87.615	87.625	5
2026-07-17 17:00	87.615	87.615	87.450	87.510	5
2026-07-17 17:05	87.520	87.625	87.393	87.580	5
2026-07-17 17:10	87.600	87.675	87.553	87.625	5
2026-07-17 17:15	87.620	87.720	87.580	87.715	5
2026-07-17 17:20	87.705	87.810	87.623	87.765	5
2026-07-17 17:25	87.775	87.880	87.770	87.775	5
2026-07-17 17:30	87.780	88.015	87.770	87.815	5
2026-07-17 17:35	87.825	87.845	87.735	87.805	5
2026-07-17 17:40	87.810	88.025	87.775	87.995	5
2026-07-17 17:45	88.000	88.090	87.905	88.015	5
2026-07-17 17:50	88.010	88.085	87.903	87.935	5
2026-07-17 17:55	87.930	88.085	87.925	87.975	5
2026-07-17 18:00	87.980	88.050	87.835	88.025	5
2026-07-17 18:05	88.020	88.300	88.020	88.075	5
2026-07-17 18:10	88.070	88.165	87.995	88.160	5
2026-07-17 18:15	88.155	88.220	88.080	88.080	5
2026-07-17 18:20	88.070	88.225	88.045	88.200	5
2026-07-17 18:25	88.205	88.215	87.973	88.015	5
2026-07-17 18:30	87.995	88.025	87.820	87.830	5
2026-07-17 18:35	87.825	87.925	87.755	87.865	5
2026-07-17 18:40	87.860	87.870	87.608	87.730	5
2026-07-17 18:45	87.720	87.760	87.660	87.760	5
2026-07-17 18:50	87.750	87.790	87.680	87.750	5
2026-07-17 18:55	87.740	87.770	87.695	87.705	5
2026-07-17 19:00	87.710	87.730	87.595	87.660	5
2026-07-17 19:05	87.650	87.690	87.590	87.640	5
2026-07-17 19:10	87.635	87.715	87.623	87.705	5
2026-07-17 19:15	87.710	87.775	87.668	87.740	5
2026-07-17 19:20	87.750	87.845	87.743	87.790	5
2026-07-17 19:25	87.800	87.835	87.633	87.700	5
2026-07-17 19:30	87.695	87.695	87.485	87.490	5
2026-07-17 19:35	87.495	87.645	87.443	87.535	5
2026-07-17 19:40	87.530	87.540	87.360	87.400	5
2026-07-17 19:45	87.395	87.545	87.363	87.460	5
2026-07-17 19:50	87.450	87.765	87.418	87.730	5
2026-07-17 19:55	87.720	87.800	87.710	87.790	5
2026-07-17 20:00	87.785	87.820	87.632	87.797	5
2026-07-17 20:05	87.787	87.897	87.782	87.787	5
2026-07-17 20:10	87.782	87.807	87.737	87.792	5
2026-07-17 20:15	87.797	87.847	87.787	87.817	5
2026-07-17 20:20	87.832	87.992	87.832	87.952	5
2026-07-17 20:25	87.937	88.062	87.917	88.037	5
2026-07-17 20:30	88.032	88.137	87.972	88.047	5
2026-07-17 20:35	88.042	88.147	88.012	88.122	5
2026-07-17 20:40	88.132	88.177	88.077	88.167	5
2026-07-17 20:45	88.162	88.172	87.997	88.007	5
2026-07-17 20:50	88.002	88.047	87.992	88.022	5
2026-07-17 20:55	88.027	88.132	88.017	88.072	5
2026-07-20 00:00	90.665	90.730	90.500	90.500	5
2026-07-20 00:05	90.520	90.570	90.415	90.500	5
2026-07-20 00:10	90.490	90.535	90.350	90.465	5
2026-07-20 00:15	90.470	90.550	90.375	90.540	5
2026-07-20 00:20	90.535	90.535	90.350	90.445	5
2026-07-20 00:25	90.455	90.540	90.405	90.500	5
2026-07-20 00:30	90.505	90.515	90.320	90.360	5
2026-07-20 00:35	90.355	90.570	90.345	90.570	5
2026-07-20 00:40	90.565	90.595	90.465	90.490	5
2026-07-20 00:45	90.515	90.535	90.435	90.480	5
2026-07-20 00:50	90.475	90.500	90.360	90.430	5
2026-07-20 00:55	90.400	90.415	90.290	90.335	5
2026-07-20 01:00	90.297	90.385	90.050	90.110	5
2026-07-20 01:05	90.115	90.245	90.040	90.100	5
2026-07-20 01:10	90.115	90.355	90.110	90.335	5
2026-07-20 01:15	90.325	90.335	90.055	90.220	5
2026-07-20 01:20	90.210	90.250	90.090	90.165	5
2026-07-20 01:25	90.155	90.395	90.130	90.305	5
2026-07-20 01:30	90.325	90.390	90.205	90.335	5
2026-07-20 01:35	90.345	90.425	90.240	90.370	5
2026-07-20 01:40	90.365	90.430	90.285	90.395	5
2026-07-20 01:45	90.400	90.490	90.280	90.370	5
2026-07-20 01:50	90.375	90.435	90.270	90.300	5
2026-07-20 01:55	90.295	90.320	90.175	90.300	5
2026-07-20 02:00	90.290	90.290	90.055	90.250	5
2026-07-20 02:05	90.245	90.530	90.225	90.440	5
2026-07-20 02:10	90.430	90.485	90.405	90.465	5
2026-07-20 02:15	90.460	90.485	90.435	90.465	5
2026-07-20 02:20	90.460	90.460	90.310	90.390	5
2026-07-20 02:25	90.380	90.380	90.220	90.250	5
2026-07-20 02:30	90.285	90.285	89.985	90.225	5
2026-07-20 02:35	90.230	90.345	90.160	90.270	5
2026-07-20 02:40	90.275	90.300	90.015	90.165	5
2026-07-20 02:45	90.170	90.175	89.990	90.160	5
2026-07-20 02:50	90.140	90.140	89.905	89.950	5
2026-07-20 02:55	89.940	90.070	89.915	89.945	5
2026-07-20 03:00	89.950	90.010	89.873	90.010	5
2026-07-20 03:05	90.020	90.070	89.970	90.070	5
2026-07-20 03:10	90.085	90.120	90.050	90.110	5
2026-07-20 03:15	90.115	90.130	90.040	90.120	5
2026-07-20 03:20	90.135	90.205	90.130	90.200	5
2026-07-20 03:25	90.195	90.235	90.058	90.120	5
2026-07-20 03:30	90.125	90.195	90.105	90.190	5
2026-07-20 03:35	90.185	90.230	90.170	90.200	5
2026-07-20 03:40	90.195	90.220	90.078	90.220	5
2026-07-20 03:45	90.230	90.250	90.180	90.230	5
2026-07-20 03:50	90.235	90.260	90.210	90.230	5
2026-07-20 03:55	90.240	90.260	90.193	90.250	5
2026-07-20 04:00	90.240	90.400	90.205	90.350	5
2026-07-20 04:05	90.355	90.390	90.320	90.350	5
2026-07-20 04:10	90.303	90.405	90.303	90.390	5
2026-07-20 04:15	90.385	90.400	90.370	90.390	5
2026-07-20 04:20	90.385	90.390	90.370	90.390	5
2026-07-20 04:25	90.343	90.395	90.303	90.355	5
2026-07-20 04:30	90.350	90.350	90.238	90.310	5
2026-07-20 04:35	90.305	90.340	90.203	90.250	5
2026-07-20 04:40	90.240	90.240	90.165	90.185	5
2026-07-20 04:45	90.190	90.280	90.160	90.250	5
2026-07-20 04:50	90.245	90.345	90.203	90.283	5
2026-07-20 04:55	90.325	90.325	90.203	90.230	5
2026-07-20 05:00	90.210	90.250	90.170	90.230	5
2026-07-20 05:05	90.220	90.220	90.153	90.215	5
2026-07-20 05:10	90.220	90.220	90.145	90.165	5
2026-07-20 05:15	90.170	90.255	90.155	90.220	5
2026-07-20 05:20	90.210	90.260	90.195	90.240	5
2026-07-20 05:25	90.245	90.460	90.245	90.455	5
2026-07-20 05:30	90.450	90.535	90.323	90.375	5
2026-07-20 05:35	90.370	90.380	90.210	90.290	5
2026-07-20 05:40	90.285	90.495	90.275	90.480	5
2026-07-20 05:45	90.485	90.560	90.435	90.510	5
2026-07-20 05:50	90.505	90.545	90.420	90.460	5
2026-07-20 05:55	90.470	90.650	90.433	90.605	5
2026-07-20 06:00	90.610	90.750	90.595	90.700	5
2026-07-20 06:05	90.690	90.815	90.643	90.785	5
2026-07-20 06:10	90.800	90.890	90.750	90.800	5
2026-07-20 06:15	90.795	90.985	90.738	90.980	5
2026-07-20 06:20	90.985	91.035	90.648	90.715	5
2026-07-20 06:25	90.720	90.825	90.605	90.680	5
2026-07-20 06:30	90.675	90.835	90.660	90.790	5
2026-07-20 06:35	90.810	90.955	90.810	90.935	5
2026-07-20 06:40	90.965	90.975	90.670	90.785	5
2026-07-20 06:45	90.790	90.835	90.670	90.685	5
2026-07-20 06:50	90.700	90.720	90.535	90.640	5
2026-07-20 06:55	90.635	90.810	90.635	90.750	5
2026-07-20 07:00	90.737	90.742	90.535	90.725	5
2026-07-20 07:05	90.720	91.000	90.710	90.970	5
2026-07-20 07:10	90.975	91.055	90.720	90.820	5
2026-07-20 07:15	90.810	90.870	90.630	90.630	5
2026-07-20 07:20	90.625	90.670	90.115	90.120	5
2026-07-20 07:25	90.078	90.215	89.823	89.945	5
2026-07-20 07:30	89.950	89.970	89.568	89.670	5
2026-07-20 07:35	89.665	89.760	89.220	89.230	5
2026-07-20 07:40	89.235	89.320	88.780	88.790	5
2026-07-20 07:45	88.810	89.270	88.660	89.085	5
2026-07-20 07:50	89.095	89.160	88.983	89.100	5
2026-07-20 07:55	89.095	89.120	88.753	88.890	5
2026-07-20 08:00	88.885	88.885	88.490	88.670	5
2026-07-20 08:05	88.680	88.810	88.635	88.695	5
2026-07-20 08:10	88.700	88.830	88.433	88.495	5
2026-07-20 08:15	88.500	88.500	88.200	88.230	5
2026-07-20 08:20	88.250	88.490	88.070	88.120	5
2026-07-20 08:25	88.140	88.310	88.035	88.273	5
2026-07-20 08:30	88.335	88.355	87.918	88.070	5
2026-07-20 08:35	88.060	88.200	88.020	88.130	5
2026-07-20 08:40	88.125	88.430	87.998	88.400	5
2026-07-20 08:45	88.395	88.410	87.965	88.045	5
2026-07-20 08:50	88.040	88.225	87.905	88.140	5
2026-07-20 08:55	88.150	88.260	87.995	88.250	5
2026-07-20 09:00	88.230	88.350	88.120	88.345	5
2026-07-20 09:05	88.350	88.500	88.268	88.290	5
2026-07-20 09:10	88.280	88.380	88.195	88.290	5
2026-07-20 09:15	88.285	88.285	87.898	88.215	5
2026-07-20 09:20	88.225	88.225	87.790	87.888	5
2026-07-20 09:25	87.900	88.010	87.888	87.985	5
2026-07-20 09:30	87.980	87.985	87.673	87.740	5
2026-07-20 09:35	87.730	87.790	87.613	87.650	5
2026-07-20 09:40	87.665	87.895	87.580	87.830	5
2026-07-20 09:45	87.788	87.985	87.788	87.970	5
2026-07-20 09:50	87.955	87.970	87.838	87.955	5
2026-07-20 09:55	87.970	88.100	87.915	87.935	5
2026-07-20 10:00	87.940	88.210	87.940	88.205	5
2026-07-20 10:05	88.215	88.290	88.138	88.193	5
2026-07-20 10:10	88.255	88.255	87.863	88.150	5
2026-07-20 10:15	88.140	88.150	87.950	87.960	5
2026-07-20 10:20	87.965	88.170	87.930	88.170	5
2026-07-20 10:25	88.160	88.175	88.120	88.170	5
2026-07-20 10:30	88.190	88.340	88.118	88.250	5
2026-07-20 10:35	88.255	88.475	88.255	88.470	5
2026-07-20 10:40	88.465	88.535	88.335	88.450	5
2026-07-20 10:45	88.435	88.590	88.388	88.575	5
2026-07-20 10:50	88.570	88.575	88.358	88.410	5
2026-07-20 10:55	88.420	88.425	88.268	88.290	5
2026-07-20 11:00	88.280	88.280	88.048	88.160	5
2026-07-20 11:05	88.170	88.380	88.143	88.370	5
2026-07-20 11:10	88.375	88.465	88.315	88.460	5
2026-07-20 11:15	88.455	88.490	88.300	88.320	5
2026-07-20 11:20	88.300	88.310	88.190	88.260	5
2026-07-20 11:25	88.275	88.320	88.220	88.265	5
2026-07-20 11:30	88.260	88.280	86.540	86.595	9
2026-07-20 11:35	86.590	86.780	86.275	86.350	5
2026-07-20 11:40	86.365	86.480	86.108	86.360	5
2026-07-20 11:45	86.370	86.930	86.283	86.930	5
2026-07-20 11:50	86.935	87.190	86.918	87.040	5
2026-07-20 11:55	87.045	87.155	86.850	86.920	5
2026-07-20 12:00	86.900	88.440	86.890	88.145	5
2026-07-20 12:05	88.140	88.430	88.000	88.340	5
2026-07-20 12:10	88.350	88.475	88.040	88.190	5
2026-07-20 12:15	88.163	88.405	88.145	88.350	5
2026-07-20 12:20	88.330	88.530	88.280	88.490	5
2026-07-20 12:25	88.510	88.605	88.338	88.460	5
2026-07-20 12:30	88.470	88.700	88.390	88.570	5
2026-07-20 12:35	88.565	88.600	88.288	88.535	5
2026-07-20 12:40	88.550	88.720	88.485	88.610	5
2026-07-20 12:45	88.615	88.640	88.130	88.280	5
2026-07-20 12:50	88.290	88.705	88.290	88.700	5
2026-07-20 12:55	88.715	88.770	88.495	88.510	5
2026-07-20 13:00	88.518	88.615	88.150	88.190	5
2026-07-20 13:05	88.185	88.330	88.080	88.250	5
2026-07-20 13:10	88.260	88.265	87.943	88.205	5
2026-07-20 13:15	88.190	88.200	87.867	88.050	5
2026-07-20 13:20	88.008	88.100	87.730	87.735	5
2026-07-20 13:25	87.740	87.800	87.513	87.770	5
2026-07-20 13:30	87.765	87.960	87.650	87.660	5
2026-07-20 13:35	87.665	87.765	87.613	87.690	5
2026-07-20 13:40	87.700	87.935	87.625	87.860	5
2026-07-20 13:45	87.850	88.020	87.780	87.950	5
2026-07-20 13:50	87.930	88.190	87.880	88.140	5
2026-07-20 13:55	88.145	88.170	87.963	88.115	5
2026-07-20 14:00	88.110	88.230	87.910	88.145	5
2026-07-20 14:05	88.150	88.215	88.020	88.110	5
2026-07-20 14:10	88.115	88.320	88.110	88.300	5
2026-07-20 14:15	88.285	88.345	87.930	88.000	5
2026-07-20 14:20	88.010	88.165	87.958	87.985	5
2026-07-20 14:25	87.990	87.995	87.765	87.880	5
2026-07-20 14:30	87.890	88.020	87.795	87.810	5
2026-07-20 14:35	87.800	87.930	87.690	87.730	5
2026-07-20 14:40	87.740	87.855	87.683	87.855	5
2026-07-20 14:45	87.850	88.100	87.820	88.090	5
2026-07-20 14:50	88.110	88.380	88.090	88.205	5
2026-07-20 14:55	88.200	88.540	88.188	88.380	5
2026-07-20 15:00	88.400	88.470	87.985	88.055	5
2026-07-20 15:05	88.050	88.210	87.368	87.620	5
2026-07-20 15:10	87.630	88.005	87.588	87.920	5
2026-07-20 15:15	87.925	88.110	87.800	88.100	5
2026-07-20 15:20	88.105	88.265	88.008	88.040	5
2026-07-20 15:25	88.045	88.050	87.820	87.820	5
2026-07-20 15:30	87.825	88.090	87.633	88.090	5
2026-07-20 15:35	88.085	88.160	88.000	88.090	5
2026-07-20 15:40	88.085	88.210	88.018	88.040	5
2026-07-20 15:45	88.035	88.190	88.010	88.090	5
2026-07-20 15:50	88.100	88.120	88.000	88.095	5
2026-07-20 15:55	88.105	88.140	88.010	88.130	5
2026-07-20 16:00	88.135	88.145	87.850	87.900	5
2026-07-20 16:05	87.870	87.880	87.690	87.860	5
2026-07-20 16:10	87.870	88.000	87.840	87.950	5
2026-07-20 16:15	87.955	88.105	87.913	88.010	5
2026-07-20 16:20	87.968	88.090	87.860	88.080	5
2026-07-20 16:25	88.090	88.225	88.080	88.205	5
2026-07-20 16:30	88.210	88.605	88.205	88.435	5
2026-07-20 16:35	88.445	88.475	88.303	88.355	5
2026-07-20 16:40	88.365	88.835	88.345	88.530	5
2026-07-20 16:45	88.525	88.530	88.170	88.200	5
2026-07-20 16:50	88.205	88.535	88.163	88.520	5
2026-07-20 16:55	88.525	88.680	88.520	88.590	5
2026-07-20 17:00	88.605	88.615	88.450	88.520	5
2026-07-20 17:05	88.515	88.575	88.370	88.390	5
2026-07-20 17:10	88.385	88.550	88.350	88.485	5
2026-07-20 17:15	88.490	88.530	88.415	88.455	5
2026-07-20 17:20	88.450	88.585	88.445	88.545	5
2026-07-20 17:25	88.550	88.600	88.405	88.425	5
2026-07-20 17:30	88.440	88.820	88.440	88.800	5
2026-07-20 17:35	88.805	88.975	88.788	88.925	5
2026-07-20 17:40	88.935	88.940	88.753	88.825	5
2026-07-20 17:45	88.820	89.055	88.785	89.040	5
2026-07-20 17:50	89.065	89.080	88.793	88.880	5
2026-07-20 17:55	88.843	89.170	88.783	89.000	5
2026-07-20 18:00	89.030	89.030	88.755	88.940	5
2026-07-20 18:05	88.955	88.960	88.720	88.770	5
2026-07-20 18:10	88.775	88.890	88.730	88.790	5
2026-07-20 18:15	88.800	88.960	88.778	88.945	5
2026-07-20 18:20	88.955	89.220	88.930	89.220	5
2026-07-20 18:25	89.225	89.300	89.053	89.285	5
2026-07-20 18:30	89.258	89.490	89.258	89.430	5
2026-07-20 18:35	89.435	89.440	89.283	89.325	5
2026-07-20 18:40	89.330	89.565	89.325	89.560	5
2026-07-20 18:45	89.570	89.685	89.510	89.685	5
2026-07-20 18:50	89.675	89.725	89.320	89.365	5
2026-07-20 18:55	89.370	89.490	89.370	89.400	5
2026-07-20 19:00	89.410	89.480	89.395	89.440	5
2026-07-20 19:05	89.445	89.470	89.290	89.390	5
2026-07-20 19:10	89.400	89.425	89.290	89.330	5
2026-07-20 19:15	89.335	89.370	89.248	89.300	5
2026-07-20 19:20	89.305	89.315	89.223	89.250	5
2026-07-20 19:25	89.245	89.305	88.863	89.020	5
2026-07-20 19:30	89.000	89.100	88.680	88.690	5
2026-07-20 19:35	88.675	88.990	88.675	88.940	5
2026-07-20 19:40	88.950	89.000	88.870	88.910	5
2026-07-20 19:45	88.900	88.995	88.830	88.910	5
2026-07-20 19:50	88.915	88.990	88.850	88.870	5
2026-07-20 19:55	88.865	89.000	88.853	88.895	5
2026-07-20 20:00	88.900	88.910	88.807	88.842	5
2026-07-20 20:05	88.837	88.927	88.822	88.897	5
2026-07-20 20:10	88.877	88.887	88.802	88.837	5
2026-07-20 20:15	88.842	88.932	88.842	88.897	5
2026-07-20 20:20	88.892	88.932	88.827	88.872	5
2026-07-20 20:25	88.877	88.967	88.877	88.907	5
2026-07-20 20:30	88.917	88.972	88.907	88.917	5
2026-07-20 20:35	88.922	88.962	88.907	88.918	5
2026-07-20 20:40	88.913	88.942	88.892	88.907	5
2026-07-20 20:45	88.912	88.927	88.823	88.912	5
2026-07-20 20:50	88.897	88.932	88.862	88.907	5
2026-07-20 20:55	88.917	88.932	88.877	88.897	5
2026-07-21 00:00	88.917	88.927	88.817	88.850	5
2026-07-21 00:05	88.855	88.910	88.760	88.790	5
2026-07-21 00:10	88.780	88.890	88.775	88.860	5
2026-07-21 00:15	88.865	88.935	88.800	88.820	5
2026-07-21 00:20	88.825	88.890	88.820	88.880	5
2026-07-21 00:25	88.870	88.965	88.870	88.955	5
2026-07-21 00:30	88.950	88.965	88.863	88.910	5
2026-07-21 00:35	88.915	88.920	88.800	88.840	5
2026-07-21 00:40	88.850	88.875	88.830	88.870	5
2026-07-21 00:45	88.860	88.875	88.823	88.860	5
2026-07-21 00:50	88.865	88.875	88.810	88.820	5
2026-07-21 00:55	88.830	88.930	88.820	88.905	4
2026-07-21 01:00	88.930	88.930	88.545	88.555	5
2026-07-21 01:05	88.565	88.585	88.450	88.570	5
2026-07-21 01:10	88.560	88.560	88.405	88.510	5
2026-07-21 01:15	88.505	88.505	88.275	88.385	5
2026-07-21 01:20	88.390	88.530	88.390	88.430	5
2026-07-21 01:25	88.440	88.500	88.390	88.440	5
2026-07-21 01:30	88.430	88.470	88.390	88.470	5
2026-07-21 01:35	88.475	88.650	88.475	88.510	5
2026-07-21 01:40	88.520	88.620	88.510	88.515	5
2026-07-21 01:45	88.520	88.615	88.510	88.580	5
2026-07-21 01:50	88.585	88.720	88.570	88.605	5
2026-07-21 01:55	88.600	88.775	88.590	88.720	5
2026-07-21 02:00	88.730	88.730	88.610	88.680	5
2026-07-21 02:05	88.675	88.690	88.555	88.585	5
2026-07-21 02:10	88.590	88.625	88.510	88.620	5
2026-07-21 02:15	88.625	88.685	88.600	88.600	5
2026-07-21 02:20	88.590	88.610	88.570	88.595	5
2026-07-21 02:25	88.590	88.705	88.575	88.670	5
2026-07-21 02:30	88.665	88.700	88.620	88.670	5
2026-07-21 02:35	88.665	88.775	88.650	88.765	5
2026-07-21 02:40	88.760	88.825	88.720	88.790	5
2026-07-21 02:45	88.800	88.860	88.730	88.740	5
2026-07-21 02:50	88.735	88.760	88.570	88.580	5
2026-07-21 02:55	88.570	88.570	88.455	88.510	5
2026-07-21 03:00	88.505	88.610	88.435	88.590	5
2026-07-21 03:05	88.580	88.685	88.570	88.680	5
2026-07-21 03:10	88.685	88.750	88.655	88.730	5
2026-07-21 03:15	88.725	88.740	88.660	88.670	5
2026-07-21 03:20	88.675	88.685	88.590	88.650	5
2026-07-21 03:25	88.660	88.670	88.610	88.660	5
2026-07-21 03:30	88.650	88.650	88.515	88.570	5
2026-07-21 03:35	88.575	88.625	88.565	88.620	5
2026-07-21 03:40	88.625	88.650	88.595	88.610	5
2026-07-21 03:45	88.600	88.640	88.580	88.640	5
2026-07-21 03:50	88.645	88.720	88.543	88.580	5
2026-07-21 03:55	88.570	88.590	88.520	88.550	5
2026-07-21 04:00	88.545	88.550	88.440	88.445	5
2026-07-21 04:05	88.450	88.455	88.290	88.450	5
2026-07-21 04:10	88.455	88.475	88.410	88.410	5
2026-07-21 04:15	88.420	88.485	88.410	88.480	5
2026-07-21 04:20	88.475	88.515	88.450	88.480	5
2026-07-21 04:25	88.485	88.540	88.485	88.500	5
2026-07-21 04:30	88.510	88.585	88.510	88.533	5
2026-07-21 04:35	88.590	88.595	88.460	88.470	5
2026-07-21 04:40	88.480	88.505	88.470	88.500	5
2026-07-21 04:45	88.510	88.510	88.475	88.480	5
2026-07-21 04:50	88.485	88.490	88.435	88.450	5
2026-07-21 04:55	88.455	88.505	88.440	88.500	5
2026-07-21 05:00	88.505	88.610	88.455	88.605	5
2026-07-21 05:05	88.610	88.720	88.585	88.720	5
2026-07-21 05:10	88.725	88.755	88.630	88.640	5
2026-07-21 05:15	88.645	88.645	88.585	88.600	5
2026-07-21 05:20	88.595	88.670	88.595	88.650	5
2026-07-21 05:25	88.660	88.690	88.610	88.655	5
2026-07-21 05:30	88.660	88.670	88.543	88.620	5
2026-07-21 05:35	88.630	88.665	88.565	88.580	5
2026-07-21 05:40	88.575	88.580	88.320	88.395	5
2026-07-21 05:45	88.400	88.485	88.200	88.210	5
2026-07-21 05:50	88.215	88.240	88.095	88.180	5
2026-07-21 05:55	88.175	88.370	88.100	88.350	5
2026-07-21 06:00	88.390	88.420	88.308	88.330	5
2026-07-21 06:05	88.340	88.435	88.340	88.395	5
2026-07-21 06:10	88.400	88.580	88.385	88.470	5
2026-07-21 06:15	88.475	88.480	88.300	88.410	5
2026-07-21 06:20	88.400	88.440	88.330	88.400	5
2026-07-21 06:25	88.395	88.400	88.240	88.250	5
2026-07-21 06:30	88.240	88.415	88.210	88.395	5
2026-07-21 06:35	88.385	88.420	88.290	88.370	5
2026-07-21 06:40	88.375	88.445	88.365	88.380	5
2026-07-21 06:45	88.385	88.560	88.385	88.440	5
2026-07-21 06:50	88.445	88.525	88.385	88.460	5
2026-07-21 06:55	88.455	88.685	88.448	88.680	5
2026-07-21 07:00	88.683	88.775	88.635	88.775	5
2026-07-21 07:05	88.795	88.870	88.765	88.865	5
2026-07-21 07:10	88.875	89.110	88.835	89.025	5
2026-07-21 07:15	89.030	89.250	88.998	89.180	5
2026-07-21 07:20	89.175	89.250	89.130	89.250	5
2026-07-21 07:25	89.245	89.320	89.170	89.300	5
2026-07-21 07:30	89.290	89.425	88.853	88.895	5
2026-07-21 07:35	88.900	88.900	88.670	88.760	5
2026-07-21 07:40	88.750	88.775	88.473	88.590	5
2026-07-21 07:45	88.575	88.590	88.353	88.440	5
2026-07-21 07:50	88.435	88.680	88.390	88.420	5
2026-07-21 07:55	88.415	88.430	88.295	88.310	5
2026-07-21 08:00	88.320	88.405	88.050	88.075	5
2026-07-21 08:05	88.090	88.110	87.833	88.015	5
2026-07-21 08:10	88.020	88.130	87.855	87.990	5
2026-07-21 08:15	87.995	88.225	87.880	88.160	5
2026-07-21 08:20	88.165	88.325	88.113	88.260	5
2026-07-21 08:25	88.270	88.620	88.113	88.470	5
2026-07-21 08:30	88.445	88.740	88.423	88.570	5
2026-07-21 08:35	88.550	88.590	88.420	88.555	5
2026-07-21 08:40	88.550	88.575	88.423	88.440	5
2026-07-21 08:45	88.445	88.830	88.445	88.705	5
2026-07-21 08:50	88.710	88.965	88.663	88.790	5
2026-07-21 08:55	88.785	88.800	88.538	88.745	5
2026-07-21 09:00	88.760	88.830	88.558	88.570	5
2026-07-21 09:05	88.575	88.655	88.513	88.640	5
2026-07-21 09:10	88.645	88.720	88.570	88.670	5
2026-07-21 09:15	88.675	88.820	88.660	88.755	5
2026-07-21 09:20	88.760	89.010	88.630	88.970	5
2026-07-21 09:25	88.980	89.575	88.975	89.550	5
2026-07-21 09:30	89.565	89.680	89.285	89.355	5
2026-07-21 09:35	89.360	89.675	89.355	89.610	5
2026-07-21 09:40	89.568	89.730	89.535	89.705	5
2026-07-21 09:45	89.710	89.750	89.535	89.535	5
2026-07-21 09:50	89.530	89.920	89.530	89.870	5
2026-07-21 09:55	89.875	90.035	89.783	89.945	5
2026-07-21 10:00	89.950	89.950	89.535	89.700	5
2026-07-21 10:05	89.685	89.805	89.628	89.800	5
2026-07-21 10:10	89.805	89.815	88.918	89.360	5
2026-07-21 10:15	89.365	89.705	89.360	89.690	5
2026-07-21 10:20	89.695	89.740	89.550	89.695	5
2026-07-21 10:25	89.700	89.740	89.530	89.620	5
2026-07-21 10:30	89.625	89.645	89.525	89.580	5
2026-07-21 10:35	89.585	89.650	89.390	89.640	5
2026-07-21 10:40	89.650	89.710	89.565	89.640	5
2026-07-21 10:45	89.645	90.000	89.645	89.940	5
2026-07-21 10:50	89.945	90.125	89.875	89.980	5
2026-07-21 10:55	89.985	90.115	89.918	90.095	5
2026-07-21 11:00	90.105	90.280	90.050	90.190	5
2026-07-21 11:05	90.185	90.370	90.028	90.310	5
2026-07-21 11:10	90.315	90.375	90.173	90.320	5
2026-07-21 11:15	90.300	90.465	90.275	90.465	5
2026-07-21 11:20	90.450	90.495	90.370	90.385	5
2026-07-21 11:25	90.390	90.475	90.250	90.400	5
2026-07-21 11:30	90.420	90.450	90.227	90.390	5
2026-07-21 11:35	90.395	90.550	90.248	90.550	5
2026-07-21 11:40	90.545	90.750	90.493	90.565	5
2026-07-21 11:45	90.570	90.720	90.528	90.675	5
2026-07-21 11:50	90.690	90.865	90.645	90.800	5
2026-07-21 11:55	90.805	90.820	90.695	90.705	5
2026-07-21 12:00	90.685	90.690	90.293	90.300	5
2026-07-21 12:05	90.305	90.385	90.160	90.290	5
2026-07-21 12:10	90.295	90.395	90.178	90.355	5
2026-07-21 12:15	90.360	90.780	90.330	90.640	5
2026-07-21 12:20	90.650	90.800	90.580	90.590	5
2026-07-21 12:25	90.600	90.945	90.580	90.890	5
2026-07-21 12:30	90.900	90.965	90.750	90.780	5
2026-07-21 12:35	90.790	90.890	90.758	90.760	5
2026-07-21 12:40	90.770	91.210	90.760	90.845	5
2026-07-21 12:45	90.850	90.890	90.578	90.695	5
2026-07-21 12:50	90.700	90.935	90.690	90.750	5
2026-07-21 12:55	90.740	90.900	90.740	90.850	5
2026-07-21 13:00	90.867	91.150	90.843	91.090	5
2026-07-21 13:05	91.080	91.225	90.890	91.225	5
2026-07-21 13:10	91.220	91.225	90.910	90.970	5
2026-07-21 13:15	90.975	90.990	90.760	90.790	5
2026-07-21 13:20	90.785	91.015	90.748	90.960	5
2026-07-21 13:25	90.950	91.200	90.843	91.155	5
2026-07-21 13:30	91.160	91.385	90.925	91.020	5
2026-07-21 13:35	91.025	91.235	90.900	91.180	5
2026-07-21 13:40	91.190	91.530	91.150	91.430	5
2026-07-21 13:45	91.435	91.495	91.318	91.395	5
2026-07-21 13:50	91.410	91.415	91.093	91.190	5
2026-07-21 13:55	91.170	91.240	91.043	91.125	5
2026-07-21 14:00	91.110	91.175	90.963	91.025	5
2026-07-21 14:05	91.015	91.360	90.995	91.320	5
2026-07-21 14:10	91.325	91.465	91.260	91.375	5
2026-07-21 14:15	91.365	91.545	91.295	91.300	5
2026-07-21 14:20	91.305	91.340	91.135	91.290	5
2026-07-21 14:25	91.295	91.615	91.255	91.520	5
2026-07-21 14:30	91.530	91.865	91.438	91.855	5
2026-07-21 14:35	91.860	91.960	91.665	91.770	5
2026-07-21 14:40	91.775	91.780	91.365	91.410	5
2026-07-21 14:45	91.400	91.405	90.868	91.330	5
2026-07-21 14:50	91.325	91.460	91.225	91.230	5
2026-07-21 14:55	91.240	91.605	91.113	91.585	5
2026-07-21 15:00	91.590	91.695	91.458	91.670	5
2026-07-21 15:05	91.675	91.720	91.463	91.505	5
2026-07-21 15:10	91.495	91.505	91.050	91.070	5
2026-07-21 15:15	91.060	91.190	90.915	90.955	5
2026-07-21 15:20	90.975	91.315	90.648	91.270	5
2026-07-21 15:25	91.280	91.520	91.200	91.475	5
2026-07-21 15:30	91.455	91.600	91.233	91.265	5
2026-07-21 15:35	91.275	91.470	91.220	91.430	5
2026-07-21 15:40	91.435	91.640	91.348	91.600	5
2026-07-21 15:45	91.595	91.650	91.470	91.515	5
2026-07-21 15:50	91.520	91.535	91.345	91.455	5
2026-07-21 15:55	91.460	91.580	91.375	91.375	5
2026-07-21 16:00	91.370	91.410	91.095	91.095	5
2026-07-21 16:05	91.105	91.125	90.935	90.995	5
2026-07-21 16:10	90.990	91.050	90.853	91.040	5
2026-07-21 16:15	91.035	91.120	91.000	91.015	5
2026-07-21 16:20	91.020	91.025	90.935	90.970	5
2026-07-21 16:25	90.965	91.210	90.883	91.065	5
2026-07-21 16:30	91.080	91.080	90.958	91.010	5
2026-07-21 16:35	91.000	91.185	90.980	91.160	5
2026-07-21 16:40	91.165	91.335	91.073	91.320	5
2026-07-21 16:45	91.325	91.390	91.270	91.290	5
2026-07-21 16:50	91.285	91.340	91.185	91.185	5
2026-07-21 16:55	91.195	91.250	91.140	91.200	5
2026-07-21 17:00	91.205	91.310	91.135	91.220	5
2026-07-21 17:05	91.225	91.240	91.100	91.140	5
2026-07-21 17:10	91.150	91.240	90.800	90.870	5
2026-07-21 17:15	90.880	91.085	90.870	91.070	5
2026-07-21 17:20	91.085	91.110	90.985	90.985	5
2026-07-21 17:25	90.970	91.045	90.933	90.990	5
2026-07-21 17:30	90.985	91.200	90.985	91.145	5
2026-07-21 17:35	91.150	91.225	91.083	91.135	5
2026-07-21 17:40	91.125	91.235	91.100	91.160	5
2026-07-21 17:45	91.155	91.225	91.000	91.055	5
2026-07-21 17:50	91.050	91.145	90.970	91.120	5
2026-07-21 17:55	91.110	91.155	91.060	91.100	5
2026-07-21 18:00	91.090	91.100	90.855	90.895	5
2026-07-21 18:05	90.900	90.955	90.583	90.760	5
2026-07-21 18:10	90.755	90.890	90.683	90.880	5
2026-07-21 18:15	90.875	90.970	90.825	90.955	5
2026-07-21 18:20	90.950	90.970	90.795	90.915	5
2026-07-21 18:25	90.925	91.055	90.883	91.025	5
2026-07-21 18:30	91.035	91.185	91.020	91.020	5
2026-07-21 18:35	91.030	91.035	90.885	90.930	5
2026-07-21 18:40	90.925	90.925	90.780	90.825	5
2026-07-21 18:45	90.835	91.030	90.793	90.990	5
2026-07-21 18:50	90.995	91.155	90.990	91.135	5
2026-07-21 18:55	91.130	91.200	91.090	91.190	5
2026-07-21 19:00	91.200	91.280	91.130	91.200	5
2026-07-21 19:05	91.205	91.270	91.155	91.255	5
2026-07-21 19:10	91.250	91.380	91.228	91.350	5
2026-07-21 19:15	91.345	91.360	91.290	91.305	5
2026-07-21 19:20	91.315	91.315	91.230	91.275	5
2026-07-21 19:25	91.270	91.405	91.238	91.390	5
2026-07-21 19:30	91.385	91.390	91.270	91.305	5
2026-07-21 19:35	91.300	91.465	91.300	91.465	5
2026-07-21 19:40	91.455	91.465	91.395	91.440	5
2026-07-21 19:45	91.430	91.545	91.430	91.495	5
2026-07-21 19:50	91.505	91.505	91.378	91.450	5
2026-07-21 19:55	91.455	91.480	91.420	91.420	5
2026-07-21 20:00	91.425	91.472	91.337	91.347	5
2026-07-21 20:05	91.357	91.382	91.332	91.337	5
2026-07-21 20:10	91.327	91.367	91.277	91.322	5
2026-07-21 20:15	91.317	91.352	91.277	91.302	5
2026-07-21 20:20	91.317	91.372	91.278	91.337	5
2026-07-21 20:25	91.332	91.372	91.307	91.317	5
2026-07-21 20:30	91.312	91.367	91.207	91.232	5
2026-07-21 20:35	91.222	91.282	91.187	91.217	5
2026-07-21 20:40	91.222	91.257	91.147	91.192	5
2026-07-21 20:45	91.197	91.272	91.167	91.272	5
2026-07-21 20:50	91.277	91.372	91.277	91.362	5
2026-07-21 20:55	91.367	91.427	91.362	91.397	5
2026-07-22 00:00	91.447	91.505	91.363	91.490	5
2026-07-22 00:05	91.480	91.545	91.383	91.530	5
2026-07-22 00:10	91.535	91.590	91.500	91.520	5
2026-07-22 00:15	91.525	91.580	91.475	91.500	5
2026-07-22 00:20	91.495	91.570	91.475	91.570	5
2026-07-22 00:25	91.550	91.570	91.490	91.545	5
2026-07-22 00:30	91.535	91.540	91.443	91.535	5
2026-07-22 00:35	91.530	91.540	91.297	91.440	5
2026-07-22 00:40	91.430	91.540	91.430	91.515	5
2026-07-22 00:45	91.525	91.525	91.445	91.460	5
2026-07-22 00:50	91.480	91.525	91.460	91.520	5
2026-07-22 00:55	91.525	91.680	91.490	91.490	5
2026-07-22 01:00	91.485	92.002	91.390	91.965	5
2026-07-22 01:05	91.970	92.020	91.815	91.870	5
2026-07-22 01:10	91.823	92.135	91.780	92.090	5
2026-07-22 01:15	92.095	92.155	92.040	92.080	5
2026-07-22 01:20	92.070	92.660	92.055	92.625	5
2026-07-22 01:25	92.635	92.635	92.345	92.405	5
2026-07-22 01:30	92.400	92.570	92.370	92.430	5
2026-07-22 01:35	92.425	92.540	92.410	92.460	5
2026-07-22 01:40	92.450	92.620	92.450	92.520	5
2026-07-22 01:45	92.540	92.570	92.360	92.400	5
2026-07-22 01:50	92.395	92.610	92.380	92.505	5
2026-07-22 01:55	92.530	92.530	92.400	92.475	5
2026-07-22 02:00	92.470	92.560	92.323	92.430	5
2026-07-22 02:05	92.435	92.530	92.350	92.370	5
2026-07-22 02:10	92.390	92.390	92.155	92.180	5
2026-07-22 02:15	92.195	92.200	92.075	92.105	5
2026-07-22 02:20	92.100	92.135	92.070	92.110	5
2026-07-22 02:25	92.100	92.155	92.065	92.140	5
2026-07-22 02:30	92.145	92.150	91.933	91.985	5
2026-07-22 02:35	91.975	92.010	91.905	91.955	5
2026-07-22 02:40	91.950	91.950	91.720	91.845	5
2026-07-22 02:45	91.850	92.010	91.820	92.005	5
2026-07-22 02:50	91.995	92.050	91.950	92.015	5
2026-07-22 02:55	92.025	92.080	91.850	91.865	5
2026-07-22 03:00	91.880	91.965	91.850	91.965	5
2026-07-22 03:05	91.960	92.110	91.905	92.035	5
2026-07-22 03:10	92.045	92.045	91.970	92.035	5
2026-07-22 03:15	92.030	92.085	91.953	92.075	5
2026-07-22 03:20	92.080	92.095	91.985	92.010	5
2026-07-22 03:25	91.990	92.010	91.920	92.000	5
2026-07-22 03:30	92.005	92.080	91.968	92.035	5
2026-07-22 03:35	92.030	92.080	92.030	92.045	5
2026-07-22 03:40	92.040	92.055	92.000	92.010	5
2026-07-22 03:45	91.963	92.130	91.963	92.110	5
2026-07-22 03:50	92.115	92.130	92.075	92.120	5
2026-07-22 03:55	92.115	92.185	92.068	92.180	5
2026-07-22 04:00	92.195	92.205	92.085	92.115	5
2026-07-22 04:05	92.110	92.110	92.060	92.110	5
2026-07-22 04:10	92.105	92.210	92.100	92.210	5
2026-07-22 04:15	92.200	92.275	92.180	92.275	5
2026-07-22 04:20	92.280	92.290	92.240	92.245	5
2026-07-22 04:25	92.240	92.240	92.113	92.130	5
2026-07-22 04:30	92.135	92.220	92.110	92.200	5
2026-07-22 04:35	92.205	92.265	92.190	92.250	5
2026-07-22 04:40	92.255	92.315	92.235	92.255	5
2026-07-22 04:45	92.260	92.290	92.210	92.225	5
2026-07-22 04:50	92.220	92.275	92.220	92.235	5
2026-07-22 04:55	92.230	92.285	92.200	92.250	5
2026-07-22 05:00	92.240	92.300	92.230	92.250	5
2026-07-22 05:05	92.260	92.290	92.203	92.270	5
2026-07-22 05:10	92.260	92.380	92.240	92.380	5
2026-07-22 05:15	92.397	92.420	92.300	92.350	5
2026-07-22 05:20	92.360	92.370	92.230	92.240	5
2026-07-22 05:25	92.260	92.300	92.180	92.220	5
2026-07-22 05:30	92.235	92.280	92.140	92.150	5
2026-07-22 05:35	92.160	92.260	91.935	92.020	5
2026-07-22 05:40	92.015	92.055	91.930	91.950	5
2026-07-22 05:45	91.965	91.975	91.840	91.955	5
2026-07-22 05:50	91.960	92.010	91.885	91.885	5
2026-07-22 05:55	91.880	92.030	91.845	91.975	5
2026-07-22 06:00	91.988	92.155	91.870	92.150	5
2026-07-22 06:05	92.155	92.240	92.008	92.190	5
2026-07-22 06:10	92.195	92.195	92.078	92.150	5
2026-07-22 06:15	92.155	92.700	92.140	92.645	5
2026-07-22 06:20	92.650	92.915	92.610	92.885	5
2026-07-22 06:25	92.890	92.975	92.800	92.845	5
2026-07-22 06:30	92.840	92.890	92.780	92.830	5
2026-07-22 06:35	92.835	92.885	92.720	92.870	5
2026-07-22 06:40	92.875	92.950	92.795	92.830	5
2026-07-22 06:45	92.840	93.200	92.835	93.155	5
2026-07-22 06:50	93.165	93.215	92.893	93.060	5
2026-07-22 06:55	93.050	93.110	92.930	92.940	5
2026-07-22 07:00	92.950	93.435	92.930	93.320	5
2026-07-22 07:05	93.325	93.530	93.295	93.485	5
2026-07-22 07:10	93.490	93.505	93.218	93.290	5
2026-07-22 07:15	93.280	93.340	93.108	93.320	5
2026-07-22 07:20	93.330	93.505	93.258	93.395	5
2026-07-22 07:25	93.390	93.600	93.303	93.550	5
2026-07-22 07:30	93.555	93.845	93.525	93.825	5
2026-07-22 07:35	93.830	94.640	93.805	94.640	5
2026-07-22 07:40	94.630	94.730	94.410	94.420	5
2026-07-22 07:45	94.410	94.700	94.338	94.670	5
2026-07-22 07:50	94.660	94.715	94.310	94.390	5
2026-07-22 07:55	94.395	94.530	94.188	94.440	5
2026-07-22 08:00	94.460	94.470	93.960	93.960	5
2026-07-22 08:05	93.950	94.090	93.805	93.835	5
2026-07-22 08:10	93.830	94.200	93.815	94.040	5
2026-07-22 08:15	94.045	94.075	93.850	93.860	5
2026-07-22 08:20	93.850	93.905	93.670	93.770	5
2026-07-22 08:25	93.780	94.075	93.720	93.940	5
2026-07-22 08:30	93.918	94.040	93.793	93.855	5
2026-07-22 08:35	93.845	93.980	93.680	93.980	5
2026-07-22 08:40	93.970	94.230	93.868	94.180	5
2026-07-22 08:45	94.175	94.430	94.140	94.340	5
2026-07-22 08:50	94.335	94.420	94.098	94.295	5
2026-07-22 08:55	94.300	94.545	94.248	94.290	5
2026-07-22 09:00	94.275	94.415	94.110	94.140	5
2026-07-22 09:05	94.145	94.440	93.978	94.410	5
2026-07-22 09:10	94.400	94.605	94.338	94.570	5
2026-07-22 09:15	94.555	94.735	94.553	94.700	5
2026-07-22 09:20	94.705	94.785	94.570	94.570	5
2026-07-22 09:25	94.580	94.780	94.530	94.780	5
2026-07-22 09:30	94.788	95.160	94.788	95.130	5
2026-07-22 09:35	95.125	95.190	94.715	94.850	5
2026-07-22 09:40	94.870	94.945	94.640	94.885	5
2026-07-22 09:45	94.890	95.130	94.785	95.070	5
2026-07-22 09:50	95.075	95.445	95.075	95.330	5
2026-07-22 09:55	95.340	95.445	95.240	95.330	5
2026-07-22 10:00	95.335	95.350	94.950	95.000	5
2026-07-22 10:05	95.010	95.015	94.788	94.895	5
2026-07-22 10:10	94.880	94.900	94.700	94.740	5
2026-07-22 10:15	94.750	94.750	94.180	94.350	5
2026-07-22 10:20	94.335	94.335	93.680	93.820	5
2026-07-22 10:25	93.815	93.890	93.633	93.750	5
2026-07-22 10:30	93.765	94.075	93.713	94.010	5
2026-07-22 10:35	94.015	94.177	93.898	94.100	5
2026-07-22 10:40	94.120	94.400	94.090	94.400	5
2026-07-22 10:45	94.405	94.520	94.120	94.120	5
2026-07-22 10:50	94.105	94.295	94.105	94.170	5
2026-07-22 10:55	94.160	94.270	94.040	94.230	5
2026-07-22 11:00	94.250	94.600	94.250	94.440	5
2026-07-22 11:05	94.450	94.520	94.290	94.300	5
2026-07-22 11:10	94.310	94.475	94.295	94.340	5
2026-07-22 11:15	94.350	94.580	94.330	94.545	5
2026-07-22 11:20	94.530	94.540	94.400	94.450	5
2026-07-22 11:25	94.455	94.610	94.450	94.580	5
2026-07-22 11:30	94.585	94.635	94.285	94.290	5
2026-07-22 11:35	94.280	94.390	94.148	94.380	5
2026-07-22 11:40	94.385	95.085	94.385	94.770	5
2026-07-22 11:45	94.790	94.810	94.350	94.390	5
2026-07-22 11:50	94.395	94.640	94.323	94.380	5
2026-07-22 11:55	94.375	94.567	94.275	94.535	5
2026-07-22 12:00	94.540	94.740	94.460	94.700	5
2026-07-22 12:05	94.705	94.710	94.370	94.485	5
2026-07-22 12:10	94.500	94.530	94.285	94.285	5
2026-07-22 12:15	94.240	94.385	94.170	94.273	5
2026-07-22 12:20	94.265	94.390	94.203	94.245	5
2026-07-22 12:25	94.240	94.310	93.900	93.930	5
2026-07-22 12:30	93.915	93.950	93.820	93.890	5
2026-07-22 12:35	93.905	93.950	93.643	93.760	5
2026-07-22 12:40	93.770	93.900	93.603	93.900	5
2026-07-22 12:45	93.890	94.265	93.880	94.220	5
2026-07-22 12:50	94.245	94.245	93.900	93.980	5
2026-07-22 12:55	93.985	94.867	93.978	94.460	5
2026-07-22 13:00	94.470	94.470	94.078	94.310	5
2026-07-22 13:05	94.320	94.560	94.280	94.355	5
2026-07-22 13:10	94.345	94.395	94.068	94.115	5
2026-07-22 13:15	94.120	94.180	93.217	93.270	5
2026-07-22 13:20	93.257	93.595	93.200	93.345	5
2026-07-22 13:25	93.330	93.510	93.260	93.420	5
2026-07-22 13:30	93.385	93.480	93.150	93.150	5
2026-07-22 13:35	93.170	93.385	93.160	93.290	5
2026-07-22 13:40	93.295	93.745	93.295	93.730	5
2026-07-22 13:45	93.720	93.730	93.380	93.490	5
2026-07-22 13:50	93.480	93.590	93.400	93.570	5
2026-07-22 13:55	93.565	93.945	93.505	93.890	5
2026-07-22 14:00	93.905	93.940	93.673	93.710	5
2026-07-22 14:05	93.715	93.900	93.710	93.785	5
2026-07-22 14:10	93.790	94.180	93.785	94.160	5
2026-07-22 14:15	94.155	94.225	93.958	94.010	5
2026-07-22 14:20	94.020	94.160	94.003	94.140	5
2026-07-22 14:25	94.120	94.345	94.058	94.285	5
2026-07-22 14:30	94.275	94.305	94.028	94.230	5
2026-07-22 14:35	94.225	94.225	93.800	93.810	5
2026-07-22 14:40	93.800	93.895	93.608	93.680	5
2026-07-22 14:45	93.685	93.910	93.465	93.840	5
2026-07-22 14:50	93.850	93.995	93.750	93.910	5
2026-07-22 14:55	93.900	93.940	93.730	93.845	5
2026-07-22 15:00	93.860	94.020	93.768	93.860	5
2026-07-22 15:05	93.850	94.260	93.820	94.250	5
2026-07-22 15:10	94.260	94.400	94.055	94.060	5
2026-07-22 15:15	94.055	94.170	93.900	93.900	5
2026-07-22 15:20	93.875	93.965	93.710	93.770	5
2026-07-22 15:25	93.765	94.080	93.748	93.910	5
2026-07-22 15:30	93.925	93.990	93.663	93.770	5
2026-07-22 15:35	93.755	93.835	93.410	93.430	5
2026-07-22 15:40	93.410	93.490	93.193	93.225	5
2026-07-22 15:45	93.220	93.265	92.880	92.895	5
2026-07-22 15:50	92.900	93.030	92.768	93.030	5
2026-07-22 15:55	93.040	93.240	93.040	93.055	5
2026-07-22 16:00	93.050	93.150	92.985	93.030	5
2026-07-22 16:05	93.040	93.225	92.983	93.210	5
2026-07-22 16:10	93.205	93.535	93.185	93.445	5
2026-07-22 16:15	93.450	93.535	93.300	93.330	5
2026-07-22 16:20	93.340	93.520	93.340	93.500	5
2026-07-22 16:25	93.510	93.630	93.435	93.610	5
2026-07-22 16:30	93.605	93.690	93.585	93.655	5
2026-07-22 16:35	93.650	93.730	93.560	93.560	5
2026-07-22 16:40	93.555	93.560	93.445	93.495	5
2026-07-22 16:45	93.500	93.500	93.208	93.245	5
2026-07-22 16:50	93.250	93.410	93.195	93.260	5
2026-07-22 16:55	93.265	93.395	93.188	93.390	5
2026-07-22 17:00	93.420	93.670	93.385	93.640	5
2026-07-22 17:05	93.650	93.865	93.640	93.750	5
2026-07-22 17:10	93.745	93.890	93.673	93.885	5
2026-07-22 17:15	93.890	94.005	93.800	94.005	5
2026-07-22 17:20	94.010	94.150	93.980	94.120	5
2026-07-22 17:25	94.115	94.135	93.885	93.950	5
2026-07-22 17:30	93.945	94.015	93.868	93.990	5
2026-07-22 17:35	94.000	94.135	93.980	94.080	5
2026-07-22 17:40	94.070	94.160	94.000	94.020	5
2026-07-22 17:45	94.030	94.070	93.940	94.030	5
2026-07-22 17:50	94.035	94.110	94.020	94.030	5
2026-07-22 17:55	94.040	94.060	93.933	94.030	5
2026-07-22 18:00	94.040	94.190	93.965	94.180	5
2026-07-22 18:05	94.190	94.235	93.940	94.045	5
2026-07-22 18:10	94.060	94.070	93.875	94.000	5
2026-07-22 18:15	93.995	94.245	93.990	94.240	5
2026-07-22 18:20	94.230	94.300	94.135	94.195	5
2026-07-22 18:25	94.190	94.220	93.965	94.065	5
2026-07-22 18:30	94.070	94.260	94.065	94.170	5
2026-07-22 18:35	94.165	94.220	94.093	94.150	5
2026-07-22 18:40	94.160	94.305	94.160	94.255	5
2026-07-22 18:45	94.240	94.255	94.158	94.185	5
2026-07-22 18:50	94.195	94.290	94.133	94.290	5
2026-07-22 18:55	94.295	94.310	94.250	94.270	5
2026-07-22 19:00	94.275	94.350	94.260	94.295	5
2026-07-22 19:05	94.300	94.360	94.260	94.350	5
2026-07-22 19:10	94.345	94.375	94.278	94.370	5
2026-07-22 19:15	94.365	94.380	94.290	94.360	5
2026-07-22 19:20	94.365	94.365	94.250	94.315	5
2026-07-22 19:25	94.305	94.315	94.178	94.200	5
2026-07-22 19:30	94.195	94.220	94.135	94.135	5
2026-07-22 19:35	94.145	94.170	94.070	94.105	5
2026-07-22 19:40	94.090	94.100	93.990	94.020	5
2026-07-22 19:45	94.015	94.020	93.870	93.950	5
2026-07-22 19:50	93.945	93.990	93.788	93.890	5
2026-07-22 19:55	93.905	93.940	93.743	93.790	5
2026-07-22 20:00	93.795	93.800	93.552	93.577	5
2026-07-22 20:05	93.562	93.727	93.483	93.677	5
2026-07-22 20:10	93.672	93.757	93.633	93.737	5
2026-07-22 20:15	93.732	93.767	93.697	93.697	5
2026-07-22 20:20	93.692	93.772	93.687	93.737	5
2026-07-22 20:25	93.742	93.757	93.697	93.707	5
2026-07-22 20:30	93.712	93.872	93.667	93.867	5
2026-07-22 20:35	93.882	94.007	93.772	93.772	5
2026-07-22 20:40	93.767	93.892	93.742	93.872	5
2026-07-22 20:45	93.882	93.892	93.792	93.807	5
2026-07-22 20:50	93.817	93.852	93.752	93.777	5
2026-07-22 20:55	93.772	93.857	93.712	93.857	5
2026-07-23 00:00	95.033	95.470	94.813	95.387	5
2026-07-23 00:05	95.377	95.870	95.355	95.865	5
2026-07-23 00:10	95.870	96.070	95.845	95.875	5
2026-07-23 00:15	95.880	95.925	95.795	95.825	5
2026-07-23 00:20	95.815	95.890	95.475	95.625	5
2026-07-23 00:25	95.620	95.725	95.577	95.695	5
2026-07-23 00:30	95.700	95.795	95.625	95.675	5
2026-07-23 00:35	95.665	95.727	95.628	95.650	5
2026-07-23 00:40	95.660	95.805	95.560	95.675	5
2026-07-23 00:45	95.665	95.665	95.495	95.615	5
2026-07-23 00:50	95.630	95.645	95.385	95.390	5
2026-07-23 00:55	95.385	95.550	95.370	95.540	5
2026-07-23 01:00	95.530	95.705	95.335	95.565	5
2026-07-23 01:05	95.570	95.737	95.403	95.575	5
2026-07-23 01:10	95.570	95.575	95.423	95.560	5
2026-07-23 01:15	95.565	95.850	95.540	95.805	5
2026-07-23 01:20	95.825	96.100	95.795	96.070	5
2026-07-23 01:25	96.075	96.340	96.055	96.275	5
2026-07-23 01:30	96.265	96.400	95.838	95.940	5
2026-07-23 01:35	95.915	95.915	95.615	95.715	5
2026-07-23 01:40	95.695	95.745	95.595	95.660	5
2026-07-23 01:45	95.670	95.810	95.605	95.690	5
2026-07-23 01:50	95.710	95.930	95.690	95.895	5
2026-07-23 01:55	95.890	95.925	95.755	95.760	5
2026-07-23 02:00	95.765	95.865	95.735	95.805	5
2026-07-23 02:05	95.810	95.870	95.735	95.805	5
2026-07-23 02:10	95.810	95.950	95.745	95.780	5
2026-07-23 02:15	95.785	95.885	95.755	95.855	5
2026-07-23 02:20	95.860	95.920	95.830	95.870	5
2026-07-23 02:25	95.875	95.970	95.865	95.910	5
2026-07-23 02:30	95.930	95.950	95.725	95.925	5
2026-07-23 02:35	95.930	95.980	95.878	95.935	5
2026-07-23 02:40	95.940	96.050	95.940	96.010	5
2026-07-23 02:45	96.005	96.290	95.985	96.280	5
2026-07-23 02:50	96.270	96.285	96.145	96.205	5
2026-07-23 02:55	96.195	96.195	95.955	96.005	5
2026-07-23 03:00	96.010	96.095	95.938	96.020	5
2026-07-23 03:05	96.015	96.185	95.960	96.110	5
2026-07-23 03:10	96.115	96.305	96.110	96.305	5
2026-07-23 03:15	96.290	96.455	96.275	96.390	5
2026-07-23 03:20	96.385	96.435	96.320	96.330	5
2026-07-23 03:25	96.305	96.335	96.185	96.255	5
2026-07-23 03:30	96.260	96.290	96.200	96.205	5
2026-07-23 03:35	96.195	96.255	96.165	96.180	5
2026-07-23 03:40	96.175	96.240	96.130	96.135	5
2026-07-23 03:45	96.145	96.270	96.095	96.195	5
2026-07-23 03:50	96.200	96.250	96.170	96.220	5
2026-07-23 03:55	96.245	96.275	96.140	96.150	5
2026-07-23 04:00	96.170	96.220	96.045	96.175	5
2026-07-23 04:05	96.165	96.245	96.100	96.120	5
2026-07-23 04:10	96.110	96.165	96.110	96.160	5
2026-07-23 04:15	96.155	96.170	96.090	96.140	5
2026-07-23 04:20	96.125	96.130	96.020	96.030	5
2026-07-23 04:25	96.025	96.025	95.853	95.910	5
2026-07-23 04:30	95.900	96.065	95.900	95.930	5
2026-07-23 04:35	95.935	95.945	95.643	95.845	5
2026-07-23 04:40	95.830	95.935	95.825	95.905	5
2026-07-23 04:45	95.900	96.030	95.843	96.000	5
2026-07-23 04:50	95.990	96.070	95.928	96.015	5
2026-07-23 04:55	96.005	96.020	95.873	95.930	5
2026-07-23 05:00	95.925	96.090	95.920	96.005	5
2026-07-23 05:05	96.000	96.045	95.970	96.035	5
2026-07-23 05:10	96.030	96.220	96.020	96.070	5
2026-07-23 05:15	96.080	96.080	96.015	96.020	5
2026-07-23 05:20	96.010	96.085	95.955	95.975	5
2026-07-23 05:25	95.985	96.015	95.805	95.805	5
2026-07-23 05:30	95.800	95.820	95.450	95.545	5
2026-07-23 05:35	95.530	95.840	95.495	95.775	5
2026-07-23 05:40	95.770	95.970	95.703	95.895	5
2026-07-23 05:45	95.905	96.135	95.890	96.130	5
2026-07-23 05:50	96.135	96.295	96.033	96.285	5
2026-07-23 05:55	96.275	96.360	96.240	96.280	5
2026-07-23 06:00	96.250	96.295	95.930	96.115	5
2026-07-23 06:05	96.130	96.135	96.030	96.100	5
2026-07-23 06:10	96.080	96.080	95.890	95.920	5
2026-07-23 06:15	95.925	96.080	95.840	96.015	5
2026-07-23 06:20	96.010	96.120	95.985	96.085	5
2026-07-23 06:25	96.080	96.275	96.068	96.235	5
2026-07-23 06:30	96.225	96.400	96.215	96.370	5
2026-07-23 06:35	96.365	96.460	96.173	96.450	5
2026-07-23 06:40	96.455	96.675	96.420	96.675	5
2026-07-23 06:45	96.670	96.715	96.475	96.625	5
2026-07-23 06:50	96.620	96.860	96.605	96.835	5
2026-07-23 06:55	96.830	96.860	96.728	96.740	5
2026-07-23 07:00	96.705	97.105	96.705	96.940	5
2026-07-23 07:05	96.950	97.320	96.900	97.230	5
2026-07-23 07:10	97.235	97.375	97.123	97.250	5
2026-07-23 07:15	97.260	97.750	97.240	97.660	5
2026-07-23 07:20	97.670	97.735	97.555	97.720	5
2026-07-23 07:25	97.710	97.725	97.280	97.400	5
2026-07-23 07:30	97.405	97.762	97.377	97.760	5
2026-07-23 07:35	97.750	97.870	97.678	97.815	5
2026-07-23 07:40	97.820	97.950	97.730	97.890	5
2026-07-23 07:45	97.875	98.400	97.875	98.020	5
2026-07-23 07:50	98.040	98.200	97.618	97.710	5
2026-07-23 07:55	97.705	97.745	97.273	97.535	5
2026-07-23 08:00	97.547	97.885	97.525	97.730	5
2026-07-23 08:05	97.735	97.790	97.240	97.250	5
2026-07-23 08:10	97.245	97.660	97.178	97.597	5
2026-07-23 08:15	97.595	97.730	97.295	97.435	5
2026-07-23 08:20	97.440	97.870	97.305	97.820	5
2026-07-23 08:25	97.835	97.880	97.513	97.520	5
2026-07-23 08:30	97.550	98.040	97.535	98.030	5
2026-07-23 08:35	98.020	98.100	97.878	97.920	5
2026-07-23 08:40	97.915	98.220	97.915	98.150	5
2026-07-23 08:45	98.140	98.200	97.463	97.495	5
2026-07-23 08:50	97.490	97.725	97.423	97.700	5
2026-07-23 08:55	97.690	97.855	97.550	97.770	5
2026-07-23 09:00	97.780	97.925	97.415	97.520	5
2026-07-23 09:05	97.530	98.030	97.530	97.975	5
2026-07-23 09:10	97.970	98.450	97.828	98.450	5
2026-07-23 09:15	98.440	98.505	98.288	98.410	5
2026-07-23 09:20	98.415	98.735	98.400	98.620	5
2026-07-23 09:25	98.610	98.645	98.535	98.535	5
2026-07-23 09:30	98.540	98.645	98.318	98.645	5
2026-07-23 09:35	98.640	98.750	98.430	98.430	5
2026-07-23 09:40	98.445	98.450	98.018	98.110	5
2026-07-23 09:45	98.100	98.355	98.075	98.160	5
2026-07-23 09:50	98.165	98.350	98.035	98.140	5
2026-07-23 09:55	98.130	98.425	98.080	98.285	5
2026-07-23 10:00	98.290	98.470	98.150	98.150	5
2026-07-23 10:05	98.155	98.170	97.960	97.980	5
2026-07-23 10:10	97.990	98.280	97.975	98.255	5
2026-07-23 10:15	98.250	98.610	98.175	98.610	5
2026-07-23 10:20	98.600	98.725	98.498	98.675	5
2026-07-23 10:25	98.680	98.750	98.513	98.730	5
2026-07-23 10:30	98.750	98.870	98.570	98.635	5
2026-07-23 10:35	98.630	98.840	98.600	98.760	5
2026-07-23 10:40	98.770	98.825	98.315	98.360	5
2026-07-23 10:45	98.365	98.545	98.278	98.445	5
2026-07-23 10:50	98.450	98.505	98.178	98.280	5
2026-07-23 10:55	98.290	98.370	98.148	98.195	5
2026-07-23 11:00	98.200	98.355	98.138	98.350	5
2026-07-23 11:05	98.345	98.660	98.345	98.530	5
2026-07-23 11:10	98.540	98.595	98.460	98.470	5
2026-07-23 11:15	98.455	98.885	98.418	98.840	5
2026-07-23 11:20	98.845	98.900	98.630	98.750	5
2026-07-23 11:25	98.755	98.760	98.550	98.690	5
2026-07-23 11:30	98.695	98.910	98.520	98.890	5
2026-07-23 11:35	98.895	99.020	98.873	98.980	5
2026-07-23 11:40	98.985	99.040	98.833	98.885	5
2026-07-23 11:45	98.845	98.870	98.460	98.490	5
2026-07-23 11:50	98.495	98.645	98.203	98.620	5
2026-07-23 11:55	98.625	98.720	98.545	98.660	5
2026-07-23 12:00	98.645	98.755	98.510	98.535	5
2026-07-23 12:05	98.530	98.765	98.490	98.750	5
2026-07-23 12:10	98.755	99.040	98.648	99.025	5
2026-07-23 12:15	99.035	99.425	98.885	98.960	5
2026-07-23 12:20	98.995	99.290	98.768	99.170	5
2026-07-23 12:25	99.180	99.265	99.060	99.175	5
2026-07-23 12:30	99.215	99.480	99.170	99.175	5
2026-07-23 12:35	99.165	99.270	99.055	99.230	5
2026-07-23 12:40	99.245	99.545	99.205	99.540	5
2026-07-23 12:45	99.545	99.650	99.248	99.630	5
2026-07-23 12:50	99.645	99.945	99.608	99.830	5
2026-07-23 12:55	99.815	99.815	99.478	99.590	5
2026-07-23 13:00	99.620	99.975	99.528	99.745	5
2026-07-23 13:05	99.750	99.905	99.687	99.840	5
2026-07-23 13:10	99.850	100.050	99.785	99.890	5
2026-07-23 13:15	99.900	100.200	99.295	99.400	5
2026-07-23 13:20	99.415	99.800	99.275	99.785	5
2026-07-23 13:25	99.755	99.810	99.588	99.725	5
2026-07-23 13:30	99.730	99.785	99.433	99.515	5
2026-07-23 13:35	99.525	99.865	99.353	99.850	5
2026-07-23 13:40	99.855	100.070	99.830	100.055	5
2026-07-23 13:45	100.050	100.350	99.928	100.245	5
2026-07-23 13:50	100.250	100.855	100.203	100.740	5
2026-07-23 13:55	100.750	100.760	100.505	100.585	5
2026-07-23 14:00	100.580	100.650	100.275	100.640	5
2026-07-23 14:05	100.645	100.985	100.460	100.730	5
2026-07-23 14:10	100.740	100.770	100.320	100.410	5
2026-07-23 14:15	100.395	100.395	99.845	100.070	5
2026-07-23 14:20	100.065	100.305	100.040	100.265	5
2026-07-23 14:25	100.280	100.570	100.210	100.480	5
2026-07-23 14:30	100.500	100.585	100.380	100.495	5
2026-07-23 14:35	100.490	100.690	100.123	100.190	5
2026-07-23 14:40	100.200	100.460	100.113	100.420	5
2026-07-23 14:45	100.395	100.945	100.390	100.880	5
2026-07-23 14:50	100.838	100.945	100.620	100.790	5
2026-07-23 14:55	100.795	100.820	100.460	100.480	5
2026-07-23 15:00	100.460	100.635	100.305	100.510	5
2026-07-23 15:05	100.530	100.845	100.480	100.825	5
2026-07-23 15:10	100.830	101.035	100.553	100.640	5
2026-07-23 15:15	100.650	100.845	100.478	100.810	5
2026-07-23 15:20	100.800	101.170	100.770	100.975	5
2026-07-23 15:25	100.945	101.155	100.910	100.930	5
2026-07-23 15:30	100.925	101.095	100.680	100.840	5
2026-07-23 15:35	100.825	100.922	100.665	100.760	5
2026-07-23 15:40	100.750	100.770	100.243	100.490	5
2026-07-23 15:45	100.485	100.510	100.200	100.310	5
2026-07-23 15:50	100.300	100.430	100.225	100.330	5
2026-07-23 15:55	100.325	100.480	100.055	100.110	5
2026-07-23 16:00	100.090	100.340	99.820	100.330	5
2026-07-23 16:05	100.325	100.645	100.250	100.340	5
2026-07-23 16:10	100.325	100.390	99.935	99.940	5
2026-07-23 16:15	99.945	100.240	99.945	100.210	5
2026-07-23 16:20	100.205	100.265	100.093	100.230	5
2026-07-23 16:25	100.225	100.300	100.165	100.220	5
2026-07-23 16:30	100.230	100.610	100.205	100.600	5
2026-07-23 16:35	100.590	100.820	100.580	100.750	5
2026-07-23 16:40	100.735	100.735	100.500	100.580	5
2026-07-23 16:45	100.585	100.730	100.530	100.720	5
2026-07-23 16:50	100.710	100.830	100.590	100.720	5
2026-07-23 16:55	100.705	100.760	100.585	100.670	5
2026-07-23 17:00	100.680	100.900	100.670	100.780	5
2026-07-23 17:05	100.775	101.185	100.678	100.935	5
2026-07-23 17:10	100.950	100.975	100.678	100.930	5
2026-07-23 17:15	100.940	101.060	100.880	101.030	5
2026-07-23 17:20	101.010	101.040	100.910	100.925	5
2026-07-23 17:25	100.930	100.980	100.838	100.905	5
2026-07-23 17:30	100.910	101.140	100.895	101.060	5
2026-07-23 17:35	101.065	101.175	101.030	101.125	5
2026-07-23 17:40	101.120	101.580	101.100	101.560	5
2026-07-23 17:45	101.575	101.710	101.455	101.530	5
2026-07-23 17:50	101.525	101.805	101.483	101.805	5
2026-07-23 17:55	101.790	101.845	101.690	101.810	5
2026-07-23 18:00	101.815	101.895	101.643	101.750	5
2026-07-23 18:05	101.755	101.975	101.590	101.925	5
2026-07-23 18:10	101.940	101.950	101.585	101.630	5
2026-07-23 18:15	101.615	101.690	101.030	101.065	5
2026-07-23 18:20	101.060	101.235	100.997	101.050	5
2026-07-23 18:25	101.045	101.045	100.520	100.660	5
2026-07-23 18:30	100.670	100.800	100.493	100.620	5
2026-07-23 18:35	100.625	100.650	100.410	100.600	5
2026-07-23 18:40	100.580	100.635	100.485	100.490	5
2026-07-23 18:45	100.485	100.735	100.480	100.710	5
2026-07-23 18:50	100.700	100.850	100.685	100.760	5
2026-07-23 18:55	100.775	100.785	100.540	100.550	5
2026-07-23 19:00	100.540	100.540	100.300	100.340	5
2026-07-23 19:05	100.335	100.355	100.038	100.225	5
2026-07-23 19:10	100.200	100.235	100.118	100.150	5
2026-07-23 19:15	100.120	100.195	100.030	100.175	5
2026-07-23 19:20	100.180	100.235	100.160	100.170	5
2026-07-23 19:25	100.175	100.200	99.835	99.905	5
2026-07-23 19:30	99.900	99.920	99.446	99.790	5
2026-07-23 19:35	99.785	100.045	99.730	100.010	5
2026-07-23 19:40	100.015	100.100	99.955	100.070	5
2026-07-23 19:45	100.065	100.225	100.015	100.210	5
2026-07-23 19:50	100.205	100.205	99.785	99.840	5
2026-07-23 19:55	99.825	99.935	99.753	99.885	5
2026-07-23 20:00	99.880	99.900	99.657	99.797	5
2026-07-23 20:05	99.787	99.857	99.742	99.742	5
2026-07-23 20:10	99.717	99.917	99.682	99.872	5
2026-07-23 20:15	99.892	100.142	99.862	100.132	5
2026-07-23 20:20	100.127	100.282	100.082	100.237	5
2026-07-23 20:25	100.232	100.352	100.182	100.192	5
2026-07-23 20:30	100.187	100.252	100.087	100.147	5
2026-07-23 20:35	100.152	100.222	100.072	100.178	5
2026-07-23 20:40	100.202	100.612	100.202	100.432	5
2026-07-23 20:45	100.427	100.552	100.417	100.422	5
2026-07-23 20:50	100.427	100.602	100.427	100.537	5
2026-07-23 20:55	100.552	100.652	100.467	100.482	5
2026-07-24 00:00	100.457	100.845	100.397	100.717	5
2026-07-24 00:05	100.710	100.860	100.695	100.830	5
2026-07-24 00:10	100.817	101.070	100.700	100.985	5
2026-07-24 00:15	100.995	101.135	100.937	101.025	5
2026-07-24 00:20	101.005	101.005	100.615	100.755	5
2026-07-24 00:25	100.735	100.825	100.700	100.705	5
2026-07-24 00:30	100.715	100.790	100.665	100.695	5
2026-07-24 00:35	100.705	100.710	100.577	100.655	5
2026-07-24 00:40	100.650	100.670	100.585	100.595	5
2026-07-24 00:45	100.585	100.615	100.365	100.565	5
2026-07-24 00:50	100.550	100.590	100.458	100.570	5
2026-07-24 00:55	100.585	100.585	100.265	100.270	5
2026-07-24 01:00	100.242	100.242	99.797	100.005	5
2026-07-24 01:05	99.995	100.135	99.897	100.115	5
2026-07-24 01:10	100.120	100.145	99.968	100.040	5
2026-07-24 01:15	100.035	100.140	99.875	100.005	5
2026-07-24 01:20	100.015	100.070	99.890	99.955	5
2026-07-24 01:25	99.947	100.055	99.915	99.985	5
2026-07-24 01:30	99.995	100.145	99.930	99.960	5
2026-07-24 01:35	99.965	99.975	99.790	99.805	5
2026-07-24 01:40	99.810	99.810	99.570	99.715	5
2026-07-24 01:45	99.745	99.920	99.645	99.910	5
2026-07-24 01:50	99.915	100.077	99.915	99.955	5
2026-07-24 01:55	99.960	100.145	99.930	100.120	5
2026-07-24 02:00	100.115	100.255	100.115	100.205	5
2026-07-24 02:05	100.215	100.365	100.150	100.160	5
2026-07-24 02:10	100.165	100.250	100.115	100.165	5
2026-07-24 02:15	100.155	100.210	100.110	100.205	5
2026-07-24 02:20	100.225	100.460	100.200	100.440	5
2026-07-24 02:25	100.450	100.470	100.368	100.440	5
2026-07-24 02:30	100.482	100.482	100.330	100.375	5
2026-07-24 02:35	100.380	100.415	100.305	100.310	5
2026-07-24 02:40	100.325	100.490	100.320	100.475	5
2026-07-24 02:45	100.480	100.730	100.460	100.570	5
2026-07-24 02:50	100.565	100.570	100.455	100.525	5
2026-07-24 02:55	100.520	100.615	100.380	100.565	5
2026-07-24 03:00	100.577	100.785	100.498	100.720	5
2026-07-24 03:05	100.735	100.960	100.720	100.930	5
2026-07-24 03:10	100.925	101.025	100.863	100.975	5
2026-07-24 03:15	100.980	100.997	100.815	100.870	5
2026-07-24 03:20	100.865	100.885	100.735	100.825	5
2026-07-24 03:25	100.830	101.145	100.807	100.995	5
2026-07-24 03:30	100.977	101.050	100.885	100.917	5
2026-07-24 03:35	100.925	100.965	100.730	100.785	5
2026-07-24 03:40	100.777	100.777	100.670	100.705	5
2026-07-24 03:45	100.695	100.720	100.630	100.630	5
2026-07-24 03:50	100.625	100.690	100.610	100.620	5
2026-07-24 03:55	100.635	100.645	100.585	100.590	5
2026-07-24 04:00	100.570	100.695	100.543	100.617	5
2026-07-24 04:05	100.605	100.610	100.395	100.430	5
2026-07-24 04:10	100.435	100.505	100.405	100.485	5
2026-07-24 04:15	100.490	100.505	100.450	100.465	5
2026-07-24 04:20	100.470	100.485	100.370	100.400	5
2026-07-24 04:25	100.405	100.420	100.330	100.365	5
2026-07-24 04:30	100.375	100.375	100.215	100.345	5
2026-07-24 04:35	100.350	100.380	100.315	100.360	5
2026-07-24 04:40	100.355	100.375	100.290	100.295	5
2026-07-24 04:45	100.300	100.370	100.235	100.350	5
2026-07-24 04:50	100.345	100.355	100.210	100.227	5
2026-07-24 04:55	100.245	100.320	100.220	100.255	5
2026-07-24 05:00	100.245	100.305	100.190	100.215	5
2026-07-24 05:05	100.205	100.315	100.195	100.305	5
2026-07-24 05:10	100.295	100.375	100.285	100.350	5
2026-07-24 05:15	100.345	100.425	100.335	100.405	5
2026-07-24 05:20	100.410	100.430	100.340	100.375	5
2026-07-24 05:25	100.395	100.420	100.270	100.335	5
2026-07-24 05:30	100.345	100.425	100.215	100.405	5
2026-07-24 05:35	100.395	100.450	100.230	100.305	5
2026-07-24 05:40	100.310	100.335	100.075	100.177	5
2026-07-24 05:45	100.175	100.225	99.840	99.945	5
2026-07-24 05:50	99.950	100.297	99.885	100.297	5
2026-07-24 05:55	100.295	100.330	100.120	100.260	5
2026-07-24 06:00	100.265	100.385	100.150	100.160	5
2026-07-24 06:05	100.155	100.175	99.988	100.035	5
2026-07-24 06:10	100.020	100.107	99.880	99.885	5
2026-07-24 06:15	99.890	100.197	99.880	99.900	5
2026-07-24 06:20	99.915	99.955	99.773	99.895	5
2026-07-24 06:25	99.905	99.955	99.730	99.895	5
2026-07-24 06:30	99.900	99.955	99.420	99.425	5
2026-07-24 06:35	99.430	99.705	99.405	99.660	5
2026-07-24 06:40	99.665	99.725	99.590	99.600	5
2026-07-24 06:45	99.610	99.645	99.365	99.395	5
2026-07-24 06:50	99.400	99.435	99.215	99.270	5
2026-07-24 06:55	99.285	99.335	98.915	98.970	5
2026-07-24 07:00	98.960	99.095	98.625	98.955	5
2026-07-24 07:05	98.950	99.130	98.903	99.100	5
2026-07-24 07:10	99.095	99.100	98.763	98.910	5
2026-07-24 07:15	98.905	99.020	98.640	98.645	5
2026-07-24 07:20	98.640	98.895	98.628	98.745	5
2026-07-24 07:25	98.760	98.790	98.535	98.580	5
2026-07-24 07:30	98.585	98.740	98.393	98.670	5
2026-07-24 07:35	98.675	98.940	98.568	98.875	5
2026-07-24 07:40	98.880	98.970	98.765	98.775	5
2026-07-24 07:45	98.785	98.880	98.580	98.600	5
2026-07-24 07:50	98.595	98.607	98.323	98.455	5
2026-07-24 07:55	98.445	98.595	98.280	98.565	5
2026-07-24 08:00	98.557	98.700	98.468	98.580	5
2026-07-24 08:05	98.605	98.820	98.505	98.595	5
2026-07-24 08:10	98.590	98.765	98.520	98.560	5
2026-07-24 08:15	98.565	98.785	98.498	98.620	5
2026-07-24 08:20	98.630	98.720	98.588	98.630	5
2026-07-24 08:25	98.640	98.660	97.953	97.985	5
2026-07-24 08:30	98.000	98.260	97.990	98.180	5
2026-07-24 08:35	98.165	98.275	97.773	97.895	5
2026-07-24 08:40	97.900	97.905	97.478	97.560	5
2026-07-24 08:45	97.565	97.925	97.495	97.580	5
2026-07-24 08:50	97.590	97.775	97.483	97.620	5
2026-07-24 08:55	97.635	97.850	97.417	97.690	5
2026-07-24 09:00	97.670	97.710	97.126	97.270	5
2026-07-24 09:05	97.265	97.340	96.637	96.645	5
2026-07-24 09:10	96.655	97.210	96.553	97.085	5
2026-07-24 09:15	97.075	97.130	96.693	96.840	5
2026-07-24 09:20	96.850	96.970	96.568	96.730	5
2026-07-24 09:25	96.735	96.815	96.623	96.815	5
2026-07-24 09:30	96.785	97.150	96.495	96.600	5
2026-07-24 09:35	96.610	96.740	96.510	96.575	5
2026-07-24 09:40	96.555	96.700	96.375	96.685	5
2026-07-24 09:45	96.665	96.800	96.558	96.705	5
2026-07-24 09:50	96.670	97.025	96.625	97.005	5
2026-07-24 09:55	97.000	97.000	96.810	96.955	5
2026-07-24 10:00	96.950	97.275	96.773	97.235	5
2026-07-24 10:05	97.230	97.495	97.153	97.370	5
2026-07-24 10:10	97.375	97.700	97.370	97.645	5
2026-07-24 10:15	97.640	97.800	97.610	97.680	5
2026-07-24 10:20	97.690	97.750	97.513	97.630	5
2026-07-24 10:25	97.625	97.735	97.580	97.715	5
2026-07-24 10:30	97.725	98.120	97.693	98.085	5
2026-07-24 10:35	98.080	98.270	98.010	98.180	5
2026-07-24 10:40	98.185	98.250	98.063	98.130	5
2026-07-24 10:45	98.135	98.145	97.870	97.925	5
2026-07-24 10:50	97.940	98.200	97.838	98.190	5
2026-07-24 10:55	98.185	98.190	97.915	97.915	5
2026-07-24 11:00	97.920	97.950	97.588	97.690	5
2026-07-24 11:05	97.695	97.900	97.615	97.875	5
2026-07-24 11:10	97.860	97.920	97.743	97.790	5
2026-07-24 11:15	97.795	97.815	97.638	97.725	5
2026-07-24 11:20	97.730	97.745	97.568	97.670	5
2026-07-24 11:25	97.680	97.770	97.585	97.730	5
2026-07-24 11:30	97.745	97.815	97.630	97.810	5
2026-07-24 11:35	97.815	97.855	97.227	97.490	5
2026-07-24 11:40	97.460	97.720	97.418	97.720	5
2026-07-24 11:45	97.705	97.850	97.630	97.650	5
2026-07-24 11:50	97.640	97.845	97.600	97.840	5
2026-07-24 11:55	97.835	97.930	96.807	97.365	5
2026-07-24 12:00	97.355	97.750	97.210	97.645	5
2026-07-24 12:05	97.650	97.915	97.650	97.820	5
2026-07-24 12:10	97.825	97.905	97.675	97.685	5
2026-07-24 12:15	97.690	97.695	97.388	97.545	5
2026-07-24 12:20	97.550	97.595	97.515	97.565	5
2026-07-24 12:25	97.560	97.895	97.490	97.515	5
2026-07-24 12:30	97.510	97.605	97.420	97.440	5
2026-07-24 12:35	97.400	97.440	97.080	97.120	5
2026-07-24 12:40	97.125	97.205	97.005	97.200	5
2026-07-24 12:45	97.190	97.275	97.038	97.260	5
2026-07-24 12:50	97.250	97.470	97.188	97.340	5
2026-07-24 12:55	97.330	97.475	97.230	97.285	5
2026-07-24 13:00	97.290	97.610	97.130	97.550	5
2026-07-24 13:05	97.545	97.855	97.498	97.795	5
2026-07-24 13:10	97.815	97.830	97.665	97.790	5
2026-07-24 13:15	97.780	97.940	97.740	97.900	5
2026-07-24 13:20	97.890	98.135	97.850	98.055	5
2026-07-24 13:25	98.050	98.095	97.820	97.960	5
2026-07-24 13:30	97.955	98.000	97.670	97.745	5
2026-07-24 13:35	97.750	97.845	97.543	97.705	5
2026-07-24 13:40	97.710	97.920	97.640	97.895	5
2026-07-24 13:45	97.920	97.930	97.218	97.440	5
2026-07-24 13:50	97.460	97.795	97.460	97.695	5
2026-07-24 13:55	97.700	97.750	97.395	97.505	5
2026-07-24 14:00	97.510	97.595	97.275	97.490	5
2026-07-24 14:05	97.495	97.495	97.210	97.240	5
2026-07-24 14:10	97.250	97.340	97.145	97.310	5
2026-07-24 14:15	97.300	97.390	97.090	97.125	5
2026-07-24 14:20	97.135	97.280	97.015	97.185	5
2026-07-24 14:25	97.200	97.230	96.725	96.930	5
2026-07-24 14:30	96.935	96.985	96.710	96.890	5
2026-07-24 14:35	96.875	97.330	96.690	97.315	5
2026-07-24 14:40	97.310	97.380	97.070	97.190	5
2026-07-24 14:45	97.185	97.300	96.905	97.080	5
2026-07-24 14:50	97.070	97.160	96.973	97.090	5
2026-07-24 14:55	97.085	97.195	97.013	97.170	5
2026-07-24 15:00	97.180	97.315	97.105	97.275	5
2026-07-24 15:05	97.270	97.440	97.168	97.380	5
2026-07-24 15:10	97.385	97.430	96.198	96.470	6
2026-07-24 15:15	96.490	96.570	95.625	95.960	5
2026-07-24 15:20	95.955	96.030	95.568	96.025	5
2026-07-24 15:25	95.983	96.150	95.378	95.575	5
2026-07-24 15:30	95.580	95.810	95.365	95.805	5
2026-07-24 15:35	95.810	95.915	95.120	95.385	5
2026-07-24 15:40	95.390	95.905	95.243	95.845	5
2026-07-24 15:45	95.840	96.285	95.788	96.255	5
2026-07-24 15:50	96.225	96.345	95.963	96.075	5
2026-07-24 15:55	96.080	96.120	95.963	96.060	5
2026-07-24 16:00	96.055	96.290	95.943	96.040	5
2026-07-24 16:05	96.035	96.160	95.948	96.160	5
2026-07-24 16:10	96.150	96.380	96.050	96.240	5
2026-07-24 16:15	96.245	96.275	96.013	96.080	5
2026-07-24 16:20	96.075	96.145	95.968	96.105	5
2026-07-24 16:25	96.100	96.150	95.753	95.950	5
2026-07-24 16:30	95.955	96.195	95.868	95.970	5
2026-07-24 16:35	95.975	96.010	95.710	95.925	5
2026-07-24 16:40	95.930	95.980	95.600	95.630	5
2026-07-24 16:45	95.650	95.810	95.518	95.670	5
2026-07-24 16:50	95.680	96.040	95.680	95.950	5
2026-07-24 16:55	95.955	96.060	95.880	95.920	5
2026-07-24 17:00	95.925	95.930	95.688	95.790	5
2026-07-24 17:05	95.785	95.975	95.730	95.940	5
2026-07-24 17:10	95.945	96.065	95.895	95.990	5
2026-07-24 17:15	95.995	96.245	95.990	96.150	5
2026-07-24 17:20	96.145	96.350	96.078	96.335	5
2026-07-24 17:25	96.325	96.350	96.090	96.270	5
2026-07-24 17:30	96.265	96.345	96.215	96.310	5
2026-07-24 17:35	96.300	96.460	96.248	96.398	5
2026-07-24 17:40	96.435	96.445	96.285	96.350	5
2026-07-24 17:45	96.360	96.405	96.168	96.370	5
2026-07-24 17:50	96.380	96.445	96.290	96.430	5
2026-07-24 17:55	96.395	96.420	96.180	96.300	5
2026-07-24 18:00	96.305	96.370	96.170	96.230	5
2026-07-24 18:05	96.210	96.270	96.078	96.195	5
2026-07-24 18:10	96.200	96.230	95.938	96.200	5
2026-07-24 18:15	96.190	96.600	96.170	96.590	5
2026-07-24 18:20	96.585	96.745	96.483	96.710	5
2026-07-24 18:25	96.715	96.825	96.590	96.780	5
2026-07-24 18:30	96.775	96.865	96.370	96.530	5
2026-07-24 18:35	96.520	96.570	96.295	96.490	5
2026-07-24 18:40	96.495	96.590	96.450	96.580	5
2026-07-24 18:45	96.570	96.580	96.280	96.420	5
2026-07-24 18:50	96.425	96.585	96.395	96.500	5
2026-07-24 18:55	96.490	96.755	96.455	96.705	5
2026-07-24 19:00	96.715	96.815	96.675	96.810	5
2026-07-24 19:05	96.815	96.935	96.780	96.855	5
2026-07-24 19:10	96.865	96.925	96.840	96.895	5
2026-07-24 19:15	96.900	96.950	96.840	96.885	5
2026-07-24 19:20	96.890	96.950	96.855	96.885	5
2026-07-24 19:25	96.880	97.040	96.830	97.035	5
2026-07-24 19:30	97.030	97.140	96.597	96.780	5
2026-07-24 19:35	96.785	96.817	96.245	96.530	5
2026-07-24 19:40	96.520	96.677	96.485	96.615	5
2026-07-24 19:45	96.610	96.745	96.605	96.685	5
2026-07-24 19:50	96.680	96.755	96.533	96.690	5
2026-07-24 19:55	96.695	97.375	96.695	97.365	5
2026-07-24 20:00	97.357	97.627	97.357	97.567	5
2026-07-24 20:05	97.562	97.802	97.557	97.757	5
2026-07-24 20:10	97.782	98.047	97.782	98.037	5
2026-07-24 20:15	98.047	98.047	97.772	97.792	5
2026-07-24 20:20	97.802	97.997	97.712	97.992	5
2026-07-24 20:25	97.997	98.117	97.912	98.047	5
2026-07-24 20:30	98.052	98.197	98.032	98.187	5
2026-07-24 20:35	98.182	98.192	97.997	98.137	5
2026-07-24 20:40	98.122	98.202	98.082	98.082	5
2026-07-24 20:45	98.132	98.202	98.092	98.167	5
2026-07-24 20:50	98.182	98.387	98.168	98.242	5
2026-07-24 20:55	98.257	98.387	98.177	98.367	5
2026-07-27 00:00	91.892	91.995	91.767	91.970	5
2026-07-27 00:05	91.965	92.245	91.775	91.887	5
2026-07-27 00:10	91.877	91.877	91.667	91.685	5
2026-07-27 00:15	91.677	91.687	91.213	91.420	5
2026-07-27 00:20	91.425	91.507	91.357	91.377	5
2026-07-27 00:25	91.387	91.820	91.315	91.735	5
2026-07-27 00:30	91.745	91.945	91.675	91.915	5
2026-07-27 00:35	91.905	91.945	91.787	91.847	5
2026-07-27 00:40	91.845	91.867	91.747	91.867	5
2026-07-27 00:45	91.885	92.105	91.885	92.085	5
2026-07-27 00:50	92.080	92.125	91.950	92.020	5
2026-07-27 00:55	92.015	92.240	92.015	92.145	5
2026-07-27 01:00	92.165	92.530	91.930	92.530	5
2026-07-27 01:05	92.525	92.635	92.340	92.585	5
2026-07-27 01:10	92.575	92.870	92.545	92.655	5
2026-07-27 01:15	92.650	92.665	92.465	92.565	5
2026-07-27 01:20	92.567	92.670	92.525	92.595	5
2026-07-27 01:25	92.585	92.695	92.465	92.475	5
2026-07-27 01:30	92.467	92.515	92.317	92.395	5
2026-07-27 01:35	92.405	92.477	92.305	92.357	5
2026-07-27 01:40	92.367	92.630	92.317	92.610	5
2026-07-27 01:45	92.615	92.720	92.600	92.705	5
2026-07-27 01:50	92.697	92.790	92.595	92.640	5
2026-07-27 01:55	92.645	92.745	92.615	92.705	5
2026-07-27 02:00	92.695	92.885	92.605	92.845	5
2026-07-27 02:05	92.850	92.935	92.780	92.935	5
2026-07-27 02:10	92.940	93.180	92.925	92.985	5
2026-07-27 02:15	92.980	92.980	92.840	92.925	5
2026-07-27 02:20	92.920	93.150	92.915	93.145	5
2026-07-27 02:25	93.140	93.270	93.068	93.270	5
2026-07-27 02:30	93.275	93.275	93.100	93.175	5
2026-07-27 02:35	93.185	93.190	92.835	92.907	5
2026-07-27 02:40	92.905	93.105	92.887	93.045	5
2026-07-27 02:45	93.035	93.175	92.985	93.057	5
2026-07-27 02:50	93.055	93.095	92.965	93.080	5
2026-07-27 02:55	93.075	93.225	93.043	93.115	5
2026-07-27 03:00	93.120	93.125	92.945	92.950	5
2026-07-27 03:05	92.960	92.985	92.795	92.835	5
2026-07-27 03:10	92.797	92.975	92.755	92.970	5
2026-07-27 03:15	92.965	92.975	92.777	92.795	5
2026-07-27 03:20	92.787	92.805	92.697	92.790	5
2026-07-27 03:25	92.743	92.895	92.743	92.807	5
2026-07-27 03:30	92.797	92.845	92.607	92.615	5
2026-07-27 03:35	92.605	92.650	92.550	92.617	5
2026-07-27 03:40	92.625	92.747	92.588	92.645	5
2026-07-27 03:45	92.640	92.775	92.615	92.775	5
2026-07-27 03:50	92.777	92.875	92.775	92.865	5
2026-07-27 03:55	92.870	92.870	92.663	92.695	5
2026-07-27 04:00	92.680	92.680	92.270	92.315	5
2026-07-27 04:05	92.317	92.477	92.285	92.460	5
2026-07-27 04:10	92.465	92.535	92.427	92.475	5
2026-07-27 04:15	92.467	92.535	92.360	92.375	5
2026-07-27 04:20	92.370	92.470	92.297	92.315	5
2026-07-27 04:25	92.290	92.307	92.175	92.260	5
2026-07-27 04:30	92.265	92.265	92.190	92.210	5
2026-07-27 04:35	92.220	92.220	92.043	92.065	5
2026-07-27 04:40	92.070	92.077	91.770	91.837	5
2026-07-27 04:45	91.845	91.965	91.835	91.955	5
2026-07-27 04:50	91.950	92.125	91.950	92.065	5
2026-07-27 04:55	92.085	92.190	92.085	92.185	5
2026-07-27 05:00	92.200	92.305	91.990	92.275	5
2026-07-27 05:05	92.265	92.285	92.070	92.075	5
2026-07-27 05:10	92.095	92.117	91.928	92.075	5
2026-07-27 05:15	92.085	92.235	92.055	92.185	5
2026-07-27 05:20	92.190	92.190	91.825	91.880	5
2026-07-27 05:25	91.857	92.015	91.847	91.915	5
2026-07-27 05:30	91.907	92.145	91.795	92.065	5
2026-07-27 05:35	92.070	92.115	91.955	91.975	5
2026-07-27 05:40	91.985	92.055	91.845	91.925	5
2026-07-27 05:45	91.915	92.035	91.725	91.725	5
2026-07-27 05:50	91.730	91.815	91.615	91.660	5
2026-07-27 05:55	91.680	91.800	91.508	91.755	5
2026-07-27 06:00	91.797	91.835	91.270	91.305	5
2026-07-27 06:05	91.310	91.460	91.155	91.155	5
2026-07-27 06:10	91.160	91.160	90.815	90.860	5
2026-07-27 06:15	90.865	90.975	90.535	90.590	5
2026-07-27 06:20	90.580	90.930	90.533	90.930	5
2026-07-27 06:25	90.915	90.960	90.758	90.850	5
2026-07-27 06:30	90.855	90.960	90.833	90.840	5
2026-07-27 06:35	90.835	90.880	90.590	90.710	5
2026-07-27 06:40	90.715	90.825	90.448	90.485	5
2026-07-27 06:45	90.490	90.650	90.195	90.320	5
2026-07-27 06:50	90.325	90.515	90.045	90.135	5
2026-07-27 06:55	90.140	90.170	89.885	89.950	5
2026-07-27 07:00	89.955	90.515	89.713	90.410	5
2026-07-27 07:05	90.415	90.490	90.365	90.465	5
2026-07-27 07:10	90.445	90.485	90.103	90.165	5
2026-07-27 07:15	90.170	90.370	89.988	90.150	5
2026-07-27 07:20	90.160	90.475	90.120	90.450	5
2026-07-27 07:25	90.460	90.940	90.400	90.940	5
2026-07-27 07:30	90.945	91.075	90.915	90.940	5
2026-07-27 07:35	90.960	90.970	90.700	90.915	5
2026-07-27 07:40	90.920	91.057	90.758	91.000	5
2026-07-27 07:45	90.995	91.175	90.785	90.800	5
2026-07-27 07:50	90.785	90.930	90.433	90.615	5
2026-07-27 07:55	90.635	91.190	90.267	91.190	5
2026-07-27 08:00	91.157	91.565	90.948	91.435	5
2026-07-27 08:05	91.440	91.475	90.587	90.890	5
2026-07-27 08:10	90.885	91.005	90.653	90.790	5
2026-07-27 08:15	90.815	90.940	90.300	90.475	5
2026-07-27 08:20	90.485	90.605	90.285	90.595	5
2026-07-27 08:25	90.590	90.650	89.985	90.140	5
2026-07-27 08:30	90.135	90.245	89.885	90.155	5
2026-07-27 08:35	90.160	90.305	90.055	90.110	5
2026-07-27 08:40	90.120	90.120	89.580	89.710	5
2026-07-27 08:45	89.725	89.910	89.613	89.740	5
2026-07-27 08:50	89.720	89.720	88.920	89.005	5
2026-07-27 08:55	89.015	89.110	88.868	88.955	5
2026-07-27 09:00	88.965	89.260	88.965	89.205	5
2026-07-27 09:05	89.200	89.305	88.973	89.225	5
2026-07-27 09:10	89.220	89.225	89.015	89.195	5
2026-07-27 09:15	89.200	89.225	88.943	89.220	5
2026-07-27 09:20	89.225	89.265	88.975	88.995	5
2026-07-27 09:25	88.990	89.000	88.317	88.445	5
2026-07-27 09:30	88.450	88.525	87.827	87.910	5
2026-07-27 09:35	87.905	88.240	87.898	88.160	5
2026-07-27 09:40	88.155	88.210	87.830	87.875	5
2026-07-27 09:45	87.860	87.950	87.708	87.940	5
2026-07-27 09:50	87.900	88.000	87.590	87.680	5
2026-07-27 09:55	87.690	87.785	87.523	87.765	5
2026-07-27 10:00	87.770	87.935	87.738	87.910	5
2026-07-27 10:05	87.915	88.570	87.900	88.560	5
2026-07-27 10:10	88.557	89.125	88.375	88.750	5
2026-07-27 10:15	88.745	88.900	88.370	88.490	5
2026-07-27 10:20	88.480	89.080	88.463	88.985	5
2026-07-27 10:25	88.995	89.125	88.900	88.955	5
2026-07-27 10:30	88.960	89.050	88.775	88.955	5
2026-07-27 10:35	88.960	89.000	88.760	88.760	5
2026-07-27 10:40	88.775	88.935	88.775	88.820	5
2026-07-27 10:45	88.815	89.055	88.775	88.970	5
2026-07-27 10:50	88.975	89.175	88.885	88.945	5
2026-07-27 10:55	88.955	89.225	88.835	89.185	5
2026-07-27 11:00	89.180	89.360	89.043	89.330	5
2026-07-27 11:05	89.345	89.360	89.145	89.235	5
2026-07-27 11:10	89.240	89.470	89.173	89.415	5
2026-07-27 11:15	89.410	89.485	89.250	89.485	5
2026-07-27 11:20	89.490	89.515	89.313	89.365	5
2026-07-27 11:25	89.370	89.820	89.348	89.820	5
2026-07-27 11:30	89.733	89.975	89.240	89.290	5
2026-07-27 11:35	89.295	89.305	89.115	89.255	5
2026-07-27 11:40	89.250	89.587	89.078	89.215	5
2026-07-27 11:45	89.205	89.430	89.115	89.345	5
2026-07-27 11:50	89.355	89.455	89.198	89.385	5
2026-07-27 11:55	89.400	89.530	89.298	89.500	5
2026-07-27 12:00	89.520	89.670	89.480	89.645	5
2026-07-27 12:05	89.650	89.975	89.638	89.955	5
2026-07-27 12:10	89.950	90.510	89.878	90.390	5
2026-07-27 12:15	90.375	90.420	90.173	90.385	5
2026-07-27 12:20	90.390	90.445	90.235	90.255	5
2026-07-27 12:25	90.240	90.407	90.150	90.395	5
2026-07-27 12:30	90.377	90.590	90.295	90.320	5
2026-07-27 12:35	90.315	90.475	90.200	90.470	5
2026-07-27 12:40	90.475	90.620	90.380	90.600	5
2026-07-27 12:45	90.575	90.580	90.330	90.375	5
2026-07-27 12:50	90.385	90.885	90.323	90.800	5
2026-07-27 12:55	90.805	90.890	90.573	90.573	5
2026-07-27 13:00	90.610	90.975	90.470	90.610	5
2026-07-27 13:05	90.625	90.960	90.470	90.900	5
2026-07-27 13:10	90.885	90.950	90.735	90.855	5
2026-07-27 13:15	90.860	91.215	90.775	91.160	5
2026-07-27 13:20	91.150	91.160	90.810	90.940	5
2026-07-27 13:25	90.935	91.105	90.840	91.105	5
2026-07-27 13:30	91.100	91.105	90.565	90.665	5
2026-07-27 13:35	90.660	90.665	90.225	90.235	5
2026-07-27 13:40	90.240	90.500	90.235	90.450	5
2026-07-27 13:45	90.440	90.565	90.217	90.345	5
2026-07-27 13:50	90.355	90.790	90.305	90.725	5
2026-07-27 13:55	90.720	90.825	90.703	90.720	5
2026-07-27 14:00	90.725	90.730	90.220	90.245	5
2026-07-27 14:05	90.240	90.355	90.145	90.230	5
2026-07-27 14:10	90.225	90.325	89.925	89.970	5
2026-07-27 14:15	89.965	90.180	89.923	90.160	5
2026-07-27 14:20	90.155	90.245	89.960	90.030	5
2026-07-27 14:25	90.035	90.290	89.963	90.090	5
2026-07-27 14:30	90.095	90.260	89.940	90.205	5
2026-07-27 14:35	90.210	90.290	89.990	90.010	5
2026-07-27 14:40	90.000	90.175	89.890	90.040	5
2026-07-27 14:45	90.035	90.120	89.865	90.110	5
2026-07-27 14:50	90.105	90.225	90.060	90.170	5
2026-07-27 14:55	90.165	90.255	89.908	89.970	5
2026-07-27 15:00	89.980	90.175	89.623	89.720	5
2026-07-27 15:05	89.730	89.940	89.665	89.705	5
2026-07-27 15:10	89.710	89.790	89.530	89.620	5
2026-07-27 15:15	89.610	89.865	89.523	89.540	5
2026-07-27 15:20	89.545	89.750	89.393	89.660	5
2026-07-27 15:25	89.665	89.740	89.445	89.445	5
2026-07-27 15:30	89.450	89.735	89.300	89.680	5
2026-07-27 15:35	89.670	89.735	89.490	89.670	5
2026-07-27 15:40	89.680	89.765	89.518	89.540	5
2026-07-27 15:45	89.535	89.770	89.478	89.760	5
2026-07-27 15:50	89.750	89.755	89.463	89.555	5
2026-07-27 15:55	89.513	89.775	89.513	89.760	5
2026-07-27 16:00	89.755	89.775	89.443	89.645	5
2026-07-27 16:05	89.650	89.740	89.535	89.710	5
2026-07-27 16:10	89.705	89.770	89.605	89.635	5
2026-07-27 16:15	89.620	90.160	89.585	90.150	5
2026-07-27 16:20	90.135	90.250	89.933	90.040	5
2026-07-27 16:25	89.990	90.060	89.085	89.245	5
2026-07-27 16:30	89.250	89.285	88.600	88.630	5
2026-07-27 16:35	88.635	88.910	88.598	88.870	5
2026-07-27 16:40	88.875	89.000	88.840	88.925	5
2026-07-27 16:45	88.920	89.250	88.840	89.180	5
2026-07-27 16:50	89.170	89.375	89.095	89.210	5
2026-07-27 16:55	89.215	89.230	89.085	89.145	5
2026-07-27 17:00	89.150	89.225	89.100	89.110	5
2026-07-27 17:05	89.100	89.210	88.990	89.170	5
2026-07-27 17:10	89.165	89.255	89.005	89.120	5
2026-07-27 17:15	89.125	89.210	88.985	89.060	5
2026-07-27 17:20	89.070	89.080	88.825	88.970	5
2026-07-27 17:25	88.965	88.965	88.775	88.875	5
2026-07-27 17:30	88.870	88.880	88.690	88.720	5
2026-07-27 17:35	88.730	88.990	88.725	88.980	5
2026-07-27 17:40	88.997	89.105	88.930	89.060	5
2026-07-27 17:45	89.065	89.120	88.925	88.970	5
2026-07-27 17:50	88.965	88.980	88.720	88.780	5
2026-07-27 17:55	88.770	88.785	88.605	88.650	5
2026-07-27 18:00	88.655	88.655	88.350	88.510	5
2026-07-27 18:05	88.505	88.505	88.243	88.260	5
2026-07-27 18:10	88.255	88.450	88.235	88.295	5
2026-07-27 18:15	88.300	88.310	87.920	88.000	5
2026-07-27 18:20	88.005	88.120	87.950	88.100	5
2026-07-27 18:25	88.105	88.460	88.013	88.345	5
2026-07-27 18:30	88.350	88.675	88.290	88.670	5
2026-07-27 18:35	88.675	88.685	88.545	88.550	5
2026-07-27 18:40	88.535	88.550	87.898	88.165	5
2026-07-27 18:45	88.170	88.240	88.050	88.095	5
2026-07-27 18:50	88.090	88.145	88.028	88.060	5
2026-07-27 18:55	88.065	88.120	87.908	87.935	5
2026-07-27 19:00	87.940	88.090	87.860	88.070	5
2026-07-27 19:05	88.065	88.120	87.970	88.010	5
2026-07-27 19:10	88.015	88.190	88.005	88.175	5
2026-07-27 19:15	88.160	88.195	88.053	88.135	5
2026-07-27 19:20	88.140	88.140	87.965	88.030	5
2026-07-27 19:25	88.025	88.055	87.925	87.960	5
2026-07-27 19:30	87.955	88.070	87.878	88.025	5
2026-07-27 19:35	88.000	88.075	87.940	87.955	5
2026-07-27 19:40	87.960	88.040	87.870	87.910	5
2026-07-27 19:45	87.905	87.980	87.743	87.800	5
2026-07-27 19:50	87.795	87.815	87.680	87.725	5
2026-07-27 19:55	87.715	87.825	87.663	87.720	5
2026-07-27 20:00	87.715	87.747	87.647	87.737	5
2026-07-27 20:05	87.732	87.752	87.482	87.517	5
2026-07-27 20:10	87.477	87.557	87.467	87.512	5
2026-07-27 20:15	87.493	87.707	87.493	87.692	5
2026-07-27 20:20	87.697	87.777	87.537	87.557	5
2026-07-27 20:25	87.572	87.637	87.537	87.602	5
2026-07-27 20:30	87.607	87.732	87.607	87.707	5
2026-07-27 20:35	87.687	87.782	87.637	87.782	5
2026-07-27 20:40	87.787	87.787	87.777	87.787	1
2026-07-28 00:00	85.367	85.417	85.157	85.307	5
2026-07-28 00:05	85.305	85.390	85.205	85.350	5
2026-07-28 00:10	85.325	85.415	85.250	85.295	5
2026-07-28 00:15	85.290	85.290	85.035	85.035	5
2026-07-28 00:20	85.025	85.110	84.945	85.035	5
2026-07-28 00:25	85.040	85.135	84.960	85.097	5
2026-07-28 00:30	85.105	85.210	85.085	85.140	5
2026-07-28 00:35	85.135	85.240	85.130	85.240	5
2026-07-28 00:40	85.250	85.375	85.235	85.350	5
2026-07-28 00:45	85.345	85.410	85.325	85.355	5
2026-07-28 00:50	85.350	85.555	85.350	85.510	5
2026-07-28 00:55	85.490	85.505	85.365	85.445	5
2026-07-28 01:00	85.427	85.570	85.145	85.300	5
2026-07-28 01:05	85.290	85.290	85.135	85.195	5
2026-07-28 01:10	85.200	85.250	85.043	85.165	5
2026-07-28 01:15	85.170	85.315	85.170	85.230	5
2026-07-28 01:20	85.235	85.245	84.983	85.000	5
2026-07-28 01:25	85.010	85.065	84.843	84.975	5
2026-07-28 01:30	84.970	85.190	84.965	85.190	5
2026-07-28 01:35	85.195	85.215	85.095	85.140	5
2026-07-28 01:40	85.135	85.280	85.120	85.230	5
2026-07-28 01:45	85.225	85.365	85.175	85.320	5
2026-07-28 01:50	85.330	85.415	85.295	85.395	5
2026-07-28 01:55	85.390	85.390	84.995	84.995	5
2026-07-28 02:00	85.005	85.135	84.950	84.965	5
2026-07-28 02:05	84.960	84.965	84.735	84.930	5
2026-07-28 02:10	84.940	85.010	84.875	84.905	5
2026-07-28 02:15	84.907	84.915	84.595	84.620	5
2026-07-28 02:20	84.625	84.825	84.553	84.735	5
2026-07-28 02:25	84.740	84.840	84.635	84.657	5
2026-07-28 02:30	84.660	84.700	84.518	84.645	5
2026-07-28 02:35	84.640	84.690	84.575	84.690	5
2026-07-28 02:40	84.685	84.685	84.485	84.505	5
2026-07-28 02:45	84.510	84.560	84.443	84.485	5
2026-07-28 02:50	84.490	84.500	84.175	84.220	5
2026-07-28 02:55	84.215	84.285	84.167	84.285	5
2026-07-28 03:00	84.300	84.385	84.065	84.155	5
2026-07-28 03:05	84.145	84.300	84.118	84.290	5
2026-07-28 03:10	84.300	84.380	84.280	84.335	5
2026-07-28 03:15	84.340	84.585	84.290	84.510	5
2026-07-28 03:20	84.505	84.605	84.450	84.540	5
2026-07-28 03:25	84.535	84.670	84.505	84.650	5
2026-07-28 03:30	84.640	84.750	84.610	84.700	5
2026-07-28 03:35	84.705	84.820	84.705	84.790	5
2026-07-28 03:40	84.795	84.830	84.720	84.725	5
2026-07-28 03:45	84.720	84.755	84.710	84.730	5
2026-07-28 03:50	84.725	84.810	84.725	84.800	5
2026-07-28 03:55	84.815	84.840	84.730	84.840	5
2026-07-28 04:00	84.830	84.840	84.795	84.820	5
2026-07-28 04:05	84.830	84.950	84.825	84.875	5
2026-07-28 04:10	84.870	85.110	84.870	85.090	5
2026-07-28 04:15	85.100	85.170	84.905	84.910	5
2026-07-28 04:20	84.905	84.950	84.843	84.910	5
2026-07-28 04:25	84.915	84.950	84.895	84.920	5
2026-07-28 04:30	84.900	84.960	84.890	84.940	5
2026-07-28 04:35	84.950	84.970	84.900	84.900	5
2026-07-28 04:40	84.895	84.950	84.803	84.895	5
2026-07-28 04:45	84.890	84.910	84.820	84.850	5
2026-07-28 04:50	84.840	84.875	84.835	84.870	5
2026-07-28 04:55	84.865	84.870	84.783	84.830	5
2026-07-28 05:00	84.835	84.875	84.767	84.795	5
2026-07-28 05:05	84.800	84.845	84.775	84.805	5
2026-07-28 05:10	84.810	84.850	84.745	84.805	5
2026-07-28 05:15	84.795	84.850	84.730	84.815	5
2026-07-28 05:20	84.820	84.820	84.685	84.690	5
2026-07-28 05:25	84.685	84.840	84.618	84.830	5
2026-07-28 05:30	84.840	85.185	84.823	85.180	5
2026-07-28 05:35	85.170	85.535	85.105	85.445	5
2026-07-28 05:40	85.447	85.560	85.265	85.270	5
2026-07-28 05:45	85.275	85.280	85.115	85.180	5
2026-07-28 05:50	85.175	85.290	85.125	85.250	5
2026-07-28 05:55	85.245	85.470	85.220	85.315	5
2026-07-28 06:00	85.330	85.405	85.145	85.365	5
2026-07-28 06:05	85.360	85.480	85.345	85.395	5
2026-07-28 06:10	85.400	85.450	85.335	85.340	5
2026-07-28 06:15	85.355	85.360	85.215	85.230	5
2026-07-28 06:20	85.220	85.365	85.097	85.180	5
2026-07-28 06:25	85.185	85.185	84.925	84.985	5
2026-07-28 06:30	84.980	85.040	84.590	84.605	5
2026-07-28 06:35	84.600	84.625	84.275	84.435	5
2026-07-28 06:40	84.445	84.485	84.000	84.075	5
2026-07-28 06:45	84.095	84.230	83.985	84.115	5
2026-07-28 06:50	84.120	84.170	83.758	83.820	5
2026-07-28 06:55	83.830	83.910	83.665	83.875	5
2026-07-28 07:00	83.870	84.250	83.765	84.190	5
2026-07-28 07:05	84.185	84.265	84.000	84.055	5
2026-07-28 07:10	84.060	84.480	84.055	84.480	5
2026-07-28 07:15	84.485	84.510	84.290	84.310	5
2026-07-28 07:20	84.305	84.305	84.095	84.220	5
2026-07-28 07:25	84.225	84.470	84.120	84.410	5
2026-07-28 07:30	84.390	84.510	84.310	84.425	5
2026-07-28 07:35	84.420	84.655	84.340	84.510	5
2026-07-28 07:40	84.525	84.585	84.433	84.560	5
2026-07-28 07:45	84.555	84.570	84.430	84.445	5
2026-07-28 07:50	84.430	84.445	83.720	83.750	5
2026-07-28 07:55	83.745	83.905	83.700	83.890	5
2026-07-28 08:00	83.915	83.945	83.755	83.890	5
2026-07-28 08:05	83.880	83.925	83.630	83.780	5
2026-07-28 08:10	83.770	83.965	83.588	83.860	5
2026-07-28 08:15	83.870	83.975	83.617	83.830	5
2026-07-28 08:20	83.840	83.845	83.450	83.500	5
2026-07-28 08:25	83.510	83.605	83.325	83.325	5
2026-07-28 08:30	83.330	83.575	83.215	83.255	5
2026-07-28 08:35	83.260	83.340	83.103	83.295	5
2026-07-28 08:40	83.300	83.425	83.155	83.255	5
2026-07-28 08:45	83.260	83.270	82.983	83.130	5
2026-07-28 08:50	83.135	83.205	82.840	83.150	5
2026-07-28 08:55	83.165	83.300	83.103	83.230	5
2026-07-28 09:00	83.240	83.660	83.193	83.615	5
2026-07-28 09:05	83.610	83.715	83.448	83.645	5
2026-07-28 09:10	83.640	83.925	83.598	83.905	5
2026-07-28 09:15	83.890	84.050	83.775	83.835	5
2026-07-28 09:20	83.830	83.840	83.540	83.570	5
2026-07-28 09:25	83.575	83.585	83.343	83.425	5
2026-07-28 09:30	83.420	83.730	83.363	83.600	5
2026-07-28 09:35	83.595	83.835	83.590	83.820	5
2026-07-28 09:40	83.830	83.835	83.640	83.760	5
2026-07-28 09:45	83.755	83.880	83.690	83.840	5
2026-07-28 09:50	83.815	83.835	83.578	83.660	5
2026-07-28 09:55	83.665	83.695	83.583	83.665	5
2026-07-28 10:00	83.665	83.805	83.620	83.795	5
2026-07-28 10:05	83.790	83.910	83.765	83.865	5
2026-07-28 10:10	83.870	83.885	83.720	83.830	5
2026-07-28 10:15	83.840	84.075	83.830	84.050	5
2026-07-28 10:20	84.040	84.150	84.000	84.105	5
2026-07-28 10:25	84.110	84.265	84.073	84.220	5
2026-07-28 10:30	84.215	84.280	84.100	84.115	5
2026-07-28 10:35	84.120	84.465	83.858	83.965	5
2026-07-28 10:40	83.960	84.090	83.925	84.040	5
2026-07-28 10:45	84.030	84.100	83.920	84.040	5
2026-07-28 10:50	84.045	84.090	83.935	84.006	5
2026-07-28 10:55	84.016	84.136	83.990	84.116	5
2026-07-28 11:00	84.106	84.106	83.926	83.986	5
2026-07-28 11:05	83.996	84.260	83.977	84.256	5
2026-07-28 11:10	84.256	84.280	84.185	84.186	5
2026-07-28 11:15	84.195	84.195	83.655	83.975	5
2026-07-28 11:20	83.976	84.116	83.946	84.116	5
2026-07-28 11:25	84.116	84.225	84.066	84.225	5
2026-07-28 11:30	84.220	84.350	84.155	84.315	5
2026-07-28 11:35	84.320	84.565	84.306	84.545	5
2026-07-28 11:40	84.536	84.660	84.486	84.575	5
2026-07-28 11:45	84.570	84.660	84.510	84.635	5
2026-07-28 11:50	84.650	84.696	84.576	84.685	5
2026-07-28 11:55	84.676	84.695	84.486	84.575	5
2026-07-28 12:00	84.546	84.590	84.305	84.325	5
2026-07-28 12:05	84.320	84.390	84.196	84.326	5
2026-07-28 12:10	84.340	84.515	84.334	84.446	5
2026-07-28 12:15	84.440	84.590	84.406	84.516	5
2026-07-28 12:20	84.525	84.540	84.216	84.226	5
2026-07-28 12:25	84.235	84.500	84.204	84.426	5
2026-07-28 12:30	84.420	84.425	84.214	84.296	5
2026-07-28 12:35	84.295	84.325	83.910	84.045	5
2026-07-28 12:40	84.036	84.095	83.864	84.010	5
2026-07-28 12:45	84.000	84.020	83.885	83.995	5
2026-07-28 12:50	83.990	83.995	83.726	83.756	5
2026-07-28 12:55	83.765	83.776	83.575	83.705	5
2026-07-28 13:00	83.730	84.245	83.704	84.196	5
2026-07-28 13:05	84.190	84.235	84.026	84.126	5
2026-07-28 13:10	84.126	84.270	84.126	84.166	5
2026-07-28 13:15	84.150	84.206	84.066	84.096	5
2026-07-28 13:20	84.090	84.096	83.827	83.916	5
2026-07-28 13:25	83.900	84.140	83.865	83.966	5
2026-07-28 13:30	83.970	84.024	83.594	83.626	5
2026-07-28 13:35	83.626	83.910	83.575	83.806	5
2026-07-28 13:40	83.804	83.835	83.616	83.805	5
2026-07-28 13:45	83.776	84.060	83.765	84.016	5
2026-07-28 13:50	84.006	84.120	83.985	84.074	5
2026-07-28 13:55	84.085	84.230	84.015	84.026	5
2026-07-28 14:00	84.020	84.426	84.016	84.365	5
2026-07-28 14:05	84.350	84.415	84.136	84.186	5
2026-07-28 14:10	84.184	84.275	83.984	83.996	5
2026-07-28 14:15	83.994	84.005	83.854	83.936	5
2026-07-28 14:20	83.930	83.985	83.805	83.960	5
2026-07-28 14:25	83.965	84.006	83.645	83.756	5
2026-07-28 14:30	83.746	83.815	83.544	83.755	5
2026-07-28 14:35	83.754	83.860	83.546	83.860	5
2026-07-28 14:40	83.856	84.030	83.754	84.006	5
2026-07-28 14:45	84.020	84.045	83.885	83.986	5
2026-07-28 14:50	83.980	84.136	83.926	83.926	5
2026-07-28 14:55	83.926	84.085	83.926	84.035	5
2026-07-28 15:00	84.030	84.056	83.806	84.045	5
2026-07-28 15:05	84.040	84.105	83.906	83.984	5
2026-07-28 15:10	83.874	83.915	82.985	83.160	5
2026-07-28 15:15	83.165	83.235	82.484	82.484	5
2026-07-28 15:20	82.486	82.770	82.165	82.536	5
2026-07-28 15:25	82.535	82.590	82.097	82.300	5
2026-07-28 15:30	82.306	82.400	81.935	82.080	5
2026-07-28 15:35	82.075	82.200	81.825	82.180	5
2026-07-28 15:40	82.185	82.260	81.834	81.910	5
2026-07-28 15:45	81.900	82.166	81.875	82.146	5
2026-07-28 15:50	82.150	82.170	81.476	81.496	5
2026-07-28 15:55	81.510	81.550	81.175	81.246	5
2026-07-28 16:00	81.260	81.535	81.250	81.486	5
2026-07-28 16:05	81.480	81.655	81.455	81.535	5
2026-07-28 16:10	81.526	81.626	81.346	81.365	5
2026-07-28 16:15	81.356	81.360	81.084	81.095	5
2026-07-28 16:20	81.100	81.390	81.086	81.355	5
2026-07-28 16:25	81.354	81.365	81.086	81.175	5
2026-07-28 16:30	81.160	81.286	80.795	80.966	5
2026-07-28 16:35	80.965	80.980	80.705	80.766	5
2026-07-28 16:40	80.760	81.035	80.654	81.015	5
2026-07-28 16:45	81.020	81.675	80.985	81.595	5
2026-07-28 16:50	81.596	81.600	81.166	81.170	5
2026-07-28 16:55	81.175	81.470	81.166	81.426	5
2026-07-28 17:00	81.454	81.595	81.346	81.376	5
2026-07-28 17:05	81.366	81.450	81.164	81.346	5
2026-07-28 17:10	81.345	81.765	81.315	81.676	5
2026-07-28 17:15	81.675	81.960	81.645	81.785	5
2026-07-28 17:20	81.745	81.815	81.150	81.796	5
2026-07-28 17:25	81.805	81.995	81.734	81.986	5
2026-07-28 17:30	81.980	82.016	81.765	81.815	5
2026-07-28 17:35	81.816	82.060	81.776	81.996	5
2026-07-28 17:40	82.005	82.175	81.966	82.106	5
2026-07-28 17:45	82.105	82.270	81.975	81.980	5
2026-07-28 17:50	81.990	82.200	81.950	82.156	5
2026-07-28 17:55	82.175	82.410	82.126	82.165	5
2026-07-28 18:00	82.170	82.180	81.896	81.916	5
2026-07-28 18:05	81.926	81.950	81.690	81.720	5
2026-07-28 18:10	81.710	81.826	81.646	81.806	5
2026-07-28 18:15	81.805	82.060	81.776	81.856	5
2026-07-28 18:20	81.855	81.935	81.784	81.795	5
2026-07-28 18:25	81.800	82.150	81.620	82.105	5
2026-07-28 18:30	82.105	82.225	82.030	82.045	5
2026-07-28 18:35	82.050	82.090	81.935	81.990	5
2026-07-28 18:40	81.995	82.080	81.955	82.050	5
2026-07-28 18:45	82.045	82.070	81.944	81.970	5
2026-07-28 18:50	81.965	81.980	81.745	81.920	5
2026-07-28 18:55	81.926	81.980	81.886	81.965	5
2026-07-28 19:00	81.970	81.985	81.775	81.800	5
2026-07-28 19:05	81.795	81.860	81.735	81.826	5
2026-07-28 19:10	81.825	81.905	81.810	81.860	5
2026-07-28 19:15	81.865	81.875	81.760	81.766	5
2026-07-28 19:20	81.775	81.830	81.730	81.736	5
2026-07-28 19:25	81.745	81.755	81.676	81.715	5
2026-07-28 19:30	81.710	81.810	81.685	81.705	5
2026-07-28 19:35	81.700	81.815	81.696	81.735	5
2026-07-28 19:40	81.730	81.825	81.715	81.790	5
2026-07-28 19:45	81.795	81.825	81.676	81.676	5
2026-07-28 19:50	81.675	81.800	81.666	81.780	5
2026-07-28 19:55	81.775	81.890	81.730	81.850	5
2026-07-28 20:00	81.865	81.937	81.837	81.902	5
2026-07-28 20:05	81.892	81.907	81.837	81.877	5
2026-07-28 20:10	81.867	81.912	81.842	81.897	5
2026-07-28 20:15	81.892	81.912	81.802	81.802	5
2026-07-28 20:20	81.807	81.912	81.742	81.892	5
2026-07-28 20:25	81.917	81.962	81.902	81.952	5
2026-07-28 20:30	81.947	81.952	81.717	81.722	5
2026-07-28 20:35	81.707	81.987	81.697	81.952	5
2026-07-28 20:40	81.962	81.982	81.792	81.822	5
2026-07-28 20:45	81.802	81.952	81.802	81.947	5
2026-07-28 20:50	81.937	81.962	81.797	81.932	5
2026-07-28 20:55	81.927	81.957	81.772	81.782	5
2026-07-29 00:00	84.092	84.527	84.067	84.320	5
2026-07-29 00:05	84.325	84.570	84.320	84.516	5
2026-07-29 00:10	84.530	84.610	84.405	84.415	5
2026-07-29 00:15	84.405	84.500	84.270	84.420	5
2026-07-29 00:20	84.400	84.450	84.077	84.160	5
2026-07-29 00:25	84.170	84.305	84.165	84.270	5
2026-07-29 00:30	84.275	84.670	84.275	84.665	5
2026-07-29 00:35	84.655	84.915	84.655	84.915	5
2026-07-29 00:40	84.905	84.930	84.765	84.770	5
2026-07-29 00:45	84.775	84.970	84.740	84.925	5
2026-07-29 00:50	84.930	84.930	84.770	84.795	5
2026-07-29 00:55	84.800	84.865	84.700	84.805	5
2026-07-29 01:00	84.785	85.095	84.760	84.915	5
2026-07-29 01:05	84.907	85.045	84.805	85.020	5
2026-07-29 01:10	85.015	85.340	84.910	85.335	5
2026-07-29 01:15	85.340	85.405	85.180	85.250	5
2026-07-29 01:20	85.260	85.260	85.110	85.190	5
2026-07-29 01:25	85.185	85.190	85.007	85.060	5
2026-07-29 01:30	85.055	85.610	85.055	85.595	5
2026-07-29 01:35	85.590	85.590	85.456	85.540	5
2026-07-29 01:40	85.545	85.545	85.400	85.445	5
2026-07-29 01:45	85.450	85.470	85.355	85.370	5
2026-07-29 01:50	85.365	85.376	85.206	85.265	5
2026-07-29 01:55	85.270	85.315	85.125	85.250	5
2026-07-29 02:00	85.256	85.330	85.200	85.285	5
2026-07-29 02:05	85.290	85.300	85.145	85.150	5
2026-07-29 02:10	85.155	85.206	85.110	85.166	5
2026-07-29 02:15	85.165	85.175	85.090	85.100	5
2026-07-29 02:20	85.095	85.095	84.950	84.970	5
2026-07-29 02:25	84.960	84.985	84.910	84.920	5
2026-07-29 02:30	84.905	84.915	84.655	84.695	5
2026-07-29 02:35	84.705	84.725	84.600	84.706	5
2026-07-29 02:40	84.685	84.865	84.676	84.825	5
2026-07-29 02:45	84.815	84.845	84.690	84.720	5
2026-07-29 02:50	84.735	84.830	84.715	84.795	5
2026-07-29 02:55	84.800	84.880	84.750	84.856	5
2026-07-29 03:00	84.865	84.995	84.850	84.965	5
2026-07-29 03:05	84.970	85.056	84.965	85.050	5
2026-07-29 03:10	85.055	85.100	85.025	85.070	5
2026-07-29 03:15	85.065	85.096	84.980	85.075	5
2026-07-29 03:20	85.070	85.140	85.000	85.010	5
2026-07-29 03:25	85.015	85.040	84.940	84.995	5
2026-07-29 03:30	85.000	85.200	85.000	85.196	5
2026-07-29 03:35	85.195	85.200	85.110	85.135	5
2026-07-29 03:40	85.130	85.205	85.120	85.190	5
2026-07-29 03:45	85.184	85.205	85.125	85.170	5
2026-07-29 03:50	85.175	85.315	85.165	85.300	5
2026-07-29 03:55	85.295	85.350	85.285	85.285	5
2026-07-29 04:00	85.235	85.255	85.195	85.205	5
2026-07-29 04:05	85.215	85.220	85.130	85.160	5
2026-07-29 04:10	85.155	85.210	85.155	85.200	5
2026-07-29 04:15	85.195	85.240	85.130	85.130	5
2026-07-29 04:20	85.135	85.156	85.120	85.145	5
2026-07-29 04:25	85.140	85.185	85.065	85.070	5
2026-07-29 04:30	85.060	85.070	84.910	84.970	5
2026-07-29 04:35	84.965	84.970	84.855	84.886	5
2026-07-29 04:40	84.895	84.905	84.720	84.740	5
2026-07-29 04:45	84.735	84.765	84.625	84.630	5
2026-07-29 04:50	84.625	84.645	84.416	84.470	5
2026-07-29 04:55	84.475	84.650	84.475	84.635	5
2026-07-29 05:00	84.630	84.720	84.424	84.510	5
2026-07-29 05:05	84.520	84.530	84.385	84.456	5
2026-07-29 05:10	84.465	84.505	84.390	84.425	5
2026-07-29 05:15	84.415	84.465	84.344	84.450	5
2026-07-29 05:20	84.435	84.595	84.400	84.550	5
2026-07-29 05:25	84.550	84.570	84.390	84.440	5
2026-07-29 05:30	84.430	84.540	84.325	84.515	5
2026-07-29 05:35	84.505	84.585	84.450	84.565	5
2026-07-29 05:40	84.570	84.680	84.350	84.420	5
2026-07-29 05:45	84.415	84.550	84.385	84.525	5
2026-07-29 05:50	84.535	84.565	84.340	84.425	5
2026-07-29 05:55	84.415	84.676	84.335	84.660	5
2026-07-29 06:00	84.675	84.750	84.455	84.650	5
2026-07-29 06:05	84.660	84.910	84.615	84.805	5
2026-07-29 06:10	84.810	84.910	84.730	84.800	5
2026-07-29 06:15	84.790	84.870	84.650	84.830	5
2026-07-29 06:20	84.845	84.875	84.675	84.750	5
2026-07-29 06:25	84.770	84.845	84.685	84.820	5
2026-07-29 06:30	84.800	84.856	84.675	84.690	5
2026-07-29 06:35	84.680	84.765	84.500	84.516	5
2026-07-29 06:40	84.525	84.545	84.290	84.330	5
2026-07-29 06:45	84.325	84.510	84.304	84.500	5
2026-07-29 06:50	84.505	84.520	84.375	84.470	5
2026-07-29 06:55	84.475	84.660	84.464	84.620	5
2026-07-29 07:00	84.620	84.680	84.510	84.570	5
2026-07-29 07:05	84.565	84.570	84.360	84.365	5
2026-07-29 07:10	84.360	84.500	84.320	84.456	5
2026-07-29 07:15	84.455	84.795	84.435	84.790	5
2026-07-29 07:20	84.795	84.860	84.640	84.766	5
2026-07-29 07:25	84.760	84.810	84.605	84.740	5
2026-07-29 07:30	84.740	84.805	84.540	84.665	5
2026-07-29 07:35	84.635	84.645	84.350	84.365	5
2026-07-29 07:40	84.370	84.525	84.340	84.440	5
2026-07-29 07:45	84.430	84.760	84.405	84.760	5
2026-07-29 07:50	84.770	84.885	84.685	84.835	5
2026-07-29 07:55	84.840	84.890	84.630	84.640	5
2026-07-29 08:00	84.650	84.770	84.550	84.590	5
2026-07-29 08:05	84.585	84.775	84.455	84.735	5
2026-07-29 08:10	84.740	84.760	84.390	84.420	5
2026-07-29 08:15	84.425	84.505	84.270	84.445	5
2026-07-29 08:20	84.440	84.710	84.420	84.670	5
2026-07-29 08:25	84.660	84.945	84.610	84.845	5
2026-07-29 08:30	84.830	84.975	84.660	84.770	5
2026-07-29 08:35	84.775	84.820	84.510	84.580	5
2026-07-29 08:40	84.585	84.730	84.520	84.600	5
2026-07-29 08:45	84.605	84.615	84.370	84.400	5
2026-07-29 08:50	84.410	84.555	84.274	84.525	5
2026-07-29 08:55	84.530	84.660	84.490	84.600	5
2026-07-29 09:00	84.610	84.855	84.610	84.850	5
2026-07-29 09:05	84.845	84.845	84.715	84.740	5
2026-07-29 09:10	84.745	84.765	84.660	84.710	5
2026-07-29 09:15	84.705	84.765	84.620	84.760	5
2026-07-29 09:20	84.770	84.800	84.530	84.615	5
2026-07-29 09:25	84.620	84.805	84.580	84.745	5
2026-07-29 09:30	84.750	84.946	84.670	84.925	5
2026-07-29 09:35	84.926	85.085	84.860	84.935	5
2026-07-29 09:40	84.900	84.930	84.825	84.890	5
2026-07-29 09:45	84.890	84.890	84.740	84.820	5
2026-07-29 09:50	84.825	84.925	84.755	84.925	5
2026-07-29 09:55	84.920	85.050	84.865	84.890	5
2026-07-29 10:00	84.895	84.995	84.730	84.780	5
2026-07-29 10:05	84.785	85.310	84.745	85.130	5
2026-07-29 10:10	85.136	85.350	85.080	85.290	5
2026-07-29 10:15	85.300	85.410	85.176	85.300	5
2026-07-29 10:20	85.305	85.440	85.284	85.330	5
2026-07-29 10:25	85.335	85.445	85.220	85.440	5
2026-07-29 10:30	85.435	85.470	85.327	85.460	5
2026-07-29 10:35	85.465	85.805	85.420	85.785	5
2026-07-29 10:40	85.786	85.836	85.614	85.675	5
2026-07-29 10:45	85.670	85.825	85.655	85.825	5
2026-07-29 10:50	85.815	85.940	85.790	85.935	5
2026-07-29 10:55	85.945	85.975	85.855	85.870	5
2026-07-29 11:00	85.836	85.950	85.790	85.870	5
2026-07-29 11:05	85.875	85.890	85.706	85.730	5
2026-07-29 11:10	85.735	85.860	85.735	85.845	5
2026-07-29 11:15	85.850	85.875	85.674	85.820	5
2026-07-29 11:20	85.830	85.865	85.760	85.800	5
2026-07-29 11:25	85.795	85.800	85.510	85.535	5
2026-07-29 11:30	85.540	85.700	85.515	85.640	5
2026-07-29 11:35	85.635	85.645	85.520	85.536	5
2026-07-29 11:40	85.530	85.660	85.490	85.635	5
2026-07-29 11:45	85.620	85.710	85.005	85.190	5
2026-07-29 11:50	85.196	85.460	85.185	85.390	5
2026-07-29 11:55	85.395	85.415	85.206	85.206	5
2026-07-29 12:00	85.225	85.370	85.170	85.350	5
2026-07-29 12:05	85.355	85.560	85.330	85.525	5
2026-07-29 12:10	85.526	85.740	85.490	85.670	5
2026-07-29 12:15	85.675	87.045	85.660	87.006	5
2026-07-29 12:20	87.000	87.045	86.617	86.995	5
2026-07-29 12:25	86.990	87.055	86.780	86.990	5
2026-07-29 12:30	86.997	87.195	86.785	86.785	5
2026-07-29 12:35	86.795	86.860	86.535	86.594	5
2026-07-29 12:40	86.620	86.700	86.580	86.600	5
2026-07-29 12:45	86.580	86.710	86.495	86.645	5
2026-07-29 12:50	86.655	86.946	86.655	86.945	5
2026-07-29 12:55	86.940	87.045	86.825	86.836	5
2026-07-29 13:00	86.845	87.065	86.676	86.910	5
2026-07-29 13:05	86.915	87.030	86.820	86.820	5
2026-07-29 13:10	86.825	86.900	86.745	86.745	5
2026-07-29 13:15	86.780	86.895	86.605	86.880	5
2026-07-29 13:20	86.874	86.935	86.610	86.650	5
2026-07-29 13:25	86.660	86.795	86.595	86.790	5
2026-07-29 13:30	86.765	87.080	86.745	86.965	5
2026-07-29 13:35	86.970	87.030	86.750	86.770	5
2026-07-29 13:40	86.775	86.910	86.715	86.900	5
2026-07-29 13:45	86.905	87.255	86.865	87.095	5
2026-07-29 13:50	87.100	87.245	87.075	87.215	5
2026-07-29 13:55	87.220	87.320	87.195	87.255	5
2026-07-29 14:00	87.245	87.265	87.010	87.055	5
2026-07-29 14:05	87.075	87.075	86.840	86.975	5
2026-07-29 14:10	86.985	87.045	86.880	87.006	5
2026-07-29 14:15	87.015	87.160	86.926	87.035	5
2026-07-29 14:20	87.030	87.070	86.890	87.050	5
2026-07-29 14:25	87.040	87.425	87.040	87.407	5
2026-07-29 14:30	87.415	87.550	87.365	87.415	5
2026-07-29 14:35	87.405	87.530	87.355	87.375	5
2026-07-29 14:40	87.370	87.630	87.355	87.570	5
2026-07-29 14:45	87.575	87.765	87.565	87.670	5
2026-07-29 14:50	87.685	87.815	87.514	87.785	5
2026-07-29 14:55	87.790	87.975	87.676	87.890	5
2026-07-29 15:00	87.885	88.105	87.870	87.946	5
2026-07-29 15:05	87.955	87.990	87.675	87.720	5
2026-07-29 15:10	87.715	87.780	87.480	87.640	5
2026-07-29 15:15	87.625	88.010	87.620	87.990	5
2026-07-29 15:20	87.995	88.060	87.765	87.795	5
2026-07-29 15:25	87.796	87.930	87.635	87.750	5
2026-07-29 15:30	87.740	87.790	87.370	87.535	5
2026-07-29 15:35	87.540	87.645	87.445	87.475	5
2026-07-29 15:40	87.476	87.600	87.414	87.505	5
2026-07-29 15:45	87.515	87.555	87.385	87.555	5
2026-07-29 15:50	87.550	87.645	87.520	87.610	5
2026-07-29 15:55	87.615	87.950	87.615	87.915	5
2026-07-29 16:00	87.885	88.190	87.880	88.130	5
2026-07-29 16:05	88.085	88.085	87.900	88.036	5
2026-07-29 16:10	88.035	88.140	87.940	88.060	5
2026-07-29 16:15	88.065	88.105	87.734	87.925	5
2026-07-29 16:20	87.926	87.936	87.510	87.650	5
2026-07-29 16:25	87.645	87.690	87.475	87.490	5
2026-07-29 16:30	87.485	87.650	87.456	87.620	5
2026-07-29 16:35	87.610	87.745	87.550	87.715	5
2026-07-29 16:40	87.710	87.810	87.695	87.795	5
2026-07-29 16:45	87.800	87.815	87.715	87.765	5
2026-07-29 16:50	87.775	87.905	87.775	87.865	5
2026-07-29 16:55	87.876	87.900	87.814	87.815	5
2026-07-29 17:00	87.805	87.835	87.645	87.670	5
2026-07-29 17:05	87.665	87.755	87.640	87.745	5
2026-07-29 17:10	87.740	87.895	87.690	87.750	5
2026-07-29 17:15	87.755	87.846	87.730	87.785	5
2026-07-29 17:20	87.790	87.826	87.750	87.760	5
2026-07-29 17:25	87.755	87.915	87.565	87.610	5
2026-07-29 17:30	87.615	87.870	87.545	87.780	5
2026-07-29 17:35	87.790	87.790	87.530	87.550	5
2026-07-29 17:40	87.560	87.610	87.500	87.565	5
2026-07-29 17:45	87.566	87.670	87.505	87.665	5
2026-07-29 17:50	87.670	87.865	87.645	87.820	5
2026-07-29 17:55	87.830	87.880	87.785	87.835	5
2026-07-29 18:00	87.840	88.085	87.710	87.930	5
2026-07-29 18:05	87.910	87.986	87.875	87.895	5
2026-07-29 18:10	87.900	88.100	87.900	87.940	5
2026-07-29 18:15	87.930	88.260	87.840	88.220	5
2026-07-29 18:20	88.225	88.330	88.045	88.314	5
2026-07-29 18:25	88.320	88.350	87.955	88.070	5
2026-07-29 18:30	88.075	88.394	88.060	88.285	5
2026-07-29 18:35	88.270	88.310	88.160	88.190	5
2026-07-29 18:40	88.200	88.240	87.964	88.005	5
2026-07-29 18:45	88.000	88.010	87.780	88.010	5
2026-07-29 18:50	88.014	88.070	87.910	87.920	5
2026-07-29 18:55	87.925	87.965	87.765	87.770	5
2026-07-29 19:00	87.774	87.810	87.676	87.750	5
2026-07-29 19:05	87.745	87.860	87.676	87.765	5
2026-07-29 19:10	87.770	87.815	87.605	87.790	5
2026-07-29 19:15	87.795	87.815	87.495	87.525	5
2026-07-29 19:20	87.520	88.070	87.475	87.860	5
2026-07-29 19:25	87.840	88.060	87.800	88.010	5
2026-07-29 19:30	88.020	88.560	87.985	88.380	5
2026-07-29 19:35	88.360	88.460	88.137	88.240	5
2026-07-29 19:40	88.245	88.335	88.160	88.176	5
2026-07-29 19:45	88.175	88.210	87.980	88.176	5
2026-07-29 19:50	88.194	88.370	88.164	88.360	5
2026-07-29 19:55	88.365	88.385	88.225	88.280	5
2026-07-29 20:00	88.275	88.334	88.124	88.164	5
2026-07-29 20:05	88.163	88.184	88.054	88.164	5
2026-07-29 20:10	88.154	88.217	88.104	88.194	5
2026-07-29 20:15	88.214	88.274	88.184	88.244	5
2026-07-29 20:20	88.234	88.444	88.224	88.444	5
2026-07-29 20:25	88.454	88.474	88.354	88.364	5
2026-07-29 20:30	88.354	88.354	88.244	88.264	5
2026-07-29 20:35	88.264	88.274	88.164	88.184	5
2026-07-29 20:40	88.184	88.204	88.094	88.114	5
2026-07-29 20:45	88.114	88.144	88.024	88.144	5
2026-07-29 20:50	88.134	88.154	87.994	87.994	5
2026-07-29 20:55	87.994	88.124	87.984	88.104	5
2026-07-30 00:00	87.697	87.717	87.454	87.695	5
2026-07-30 00:05	87.684	87.705	87.575	87.605	5
2026-07-30 00:10	87.615	87.705	87.365	87.395	5
2026-07-30 00:15	87.435	87.465	86.897	87.007	5
2026-07-30 00:20	87.015	87.297	87.015	87.270	5
2026-07-30 00:25	87.275	87.610	87.177	87.575	5
2026-07-30 00:30	87.585	87.750	87.500	87.645	5
2026-07-30 00:35	87.647	87.770	87.605	87.755	5
2026-07-30 00:40	87.765	87.880	87.725	87.875	5
2026-07-30 00:45	87.880	88.060	87.855	87.905	5
2026-07-30 00:50	87.910	88.105	87.910	88.090	5
2026-07-30 00:55	88.085	88.160	88.040	88.065	5
2026-07-30 01:00	88.035	88.054	87.560	87.670	5
2026-07-30 01:05	87.675	87.705	87.305	87.445	5
2026-07-30 01:10	87.455	87.565	87.300	87.525	5
2026-07-30 01:15	87.535	87.585	87.365	87.425	5
2026-07-30 01:20	87.420	87.655	87.335	87.505	5
2026-07-30 01:25	87.497	87.585	87.425	87.525	5
2026-07-30 01:30	87.530	87.560	87.275	87.315	5
2026-07-30 01:35	87.320	87.390	87.185	87.350	5
2026-07-30 01:40	87.345	87.365	87.195	87.205	5
2026-07-30 01:45	87.206	87.370	87.145	87.295	5
2026-07-30 01:50	87.300	87.350	87.185	87.290	5
2026-07-30 01:55	87.315	87.350	87.245	87.275	5
2026-07-30 02:00	87.285	87.295	87.160	87.205	5
2026-07-30 02:05	87.215	87.277	87.160	87.185	5
2026-07-30 02:10	87.195	87.275	87.180	87.180	5
2026-07-30 02:15	87.180	87.220	87.120	87.176	5
2026-07-30 02:20	87.185	87.236	87.127	87.235	5
2026-07-30 02:25	87.230	87.285	87.000	87.015	5
2026-07-30 02:30	87.020	87.045	86.800	86.920	5
2026-07-30 02:35	86.935	87.075	86.910	86.985	5
2026-07-30 02:40	86.990	87.115	86.967	87.045	5
2026-07-30 02:45	87.035	87.180	87.024	87.165	5
2026-07-30 02:50	87.175	87.185	86.865	86.875	5
2026-07-30 02:55	86.870	86.956	86.795	86.956	5
2026-07-30 03:00	86.970	86.970	86.810	86.855	5
2026-07-30 03:05	86.860	86.945	86.834	86.885	5
2026-07-30 03:10	86.880	86.940	86.840	86.865	5
2026-07-30 03:15	86.875	86.885	86.830	86.865	5
2026-07-30 03:20	86.885	87.020	86.855	87.005	5
2026-07-30 03:25	87.010	87.120	86.945	87.105	5
2026-07-30 03:30	87.100	87.100	87.010	87.070	5
2026-07-30 03:35	87.065	87.100	87.010	87.090	5
2026-07-30 03:40	87.085	87.140	87.060	87.120	5
2026-07-30 03:45	87.115	87.185	87.115	87.170	5
2026-07-30 03:50	87.175	87.265	87.170	87.265	5
2026-07-30 03:55	87.270	87.270	87.170	87.175	5
2026-07-30 04:00	87.190	87.240	87.165	87.190	5
2026-07-30 04:05	87.180	87.275	87.180	87.255	5
2026-07-30 04:10	87.245	87.275	87.240	87.270	5
2026-07-30 04:15	87.275	87.355	87.265	87.310	5
2026-07-30 04:20	87.300	87.300	87.190	87.220	5
2026-07-30 04:25	87.225	87.320	87.205	87.285	5
2026-07-30 04:30	87.275	87.285	87.230	87.255	5
2026-07-30 04:35	87.265	87.285	87.250	87.250	5
2026-07-30 04:40	87.230	87.365	87.180	87.340	5
2026-07-30 04:45	87.334	87.334	87.235	87.260	5
2026-07-30 04:50	87.285	87.470	87.264	87.456	5
2026-07-30 04:55	87.465	87.660	87.450	87.590	5
2026-07-30 05:00	87.585	87.670	87.550	87.550	5
2026-07-30 05:05	87.545	87.760	87.530	87.760	5
2026-07-30 05:10	87.755	87.955	87.694	87.935	5
2026-07-30 05:15	87.945	88.030	87.855	88.025	5
2026-07-30 05:20	88.020	88.225	88.005	88.150	5
2026-07-30 05:25	88.155	88.190	88.030	88.060	5
2026-07-30 05:30	88.075	88.735	88.050	88.535	5
2026-07-30 05:35	88.540	88.870	88.530	88.755	5
2026-07-30 05:40	88.760	88.760	88.550	88.585	5
2026-07-30 05:45	88.595	88.620	88.320	88.465	5
2026-07-30 05:50	88.460	88.960	88.435	88.890	5
2026-07-30 05:55	88.895	89.065	88.720	89.050	5
2026-07-30 06:00	89.045	89.115	88.864	88.895	5
2026-07-30 06:05	88.890	89.260	88.785	89.260	5
2026-07-30 06:10	89.265	89.364	89.220	89.330	5
2026-07-30 06:15	89.340	89.475	89.275	89.415	5
2026-07-30 06:20	89.410	89.475	89.190	89.250	5
2026-07-30 06:25	89.255	89.430	89.150	89.430	5
2026-07-30 06:30	89.420	89.475	89.176	89.190	5
2026-07-30 06:35	89.196	89.340	89.196	89.290	5
2026-07-30 06:40	89.305	89.345	89.145	89.275	5
2026-07-30 06:45	89.280	89.335	89.080	89.270	5
2026-07-30 06:50	89.280	89.345	89.120	89.220	5
2026-07-30 06:55	89.225	89.345	89.190	89.200	5
2026-07-30 07:00	89.160	89.165	88.436	88.520	5
2026-07-30 07:05	88.525	88.825	88.476	88.706	5
2026-07-30 07:10	88.700	88.880	88.624	88.676	5
2026-07-30 07:15	88.665	88.930	88.646	88.880	5
2026-07-30 07:20	88.875	89.036	88.606	88.620	5
2026-07-30 07:25	88.630	88.830	88.586	88.786	5
2026-07-30 07:30	88.795	89.036	88.686	89.006	5
2026-07-30 07:35	89.005	89.270	88.976	89.006	5
2026-07-30 07:40	89.005	89.025	88.734	88.756	5
2026-07-30 07:45	88.765	88.765	88.505	88.666	5
2026-07-30 07:50	88.666	88.710	88.246	88.360	5
2026-07-30 07:55	88.356	88.575	88.316	88.535	5
2026-07-30 08:00	88.516	88.776	88.336	88.366	5
2026-07-30 08:05	88.360	88.375	88.085	88.216	5
2026-07-30 08:10	88.215	88.315	88.085	88.295	5
2026-07-30 08:15	88.285	88.645	88.115	88.645	5
2026-07-30 08:20	88.675	88.740	88.455	88.575	5
2026-07-30 08:25	88.580	88.586	88.190	88.490	5
2026-07-30 08:30	88.500	88.550	87.836	87.966	5
2026-07-30 08:35	87.960	88.160	87.934	88.125	5
2026-07-30 08:40	88.125	88.346	87.966	88.346	5
2026-07-30 08:45	88.345	88.436	88.286	88.355	5
2026-07-30 08:50	88.350	88.555	88.345	88.516	5
2026-07-30 08:55	88.525	88.540	88.246	88.246	5
2026-07-30 09:00	88.260	88.370	88.046	88.046	5
2026-07-30 09:05	88.046	88.146	87.786	87.856	5
2026-07-30 09:10	87.865	88.120	87.535	87.760	5
2026-07-30 09:15	87.756	87.937	87.295	87.386	5
2026-07-30 09:20	87.395	87.596	87.264	87.576	5
2026-07-30 09:25	87.575	87.590	87.460	87.555	5
2026-07-30 09:30	87.540	87.766	87.540	87.716	5
2026-07-30 09:35	87.715	87.775	87.446	87.756	5
2026-07-30 09:40	87.765	87.850	87.546	87.595	5
2026-07-30 09:45	87.600	87.685	87.546	87.565	5
2026-07-30 09:50	87.555	87.766	87.496	87.705	5
2026-07-30 09:55	87.696	88.086	87.686	88.040	5
2026-07-30 10:00	88.050	88.200	88.044	88.166	5
2026-07-30 10:05	88.190	88.190	87.906	87.966	5
2026-07-30 10:10	87.985	88.106	87.916	88.026	5
2026-07-30 10:15	88.025	88.055	87.816	87.835	5
2026-07-30 10:20	87.836	87.910	87.785	87.790	5
2026-07-30 10:25	87.810	87.940	87.800	87.855	5
2026-07-30 10:30	87.855	87.890	87.636	87.856	5
2026-07-30 10:35	87.855	87.870	87.584	87.636	5
2026-07-30 10:40	87.625	87.630	86.855	87.196	5
2026-07-30 10:45	87.205	87.344	87.060	87.085	5
2026-07-30 10:50	87.070	87.300	86.946	87.255	5
2026-07-30 10:55	87.245	87.385	87.185	87.376	5
2026-07-30 11:00	87.396	87.540	87.305	87.436	5
2026-07-30 11:05	87.435	87.450	87.256	87.425	5
2026-07-30 11:10	87.430	87.456	87.316	87.316	5
2026-07-30 11:15	87.330	87.370	87.196	87.335	5
2026-07-30 11:20	87.334	87.515	87.270	87.276	5
2026-07-30 11:25	87.260	87.335	87.150	87.286	5
2026-07-30 11:30	87.265	87.330	86.986	87.095	5
2026-07-30 11:35	87.100	87.300	87.085	87.170	5
2026-07-30 11:40	87.175	87.245	86.996	87.100	5
2026-07-30 11:45	87.105	87.186	87.024	87.046	5
2026-07-30 11:50	87.040	87.175	86.985	87.045	5
2026-07-30 11:55	87.050	87.110	86.984	87.095	5
2026-07-30 12:00	87.120	87.400	87.096	87.250	5
2026-07-30 12:05	87.255	87.255	87.016	87.046	5
2026-07-30 12:10	87.055	87.180	87.036	87.136	5
2026-07-30 12:15	87.130	87.275	87.095	87.130	5
2026-07-30 12:20	87.135	87.275	87.116	87.236	5
2026-07-30 12:25	87.250	87.556	87.214	87.445	5
2026-07-30 12:30	87.450	87.450	87.246	87.246	5
2026-07-30 12:35	87.245	87.256	87.055	87.055	5
2026-07-30 12:40	87.054	87.230	86.985	87.046	5
2026-07-30 12:45	87.044	87.300	87.024	87.225	5
2026-07-30 12:50	87.230	87.475	87.226	87.406	5
2026-07-30 12:55	87.395	87.575	87.274	87.570	5
2026-07-30 13:00	87.566	87.566	87.036	87.196	5
2026-07-30 13:05	87.205	87.280	86.516	86.655	5
2026-07-30 13:10	86.656	86.800	86.250	86.305	5
2026-07-30 13:15	86.310	86.715	86.304	86.505	5
2026-07-30 13:20	86.500	86.715	86.486	86.596	5
2026-07-30 13:25	86.590	86.850	86.585	86.720	5
2026-07-30 13:30	86.725	86.936	86.546	86.876	5
2026-07-30 13:35	86.875	86.930	86.634	86.644	5
2026-07-30 13:40	86.654	86.814	86.634	86.784	5
2026-07-30 13:45	86.794	86.954	86.724	86.864	5
2026-07-30 13:50	86.864	86.994	86.734	86.744	5
2026-07-30 13:55	86.744	86.950	86.724	86.836	5
2026-07-30 14:00	86.840	87.190	86.676	86.785	5
2026-07-30 14:05	86.776	87.135	86.735	86.766	5
2026-07-30 14:10	86.760	86.906	86.664	86.855	5
2026-07-30 14:15	86.856	87.115	86.735	87.046	5
2026-07-30 14:20	87.055	87.197	86.966	87.030	5
2026-07-30 14:25	87.025	87.100	86.806	86.865	5
2026-07-30 14:30	86.860	87.190	86.860	87.086	5
2026-07-30 14:35	87.095	87.130	86.906	86.916	5
2026-07-30 14:40	86.916	87.125	86.905	86.945	5
2026-07-30 14:45	86.950	87.235	86.945	87.226	5
2026-07-30 14:50	87.220	87.335	87.106	87.145	5
2026-07-30 14:55	87.136	87.256	87.046	87.165	5
2026-07-30 15:00	87.175	87.356	87.135	87.310	5
2026-07-30 15:05	87.305	87.565	87.305	87.456	5
2026-07-30 15:10	87.455	87.675	87.285	87.376	5
2026-07-30 15:15	87.400	87.510	87.230	87.305	5
2026-07-30 15:20	87.300	87.300	87.046	87.060	5
2026-07-30 15:25	87.056	87.220	86.916	87.220	5
2026-07-30 15:30	87.230	87.370	87.136	87.370	5
2026-07-30 15:35	87.365	87.425	87.065	87.066	5
2026-07-30 15:40	87.055	87.075	86.615	86.795	5
2026-07-30 15:45	86.785	86.974	86.696	86.935	5
2026-07-30 15:50	86.926	87.136	86.816	87.116	5
2026-07-30 15:55	87.114	87.120	86.985	87.055	5
2026-07-30 16:00	87.070	87.106	86.986	86.995	5
2026-07-30 16:05	86.990	87.286	86.986	87.256	5
2026-07-30 16:10	87.270	87.270	87.040	87.145	5
2026-07-30 16:15	87.150	87.235	87.006	87.035	5
2026-07-30 16:20	87.030	87.040	86.756	86.856	5
2026-07-30 16:25	86.866	86.866	86.636	86.710	5
2026-07-30 16:30	86.706	86.890	86.674	86.846	5
2026-07-30 16:35	86.815	87.095	86.786	87.026	5
2026-07-30 16:40	87.035	87.045	86.914	86.995	5
2026-07-30 16:45	86.994	87.045	86.895	86.936	5
2026-07-30 16:50	86.930	87.130	86.895	87.025	5
2026-07-30 16:55	87.016	87.206	86.970	87.126	5
2026-07-30 17:00	87.135	87.170	86.986	86.996	5
2026-07-30 17:05	86.995	87.136	86.995	87.096	5
2026-07-30 17:10	87.094	87.166	86.966	87.085	5
2026-07-30 17:15	87.080	87.255	87.006	87.035	5
2026-07-30 17:20	87.040	87.040	86.816	86.906	5
2026-07-30 17:25	86.905	86.940	86.846	86.886	5
2026-07-30 17:30	86.895	86.915	86.746	86.796	5
2026-07-30 17:35	86.795	87.365	86.795	87.176	5
2026-07-30 17:40	87.200	87.200	86.826	86.915	5
2026-07-30 17:45	86.920	87.130	86.916	87.126	5
2026-07-30 17:50	87.135	87.140	86.946	86.966	5
2026-07-30 17:55	86.980	87.076	86.860	87.066	5
2026-07-30 18:00	87.055	87.240	86.996	87.115	5
2026-07-30 18:05	87.114	87.116	86.970	87.086	5
2026-07-30 18:10	87.085	87.246	87.046	87.166	5
2026-07-30 18:15	87.175	87.210	86.916	86.946	5
2026-07-30 18:20	86.946	87.065	86.916	87.055	5
2026-07-30 18:25	87.074	87.145	86.770	86.825	5
2026-07-30 18:30	86.830	86.945	86.780	86.900	5
2026-07-30 18:35	86.910	86.975	86.860	86.910	5
2026-07-30 18:40	86.900	86.975	86.830	86.900	5
2026-07-30 18:45	86.910	86.935	86.885	86.920	5
2026-07-30 18:50	86.915	86.935	86.775	86.820	5
2026-07-30 18:55	86.826	86.875	86.800	86.820	5
2026-07-30 19:00	86.815	86.915	86.775	86.915	5
2026-07-30 19:05	86.910	86.935	86.860	86.860	5
2026-07-30 19:10	86.855	86.970	86.830	86.890	5
2026-07-30 19:15	86.895	86.925	86.840	86.855	5
2026-07-30 19:20	86.850	86.915	86.830	86.906	5
2026-07-30 19:25	86.920	86.935	86.850	86.850	5
2026-07-30 19:30	86.860	86.875	86.780	86.855	5
2026-07-30 19:35	86.850	86.855	86.795	86.820	5
2026-07-30 19:40	86.826	86.975	86.800	86.970	5
2026-07-30 19:45	86.970	87.020	86.925	86.970	5
2026-07-30 19:50	86.980	87.025	86.925	87.025	5
2026-07-30 19:55	87.020	87.090	86.920	86.930	5
2026-07-30 20:00	86.926	86.940	86.837	86.877	5
2026-07-30 20:05	86.887	87.057	86.797	87.047	5
2026-07-30 20:10	87.047	87.077	87.002	87.067	5
2026-07-30 20:15	87.067	87.257	87.032	87.187	5
2026-07-30 20:20	87.182	87.307	87.172	87.292	5
2026-07-30 20:25	87.292	87.347	87.237	87.302	5
2026-07-30 20:30	87.277	87.394	87.257	87.312	5
2026-07-30 20:35	87.302	87.382	87.297	87.357	5
2026-07-30 20:40	87.374	87.374	87.182	87.207	5
2026-07-30 20:45	87.197	87.217	87.152	87.192	5
2026-07-30 20:50	87.187	87.212	87.147	87.167	5
2026-07-30 20:55	87.162	87.197	87.137	87.177	5
2026-07-31 00:00	87.224	87.385	87.207	87.375	5
2026-07-31 00:05	87.365	87.407	87.240	87.325	5
2026-07-31 00:10	87.315	87.426	87.315	87.397	5
2026-07-31 00:15	87.395	87.395	87.215	87.296	5
2026-07-31 00:20	87.295	87.350	87.275	87.315	5
2026-07-31 00:25	87.327	87.375	87.285	87.370	5
2026-07-31 00:30	87.360	87.375	87.265	87.370	5
2026-07-31 00:35	87.355	87.375	87.285	87.300	5
2026-07-31 00:40	87.290	87.310	87.035	87.040	5
2026-07-31 00:45	87.035	87.165	87.007	87.150	5
2026-07-31 00:50	87.140	87.140	87.000	87.040	5
2026-07-31 00:55	87.030	87.090	86.855	86.865	5
2026-07-31 01:00	86.855	86.855	85.827	85.987	5
2026-07-31 01:05	85.897	86.057	85.677	85.965	5
2026-07-31 01:10	85.985	86.287	85.805	86.285	5
2026-07-31 01:15	86.287	86.296	86.160	86.165	5
2026-07-31 01:20	86.175	86.400	86.165	86.330	5
2026-07-31 01:25	86.315	86.365	86.085	86.265	5
2026-07-31 01:30	86.260	86.376	86.085	86.085	5
2026-07-31 01:35	86.090	86.115	85.835	85.910	5
2026-07-31 01:40	85.915	86.140	85.905	86.135	5
2026-07-31 01:45	86.140	86.315	86.115	86.195	5
2026-07-31 01:50	86.185	86.185	85.947	85.985	5
2026-07-31 01:55	85.987	86.015	85.895	85.990	5
2026-07-31 02:00	85.965	85.965	85.695	85.705	5
2026-07-31 02:05	85.695	85.765	84.937	85.295	5
2026-07-31 02:10	85.307	85.525	85.195	85.515	5
2026-07-31 02:15	85.535	85.650	85.515	85.627	5
2026-07-31 02:20	85.625	85.740	85.597	85.615	5
2026-07-31 02:25	85.607	85.730	85.575	85.605	5
2026-07-31 02:30	85.595	85.785	85.577	85.775	5
2026-07-31 02:35	85.780	85.790	85.597	85.665	5
2026-07-31 02:40	85.647	85.690	85.565	85.660	5
2026-07-31 02:45	85.655	85.726	85.590	85.665	5
2026-07-31 02:50	85.647	85.775	85.647	85.770	5
2026-07-31 02:55	85.775	85.970	85.770	85.825	5
2026-07-31 03:00	85.815	85.930	85.780	85.845	5
2026-07-31 03:05	85.840	85.845	85.675	85.700	5
2026-07-31 03:10	85.705	85.805	85.655	85.785	5
2026-07-31 03:15	85.805	85.865	85.657	85.715	5
2026-07-31 03:20	85.706	85.835	85.705	85.775	5
2026-07-31 03:25	85.770	85.830	85.695	85.775	5
2026-07-31 03:30	85.770	85.845	85.685	85.745	5
2026-07-31 03:35	85.740	85.855	85.715	85.845	5
2026-07-31 03:40	85.835	85.850	85.750	85.835	5
2026-07-31 03:45	85.830	85.975	85.745	85.955	5
2026-07-31 03:50	85.937	85.937	85.820	85.820	5
2026-07-31 03:55	85.810	85.830	85.765	85.800	5
2026-07-31 04:00	85.805	85.855	85.707	85.715	5
2026-07-31 04:05	85.707	85.775	85.425	85.465	5
2026-07-31 04:10	85.456	85.645	85.456	85.577	5
2026-07-31 04:15	85.585	85.637	85.567	85.605	5
2026-07-31 04:20	85.615	85.625	85.545	85.555	5
2026-07-31 04:25	85.545	85.585	85.505	85.550	5
2026-07-31 04:30	85.535	85.566	85.470	85.475	5
2026-07-31 04:35	85.480	85.510	85.435	85.475	5
2026-07-31 04:40	85.470	85.470	85.335	85.355	5
2026-07-31 04:45	85.350	85.380	85.260	85.375	5
2026-07-31 04:50	85.385	85.385	85.034	85.220	5
2026-07-31 04:55	85.225	85.250	85.010	85.035	5
2026-07-31 05:00	85.016	85.205	85.000	85.090	5
2026-07-31 05:05	85.075	85.330	85.040	85.275	5
2026-07-31 05:10	85.270	85.397	85.215	85.325	5
2026-07-31 05:15	85.330	85.365	85.240	85.255	5
2026-07-31 05:20	85.250	85.270	85.045	85.095	5
2026-07-31 05:25	85.100	85.125	85.015	85.095	5
2026-07-31 05:30	85.090	85.090	84.647	84.925	5
2026-07-31 05:35	84.935	84.990	84.605	84.640	5
2026-07-31 05:40	84.650	84.900	84.625	84.850	5
2026-07-31 05:45	84.845	84.900	84.755	84.830	5
2026-07-31 05:50	84.825	85.065	84.820	85.065	5
2026-07-31 05:55	85.055	85.090	84.945	85.090	5
2026-07-31 06:00	85.090	85.210	84.997	85.150	5
2026-07-31 06:05	85.145	85.387	85.120	85.370	5
2026-07-31 06:10	85.375	85.375	85.190	85.270	5
2026-07-31 06:15	85.255	85.445	85.250	85.426	5
2026-07-31 06:20	85.445	85.685	85.435	85.655	5
2026-07-31 06:25	85.650	85.685	85.455	85.456	5
2026-07-31 06:30	85.460	85.585	85.300	85.300	5
2026-07-31 06:35	85.306	85.360	85.220	85.350	5
2026-07-31 06:40	85.360	85.475	85.294	85.470	5
2026-07-31 06:45	85.460	85.565	85.384	85.450	5
2026-07-31 06:50	85.445	85.580	85.424	85.570	5
2026-07-31 06:55	85.575	85.585	85.440	85.480	5
2026-07-31 07:00	85.485	85.925	85.455	85.835	5
2026-07-31 07:05	85.845	85.915	85.730	85.766	5
2026-07-31 07:10	85.776	85.820	85.716	85.735	5
2026-07-31 07:15	85.736	86.040	85.726	85.955	5
2026-07-31 07:20	85.956	86.065	85.920	86.036	5
2026-07-31 07:25	86.017	86.194	85.966	86.116	5
2026-07-31 07:30	86.115	86.200	85.896	86.160	5
2026-07-31 07:35	86.146	86.210	86.030	86.100	5
2026-07-31 07:40	86.090	86.175	85.896	86.126	5
2026-07-31 07:45	86.110	86.115	85.946	86.015	5
2026-07-31 07:50	85.996	86.065	85.665	85.725	5
2026-07-31 07:55	85.716	85.785	85.544	85.705	5
2026-07-31 08:00	85.715	85.866	85.555	85.595	5
2026-07-31 08:05	85.596	85.715	85.540	85.666	5
2026-07-31 08:10	85.685	85.806	85.596	85.615	5
2026-07-31 08:15	85.625	85.646	85.416	85.450	5
2026-07-31 08:20	85.436	85.745	85.427	85.740	5
2026-07-31 08:25	85.735	86.220	85.666	86.220	5
2026-07-31 08:30	86.215	86.326	86.044	86.106	5
2026-07-31 08:35	86.105	86.115	85.895	86.036	5
2026-07-31 08:40	86.045	86.070	85.825	85.900	5
2026-07-31 08:45	85.905	86.030	85.736	85.746	5
2026-07-31 08:50	85.745	86.035	85.706	85.905	5
2026-07-31 08:55	85.910	85.996	85.704	85.996	5
2026-07-31 09:00	85.995	86.275	85.976	86.266	5
2026-07-31 09:05	86.280	86.440	86.246	86.386	5
2026-07-31 09:10	86.400	86.680	86.346	86.666	5
2026-07-31 09:15	86.650	86.780	86.556	86.720	5
2026-07-31 09:20	86.725	86.855	86.670	86.716	5
2026-07-31 09:25	86.715	86.735	86.406	86.445	5
2026-07-31 09:30	86.440	87.120	86.440	87.074	5
2026-07-31 09:35	87.086	87.220	86.966	87.066	5
2026-07-31 09:40	87.055	87.185	86.996	87.185	5
2026-07-31 09:45	87.176	87.345	87.126	87.265	5
2026-07-31 09:50	87.256	87.335	87.220	87.295	5
2026-07-31 09:55	87.290	87.430	87.274	87.355	5
2026-07-31 10:00	87.370	87.650	87.356	87.545	5
2026-07-31 10:05	87.544	87.575	87.426	87.536	5
2026-07-31 10:10	87.545	87.655	87.494	87.655	5
2026-07-31 10:15	87.665	87.680	87.556	87.616	5
2026-07-31 10:20	87.600	87.606	87.346	87.506	5
2026-07-31 10:25	87.505	87.570	87.404	87.505	5
2026-07-31 10:30	87.520	87.605	87.386	87.576	5
2026-07-31 10:35	87.590	87.824	87.556	87.646	5
2026-07-31 10:40	87.640	87.735	87.586	87.606	5
2026-07-31 10:45	87.605	87.705	87.496	87.666	5
2026-07-31 10:50	87.665	87.665	87.486	87.555	5
2026-07-31 10:55	87.560	87.865	87.545	87.685	5
2026-07-31 11:00	87.690	87.840	87.636	87.686	5
2026-07-31 11:05	87.695	87.860	87.586	87.656	5
2026-07-31 11:10	87.675	87.680	87.555	87.666	5
2026-07-31 11:15	87.655	88.285	87.580	88.060	5
2026-07-31 11:20	88.065	88.335	88.006	88.145	5
2026-07-31 11:25	88.146	88.295	88.055	88.166	5
2026-07-31 11:30	88.165	88.380	88.076	88.366	5
2026-07-31 11:35	88.365	88.415	88.190	88.360	5
2026-07-31 11:40	88.365	88.565	88.305	88.506	5
2026-07-31 11:45	88.505	88.555	88.275	88.316	5
2026-07-31 11:50	88.335	88.420	88.266	88.316	5
2026-07-31 11:55	88.314	88.416	88.236	88.315	5
2026-07-31 12:00	88.296	88.570	88.296	88.510	5
2026-07-31 12:05	88.495	88.615	88.476	88.546	5
2026-07-31 12:10	88.560	88.610	88.330	88.385	5
2026-07-31 12:15	88.390	88.455	88.325	88.336	5
2026-07-31 12:20	88.335	88.475	88.305	88.465	5
2026-07-31 12:25	88.456	88.465	88.286	88.345	5
2026-07-31 12:30	88.355	88.420	88.194	88.335	5
2026-07-31 12:35	88.330	88.390	88.174	88.230	5
2026-07-31 12:40	88.215	88.275	88.065	88.246	5
2026-07-31 12:45	88.255	88.600	88.220	88.446	5
2026-07-31 12:50	88.455	88.625	88.380	88.466	5
2026-07-31 12:55	88.475	88.975	88.435	88.640	5
2026-07-31 13:00	88.636	88.705	88.196	88.396	5
2026-07-31 13:05	88.395	88.540	88.354	88.386	5
2026-07-31 13:10	88.385	88.580	88.256	88.556	5
2026-07-31 13:15	88.550	88.676	88.534	88.556	5
2026-07-31 13:20	88.560	88.720	88.526	88.690	5
2026-07-31 13:25	88.695	88.770	88.315	88.444	5
2026-07-31 13:30	88.424	88.634	88.344	88.375	5
2026-07-31 13:35	88.380	88.620	88.360	88.606	5
2026-07-31 13:40	88.604	88.850	88.545	88.565	5
2026-07-31 13:45	88.560	88.705	88.506	88.616	5
2026-07-31 13:50	88.650	88.665	88.394	88.445	5
2026-07-31 13:55	88.460	88.555	88.366	88.495	5
2026-07-31 14:00	88.485	88.570	88.330	88.440	5
2026-07-31 14:05	88.455	88.466	87.855	87.940	5
2026-07-31 14:10	87.945	88.234	87.825	88.106	5
2026-07-31 14:15	88.120	88.260	88.076	88.095	5
2026-07-31 14:20	88.090	88.166	87.950	87.976	5
2026-07-31 14:25	87.985	88.095	87.916	88.090	5
2026-07-31 14:30	88.084	88.275	88.075	88.270	5
2026-07-31 14:35	88.266	88.456	88.210	88.415	5
2026-07-31 14:40	88.400	88.446	88.346	88.365	5
2026-07-31 14:45	88.364	88.700	88.346	88.666	5
2026-07-31 14:50	88.675	88.705	88.465	88.516	5
2026-07-31 14:55	88.524	88.610	88.446	88.546	5
2026-07-31 15:00	88.560	88.680	88.514	88.655	5
2026-07-31 15:05	88.660	88.725	88.606	88.675	5
2026-07-31 15:10	88.680	88.695	88.525	88.595	5
2026-07-31 15:15	88.600	88.700	88.404	88.425	5
2026-07-31 15:20	88.426	88.540	88.380	88.525	5
2026-07-31 15:25	88.516	88.530	88.076	88.314	5
2026-07-31 15:30	88.295	88.380	87.954	87.990	5
2026-07-31 15:35	87.985	88.200	87.975	88.115	5
2026-07-31 15:40	88.105	88.120	87.785	87.836	5
2026-07-31 15:45	87.845	87.860	87.425	87.495	5
2026-07-31 15:50	87.500	87.535	87.065	87.155	5
2026-07-31 15:55	87.154	87.365	87.115	87.196	5
2026-07-31 16:00	87.194	87.415	87.186	87.346	5
2026-07-31 16:05	87.370	87.425	87.284	87.345	5
2026-07-31 16:10	87.340	87.510	87.196	87.455	5
2026-07-31 16:15	87.450	87.666	87.406	87.525	5
2026-07-31 16:20	87.530	87.585	87.375	87.426	5
2026-07-31 16:25	87.410	87.600	87.366	87.406	5
2026-07-31 16:30	87.415	87.590	87.405	87.476	5
2026-07-31 16:35	87.475	87.620	87.456	87.496	5
2026-07-31 16:40	87.495	87.720	87.454	87.715	5
2026-07-31 16:45	87.710	87.765	87.635	87.676	5
2026-07-31 16:50	87.666	87.690	87.566	87.676	5
2026-07-31 16:55	87.675	87.816	87.675	87.766	5
2026-07-31 17:00	87.770	87.930	87.770	87.906	5
2026-07-31 17:05	87.895	87.905	87.666	87.896	5
2026-07-31 17:10	87.905	88.160	87.896	88.075	5
2026-07-31 17:15	88.070	88.100	87.836	87.845	5
2026-07-31 17:20	87.874	87.965	87.856	87.946	5
2026-07-31 17:25	87.930	88.036	87.804	87.906	5
2026-07-31 17:30	87.915	88.105	87.915	87.976	5
2026-07-31 17:35	87.965	88.026	87.826	87.846	5
2026-07-31 17:40	87.840	88.216	87.815	88.126	5
2026-07-31 17:45	88.120	88.190	88.050	88.176	5
2026-07-31 17:50	88.176	88.185	87.956	88.030	5
2026-07-31 17:55	88.035	88.090	87.934	87.935	5
2026-07-31 18:00	87.935	88.045	87.890	88.006	5
2026-07-31 18:05	88.005	88.330	87.994	88.096	5
2026-07-31 18:10	88.110	88.135	87.974	88.106	5
2026-07-31 18:15	88.105	88.275	88.096	88.255	5
2026-07-31 18:20	88.250	88.460	88.050	88.056	5
2026-07-31 18:25	88.055	88.140	87.750	87.795	5
2026-07-31 18:30	87.800	87.916	87.715	87.885	5
2026-07-31 18:35	87.880	87.945	87.796	87.840	5
2026-07-31 18:40	87.845	87.955	87.775	87.920	5
2026-07-31 18:45	87.910	87.950	87.885	87.896	5
2026-07-31 18:50	87.906	87.965	87.830	87.860	5
2026-07-31 18:55	87.865	87.905	87.810	87.900	5
2026-07-31 19:00	87.890	88.055	87.830	87.985	5
2026-07-31 19:05	87.986	88.095	87.985	88.055	5
2026-07-31 19:10	88.046	88.130	88.025	88.070	5
2026-07-31 19:15	88.075	88.186	88.070	88.186	5
2026-07-31 19:20	88.195	88.380	88.184	88.375	5
2026-07-31 19:25	88.376	88.390	88.295	88.295	5
2026-07-31 19:30	88.296	88.385	88.270	88.360	5
2026-07-31 19:35	88.355	88.370	88.175	88.224	5
2026-07-31 19:40	88.245	88.250	88.135	88.205	5
2026-07-31 19:45	88.200	88.260	88.125	88.126	5
2026-07-31 19:50	88.135	88.215	88.125	88.185	5
2026-07-31 19:55	88.195	88.245	88.150	88.160	5
2026-07-31 20:00	88.170	88.192	88.082	88.097	5
2026-07-31 20:05	88.097	88.107	87.922	87.932	5
2026-07-31 20:10	87.927	87.962	87.892	87.922	5
2026-07-31 20:15	87.927	87.962	87.877	87.902	5
2026-07-31 20:20	87.927	87.927	87.797	87.822	5
2026-07-31 20:25	87.832	87.952	87.797	87.952	5
2026-07-31 20:30	87.952	88.117	87.797	87.797	5
2026-07-31 20:35	87.777	87.882	87.777	87.822	5
2026-07-31 20:40	87.832	87.972	87.817	87.882	5
2026-07-31 20:45	87.887	87.917	87.837	87.857	5
2026-07-31 20:50	87.892	89.422	87.842	89.352	5
2026-07-31 20:55	89.352	90.242	89.242	90.212	5
2026-08-03 00:00	83.852	84.135	83.827	83.947	5
2026-08-03 00:05	83.955	84.015	83.830	83.880	5
2026-08-03 00:10	83.875	84.010	83.850	83.895	5
2026-08-03 00:15	83.890	83.895	83.740	83.805	5
2026-08-03 00:20	83.810	83.915	83.675	83.695	5
2026-08-03 00:25	83.700	83.775	83.664	83.685	5
2026-08-03 00:30	83.680	83.755	83.555	83.650	5
2026-08-03 00:35	83.655	83.740	83.640	83.685	5
2026-08-03 00:40	83.675	83.820	83.665	83.725	5
2026-08-03 00:45	83.755	83.925	83.750	83.810	5
2026-08-03 00:50	83.830	84.007	83.830	84.005	5
2026-08-03 00:55	84.015	84.050	83.905	83.945	5
2026-08-03 01:00	83.916	84.150	83.670	83.850	5
2026-08-03 01:05	83.855	84.045	83.770	84.045	5
2026-08-03 01:10	84.040	84.090	83.875	84.060	5
2026-08-03 01:15	84.055	84.075	83.890	83.990	5
2026-08-03 01:20	83.995	84.125	83.950	84.080	5
2026-08-03 01:25	84.085	84.095	83.715	83.760	5
2026-08-03 01:30	83.755	83.775	83.635	83.700	5
2026-08-03 01:35	83.695	83.925	83.685	83.905	5
2026-08-03 01:40	83.895	83.976	83.590	83.600	5
2026-08-03 01:45	83.595	83.705	83.515	83.660	5
2026-08-03 01:50	83.650	83.670	83.505	83.580	5
2026-08-03 01:55	83.570	83.595	83.515	83.590	5
2026-08-03 02:00	83.580	83.590	83.390	83.550	5
2026-08-03 02:05	83.555	83.665	83.475	83.660	5
2026-08-03 02:10	83.655	83.735	83.635	83.695	5
2026-08-03 02:15	83.685	83.795	83.685	83.755	5
2026-08-03 02:20	83.760	83.795	83.655	83.675	5
2026-08-03 02:25	83.680	83.787	83.620	83.710	5
2026-08-03 02:30	83.700	83.975	83.620	83.725	5
2026-08-03 02:35	83.715	83.865	83.655	83.855	5
2026-08-03 02:40	83.847	83.945	83.837	83.885	5
2026-08-03 02:45	83.880	83.885	83.685	83.775	5
2026-08-03 02:50	83.785	83.825	83.495	83.585	5
2026-08-03 02:55	83.557	83.575	83.305	83.365	5
2026-08-03 03:00	83.355	83.535	83.305	83.435	5
2026-08-03 03:05	83.425	83.555	83.395	83.535	5
2026-08-03 03:10	83.527	83.595	83.500	83.500	5
2026-08-03 03:15	83.497	83.535	83.350	83.350	5
2026-08-03 03:20	83.345	83.535	83.317	83.530	5
2026-08-03 03:25	83.515	83.595	83.515	83.555	5
2026-08-03 03:30	83.545	83.670	83.545	83.635	5
2026-08-03 03:35	83.630	83.685	83.590	83.625	5
2026-08-03 03:40	83.610	83.745	83.610	83.740	5
2026-08-03 03:45	83.745	83.765	83.590	83.615	5
2026-08-03 03:50	83.590	83.595	83.465	83.475	5
2026-08-03 03:55	83.467	83.505	83.385	83.405	5
2026-08-03 04:00	83.395	83.460	83.355	83.437	5
2026-08-03 04:05	83.435	83.465	83.395	83.445	5
2026-08-03 04:10	83.435	83.470	83.425	83.455	5
2026-08-03 04:15	83.445	83.470	83.385	83.437	5
2026-08-03 04:20	83.435	83.455	83.355	83.380	5
2026-08-03 04:25	83.386	83.400	83.330	83.370	5
2026-08-03 04:30	83.375	83.520	83.364	83.505	5
2026-08-03 04:35	83.500	83.520	83.425	83.425	5
2026-08-03 04:40	83.410	83.545	83.404	83.515	5
2026-08-03 04:45	83.510	83.515	83.335	83.355	5
2026-08-03 04:50	83.350	83.366	83.305	83.315	5
2026-08-03 04:55	83.320	83.380	83.290	83.300	5
2026-08-03 05:00	83.290	83.365	83.225	83.290	5
2026-08-03 05:05	83.295	83.310	83.150	83.280	5
2026-08-03 05:10	83.285	83.295	83.130	83.190	5
2026-08-03 05:15	83.176	83.250	83.170	83.240	5
2026-08-03 05:20	83.235	83.240	83.124	83.210	5
2026-08-03 05:25	83.200	83.235	83.130	83.206	5
2026-08-03 05:30	83.205	83.275	83.125	83.190	5
2026-08-03 05:35	83.195	83.290	83.135	83.255	5
2026-08-03 05:40	83.260	83.400	83.225	83.380	5
2026-08-03 05:45	83.375	83.535	83.370	83.535	5
2026-08-03 05:50	83.540	83.645	83.480	83.595	5
2026-08-03 05:55	83.600	83.615	83.405	83.405	5
2026-08-03 06:00	83.410	83.485	83.340	83.425	5
2026-08-03 06:05	83.420	83.430	83.300	83.330	5
2026-08-03 06:10	83.335	83.340	83.100	83.135	5
2026-08-03 06:15	83.140	83.230	83.095	83.220	5
2026-08-03 06:20	83.226	83.295	83.176	83.230	5
2026-08-03 06:25	83.225	83.250	82.965	83.000	5
2026-08-03 06:30	82.995	83.120	82.926	83.020	5
2026-08-03 06:35	83.025	83.120	83.010	83.045	5
2026-08-03 06:40	83.046	83.075	82.700	82.810	5
2026-08-03 06:45	82.825	82.910	82.720	82.830	5
2026-08-03 06:50	82.835	82.885	82.660	82.676	5
2026-08-03 06:55	82.685	82.850	82.610	82.820	5
2026-08-03 07:00	82.796	83.305	82.796	83.230	5
2026-08-03 07:05	83.225	83.380	83.135	83.300	5
2026-08-03 07:10	83.295	83.490	83.285	83.485	5
2026-08-03 07:15	83.490	84.275	83.405	84.015	5
2026-08-03 07:20	84.010	84.130	83.455	83.585	5
2026-08-03 07:25	83.595	83.730	83.500	83.710	5
2026-08-03 07:30	83.720	83.775	83.565	83.750	5
2026-08-03 07:35	83.745	84.070	83.730	84.045	5
2026-08-03 07:40	84.040	84.055	83.774	83.970	5
2026-08-03 07:45	83.950	84.005	83.530	83.530	5
2026-08-03 07:50	83.535	83.570	83.265	83.380	5
2026-08-03 07:55	83.370	83.640	83.365	83.640	5
2026-08-03 08:00	83.625	83.770	83.475	83.760	5
2026-08-03 08:05	83.766	83.950	83.670	83.935	5
2026-08-03 08:10	83.940	83.960	83.734	83.750	5
2026-08-03 08:15	83.755	84.120	83.750	84.010	5
2026-08-03 08:20	84.005	84.085	83.840	83.930	5
2026-08-03 08:25	83.935	84.160	83.855	83.910	5
2026-08-03 08:30	83.870	84.295	83.790	84.050	5
2026-08-03 08:35	84.045	84.295	83.955	84.165	5
2026-08-03 08:40	84.180	84.475	84.055	84.360	5
2026-08-03 08:45	84.355	84.645	84.320	84.540	5
2026-08-03 08:50	84.545	84.630	84.280	84.285	5
2026-08-03 08:55	84.290	84.306	83.980	84.100	5
2026-08-03 09:00	84.095	84.165	83.914	84.140	5
2026-08-03 09:05	84.135	84.140	84.025	84.030	5
2026-08-03 09:10	84.025	84.030	83.615	83.730	5
2026-08-03 09:15	83.725	83.890	83.704	83.715	5
2026-08-03 09:20	83.710	83.736	83.605	83.730	5
2026-08-03 09:25	83.725	83.805	83.630	83.750	5
2026-08-03 09:30	83.740	83.760	83.500	83.616	5
2026-08-03 09:35	83.610	83.725	83.415	83.725	5
2026-08-03 09:40	83.735	83.976	83.714	83.825	5
2026-08-03 09:45	83.820	83.865	83.660	83.685	5
2026-08-03 09:50	83.670	83.910	83.625	83.900	5
2026-08-03 09:55	83.885	84.040	83.790	84.005	5
2026-08-03 10:00	84.000	84.000	83.780	83.855	5
2026-08-03 10:05	83.860	83.960	83.734	83.770	5
2026-08-03 10:10	83.755	83.810	83.634	83.720	5
2026-08-03 10:15	83.710	83.750	83.630	83.735	5
2026-08-03 10:20	83.725	83.825	83.625	83.716	5
2026-08-03 10:25	83.714	83.820	83.700	83.775	5
2026-08-03 10:30	83.780	83.810	83.555	83.555	5
2026-08-03 10:35	83.560	83.630	83.450	83.475	5
2026-08-03 10:40	83.470	83.580	83.315	83.535	5
2026-08-03 10:45	83.520	83.520	83.345	83.465	5
2026-08-03 10:50	83.430	83.590	83.330	83.560	5
2026-08-03 10:55	83.550	83.570	83.480	83.515	5
2026-08-03 11:00	83.520	83.600	83.414	83.530	5
2026-08-03 11:05	83.525	83.535	83.294	83.426	5
2026-08-03 11:10	83.420	83.490	83.320	83.465	5
2026-08-03 11:15	83.455	83.606	83.410	83.410	5
2026-08-03 11:20	83.395	83.540	83.394	83.505	5
2026-08-03 11:25	83.500	83.646	83.450	83.635	5
2026-08-03 11:30	83.630	83.650	83.535	83.620	5
2026-08-03 11:35	83.630	83.725	83.530	83.565	5
2026-08-03 11:40	83.570	83.570	83.344	83.410	5
2026-08-03 11:45	83.420	83.520	83.190	83.190	5
2026-08-03 11:50	83.185	83.260	83.090	83.140	5
2026-08-03 11:55	83.130	83.165	82.855	82.865	5
2026-08-03 12:00	82.870	83.065	82.815	82.935	5
2026-08-03 12:05	82.945	83.030	82.860	82.985	5
2026-08-03 12:10	82.990	83.025	82.900	82.915	5
2026-08-03 12:15	82.905	82.955	82.780	82.795	5
2026-08-03 12:20	82.800	83.080	82.800	83.065	5
2026-08-03 12:25	83.060	83.230	82.980	83.145	5
2026-08-03 12:30	83.140	83.140	82.855	82.970	5
2026-08-03 12:35	82.965	83.075	82.885	82.955	5
2026-08-03 12:40	82.950	83.015	82.864	82.905	5
2026-08-03 12:45	82.895	83.225	82.774	83.216	5
2026-08-03 12:50	83.215	83.245	83.015	83.026	5
2026-08-03 12:55	83.025	83.070	82.844	82.975	5
2026-08-03 13:00	82.970	83.040	82.844	83.026	5
2026-08-03 13:05	83.035	83.155	82.865	82.940	5
2026-08-03 13:10	82.920	83.515	82.910	83.505	5
2026-08-03 13:15	83.495	83.550	83.320	83.400	5
2026-08-03 13:20	83.395	83.590	83.320	83.585	5
2026-08-03 13:25	83.600	83.665	83.520	83.530	5
2026-08-03 13:30	83.545	83.620	82.920	82.956	5
2026-08-03 13:35	82.970	83.075	82.924	82.935	5
2026-08-03 13:40	82.930	82.940	82.700	82.856	5
2026-08-03 13:45	82.850	82.900	82.720	82.815	5
2026-08-03 13:50	82.820	83.045	82.780	82.990	5
2026-08-03 13:55	82.985	83.240	82.935	83.165	5
2026-08-03 14:00	83.154	83.295	83.100	83.200	5
2026-08-03 14:05	83.195	83.315	83.125	83.305	5
2026-08-03 14:10	83.310	83.435	83.260	83.370	5
2026-08-03 14:15	83.365	83.505	83.305	83.415	5
2026-08-03 14:20	83.410	83.410	83.170	83.340	5
2026-08-03 14:25	83.330	83.346	83.190	83.305	5
2026-08-03 14:30	83.306	83.655	83.305	83.455	5
2026-08-03 14:35	83.445	83.550	83.300	83.485	5
2026-08-03 14:40	83.490	83.570	83.370	83.510	5
2026-08-03 14:45	83.505	83.575	83.414	83.526	5
2026-08-03 14:50	83.535	83.655	83.405	83.645	5
2026-08-03 14:55	83.625	83.755	83.585	83.755	5
2026-08-03 15:00	83.744	84.030	83.744	83.866	5
2026-08-03 15:05	83.865	83.910	83.560	83.570	5
2026-08-03 15:10	83.575	83.790	83.575	83.780	5
2026-08-03 15:15	83.775	83.775	83.675	83.686	5
2026-08-03 15:20	83.685	83.926	83.675	83.920	5
2026-08-03 15:25	83.915	84.510	83.864	84.300	5
2026-08-03 15:30	84.290	84.290	83.910	83.930	5
2026-08-03 15:35	83.925	83.930	83.676	83.870	5
2026-08-03 15:40	83.865	84.035	83.825	84.015	5
2026-08-03 15:45	84.010	84.085	83.855	83.880	5
2026-08-03 15:50	83.875	83.905	83.764	83.850	5
2026-08-03 15:55	83.845	83.955	83.805	83.810	5
2026-08-03 16:00	83.790	83.796	83.645	83.715	5
2026-08-03 16:05	83.716	83.785	83.615	83.680	5
2026-08-03 16:10	83.685	83.810	83.685	83.760	5
2026-08-03 16:15	83.755	83.810	83.715	83.715	5
2026-08-03 16:20	83.695	83.695	83.555	83.576	5
2026-08-03 16:25	83.575	83.690	83.415	83.545	5
2026-08-03 16:30	83.555	83.790	83.520	83.720	5
2026-08-03 16:35	83.700	83.870	83.690	83.786	5
2026-08-03 16:40	83.785	83.825	83.685	83.685	5
2026-08-03 16:45	83.690	83.695	83.600	83.635	5
2026-08-03 16:50	83.630	83.630	83.426	83.456	5
2026-08-03 16:55	83.465	83.520	83.374	83.490	5
2026-08-03 17:00	83.500	83.895	83.490	83.810	5
2026-08-03 17:05	83.815	83.855	83.760	83.795	5
2026-08-03 17:10	83.796	83.896	83.760	83.770	5
2026-08-03 17:15	83.775	83.775	83.610	83.640	5
2026-08-03 17:20	83.635	83.706	83.600	83.620	5
2026-08-03 17:25	83.615	83.640	83.515	83.590	5
2026-08-03 17:30	83.580	83.625	83.510	83.600	5
2026-08-03 17:35	83.610	83.625	83.530	83.570	5
2026-08-03 17:40	83.565	83.576	83.440	83.440	5
2026-08-03 17:45	83.445	83.610	83.394	83.545	5
2026-08-03 17:50	83.550	83.870	83.504	83.865	5
2026-08-03 17:55	83.860	83.860	83.600	83.605	5
2026-08-03 18:00	83.615	83.625	83.075	83.075	5
2026-08-03 18:05	83.085	83.370	83.000	83.250	5
2026-08-03 18:10	83.240	83.530	83.070	83.285	5
2026-08-03 18:15	83.295	83.470	83.265	83.426	5
2026-08-03 18:20	83.445	83.645	83.386	83.615	5
2026-08-03 18:25	83.620	83.875	83.555	83.784	5
2026-08-03 18:30	83.795	83.825	83.610	83.715	5
2026-08-03 18:35	83.705	83.870	83.690	83.715	5
2026-08-03 18:40	83.720	83.860	83.650	83.830	5
2026-08-03 18:45	83.845	83.970	83.840	83.905	5
2026-08-03 18:50	83.915	84.095	83.875	83.945	5
2026-08-03 18:55	83.940	83.956	83.805	83.845	5
2026-08-03 19:00	83.850	83.915	83.755	83.890	5
2026-08-03 19:05	83.895	84.095	83.865	84.016	5
2026-08-03 19:10	84.025	84.130	84.005	84.055	5
2026-08-03 19:15	84.060	84.070	83.780	83.830	5
2026-08-03 19:20	83.825	83.955	83.770	83.935	5
2026-08-03 19:25	83.930	83.955	83.880	83.955	5
2026-08-03 19:30	83.965	83.975	83.790	83.815	5
2026-08-03 19:35	83.814	83.835	83.710	83.800	5
2026-08-03 19:40	83.795	83.800	83.704	83.770	5
2026-08-03 19:45	83.775	83.835	83.755	83.780	5
2026-08-03 19:50	83.785	83.815	83.705	83.710	5
2026-08-03 19:55	83.705	83.750	83.665	83.670	5
2026-08-03 20:00	83.680	83.737	83.587	83.702	5
2026-08-03 20:05	83.702	83.737	83.597	83.732	5
2026-08-03 20:10	83.712	83.777	83.657	83.727	5
2026-08-03 20:15	83.737	83.757	83.682	83.727	5
2026-08-03 20:20	83.722	83.737	83.637	83.637	5
2026-08-03 20:25	83.647	83.672	83.557	83.587	5
2026-08-03 20:30	83.582	83.582	83.342	83.462	5
2026-08-03 20:35	83.452	83.527	83.432	83.487	5
2026-08-03 20:40	83.477	83.512	83.437	83.447	5
2026-08-03 20:45	83.452	83.577	83.442	83.577	5
2026-08-03 20:50	83.572	83.587	83.392	83.542	5
2026-08-03 20:55	83.547	83.567	83.482	83.532	5
2026-08-04 00:00	83.797	84.030	83.777	84.005	5
2026-08-04 00:05	83.990	84.205	83.990	84.045	5
2026-08-04 00:10	84.040	84.155	84.000	84.145	5
2026-08-04 00:15	84.150	84.335	84.140	84.335	5
2026-08-04 00:20	84.330	84.337	84.155	84.160	5
2026-08-04 00:25	84.155	84.160	84.030	84.115	5
2026-08-04 00:30	84.135	84.220	84.087	84.195	5
2026-08-04 00:35	84.187	84.200	84.097	84.135	5
2026-08-04 00:40	84.145	84.245	84.125	84.135	5
2026-08-04 00:45	84.140	84.195	84.105	84.185	5
2026-08-04 00:50	84.180	84.345	84.170	84.300	5
2026-08-04 00:55	84.285	84.540	84.285	84.475	5
2026-08-04 01:00	84.496	84.697	84.290	84.345	5
2026-08-04 01:05	84.340	84.520	84.280	84.315	5
2026-08-04 01:10	84.320	84.335	84.205	84.230	5
2026-08-04 01:15	84.225	84.285	84.155	84.205	5
2026-08-04 01:20	84.200	84.250	84.125	84.215	5
2026-08-04 01:25	84.226	84.270	84.185	84.257	5
2026-08-04 01:30	84.265	84.340	84.167	84.215	5
2026-08-04 01:35	84.225	84.450	84.195	84.435	5
2026-08-04 01:40	84.426	84.456	84.345	84.425	5
2026-08-04 01:45	84.435	84.510	84.417	84.456	5
2026-08-04 01:50	84.450	84.535	84.435	84.505	5
2026-08-04 01:55	84.515	84.605	84.480	84.510	5
2026-08-04 02:00	84.500	84.506	84.395	84.420	5
2026-08-04 02:05	84.405	84.650	84.365	84.605	5
2026-08-04 02:10	84.595	84.665	84.570	84.645	5
2026-08-04 02:15	84.640	84.650	84.464	84.526	5
2026-08-04 02:20	84.545	84.670	84.535	84.605	5
2026-08-04 02:25	84.600	84.655	84.585	84.605	5
2026-08-04 02:30	84.600	84.765	84.585	84.765	5
2026-08-04 02:35	84.755	84.860	84.660	84.695	5
2026-08-04 02:40	84.690	84.790	84.655	84.715	5
2026-08-04 02:45	84.705	84.760	84.670	84.715	5
2026-08-04 02:50	84.705	84.770	84.675	84.725	5
2026-08-04 02:55	84.720	84.835	84.715	84.800	5
2026-08-04 03:00	84.790	84.915	84.765	84.890	5
2026-08-04 03:05	84.895	84.965	84.794	84.960	5
2026-08-04 03:10	84.965	84.975	84.790	84.790	5
2026-08-04 03:15	84.770	84.865	84.730	84.815	5
2026-08-04 03:20	84.810	84.840	84.790	84.835	5
2026-08-04 03:25	84.830	84.835	84.715	84.715	5
2026-08-04 03:30	84.705	84.725	84.650	84.666	5
2026-08-04 03:35	84.675	84.835	84.670	84.820	5
2026-08-04 03:40	84.815	84.950	84.810	84.900	5
2026-08-04 03:45	84.910	84.945	84.830	84.860	5
2026-08-04 03:50	84.855	84.890	84.810	84.875	5
2026-08-04 03:55	84.870	85.045	84.860	84.990	5
2026-08-04 04:00	85.000	85.010	84.890	84.905	5
2026-08-04 04:05	84.925	85.030	84.910	84.956	5
2026-08-04 04:10	84.955	85.015	84.926	85.015	5
2026-08-04 04:15	85.005	85.010	84.907	84.950	5
2026-08-04 04:20	84.945	84.945	84.890	84.890	5
2026-08-04 04:25	84.880	84.895	84.825	84.840	5
2026-08-04 04:30	84.850	84.905	84.826	84.900	5
2026-08-04 04:35	84.905	84.915	84.865	84.875	5
2026-08-04 04:40	84.870	85.025	84.865	85.005	5
2026-08-04 04:45	85.000	85.045	84.970	84.995	5
2026-08-04 04:50	84.990	85.030	84.975	85.010	5
2026-08-04 04:55	85.016	85.045	84.980	84.990	5
2026-08-04 05:00	84.995	85.065	84.970	84.970	5
2026-08-04 05:05	84.975	85.015	84.925	85.005	5
2026-08-04 05:10	85.000	85.200	85.000	85.090	5
2026-08-04 05:15	85.085	85.150	85.055	85.060	5
2026-08-04 05:20	85.050	85.125	85.025	85.070	5
2026-08-04 05:25	85.060	85.135	85.054	85.120	5
2026-08-04 05:30	85.135	85.245	85.110	85.240	5
2026-08-04 05:35	85.245	85.245	85.045	85.085	5
2026-08-04 05:40	85.090	85.125	84.910	85.125	5
2026-08-04 05:45	85.120	85.200	85.050	85.050	5
2026-08-04 05:50	85.055	85.065	84.810	84.860	5
2026-08-04 05:55	84.860	84.875	84.740	84.750	5
2026-08-04 06:00	84.760	84.955	84.740	84.786	5
2026-08-04 06:05	84.810	84.825	84.735	84.750	5
2026-08-04 06:10	84.756	84.810	84.635	84.640	5
2026-08-04 06:15	84.645	84.900	84.640	84.900	5
2026-08-04 06:20	84.905	84.970	84.870	84.940	5
2026-08-04 06:25	84.940	84.975	84.720	84.800	5
2026-08-04 06:30	84.805	84.870	84.714	84.870	5
2026-08-04 06:35	84.875	84.895	84.790	84.805	5
2026-08-04 06:40	84.800	84.845	84.595	84.605	5
2026-08-04 06:45	84.620	84.780	84.607	84.650	5
2026-08-04 06:50	84.665	84.740	84.630	84.630	5
2026-08-04 06:55	84.635	84.680	84.440	84.475	5
2026-08-04 07:00	84.475	84.575	84.295	84.435	5
2026-08-04 07:05	84.440	84.535	84.364	84.486	5
2026-08-04 07:10	84.460	84.695	84.450	84.626	5
2026-08-04 07:15	84.620	84.680	84.496	84.526	5
2026-08-04 07:20	84.535	84.860	84.530	84.786	5
2026-08-04 07:25	84.795	84.975	84.770	84.955	5
2026-08-04 07:30	84.960	85.030	84.826	84.986	5
2026-08-04 07:35	84.985	84.990	84.876	84.910	5
2026-08-04 07:40	84.905	84.995	84.815	84.975	5
2026-08-04 07:45	84.966	85.010	84.865	84.875	5
2026-08-04 07:50	84.890	84.980	84.856	84.966	5
2026-08-04 07:55	84.965	84.970	84.824	84.865	5
2026-08-04 08:00	84.865	84.935	84.606	84.786	5
2026-08-04 08:05	84.770	85.120	84.756	85.056	5
2026-08-04 08:10	85.050	85.080	84.955	84.960	5
2026-08-04 08:15	84.956	85.116	84.906	84.956	5
2026-08-04 08:20	84.965	85.140	84.964	84.996	5
2026-08-04 08:25	84.996	85.125	84.985	85.015	5
2026-08-04 08:30	85.000	85.555	85.000	85.525	5
2026-08-04 08:35	85.530	85.755	85.434	85.585	5
2026-08-04 08:40	85.554	85.956	85.500	85.835	5
2026-08-04 08:45	85.825	85.975	85.745	85.935	5
2026-08-04 08:50	85.930	86.275	85.845	86.266	5
2026-08-04 08:55	86.275	86.315	86.096	86.110	5
2026-08-04 09:00	86.110	86.145	85.956	86.036	5
2026-08-04 09:05	86.050	86.225	86.005	86.006	5
2026-08-04 09:10	86.016	86.130	85.990	86.085	5
2026-08-04 09:15	86.095	86.140	85.910	85.936	5
2026-08-04 09:20	85.930	86.150	85.890	85.986	5
2026-08-04 09:25	85.995	86.100	85.825	85.866	5
2026-08-04 09:30	85.864	86.020	85.746	85.786	5
2026-08-04 09:35	85.775	85.830	85.666	85.696	5
2026-08-04 09:40	85.695	86.050	85.655	86.026	5
2026-08-04 09:45	86.020	86.196	85.995	86.046	5
2026-08-04 09:50	86.056	86.215	86.056	86.166	5
2026-08-04 09:55	86.180	86.195	85.820	85.820	5
2026-08-04 10:00	85.816	85.866	85.694	85.715	5
2026-08-04 10:05	85.720	85.740	85.520	85.600	5
2026-08-04 10:10	85.590	85.800	85.436	85.775	5
2026-08-04 10:15	85.770	85.935	85.635	85.695	5
2026-08-04 10:20	85.700	85.834	85.635	85.796	5
2026-08-04 10:25	85.795	85.940	85.766	85.900	5
2026-08-04 10:30	85.870	85.870	85.624	85.705	5
2026-08-04 10:35	85.704	85.770	85.545	85.636	5
2026-08-04 10:40	85.645	85.690	85.084	85.286	5
2026-08-04 10:45	85.255	85.260	84.245	84.615	5
2026-08-04 10:50	84.616	84.820	84.436	84.710	5
2026-08-04 10:55	84.715	84.750	84.426	84.626	5
2026-08-04 11:00	84.635	84.790	84.364	84.450	5
2026-08-04 11:05	84.455	84.675	84.086	84.135	5
2026-08-04 11:10	84.130	84.175	83.755	84.005	5
2026-08-04 11:15	84.010	84.030	83.706	83.736	5
2026-08-04 11:20	83.745	83.960	83.626	83.895	5
2026-08-04 11:25	83.890	83.905	83.496	83.526	5
2026-08-04 11:30	83.525	83.805	83.516	83.746	5
2026-08-04 11:35	83.745	83.860	83.355	83.436	5
2026-08-04 11:40	83.435	83.535	82.400	82.427	5
2026-08-04 11:45	82.435	82.675	81.700	81.866	5
2026-08-04 11:50	81.865	82.065	81.035	81.146	5
2026-08-04 11:55	81.165	81.255	80.446	80.526	5
2026-08-04 12:00	80.545	81.480	80.545	81.405	5
2026-08-04 12:05	81.400	81.810	81.375	81.536	5
2026-08-04 12:10	81.540	81.920	81.535	81.876	5
2026-08-04 12:15	81.870	82.070	81.655	81.716	5
2026-08-04 12:20	81.710	81.975	81.656	81.955	5
2026-08-04 12:25	81.950	81.975	81.795	81.856	5
2026-08-04 12:30	81.840	81.910	81.616	81.626	5
2026-08-04 12:35	81.635	81.830	81.615	81.715	5
2026-08-04 12:40	81.714	81.935	81.685	81.825	5
2026-08-04 12:45	81.815	81.885	81.626	81.705	5
2026-08-04 12:50	81.690	81.690	81.286	81.336	5
2026-08-04 12:55	81.350	81.445	81.156	81.415	5
2026-08-04 13:00	81.415	81.750	81.324	81.655	5
2026-08-04 13:05	81.645	81.730	81.390	81.506	5
2026-08-04 13:10	81.515	81.760	81.404	81.425	5
2026-08-04 13:15	81.420	81.590	81.416	81.485	5
2026-08-04 13:20	81.480	81.530	80.434	80.606	5
2026-08-04 13:25	80.616	80.630	80.050	80.220	5
2026-08-04 13:30	80.215	80.335	79.706	80.245	5
2026-08-04 13:35	80.240	80.245	79.735	79.755	5
2026-08-04 13:40	79.760	80.310	79.755	80.196	5
2026-08-04 13:45	80.185	80.275	79.906	80.006	5
2026-08-04 13:50	80.000	80.050	79.735	79.745	5
2026-08-04 13:55	79.734	79.840	79.520	79.775	5
2026-08-04 14:00	79.800	80.106	79.796	80.045	5
2026-08-04 14:05	80.034	80.150	79.726	79.756	5
2026-08-04 14:10	79.765	79.775	79.486	79.675	5
2026-08-04 14:15	79.670	79.915	79.556	79.785	5
2026-08-04 14:20	79.765	79.960	79.696	79.886	5
2026-08-04 14:25	79.880	80.245	79.876	80.240	5
2026-08-04 14:30	80.245	80.660	80.240	80.336	5
2026-08-04 14:35	80.330	80.515	79.904	80.386	5
2026-08-04 14:40	80.395	80.615	80.340	80.556	5
2026-08-04 14:45	80.540	80.570	80.356	80.445	5
2026-08-04 14:50	80.446	80.540	80.275	80.516	5
2026-08-04 14:55	80.515	80.630	80.416	80.526	5
2026-08-04 15:00	80.525	80.680	80.476	80.606	5
2026-08-04 15:05	80.605	80.750	80.555	80.626	5
2026-08-04 15:10	80.625	80.725	80.464	80.576	5
2026-08-04 15:15	80.575	80.575	80.350	80.416	5
2026-08-04 15:20	80.425	80.506	80.194	80.305	5
2026-08-04 15:25	80.320	80.460	80.020	80.026	5
2026-08-04 15:30	80.035	80.135	79.605	79.655	5
2026-08-04 15:35	79.650	79.716	78.724	79.030	5
2026-08-04 15:40	79.026	79.100	78.716	78.915	5
2026-08-04 15:45	78.920	79.265	78.824	79.265	5
2026-08-04 15:50	79.265	79.405	79.015	79.025	5
2026-08-04 15:55	79.030	79.190	78.956	79.186	5
2026-08-04 16:00	79.190	79.405	79.156	79.356	5
2026-08-04 16:05	79.356	79.500	79.275	79.306	5
2026-08-04 16:10	79.325	79.565	79.316	79.550	5
2026-08-04 16:15	79.550	79.710	79.496	79.615	5
2026-08-04 16:20	79.610	79.610	79.356	79.366	5
2026-08-04 16:25	79.360	79.410	79.296	79.406	5
2026-08-04 16:30	79.420	79.650	79.414	79.625	5
2026-08-04 16:35	79.624	79.750	79.526	79.596	5
2026-08-04 16:40	79.595	79.745	79.574	79.585	5
2026-08-04 16:45	79.590	79.815	79.546	79.796	5
2026-08-04 16:50	79.810	79.890	79.686	79.705	5
2026-08-04 16:55	79.715	79.736	79.520	79.655	5
2026-08-04 17:00	79.665	79.716	79.484	79.505	5
2026-08-04 17:05	79.510	79.555	79.424	79.514	5
2026-08-04 17:10	79.516	79.530	79.096	79.106	5
2026-08-04 17:15	79.110	79.445	79.104	79.425	5
2026-08-04 17:20	79.420	79.440	79.305	79.326	5
2026-08-04 17:25	79.335	79.425	79.296	79.425	5
2026-08-04 17:30	79.454	79.505	79.214	79.226	5
2026-08-04 17:35	79.220	79.285	79.134	79.196	5
2026-08-04 17:40	79.190	79.215	79.094	79.145	5
2026-08-04 17:45	79.140	79.310	79.116	79.266	5
2026-08-04 17:50	79.275	79.450	79.246	79.285	5
2026-08-04 17:55	79.290	79.406	79.185	79.406	5
2026-08-04 18:00	79.396	79.455	79.316	79.355	5
2026-08-04 18:05	79.346	79.406	79.185	79.316	5
2026-08-04 18:10	79.315	79.500	79.245	79.265	5
2026-08-04 18:15	79.270	79.380	79.175	79.225	5
2026-08-04 18:20	79.220	79.294	79.100	79.245	5
2026-08-04 18:25	79.265	79.385	79.205	79.296	5
2026-08-04 18:30	79.295	79.460	79.215	79.435	5
2026-08-04 18:35	79.440	79.565	79.405	79.545	5
2026-08-04 18:40	79.546	79.575	79.425	79.435	5
2026-08-04 18:45	79.425	79.475	79.380	79.416	5
2026-08-04 18:50	79.415	79.415	79.344	79.375	5
2026-08-04 18:55	79.370	79.405	79.355	79.380	5
2026-08-04 19:00	79.375	79.395	79.255	79.350	5
2026-08-04 19:05	79.355	79.395	79.296	79.315	5
2026-08-04 19:10	79.316	79.360	79.310	79.330	5
2026-08-04 19:15	79.335	79.370	79.296	79.365	5
2026-08-04 19:20	79.370	79.395	79.285	79.290	5
2026-08-04 19:25	79.300	79.365	79.285	79.310	5
2026-08-04 19:30	79.300	79.370	79.296	79.320	5
2026-08-04 19:35	79.315	79.325	79.240	79.316	5
2026-08-04 19:40	79.315	79.325	79.260	79.325	5
2026-08-04 19:45	79.350	79.445	79.310	79.405	5
2026-08-04 19:50	79.405	79.545	79.405	79.440	5
2026-08-04 19:55	79.430	79.445	79.275	79.315	5
2026-08-04 20:00	79.320	79.347	79.097	79.112	5
2026-08-04 20:05	79.107	79.242	79.087	79.107	5
2026-08-04 20:10	79.092	79.097	78.717	78.842	5
2026-08-04 20:15	78.842	78.852	78.682	78.842	5
2026-08-04 20:20	78.837	78.884	78.737	78.787	5
2026-08-04 20:25	78.782	78.867	78.687	78.857	5
2026-08-04 20:30	78.852	79.092	78.737	78.747	5
2026-08-04 20:35	78.742	78.862	78.677	78.852	5
2026-08-04 20:40	78.832	78.832	78.652	78.682	5
2026-08-04 20:45	78.687	78.887	78.682	78.832	5
2026-08-04 20:50	78.847	78.892	78.782	78.842	5
2026-08-04 20:55	78.832	78.847	78.677	78.692	5
2026-08-05 00:00	78.687	78.907	78.595	78.650	5
2026-08-05 00:05	78.640	78.826	78.430	78.805	5
2026-08-05 00:10	78.825	78.950	78.736	78.805	5
2026-08-05 00:15	78.825	79.035	78.777	78.975	5
2026-08-05 00:20	78.985	79.075	78.947	79.007	5
2026-08-05 00:25	79.040	79.070	78.980	79.060	5
2026-08-05 00:30	79.050	79.095	78.995	79.070	5
2026-08-05 00:35	79.065	79.115	79.035	79.045	5
2026-08-05 00:40	79.037	79.110	79.015	79.110	5
2026-08-05 00:45	79.105	79.165	79.085	79.125	5
2026-08-05 00:50	79.130	79.130	79.040	79.125	5
2026-08-05 00:55	79.120	79.160	79.090	79.110	5
2026-08-05 01:00	79.105	79.590	79.095	79.585	5
2026-08-05 01:05	79.575	79.670	79.546	79.610	5
2026-08-05 01:10	79.600	79.760	79.590	79.625	5
2026-08-05 01:15	79.630	79.725	79.600	79.715	5
2026-08-05 01:20	79.710	79.780	79.635	79.680	5
2026-08-05 01:25	79.675	79.765	79.675	79.740	5
2026-08-05 01:30	79.730	79.820	79.720	79.785	5
2026-08-05 01:35	79.775	79.790	79.625	79.645	5
2026-08-05 01:40	79.650	79.685	79.635	79.655	5
2026-08-05 01:45	79.650	79.690	79.585	79.590	5
2026-08-05 01:50	79.585	79.655	79.565	79.645	5
2026-08-05 01:55	79.650	79.780	79.630	79.720	5
2026-08-05 02:00	79.735	79.780	79.290	79.425	5
2026-08-05 02:05	79.416	79.430	79.130	79.155	5
2026-08-05 02:10	79.150	79.225	79.065	79.095	5
2026-08-05 02:15	79.055	79.170	79.005	79.090	5
2026-08-05 02:20	79.085	79.085	78.697	78.795	5
2026-08-05 02:25	78.790	78.795	78.605	78.655	5
2026-08-05 02:30	78.645	78.725	78.240	78.255	5
2026-08-05 02:35	78.260	78.400	78.236	78.270	5
2026-08-05 02:40	78.266	78.266	78.095	78.145	5
2026-08-05 02:45	78.150	78.370	78.150	78.326	5
2026-08-05 02:50	78.320	78.500	78.266	78.495	5
2026-08-05 02:55	78.500	78.555	78.395	78.545	5
2026-08-05 03:00	78.535	78.595	78.505	78.530	5
2026-08-05 03:05	78.535	78.555	78.345	78.355	5
2026-08-05 03:10	78.370	78.400	78.310	78.345	5
2026-08-05 03:15	78.335	78.350	78.220	78.250	5
2026-08-05 03:20	78.245	78.350	78.235	78.346	5
2026-08-05 03:25	78.355	78.440	78.245	78.430	5
2026-08-05 03:30	78.415	78.537	78.405	78.455	5
2026-08-05 03:35	78.434	78.485	78.275	78.315	5
2026-08-05 03:40	78.320	78.516	78.236	78.450	5
2026-08-05 03:45	78.455	78.490	78.405	78.455	5
2026-08-05 03:50	78.410	78.475	78.410	78.455	5
2026-08-05 03:55	78.450	78.485	78.310	78.315	5
2026-08-05 04:00	78.325	78.395	78.254	78.375	5
2026-08-05 04:05	78.364	78.490	78.345	78.355	5
2026-08-05 04:10	78.365	78.580	78.345	78.565	5
2026-08-05 04:15	78.555	78.775	78.555	78.715	5
2026-08-05 04:20	78.726	78.805	78.726	78.750	5
2026-08-05 04:25	78.744	78.744	78.620	78.675	5
2026-08-05 04:30	78.676	78.700	78.615	78.695	5
2026-08-05 04:35	78.705	78.900	78.675	78.885	5
2026-08-05 04:40	78.880	78.905	78.835	78.875	5
2026-08-05 04:45	78.870	78.905	78.850	78.890	5
2026-08-05 04:50	78.885	78.905	78.795	78.850	5
2026-08-05 04:55	78.855	78.960	78.810	78.845	5
2026-08-05 05:00	78.840	78.990	78.780	78.975	5
2026-08-05 05:05	78.970	79.010	78.910	78.975	5
2026-08-05 05:10	78.955	79.005	78.940	78.970	5
2026-08-05 05:15	78.970	79.010	78.885	78.965	5
2026-08-05 05:20	78.970	79.030	78.926	78.986	5
2026-08-05 05:25	78.985	78.990	78.850	78.980	5
2026-08-05 05:30	78.975	78.975	78.530	78.590	5
2026-08-05 05:35	78.600	78.630	78.485	78.620	5
2026-08-05 05:40	78.625	78.826	78.615	78.760	5
2026-08-05 05:45	78.745	78.800	78.640	78.745	5
2026-08-05 05:50	78.735	78.840	78.635	78.715	5
2026-08-05 05:55	78.705	78.780	78.585	78.765	5
2026-08-05 06:00	78.760	78.940	78.675	78.880	5
2026-08-05 06:05	78.875	79.145	78.875	78.935	5
2026-08-05 06:10	78.940	79.075	78.884	78.995	5
2026-08-05 06:15	79.010	79.080	78.940	78.990	5
2026-08-05 06:20	78.975	79.015	78.766	78.820	5
2026-08-05 06:25	78.825	79.075	78.794	79.010	5
2026-08-05 06:30	79.000	79.330	78.985	79.220	5
2026-08-05 06:35	79.215	79.310	79.175	79.266	5
2026-08-05 06:40	79.270	79.310	79.025	79.090	5
2026-08-05 06:45	79.085	79.235	79.010	79.170	5
2026-08-05 06:50	79.155	79.205	78.935	79.075	5
2026-08-05 06:55	79.070	79.095	78.935	78.946	5
2026-08-05 07:00	78.935	79.235	78.866	79.196	5
2026-08-05 07:05	79.196	79.635	79.190	79.536	5
2026-08-05 07:10	79.550	79.986	79.540	79.905	5
2026-08-05 07:15	79.895	79.995	79.705	79.976	5
2026-08-05 07:20	79.966	80.085	79.846	80.046	5
2026-08-05 07:25	80.045	80.300	79.985	80.275	5
2026-08-05 07:30	80.270	80.436	80.210	80.396	5
2026-08-05 07:35	80.410	80.420	80.200	80.256	5
2026-08-05 07:40	80.235	80.246	80.030	80.056	5
2026-08-05 07:45	80.055	80.095	79.896	80.066	5
2026-08-05 07:50	80.085	80.225	80.034	80.186	5
2026-08-05 07:55	80.195	80.220	80.034	80.055	5
2026-08-05 08:00	80.036	80.120	79.936	80.100	5
2026-08-05 08:05	80.096	80.165	79.805	79.846	5
2026-08-05 08:10	79.855	80.385	79.846	80.365	5
2026-08-05 08:15	80.355	80.365	80.016	80.086	5
2026-08-05 08:20	80.110	80.355	80.090	80.175	5
2026-08-05 08:25	80.176	80.230	79.980	80.145	5
2026-08-05 08:30	80.115	80.355	79.985	80.275	5
2026-08-05 08:35	80.274	80.475	80.245	80.356	5
2026-08-05 08:40	80.365	80.390	80.016	80.266	5
2026-08-05 08:45	80.265	80.546	80.166	80.416	5
2026-08-05 08:50	80.415	80.536	80.286	80.375	5
2026-08-05 08:55	80.385	80.455	80.296	80.326	5
2026-08-05 09:00	80.320	80.396	80.174	80.345	5
2026-08-05 09:05	80.355	80.360	80.085	80.195	5
2026-08-05 09:10	80.210	80.246	79.995	80.006	5
2026-08-05 09:15	80.015	80.230	79.956	80.210	5
2026-08-05 09:20	80.210	80.455	80.206	80.380	5
2026-08-05 09:25	80.385	80.455	80.226	80.306	5
2026-08-05 09:30	80.315	80.315	80.216	80.290	5
2026-08-05 09:35	80.305	80.465	80.256	80.454	5
2026-08-05 09:40	80.490	80.556	80.414	80.446	5
2026-08-05 09:45	80.436	80.660	80.396	80.605	5
2026-08-05 09:50	80.620	80.696	80.585	80.676	5
2026-08-05 09:55	80.675	80.765	80.634	80.716	5
2026-08-05 10:00	80.725	80.775	80.626	80.730	5
2026-08-05 10:05	80.725	80.775	80.596	80.656	5
2026-08-05 10:10	80.665	80.765	80.584	80.606	5
2026-08-05 10:15	80.605	80.715	80.486	80.706	5
2026-08-05 10:20	80.705	80.900	80.660	80.866	5
2026-08-05 10:25	80.875	80.925	80.795	80.895	5
2026-08-05 10:30	80.915	80.925	80.686	80.686	5
2026-08-05 10:35	80.700	80.730	80.556	80.595	5
2026-08-05 10:40	80.594	80.750	80.554	80.696	5
2026-08-05 10:45	80.680	80.770	80.554	80.766	5
2026-08-05 10:50	80.780	80.800	80.676	80.745	5
2026-08-05 10:55	80.736	80.755	80.424	80.516	5
2026-08-05 11:00	80.510	80.660	80.504	80.566	5
2026-08-05 11:05	80.565	80.590	80.346	80.355	5
2026-08-05 11:10	80.360	80.445	80.276	80.326	5
2026-08-05 11:15	80.340	80.425	80.276	80.326	5
2026-08-05 11:20	80.335	80.500	80.310	80.490	5
2026-08-05 11:25	80.495	80.520	80.364	80.435	5
2026-08-05 11:30	80.440	80.470	80.204	80.255	5
2026-08-05 11:35	80.250	80.260	80.065	80.226	5
2026-08-05 11:40	80.220	80.345	80.086	80.115	5
2026-08-05 11:45	80.114	80.265	80.095	80.245	5
2026-08-05 11:50	80.240	80.270	79.995	80.096	5
2026-08-05 11:55	80.105	80.155	79.996	80.095	5
2026-08-05 12:00	80.105	80.235	80.074	80.166	5
2026-08-05 12:05	80.175	80.196	80.000	80.096	5
2026-08-05 12:10	80.105	80.160	79.846	79.855	5
2026-08-05 12:15	79.846	79.995	79.775	79.956	5
2026-08-05 12:20	79.965	80.080	79.886	79.926	5
2026-08-05 12:25	79.936	80.455	79.876	80.446	5
2026-08-05 12:30	80.445	80.640	80.305	80.335	5
2026-08-05 12:35	80.326	80.495	80.326	80.456	5
2026-08-05 12:40	80.450	80.460	80.270	80.310	5
2026-08-05 12:45	80.320	80.395	80.104	80.145	5
2026-08-05 12:50	80.155	80.410	80.120	80.350	5
2026-08-05 12:55	80.345	80.680	80.335	80.645	5
2026-08-05 13:00	80.650	80.670	80.014	80.056	5
2026-08-05 13:05	80.070	80.190	79.940	80.046	5
2026-08-05 13:10	80.055	80.195	80.050	80.055	5
2026-08-05 13:15	80.056	80.245	80.025	80.056	5
2026-08-05 13:20	80.060	80.205	79.980	80.145	5
2026-08-05 13:25	80.150	80.185	79.986	80.140	5
2026-08-05 13:30	80.135	80.150	79.825	79.836	5
2026-08-05 13:35	79.850	79.975	79.254	79.394	5
2026-08-05 13:40	79.465	79.720	79.267	79.615	5
2026-08-05 13:45	79.625	79.665	79.395	79.485	5
2026-08-05 13:50	79.460	79.730	79.356	79.370	5
2026-08-05 13:55	79.365	79.605	79.365	79.575	5
2026-08-05 14:00	79.566	79.706	79.145	79.386	5
2026-08-05 14:05	79.385	79.385	78.497	78.935	5
2026-08-05 14:10	78.936	79.085	78.706	78.826	5
2026-08-05 14:15	78.820	79.065	78.746	78.920	5
2026-08-05 14:20	78.925	78.976	78.675	78.676	5
2026-08-05 14:25	78.690	78.865	78.676	78.795	5
2026-08-05 14:30	78.797	78.950	78.616	78.725	5
2026-08-05 14:35	78.720	78.925	78.706	78.835	5
2026-08-05 14:40	78.845	78.950	78.777	78.846	5
2026-08-05 14:45	78.855	79.175	78.855	78.996	5
2026-08-05 14:50	79.005	79.060	78.834	78.945	5
2026-08-05 14:55	78.944	79.030	78.805	78.976	5
2026-08-05 15:00	78.975	79.005	78.294	78.636	5
2026-08-05 15:05	78.635	79.200	78.576	79.106	5
2026-08-05 15:10	79.106	79.390	78.996	79.390	5
2026-08-05 15:15	79.370	79.734	79.366	79.576	5
2026-08-05 15:20	79.585	79.590	79.206	79.310	5
2026-08-05 15:25	79.320	79.375	78.895	79.020	5
2026-08-05 15:30	79.010	79.235	78.955	79.164	5
2026-08-05 15:35	79.175	79.175	78.946	78.966	5
2026-08-05 15:40	78.975	79.215	78.926	79.146	5
2026-08-05 15:45	79.160	79.535	79.156	79.366	5
2026-08-05 15:50	79.360	79.555	79.216	79.505	5
2026-08-05 15:55	79.510	79.560	79.400	79.546	5
2026-08-05 16:00	79.545	79.750	79.545	79.726	5
2026-08-05 16:05	79.716	79.726	79.516	79.556	5
2026-08-05 16:10	79.570	79.675	79.485	79.615	5
2026-08-05 16:15	79.625	79.800	79.600	79.756	5
2026-08-05 16:20	79.760	79.826	79.664	79.755	5
2026-08-05 16:25	79.745	79.865	79.640	79.730	5
2026-08-05 16:30	79.750	79.750	79.584	79.700	5
2026-08-05 16:35	79.690	79.810	79.595	79.615	5
2026-08-05 16:40	79.614	79.614	79.326	79.355	5
2026-08-05 16:45	79.360	79.480	79.204	79.234	5
2026-08-05 16:50	79.236	79.250	78.930	79.060	5
2026-08-05 16:55	79.055	79.230	78.944	79.006	5
2026-08-05 17:00	78.995	79.136	78.905	79.046	5
2026-08-05 17:05	79.040	79.075	78.854	78.950	5
2026-08-05 17:10	78.946	78.960	78.734	78.786	5
2026-08-05 17:15	78.785	78.800	78.636	78.726	5
2026-08-05 17:20	78.725	78.786	78.626	78.746	5
2026-08-05 17:25	78.745	78.810	78.660	78.695	5
2026-08-05 17:30	78.686	78.790	78.605	78.625	5
2026-08-05 17:35	78.620	78.830	78.620	78.745	5
2026-08-05 17:40	78.750	78.985	78.736	78.835	5
2026-08-05 17:45	78.840	78.890	78.775	78.886	5
2026-08-05 17:50	78.880	78.975	78.806	78.950	5
2026-08-05 17:55	78.945	79.145	78.926	79.145	5
2026-08-05 18:00	79.135	79.230	79.066	79.215	5
2026-08-05 18:05	79.240	79.346	79.185	79.286	5
2026-08-05 18:10	79.275	79.425	79.256	79.425	5
2026-08-05 18:15	79.416	79.480	79.266	79.475	5
2026-08-05 18:20	79.480	79.516	79.386	79.406	5
2026-08-05 18:25	79.420	79.515	79.246	79.445	5
2026-08-05 18:30	79.450	79.615	79.405	79.550	5
2026-08-05 18:35	79.540	79.550	79.435	79.456	5
2026-08-05 18:40	79.450	79.610	79.414	79.455	5
2026-08-05 18:45	79.445	79.450	79.350	79.356	5
2026-08-05 18:50	79.370	79.405	79.290	79.320	5
2026-08-05 18:55	79.315	79.570	79.310	79.560	5
2026-08-05 19:00	79.570	79.626	79.480	79.490	5
2026-08-05 19:05	79.490	79.495	79.415	79.450	5
2026-08-05 19:10	79.455	79.460	79.375	79.380	5
2026-08-05 19:15	79.370	79.520	79.370	79.510	5
2026-08-05 19:20	79.505	79.540	79.456	79.456	5
2026-08-05 19:25	79.465	79.560	79.456	79.516	5
2026-08-05 19:30	79.530	79.535	79.456	79.510	5
2026-08-05 19:35	79.500	79.515	79.420	79.460	5
2026-08-05 19:40	79.455	79.510	79.405	79.410	5
2026-08-05 19:45	79.405	79.440	79.364	79.390	5
2026-08-05 19:50	79.385	79.400	79.280	79.350	5
2026-08-05 19:55	79.345	79.440	79.290	79.426	5
2026-08-05 20:00	79.420	79.420	79.192	79.207	5
2026-08-05 20:05	79.212	79.227	79.097	79.187	5
2026-08-05 20:10	79.177	79.257	79.137	79.257	5
2026-08-05 20:15	79.267	79.352	79.267	79.307	5
2026-08-05 20:20	79.307	79.347	79.257	79.267	5
2026-08-05 20:25	79.257	79.332	79.217	79.317	5
2026-08-05 20:30	79.312	79.367	79.212	79.217	5
2026-08-05 20:35	79.207	79.217	79.152	79.177	5
2026-08-05 20:40	79.177	79.247	79.177	79.232	5
2026-08-05 20:45	79.232	79.312	79.232	79.302	5
2026-08-05 20:50	79.282	79.314	79.202	79.312	5
2026-08-05 20:55	79.302	79.402	79.292	79.392	5
2026-08-06 00:00	79.192	79.375	79.167	79.295	5
2026-08-06 00:05	79.275	79.295	79.190	79.210	5
2026-08-06 00:10	79.217	79.245	79.095	79.145	5
2026-08-06 00:15	79.135	79.135	79.070	79.135	5
2026-08-06 00:20	79.130	79.130	79.005	79.036	5
2026-08-06 00:25	79.055	79.340	79.045	79.335	5
2026-08-06 00:30	79.330	79.485	79.254	79.266	5
2026-08-06 00:35	79.265	79.320	79.245	79.290	5
2026-08-06 00:40	79.300	79.360	79.245	79.345	5
2026-08-06 00:45	79.335	79.345	79.255	79.285	5
2026-08-06 00:50	79.270	79.326	79.164	79.240	5
2026-08-06 00:55	79.235	79.277	79.085	79.270	5
2026-08-06 01:00	79.265	79.565	79.236	79.355	5
2026-08-06 01:05	79.350	79.470	79.350	79.410	5
2026-08-06 01:10	79.416	79.816	79.416	79.720	5
2026-08-06 01:15	79.715	80.120	79.650	79.965	5
2026-08-06 01:20	79.955	80.080	79.840	80.076	5
2026-08-06 01:25	80.065	80.325	79.965	79.995	5
2026-08-06 01:30	80.000	80.200	79.965	80.180	5
2026-08-06 01:35	80.185	80.190	80.015	80.045	5
2026-08-06 01:40	80.055	80.115	79.985	80.000	5
2026-08-06 01:45	80.006	80.135	80.000	80.035	5
2026-08-06 01:50	80.025	80.035	79.915	79.985	5
2026-08-06 01:55	79.995	80.030	79.890	79.995	5
2026-08-06 02:00	79.990	80.047	79.960	80.020	5
2026-08-06 02:05	80.015	80.055	79.755	79.805	5
2026-08-06 02:10	79.815	79.990	79.815	79.890	5
2026-08-06 02:15	79.865	79.945	79.780	79.795	5
2026-08-06 02:20	79.796	79.875	79.784	79.805	5
2026-08-06 02:25	79.795	79.815	79.750	79.805	5
2026-08-06 02:30	79.810	80.000	79.795	79.925	5
2026-08-06 02:35	79.935	79.985	79.860	79.875	5
2026-08-06 02:40	79.880	79.895	79.805	79.850	5
2026-08-06 02:45	79.840	79.890	79.755	79.860	5
2026-08-06 02:50	79.866	79.910	79.800	79.825	5
2026-08-06 02:55	79.830	79.865	79.795	79.805	5
2026-08-06 03:00	79.785	79.785	79.735	79.760	5
2026-08-06 03:05	79.765	79.765	79.674	79.720	5
2026-08-06 03:10	79.730	79.800	79.676	79.780	5
2026-08-06 03:15	79.775	79.780	79.720	79.750	5
2026-08-06 03:20	79.755	79.840	79.755	79.815	5
2026-08-06 03:25	79.805	79.805	79.500	79.540	5
2026-08-06 03:30	79.525	79.525	79.210	79.230	5
2026-08-06 03:35	79.245	79.310	79.220	79.275	5
2026-08-06 03:40	79.265	79.315	79.260	79.300	5
2026-08-06 03:45	79.296	79.360	79.266	79.300	5
2026-08-06 03:50	79.310	79.385	79.310	79.370	5
2026-08-06 03:55	79.385	79.390	79.225	79.225	5
2026-08-06 04:00	79.220	79.255	79.145	79.150	5
2026-08-06 04:05	79.145	79.210	79.145	79.170	5
2026-08-06 04:10	79.175	79.200	79.070	79.130	5
2026-08-06 04:15	79.125	79.170	79.075	79.075	5
2026-08-06 04:20	79.076	79.120	79.034	79.076	5
2026-08-06 04:25	79.075	79.105	79.045	79.070	5
2026-08-06 04:30	79.080	79.080	78.970	79.050	5
2026-08-06 04:35	79.055	79.100	79.030	79.030	5
2026-08-06 04:40	79.025	79.125	79.000	79.115	5
2026-08-06 04:45	79.110	79.130	79.046	79.080	5
2026-08-06 04:50	79.070	79.090	79.030	79.085	5
2026-08-06 04:55	79.080	79.130	79.070	79.100	4
2026-08-06 05:00	79.125	79.210	79.100	79.176	5
2026-08-06 05:05	79.185	79.200	79.150	79.170	5
2026-08-06 05:10	79.165	79.180	79.055	79.090	5
2026-08-06 05:15	79.095	79.095	78.980	79.005	5
2026-08-06 05:20	79.000	79.055	78.980	79.025	5
2026-08-06 05:25	79.035	79.075	78.945	78.956	5
2026-08-06 05:30	78.930	79.075	78.910	79.075	5
2026-08-06 05:35	79.105	79.250	79.075	79.145	5
2026-08-06 05:40	79.140	79.226	79.106	79.210	5
2026-08-06 05:45	79.205	79.250	79.145	79.215	5
2026-08-06 05:50	79.225	79.240	79.160	79.190	5
2026-08-06 05:55	79.185	79.240	79.165	79.200	5
2026-08-06 06:00	79.205	79.490	79.176	79.425	5
2026-08-06 06:05	79.420	79.460	79.305	79.426	5
2026-08-06 06:10	79.425	79.785	79.416	79.715	5
2026-08-06 06:15	79.710	79.766	79.520	79.530	5
2026-08-06 06:20	79.545	79.745	79.524	79.720	5
2026-08-06 06:25	79.710	79.736	79.546	79.560	5
2026-08-06 06:30	79.565	79.795	79.555	79.720	5
2026-08-06 06:35	79.725	79.930	79.650	79.860	5
2026-08-06 06:40	79.855	79.945	79.780	79.790	5
2026-08-06 06:45	79.780	79.955	79.750	79.870	5
2026-08-06 06:50	79.860	79.885	79.620	79.750	5
2026-08-06 06:55	79.740	79.740	79.600	79.610	5
2026-08-06 07:00	79.604	79.606	79.436	79.440	5
2026-08-06 07:05	79.450	79.710	79.445	79.705	5
2026-08-06 07:10	79.710	79.885	79.665	79.705	5
2026-08-06 07:15	79.700	79.765	79.655	79.716	5
2026-08-06 07:20	79.705	79.705	79.485	79.655	5
2026-08-06 07:25	79.660	79.660	79.426	79.616	5
2026-08-06 07:30	79.625	79.700	79.560	79.626	5
2026-08-06 07:35	79.640	79.945	79.556	79.916	5
2026-08-06 07:40	79.910	79.940	79.760	79.845	5
2026-08-06 07:45	79.850	79.900	79.656	79.766	5
2026-08-06 07:50	79.775	79.920	79.736	79.876	5
2026-08-06 07:55	79.875	79.910	79.716	79.816	5
2026-08-06 08:00	79.820	80.010	79.686	79.915	5
2026-08-06 08:05	79.910	79.986	79.814	79.826	5
2026-08-06 08:10	79.820	80.095	79.794	80.086	5
2026-08-06 08:15	80.096	80.205	80.050	80.120	5
2026-08-06 08:20	80.126	80.136	79.946	80.056	5
2026-08-06 08:25	80.070	80.080	79.496	79.560	5
2026-08-06 08:30	79.566	79.715	79.334	79.480	5
2026-08-06 08:35	79.476	79.670	79.364	79.646	5
2026-08-06 08:40	79.655	79.675	79.370	79.445	5
2026-08-06 08:45	79.444	79.520	79.365	79.386	5
2026-08-06 08:50	79.380	79.450	79.265	79.355	5
2026-08-06 08:55	79.354	79.565	79.354	79.525	5
2026-08-06 09:00	79.530	79.725	79.446	79.685	5
2026-08-06 09:05	79.680	79.780	79.625	79.705	5
2026-08-06 09:10	79.706	79.816	79.596	79.646	5
2026-08-06 09:15	79.640	79.730	79.495	79.500	5
2026-08-06 09:20	79.490	79.490	79.385	79.390	5
2026-08-06 09:25	79.386	79.596	79.386	79.456	5
2026-08-06 09:30	79.450	79.615	79.355	79.576	5
2026-08-06 09:35	79.575	79.726	79.566	79.706	5
2026-08-06 09:40	79.705	79.736	79.666	79.700	5
2026-08-06 09:45	79.695	79.755	79.635	79.636	5
2026-08-06 09:50	79.645	79.725	79.505	79.505	5
2026-08-06 09:55	79.504	79.525	79.386	79.426	5
2026-08-06 10:00	79.436	79.540	79.390	79.516	5
2026-08-06 10:05	79.506	79.760	79.445	79.706	5
2026-08-06 10:10	79.725	79.975	79.725	79.925	5
2026-08-06 10:15	79.920	79.985	79.846	79.956	5
2026-08-06 10:20	79.970	80.276	79.956	80.166	5
2026-08-06 10:25	80.180	80.210	80.014	80.080	5
2026-08-06 10:30	80.095	80.196	80.056	80.186	5
2026-08-06 10:35	80.180	80.305	80.146	80.185	5
2026-08-06 10:40	80.200	80.365	80.156	80.336	5
2026-08-06 10:45	80.345	80.425	80.250	80.385	5
2026-08-06 10:50	80.400	80.500	80.384	80.436	5
2026-08-06 10:55	80.445	80.450	80.255	80.306	5
2026-08-06 11:00	80.315	80.315	80.166	80.196	5
2026-08-06 11:05	80.205	80.365	80.186	80.306	5
2026-08-06 11:10	80.316	80.365	80.246	80.295	5
2026-08-06 11:15	80.300	80.360	80.235	80.240	5
2026-08-06 11:20	80.245	80.320	80.196	80.295	5
2026-08-06 11:25	80.290	80.365	80.256	80.275	5
2026-08-06 11:30	80.290	80.345	80.206	80.225	5
2026-08-06 11:35	80.220	80.260	80.166	80.215	5
2026-08-06 11:40	80.220	80.230	80.176	80.206	5
2026-08-06 11:45	80.200	80.380	80.185	80.295	5
2026-08-06 11:50	80.290	80.640	80.286	80.626	5
2026-08-06 11:55	80.635	80.650	80.125	80.150	5
2026-08-06 12:00	80.146	80.305	80.070	80.205	5
2026-08-06 12:05	80.204	80.546	80.146	80.386	5
2026-08-06 12:10	80.385	80.466	80.196	80.200	5
2026-08-06 12:15	80.196	80.460	80.150	80.430	5
2026-08-06 12:20	80.435	80.580	80.396	80.576	5
2026-08-06 12:25	80.585	80.660	80.506	80.545	5
2026-08-06 12:30	80.555	80.615	80.464	80.556	5
2026-08-06 12:35	80.565	80.770	80.530	80.765	5
2026-08-06 12:40	80.770	80.815	80.705	80.735	5
2026-08-06 12:45	80.730	80.795	80.596	80.666	5
2026-08-06 12:50	80.675	80.824	80.675	80.775	5
2026-08-06 12:55	80.765	80.790	80.706	80.730	5
2026-08-06 13:00	80.680	80.945	80.676	80.850	5
2026-08-06 13:05	80.855	81.390	80.804	81.175	5
2026-08-06 13:10	81.180	81.295	81.125	81.175	5
2026-08-06 13:15	81.165	81.165	80.944	81.055	5
2026-08-06 13:20	81.054	81.060	80.884	80.926	5
2026-08-06 13:25	80.924	80.955	80.785	80.836	5
2026-08-06 13:30	80.845	80.940	80.765	80.865	5
2026-08-06 13:35	80.870	80.876	80.764	80.836	5
2026-08-06 13:40	80.850	80.850	80.605	80.666	5
2026-08-06 13:45	80.680	80.930	80.676	80.896	5
2026-08-06 13:50	80.910	80.925	80.665	80.785	5
2026-08-06 13:55	80.780	80.890	80.754	80.890	5
2026-08-06 14:00	80.870	80.935	80.655	80.710	5
2026-08-06 14:05	80.697	80.885	80.697	80.845	5
2026-08-06 14:10	80.840	80.860	80.756	80.806	5
2026-08-06 14:15	80.815	80.896	80.756	80.886	5
2026-08-06 14:20	80.880	80.975	80.816	80.950	5
2026-08-06 14:25	80.945	81.145	80.915	81.066	5
2026-08-06 14:30	81.080	81.090	80.796	80.895	5
2026-08-06 14:35	80.900	81.150	80.875	81.135	5
2026-08-06 14:40	81.136	81.140	80.986	81.075	5
2026-08-06 14:45	81.070	81.354	81.070	81.176	5
2026-08-06 14:50	81.180	81.375	81.180	81.216	5
2026-08-06 14:55	81.210	81.245	81.106	81.116	5
2026-08-06 15:00	81.116	81.365	81.046	81.306	5
2026-08-06 15:05	81.320	81.366	81.195	81.246	5
2026-08-06 15:10	81.245	81.360	81.226	81.245	5
2026-08-06 15:15	81.250	81.775	81.244	81.726	5
2026-08-06 15:20	81.735	81.800	81.614	81.756	5
2026-08-06 15:25	81.736	81.765	81.345	81.475	5
2026-08-06 15:30	81.480	81.800	81.426	81.795	5
2026-08-06 15:35	81.800	81.890	81.606	81.626	5
2026-08-06 15:40	81.625	81.675	81.466	81.515	5
2026-08-06 15:45	81.510	81.680	81.486	81.645	5
2026-08-06 15:50	81.650	82.615	81.506	82.610	5
2026-08-06 15:55	82.606	82.815	82.184	82.446	5
2026-08-06 16:00	82.445	82.716	82.396	82.495	5
2026-08-06 16:05	82.486	82.566	82.346	82.496	5
2026-08-06 16:10	82.495	82.695	82.434	82.660	5
2026-08-06 16:15	82.670	82.865	82.656	82.830	5
2026-08-06 16:20	82.825	82.890	82.560	82.636	5
2026-08-06 16:25	82.630	82.775	82.506	82.506	5
2026-08-06 16:30	82.506	82.680	82.475	82.625	5
2026-08-06 16:35	82.600	82.720	82.446	82.690	5
2026-08-06 16:40	82.686	82.965	82.676	82.955	5
2026-08-06 16:45	82.950	83.025	82.706	82.710	5
2026-08-06 16:50	82.700	82.935	82.684	82.876	5
2026-08-06 16:55	82.885	82.946	82.766	82.766	5
2026-08-06 17:00	82.775	82.776	82.566	82.746	5
2026-08-06 17:05	82.745	82.760	82.636	82.656	5
2026-08-06 17:10	82.670	82.805	82.587	82.686	5
2026-08-06 17:15	82.680	82.710	82.606	82.620	5
2026-08-06 17:20	82.625	82.780	82.614	82.636	5
2026-08-06 17:25	82.645	82.646	82.465	82.516	5
2026-08-06 17:30	82.510	82.590	82.276	82.304	5
2026-08-06 17:35	82.306	82.386	82.286	82.336	5
2026-08-06 17:40	82.335	82.385	82.275	82.336	5
2026-08-06 17:45	82.350	82.385	82.186	82.276	5
2026-08-06 17:50	82.275	82.295	82.180	82.246	5
2026-08-06 17:55	82.245	82.345	82.226	82.316	5
2026-08-06 18:00	82.330	82.515	82.226	82.240	5
2026-08-06 18:05	82.245	82.330	82.196	82.280	5
2026-08-06 18:10	82.270	82.555	82.265	82.410	5
2026-08-06 18:15	82.400	82.510	82.366	82.435	5
2026-08-06 18:20	82.430	82.585	82.306	82.504	5
2026-08-06 18:25	82.506	82.565	82.346	82.436	5
2026-08-06 18:30	82.450	82.486	82.260	82.370	5
2026-08-06 18:35	82.365	82.440	82.295	82.410	5
2026-08-06 18:40	82.416	82.426	82.360	82.375	5
2026-08-06 18:45	82.380	82.400	82.345	82.400	5
2026-08-06 18:50	82.395	82.495	82.395	82.495	5
2026-08-06 18:55	82.494	82.570	82.464	82.535	5
2026-08-06 19:00	82.545	82.705	82.545	82.690	5
2026-08-06 19:05	82.695	82.805	82.650	82.676	5
2026-08-06 19:10	82.695	82.705	82.620	82.690	5
2026-08-06 19:15	82.700	82.730	82.610	82.640	5
2026-08-06 19:20	82.635	83.095	82.610	83.080	5
2026-08-06 19:25	83.090	83.460	83.040	83.336	5
2026-08-06 19:30	83.350	83.435	83.220	83.240	5
2026-08-06 19:35	83.245	83.455	83.190	83.225	5
2026-08-06 19:40	83.220	83.230	83.030	83.120	5
2026-08-06 19:45	83.115	83.146	82.985	83.025	5
2026-08-06 19:50	83.030	83.290	82.575	82.780	5
2026-08-06 19:55	82.780	82.955	82.597	82.925	5
2026-08-06 20:00	82.907	82.972	82.827	82.967	5
2026-08-06 20:05	82.952	83.042	82.897	82.937	5
2026-08-06 20:10	82.937	83.032	82.932	83.002	5
2026-08-06 20:15	83.002	83.017	82.917	82.942	5
2026-08-06 20:20	82.947	83.272	82.937	83.177	5
2026-08-06 20:25	83.132	83.407	83.077	83.322	5
2026-08-06 20:30	83.317	83.317	83.207	83.247	5
2026-08-06 20:35	83.242	83.524	83.227	83.422	5
2026-08-06 20:40	83.412	83.457	83.307	83.377	5
2026-08-06 20:45	83.377	83.732	83.372	83.562	5
2026-08-06 20:50	83.562	83.622	83.492	83.507	5
2026-08-06 20:55	83.502	83.562	83.432	83.512	5
2026-08-07 00:00	83.177	83.440	83.137	83.436	5
2026-08-07 00:05	83.446	83.456	83.320	83.385	5
2026-08-07 00:10	83.390	83.606	83.390	83.456	5
2026-08-07 00:15	83.465	83.595	83.450	83.535	5
2026-08-07 00:20	83.520	83.636	83.490	83.625	5
2026-08-07 00:25	83.615	83.707	83.590	83.635	5
2026-08-07 00:30	83.637	83.675	83.570	83.635	5
2026-08-07 00:35	83.637	83.800	83.620	83.795	5
2026-08-07 00:40	83.785	83.835	83.590	83.625	5
2026-08-07 00:45	83.615	83.625	83.450	83.527	5
2026-08-07 00:50	83.530	83.575	83.400	83.400	5
2026-08-07 00:55	83.405	83.455	83.220	83.270	5
2026-08-07 01:00	83.275	83.325	83.060	83.285	5
2026-08-07 01:05	83.277	83.380	83.195	83.206	5
2026-08-07 01:10	83.220	83.245	83.125	83.175	5
2026-08-07 01:15	83.185	83.240	83.120	83.190	5
2026-08-07 01:20	83.185	83.370	83.176	83.345	5
2026-08-07 01:25	83.340	83.365	83.125	83.165	5
2026-08-07 01:30	83.155	83.165	83.055	83.135	5
2026-08-07 01:35	83.125	83.185	83.075	83.075	5
2026-08-07 01:40	83.095	83.245	83.095	83.130	5
2026-08-07 01:45	83.140	83.315	83.140	83.310	5
2026-08-07 01:50	83.315	83.350	83.285	83.295	5
2026-08-07 01:55	83.300	83.330	83.165	83.260	5
2026-08-07 02:00	83.270	83.475	83.270	83.445	5
2026-08-07 02:05	83.440	83.470	83.320	83.355	5
2026-08-07 02:10	83.350	83.400	83.335	83.355	5
2026-08-07 02:15	83.365	83.475	83.320	83.470	5
2026-08-07 02:20	83.465	83.515	83.386	83.405	5
2026-08-07 02:25	83.410	83.540	83.385	83.520	5
2026-08-07 02:30	83.515	83.580	83.465	83.525	5
2026-08-07 02:35	83.530	83.590	83.440	83.570	5
2026-08-07 02:40	83.580	83.580	83.400	83.455	5
2026-08-07 02:45	83.465	83.470	83.340	83.445	5
2026-08-07 02:50	83.440	83.470	83.365	83.375	5
2026-08-07 02:55	83.380	83.450	83.350	83.385	5
2026-08-07 03:00	83.390	83.390	83.250	83.275	5
2026-08-07 03:05	83.270	83.430	83.265	83.430	5
2026-08-07 03:10	83.426	83.525	83.426	83.495	5
2026-08-07 03:15	83.485	83.590	83.455	83.550	5
2026-08-07 03:20	83.565	83.680	83.500	83.520	5
2026-08-07 03:25	83.525	83.525	83.440	83.465	5
2026-08-07 03:30	83.450	83.480	83.420	83.455	5
2026-08-07 03:35	83.450	83.455	83.345	83.345	5
2026-08-07 03:40	83.350	83.470	83.350	83.405	5
2026-08-07 03:45	83.410	83.465	83.395	83.440	5
2026-08-07 03:50	83.455	83.485	83.415	83.450	5
2026-08-07 03:55	83.445	83.475	83.420	83.430	5
2026-08-07 04:00	83.425	83.465	83.370	83.465	5
2026-08-07 04:05	83.470	83.575	83.425	83.570	5
2026-08-07 04:10	83.565	83.760	83.540	83.690	5
2026-08-07 04:15	83.695	84.040	83.685	84.040	5
2026-08-07 04:20	84.035	84.035	83.800	83.975	5
2026-08-07 04:25	83.985	84.255	83.975	84.255	5
2026-08-07 04:30	84.277	84.375	83.705	83.735	5
2026-08-07 04:35	83.740	83.825	83.725	83.785	5
2026-08-07 04:40	83.787	83.905	83.785	83.895	5
2026-08-07 04:45	83.897	83.925	83.835	83.835	5
2026-08-07 04:50	83.825	83.835	83.760	83.765	5
2026-08-07 04:55	83.754	83.770	83.660	83.770	5
2026-08-07 05:00	83.785	83.805	83.740	83.760	5
2026-08-07 05:05	83.775	83.790	83.706	83.725	5
2026-08-07 05:10	83.730	83.805	83.705	83.805	5
2026-08-07 05:15	83.795	83.810	83.735	83.790	5
2026-08-07 05:20	83.785	83.805	83.705	83.735	5
2026-08-07 05:25	83.727	83.835	83.725	83.817	5
2026-08-07 05:30	83.825	83.855	83.734	83.820	5
2026-08-07 05:35	83.825	83.825	83.650	83.665	5
2026-08-07 05:40	83.657	83.765	83.625	83.730	5
2026-08-07 05:45	83.745	83.850	83.715	83.740	5
2026-08-07 05:50	83.735	83.735	83.544	83.580	5
2026-08-07 05:55	83.575	83.590	83.520	83.550	5
2026-08-07 06:00	83.545	83.645	83.310	83.316	5
2026-08-07 06:05	83.330	83.405	83.220	83.370	5
2026-08-07 06:10	83.375	83.426	83.265	83.270	5
2026-08-07 06:15	83.275	83.370	83.250	83.310	5
2026-08-07 06:20	83.320	83.340	83.067	83.110	5
2026-08-07 06:25	83.115	83.175	83.040	83.050	5
2026-08-07 06:30	83.055	83.340	83.024	83.285	5
2026-08-07 06:35	83.290	83.475	83.284	83.465	5
2026-08-07 06:40	83.455	83.680	83.455	83.660	5
2026-08-07 06:45	83.655	83.670	83.520	83.555	5
2026-08-07 06:50	83.550	83.550	83.370	83.415	5
2026-08-07 06:55	83.417	83.465	83.365	83.390	5
2026-08-07 07:00	83.390	83.586	83.340	83.486	5
2026-08-07 07:05	83.484	83.505	83.396	83.436	5
2026-08-07 07:10	83.425	83.455	83.165	83.170	5
2026-08-07 07:15	83.190	83.365	83.154	83.276	5
2026-08-07 07:20	83.275	83.280	83.106	83.206	5
2026-08-07 07:25	83.215	83.255	83.036	83.075	5
2026-08-07 07:30	83.070	83.300	83.016	83.175	5
2026-08-07 07:35	83.180	83.355	83.145	83.195	5
2026-08-07 07:40	83.197	83.325	83.185	83.325	5
2026-08-07 07:45	83.310	83.356	83.164	83.210	5
2026-08-07 07:50	83.206	83.435	83.206	83.406	5
2026-08-07 07:55	83.400	83.405	83.226	83.256	5
2026-08-07 08:00	83.280	83.310	83.125	83.166	5
2026-08-07 08:05	83.180	83.215	82.936	83.146	5
2026-08-07 08:10	83.155	83.195	83.096	83.175	5
2026-08-07 08:15	83.166	83.340	83.156	83.296	5
2026-08-07 08:20	83.305	83.400	83.205	83.206	5
2026-08-07 08:25	83.195	83.390	83.070	83.305	5
2026-08-07 08:30	83.286	83.345	82.974	83.100	5
2026-08-07 08:35	83.105	83.300	83.000	83.215	5
2026-08-07 08:40	83.235	83.300	83.044	83.120	5
2026-08-07 08:45	83.140	83.325	83.140	83.206	5
2026-08-07 08:50	83.206	83.296	83.136	83.166	5
2026-08-07 08:55	83.160	83.166	82.975	83.045	5
2026-08-07 09:00	83.050	83.155	82.796	82.896	5
2026-08-07 09:05	82.905	82.970	82.886	82.916	5
2026-08-07 09:10	82.915	82.915	82.755	82.800	5
2026-08-07 09:15	82.795	82.955	82.784	82.815	5
2026-08-07 09:20	82.810	82.810	82.696	82.765	5
2026-08-07 09:25	82.766	82.810	82.735	82.746	5
2026-08-07 09:30	82.746	82.805	82.685	82.746	5
2026-08-07 09:35	82.755	82.755	82.500	82.500	5
2026-08-07 09:40	82.500	82.510	82.266	82.415	5
2026-08-07 09:45	82.406	82.410	82.144	82.146	5
2026-08-07 09:50	82.155	82.425	82.145	82.316	5
2026-08-07 09:55	82.330	82.405	82.240	82.306	5
2026-08-07 10:00	82.285	82.300	82.115	82.165	5
2026-08-07 10:05	82.176	82.270	82.114	82.165	5
2026-08-07 10:10	82.160	82.165	81.855	81.966	5
2026-08-07 10:15	81.960	82.330	81.956	82.126	5
2026-08-07 10:20	82.126	82.220	82.076	82.145	5
2026-08-07 10:25	82.140	82.266	82.065	82.096	5
2026-08-07 10:30	82.095	82.095	81.884	81.916	5
2026-08-07 10:35	81.925	82.030	81.830	81.846	5
2026-08-07 10:40	81.856	82.010	81.765	81.810	5
2026-08-07 10:45	81.790	81.970	81.790	81.805	5
2026-08-07 10:50	81.810	81.900	81.745	81.886	5
2026-08-07 10:55	81.900	82.030	81.825	81.865	5
2026-08-07 11:00	81.860	81.955	81.746	81.755	5
2026-08-07 11:05	81.760	81.965	81.746	81.766	5
2026-08-07 11:10	81.765	81.975	81.765	81.966	5
2026-08-07 11:15	81.980	82.145	81.976	82.025	5
2026-08-07 11:20	82.010	82.040	81.860	81.860	5
2026-08-07 11:25	81.846	81.884	81.744	81.816	5
2026-08-07 11:30	81.825	81.945	81.756	81.836	5
2026-08-07 11:35	81.835	81.856	81.744	81.746	5
2026-08-07 11:40	81.745	81.760	81.670	81.745	5
2026-08-07 11:45	81.750	81.750	81.636	81.726	5
2026-08-07 11:50	81.700	81.715	81.646	81.695	5
2026-08-07 11:55	81.690	81.840	81.686	81.835	5
2026-08-07 12:00	81.830	81.845	81.706	81.776	5
2026-08-07 12:05	81.785	81.980	81.745	81.936	5
2026-08-07 12:10	81.950	81.985	81.880	81.966	5
2026-08-07 12:15	81.975	82.115	81.915	82.000	5
2026-08-07 12:20	82.006	82.145	81.926	82.140	5
2026-08-07 12:25	82.150	82.397	82.086	82.237	5
2026-08-07 12:30	82.255	82.255	81.786	81.845	5
2026-08-07 12:35	81.835	81.950	81.666	81.705	5
2026-08-07 12:40	81.696	81.740	81.486	81.665	5
2026-08-07 12:45	81.670	81.760	81.595	81.636	5
2026-08-07 12:50	81.645	81.710	81.515	81.595	5
2026-08-07 12:55	81.600	81.735	81.515	81.656	5
2026-08-07 13:00	81.650	81.890	81.574	81.870	5
2026-08-07 13:05	81.866	81.896	81.686	81.896	5
2026-08-07 13:10	81.885	82.105	81.806	81.835	5
2026-08-07 13:15	81.836	81.880	81.706	81.775	5
2026-08-07 13:20	81.780	82.086	81.744	82.015	5
2026-08-07 13:25	82.016	82.055	81.920	81.935	5
2026-08-07 13:30	81.940	82.080	81.836	82.056	5
2026-08-07 13:35	82.045	82.075	81.955	81.955	5
2026-08-07 13:40	81.956	82.065	81.926	82.026	5
2026-08-07 13:45	82.016	82.305	81.986	82.305	5
2026-08-07 13:50	82.290	82.306	82.156	82.286	5
2026-08-07 13:55	82.295	82.350	82.154	82.346	5
2026-08-07 14:00	82.345	82.620	82.206	82.615	5
2026-08-07 14:05	82.610	82.960	82.586	82.836	5
2026-08-07 14:10	82.850	82.975	82.620	82.736	5
2026-08-07 14:15	82.730	82.735	82.476	82.515	5
2026-08-07 14:20	82.520	82.630	82.404	82.620	5
2026-08-07 14:25	82.616	82.734	82.586	82.590	5
2026-08-07 14:30	82.596	82.674	82.486	82.556	5
2026-08-07 14:35	82.565	82.585	82.405	82.495	5
2026-08-07 14:40	82.496	82.546	82.415	82.486	5
2026-08-07 14:45	82.480	82.656	82.424	82.626	5
2026-08-07 14:50	82.636	82.906	82.596	82.890	5
2026-08-07 14:55	82.895	83.145	82.864	83.125	5
2026-08-07 15:00	83.120	83.460	83.026	83.385	5
2026-08-07 15:05	83.390	83.540	83.285	83.375	5
2026-08-07 15:10	83.374	83.465	83.256	83.306	5
2026-08-07 15:15	83.320	83.515	83.255	83.476	5
2026-08-07 15:20	83.475	83.480	83.240	83.276	5
2026-08-07 15:25	83.320	83.610	83.305	83.400	5
2026-08-07 15:30	83.396	83.665	83.374	83.435	5
2026-08-07 15:35	83.440	83.450	83.294	83.415	5
2026-08-07 15:40	83.410	83.450	83.306	83.395	5
2026-08-07 15:45	83.394	83.465	83.266	83.416	5
2026-08-07 15:50	83.425	83.615	83.414	83.516	5
2026-08-07 15:55	83.516	83.765	83.516	83.676	5
2026-08-07 16:00	83.690	83.780	83.626	83.646	5
2026-08-07 16:05	83.655	83.655	83.456	83.525	5
2026-08-07 16:10	83.564	83.580	83.456	83.575	5
2026-08-07 16:15	83.574	83.670	83.546	83.595	5
2026-08-07 16:20	83.590	83.785	83.475	83.715	5
2026-08-07 16:25	83.710	83.715	83.610	83.690	5
2026-08-07 16:30	83.710	83.746	83.646	83.716	5
2026-08-07 16:35	83.720	83.755	83.585	83.606	5
2026-08-07 16:40	83.605	83.625	83.495	83.536	5
2026-08-07 16:45	83.545	83.610	83.474	83.536	5
2026-08-07 16:50	83.550	83.565	83.486	83.545	5
2026-08-07 16:55	83.540	83.595	83.476	83.586	5
2026-08-07 17:00	83.595	83.595	83.326	83.356	5
2026-08-07 17:05	83.370	83.380	83.226	83.335	5
2026-08-07 17:10	83.330	83.400	83.266	83.295	5
2026-08-07 17:15	83.315	83.326	83.215	83.245	5
2026-08-07 17:20	83.240	83.395	83.230	83.295	5
2026-08-07 17:25	83.286	83.380	83.264	83.315	5
2026-08-07 17:30	83.305	83.355	83.045	83.145	5
2026-08-07 17:35	83.146	83.240	83.106	83.236	5
2026-08-07 17:40	83.235	83.270	83.156	83.256	5
2026-08-07 17:45	83.255	83.460	83.224	83.376	5
2026-08-07 17:50	83.370	83.440	83.330	83.386	5
2026-08-07 17:55	83.385	83.440	83.306	83.416	5
2026-08-07 18:00	83.404	83.465	83.370	83.416	5
2026-08-07 18:05	83.415	83.595	83.405	83.516	5
2026-08-07 18:10	83.526	83.635	83.476	83.540	5
2026-08-07 18:15	83.535	83.540	83.315	83.386	5
2026-08-07 18:20	83.395	83.650	83.320	83.605	5
2026-08-07 18:25	83.596	83.630	83.235	83.555	5
2026-08-07 18:30	83.550	83.630	83.375	83.395	5
2026-08-07 18:35	83.394	83.480	83.320	83.480	5
2026-08-07 18:40	83.470	83.525	83.470	83.495	5
2026-08-07 18:45	83.490	83.505	83.440	83.460	5
2026-08-07 18:50	83.455	83.540	83.455	83.470	5
2026-08-07 18:55	83.476	83.540	83.345	83.400	5
2026-08-07 19:00	83.395	83.400	82.820	82.915	5
2026-08-07 19:05	82.944	82.985	82.615	82.650	5
2026-08-07 19:10	82.655	82.766	82.620	82.705	5
2026-08-07 19:15	82.706	82.800	82.390	82.470	5
2026-08-07 19:20	82.475	82.475	82.085	82.150	5
2026-08-07 19:25	82.150	82.230	81.990	82.060	5
2026-08-07 19:30	82.046	82.090	81.920	82.070	5
2026-08-07 19:35	82.065	82.170	81.910	82.080	5
2026-08-07 19:40	82.070	82.080	81.865	81.955	5
2026-08-07 19:45	81.950	81.970	81.860	81.950	5
2026-08-07 19:50	81.945	81.975	81.875	81.955	5
2026-08-07 19:55	81.950	82.110	81.925	82.100	5
2026-08-07 20:00	82.095	82.122	81.872	81.927	5
2026-08-07 20:05	81.932	82.047	81.872	81.992	5
2026-08-07 20:10	81.997	82.132	81.992	82.117	5
2026-08-07 20:15	82.112	82.172	82.092	82.172	5
2026-08-07 20:20	82.177	82.177	82.042	82.052	5
2026-08-07 20:25	82.052	82.137	82.042	82.132	5
2026-08-07 20:30	82.117	82.247	82.112	82.247	5
2026-08-07 20:35	82.237	82.257	82.192	82.212	5
2026-08-07 20:40	82.212	82.262	82.187	82.262	5
2026-08-07 20:45	82.262	82.462	82.252	82.412	5
2026-08-07 20:50	82.407	82.422	82.132	82.182	5
2026-08-07 20:55	82.187	82.247	82.147	82.222	5
2026-08-10 00:00	84.367	84.425	84.190	84.190	5
2026-08-10 00:05	84.195	84.265	84.125	84.260	5
2026-08-10 00:10	84.255	84.455	84.255	84.430	5
2026-08-10 00:15	84.445	84.470	84.385	84.410	5
2026-08-10 00:20	84.435	84.475	84.416	84.456	5
2026-08-10 00:25	84.465	84.475	84.425	84.456	5
2026-08-10 00:30	84.465	84.540	84.420	84.420	5
2026-08-10 00:35	84.425	84.440	84.330	84.380	5
2026-08-10 00:40	84.370	84.385	84.285	84.385	5
2026-08-10 00:45	84.375	84.425	84.320	84.400	5
2026-08-10 00:50	84.390	84.530	84.290	84.450	5
2026-08-10 00:55	84.430	84.430	84.176	84.205	5
2026-08-10 01:00	84.185	84.377	83.675	84.205	5
2026-08-10 01:05	84.207	84.636	84.176	84.557	5
2026-08-10 01:10	84.565	84.680	84.425	84.595	5
2026-08-10 01:15	84.605	84.665	84.415	84.455	5
2026-08-10 01:20	84.456	84.480	84.385	84.425	5
2026-08-10 01:25	84.435	84.670	84.410	84.625	5
2026-08-10 01:30	84.627	84.770	84.585	84.605	5
2026-08-10 01:35	84.610	84.705	84.580	84.645	5
2026-08-10 01:40	84.635	84.730	84.635	84.655	5
2026-08-10 01:45	84.660	84.725	84.625	84.665	5
2026-08-10 01:50	84.670	84.700	84.405	84.500	5
2026-08-10 01:55	84.495	84.570	84.455	84.475	5
2026-08-10 02:00	84.470	84.575	84.456	84.515	5
2026-08-10 02:05	84.505	84.595	84.470	84.545	5
2026-08-10 02:10	84.550	84.555	84.426	84.450	5
2026-08-10 02:15	84.440	84.485	84.400	84.415	5
2026-08-10 02:20	84.410	84.410	84.310	84.320	5
2026-08-10 02:25	84.320	84.350	84.250	84.280	5
2026-08-10 02:30	84.275	84.315	84.210	84.285	5
2026-08-10 02:35	84.275	84.340	84.230	84.230	5
2026-08-10 02:40	84.240	84.280	84.145	84.235	5
2026-08-10 02:45	84.230	84.370	84.210	84.320	5
2026-08-10 02:50	84.325	84.450	84.310	84.430	5
2026-08-10 02:55	84.435	84.535	84.340	84.440	5
2026-08-10 03:00	84.445	84.485	84.255	84.270	5
2026-08-10 03:05	84.275	84.290	84.205	84.210	5
2026-08-10 03:10	84.195	84.325	84.135	84.280	5
2026-08-10 03:15	84.285	84.295	84.135	84.165	5
2026-08-10 03:20	84.160	84.206	84.125	84.160	5
2026-08-10 03:25	84.155	84.230	84.125	84.225	5
2026-08-10 03:30	84.220	84.370	84.220	84.365	5
2026-08-10 03:35	84.360	84.425	84.320	84.385	5
2026-08-10 03:40	84.390	84.420	84.335	84.335	5
2026-08-10 03:45	84.340	84.400	84.340	84.380	5
2026-08-10 03:50	84.386	84.435	84.375	84.380	5
2026-08-10 03:55	84.385	84.405	84.330	84.355	5
2026-08-10 04:00	84.375	84.396	84.310	84.395	5
2026-08-10 04:05	84.390	84.415	84.370	84.370	5
2026-08-10 04:10	84.360	84.450	84.360	84.420	5
2026-08-10 04:15	84.415	84.420	84.394	84.394	5
2026-08-10 04:20	84.406	84.415	84.300	84.305	5
2026-08-10 04:25	84.290	84.350	84.240	84.340	5
2026-08-10 04:30	84.345	84.345	84.190	84.210	5
2026-08-10 04:35	84.195	84.290	84.164	84.250	5
2026-08-10 04:40	84.255	84.290	84.110	84.125	5
2026-08-10 04:45	84.115	84.125	84.070	84.080	5
2026-08-10 04:50	84.075	84.075	83.825	83.890	5
2026-08-10 04:55	83.910	84.015	83.910	83.945	5
2026-08-10 05:00	83.955	84.020	83.925	83.990	5
2026-08-10 05:05	83.980	84.010	83.910	83.965	5
2026-08-10 05:10	83.960	84.080	83.925	83.990	5
2026-08-10 05:15	84.010	84.010	83.875	83.905	5
2026-08-10 05:20	83.910	83.930	83.840	83.900	5
2026-08-10 05:25	83.895	83.970	83.880	83.945	5
2026-08-10 05:30	83.950	83.980	83.830	83.920	5
2026-08-10 05:35	83.935	83.980	83.875	83.975	5
2026-08-10 05:40	83.980	83.980	83.870	83.875	5
2026-08-10 05:45	83.870	83.890	83.745	83.780	5
2026-08-10 05:50	83.790	83.795	83.400	83.440	5
2026-08-10 05:55	83.435	83.440	83.300	83.345	5
2026-08-10 06:00	83.340	83.735	83.300	83.695	5
2026-08-10 06:05	83.696	83.815	83.640	83.700	5
2026-08-10 06:10	83.705	83.710	83.576	83.695	5
2026-08-10 06:15	83.675	83.720	83.510	83.555	5
2026-08-10 06:20	83.550	83.560	83.445	83.470	5
2026-08-10 06:25	83.476	83.555	83.435	83.535	5
2026-08-10 06:30	83.540	83.565	83.425	83.440	5
2026-08-10 06:35	83.435	83.445	83.330	83.410	5
2026-08-10 06:40	83.400	83.580	83.354	83.570	5
2026-08-10 06:45	83.560	83.600	83.425	83.540	5
2026-08-10 06:50	83.550	83.665	83.530	83.660	5
2026-08-10 06:55	83.665	83.690	83.360	83.400	5
2026-08-10 07:00	83.405	83.850	83.350	83.826	5
2026-08-10 07:05	83.825	84.170	83.825	83.985	5
2026-08-10 07:10	83.990	84.006	83.854	83.946	5
2026-08-10 07:15	83.936	84.120	83.856	84.060	5
2026-08-10 07:20	84.060	84.060	83.694	83.766	5
2026-08-10 07:25	83.775	83.906	83.496	83.545	5
2026-08-10 07:30	83.536	83.730	83.505	83.730	5
2026-08-10 07:35	83.705	83.805	83.616	83.786	5
2026-08-10 07:40	83.795	83.835	83.576	83.576	5
2026-08-10 07:45	83.586	83.715	83.305	83.695	5
2026-08-10 07:50	83.686	83.805	83.615	83.786	5
2026-08-10 07:55	83.800	83.845	83.675	83.675	5
2026-08-10 08:00	83.690	83.795	83.674	83.765	5
2026-08-10 08:05	83.770	83.845	83.674	83.816	5
2026-08-10 08:10	83.810	83.835	83.640	83.790	5
2026-08-10 08:15	83.805	83.940	83.646	83.786	5
2026-08-10 08:20	83.785	84.026	83.750	83.946	5
2026-08-10 08:25	83.945	84.060	83.775	83.945	5
2026-08-10 08:30	83.940	84.345	83.804	84.195	5
2026-08-10 08:35	84.200	84.400	84.104	84.386	5
2026-08-10 08:40	84.410	84.600	84.346	84.506	5
2026-08-10 08:45	84.520	84.590	84.406	84.475	5
2026-08-10 08:50	84.480	84.765	84.476	84.756	5
2026-08-10 08:55	84.755	84.775	84.585	84.585	5
2026-08-10 09:00	84.580	84.585	84.426	84.446	5
2026-08-10 09:05	84.444	84.530	84.366	84.486	5
2026-08-10 09:10	84.485	84.506	84.420	84.426	5
2026-08-10 09:15	84.425	84.580	84.425	84.456	5
2026-08-10 09:20	84.465	84.476	84.126	84.126	5
2026-08-10 09:25	84.140	84.286	84.135	84.235	5
2026-08-10 09:30	84.240	84.426	84.216	84.260	5
2026-08-10 09:35	84.256	84.495	84.256	84.476	5
2026-08-10 09:40	84.476	84.606	84.455	84.540	5
2026-08-10 09:45	84.545	84.635	84.505	84.546	5
2026-08-10 09:50	84.555	84.590	84.465	84.556	5
2026-08-10 09:55	84.566	84.586	84.425	84.505	5
2026-08-10 10:00	84.520	84.525	84.370	84.375	5
2026-08-10 10:05	84.365	84.410	84.246	84.375	5
2026-08-10 10:10	84.366	84.376	84.265	84.366	5
2026-08-10 10:15	84.365	84.445	84.245	84.256	5
2026-08-10 10:20	84.265	84.280	83.936	84.076	5
2026-08-10 10:25	84.086	84.310	84.086	84.276	5
2026-08-10 10:30	84.274	84.525	84.226	84.385	5
2026-08-10 10:35	84.400	84.775	84.365	84.736	5
2026-08-10 10:40	84.735	84.960	84.716	84.826	5
2026-08-10 10:45	84.825	84.840	84.630	84.676	5
2026-08-10 10:50	84.700	85.026	84.656	85.015	5
2026-08-10 10:55	84.995	85.010	84.886	84.945	5
2026-08-10 11:00	84.945	85.070	84.715	84.795	5
2026-08-10 11:05	84.790	84.856	84.716	84.766	5
2026-08-10 11:10	84.765	84.770	84.665	84.695	5
2026-08-10 11:15	84.690	84.735	84.646	84.670	5
2026-08-10 11:20	84.665	84.696	84.506	84.506	5
2026-08-10 11:25	84.520	84.520	84.366	84.435	5
2026-08-10 11:30	84.464	84.515	84.395	84.496	5
2026-08-10 11:35	84.510	84.725	84.506	84.646	5
2026-08-10 11:40	84.645	84.850	84.605	84.784	5
2026-08-10 11:45	84.814	84.935	84.726	84.850	5
2026-08-10 11:50	84.845	84.965	84.795	84.936	5
2026-08-10 11:55	84.935	84.960	84.820	84.916	5
2026-08-10 12:00	84.916	85.005	84.876	84.950	5
2026-08-10 12:05	84.940	85.035	84.836	84.876	5
2026-08-10 12:10	84.875	85.070	84.874	85.016	5
2026-08-10 12:15	85.010	85.045	84.906	84.946	5
2026-08-10 12:20	84.955	84.976	84.806	84.806	5
2026-08-10 12:25	84.815	84.860	84.686	84.696	5
2026-08-10 12:30	84.705	84.990	84.684	84.916	5
2026-08-10 12:35	84.930	85.060	84.886	84.986	5
2026-08-10 12:40	84.985	85.140	84.916	85.116	5
2026-08-10 12:45	85.125	85.146	85.026	85.095	5
2026-08-10 12:50	85.105	85.370	85.046	85.326	5
2026-08-10 12:55	85.335	85.356	84.996	85.155	5
2026-08-10 13:00	85.165	85.165	84.826	84.876	5
2026-08-10 13:05	84.885	85.065	84.796	85.040	5
2026-08-10 13:10	85.045	85.126	84.916	84.975	5
2026-08-10 13:15	84.980	85.070	84.790	84.846	5
2026-08-10 13:20	84.845	85.110	84.730	85.035	5
2026-08-10 13:25	85.055	85.275	84.976	85.256	5
2026-08-10 13:30	85.256	85.386	85.185	85.370	5
2026-08-10 13:35	85.375	85.485	85.325	85.445	5
2026-08-10 13:40	85.455	85.680	85.385	85.610	5
2026-08-10 13:45	85.634	85.965	85.610	85.936	5
2026-08-10 13:50	85.950	86.240	85.910	86.046	5
2026-08-10 13:55	86.060	86.355	86.006	86.236	5
2026-08-10 14:00	86.230	86.235	85.985	85.996	5
2026-08-10 14:05	85.995	86.210	85.964	86.210	5
2026-08-10 14:10	86.206	86.270	86.126	86.146	5
2026-08-10 14:15	86.145	86.155	85.705	85.715	5
2026-08-10 14:20	85.714	85.890	85.704	85.836	5
2026-08-10 14:25	85.835	85.850	85.696	85.725	5
2026-08-10 14:30	85.734	85.995	85.694	85.915	5
2026-08-10 14:35	85.930	85.946	85.825	85.885	5
2026-08-10 14:40	85.890	86.050	85.885	86.045	5
2026-08-10 14:45	86.050	86.050	85.895	85.946	5
2026-08-10 14:50	85.954	86.225	85.954	86.166	5
2026-08-10 14:55	86.175	86.225	86.086	86.126	5
2026-08-10 15:00	86.115	86.350	86.026	86.345	5
2026-08-10 15:05	86.350	86.465	86.276	86.355	5
2026-08-10 15:10	86.360	86.425	86.235	86.290	5
2026-08-10 15:15	86.295	86.460	86.214	86.286	5
2026-08-10 15:20	86.285	86.635	86.215	86.625	5
2026-08-10 15:25	86.624	86.810	86.524	86.725	5
2026-08-10 15:30	86.725	86.825	86.605	86.705	5
2026-08-10 15:35	86.710	86.725	86.574	86.696	5
2026-08-10 15:40	86.695	86.926	86.634	86.875	5
2026-08-10 15:45	86.885	86.935	86.795	86.855	5
2026-08-10 15:50	86.854	86.854	86.645	86.726	5
2026-08-10 15:55	86.735	86.810	86.565	86.575	5
2026-08-10 16:00	86.580	86.615	86.515	86.564	5
2026-08-10 16:05	86.515	86.530	86.346	86.506	5
2026-08-10 16:10	86.505	86.620	86.436	86.560	5
2026-08-10 16:15	86.555	86.570	86.445	86.520	5
2026-08-10 16:20	86.516	86.710	86.485	86.655	5
2026-08-10 16:25	86.660	86.725	86.634	86.645	5
2026-08-10 16:30	86.646	87.095	86.566	86.800	5
2026-08-10 16:35	86.805	86.850	86.655	86.836	5
2026-08-10 16:40	86.835	87.056	86.796	87.025	5
2026-08-10 16:45	87.030	87.030	86.855	86.985	5
2026-08-10 16:50	87.000	87.065	86.905	87.056	5
2026-08-10 16:55	87.055	87.125	87.005	87.026	5
2026-08-10 17:00	87.034	87.225	87.034	87.205	5
2026-08-10 17:05	87.210	87.255	86.994	87.065	5
2026-08-10 17:10	87.070	87.175	87.020	87.100	5
2026-08-10 17:15	87.095	87.130	87.006	87.080	5
2026-08-10 17:20	87.075	87.140	87.016	87.016	5
2026-08-10 17:25	87.030	87.145	87.026	87.125	5
2026-08-10 17:30	87.120	87.314	87.045	87.300	5
2026-08-10 17:35	87.296	87.336	87.236	87.296	5
2026-08-10 17:40	87.310	87.405	87.304	87.376	5
2026-08-10 17:45	87.386	87.465	87.335	87.426	5
2026-08-10 17:50	87.440	87.505	87.325	87.376	5
2026-08-10 17:55	87.375	87.520	87.340	87.515	5
2026-08-10 18:00	87.506	87.525	87.404	87.406	5
2026-08-10 18:05	87.404	87.425	87.336	87.405	5
2026-08-10 18:10	87.404	87.450	87.344	87.436	5
2026-08-10 18:15	87.425	87.894	87.416	87.805	5
2026-08-10 18:20	87.795	87.890	87.714	87.776	5
2026-08-10 18:25	87.785	87.825	87.624	87.715	5
2026-08-10 18:30	87.710	87.860	87.705	87.835	5
2026-08-10 18:35	87.830	87.840	87.685	87.735	5
2026-08-10 18:40	87.740	87.775	87.665	87.695	5
2026-08-10 18:45	87.690	87.690	87.565	87.595	5
2026-08-10 18:50	87.594	87.640	87.510	87.520	5
2026-08-10 18:55	87.525	87.545	87.350	87.360	5
2026-08-10 19:00	87.370	87.390	87.140	87.220	5
2026-08-10 19:05	87.215	87.250	87.140	87.145	5
2026-08-10 19:10	87.150	87.325	87.145	87.226	5
2026-08-10 19:15	87.235	87.340	87.225	87.320	5
2026-08-10 19:20	87.325	87.390	87.305	87.385	5
2026-08-10 19:25	87.390	87.490	87.360	87.480	5
2026-08-10 19:30	87.485	87.585	87.465	87.560	5
2026-08-10 19:35	87.570	87.570	87.435	87.520	5
2026-08-10 19:40	87.514	87.565	87.490	87.510	5
2026-08-10 19:45	87.516	87.560	87.470	87.540	5
2026-08-10 19:50	87.545	87.610	87.500	87.590	5
2026-08-10 19:55	87.595	87.640	87.540	87.630	5
2026-08-10 20:00	87.635	87.664	87.574	87.644	5
2026-08-10 20:05	87.654	87.694	87.614	87.684	5
2026-08-10 20:10	87.687	87.764	87.687	87.734	5
2026-08-10 20:15	87.734	87.754	87.664	87.684	5
2026-08-10 20:20	87.684	87.774	87.664	87.744	5
2026-08-10 20:25	87.744	87.864	87.744	87.804	5
2026-08-10 20:30	87.794	87.864	87.794	87.804	5
2026-08-10 20:35	87.794	87.844	87.724	87.804	5
2026-08-10 20:40	87.814	87.854	87.804	87.854	5
2026-08-10 20:45	87.844	87.864	87.764	87.794	5
2026-08-10 20:50	87.804	87.874	87.794	87.804	5
2026-08-10 20:55	87.804	87.844	87.774	87.824	5
2026-08-11 00:00	87.587	87.685	87.560	87.615	5
2026-08-11 00:05	87.620	87.850	87.620	87.850	5
2026-08-11 00:10	87.845	87.865	87.706	87.755	5
2026-08-11 00:15	87.760	87.760	87.676	87.735	5
2026-08-11 00:20	87.730	87.755	87.650	87.750	5
2026-08-11 00:25	87.745	87.910	87.745	87.785	5
2026-08-11 00:30	87.795	87.840	87.765	87.795	5
2026-08-11 00:35	87.790	87.800	87.770	87.780	5
2026-08-11 00:40	87.785	87.800	87.715	87.745	5
2026-08-11 00:45	87.750	87.970	87.750	87.950	5
2026-08-11 00:50	87.960	87.970	87.830	87.840	5
2026-08-11 00:55	87.845	87.860	87.730	87.730	5
2026-08-11 01:00	87.734	87.750	87.540	87.590	5
2026-08-11 01:05	87.595	87.955	87.590	87.940	5
2026-08-11 01:10	87.935	87.970	87.800	87.830	5
2026-08-11 01:15	87.825	87.836	87.730	87.785	5
2026-08-11 01:20	87.780	87.785	87.640	87.765	5
2026-08-11 01:25	87.755	87.800	87.684	87.725	5
2026-08-11 01:30	87.715	87.800	87.715	87.790	5
2026-08-11 01:35	87.785	87.890	87.735	87.830	5
2026-08-11 01:40	87.820	88.045	87.780	87.930	5
2026-08-11 01:45	87.925	88.030	87.925	88.015	5
2026-08-11 01:50	88.025	88.055	87.970	87.985	5
2026-08-11 01:55	87.960	87.995	87.895	87.925	5
2026-08-11 02:00	87.915	87.925	87.820	87.820	5
2026-08-11 02:05	87.810	87.900	87.790	87.860	5
2026-08-11 02:10	87.855	87.940	87.840	87.925	5
2026-08-11 02:15	87.920	87.940	87.890	87.890	5
2026-08-11 02:20	87.895	88.015	87.840	87.860	5
2026-08-11 02:25	87.875	87.885	87.780	87.845	5
2026-08-11 02:30	87.840	87.840	87.715	87.775	5
2026-08-11 02:35	87.770	87.830	87.715	87.745	5
2026-08-11 02:40	87.735	87.780	87.705	87.735	5
2026-08-11 02:45	87.730	87.970	87.700	87.930	5
2026-08-11 02:50	87.935	87.975	87.870	87.945	5
2026-08-11 02:55	87.950	87.970	87.825	87.885	5
2026-08-11 03:00	87.895	87.945	87.870	87.920	5
2026-08-11 03:05	87.925	87.935	87.840	87.840	5
2026-08-11 03:10	87.850	87.850	87.775	87.810	5
2026-08-11 03:15	87.804	87.935	87.800	87.920	5
2026-08-11 03:20	87.925	87.925	87.830	87.840	5
2026-08-11 03:25	87.845	87.880	87.770	87.770	5
2026-08-11 03:30	87.765	87.765	87.650	87.650	5
2026-08-11 03:35	87.640	87.755	87.640	87.740	5
2026-08-11 03:40	87.735	87.735	87.690	87.700	5
2026-08-11 03:45	87.705	87.706	87.670	87.690	5
2026-08-11 03:50	87.695	87.730	87.675	87.730	5
2026-08-11 03:55	87.725	87.725	87.615	87.615	5
2026-08-11 04:00	87.630	87.630	87.555	87.595	5
2026-08-11 04:05	87.600	87.610	87.510	87.520	5
2026-08-11 04:10	87.505	87.555	87.505	87.535	5
2026-08-11 04:15	87.530	87.555	87.475	87.535	5
2026-08-11 04:20	87.540	87.555	87.490	87.520	5
2026-08-11 04:25	87.514	87.525	87.426	87.510	5
2026-08-11 04:30	87.495	87.525	87.455	87.520	5
2026-08-11 04:35	87.525	87.720	87.510	87.660	5
2026-08-11 04:40	87.670	87.800	87.655	87.785	5
2026-08-11 04:45	87.780	87.850	87.740	87.760	5
2026-08-11 04:50	87.755	87.760	87.690	87.706	5
2026-08-11 04:55	87.715	87.770	87.705	87.765	5
2026-08-11 05:00	87.770	87.824	87.740	87.740	5
2026-08-11 05:05	87.745	87.835	87.745	87.800	5
2026-08-11 05:10	87.794	87.900	87.780	87.880	5
2026-08-11 05:15	87.874	88.036	87.840	87.950	5
2026-08-11 05:20	87.945	88.060	87.925	87.975	5
2026-08-11 05:25	87.974	87.975	87.890	87.910	5
2026-08-11 05:30	87.904	88.075	87.895	88.020	5
2026-08-11 05:35	88.010	88.015	87.800	87.835	5
2026-08-11 05:40	87.830	87.835	87.690	87.790	5
2026-08-11 05:45	87.795	87.960	87.790	87.960	5
2026-08-11 05:50	87.965	88.040	87.940	88.000	5
2026-08-11 05:55	88.005	88.015	87.905	87.956	5
2026-08-11 06:00	87.965	88.035	87.805	87.860	5
2026-08-11 06:05	87.875	87.930	87.840	87.900	5
2026-08-11 06:10	87.915	88.065	87.875	88.035	5
2026-08-11 06:15	88.030	88.265	87.995	88.260	5
2026-08-11 06:20	88.245	88.250	87.975	88.060	5
2026-08-11 06:25	88.066	88.296	88.060	88.296	5
2026-08-11 06:30	88.295	88.950	88.235	88.825	5
2026-08-11 06:35	88.830	89.035	88.780	88.870	5
2026-08-11 06:40	88.875	89.175	88.757	89.130	5
2026-08-11 06:45	89.110	89.250	89.020	89.185	5
2026-08-11 06:50	89.200	89.340	89.074	89.235	5
2026-08-11 06:55	89.240	89.365	89.055	89.070	5
2026-08-11 07:00	89.074	89.285	88.986	89.056	5
2026-08-11 07:05	89.065	89.306	88.876	89.145	5
2026-08-11 07:10	89.155	89.316	89.070	89.255	5
2026-08-11 07:15	89.246	89.435	89.165	89.296	5
2026-08-11 07:20	89.305	89.625	89.294	89.605	5
2026-08-11 07:25	89.606	89.606	89.216	89.346	5
2026-08-11 07:30	89.360	89.615	89.340	89.526	5
2026-08-11 07:35	89.535	89.555	89.265	89.356	5
2026-08-11 07:40	89.355	89.410	89.230	89.246	5
2026-08-11 07:45	89.255	89.526	89.255	89.486	5
2026-08-11 07:50	89.505	89.675	89.496	89.586	5
2026-08-11 07:55	89.595	89.675	89.546	89.630	5
2026-08-11 08:00	89.644	89.644	89.305	89.536	5
2026-08-11 08:05	89.545	89.700	89.445	89.646	5
2026-08-11 08:10	89.645	89.845	89.606	89.805	5
2026-08-11 08:15	89.806	89.940	89.714	89.855	5
2026-08-11 08:20	89.856	89.995	89.805	89.975	5
2026-08-11 08:25	89.974	89.974	89.766	89.920	5
2026-08-11 08:30	89.910	89.995	89.796	89.886	5
2026-08-11 08:35	89.895	89.905	89.675	89.706	5
2026-08-11 08:40	89.720	89.885	89.586	89.596	5
2026-08-11 08:45	89.605	89.810	89.605	89.766	5
2026-08-11 08:50	89.775	89.820	89.667	89.726	5
2026-08-11 08:55	89.725	89.950	89.695	89.925	5
2026-08-11 09:00	89.930	89.975	89.745	89.865	5
2026-08-11 09:05	89.864	89.975	89.697	89.965	5
2026-08-11 09:10	89.966	90.005	89.886	89.975	5
2026-08-11 09:15	89.980	90.005	89.826	89.956	5
2026-08-11 09:20	89.955	89.960	89.786	89.846	5
2026-08-11 09:25	89.855	89.930	89.635	89.635	5
2026-08-11 09:30	89.634	89.634	89.365	89.476	5
2026-08-11 09:35	89.485	89.690	89.455	89.680	5
2026-08-11 09:40	89.666	89.960	89.560	89.955	5
2026-08-11 09:45	89.960	89.960	89.706	89.805	5
2026-08-11 09:50	89.800	89.870	89.755	89.756	5
2026-08-11 09:55	89.755	89.760	89.566	89.716	5
2026-08-11 10:00	89.710	89.850	89.585	89.726	5
2026-08-11 10:05	89.715	89.720	89.545	89.576	5
2026-08-11 10:10	89.595	89.660	89.545	89.606	5
2026-08-11 10:15	89.616	89.715	89.596	89.675	5
2026-08-11 10:20	89.676	89.680	89.365	89.445	5
2026-08-11 10:25	89.455	89.515	88.826	89.146	5
2026-08-11 10:30	89.160	89.365	89.086	89.105	5
2026-08-11 10:35	89.110	89.205	89.065	89.186	5
2026-08-11 10:40	89.200	89.255	89.126	89.156	5
2026-08-11 10:45	89.160	89.165	88.816	88.816	5
2026-08-11 10:50	88.825	88.925	88.694	88.915	5
2026-08-11 10:55	88.930	89.066	88.875	88.886	5
2026-08-11 11:00	88.890	88.915	87.237	87.365	5
2026-08-11 11:05	87.360	87.475	87.156	87.296	5
2026-08-11 11:10	87.300	87.475	87.126	87.316	5
2026-08-11 11:15	87.325	87.560	87.216	87.466	5
2026-08-11 11:20	87.450	87.730	87.316	87.666	5
2026-08-11 11:25	87.660	87.795	87.555	87.780	5
2026-08-11 11:30	87.770	87.925	87.596	87.656	5
2026-08-11 11:35	87.675	87.700	87.215	87.230	5
2026-08-11 11:40	87.240	87.365	87.210	87.355	5
2026-08-11 11:45	87.354	87.690	87.336	87.655	5
2026-08-11 11:50	87.650	87.675	87.536	87.600	5
2026-08-11 11:55	87.620	87.646	87.504	87.540	5
2026-08-11 12:00	87.550	87.815	87.540	87.736	5
2026-08-11 12:05	87.750	87.750	87.426	87.465	5
2026-08-11 12:10	87.460	87.555	87.176	87.540	5
2026-08-11 12:15	87.535	87.720	87.490	87.606	5
2026-08-11 12:20	87.620	88.255	87.595	88.250	5
2026-08-11 12:25	88.255	88.260	87.955	87.956	5
2026-08-11 12:30	87.960	87.965	87.796	87.850	5
2026-08-11 12:35	87.845	87.895	87.734	87.806	5
2026-08-11 12:40	87.815	87.945	87.785	87.855	5
2026-08-11 12:45	87.854	87.930	87.736	87.786	5
2026-08-11 12:50	87.815	88.055	87.736	87.975	5
2026-08-11 12:55	87.984	88.120	87.975	88.040	5
2026-08-11 13:00	88.030	88.050	87.266	87.496	5
2026-08-11 13:05	87.494	87.494	87.216	87.375	5
2026-08-11 13:10	87.376	87.445	87.214	87.296	5
2026-08-11 13:15	87.295	87.365	86.875	87.265	5
2026-08-11 13:20	87.256	87.425	87.205	87.235	5
2026-08-11 13:25	87.230	87.250	86.806	86.905	5
2026-08-11 13:30	86.905	87.185	86.865	87.155	5
2026-08-11 13:35	87.165	87.276	86.986	87.085	5
2026-08-11 13:40	87.084	87.140	86.916	86.976	5
2026-08-11 13:45	86.970	86.985	86.735	86.856	5
2026-08-11 13:50	86.830	87.145	86.820	87.135	5
2026-08-11 13:55	87.126	87.135	86.925	87.106	5
2026-08-11 14:00	87.125	87.365	87.045	87.365	5
2026-08-11 14:05	87.375	87.490	87.316	87.464	5
2026-08-11 14:10	87.455	87.630	87.436	87.555	5
2026-08-11 14:15	87.570	87.900	87.546	87.746	5
2026-08-11 14:20	87.744	87.760	87.556	87.635	5
2026-08-11 14:25	87.640	87.830	87.586	87.826	5
2026-08-11 14:30	87.834	87.975	87.745	87.836	5
2026-08-11 14:35	87.845	87.875	87.756	87.855	5
2026-08-11 14:40	87.850	88.070	87.835	87.965	5
2026-08-11 14:45	87.975	87.985	87.856	87.965	5
2026-08-11 14:50	87.970	88.220	87.926	88.146	5
2026-08-11 14:55	88.160	88.370	88.076	88.255	5
2026-08-11 15:00	88.245	88.306	88.125	88.295	5
2026-08-11 15:05	88.294	88.460	88.176	88.206	5
2026-08-11 15:10	88.220	88.230	87.945	88.115	5
2026-08-11 15:15	88.114	88.336	88.104	88.230	5
2026-08-11 15:20	88.220	88.320	88.156	88.185	5
2026-08-11 15:25	88.180	88.275	88.015	88.205	5
2026-08-11 15:30	88.200	88.900	88.186	88.856	5
2026-08-11 15:35	88.870	88.965	88.576	88.696	5
2026-08-11 15:40	88.705	88.940	88.695	88.815	5
2026-08-11 15:45	88.820	88.840	88.645	88.746	5
2026-08-11 15:50	88.760	88.905	88.706	88.730	5
2026-08-11 15:55	88.726	88.840	88.666	88.800	5
2026-08-11 16:00	88.795	88.810	88.446	88.554	5
2026-08-11 16:05	88.535	88.570	88.446	88.466	5
2026-08-11 16:10	88.475	88.660	88.375	88.606	5
2026-08-11 16:15	88.605	88.630	88.465	88.545	5
2026-08-11 16:20	88.535	88.545	88.306	88.346	5
2026-08-11 16:25	88.355	88.520	88.245	88.246	5
2026-08-11 16:30	88.260	88.480	88.255	88.376	5
2026-08-11 16:35	88.370	88.465	88.325	88.386	5
2026-08-11 16:40	88.395	88.570	88.386	88.476	5
2026-08-11 16:45	88.475	88.625	88.416	88.576	5
2026-08-11 16:50	88.570	88.686	88.566	88.656	5
2026-08-11 16:55	88.655	88.690	88.556	88.640	5
2026-08-11 17:00	88.635	88.650	88.476	88.586	5
2026-08-11 17:05	88.585	88.745	88.585	88.670	5
2026-08-11 17:10	88.675	88.725	88.596	88.626	5
2026-08-11 17:15	88.635	88.670	88.586	88.616	5
2026-08-11 17:20	88.610	88.790	88.500	88.705	5
2026-08-11 17:25	88.720	88.820	88.706	88.746	5
2026-08-11 17:30	88.744	88.815	88.665	88.666	5
2026-08-11 17:35	88.675	88.766	88.556	88.686	5
2026-08-11 17:40	88.685	88.795	88.656	88.706	5
2026-08-11 17:45	88.716	88.790	88.646	88.666	5
2026-08-11 17:50	88.675	88.855	88.666	88.806	5
2026-08-11 17:55	88.815	88.875	88.755	88.865	5
2026-08-11 18:00	88.870	88.935	88.695	88.700	5
2026-08-11 18:05	88.706	88.730	88.565	88.726	5
2026-08-11 18:10	88.735	88.796	88.640	88.656	5
2026-08-11 18:15	88.645	88.770	88.626	88.626	5
2026-08-11 18:20	88.635	88.805	88.556	88.795	5
2026-08-11 18:25	88.785	88.950	88.735	88.835	5
2026-08-11 18:30	88.840	88.940	88.640	88.645	5
2026-08-11 18:35	88.650	88.870	88.630	88.870	5
2026-08-11 18:40	88.875	88.875	88.740	88.760	5
2026-08-11 18:45	88.770	88.815	88.740	88.755	5
2026-08-11 18:50	88.754	88.875	88.750	88.830	5
2026-08-11 18:55	88.835	88.845	88.770	88.810	5
2026-08-11 19:00	88.810	88.910	88.780	88.900	5
2026-08-11 19:05	88.906	88.940	88.884	88.885	5
2026-08-11 19:10	88.884	88.935	88.855	88.920	5
2026-08-11 19:15	88.915	89.065	88.905	89.060	5
2026-08-11 19:20	89.055	89.085	88.995	89.030	5
2026-08-11 19:25	89.040	89.110	89.025	89.110	5
2026-08-11 19:30	89.114	89.300	89.110	89.190	5
2026-08-11 19:35	89.184	89.184	88.995	88.995	5
2026-08-11 19:40	89.005	89.080	89.000	89.020	5
2026-08-11 19:45	89.030	89.110	89.020	89.110	5
2026-08-11 19:50	89.125	89.150	89.075	89.090	5
2026-08-11 19:55	89.095	89.170	89.090	89.106	5
2026-08-11 20:00	89.124	89.134	88.984	89.084	5
2026-08-11 20:05	89.094	89.224	89.074	89.164	5
2026-08-11 20:10	89.167	89.204	89.124	89.204	5
2026-08-11 20:15	89.194	89.214	89.084	89.114	5
2026-08-11 20:20	89.124	89.144	89.104	89.124	5
2026-08-11 20:25	89.114	89.114	89.064	89.094	5
2026-08-11 20:30	89.104	89.134	89.064	89.104	5
2026-08-11 20:35	89.104	89.134	89.064	89.104	5
2026-08-11 20:40	89.114	89.194	89.114	89.164	5
2026-08-11 20:45	89.174	89.194	89.144	89.154	5
2026-08-11 20:50	89.164	89.164	89.014	89.024	5
2026-08-11 20:55	89.024	89.044	88.844	88.944	5
2026-08-12 00:00	89.102	89.280	89.067	89.200	5
2026-08-12 00:05	89.185	89.425	89.176	89.295	5
2026-08-12 00:10	89.296	89.330	89.234	89.310	5
2026-08-12 00:15	89.304	89.425	89.275	89.365	5
2026-08-12 00:20	89.367	89.435	89.300	89.430	5
2026-08-12 00:25	89.425	89.505	89.380	89.420	5
2026-08-12 00:30	89.425	89.470	89.360	89.450	5
2026-08-12 00:35	89.445	89.470	89.335	89.445	5
2026-08-12 00:40	89.435	89.470	89.384	89.440	5
2026-08-12 00:45	89.445	89.520	89.445	89.485	5
2026-08-12 00:50	89.490	89.625	89.470	89.586	5
2026-08-12 00:55	89.595	89.595	89.445	89.480	5
2026-08-12 01:00	89.485	89.570	89.395	89.515	5
2026-08-12 01:05	89.510	89.710	89.464	89.585	5
2026-08-12 01:10	89.595	89.676	89.445	89.485	5
2026-08-12 01:15	89.487	89.690	89.480	89.630	5
2026-08-12 01:20	89.625	89.690	89.560	89.630	5
2026-08-12 01:25	89.635	89.665	89.540	89.560	5
2026-08-12 01:30	89.554	89.605	89.500	89.605	5
2026-08-12 01:35	89.610	89.610	89.470	89.497	5
2026-08-12 01:40	89.505	89.575	89.435	89.460	5
2026-08-12 01:45	89.450	89.450	89.350	89.355	5
2026-08-12 01:50	89.365	89.425	89.320	89.375	5
2026-08-12 01:55	89.380	89.425	89.375	89.385	5
2026-08-12 02:00	89.390	89.540	89.390	89.495	5
2026-08-12 02:05	89.494	89.520	89.440	89.485	5
2026-08-12 02:10	89.490	89.505	89.375	89.415	5
2026-08-12 02:15	89.410	89.475	89.410	89.456	5
2026-08-12 02:20	89.455	89.480	89.440	89.440	5
2026-08-12 02:25	89.445	89.460	89.400	89.426	5
2026-08-12 02:30	89.425	89.465	89.380	89.400	5
2026-08-12 02:35	89.405	89.610	89.400	89.580	5
2026-08-12 02:40	89.585	89.645	89.575	89.610	5
2026-08-12 02:45	89.605	89.740	89.590	89.590	5
2026-08-12 02:50	89.595	89.655	89.570	89.635	5
2026-08-12 02:55	89.640	89.735	89.620	89.670	5
2026-08-12 03:00	89.680	89.760	89.665	89.715	5
2026-08-12 03:05	89.720	89.720	89.625	89.695	5
2026-08-12 03:10	89.700	89.730	89.665	89.706	5
2026-08-12 03:15	89.715	89.815	89.706	89.810	5
2026-08-12 03:20	89.805	89.810	89.676	89.706	5
2026-08-12 03:25	89.685	89.735	89.605	89.675	5
2026-08-12 03:30	89.665	89.750	89.580	89.735	5
2026-08-12 03:35	89.725	89.790	89.675	89.785	5
2026-08-12 03:40	89.790	89.860	89.724	89.855	5
2026-08-12 03:45	89.850	89.965	89.815	89.945	5
2026-08-12 03:50	89.946	90.030	89.910	89.995	5
2026-08-12 03:55	90.000	90.020	89.960	90.020	5
2026-08-12 04:00	90.015	90.050	89.885	89.890	5
2026-08-12 04:05	89.895	89.930	89.840	89.870	5
2026-08-12 04:10	89.876	89.880	89.715	89.735	5
2026-08-12 04:15	89.745	89.780	89.715	89.720	5
2026-08-12 04:20	89.725	89.780	89.710	89.730	5
2026-08-12 04:25	89.735	89.740	89.640	89.665	5
2026-08-12 04:30	89.670	89.715	89.620	89.655	5
2026-08-12 04:35	89.645	89.690	89.595	89.605	5
2026-08-12 04:40	89.600	89.610	89.445	89.470	5
2026-08-12 04:45	89.456	89.495	89.400	89.415	5
2026-08-12 04:50	89.420	89.450	89.370	89.405	5
2026-08-12 04:55	89.410	89.465	89.370	89.390	5
2026-08-12 05:00	89.397	89.475	89.390	89.445	5
2026-08-12 05:05	89.450	89.540	89.424	89.535	5
2026-08-12 05:10	89.540	89.595	89.520	89.575	5
2026-08-12 05:15	89.570	89.575	89.530	89.570	5
2026-08-12 05:20	89.575	89.595	89.475	89.480	5
2026-08-12 05:25	89.485	89.490	89.445	89.480	5
2026-08-12 05:30	89.485	89.490	89.230	89.275	5
2026-08-12 05:35	89.277	89.405	89.195	89.380	5
2026-08-12 05:40	89.385	89.415	89.330	89.385	5
2026-08-12 05:45	89.375	89.520	89.310	89.505	5
2026-08-12 05:50	89.510	89.670	89.500	89.615	5
2026-08-12 05:55	89.610	89.785	89.604	89.750	5
2026-08-12 06:00	89.745	89.770	89.555	89.650	5
2026-08-12 06:05	89.655	89.730	89.575	89.715	5
2026-08-12 06:10	89.720	89.730	89.600	89.635	5
2026-08-12 06:15	89.630	89.650	89.485	89.520	5
2026-08-12 06:20	89.525	89.660	89.410	89.655	5
2026-08-12 06:25	89.665	89.705	89.544	89.590	5
2026-08-12 06:30	89.585	89.640	89.245	89.260	5
2026-08-12 06:35	89.265	89.290	89.080	89.150	5
2026-08-12 06:40	89.145	89.560	89.125	89.475	5
2026-08-12 06:45	89.495	89.510	89.130	89.185	5
2026-08-12 06:50	89.176	89.265	89.060	89.265	5
2026-08-12 06:55	89.270	89.420	89.215	89.415	5
2026-08-12 07:00	89.410	89.724	89.375	89.590	5
2026-08-12 07:05	89.595	89.735	89.544	89.685	5
2026-08-12 07:10	89.675	89.745	89.575	89.715	5
2026-08-12 07:15	89.710	89.735	89.556	89.600	5
2026-08-12 07:20	89.605	89.625	89.396	89.406	5
2026-08-12 07:25	89.420	89.540	89.346	89.450	5
2026-08-12 07:30	89.470	89.495	89.355	89.440	5
2026-08-12 07:35	89.435	89.515	89.386	89.410	5
2026-08-12 07:40	89.415	89.570	89.396	89.446	5
2026-08-12 07:45	89.455	89.585	89.395	89.476	5
2026-08-12 07:50	89.475	89.630	89.436	89.600	5
2026-08-12 07:55	89.605	89.805	89.526	89.545	5
2026-08-12 08:00	89.520	89.625	89.406	89.506	5
2026-08-12 08:05	89.505	89.600	89.366	89.546	5
2026-08-12 08:10	89.555	89.606	89.386	89.435	5
2026-08-12 08:15	89.436	89.570	89.286	89.360	5
2026-08-12 08:20	89.370	89.460	89.254	89.395	5
2026-08-12 08:25	89.400	89.540	89.136	89.230	5
2026-08-12 08:30	89.245	89.395	89.115	89.356	5
2026-08-12 08:35	89.365	89.460	89.106	89.185	5
2026-08-12 08:40	89.195	89.320	89.145	89.265	5
2026-08-12 08:45	89.250	89.310	89.225	89.256	5
2026-08-12 08:50	89.265	89.275	88.875	88.880	5
2026-08-12 08:55	88.890	89.315	88.886	89.306	5
2026-08-12 09:00	89.320	89.320	88.990	89.005	5
2026-08-12 09:05	89.000	89.266	88.996	89.260	5
2026-08-12 09:10	89.255	89.320	89.126	89.126	5
2026-08-12 09:15	89.135	89.140	89.036	89.086	5
2026-08-12 09:20	89.095	89.210	88.476	88.545	5
2026-08-12 09:25	88.550	88.730	88.325	88.446	5
2026-08-12 09:30	88.440	88.665	88.250	88.626	5
2026-08-12 09:35	88.636	88.725	88.405	88.546	5
2026-08-12 09:40	88.544	88.590	88.355	88.475	5
2026-08-12 09:45	88.485	88.526	88.284	88.345	5
2026-08-12 09:50	88.340	88.885	88.104	88.836	5
2026-08-12 09:55	88.835	89.005	88.665	88.705	5
2026-08-12 10:00	88.720	88.825	88.685	88.800	5
2026-08-12 10:05	88.790	88.805	88.566	88.715	5
2026-08-12 10:10	88.710	88.775	88.606	88.745	5
2026-08-12 10:15	88.746	88.750	88.566	88.675	5
2026-08-12 10:20	88.665	88.820	88.656	88.750	5
2026-08-12 10:25	88.755	88.925	88.695	88.915	5
2026-08-12 10:30	88.910	88.985	88.816	88.835	5
2026-08-12 10:35	88.840	88.905	88.786	88.786	5
2026-08-12 10:40	88.785	88.825	88.724	88.745	5
2026-08-12 10:45	88.750	89.365	88.620	89.166	5
2026-08-12 10:50	89.165	89.290	88.995	89.065	5
2026-08-12 10:55	89.066	89.135	88.954	88.996	5
2026-08-12 11:00	89.005	89.137	88.826	88.960	5
2026-08-12 11:05	88.954	89.090	88.946	89.046	5
2026-08-12 11:10	89.045	89.160	88.886	88.896	5
2026-08-12 11:15	88.915	89.110	88.885	88.950	5
2026-08-12 11:20	88.945	88.980	88.865	88.960	5
2026-08-12 11:25	88.950	88.965	88.805	88.925	5
2026-08-12 11:30	88.930	88.935	88.695	88.716	5
2026-08-12 11:35	88.715	88.910	88.705	88.856	5
2026-08-12 11:40	88.865	88.960	88.834	88.930	5
2026-08-12 11:45	88.935	89.210	88.935	89.186	5
2026-08-12 11:50	89.195	89.280	89.126	89.205	5
2026-08-12 11:55	89.196	89.255	89.075	89.220	5
2026-08-12 12:00	89.205	89.246	89.036	89.166	5
2026-08-12 12:05	89.176	89.340	89.146	89.305	5
2026-08-12 12:10	89.310	89.320	89.166	89.185	5
2026-08-12 12:15	89.190	89.265	89.146	89.230	5
2026-08-12 12:20	89.230	89.235	89.096	89.230	5
2026-08-12 12:25	89.225	89.240	89.110	89.205	5
2026-08-12 12:30	89.215	89.335	89.135	89.206	5
2026-08-12 12:35	89.215	89.236	89.005	89.010	5
2026-08-12 12:40	89.016	89.100	88.895	88.915	5
2026-08-12 12:45	88.916	88.940	88.614	88.630	5
2026-08-12 12:50	88.635	88.760	88.635	88.665	5
2026-08-12 12:55	88.660	88.790	88.506	88.515	5
2026-08-12 13:00	88.510	88.610	88.356	88.416	5
2026-08-12 13:05	88.430	88.490	88.336	88.426	5
2026-08-12 13:10	88.445	88.470	88.280	88.346	5
2026-08-12 13:15	88.355	88.535	88.270	88.286	5
2026-08-12 13:20	88.285	88.430	88.195	88.315	5
2026-08-12 13:25	88.310	88.540	88.296	88.495	5
2026-08-12 13:30	88.510	88.650	88.415	88.516	5
2026-08-12 13:35	88.530	88.560	88.355	88.366	5
2026-08-12 13:40	88.380	88.470	88.324	88.456	5
2026-08-12 13:45	88.460	88.560	88.405	88.546	5
2026-08-12 13:50	88.540	88.540	88.296	88.376	5
2026-08-12 13:55	88.385	88.500	88.310	88.465	5
2026-08-12 14:00	88.475	88.584	88.365	88.365	5
2026-08-12 14:05	88.366	88.540	88.310	88.436	5
2026-08-12 14:10	88.445	88.700	88.364	88.696	5
2026-08-12 14:15	88.704	88.750	88.506	88.645	5
2026-08-12 14:20	88.630	88.650	88.465	88.556	5
2026-08-12 14:25	88.565	88.860	88.546	88.855	5
2026-08-12 14:30	88.875	88.875	88.264	88.620	5
2026-08-12 14:35	88.615	88.865	88.615	88.766	5
2026-08-12 14:40	88.786	88.795	88.495	88.565	5
2026-08-12 14:45	88.560	88.806	88.446	88.770	5
2026-08-12 14:50	88.765	88.870	88.675	88.735	5
2026-08-12 14:55	88.730	88.900	88.730	88.805	5
2026-08-12 15:00	88.810	89.070	88.746	89.036	5
2026-08-12 15:05	89.045	89.055	88.906	88.955	5
2026-08-12 15:10	88.954	88.985	88.825	88.935	5
2026-08-12 15:15	88.940	89.075	88.875	88.906	5
2026-08-12 15:20	88.905	88.966	88.726	88.766	5
2026-08-12 15:25	88.765	88.940	88.675	88.825	5
2026-08-12 15:30	88.885	88.975	88.825	88.925	5
2026-08-12 15:35	88.950	88.955	88.786	88.786	5
2026-08-12 15:40	88.785	88.880	88.716	88.845	5
2026-08-12 15:45	88.864	88.955	88.796	88.816	5
2026-08-12 15:50	88.835	88.970	88.835	88.895	5
2026-08-12 15:55	88.900	88.900	88.734	88.776	5
2026-08-12 16:00	88.790	88.810	88.545	88.645	5
2026-08-12 16:05	88.654	88.870	88.636	88.856	5
2026-08-12 16:10	88.865	88.865	88.546	88.556	5
2026-08-12 16:15	88.560	88.770	88.496	88.716	5
2026-08-12 16:20	88.724	88.785	88.677	88.766	5
2026-08-12 16:25	88.775	88.805	88.625	88.626	5
2026-08-12 16:30	88.636	88.790	88.596	88.765	5
2026-08-12 16:35	88.764	88.764	88.646	88.685	5
2026-08-12 16:40	88.676	88.690	88.576	88.675	5
2026-08-12 16:45	88.670	88.705	88.606	88.656	5
2026-08-12 16:50	88.655	88.710	88.615	88.645	5
2026-08-12 16:55	88.636	88.700	88.486	88.496	5
2026-08-12 17:00	88.505	88.530	88.395	88.470	5
2026-08-12 17:05	88.465	88.576	88.416	88.575	5
2026-08-12 17:10	88.570	88.635	88.526	88.585	5
2026-08-12 17:15	88.590	88.860	88.574	88.726	5
2026-08-12 17:20	88.720	88.720	88.415	88.436	5
2026-08-12 17:25	88.445	88.640	88.435	88.635	5
2026-08-12 17:30	88.630	88.750	88.596	88.626	5
2026-08-12 17:35	88.635	88.820	88.626	88.800	5
2026-08-12 17:40	88.795	88.915	88.736	88.806	5
2026-08-12 17:45	88.820	88.820	88.695	88.706	5
2026-08-12 17:50	88.700	88.925	88.635	88.875	5
2026-08-12 17:55	88.880	88.895	88.805	88.836	5
2026-08-12 18:00	88.850	88.890	88.656	88.666	5
2026-08-12 18:05	88.665	88.730	88.565	88.575	5
2026-08-12 18:10	88.566	88.700	88.545	88.675	5
2026-08-12 18:15	88.670	88.795	88.670	88.730	5
2026-08-12 18:20	88.726	88.790	88.696	88.706	5
2026-08-12 18:25	88.715	89.065	88.650	89.060	5
2026-08-12 18:30	89.056	89.075	88.880	89.015	5
2026-08-12 18:35	89.000	89.010	88.920	88.995	5
2026-08-12 18:40	88.990	88.990	88.875	88.885	5
2026-08-12 18:45	88.884	88.915	88.845	88.850	5
2026-08-12 18:50	88.845	88.880	88.790	88.860	5
2026-08-12 18:55	88.880	88.890	88.840	88.870	5
2026-08-12 19:00	88.865	88.880	88.755	88.780	5
2026-08-12 19:05	88.774	88.785	88.730	88.756	5
2026-08-12 19:10	88.765	88.780	88.706	88.775	5
2026-08-12 19:15	88.770	88.800	88.750	88.755	5
2026-08-12 19:20	88.750	88.805	88.745	88.780	5
2026-08-12 19:25	88.785	88.816	88.714	88.770	5
2026-08-12 19:30	88.760	88.760	88.644	88.670	5
2026-08-12 19:35	88.665	88.710	88.550	88.655	5
2026-08-12 19:40	88.654	88.670	88.590	88.630	5
2026-08-12 19:45	88.636	88.655	88.590	88.610	5
2026-08-12 19:50	88.620	88.655	88.600	88.620	5
2026-08-12 19:55	88.655	88.700	88.640	88.695	5
2026-08-12 20:00	88.690	88.720	88.584	88.604	5
2026-08-12 20:05	88.604	88.604	88.554	88.554	5
2026-08-12 20:10	88.554	88.644	88.514	88.604	5
2026-08-12 20:15	88.614	88.614	88.584	88.594	5
2026-08-12 20:20	88.604	88.604	88.544	88.574	5
2026-08-12 20:25	88.574	88.614	88.564	88.604	5
2026-08-12 20:30	88.604	88.604	88.544	88.554	5
2026-08-12 20:35	88.554	88.564	88.314	88.314	5
2026-08-12 20:40	88.304	88.394	88.304	88.394	5
2026-08-12 20:45	88.384	88.404	88.304	88.384	5
2026-08-12 20:50	88.394	88.404	88.344	88.374	5
2026-08-12 20:55	88.364	88.394	88.324	88.344	5
2026-08-13 00:00	88.312	88.377	88.257	88.305	5
2026-08-13 00:05	88.315	88.390	88.235	88.297	5
2026-08-13 00:10	88.295	88.350	88.027	88.226	5
2026-08-13 00:15	88.240	88.275	88.130	88.275	5
2026-08-13 00:20	88.285	88.330	88.135	88.165	5
2026-08-13 00:25	88.160	88.185	88.095	88.165	5
2026-08-13 00:30	88.185	88.185	88.065	88.135	5
2026-08-13 00:35	88.125	88.145	88.050	88.085	5
2026-08-13 00:40	88.075	88.095	88.020	88.030	5
2026-08-13 00:45	88.025	88.070	87.955	88.065	5
2026-08-13 00:50	88.070	88.070	87.990	88.010	5
2026-08-13 00:55	88.005	88.085	87.807	87.820	5
2026-08-13 01:00	87.825	87.945	87.655	87.845	5
2026-08-13 01:05	87.835	87.910	87.765	87.796	5
2026-08-13 01:10	87.805	87.926	87.676	87.895	5
2026-08-13 01:15	87.890	87.940	87.830	87.865	5
2026-08-13 01:20	87.885	88.025	87.884	88.005	5
2026-08-13 01:25	88.000	88.085	87.985	88.080	5
2026-08-13 01:30	88.085	88.170	87.975	88.037	5
2026-08-13 01:35	88.035	88.065	88.000	88.025	5
2026-08-13 01:40	88.020	88.065	87.975	87.985	5
2026-08-13 01:45	87.990	88.010	87.890	87.900	5
2026-08-13 01:50	87.905	88.050	87.865	88.020	5
2026-08-13 01:55	88.015	88.025	87.920	87.990	5
2026-08-13 02:00	87.995	88.050	87.926	87.980	5
2026-08-13 02:05	87.985	87.985	87.850	87.935	5
2026-08-13 02:10	87.920	87.955	87.840	87.845	5
2026-08-13 02:15	87.850	87.855	87.805	87.820	5
2026-08-13 02:20	87.815	87.865	87.800	87.860	4
2026-08-13 02:25	87.855	87.905	87.835	87.900	5
2026-08-13 02:30	87.906	87.975	87.855	87.875	5
2026-08-13 02:35	87.860	87.925	87.845	87.915	5
2026-08-13 02:40	87.925	87.930	87.834	87.925	5
2026-08-13 02:45	87.930	87.995	87.925	87.956	5
2026-08-13 02:50	87.940	87.960	87.895	87.935	5
2026-08-13 02:55	87.930	88.065	87.930	88.015	5
2026-08-13 03:00	88.005	88.030	87.905	87.955	5
2026-08-13 03:05	87.950	87.960	87.840	87.865	5
2026-08-13 03:10	87.870	87.870	87.770	87.815	5
2026-08-13 03:15	87.820	87.980	87.805	87.980	5
2026-08-13 03:20	87.975	88.165	87.975	88.160	5
2026-08-13 03:25	88.165	88.225	88.095	88.220	5
2026-08-13 03:30	88.214	88.365	88.200	88.290	5
2026-08-13 03:35	88.280	88.295	88.176	88.235	5
2026-08-13 03:40	88.230	88.260	88.206	88.220	5
2026-08-13 03:45	88.215	88.290	88.205	88.235	5
2026-08-13 03:50	88.230	88.350	88.215	88.350	5
2026-08-13 03:55	88.355	88.495	88.350	88.420	5
2026-08-13 04:00	88.425	88.550	88.420	88.545	5
2026-08-13 04:05	88.540	88.576	88.480	88.570	5
2026-08-13 04:10	88.575	88.675	88.560	88.670	5
2026-08-13 04:15	88.675	88.745	88.670	88.710	5
2026-08-13 04:20	88.720	88.750	88.705	88.745	5
2026-08-13 04:25	88.740	88.780	88.706	88.780	5
2026-08-13 04:30	88.774	88.810	88.765	88.800	5
2026-08-13 04:35	88.795	88.800	88.706	88.750	5
2026-08-13 04:40	88.745	88.770	88.690	88.760	5
2026-08-13 04:45	88.754	88.754	88.715	88.735	5
2026-08-13 04:50	88.730	88.765	88.720	88.745	5
2026-08-13 04:55	88.750	88.830	88.694	88.830	5
2026-08-13 05:00	88.834	88.915	88.810	88.900	5
2026-08-13 05:05	88.894	88.900	88.835	88.890	5
2026-08-13 05:10	88.885	88.926	88.815	88.820	5
2026-08-13 05:15	88.810	88.900	88.810	88.860	5
2026-08-13 05:20	88.855	88.890	88.790	88.795	5
2026-08-13 05:25	88.800	88.845	88.725	88.790	5
2026-08-13 05:30	88.785	89.045	88.765	88.865	5
2026-08-13 05:35	88.875	88.875	88.710	88.735	5
2026-08-13 05:40	88.740	88.825	88.735	88.745	5
2026-08-13 05:45	88.755	88.890	88.745	88.780	5
2026-08-13 05:50	88.786	88.980	88.786	88.970	5
2026-08-13 05:55	88.975	89.015	88.810	88.890	5
2026-08-13 06:00	88.885	88.960	88.775	88.885	5
2026-08-13 06:05	88.890	88.915	88.810	88.850	5
2026-08-13 06:10	88.845	88.855	88.755	88.820	5
2026-08-13 06:15	88.810	88.866	88.706	88.800	5
2026-08-13 06:20	88.790	88.880	88.760	88.830	5
2026-08-13 06:25	88.820	88.845	88.735	88.785	5
2026-08-13 06:30	88.790	88.976	88.780	88.974	5
2026-08-13 06:35	88.970	89.030	88.910	88.946	5
2026-08-13 06:40	88.940	88.945	88.595	88.610	5
2026-08-13 06:45	88.615	88.745	88.565	88.740	5
2026-08-13 06:50	88.735	88.750	88.535	88.545	5
2026-08-13 06:55	88.550	88.590	88.380	88.415	5
2026-08-13 07:00	88.417	88.546	88.366	88.530	5
2026-08-13 07:05	88.535	88.570	88.466	88.525	5
2026-08-13 07:10	88.515	88.660	88.466	88.656	5
2026-08-13 07:15	88.650	88.840	88.616	88.676	5
2026-08-13 07:20	88.670	88.676	88.505	88.515	5
2026-08-13 07:25	88.510	88.590	88.286	88.346	5
2026-08-13 07:30	88.320	88.325	87.935	87.965	5
2026-08-13 07:35	87.956	88.090	87.906	87.915	5
2026-08-13 07:40	87.916	87.970	87.505	87.535	5
2026-08-13 07:45	87.530	87.826	87.515	87.786	5
2026-08-13 07:50	87.785	87.800	87.656	87.656	5
2026-08-13 07:55	87.630	87.965	87.586	87.930	5
2026-08-13 08:00	87.925	88.200	87.925	87.975	5
2026-08-13 08:05	87.980	88.030	87.706	87.880	5
2026-08-13 08:10	87.885	87.975	87.806	87.836	5
2026-08-13 08:15	87.835	87.850	87.696	87.836	5
2026-08-13 08:20	87.835	87.950	87.756	87.760	5
2026-08-13 08:25	87.756	87.840	87.515	87.760	5
2026-08-13 08:30	87.770	87.855	87.325	87.375	5
2026-08-13 08:35	87.376	87.530	87.335	87.460	5
2026-08-13 08:40	87.475	87.510	87.276	87.506	5
2026-08-13 08:45	87.495	87.565	87.445	87.486	5
2026-08-13 08:50	87.485	87.550	87.484	87.495	5
2026-08-13 08:55	87.454	87.540	87.406	87.496	5
2026-08-13 09:00	87.480	87.510	87.245	87.276	5
2026-08-13 09:05	87.275	87.370	87.144	87.346	5
2026-08-13 09:10	87.345	87.345	86.835	86.864	5
2026-08-13 09:15	86.904	87.185	86.904	87.130	5
2026-08-13 09:20	87.125	87.140	87.006	87.126	5
2026-08-13 09:25	87.125	87.465	87.054	87.365	5
2026-08-13 09:30	87.370	87.376	87.205	87.350	5
2026-08-13 09:35	87.345	87.440	87.266	87.415	5
2026-08-13 09:40	87.406	87.525	87.386	87.445	5
2026-08-13 09:45	87.440	87.475	87.356	87.436	5
2026-08-13 09:50	87.430	87.430	87.296	87.326	5
2026-08-13 09:55	87.336	87.504	87.246	87.504	5
2026-08-13 10:00	87.495	87.695	87.485	87.615	5
2026-08-13 10:05	87.615	87.760	87.585	87.760	5
2026-08-13 10:10	87.755	87.795	87.585	87.746	5
2026-08-13 10:15	87.745	87.796	87.666	87.696	5
2026-08-13 10:20	87.695	87.705	87.295	87.295	5
2026-08-13 10:25	87.305	87.375	87.155	87.216	5
2026-08-13 10:30	87.220	87.295	87.056	87.246	5
2026-08-13 10:35	87.255	87.320	87.135	87.196	5
2026-08-13 10:40	87.205	87.310	87.176	87.176	5
2026-08-13 10:45	87.190	87.295	87.106	87.106	5
2026-08-13 10:50	87.105	87.320	87.085	87.286	5
2026-08-13 10:55	87.280	87.285	87.176	87.196	5
2026-08-13 11:00	87.205	87.286	87.124	87.276	5
2026-08-13 11:05	87.275	87.285	87.126	87.135	5
2026-08-13 11:10	87.145	87.210	87.016	87.176	5
2026-08-13 11:15	87.175	87.310	87.136	87.206	5
2026-08-13 11:20	87.225	87.360	87.205	87.306	5
2026-08-13 11:25	87.305	87.410	87.285	87.326	5
2026-08-13 11:30	87.335	87.360	87.176	87.275	5
2026-08-13 11:35	87.280	87.430	87.256	87.416	5
2026-08-13 11:40	87.425	87.490	87.376	87.380	5
2026-08-13 11:45	87.390	87.396	87.286	87.375	5
2026-08-13 11:50	87.395	87.416	87.276	87.360	5
2026-08-13 11:55	87.380	87.450	87.345	87.435	5
2026-08-13 12:00	87.426	87.455	87.236	87.266	5
2026-08-13 12:05	87.265	87.270	86.845	86.966	5
2026-08-13 12:10	86.980	87.346	86.900	87.316	5
2026-08-13 12:15	87.325	87.410	87.265	87.355	5
2026-08-13 12:20	87.350	87.420	87.296	87.316	5
2026-08-13 12:25	87.325	87.340	87.225	87.316	5
2026-08-13 12:30	87.320	87.335	87.016	87.035	5
2026-08-13 12:35	87.040	87.126	86.935	86.936	5
2026-08-13 12:40	86.945	87.155	86.884	87.056	5
2026-08-13 12:45	87.055	87.140	86.955	87.136	5
2026-08-13 12:50	87.140	87.150	87.056	87.095	5
2026-08-13 12:55	87.105	87.146	87.026	87.065	5
2026-08-13 13:00	87.070	87.150	86.915	87.126	5
2026-08-13 13:05	87.115	87.205	86.635	86.725	5
2026-08-13 13:10	86.720	86.880	86.620	86.696	5
2026-08-13 13:15	86.695	86.924	86.656	86.886	5
2026-08-13 13:20	86.880	86.905	86.666	86.736	5
2026-08-13 13:25	86.735	86.865	86.675	86.835	5
2026-08-13 13:30	86.840	86.945	86.665	86.816	5
2026-08-13 13:35	86.825	87.025	86.796	86.985	5
2026-08-13 13:40	86.990	87.096	86.980	87.026	5
2026-08-13 13:45	87.005	87.024	86.835	86.860	5
2026-08-13 13:50	86.855	86.950	86.264	86.400	5
2026-08-13 13:55	86.405	86.500	86.236	86.256	5
2026-08-13 14:00	86.260	86.260	85.914	86.076	5
2026-08-13 14:05	86.075	86.110	85.836	85.856	5
2026-08-13 14:10	85.860	86.095	85.845	86.095	5
2026-08-13 14:15	86.090	86.300	86.055	86.166	5
2026-08-13 14:20	86.165	86.470	86.150	86.326	5
2026-08-13 14:25	86.320	86.575	86.286	86.566	5
2026-08-13 14:30	86.574	86.695	86.485	86.615	5
2026-08-13 14:35	86.620	86.730	86.535	86.636	5
2026-08-13 14:40	86.630	86.725	86.586	86.665	5
2026-08-13 14:45	86.660	86.785	86.630	86.745	5
2026-08-13 14:50	86.735	86.910	86.705	86.886	5
2026-08-13 14:55	86.880	86.975	86.825	86.910	5
2026-08-13 15:00	86.900	87.225	86.886	87.165	5
2026-08-13 15:05	87.170	87.290	87.066	87.146	5
2026-08-13 15:10	87.144	87.845	87.115	87.826	5
2026-08-13 15:15	87.820	88.204	87.785	87.946	5
2026-08-13 15:20	87.955	88.115	87.866	88.080	5
2026-08-13 15:25	88.075	88.520	88.050	88.404	5
2026-08-13 15:30	88.415	88.420	88.056	88.235	5
2026-08-13 15:35	88.225	88.235	87.866	87.876	5
2026-08-13 15:40	87.884	88.080	87.760	88.070	5
2026-08-13 15:45	88.066	88.165	88.000	88.156	5
2026-08-13 15:50	88.164	88.350	88.065	88.210	5
2026-08-13 15:55	88.205	88.320	88.195	88.246	5
2026-08-13 16:00	88.240	88.390	88.195	88.386	5
2026-08-13 16:05	88.375	88.405	88.176	88.205	5
2026-08-13 16:10	88.216	88.390	88.185	88.305	5
2026-08-13 16:15	88.300	88.315	88.106	88.135	5
2026-08-13 16:20	88.126	88.140	87.976	87.976	5
2026-08-13 16:25	87.985	88.150	87.934	87.996	5
2026-08-13 16:30	88.014	88.040	87.705	87.746	5
2026-08-13 16:35	87.755	87.840	87.665	87.695	5
2026-08-13 16:40	87.700	87.750	87.596	87.636	5
2026-08-13 16:45	87.640	87.736	87.586	87.600	5
2026-08-13 16:50	87.595	87.720	87.555	87.676	5
2026-08-13 16:55	87.675	87.820	87.665	87.715	5
2026-08-13 17:00	87.734	87.775	87.625	87.660	5
2026-08-13 17:05	87.670	87.776	87.626	87.765	5
2026-08-13 17:10	87.766	87.930	87.756	87.845	5
2026-08-13 17:15	87.850	87.860	87.696	87.816	5
2026-08-13 17:20	87.825	87.845	87.655	87.675	5
2026-08-13 17:25	87.666	87.680	87.606	87.626	5
2026-08-13 17:30	87.640	87.776	87.596	87.756	5
2026-08-13 17:35	87.780	87.820	87.586	87.700	5
2026-08-13 17:40	87.696	87.770	87.695	87.755	5
2026-08-13 17:45	87.760	87.780	87.635	87.650	5
2026-08-13 17:50	87.640	87.740	87.626	87.696	5
2026-08-13 17:55	87.705	87.705	87.596	87.610	5
2026-08-13 18:00	87.606	87.606	87.116	87.120	5
2026-08-13 18:05	87.130	87.300	87.026	87.056	5
2026-08-13 18:10	87.055	87.070	86.896	87.016	5
2026-08-13 18:15	87.035	87.190	86.984	87.135	5
2026-08-13 18:20	87.136	87.380	87.125	87.276	5
2026-08-13 18:25	87.266	87.320	86.895	86.996	5
2026-08-13 18:30	87.005	87.015	86.835	86.965	5
2026-08-13 18:35	86.960	87.034	86.770	86.770	5
2026-08-13 18:40	86.780	86.855	86.744	86.840	5
2026-08-13 18:45	86.850	86.900	86.765	86.865	5
2026-08-13 18:50	86.860	87.005	86.830	86.955	5
2026-08-13 18:55	86.950	87.005	86.905	86.940	5
2026-08-13 19:00	86.950	86.956	86.850	86.890	5
2026-08-13 19:05	86.900	86.930	86.850	86.880	5
2026-08-13 19:10	86.890	87.030	86.880	87.025	5
2026-08-13 19:15	87.030	87.100	87.015	87.065	5
2026-08-13 19:20	87.066	87.120	87.030	87.055	5
2026-08-13 19:25	87.040	87.055	86.980	87.020	5
2026-08-13 19:30	87.025	87.085	87.005	87.020	5
2026-08-13 19:35	87.010	87.060	86.990	87.010	5
2026-08-13 19:40	87.015	87.045	86.980	87.025	5
2026-08-13 19:45	87.026	87.045	86.950	86.970	5
2026-08-13 19:50	86.965	86.970	86.850	86.926	5
2026-08-13 19:55	86.935	87.055	86.910	87.010	5
2026-08-13 20:00	87.000	87.005	86.834	86.934	5
2026-08-13 20:05	86.924	86.974	86.824	86.974	5
2026-08-13 20:10	86.968	86.984	86.894	86.894	5
2026-08-13 20:15	86.904	86.924	86.884	86.904	5
2026-08-13 20:20	86.914	86.974	86.894	86.944	5
2026-08-13 20:25	86.917	87.044	86.914	87.044	5
2026-08-13 20:30	87.044	87.074	86.874	86.904	5
2026-08-13 20:35	86.904	86.944	86.854	86.864	5
2026-08-13 20:40	86.867	87.014	86.867	86.984	5
2026-08-13 20:45	86.974	86.994	86.944	86.994	5
2026-08-13 20:50	86.994	86.994	86.904	86.934	5
2026-08-13 20:55	86.944	86.944	86.844	86.934	5
2026-08-14 00:00	87.042	87.215	87.037	87.160	5
2026-08-14 00:05	87.170	87.215	87.065	87.115	5
2026-08-14 00:10	87.110	87.205	87.100	87.135	5
2026-08-14 00:15	87.130	87.165	86.955	87.010	5
2026-08-14 00:20	87.020	87.050	86.965	87.050	5
2026-08-14 00:25	87.060	87.125	86.975	86.975	5
2026-08-14 00:30	86.985	87.020	86.965	86.990	5
2026-08-14 00:35	86.995	87.005	86.950	86.965	5
2026-08-14 00:40	86.975	86.990	86.920	86.926	5
2026-08-14 00:45	86.945	86.970	86.920	86.925	5
2026-08-14 00:50	86.930	86.930	86.870	86.905	5
2026-08-14 00:55	86.900	86.925	86.835	86.850	5
2026-08-14 01:00	86.855	87.145	86.824	87.140	5
2026-08-14 01:05	87.145	87.200	87.085	87.175	5
2026-08-14 01:10	87.185	87.185	87.025	87.075	5
2026-08-14 01:15	87.085	87.185	87.035	87.185	5
2026-08-14 01:20	87.190	87.250	86.955	86.995	5
2026-08-14 01:25	86.997	87.155	86.990	87.145	5
2026-08-14 01:30	87.150	87.155	86.870	86.910	5
2026-08-14 01:35	86.905	86.936	86.715	86.776	5
2026-08-14 01:40	86.786	86.835	86.705	86.805	5
2026-08-14 01:45	86.810	86.855	86.725	86.755	5
2026-08-14 01:50	86.750	86.760	86.670	86.706	5
2026-08-14 01:55	86.694	86.795	86.685	86.765	5
2026-08-14 02:00	86.745	86.750	86.535	86.605	5
2026-08-14 02:05	86.610	86.750	86.574	86.695	5
2026-08-14 02:10	86.697	86.706	86.625	86.685	5
2026-08-14 02:15	86.675	86.725	86.620	86.620	5
2026-08-14 02:20	86.626	86.650	86.590	86.590	5
2026-08-14 02:25	86.580	86.595	86.510	86.570	5
2026-08-14 02:30	86.557	86.825	86.555	86.820	5
2026-08-14 02:35	86.825	86.896	86.820	86.875	5
2026-08-14 02:40	86.880	87.035	86.860	87.005	5
2026-08-14 02:45	87.010	87.150	86.995	87.055	5
2026-08-14 02:50	87.065	87.115	87.015	87.105	5
2026-08-14 02:55	87.100	87.150	87.070	87.125	5
2026-08-14 03:00	87.130	87.130	86.950	86.980	5
2026-08-14 03:05	86.985	87.050	86.950	87.050	5
2026-08-14 03:10	87.060	87.110	87.030	87.090	5
2026-08-14 03:15	87.075	87.080	87.035	87.045	5
2026-08-14 03:20	87.050	87.055	86.985	87.015	5
2026-08-14 03:25	87.005	87.116	86.985	87.095	5
2026-08-14 03:30	87.100	87.200	87.095	87.185	5
2026-08-14 03:35	87.190	87.230	87.170	87.175	5
2026-08-14 03:40	87.180	87.180	87.100	87.120	5
2026-08-14 03:45	87.135	87.180	87.100	87.125	5
2026-08-14 03:50	87.110	87.150	87.080	87.150	5
2026-08-14 03:55	87.145	87.155	87.105	87.110	5
2026-08-14 04:00	87.105	87.210	87.105	87.206	5
2026-08-14 04:05	87.205	87.205	87.130	87.145	5
2026-08-14 04:10	87.155	87.160	87.095	87.100	5
2026-08-14 04:15	87.115	87.120	87.035	87.040	5
2026-08-14 04:20	87.035	87.065	87.024	87.030	5
2026-08-14 04:25	87.025	87.045	86.970	87.030	5
2026-08-14 04:30	87.024	87.085	87.010	87.065	5
2026-08-14 04:35	87.055	87.095	87.035	87.060	5
2026-08-14 04:40	87.055	87.075	87.024	87.075	5
2026-08-14 04:45	87.070	87.115	87.035	87.115	5
2026-08-14 04:50	87.110	87.165	87.075	87.075	5
2026-08-14 04:55	87.085	87.135	87.077	87.115	5
2026-08-14 05:00	87.125	87.165	87.070	87.135	5
2026-08-14 05:05	87.130	87.140	87.080	87.095	5
2026-08-14 05:10	87.085	87.150	87.025	87.055	5
2026-08-14 05:15	87.045	87.105	87.040	87.095	5
2026-08-14 05:20	87.085	87.165	87.075	87.130	5
2026-08-14 05:25	87.135	87.160	87.125	87.155	5
2026-08-14 05:30	87.150	87.315	87.150	87.245	5
2026-08-14 05:35	87.240	87.470	87.225	87.400	5
2026-08-14 05:40	87.405	87.420	87.345	87.385	5
2026-08-14 05:45	87.380	87.430	87.315	87.415	5
2026-08-14 05:50	87.420	87.535	87.405	87.515	5
2026-08-14 05:55	87.520	87.765	87.520	87.765	5
2026-08-14 06:00	87.770	87.850	87.730	87.800	5
2026-08-14 06:05	87.795	87.890	87.775	87.780	5
2026-08-14 06:10	87.774	87.790	87.615	87.670	5
2026-08-14 06:15	87.676	87.820	87.670	87.785	5
2026-08-14 06:20	87.775	87.855	87.725	87.740	5
2026-08-14 06:25	87.735	88.040	87.720	87.995	5
2026-08-14 06:30	88.000	88.005	87.885	87.935	5
2026-08-14 06:35	87.925	87.945	87.800	87.810	5
2026-08-14 06:40	87.815	88.020	87.810	87.885	5
2026-08-14 06:45	87.880	87.985	87.814	87.825	5
2026-08-14 06:50	87.820	87.955	87.810	87.890	5
2026-08-14 06:55	87.905	87.940	87.845	87.925	5
2026-08-14 07:00	87.920	88.366	87.920	88.310	5
2026-08-14 07:05	88.320	88.395	88.296	88.325	5
2026-08-14 07:10	88.340	88.605	88.305	88.576	5
2026-08-14 07:15	88.585	88.600	88.386	88.470	5
2026-08-14 07:20	88.475	88.485	88.295	88.305	5
2026-08-14 07:25	88.306	88.415	88.250	88.405	5
2026-08-14 07:30	88.410	88.505	88.405	88.425	5
2026-08-14 07:35	88.420	88.465	88.320	88.336	5
2026-08-14 07:40	88.345	88.485	88.345	88.440	5
2026-08-14 07:45	88.445	88.445	88.305	88.315	5
2026-08-14 07:50	88.325	88.570	88.324	88.510	5
2026-08-14 07:55	88.525	88.615	88.456	88.566	5
2026-08-14 08:00	88.570	88.586	88.346	88.405	5
2026-08-14 08:05	88.400	88.506	88.356	88.470	5
2026-08-14 08:10	88.466	88.665	88.466	88.576	5
2026-08-14 08:15	88.590	88.595	88.436	88.436	5
2026-08-14 08:20	88.445	88.540	88.404	88.476	5
2026-08-14 08:25	88.490	88.490	87.975	88.090	5
2026-08-14 08:30	88.080	88.265	88.065	88.106	5
2026-08-14 08:35	88.120	88.120	87.665	87.725	5
2026-08-14 08:40	87.745	87.975	87.725	87.926	5
2026-08-14 08:45	87.934	87.966	87.825	87.940	5
2026-08-14 08:50	87.945	87.960	87.814	87.910	5
2026-08-14 08:55	87.915	87.975	87.885	87.945	5
2026-08-14 09:00	87.950	87.975	87.806	87.926	5
2026-08-14 09:05	87.924	87.946	87.726	87.785	5
2026-08-14 09:10	87.780	87.880	87.715	87.810	5
2026-08-14 09:15	87.820	87.890	87.785	87.836	5
2026-08-14 09:20	87.835	87.835	87.544	87.606	5
2026-08-14 09:25	87.615	87.665	87.516	87.556	5
2026-08-14 09:30	87.554	87.646	87.396	87.646	5
2026-08-14 09:35	87.655	87.816	87.584	87.725	5
2026-08-14 09:40	87.716	87.745	87.506	87.626	5
2026-08-14 09:45	87.630	87.745	87.506	87.666	5
2026-08-14 09:50	87.675	87.716	87.396	87.406	5
2026-08-14 09:55	87.396	87.506	87.346	87.400	5
2026-08-14 10:00	87.385	87.430	87.306	87.400	5
2026-08-14 10:05	87.396	87.396	87.115	87.160	5
2026-08-14 10:10	87.165	87.205	87.085	87.186	5
2026-08-14 10:15	87.195	87.216	87.140	87.195	5
2026-08-14 10:20	87.196	87.270	87.166	87.205	5
2026-08-14 10:25	87.220	87.340	87.206	87.275	5
2026-08-14 10:30	87.274	87.325	87.146	87.215	5
2026-08-14 10:35	87.220	87.260	87.106	87.120	5
2026-08-14 10:40	87.126	87.250	87.126	87.175	5
2026-08-14 10:45	87.185	87.210	87.056	87.066	5
2026-08-14 10:50	87.060	87.060	86.820	86.835	5
2026-08-14 10:55	86.845	87.030	86.825	86.929	5
2026-08-14 11:00	86.934	87.310	86.920	87.235	5
2026-08-14 11:05	87.236	87.285	87.116	87.175	5
2026-08-14 11:10	87.165	87.315	87.146	87.186	5
2026-08-14 11:15	87.196	87.240	87.125	87.186	5
2026-08-14 11:20	87.200	87.255	87.095	87.186	5
2026-08-14 11:25	87.185	87.245	87.076	87.186	5
2026-08-14 11:30	87.190	87.235	87.086	87.150	5
2026-08-14 11:35	87.155	87.175	87.015	87.066	5
2026-08-14 11:40	87.080	87.100	86.986	87.055	5
2026-08-14 11:45	87.060	87.156	87.026	87.126	5
2026-08-14 11:50	87.125	87.130	86.996	87.086	5
2026-08-14 11:55	87.095	87.210	87.095	87.125	5
2026-08-14 12:00	87.130	87.330	87.076	87.310	5
2026-08-14 12:05	87.305	87.520	87.256	87.486	5
2026-08-14 12:10	87.500	87.680	87.376	87.436	5
2026-08-14 12:15	87.406	87.585	87.406	87.525	5
2026-08-14 12:20	87.530	87.546	87.355	87.416	5
2026-08-14 12:25	87.430	87.526	87.376	87.386	5
2026-08-14 12:30	87.385	87.405	87.036	87.075	5
2026-08-14 12:35	87.076	87.240	87.055	87.166	5
2026-08-14 12:40	87.175	87.285	87.075	87.076	5
2026-08-14 12:45	87.095	87.096	86.845	86.865	5
2026-08-14 12:50	86.870	86.965	86.814	86.946	5
2026-08-14 12:55	86.945	87.020	86.836	86.856	5
2026-08-14 13:00	86.865	87.090	86.800	86.995	5
2026-08-14 13:05	86.980	87.050	86.854	86.985	5
2026-08-14 13:10	86.980	87.030	86.856	86.986	5
2026-08-14 13:15	86.984	87.174	86.915	87.046	5
2026-08-14 13:20	87.055	87.070	86.870	86.946	5
2026-08-14 13:25	86.950	86.965	86.770	86.965	5
2026-08-14 13:30	86.966	87.000	86.686	86.706	5
2026-08-14 13:35	86.710	86.776	86.540	86.555	5
2026-08-14 13:40	86.560	86.740	86.526	86.700	5
2026-08-14 13:45	86.686	86.860	86.680	86.846	5
2026-08-14 13:50	86.850	86.930	86.746	86.916	5
2026-08-14 13:55	86.925	87.090	86.865	87.065	5
2026-08-14 14:00	87.055	87.325	87.055	87.235	5
2026-08-14 14:05	87.236	87.395	87.236	87.385	5
2026-08-14 14:10	87.386	87.465	87.216	87.256	5
2026-08-14 14:15	87.255	87.435	87.195	87.426	5
2026-08-14 14:20	87.420	87.570	87.356	87.546	5
2026-08-14 14:25	87.550	87.595	87.465	87.480	5
2026-08-14 14:30	87.476	87.625	87.476	87.575	5
2026-08-14 14:35	87.574	87.705	87.476	87.586	5
2026-08-14 14:40	87.585	87.865	87.570	87.786	5
2026-08-14 14:45	87.780	87.830	87.506	87.806	5
2026-08-14 14:50	87.820	87.905	87.745	87.865	5
2026-08-14 14:55	87.860	87.970	87.810	87.825	5
2026-08-14 15:00	87.830	88.034	87.766	88.016	5
2026-08-14 15:05	88.015	88.065	87.896	87.916	5
2026-08-14 15:10	87.925	87.950	87.726	87.856	5
2026-08-14 15:15	87.866	87.895	87.486	87.656	5
2026-08-14 15:20	87.665	87.890	87.606	87.876	5
2026-08-14 15:25	87.890	88.040	87.714	87.865	5
2026-08-14 15:30	87.840	88.055	87.784	87.876	5
2026-08-14 15:35	87.884	87.915	87.776	87.826	5
2026-08-14 15:40	87.835	87.876	87.674	87.775	5
2026-08-14 15:45	87.804	87.956	87.746	87.866	5
2026-08-14 15:50	87.876	87.890	87.670	87.785	5
2026-08-14 15:55	87.780	87.800	87.726	87.756	5
2026-08-14 16:00	87.764	87.775	87.690	87.736	5
2026-08-14 16:05	87.750	87.830	87.646	87.826	5
2026-08-14 16:10	87.815	87.965	87.786	87.856	5
2026-08-14 16:15	87.865	87.980	87.836	87.890	5
2026-08-14 16:20	87.884	88.005	87.836	87.946	5
2026-08-14 16:25	87.955	88.100	87.936	88.036	5
2026-08-14 16:30	88.044	88.070	87.935	87.986	5
2026-08-14 16:35	87.985	88.005	87.916	87.946	5
2026-08-14 16:40	87.944	88.070	87.915	88.070	5
2026-08-14 16:45	88.065	88.090	87.926	88.065	5
2026-08-14 16:50	88.074	88.090	87.976	87.996	5
2026-08-14 16:55	87.995	88.045	87.916	87.960	5
2026-08-14 17:00	87.964	88.085	87.915	88.045	5
2026-08-14 17:05	88.044	88.175	87.975	88.146	5
2026-08-14 17:10	88.154	88.325	88.154	88.245	5
2026-08-14 17:15	88.250	88.310	88.126	88.195	5
2026-08-14 17:20	88.200	88.270	88.056	88.126	5
2026-08-14 17:25	88.150	88.225	88.086	88.216	5
2026-08-14 17:30	88.224	88.360	88.215	88.295	5
2026-08-14 17:35	88.310	88.375	88.246	88.246	5
2026-08-14 17:40	88.255	88.375	88.216	88.366	5
2026-08-14 17:45	88.365	88.410	88.306	88.395	5
2026-08-14 17:50	88.400	88.470	88.396	88.405	5
2026-08-14 17:55	88.400	88.410	88.325	88.325	5
2026-08-14 18:00	88.334	88.336	88.135	88.196	5
2026-08-14 18:05	88.205	88.240	88.135	88.205	5
2026-08-14 18:10	88.210	88.270	88.186	88.225	5
2026-08-14 18:15	88.230	88.325	88.226	88.296	5
2026-08-14 18:20	88.295	88.410	88.265	88.395	5
2026-08-14 18:25	88.390	88.545	88.315	88.485	5
2026-08-14 18:30	88.475	88.775	88.435	88.720	5
2026-08-14 18:35	88.714	88.715	88.630	88.645	5
2026-08-14 18:40	88.646	88.745	88.640	88.700	5
2026-08-14 18:45	88.694	88.720	88.456	88.570	5
2026-08-14 18:50	88.565	88.600	88.540	88.575	5
2026-08-14 18:55	88.585	88.585	88.530	88.535	5
2026-08-14 19:00	88.545	88.545	88.455	88.494	5
2026-08-14 19:05	88.490	88.535	88.485	88.506	5
2026-08-14 19:10	88.515	88.546	88.475	88.525	5
2026-08-14 19:15	88.515	88.570	88.380	88.415	5
2026-08-14 19:20	88.420	88.490	88.375	88.470	5
2026-08-14 19:25	88.475	88.510	88.464	88.500	5
2026-08-14 19:30	88.505	88.535	88.440	88.456	5
2026-08-14 19:35	88.465	88.470	88.426	88.440	5
2026-08-14 19:40	88.435	88.505	88.434	88.475	5
2026-08-14 19:45	88.480	88.496	88.450	88.480	5
2026-08-14 19:50	88.485	88.535	88.365	88.500	5
2026-08-14 19:55	88.504	88.570	88.495	88.535	5
2026-08-14 20:00	88.530	88.544	88.404	88.504	5
2026-08-14 20:05	88.494	88.664	88.494	88.564	5
2026-08-14 20:10	88.574	88.594	88.534	88.584	5
2026-08-14 20:15	88.584	88.584	88.484	88.524	5
2026-08-14 20:20	88.524	88.524	88.414	88.444	5
2026-08-14 20:25	88.434	88.434	88.364	88.374	5
2026-08-14 20:30	88.364	88.444	88.354	88.444	5
2026-08-14 20:35	88.434	88.504	88.404	88.484	5
2026-08-14 20:40	88.474	88.514	88.454	88.464	5
2026-08-14 20:45	88.474	88.534	88.464	88.524	5
2026-08-14 20:50	88.524	88.554	88.494	88.504	5
2026-08-14 20:55	88.514	88.612	88.494	88.582	5
2026-08-17 00:00	88.654	88.670	88.535	88.560	5
2026-08-17 00:05	88.575	88.605	88.455	88.475	5
2026-08-17 00:10	88.470	88.475	88.420	88.430	5
2026-08-17 00:15	88.435	88.510	88.425	88.510	5
2026-08-17 00:20	88.460	88.490	88.420	88.450	5
2026-08-17 00:25	88.455	88.560	88.440	88.550	5
2026-08-17 00:30	88.555	88.565	88.495	88.560	5
2026-08-17 00:35	88.585	88.640	88.540	88.635	5
2026-08-17 00:40	88.630	88.665	88.520	88.520	5
2026-08-17 00:45	88.515	88.525	88.470	88.520	5
2026-08-17 00:50	88.515	88.560	88.410	88.410	5
2026-08-17 00:55	88.415	88.425	88.176	88.200	5
2026-08-17 01:00	88.205	88.490	87.990	88.415	5
2026-08-17 01:05	88.430	88.595	88.334	88.550	5
2026-08-17 01:10	88.545	88.690	88.355	88.455	5
2026-08-17 01:15	88.450	88.525	88.355	88.390	5
2026-08-17 01:20	88.397	88.530	88.370	88.485	5
2026-08-17 01:25	88.490	88.715	88.420	88.706	5
2026-08-17 01:30	88.705	88.890	88.685	88.870	5
2026-08-17 01:35	88.855	88.965	88.805	88.855	5
2026-08-17 01:40	88.850	89.115	88.825	89.080	5
2026-08-17 01:45	89.075	89.225	88.935	88.995	5
2026-08-17 01:50	89.010	89.040	88.794	88.865	5
2026-08-17 01:55	88.855	88.950	88.755	88.940	5
2026-08-17 02:00	88.925	89.115	88.905	89.060	5
2026-08-17 02:05	89.070	89.240	89.045	89.140	5
2026-08-17 02:10	89.145	89.370	89.130	89.295	5
2026-08-17 02:15	89.290	89.310	89.170	89.170	5
2026-08-17 02:20	89.165	89.180	89.120	89.170	5
2026-08-17 02:25	89.175	89.235	89.150	89.165	5
2026-08-17 02:30	89.160	89.310	89.140	89.185	5
2026-08-17 02:35	89.190	89.195	89.020	89.030	5
2026-08-17 02:40	89.035	89.075	88.810	88.885	5
2026-08-17 02:45	88.895	88.965	88.740	88.915	5
2026-08-17 02:50	88.920	89.025	88.875	88.920	5
2026-08-17 02:55	88.910	88.910	88.680	88.825	5
2026-08-17 03:00	88.830	88.857	88.800	88.815	5
2026-08-17 03:05	88.825	88.850	88.690	88.730	5
2026-08-17 03:10	88.725	88.770	88.655	88.705	5
2026-08-17 03:15	88.706	88.840	88.670	88.840	5
2026-08-17 03:20	88.834	88.834	88.765	88.790	5
2026-08-17 03:25	88.795	88.860	88.770	88.800	5
2026-08-17 03:30	88.795	88.955	88.790	88.925	5
2026-08-17 03:35	88.930	88.930	88.870	88.910	5
2026-08-17 03:40	88.915	88.970	88.910	88.945	5
2026-08-17 03:45	88.935	88.945	88.840	88.840	5
2026-08-17 03:50	88.830	88.845	88.730	88.755	5
2026-08-17 03:55	88.740	88.740	88.570	88.590	5
2026-08-17 04:00	88.595	88.625	88.430	88.500	5
2026-08-17 04:05	88.505	88.585	88.456	88.575	5
2026-08-17 04:10	88.570	88.575	88.505	88.540	5
2026-08-17 04:15	88.545	88.685	88.515	88.655	5
2026-08-17 04:20	88.645	88.705	88.635	88.700	5
2026-08-17 04:25	88.705	88.730	88.685	88.706	5
2026-08-17 04:30	88.720	88.775	88.650	88.660	5
2026-08-17 04:35	88.655	88.725	88.615	88.625	5
2026-08-17 04:40	88.630	88.645	88.585	88.620	5
2026-08-17 04:45	88.614	88.655	88.570	88.630	5
2026-08-17 04:50	88.625	88.655	88.555	88.585	5
2026-08-17 04:55	88.590	88.625	88.525	88.545	5
2026-08-17 05:00	88.555	88.590	88.495	88.505	5
2026-08-17 05:05	88.500	88.585	88.500	88.555	5
2026-08-17 05:10	88.560	88.604	88.555	88.590	5
2026-08-17 05:15	88.575	88.600	88.510	88.510	5
2026-08-17 05:20	88.515	88.530	88.444	88.485	5
2026-08-17 05:25	88.496	88.555	88.485	88.545	5
2026-08-17 05:30	88.540	88.635	88.365	88.385	5
2026-08-17 05:35	88.400	88.610	88.375	88.610	5
2026-08-17 05:40	88.620	88.630	88.465	88.530	5
2026-08-17 05:45	88.525	88.610	88.435	88.485	5
2026-08-17 05:50	88.490	88.495	88.290	88.335	5
2026-08-17 05:55	88.330	88.435	88.235	88.325	5
2026-08-17 06:00	88.320	88.345	88.140	88.345	5
2026-08-17 06:05	88.350	88.450	88.320	88.405	5
2026-08-17 06:10	88.394	88.410	88.206	88.360	5
2026-08-17 06:15	88.355	88.426	88.215	88.250	5
2026-08-17 06:20	88.245	88.400	88.215	88.290	5
2026-08-17 06:25	88.285	88.355	88.240	88.340	5
2026-08-17 06:30	88.350	88.410	88.290	88.390	5
2026-08-17 06:35	88.380	88.420	88.300	88.325	5
2026-08-17 06:40	88.320	88.450	88.320	88.420	5
2026-08-17 06:45	88.415	88.420	88.290	88.340	5
2026-08-17 06:50	88.335	88.470	88.305	88.365	5
2026-08-17 06:55	88.370	88.445	88.320	88.420	5
2026-08-17 07:00	88.410	88.525	88.355	88.505	5
2026-08-17 07:05	88.500	88.565	88.330	88.405	5
2026-08-17 07:10	88.404	88.490	88.284	88.366	5
2026-08-17 07:15	88.346	88.400	88.176	88.226	5
2026-08-17 07:20	88.225	88.266	88.146	88.230	5
2026-08-17 07:25	88.245	88.380	88.200	88.336	5
2026-08-17 07:30	88.355	88.540	88.316	88.345	5
2026-08-17 07:35	88.350	88.350	88.095	88.230	5
2026-08-17 07:40	88.225	88.256	88.135	88.230	5
2026-08-17 07:45	88.225	88.486	88.216	88.466	5
2026-08-17 07:50	88.480	88.795	88.446	88.765	5
2026-08-17 07:55	88.755	88.755	88.586	88.586	5
2026-08-17 08:00	88.585	88.905	88.436	88.900	5
2026-08-17 08:05	88.866	88.875	88.675	88.745	5
2026-08-17 08:10	88.734	88.795	88.645	88.766	5
2026-08-17 08:15	88.764	88.800	88.716	88.795	5
2026-08-17 08:20	88.790	88.965	88.696	88.946	5
2026-08-17 08:25	88.944	89.030	88.736	88.780	5
2026-08-17 08:30	88.760	88.995	88.664	88.906	5
2026-08-17 08:35	88.905	88.920	88.794	88.866	5
2026-08-17 08:40	88.860	88.875	88.745	88.865	5
2026-08-17 08:45	88.855	88.965	88.666	88.856	5
2026-08-17 08:50	88.854	88.970	88.780	88.936	5
2026-08-17 08:55	88.930	89.040	88.884	89.026	5
2026-08-17 09:00	89.060	89.205	89.006	89.160	5
2026-08-17 09:05	89.165	89.320	89.155	89.296	5
2026-08-17 09:10	89.294	89.415	89.186	89.205	5
2026-08-17 09:15	89.210	89.210	88.935	89.116	5
2026-08-17 09:20	89.115	89.165	88.976	89.026	5
2026-08-17 09:25	89.025	89.120	88.985	89.106	5
2026-08-17 09:30	89.105	89.254	89.014	89.225	5
2026-08-17 09:35	89.220	89.515	89.170	89.495	5
2026-08-17 09:40	89.500	89.525	89.315	89.315	5
2026-08-17 09:45	89.320	89.445	89.166	89.386	5
2026-08-17 09:50	89.385	89.655	89.356	89.636	5
2026-08-17 09:55	89.635	89.650	89.436	89.446	5
2026-08-17 10:00	89.455	89.556	89.356	89.546	5
2026-08-17 10:05	89.540	89.595	89.495	89.536	5
2026-08-17 10:10	89.535	89.600	89.426	89.500	5
2026-08-17 10:15	89.495	89.530	89.385	89.396	5
2026-08-17 10:20	89.380	89.500	89.366	89.380	5
2026-08-17 10:25	89.376	89.570	88.375	88.444	5
2026-08-17 10:30	88.497	89.230	88.345	89.206	5
2026-08-17 10:35	89.205	89.396	89.174	89.375	5
2026-08-17 10:40	89.370	89.435	89.264	89.286	5
2026-08-17 10:45	89.285	89.390	89.245	89.266	5
2026-08-17 10:50	89.265	89.325	88.946	89.090	5
2026-08-17 10:55	89.085	89.350	89.035	89.285	5
2026-08-17 11:00	89.294	89.310	89.186	89.276	5
2026-08-17 11:05	89.265	89.280	88.955	89.046	5
2026-08-17 11:10	89.040	89.275	89.040	89.245	5
2026-08-17 11:15	89.236	89.240	89.085	89.136	5
2026-08-17 11:20	89.135	89.275	89.056	89.150	5
2026-08-17 11:25	89.140	89.245	89.066	89.110	5
2026-08-17 11:30	89.120	89.125	88.905	88.916	5
2026-08-17 11:35	88.925	88.950	88.775	88.855	5
2026-08-17 11:40	88.850	88.985	88.840	88.900	5
2026-08-17 11:45	88.890	89.040	88.846	89.036	5
2026-08-17 11:50	89.030	89.055	88.896	88.925	5
2026-08-17 11:55	88.915	88.930	88.735	88.766	5
2026-08-17 12:00	88.765	88.900	88.736	88.895	5
2026-08-17 12:05	88.890	88.905	88.686	88.770	5
2026-08-17 12:10	88.775	88.796	88.616	88.616	5
2026-08-17 12:15	88.630	88.665	88.526	88.646	5
2026-08-17 12:20	88.640	88.767	88.570	88.686	5
2026-08-17 12:25	88.680	89.425	88.626	89.157	5
2026-08-17 12:30	89.144	89.156	88.816	88.945	5
2026-08-17 12:35	88.935	89.220	88.935	89.126	5
2026-08-17 12:40	89.125	89.380	89.056	89.215	5
2026-08-17 12:45	89.210	89.450	89.186	89.350	5
2026-08-17 12:50	89.340	89.410	89.305	89.330	5
2026-08-17 12:55	89.325	89.380	89.275	89.285	5
2026-08-17 13:00	89.280	89.400	89.056	89.106	5
2026-08-17 13:05	89.104	89.185	88.965	89.025	5
2026-08-17 13:10	89.020	89.060	88.866	88.930	5
2026-08-17 13:15	88.920	88.946	88.704	88.776	5
2026-08-17 13:20	88.775	89.300	88.766	89.125	5
2026-08-17 13:25	89.115	89.170	89.026	89.046	5
2026-08-17 13:30	89.045	89.170	88.955	88.976	5
2026-08-17 13:35	88.970	89.140	88.920	89.046	5
2026-08-17 13:40	89.040	89.116	88.975	89.066	5
2026-08-17 13:45	89.065	89.106	88.996	89.060	5
2026-08-17 13:50	89.065	89.065	88.896	88.965	5
2026-08-17 13:55	88.960	89.045	88.904	88.950	5
2026-08-17 14:00	88.950	89.050	88.706	88.780	5
2026-08-17 14:05	88.786	88.876	88.735	88.736	5
2026-08-17 14:10	88.735	88.895	88.706	88.806	5
2026-08-17 14:15	88.804	88.875	88.736	88.796	5
2026-08-17 14:20	88.790	88.850	88.486	88.766	5
2026-08-17 14:25	88.764	88.860	88.695	88.746	5
2026-08-17 14:30	88.754	88.955	88.696	88.830	5
2026-08-17 14:35	88.815	88.950	88.706	88.865	5
2026-08-17 14:40	88.865	88.880	88.675	88.776	5
2026-08-17 14:45	88.765	88.780	88.615	88.675	5
2026-08-17 14:50	88.674	88.674	88.406	88.556	5
2026-08-17 14:55	88.550	88.595	88.415	88.505	5
2026-08-17 15:00	88.526	88.785	88.510	88.625	5
2026-08-17 15:05	88.620	88.665	88.506	88.636	5
2026-08-17 15:10	88.635	88.715	88.586	88.676	5
2026-08-17 15:15	88.670	88.825	88.656	88.774	5
2026-08-17 15:20	88.764	89.075	88.730	89.026	5
2026-08-17 15:25	89.024	89.100	88.725	88.875	5
2026-08-17 15:30	88.870	89.045	88.855	88.905	5
2026-08-17 15:35	88.910	88.960	88.755	88.776	5
2026-08-17 15:40	88.785	89.015	88.700	88.976	5
2026-08-17 15:45	88.975	89.135	88.916	89.066	5
2026-08-17 15:50	89.074	89.125	88.915	88.930	5
2026-08-17 15:55	88.940	89.135	88.896	89.066	5
2026-08-17 16:00	89.075	89.145	88.886	88.906	5
2026-08-17 16:05	88.905	89.025	88.886	88.935	5
2026-08-17 16:10	88.926	88.960	88.756	88.756	5
2026-08-17 16:15	88.765	88.825	88.686	88.715	5
2026-08-17 16:20	88.716	88.850	88.676	88.826	5
2026-08-17 16:25	88.835	88.870	88.786	88.855	5
2026-08-17 16:30	88.875	89.010	88.856	89.006	5
2026-08-17 16:35	89.015	89.125	88.926	89.085	5
2026-08-17 16:40	89.080	89.100	89.026	89.096	5
2026-08-17 16:45	89.110	89.195	89.085	89.125	5
2026-08-17 16:50	89.126	89.295	89.096	89.266	5
2026-08-17 16:55	89.270	89.290	89.156	89.285	5
2026-08-17 17:00	89.286	89.475	89.235	89.465	5
2026-08-17 17:05	89.475	89.820	89.474	89.546	5
2026-08-17 17:10	89.555	89.800	89.526	89.775	5
2026-08-17 17:15	89.774	90.055	89.774	90.045	5
2026-08-17 17:20	90.050	90.185	89.995	90.155	5
2026-08-17 17:25	90.150	90.410	90.115	90.325	5
2026-08-17 17:30	90.320	90.710	90.276	90.620	5
2026-08-17 17:35	90.625	90.755	90.586	90.736	5
2026-08-17 17:40	90.745	90.755	90.366	90.426	5
2026-08-17 17:45	90.445	90.540	90.356	90.426	5
2026-08-17 17:50	90.460	90.854	90.424	90.845	5
2026-08-17 17:55	90.850	91.175	90.826	91.086	5
2026-08-17 18:00	91.090	91.090	90.786	90.815	5
2026-08-17 18:05	90.820	91.145	90.806	91.126	5
2026-08-17 18:10	91.125	91.126	90.830	90.945	5
2026-08-17 18:15	90.950	90.975	90.866	90.905	5
2026-08-17 18:20	90.904	91.090	90.866	91.016	5
2026-08-17 18:25	91.014	91.014	90.770	90.805	5
2026-08-17 18:30	90.810	90.845	90.615	90.625	5
2026-08-17 18:35	90.615	90.725	90.590	90.620	5
2026-08-17 18:40	90.630	90.670	90.465	90.500	5
2026-08-17 18:45	90.505	90.590	90.470	90.550	5
2026-08-17 18:50	90.540	90.620	90.510	90.595	5
2026-08-17 18:55	90.594	90.595	90.520	90.540	5
2026-08-17 19:00	90.550	90.650	90.490	90.645	5
2026-08-17 19:05	90.640	90.755	90.640	90.725	5
2026-08-17 19:10	90.720	90.740	90.590	90.600	5
2026-08-17 19:15	90.595	90.680	90.595	90.645	5
2026-08-17 19:20	90.640	90.715	90.640	90.666	5
2026-08-17 19:25	90.675	90.704	90.635	90.665	5
2026-08-17 19:30	90.670	90.700	90.555	90.670	5
2026-08-17 19:35	90.665	90.685	90.620	90.680	5
2026-08-17 19:40	90.685	90.700	90.615	90.650	5
2026-08-17 19:45	90.655	90.705	90.620	90.620	5
2026-08-17 19:50	90.610	90.790	90.610	90.756	5
2026-08-17 19:55	90.770	90.825	90.740	90.790	5
2026-08-17 20:00	90.800	90.874	90.654	90.684	5
2026-08-17 20:05	90.684	90.784	90.654	90.784	5
2026-08-17 20:10	90.784	90.874	90.764	90.794	5
2026-08-17 20:15	90.804	90.844	90.774	90.784	5
2026-08-17 20:20	90.764	90.924	90.764	90.884	5
2026-08-17 20:25	90.874	90.974	90.854	90.964	5
2026-08-17 20:30	90.974	91.034	90.944	90.994	5
2026-08-17 20:35	90.974	91.074	90.914	91.054	5
2026-08-17 20:40	91.054	91.114	91.034	91.054	5
2026-08-17 20:45	91.054	91.074	90.994	91.014	5
2026-08-17 20:50	91.024	91.074	90.984	91.024	5
2026-08-17 20:55	91.024	91.074	90.984	91.044	5
2026-08-18 00:00	91.044	91.125	91.030	91.055	5
2026-08-18 00:05	91.060	91.140	91.020	91.140	5
2026-08-18 00:10	91.135	91.145	91.010	91.065	5
2026-08-18 00:15	91.070	91.130	91.010	91.060	5
2026-08-18 00:20	91.067	91.145	91.065	91.145	5
2026-08-18 00:25	91.140	91.145	91.030	91.060	5
2026-08-18 00:30	91.055	91.106	91.025	91.035	5
2026-08-18 00:35	91.030	91.055	90.990	90.990	5
2026-08-18 00:40	90.995	91.005	90.965	90.985	5
2026-08-18 00:45	90.990	91.095	90.955	91.065	5
2026-08-18 00:50	91.060	91.070	90.955	90.995	5
2026-08-18 00:55	91.005	91.040	90.875	90.880	5
2026-08-18 01:00	90.895	91.230	90.720	91.155	5
2026-08-18 01:05	91.165	91.175	90.870	90.875	5
2026-08-18 01:10	90.870	90.910	90.750	90.885	5
2026-08-18 01:15	90.887	91.070	90.865	91.070	5
2026-08-18 01:20	91.090	91.130	91.025	91.035	5
2026-08-18 01:25	91.040	91.075	90.990	91.055	5
2026-08-18 01:30	91.045	91.060	90.926	91.010	5
2026-08-18 01:35	91.005	91.255	90.990	91.250	5
2026-08-18 01:40	91.255	91.345	91.115	91.120	5
2026-08-18 01:45	91.115	91.235	91.095	91.185	5
2026-08-18 01:50	91.190	91.235	91.010	91.070	5
2026-08-18 01:55	91.075	91.115	91.030	91.110	5
2026-08-18 02:00	91.115	91.275	91.100	91.195	5
2026-08-18 02:05	91.205	91.245	91.147	91.190	5
2026-08-18 02:10	91.205	91.245	91.165	91.185	5
2026-08-18 02:15	91.190	91.190	91.105	91.145	5
2026-08-18 02:20	91.140	91.145	91.080	91.100	5
2026-08-18 02:25	91.105	91.170	91.090	91.160	5
2026-08-18 02:30	91.180	91.240	91.085	91.205	5
2026-08-18 02:35	91.207	91.260	91.180	91.240	5
2026-08-18 02:40	91.235	91.345	91.220	91.300	5
2026-08-18 02:45	91.305	91.345	91.195	91.195	5
2026-08-18 02:50	91.200	91.255	91.185	91.250	5
2026-08-18 02:55	91.245	91.295	91.235	91.270	5
2026-08-18 03:00	91.285	91.345	91.245	91.336	5
2026-08-18 03:05	91.335	91.340	91.225	91.275	5
2026-08-18 03:10	91.270	91.475	91.250	91.395	5
2026-08-18 03:15	91.400	91.415	91.315	91.345	5
2026-08-18 03:20	91.346	91.395	91.340	91.380	5
2026-08-18 03:25	91.375	91.385	91.300	91.310	5
2026-08-18 03:30	91.320	91.450	91.315	91.380	5
2026-08-18 03:35	91.375	91.410	91.270	91.340	5
2026-08-18 03:40	91.335	91.410	91.295	91.315	5
2026-08-18 03:45	91.325	91.365	91.290	91.360	5
2026-08-18 03:50	91.365	91.415	91.350	91.415	5
2026-08-18 03:55	91.410	91.516	91.410	91.516	5
2026-08-18 04:00	91.515	91.605	91.470	91.505	5
2026-08-18 04:05	91.510	91.515	91.450	91.510	5
2026-08-18 04:10	91.515	91.540	91.470	91.470	5
2026-08-18 04:15	91.475	91.475	91.345	91.385	5
2026-08-18 04:20	91.405	91.490	91.395	91.450	5
2026-08-18 04:25	91.445	91.480	91.435	91.455	5
2026-08-18 04:30	91.460	91.486	91.455	91.465	5
2026-08-18 04:35	91.470	91.470	91.390	91.395	5
2026-08-18 04:40	91.400	91.426	91.385	91.395	5
2026-08-18 04:45	91.390	91.435	91.385	91.405	5
2026-08-18 04:50	91.410	91.440	91.385	91.390	5
2026-08-18 04:55	91.395	91.425	91.385	91.395	5
2026-08-18 05:00	91.405	91.525	91.390	91.520	5
2026-08-18 05:05	91.515	91.525	91.456	91.470	5
2026-08-18 05:10	91.464	91.480	91.415	91.480	5
2026-08-18 05:15	91.474	91.490	91.445	91.490	5
2026-08-18 05:20	91.480	91.625	91.480	91.510	5
2026-08-18 05:25	91.505	91.506	91.410	91.480	5
2026-08-18 05:30	91.475	91.595	91.335	91.370	5
2026-08-18 05:35	91.360	91.360	91.240	91.335	5
2026-08-18 05:40	91.340	91.395	91.320	91.340	5
2026-08-18 05:45	91.335	91.345	91.185	91.206	5
2026-08-18 05:50	91.205	91.290	91.185	91.260	5
2026-08-18 05:55	91.275	91.385	91.255	91.320	5
2026-08-18 06:00	91.340	91.610	91.340	91.580	5
2026-08-18 06:05	91.585	91.710	91.510	91.675	5
2026-08-18 06:10	91.670	91.700	91.565	91.595	5
2026-08-18 06:15	91.605	91.625	91.504	91.570	5
2026-08-18 06:20	91.580	91.650	91.544	91.615	5
2026-08-18 06:25	91.610	91.745	91.600	91.655	5
2026-08-18 06:30	91.660	91.705	91.625	91.650	5
2026-08-18 06:35	91.656	91.745	91.645	91.740	5
2026-08-18 06:40	91.730	91.820	91.655	91.695	5
2026-08-18 06:45	91.690	91.700	91.537	91.570	5
2026-08-18 06:50	91.575	91.575	91.420	91.450	5
2026-08-18 06:55	91.475	91.555	91.320	91.335	5
2026-08-18 07:00	91.330	91.466	91.286	91.340	5
2026-08-18 07:05	91.345	91.346	91.136	91.156	5
2026-08-18 07:10	91.175	91.190	91.025	91.140	5
2026-08-18 07:15	91.130	91.170	90.980	91.056	5
2026-08-18 07:20	91.070	91.100	90.980	91.006	5
2026-08-18 07:25	91.015	91.020	90.894	90.920	5
2026-08-18 07:30	90.925	91.156	90.906	91.056	5
2026-08-18 07:35	91.050	91.065	90.935	91.025	5
2026-08-18 07:40	91.020	91.140	90.995	91.135	5
2026-08-18 07:45	91.130	91.190	91.035	91.036	5
2026-08-18 07:50	91.070	91.296	91.046	91.155	5
2026-08-18 07:55	91.150	91.290	91.115	91.246	5
2026-08-18 08:00	91.244	91.310	91.155	91.276	5
2026-08-18 08:05	91.275	91.545	91.266	91.285	5
2026-08-18 08:10	91.300	91.306	91.205	91.216	5
2026-08-18 08:15	91.230	91.380	91.116	91.176	5
2026-08-18 08:20	91.185	91.440	91.185	91.280	5
2026-08-18 08:25	91.285	91.340	91.156	91.200	5
2026-08-18 08:30	91.195	91.245	90.930	90.990	5
2026-08-18 08:35	90.980	91.020	90.825	90.935	5
2026-08-18 08:40	90.945	91.010	90.853	90.915	5
2026-08-18 08:45	90.905	91.224	90.896	91.205	5
2026-08-18 08:50	91.200	91.225	90.994	90.995	5
2026-08-18 08:55	91.000	91.064	90.954	90.966	5
2026-08-18 09:00	90.975	90.995	90.886	90.920	5
2026-08-18 09:05	90.916	91.060	90.895	91.046	5
2026-08-18 09:10	91.055	91.070	90.915	90.985	5
2026-08-18 09:15	90.965	90.975	90.914	90.936	5
2026-08-18 09:20	90.925	91.075	90.915	91.046	5
2026-08-18 09:25	91.045	91.110	90.966	91.060	5
2026-08-18 09:30	91.054	91.100	90.865	91.085	5
2026-08-18 09:35	91.090	91.090	90.835	91.005	5
2026-08-18 09:40	91.000	91.065	90.856	90.895	5
2026-08-18 09:45	90.890	91.030	90.874	90.990	5
2026-08-18 09:50	91.000	91.075	90.816	90.826	5
2026-08-18 09:55	90.835	90.860	90.736	90.836	5
2026-08-18 10:00	90.830	90.865	90.766	90.816	5
2026-08-18 10:05	90.836	90.950	90.836	90.916	5
2026-08-18 10:10	90.915	91.060	90.895	90.946	5
2026-08-18 10:15	90.955	91.040	90.906	91.025	5
2026-08-18 10:20	91.030	91.120	91.014	91.046	5
2026-08-18 10:25	91.060	91.090	90.946	90.966	5
2026-08-18 10:30	90.980	91.020	90.805	90.865	5
2026-08-18 10:35	90.870	90.920	90.626	90.645	5
2026-08-18 10:40	90.640	90.695	90.615	90.665	5
2026-08-18 10:45	90.680	90.820	90.605	90.726	5
2026-08-18 10:50	90.725	90.750	90.675	90.726	5
2026-08-18 10:55	90.740	90.786	90.684	90.745	5
2026-08-18 11:00	90.750	90.775	90.660	90.666	5
2026-08-18 11:05	90.680	90.716	90.636	90.696	5
2026-08-18 11:10	90.710	90.805	90.705	90.796	5
2026-08-18 11:15	90.805	90.885	90.726	90.876	5
2026-08-18 11:20	90.890	90.930	90.835	90.915	5
2026-08-18 11:25	90.916	90.955	90.816	90.860	5
2026-08-18 11:30	90.865	90.945	90.795	90.806	5
2026-08-18 11:35	90.790	90.875	90.756	90.820	5
2026-08-18 11:40	90.830	90.940	90.796	90.806	5
2026-08-18 11:45	90.820	91.025	90.795	90.966	5
2026-08-18 11:50	90.975	91.086	90.930	91.036	5
2026-08-18 11:55	91.050	91.105	91.005	91.026	5
2026-08-18 12:00	91.035	91.140	90.885	90.890	5
2026-08-18 12:05	90.880	91.370	90.856	91.346	5
2026-08-18 12:10	91.345	91.350	91.235	91.275	5
2026-08-18 12:15	91.280	91.345	91.190	91.215	5
2026-08-18 12:20	91.240	91.280	91.096	91.136	5
2026-08-18 12:25	91.145	91.205	91.086	91.116	5
2026-08-18 12:30	91.110	91.115	90.975	91.005	5
2026-08-18 12:35	91.015	91.100	90.986	91.096	5
2026-08-18 12:40	91.090	91.205	91.086	91.145	5
2026-08-18 12:45	91.150	91.215	91.056	91.106	5
2026-08-18 12:50	91.120	91.185	91.085	91.166	5
2026-08-18 12:55	91.180	91.235	91.096	91.194	5
2026-08-18 13:00	91.186	91.335	91.096	91.156	5
2026-08-18 13:05	91.170	91.270	91.115	91.126	5
2026-08-18 13:10	91.125	91.196	90.976	90.980	5
2026-08-18 13:15	90.985	91.130	90.975	91.076	5
2026-08-18 13:20	91.075	91.380	91.016	91.366	5
2026-08-18 13:25	91.375	91.475	91.246	91.386	5
2026-08-18 13:30	91.394	91.745	91.026	91.046	5
2026-08-18 13:35	91.055	91.385	91.055	91.196	5
2026-08-18 13:40	91.195	91.275	90.926	91.036	5
2026-08-18 13:45	91.026	91.090	90.716	90.745	5
2026-08-18 13:50	90.750	91.245	90.726	91.215	5
2026-08-18 13:55	91.205	91.275	91.145	91.226	5
2026-08-18 14:00	91.245	91.270	90.905	90.966	5
2026-08-18 14:05	90.980	91.110	90.836	90.950	5
2026-08-18 14:10	90.946	91.100	90.856	90.886	5
2026-08-18 14:15	90.885	90.950	90.826	90.866	5
2026-08-18 14:20	90.880	90.906	90.766	90.856	5
2026-08-18 14:25	90.854	90.970	90.735	90.766	5
2026-08-18 14:30	90.750	90.960	90.706	90.756	5
2026-08-18 14:35	90.775	90.850	90.725	90.736	5
2026-08-18 14:40	90.750	90.915	90.695	90.896	5
2026-08-18 14:45	90.885	90.940	90.785	90.840	5
2026-08-18 14:50	90.845	91.400	90.800	91.286	5
2026-08-18 14:55	91.300	91.510	91.046	91.480	5
2026-08-18 15:00	91.475	91.520	91.030	91.156	5
2026-08-18 15:05	91.155	91.310	91.136	91.236	5
2026-08-18 15:10	91.245	91.250	91.015	91.180	5
2026-08-18 15:15	91.190	91.575	91.190	91.526	5
2026-08-18 15:20	91.525	91.720	91.386	91.676	5
2026-08-18 15:25	91.690	91.790	91.556	91.764	5
2026-08-18 15:30	91.765	91.975	91.726	91.975	5
2026-08-18 15:35	91.965	91.975	91.746	91.785	5
2026-08-18 15:40	91.786	91.910	91.624	91.845	5
2026-08-18 15:45	91.836	91.855	91.685	91.750	5
2026-08-18 15:50	91.736	91.855	91.585	91.625	5
2026-08-18 15:55	91.624	91.650	91.474	91.586	5
2026-08-18 16:00	91.580	91.580	91.386	91.476	5
2026-08-18 16:05	91.485	91.485	91.375	91.446	5
2026-08-18 16:10	91.440	91.445	91.326	91.400	5
2026-08-18 16:15	91.396	91.545	91.316	91.345	5
2026-08-18 16:20	91.340	91.345	91.166	91.266	5
2026-08-18 16:25	91.275	91.480	91.246	91.475	5
2026-08-18 16:30	91.480	91.615	91.424	91.590	5
2026-08-18 16:35	91.600	91.645	91.495	91.495	5
2026-08-18 16:40	91.464	91.510	91.376	91.396	5
2026-08-18 16:45	91.405	91.430	91.336	91.396	5
2026-08-18 16:50	91.386	91.395	91.116	91.130	5
2026-08-18 16:55	91.126	91.245	91.126	91.236	5
2026-08-18 17:00	91.244	91.310	91.175	91.220	5
2026-08-18 17:05	91.216	91.280	91.156	91.166	5
2026-08-18 17:10	91.160	91.280	91.120	91.275	5
2026-08-18 17:15	91.285	91.345	91.135	91.155	5
2026-08-18 17:20	91.160	91.170	91.036	91.106	5
2026-08-18 17:25	91.115	91.260	91.064	91.186	5
2026-08-18 17:30	91.170	91.290	91.146	91.195	5
2026-08-18 17:35	91.200	91.210	91.136	91.156	5
2026-08-18 17:40	91.146	91.225	91.135	91.195	5
2026-08-18 17:45	91.190	91.195	91.066	91.090	5
2026-08-18 17:50	91.085	91.190	91.036	91.096	5
2026-08-18 17:55	91.105	91.180	91.026	91.046	5
2026-08-18 18:00	91.050	91.150	91.010	91.140	5
2026-08-18 18:05	91.145	91.160	90.906	90.926	5
2026-08-18 18:10	90.935	91.000	90.855	90.896	5
2026-08-18 18:15	90.895	91.060	90.864	91.056	5
2026-08-18 18:20	91.070	91.100	90.966	91.095	5
2026-08-18 18:25	91.086	91.125	90.905	90.945	5
2026-08-18 18:30	90.940	91.035	90.845	90.956	5
2026-08-18 18:35	90.970	91.060	90.965	91.000	5
2026-08-18 18:40	90.990	91.045	90.945	91.025	5
2026-08-18 18:45	91.020	91.060	90.965	90.995	5
2026-08-18 18:50	91.000	91.035	90.980	90.995	5
2026-08-18 18:55	90.990	91.015	90.950	90.970	5
2026-08-18 19:00	90.965	91.030	90.950	91.000	5
2026-08-18 19:05	90.985	91.090	90.980	91.065	5
2026-08-18 19:10	91.055	91.060	90.970	91.000	5
2026-08-18 19:15	91.010	91.010	90.905	90.975	5
2026-08-18 19:20	90.980	90.980	90.900	90.934	5
2026-08-18 19:25	90.925	90.970	90.920	90.946	5
2026-08-18 19:30	90.945	90.950	90.920	90.940	5
2026-08-18 19:35	90.935	90.940	90.870	90.880	5
2026-08-18 19:40	90.870	90.930	90.865	90.910	5
2026-08-18 19:45	90.905	90.990	90.900	90.985	5
2026-08-18 19:50	90.980	91.015	90.955	90.960	5
2026-08-18 19:55	90.940	90.980	90.905	90.910	5
2026-08-18 20:00	90.904	90.934	90.864	90.894	5
2026-08-18 20:05	90.904	90.994	90.904	90.984	5
2026-08-18 20:10	90.974	91.054	90.944	91.044	5
2026-08-18 20:15	91.034	91.074	91.014	91.054	5
2026-08-18 20:20	91.044	91.074	91.034	91.044	5
2026-08-18 20:25	91.054	91.074	91.034	91.044	5
2026-08-18 20:30	91.044	91.264	91.002	91.134	5
2026-08-18 20:35	91.144	91.174	91.124	91.134	5
2026-08-18 20:40	91.124	91.304	91.104	91.294	5
2026-08-18 20:45	91.284	91.404	91.234	91.324	5
2026-08-18 20:50	91.344	91.354	91.294	91.314	5
2026-08-18 20:55	91.304	91.324	91.254	91.274	5
2026-08-19 00:00	91.314	91.325	91.237	91.280	5
2026-08-19 00:05	91.290	91.325	91.220	91.295	5
2026-08-19 00:10	91.300	91.365	91.290	91.355	5
2026-08-19 00:15	91.357	91.415	91.350	91.415	5
2026-08-19 00:20	91.414	91.450	91.380	91.430	5
2026-08-19 00:25	91.440	91.730	91.415	91.676	5
2026-08-19 00:30	91.675	91.825	91.610	91.797	5
2026-08-19 00:35	91.795	91.817	91.500	91.505	5
2026-08-19 00:40	91.510	91.640	91.465	91.595	5
2026-08-19 00:45	91.590	91.645	91.535	91.537	5
2026-08-19 00:50	91.535	91.650	91.500	91.640	5
2026-08-19 00:55	91.644	91.660	91.570	91.600	5
2026-08-19 01:00	91.605	91.835	91.550	91.695	5
2026-08-19 01:05	91.700	91.730	91.625	91.700	5
2026-08-19 01:10	91.705	91.840	91.705	91.755	5
2026-08-19 01:15	91.760	91.930	91.690	91.715	5
2026-08-19 01:20	91.710	91.890	91.615	91.810	5
2026-08-19 01:25	91.820	91.940	91.775	91.800	5
2026-08-19 01:30	91.805	91.875	91.780	91.830	5
2026-08-19 01:35	91.820	91.835	91.645	91.675	5
2026-08-19 01:40	91.665	91.780	91.660	91.775	5
2026-08-19 01:45	91.780	91.930	91.765	91.910	5
2026-08-19 01:50	91.915	92.025	91.860	91.905	5
2026-08-19 01:55	91.910	91.925	91.800	91.920	5
2026-08-19 02:00	91.925	91.995	91.845	91.985	5
2026-08-19 02:05	91.980	91.990	91.797	91.810	5
2026-08-19 02:10	91.815	91.855	91.760	91.855	5
2026-08-19 02:15	91.860	91.935	91.835	91.850	5
2026-08-19 02:20	91.835	91.855	91.760	91.785	5
2026-08-19 02:25	91.790	91.835	91.745	91.745	5
2026-08-19 02:30	91.735	91.820	91.690	91.790	5
2026-08-19 02:35	91.795	91.835	91.640	91.660	5
2026-08-19 02:40	91.665	91.670	91.495	91.585	5
2026-08-19 02:45	91.580	91.590	91.515	91.560	5
2026-08-19 02:50	91.570	91.750	91.540	91.650	5
2026-08-19 02:55	91.645	91.695	91.565	91.635	5
2026-08-19 03:00	91.630	91.695	91.617	91.670	5
2026-08-19 03:05	91.675	91.790	91.645	91.765	5
2026-08-19 03:10	91.770	91.805	91.700	91.725	5
2026-08-19 03:15	91.730	91.745	91.630	91.690	5
2026-08-19 03:20	91.705	91.730	91.610	91.705	5
2026-08-19 03:25	91.700	91.770	91.664	91.695	5
2026-08-19 03:30	91.690	91.710	91.595	91.625	5
2026-08-19 03:35	91.630	91.630	91.545	91.565	5
2026-08-19 03:40	91.570	91.610	91.485	91.515	5
2026-08-19 03:45	91.525	91.620	91.510	91.615	5
2026-08-19 03:50	91.610	91.625	91.580	91.595	5
2026-08-19 03:55	91.590	91.600	91.560	91.590	4
2026-08-19 04:00	91.600	91.680	91.595	91.635	5
2026-08-19 04:05	91.640	91.740	91.617	91.740	5
2026-08-19 04:10	91.730	91.790	91.690	91.700	5
2026-08-19 04:15	91.695	91.695	91.620	91.650	5
2026-08-19 04:20	91.660	91.665	91.550	91.555	5
2026-08-19 04:25	91.550	91.615	91.550	91.605	5
2026-08-19 04:30	91.600	91.640	91.570	91.610	5
2026-08-19 04:35	91.600	91.630	91.565	91.600	5
2026-08-19 04:40	91.590	91.600	91.570	91.580	5
2026-08-19 04:45	91.575	91.590	91.565	91.590	5
2026-08-19 04:50	91.595	91.605	91.565	91.595	5
2026-08-19 04:55	91.600	91.600	91.450	91.510	5
2026-08-19 05:00	91.515	91.530	91.456	91.505	5
2026-08-19 05:05	91.510	91.545	91.450	91.505	5
2026-08-19 05:10	91.510	91.605	91.450	91.490	5
2026-08-19 05:15	91.500	91.520	91.445	91.505	5
2026-08-19 05:20	91.510	91.590	91.510	91.555	5
2026-08-19 05:25	91.550	91.590	91.490	91.500	5
2026-08-19 05:30	91.464	91.590	91.420	91.550	5
2026-08-19 05:35	91.555	91.626	91.500	91.575	5
2026-08-19 05:40	91.570	91.665	91.565	91.650	5
2026-08-19 05:45	91.645	91.695	91.555	91.610	5
2026-08-19 05:50	91.615	91.650	91.560	91.600	5
2026-08-19 05:55	91.615	91.690	91.605	91.675	5
2026-08-19 06:00	91.695	91.925	91.640	91.895	5
2026-08-19 06:05	91.900	91.905	91.655	91.750	5
2026-08-19 06:10	91.760	91.810	91.635	91.650	5
2026-08-19 06:15	91.644	91.645	91.485	91.540	5
2026-08-19 06:20	91.545	91.570	91.410	91.555	5
2026-08-19 06:25	91.560	91.570	91.405	91.435	5
2026-08-19 06:30	91.440	91.480	91.305	91.410	5
2026-08-19 06:35	91.420	91.626	91.360	91.626	5
2026-08-19 06:40	91.640	91.645	91.395	91.505	5
2026-08-19 06:45	91.515	91.610	91.480	91.510	5
2026-08-19 06:50	91.505	91.590	91.495	91.560	5
2026-08-19 06:55	91.565	91.600	91.425	91.450	5
2026-08-19 07:00	91.455	91.700	91.450	91.650	5
2026-08-19 07:05	91.645	91.775	91.620	91.670	5
2026-08-19 07:10	91.664	91.710	91.606	91.666	5
2026-08-19 07:15	91.665	91.760	91.575	91.746	5
2026-08-19 07:20	91.755	91.875	91.485	91.556	5
2026-08-19 07:25	91.555	91.580	91.305	91.360	5
2026-08-19 07:30	91.370	91.450	91.276	91.356	5
2026-08-19 07:35	91.350	91.425	91.190	91.276	5
2026-08-19 07:40	91.275	91.335	91.256	91.265	5
2026-08-19 07:45	91.286	91.520	91.256	91.486	5
2026-08-19 07:50	91.484	91.626	91.376	91.550	5
2026-08-19 07:55	91.540	91.660	91.486	91.620	5
2026-08-19 08:00	91.624	91.645	91.445	91.515	5
2026-08-19 08:05	91.540	91.616	91.456	91.510	5
2026-08-19 08:10	91.520	91.560	91.450	91.556	5
2026-08-19 08:15	91.540	91.605	91.415	91.600	5
2026-08-19 08:20	91.605	91.625	91.375	91.435	5
2026-08-19 08:25	91.440	91.455	91.165	91.175	5
2026-08-19 08:30	91.190	91.355	91.135	91.315	5
2026-08-19 08:35	91.310	91.355	91.235	91.266	5
2026-08-19 08:40	91.280	91.320	91.265	91.286	5
2026-08-19 08:45	91.290	91.505	91.284	91.466	5
2026-08-19 08:50	91.465	91.670	91.425	91.500	5
2026-08-19 08:55	91.505	91.960	91.505	91.895	5
2026-08-19 09:00	91.890	92.110	91.746	91.865	5
2026-08-19 09:05	91.870	92.224	91.826	92.185	5
2026-08-19 09:10	92.200	92.360	92.096	92.206	5
2026-08-19 09:15	92.215	92.285	92.136	92.166	5
2026-08-19 09:20	92.180	92.225	91.876	91.890	5
2026-08-19 09:25	91.895	91.950	91.754	91.806	5
2026-08-19 09:30	91.835	91.886	91.604	91.636	5
2026-08-19 09:35	91.650	91.840	91.606	91.826	5
2026-08-19 09:40	91.840	92.015	91.840	91.986	5
2026-08-19 09:45	91.995	92.010	91.686	91.705	5
2026-08-19 09:50	91.710	92.025	91.690	91.995	5
2026-08-19 09:55	92.005	92.056	91.926	91.986	5
2026-08-19 10:00	91.980	92.065	91.915	91.950	5
2026-08-19 10:05	91.960	92.050	91.845	91.905	5
2026-08-19 10:10	91.896	92.040	91.865	92.036	5
2026-08-19 10:15	92.034	92.050	91.835	91.930	5
2026-08-19 10:20	91.935	92.020	91.860	91.925	5
2026-08-19 10:25	91.920	92.090	91.886	92.070	5
2026-08-19 10:30	92.074	92.160	92.046	92.056	5
2026-08-19 10:35	92.070	92.155	92.045	92.056	5
2026-08-19 10:40	92.070	92.070	91.915	91.915	5
2026-08-19 10:45	91.916	91.934	91.796	91.846	5
2026-08-19 10:50	91.855	91.960	91.815	91.886	5
2026-08-19 10:55	91.895	91.916	91.825	91.836	5
2026-08-19 11:00	91.830	91.836	91.700	91.765	5
2026-08-19 11:05	91.760	91.945	91.756	91.934	5
2026-08-19 11:10	91.925	91.935	91.736	91.765	5
2026-08-19 11:15	91.770	91.815	91.636	91.680	5
2026-08-19 11:20	91.685	91.705	91.517	91.586	5
2026-08-19 11:25	91.600	91.650	91.550	91.586	5
2026-08-19 11:30	91.596	91.705	91.574	91.586	5
2026-08-19 11:35	91.585	91.850	91.585	91.805	5
2026-08-19 11:40	91.806	91.920	91.755	91.786	5
2026-08-19 11:45	91.795	91.820	91.665	91.676	5
2026-08-19 11:50	91.675	91.675	91.506	91.546	5
2026-08-19 11:55	91.560	91.575	91.444	91.570	5
2026-08-19 12:00	91.566	91.610	91.496	91.596	5
2026-08-19 12:05	91.605	91.675	91.540	91.605	5
2026-08-19 12:10	91.610	91.625	91.425	91.556	5
2026-08-19 12:15	91.565	91.620	91.340	91.346	5
2026-08-19 12:20	91.355	91.375	91.236	91.290	5
2026-08-19 12:25	91.295	91.375	91.285	91.355	5
2026-08-19 12:30	91.350	91.450	91.120	91.155	5
2026-08-19 12:35	91.160	91.240	90.460	90.525	5
2026-08-19 12:40	90.530	90.995	90.406	90.946	5
2026-08-19 12:45	90.955	91.075	90.794	90.795	5
2026-08-19 12:50	90.790	90.930	90.626	90.626	5
2026-08-19 12:55	90.630	90.955	90.615	90.955	5
2026-08-19 13:00	90.965	91.405	90.896	91.386	5
2026-08-19 13:05	91.385	91.395	91.006	91.106	5
2026-08-19 13:10	91.120	91.190	91.065	91.156	5
2026-08-19 13:15	91.155	91.210	91.074	91.176	5
2026-08-19 13:20	91.195	91.475	91.140	91.375	5
2026-08-19 13:25	91.370	91.450	91.234	91.336	5
2026-08-19 13:30	91.335	91.510	91.265	91.336	5
2026-08-19 13:35	91.350	91.385	91.200	91.245	5
2026-08-19 13:40	91.250	91.515	91.245	91.366	5
2026-08-19 13:45	91.374	91.480	91.326	91.445	5
2026-08-19 13:50	91.460	91.560	91.426	91.506	5
2026-08-19 13:55	91.505	91.590	91.400	91.406	5
2026-08-19 14:00	91.414	91.455	91.265	91.296	5
2026-08-19 14:05	91.295	91.680	91.254	91.510	5
2026-08-19 14:10	91.505	91.640	91.445	91.596	5
2026-08-19 14:15	91.605	91.660	91.546	91.555	5
2026-08-19 14:20	91.550	91.695	91.536	91.595	5
2026-08-19 14:25	91.596	91.705	91.586	91.676	5
2026-08-19 14:30	91.675	91.685	91.395	91.646	5
2026-08-19 14:35	91.660	91.845	91.536	91.575	5
2026-08-19 14:40	91.585	91.885	91.546	91.670	5
2026-08-19 14:45	91.665	91.875	91.625	91.796	5
2026-08-19 14:50	91.815	92.005	91.815	91.865	5
2026-08-19 14:55	91.864	91.915	91.735	91.745	5
2026-08-19 15:00	91.750	92.100	91.695	91.966	5
2026-08-19 15:05	91.965	92.216	91.830	92.176	5
2026-08-19 15:10	92.185	92.195	91.946	92.086	5
2026-08-19 15:15	92.100	92.375	92.096	92.225	5
2026-08-19 15:20	92.230	92.430	92.166	92.286	5
2026-08-19 15:25	92.295	92.435	92.240	92.240	5
2026-08-19 15:30	92.235	92.340	92.130	92.245	5
2026-08-19 15:35	92.260	92.345	92.186	92.345	5
2026-08-19 15:40	92.340	92.345	92.190	92.216	5
2026-08-19 15:45	92.224	92.255	91.976	92.236	5
2026-08-19 15:50	92.265	92.280	92.096	92.175	5
2026-08-19 15:55	92.185	92.230	92.136	92.195	5
2026-08-19 16:00	92.200	92.475	92.185	92.316	5
2026-08-19 16:05	92.330	92.475	92.316	92.366	5
2026-08-19 16:10	92.375	92.450	92.295	92.426	5
2026-08-19 16:15	92.435	92.465	92.365	92.445	5
2026-08-19 16:20	92.455	92.510	92.205	92.216	5
2026-08-19 16:25	92.225	92.245	92.135	92.206	5
2026-08-19 16:30	92.214	92.316	92.155	92.250	5
2026-08-19 16:35	92.246	92.415	92.246	92.366	5
2026-08-19 16:40	92.356	92.445	92.245	92.335	5
2026-08-19 16:45	92.330	92.405	92.266	92.336	5
2026-08-19 16:50	92.335	92.505	92.315	92.476	5
2026-08-19 16:55	92.485	92.615	92.340	92.536	5
2026-08-19 17:00	92.544	92.600	92.475	92.556	5
2026-08-19 17:05	92.565	92.650	92.534	92.645	5
2026-08-19 17:10	92.650	92.785	92.474	92.516	5
2026-08-19 17:15	92.525	92.595	92.445	92.486	5
2026-08-19 17:20	92.505	92.575	92.356	92.375	5
2026-08-19 17:25	92.380	92.384	92.295	92.356	5
2026-08-19 17:30	92.370	92.410	92.156	92.250	5
2026-08-19 17:35	92.240	92.325	92.200	92.206	5
2026-08-19 17:40	92.215	92.235	91.925	92.075	5
2026-08-19 17:45	92.070	92.185	92.046	92.136	5
2026-08-19 17:50	92.125	92.175	92.066	92.076	5
2026-08-19 17:55	92.085	92.210	92.030	92.206	5
2026-08-19 18:00	92.205	92.350	92.125	92.215	5
2026-08-19 18:05	92.220	92.265	92.085	92.106	5
2026-08-19 18:10	92.105	92.120	91.875	91.926	5
2026-08-19 18:15	91.916	91.925	91.786	91.835	5
2026-08-19 18:20	91.815	91.895	91.750	91.836	5
2026-08-19 18:25	91.845	91.875	91.485	91.495	5
2026-08-19 18:30	91.500	91.595	91.380	91.470	5
2026-08-19 18:35	91.460	91.535	91.395	91.400	5
2026-08-19 18:40	91.410	91.420	91.325	91.360	5
2026-08-19 18:45	91.370	91.410	91.330	91.400	5
2026-08-19 18:50	91.405	91.515	91.400	91.486	5
2026-08-19 18:55	91.495	91.615	91.465	91.550	5
2026-08-19 19:00	91.554	91.580	91.480	91.500	5
2026-08-19 19:05	91.490	91.520	91.456	91.456	5
2026-08-19 19:10	91.455	91.540	91.410	91.520	5
2026-08-19 19:15	91.525	91.595	91.450	91.450	5
2026-08-19 19:20	91.445	91.490	91.225	91.240	5
2026-08-19 19:25	91.235	91.290	91.135	91.206	5
2026-08-19 19:30	91.200	91.255	91.140	91.175	5
2026-08-19 19:35	91.170	91.200	91.124	91.150	5
2026-08-19 19:40	91.140	91.205	91.125	91.150	5
2026-08-19 19:45	91.140	91.240	91.140	91.200	5
2026-08-19 19:50	91.190	91.385	91.190	91.385	5
2026-08-19 19:55	91.394	91.480	91.364	91.460	5
2026-08-19 20:00	91.465	91.484	91.344	91.364	5
2026-08-19 20:05	91.374	91.394	91.344	91.364	5
2026-08-19 20:10	91.367	91.384	91.314	91.324	5
2026-08-19 20:15	91.324	91.404	91.314	91.404	5
2026-08-19 20:20	91.404	91.444	91.374	91.414	5
2026-08-19 20:25	91.414	91.444	91.394	91.424	5
2026-08-19 20:30	91.414	91.544	91.414	91.464	5
2026-08-19 20:35	91.464	91.464	91.364	91.434	5
2026-08-19 20:40	91.444	91.544	91.444	91.514	5
2026-08-19 20:45	91.504	91.524	91.404	91.414	5
2026-08-19 20:50	91.424	91.504	91.394	91.474	5
2026-08-19 20:55	91.474	91.584	91.414	91.554	5
2026-08-20 00:00	91.407	91.580	91.407	91.575	5
2026-08-20 00:05	91.570	91.680	91.530	91.670	5
2026-08-20 00:10	91.660	91.880	91.644	91.830	5
2026-08-20 00:15	91.825	91.870	91.750	91.855	5
2026-08-20 00:20	91.860	91.885	91.815	91.840	5
2026-08-20 00:25	91.845	91.885	91.800	91.880	5
2026-08-20 00:30	91.885	91.930	91.800	91.910	5
2026-08-20 00:35	91.930	91.930	91.840	91.875	5
2026-08-20 00:40	91.870	91.910	91.845	91.845	5
2026-08-20 00:45	91.850	91.940	91.845	91.940	5
2026-08-20 00:50	91.935	91.955	91.870	91.890	5
2026-08-20 00:55	91.895	91.920	91.855	91.920	5
2026-08-20 01:00	91.915	92.066	91.804	91.985	5
2026-08-20 01:05	91.980	92.165	91.965	92.160	5
2026-08-20 01:10	92.165	92.275	92.165	92.220	5
2026-08-20 01:15	92.225	92.305	92.040	92.055	5
2026-08-20 01:20	92.050	92.100	91.947	91.955	5
2026-08-20 01:25	91.956	92.025	91.885	91.905	5
2026-08-20 01:30	91.910	91.970	91.730	91.965	5
2026-08-20 01:35	91.960	92.065	91.955	92.000	5
2026-08-20 01:40	91.995	92.150	91.944	92.035	5
2026-08-20 01:45	92.030	92.080	91.960	92.060	5
2026-08-20 01:50	92.065	92.130	92.040	92.065	5
2026-08-20 01:55	92.055	92.215	92.050	92.150	5
2026-08-20 02:00	92.140	92.200	92.024	92.125	5
2026-08-20 02:05	92.135	92.180	92.020	92.105	5
2026-08-20 02:10	92.110	92.125	91.950	91.995	5
2026-08-20 02:15	92.005	92.045	91.970	91.985	5
2026-08-20 02:20	91.990	92.015	91.865	91.875	5
2026-08-20 02:25	91.880	91.975	91.880	91.950	5
2026-08-20 02:30	91.945	91.955	91.774	91.865	5
2026-08-20 02:35	91.850	91.930	91.715	91.830	5
2026-08-20 02:40	91.835	91.860	91.690	91.845	5
2026-08-20 02:45	91.840	91.950	91.690	91.935	5
2026-08-20 02:50	91.945	92.180	91.934	91.975	5
2026-08-20 02:55	91.980	91.980	91.780	91.855	5
2026-08-20 03:00	91.860	91.900	91.765	91.857	5
2026-08-20 03:05	91.855	91.875	91.795	91.835	5
2026-08-20 03:10	91.845	91.855	91.735	91.790	5
2026-08-20 03:15	91.795	91.820	91.725	91.755	5
2026-08-20 03:20	91.756	91.805	91.660	91.715	5
2026-08-20 03:25	91.707	91.735	91.655	91.675	5
2026-08-20 03:30	91.667	91.830	91.660	91.815	5
2026-08-20 03:35	91.810	91.885	91.805	91.825	5
2026-08-20 03:40	91.820	91.895	91.775	91.890	5
2026-08-20 03:45	91.900	91.990	91.875	91.885	5
2026-08-20 03:50	91.880	91.915	91.860	91.875	5
2026-08-20 03:55	91.885	91.910	91.785	91.790	5
2026-08-20 04:00	91.795	91.830	91.755	91.815	5
2026-08-20 04:05	91.825	91.920	91.805	91.895	5
2026-08-20 04:10	91.897	91.960	91.897	91.915	5
2026-08-20 04:15	91.920	91.935	91.895	91.910	5
2026-08-20 04:20	91.915	91.960	91.895	91.960	5
2026-08-20 04:25	91.965	91.970	91.944	91.965	5
2026-08-20 04:30	91.960	92.020	91.935	91.955	5
2026-08-20 04:35	91.950	91.950	91.850	91.855	5
2026-08-20 04:40	91.857	91.900	91.850	91.890	5
2026-08-20 04:45	91.885	91.890	91.740	91.745	5
2026-08-20 04:50	91.750	91.755	91.675	91.725	5
2026-08-20 04:55	91.736	91.800	91.736	91.790	5
2026-08-20 05:00	91.785	91.810	91.735	91.765	5
2026-08-20 05:05	91.760	91.795	91.745	91.770	5
2026-08-20 05:10	91.750	91.775	91.715	91.715	5
2026-08-20 05:15	91.720	91.730	91.625	91.690	5
2026-08-20 05:20	91.695	91.820	91.695	91.750	5
2026-08-20 05:25	91.755	91.800	91.675	91.685	5
2026-08-20 05:30	91.675	91.830	91.665	91.690	5
2026-08-20 05:35	91.685	91.760	91.655	91.730	5
2026-08-20 05:40	91.735	91.860	91.725	91.840	5
2026-08-20 05:45	91.835	91.950	91.835	91.920	5
2026-08-20 05:50	91.940	92.020	91.880	91.905	5
2026-08-20 05:55	91.910	91.957	91.835	91.850	5
2026-08-20 06:00	91.845	91.896	91.740	91.780	5
2026-08-20 06:05	91.785	91.860	91.735	91.835	5
2026-08-20 06:10	91.830	91.840	91.730	91.810	5
2026-08-20 06:15	91.795	91.910	91.754	91.890	5
2026-08-20 06:20	91.895	91.940	91.820	91.840	5
2026-08-20 06:25	91.835	91.970	91.835	91.960	5
2026-08-20 06:30	91.970	92.020	91.890	91.905	5
2026-08-20 06:35	91.900	92.120	91.880	92.110	5
2026-08-20 06:40	92.115	92.115	92.010	92.030	5
2026-08-20 06:45	92.035	92.165	92.035	92.160	5
2026-08-20 06:50	92.150	92.165	92.090	92.140	5
2026-08-20 06:55	92.135	92.220	92.090	92.205	5
2026-08-20 07:00	92.220	92.485	92.210	92.406	5
2026-08-20 07:05	92.415	92.440	92.330	92.425	5
2026-08-20 07:10	92.430	92.575	92.285	92.570	5
2026-08-20 07:15	92.560	92.770	92.476	92.756	5
2026-08-20 07:20	92.755	92.935	92.736	92.846	5
2026-08-20 07:25	92.855	92.965	92.834	92.965	5
2026-08-20 07:30	92.960	93.200	92.915	92.916	5
2026-08-20 07:35	92.915	93.110	92.826	93.056	5
2026-08-20 07:40	93.055	93.140	92.985	93.066	5
2026-08-20 07:45	93.065	93.070	92.906	92.980	5
2026-08-20 07:50	93.005	93.080	92.950	93.025	5
2026-08-20 07:55	93.020	93.080	92.875	92.890	5
2026-08-20 08:00	92.894	92.895	92.486	92.650	5
2026-08-20 08:05	92.660	92.845	92.655	92.795	5
2026-08-20 08:10	92.790	92.860	92.736	92.846	5
2026-08-20 08:15	92.840	93.275	92.825	93.256	5
2026-08-20 08:20	93.255	93.355	93.084	93.336	5
2026-08-20 08:25	93.330	93.515	93.276	93.415	5
2026-08-20 08:30	93.410	93.690	93.395	93.585	5
2026-08-20 08:35	93.595	93.725	93.506	93.566	5
2026-08-20 08:40	93.575	93.736	93.466	93.706	5
2026-08-20 08:45	93.714	93.840	93.605	93.636	5
2026-08-20 08:50	93.644	93.740	93.585	93.615	5
2026-08-20 08:55	93.620	93.740	93.586	93.696	5
2026-08-20 09:00	93.710	93.760	93.574	93.656	5
2026-08-20 09:05	93.655	93.830	93.626	93.725	5
2026-08-20 09:10	93.730	93.965	93.714	93.935	5
2026-08-20 09:15	93.940	93.980	93.794	93.936	5
2026-08-20 09:20	93.935	93.975	93.836	93.905	5
2026-08-20 09:25	93.910	93.975	93.764	93.946	5
2026-08-20 09:30	93.954	93.965	93.786	93.810	5
2026-08-20 09:35	93.806	93.915	93.665	93.685	5
2026-08-20 09:40	93.690	93.850	93.566	93.575	5
2026-08-20 09:45	93.595	93.870	93.556	93.866	5
2026-08-20 09:50	93.864	94.055	93.835	93.935	5
2026-08-20 09:55	93.930	94.050	93.925	93.996	5
2026-08-20 10:00	94.004	94.035	93.675	93.756	5
2026-08-20 10:05	93.765	93.855	93.660	93.836	5
2026-08-20 10:10	93.845	93.935	93.840	93.876	5
2026-08-20 10:15	93.885	93.960	93.776	93.820	5
2026-08-20 10:20	93.815	93.840	93.740	93.766	5
2026-08-20 10:25	93.760	93.835	93.730	93.756	5
2026-08-20 10:30	93.764	93.890	93.764	93.820	5
2026-08-20 10:35	93.825	93.900	93.710	93.886	5
2026-08-20 10:40	93.885	93.960	93.775	93.826	5
2026-08-20 10:45	93.840	93.970	93.825	93.855	5
2026-08-20 10:50	93.875	93.930	93.826	93.890	5
2026-08-20 10:55	93.895	93.915	93.790	93.885	5
2026-08-20 11:00	93.880	93.960	93.806	93.946	5
2026-08-20 11:05	93.955	94.040	93.926	93.955	5
2026-08-20 11:10	93.960	94.035	93.936	93.985	5
2026-08-20 11:15	93.986	94.110	93.980	94.110	5
2026-08-20 11:20	94.105	94.140	94.066	94.096	5
2026-08-20 11:25	94.090	94.180	94.055	94.146	5
2026-08-20 11:30	94.160	94.254	94.156	94.225	5
2026-08-20 11:35	94.235	94.355	94.235	94.245	5
2026-08-20 11:40	94.250	94.315	94.226	94.226	5
2026-08-20 11:45	94.224	94.325	94.126	94.266	5
2026-08-20 11:50	94.295	94.375	94.266	94.275	5
2026-08-20 11:55	94.270	94.405	94.255	94.390	5
2026-08-20 12:00	94.385	94.425	94.325	94.400	5
2026-08-20 12:05	94.396	94.415	94.285	94.376	5
2026-08-20 12:10	94.386	94.605	94.340	94.566	5
2026-08-20 12:15	94.575	94.665	94.555	94.656	5
2026-08-20 12:20	94.660	94.685	94.436	94.476	5
2026-08-20 12:25	94.484	94.615	94.406	94.555	5
2026-08-20 12:30	94.567	94.575	94.455	94.496	5
2026-08-20 12:35	94.505	94.505	94.326	94.340	5
2026-08-20 12:40	94.335	94.345	93.960	94.105	5
2026-08-20 12:45	94.100	94.125	93.766	93.796	5
2026-08-20 12:50	93.805	93.880	93.710	93.855	5
2026-08-20 12:55	93.860	93.875	93.655	93.656	5
2026-08-20 13:00	93.665	93.830	93.655	93.696	5
2026-08-20 13:05	93.690	93.700	93.506	93.526	5
2026-08-20 13:10	93.525	93.750	93.475	93.646	5
2026-08-20 13:15	93.660	93.795	93.536	93.596	5
2026-08-20 13:20	93.604	93.775	93.465	93.735	5
2026-08-20 13:25	93.730	93.915	93.726	93.836	5
2026-08-20 13:30	93.835	94.205	93.785	93.950	5
2026-08-20 13:35	93.955	93.986	93.704	93.786	5
2026-08-20 13:40	93.785	93.885	93.725	93.726	5
2026-08-20 13:45	93.725	93.750	93.496	93.550	5
2026-08-20 13:50	93.540	93.640	93.496	93.576	5
2026-08-20 13:55	93.590	93.720	93.546	93.685	5
2026-08-20 14:00	93.680	93.885	93.646	93.866	5
2026-08-20 14:05	93.865	93.985	93.825	93.886	5
2026-08-20 14:10	93.870	93.910	93.620	93.726	5
2026-08-20 14:15	93.725	93.730	93.326	93.366	5
2026-08-20 14:20	93.385	93.415	92.956	93.106	5
2026-08-20 14:25	93.120	93.230	93.045	93.175	5
2026-08-20 14:30	93.170	93.370	93.166	93.280	5
2026-08-20 14:35	93.285	93.300	93.045	93.090	5
2026-08-20 14:40	93.095	93.415	93.055	93.300	5
2026-08-20 14:45	93.310	93.340	93.155	93.340	5
2026-08-20 14:50	93.345	93.350	93.206	93.246	5
2026-08-20 14:55	93.245	93.325	93.066	93.156	5
2026-08-20 15:00	93.175	93.384	93.114	93.284	5
2026-08-20 15:05	93.294	93.500	93.046	93.096	5
2026-08-20 15:10	93.110	93.430	92.804	93.316	5
2026-08-20 15:15	93.330	93.425	93.286	93.286	5
2026-08-20 15:20	93.285	93.515	93.275	93.490	5
2026-08-20 15:25	93.485	93.615	93.436	93.570	5
2026-08-20 15:30	93.564	93.755	93.425	93.686	5
2026-08-20 15:35	93.695	93.860	93.695	93.796	5
2026-08-20 15:40	93.805	93.935	93.785	93.885	5
2026-08-20 15:45	93.875	93.930	93.626	93.636	5
2026-08-20 15:50	93.670	93.720	93.596	93.645	5
2026-08-20 15:55	93.640	93.680	93.585	93.595	5
2026-08-20 16:00	93.590	93.646	93.416	93.545	5
2026-08-20 16:05	93.535	93.780	93.495	93.735	5
2026-08-20 16:10	93.720	93.750	93.635	93.646	5
2026-08-20 16:15	93.645	93.700	93.560	93.596	5
2026-08-20 16:20	93.605	93.750	93.576	93.696	5
2026-08-20 16:25	93.710	93.715	93.475	93.476	5
2026-08-20 16:30	93.490	93.705	93.436	93.446	5
2026-08-20 16:35	93.445	93.520	93.445	93.476	5
2026-08-20 16:40	93.490	93.510	93.366	93.380	5
2026-08-20 16:45	93.370	93.430	93.215	93.236	5
2026-08-20 16:50	93.235	93.250	93.106	93.106	5
2026-08-20 16:55	93.096	93.130	92.996	93.055	5
2026-08-20 17:00	93.060	93.070	92.844	92.985	5
2026-08-20 17:05	92.984	93.230	92.944	93.176	5
2026-08-20 17:10	93.175	93.315	93.116	93.206	5
2026-08-20 17:15	93.215	93.355	93.130	93.350	5
2026-08-20 17:20	93.346	93.380	93.236	93.266	5
2026-08-20 17:25	93.276	93.385	93.276	93.366	5
2026-08-20 17:30	93.365	93.475	93.355	93.475	5
2026-08-20 17:35	93.480	93.550	93.405	93.466	5
2026-08-20 17:40	93.465	93.555	93.425	93.486	5
2026-08-20 17:45	93.495	93.585	93.476	93.576	5
2026-08-20 17:50	93.575	93.590	93.400	93.416	5
2026-08-20 17:55	93.415	93.470	93.356	93.385	5
2026-08-20 18:00	93.395	93.460	93.326	93.445	5
2026-08-20 18:05	93.444	93.450	93.255	93.296	5
2026-08-20 18:10	93.310	93.425	93.296	93.390	5
2026-08-20 18:15	93.385	93.450	93.305	93.430	5
2026-08-20 18:20	93.426	93.515	93.355	93.416	5
2026-08-20 18:25	93.425	93.905	93.405	93.866	5
2026-08-20 18:30	93.865	93.895	93.645	93.710	5
2026-08-20 18:35	93.705	93.890	93.700	93.820	5
2026-08-20 18:40	93.805	93.865	93.765	93.780	5
2026-08-20 18:45	93.775	93.830	93.740	93.800	5
2026-08-20 18:50	93.795	93.805	93.700	93.720	5
2026-08-20 18:55	93.725	93.780	93.695	93.720	5
2026-08-20 19:00	93.724	93.725	93.650	93.650	5
2026-08-20 19:05	93.640	93.700	93.625	93.650	5
2026-08-20 19:10	93.655	93.660	93.576	93.640	5
2026-08-20 19:15	93.635	93.670	93.575	93.640	5
2026-08-20 19:20	93.635	93.645	93.580	93.590	5
2026-08-20 19:25	93.600	93.610	93.530	93.595	5
2026-08-20 19:30	93.600	93.600	93.520	93.530	5
2026-08-20 19:35	93.525	93.560	93.426	93.435	5
2026-08-20 19:40	93.440	93.515	93.440	93.480	5
2026-08-20 19:45	93.490	93.530	93.470	93.520	5
2026-08-20 19:50	93.525	93.540	93.465	93.470	5
2026-08-20 19:55	93.465	93.510	93.450	93.480	5
2026-08-20 20:00	93.465	93.524	93.394	93.524	5
2026-08-20 20:05	93.504	93.514	93.434	93.444	5
2026-08-20 20:10	93.434	93.464	93.374	93.414	5
2026-08-20 20:15	93.404	93.414	93.384	93.394	5
2026-08-20 20:20	93.384	93.484	93.344	93.444	5
2026-08-20 20:25	93.464	93.554	93.444	93.464	5
2026-08-20 20:30	93.464	93.474	93.404	93.404	5
2026-08-20 20:35	93.414	93.424	93.384	93.394	5
2026-08-20 20:40	93.404	93.434	93.394	93.404	5
2026-08-20 20:45	93.414	93.414	93.384	93.404	5
2026-08-20 20:50	93.394	93.394	93.204	93.214	5
2026-08-20 20:55	93.194	93.214	93.144	93.174	5
2026-08-21 00:00	93.074	93.165	93.054	93.120	5
2026-08-21 00:05	93.115	93.245	93.110	93.175	5
2026-08-21 00:10	93.167	93.250	93.165	93.245	5
2026-08-21 00:15	93.240	93.240	93.110	93.145	5
2026-08-21 00:20	93.135	93.135	93.070	93.115	5
2026-08-21 00:25	93.110	93.190	93.064	93.180	5
2026-08-21 00:30	93.175	93.295	93.165	93.280	5
2026-08-21 00:35	93.275	93.305	93.205	93.280	5
2026-08-21 00:40	93.275	93.346	93.275	93.320	5
2026-08-21 00:45	93.315	93.365	93.315	93.350	5
2026-08-21 00:50	93.340	93.445	93.340	93.440	5
2026-08-21 00:55	93.435	93.460	93.370	93.390	5
2026-08-21 01:00	93.395	93.456	93.275	93.325	5
2026-08-21 01:05	93.320	93.510	93.270	93.485	5
2026-08-21 01:10	93.480	93.680	93.480	93.680	5
2026-08-21 01:15	93.670	93.735	93.540	93.640	5
2026-08-21 01:20	93.620	93.690	93.540	93.660	5
2026-08-21 01:25	93.655	93.725	93.610	93.630	5
2026-08-21 01:30	93.635	93.655	93.555	93.615	5
2026-08-21 01:35	93.620	93.760	93.620	93.730	5
2026-08-21 01:40	93.735	93.875	93.705	93.870	5
2026-08-21 01:45	93.875	93.970	93.855	93.875	5
2026-08-21 01:50	93.885	93.935	93.670	93.675	5
2026-08-21 01:55	93.685	93.745	93.640	93.740	5
2026-08-21 02:00	93.735	93.805	93.706	93.765	5
2026-08-21 02:05	93.755	93.805	93.740	93.755	5
2026-08-21 02:10	93.750	93.795	93.676	93.785	5
2026-08-21 02:15	93.795	93.820	93.755	93.755	5
2026-08-21 02:20	93.760	93.770	93.680	93.690	5
2026-08-21 02:25	93.705	93.790	93.695	93.785	5
2026-08-21 02:30	93.780	93.810	93.635	93.695	5
2026-08-21 02:35	93.705	93.810	93.675	93.770	5
2026-08-21 02:40	93.775	93.820	93.674	93.674	5
2026-08-21 02:45	93.655	93.755	93.624	93.710	5
2026-08-21 02:50	93.715	93.775	93.620	93.665	5
2026-08-21 02:55	93.675	93.685	93.545	93.575	5
2026-08-21 03:00	93.570	93.605	93.470	93.600	5
2026-08-21 03:05	93.595	93.610	93.515	93.525	5
2026-08-21 03:10	93.530	93.600	93.475	93.485	5
2026-08-21 03:15	93.480	93.590	93.460	93.585	5
2026-08-21 03:20	93.580	93.585	93.515	93.545	5
2026-08-21 03:25	93.555	93.565	93.400	93.425	5
2026-08-21 03:30	93.420	93.540	93.415	93.535	5
2026-08-21 03:35	93.540	93.595	93.530	93.540	5
2026-08-21 03:40	93.545	93.595	93.545	93.580	5
2026-08-21 03:45	93.585	93.640	93.555	93.640	5
2026-08-21 03:50	93.635	93.650	93.590	93.595	5
2026-08-21 03:55	93.590	93.595	93.500	93.510	5
2026-08-21 04:00	93.515	93.550	93.440	93.470	5
2026-08-21 04:05	93.475	93.506	93.415	93.506	5
2026-08-21 04:10	93.515	93.535	93.500	93.515	5
2026-08-21 04:15	93.510	93.526	93.475	93.505	5
2026-08-21 04:20	93.510	93.550	93.510	93.520	5
2026-08-21 04:25	93.510	93.565	93.510	93.555	5
2026-08-21 04:30	93.550	93.575	93.540	93.550	5
2026-08-21 04:35	93.540	93.580	93.540	93.570	5
2026-08-21 04:40	93.565	93.585	93.490	93.495	5
2026-08-21 04:45	93.484	93.510	93.484	93.484	5
2026-08-21 04:50	93.434	93.434	93.380	93.390	3
2026-08-21 04:55	93.405	93.405	93.260	93.265	5
2026-08-21 05:00	93.270	93.275	93.176	93.210	5
2026-08-21 05:05	93.205	93.230	93.145	93.230	5
2026-08-21 05:10	93.225	93.250	93.190	93.250	5
2026-08-21 05:15	93.260	93.340	93.250	93.310	5
2026-08-21 05:20	93.305	93.350	93.275	93.330	5
2026-08-21 05:25	93.325	93.495	93.325	93.490	5
2026-08-21 05:30	93.485	93.536	93.380	93.440	5
2026-08-21 05:35	93.435	93.455	93.347	93.360	5
2026-08-21 05:40	93.355	93.480	93.330	93.455	5
2026-08-21 05:45	93.445	93.505	93.345	93.500	5
2026-08-21 05:50	93.505	93.505	93.250	93.265	5
2026-08-21 05:55	93.270	93.275	93.150	93.210	5
2026-08-21 06:00	93.200	93.300	93.130	93.275	5
2026-08-21 06:05	93.280	93.335	93.190	93.270	5
2026-08-21 06:10	93.265	93.385	93.176	93.236	5
2026-08-21 06:15	93.235	93.295	93.190	93.260	5
2026-08-21 06:20	93.265	93.360	93.250	93.330	5
2026-08-21 06:25	93.335	93.500	93.330	93.435	5
2026-08-21 06:30	93.445	93.500	93.330	93.385	5
2026-08-21 06:35	93.390	93.445	93.345	93.400	5
2026-08-21 06:40	93.410	93.480	93.355	93.450	5
2026-08-21 06:45	93.440	93.465	93.320	93.426	5
2026-08-21 06:50	93.425	93.555	93.400	93.470	5
2026-08-21 06:55	93.465	93.470	93.320	93.365	5
2026-08-21 07:00	93.374	93.480	93.140	93.166	5
2026-08-21 07:05	93.160	93.465	93.135	93.435	5
2026-08-21 07:10	93.430	93.525	93.206	93.215	5
2026-08-21 07:15	93.210	93.425	93.200	93.366	5
2026-08-21 07:20	93.365	93.415	93.246	93.296	5
2026-08-21 07:25	93.310	93.520	93.296	93.516	5
2026-08-21 07:30	93.490	93.535	93.336	93.390	5
2026-08-21 07:35	93.385	93.545	93.366	93.436	5
2026-08-21 07:40	93.435	93.540	93.344	93.535	5
2026-08-21 07:45	93.526	93.526	93.215	93.285	5
2026-08-21 07:50	93.280	93.436	93.270	93.436	5
2026-08-21 07:55	93.430	93.576	93.425	93.476	5
2026-08-21 08:00	93.460	93.780	93.445	93.646	5
2026-08-21 08:05	93.644	93.855	93.586	93.675	5
2026-08-21 08:10	93.666	93.675	93.455	93.495	5
2026-08-21 08:15	93.500	93.585	93.260	93.290	5
2026-08-21 08:20	93.285	93.435	93.215	93.216	5
2026-08-21 08:25	93.215	93.265	93.065	93.165	5
2026-08-21 08:30	93.157	93.440	93.125	93.366	5
2026-08-21 08:35	93.355	93.365	93.104	93.255	5
2026-08-21 08:40	93.250	93.285	93.015	93.176	5
2026-08-21 08:45	93.175	93.240	93.065	93.100	5
2026-08-21 08:50	93.105	93.106	92.955	93.046	5
2026-08-21 08:55	93.044	93.080	92.886	92.906	5
2026-08-21 09:00	92.905	92.950	92.734	92.756	5
2026-08-21 09:05	92.765	92.940	92.756	92.826	5
2026-08-21 09:10	92.845	93.065	92.845	93.016	5
2026-08-21 09:15	92.995	93.135	92.995	93.086	5
2026-08-21 09:20	93.105	93.165	93.044	93.136	5
2026-08-21 09:25	93.145	93.185	93.075	93.146	5
2026-08-21 09:30	93.130	93.235	92.946	93.235	5
2026-08-21 09:35	93.240	93.355	93.185	93.195	5
2026-08-21 09:40	93.180	93.290	93.154	93.246	5
2026-08-21 09:45	93.255	93.340	93.236	93.330	5
2026-08-21 09:50	93.320	93.515	93.286	93.430	5
2026-08-21 09:55	93.425	93.470	93.296	93.470	5
2026-08-21 10:00	93.475	93.825	93.475	93.825	5
2026-08-21 10:05	93.824	94.195	93.775	93.966	5
2026-08-21 10:10	93.975	94.304	93.966	94.126	5
2026-08-21 10:15	94.115	94.160	93.886	94.046	5
2026-08-21 10:20	94.045	94.156	93.836	93.846	5
2026-08-21 10:25	93.845	93.846	93.436	93.436	5
2026-08-21 10:30	93.435	93.704	93.434	93.656	5
2026-08-21 10:35	93.670	93.685	93.506	93.660	5
2026-08-21 10:40	93.650	93.690	93.576	93.665	5
2026-08-21 10:45	93.666	93.845	93.606	93.810	5
2026-08-21 10:50	93.830	93.890	93.775	93.806	5
2026-08-21 10:55	93.815	93.966	93.800	93.855	5
2026-08-21 11:00	93.866	94.005	93.830	93.945	5
2026-08-21 11:05	93.944	94.055	93.916	94.055	5
2026-08-21 11:10	94.050	94.055	93.936	94.046	5
2026-08-21 11:15	94.054	94.116	93.980	94.026	5
2026-08-21 11:20	94.020	94.020	93.355	93.455	5
2026-08-21 11:25	93.460	93.585	93.265	93.346	5
2026-08-21 11:30	93.345	93.440	93.226	93.246	5
2026-08-21 11:35	93.244	93.326	93.006	93.216	5
2026-08-21 11:40	93.225	93.465	93.220	93.375	5
2026-08-21 11:45	93.370	93.556	93.326	93.556	5
2026-08-21 11:50	93.555	93.800	93.555	93.756	5
2026-08-21 11:55	93.770	93.930	93.746	93.906	5
2026-08-21 12:00	93.940	94.025	93.876	93.940	5
2026-08-21 12:05	93.950	93.970	93.795	93.890	5
2026-08-21 12:10	93.880	94.150	93.876	94.136	5
2026-08-21 12:15	94.135	94.170	94.045	94.090	5
2026-08-21 12:20	94.085	94.400	94.085	94.265	5
2026-08-21 12:25	94.264	94.300	94.065	94.100	5
2026-08-21 12:30	94.110	94.120	93.946	93.946	5
2026-08-21 12:35	93.955	94.036	93.915	93.955	5
2026-08-21 12:40	93.965	94.040	93.836	93.876	5
2026-08-21 12:45	93.895	94.120	93.865	94.015	5
2026-08-21 12:50	94.016	94.195	94.016	94.125	5
2026-08-21 12:55	94.116	94.116	93.916	93.930	5
2026-08-21 13:00	93.934	93.940	93.635	93.716	5
2026-08-21 13:05	93.725	94.020	93.696	93.876	5
2026-08-21 13:10	93.880	93.946	93.796	93.946	5
2026-08-21 13:15	93.945	94.315	93.855	94.020	5
2026-08-21 13:20	94.016	94.280	93.925	94.246	5
2026-08-21 13:25	94.245	94.245	94.020	94.090	5
2026-08-21 13:30	94.085	94.240	93.905	94.085	5
2026-08-21 13:35	94.090	94.270	93.916	93.955	5
2026-08-21 13:40	93.950	94.080	93.895	93.915	5
2026-08-21 13:45	93.935	93.945	93.725	93.746	5
2026-08-21 13:50	93.744	93.800	93.675	93.775	5
2026-08-21 13:55	93.774	93.775	93.645	93.675	5
2026-08-21 14:00	93.680	93.730	93.526	93.606	5
2026-08-21 14:05	93.605	93.750	93.576	93.685	5
2026-08-21 14:10	93.684	93.880	93.666	93.880	5
2026-08-21 14:15	93.876	93.925	93.516	93.616	5
2026-08-21 14:20	93.625	93.805	93.615	93.706	5
2026-08-21 14:25	93.700	93.756	93.586	93.636	5
2026-08-21 14:30	93.644	94.060	93.606	94.055	5
2026-08-21 14:35	94.066	94.070	93.656	93.820	5
2026-08-21 14:40	93.815	93.820	93.625	93.726	5
2026-08-21 14:45	93.740	93.860	93.726	93.826	5
2026-08-21 14:50	93.810	94.000	93.705	93.875	5
2026-08-21 14:55	93.880	94.015	93.846	93.876	5
2026-08-21 15:00	93.885	93.960	93.650	93.726	5
2026-08-21 15:05	93.725	93.735	93.526	93.680	5
2026-08-21 15:10	93.676	94.070	93.646	93.995	5
2026-08-21 15:15	94.005	94.190	93.866	94.186	5
2026-08-21 15:20	94.185	94.225	94.025	94.026	5
2026-08-21 15:25	94.055	94.110	93.816	93.840	5
2026-08-21 15:30	93.835	94.124	93.776	94.086	5
2026-08-21 15:35	94.095	94.320	94.025	94.245	5
2026-08-21 15:40	94.250	94.440	94.246	94.295	5
2026-08-21 15:45	94.290	94.320	94.085	94.136	5
2026-08-21 15:50	94.160	94.320	94.096	94.145	5
2026-08-21 15:55	94.140	94.315	94.125	94.245	5
2026-08-21 16:00	94.250	94.370	94.195	94.275	5
2026-08-21 16:05	94.296	94.435	94.266	94.290	5
2026-08-21 16:10	94.295	94.320	94.186	94.246	5
2026-08-21 16:15	94.245	94.276	94.166	94.206	5
2026-08-21 16:20	94.220	94.305	93.784	93.945	5
2026-08-21 16:25	93.950	94.000	93.856	93.965	5
2026-08-21 16:30	93.970	94.000	93.876	93.946	5
2026-08-21 16:35	93.955	94.190	93.926	94.186	5
2026-08-21 16:40	94.180	94.286	94.166	94.185	5
2026-08-21 16:45	94.190	94.275	94.086	94.086	5
2026-08-21 16:50	94.085	94.185	94.005	94.166	5
2026-08-21 16:55	94.165	94.240	94.155	94.236	5
2026-08-21 17:00	94.235	94.376	94.216	94.250	5
2026-08-21 17:05	94.245	94.485	94.235	94.435	5
2026-08-21 17:10	94.425	94.630	94.385	94.526	5
2026-08-21 17:15	94.545	94.620	94.490	94.556	5
2026-08-21 17:20	94.555	94.590	94.405	94.580	5
2026-08-21 17:25	94.585	94.665	94.535	94.635	5
2026-08-21 17:30	94.640	94.805	94.615	94.636	5
2026-08-21 17:35	94.654	94.670	94.495	94.615	5
2026-08-21 17:40	94.620	94.660	94.466	94.466	5
2026-08-21 17:45	94.465	94.570	94.436	94.496	5
2026-08-21 17:50	94.505	94.560	94.446	94.555	5
2026-08-21 17:55	94.556	94.660	94.556	94.615	5
2026-08-21 18:00	94.620	94.620	94.385	94.425	5
2026-08-21 18:05	94.425	94.445	94.266	94.325	5
2026-08-21 18:10	94.320	94.490	94.286	94.365	5
2026-08-21 18:15	94.366	94.596	94.365	94.566	5
2026-08-21 18:20	94.560	94.610	94.495	94.496	5
2026-08-21 18:25	94.505	94.586	94.255	94.366	5
2026-08-21 18:30	94.380	94.420	94.255	94.305	5
2026-08-21 18:35	94.315	94.365	94.215	94.230	5
2026-08-21 18:40	94.225	94.230	94.165	94.200	5
2026-08-21 18:45	94.195	94.210	94.135	94.150	5
2026-08-21 18:50	94.180	94.335	94.160	94.240	5
2026-08-21 18:55	94.235	94.280	94.200	94.220	5
2026-08-21 19:00	94.210	94.210	94.020	94.060	5
2026-08-21 19:05	94.065	94.080	94.025	94.025	5
2026-08-21 19:10	94.020	94.040	93.970	94.030	5
2026-08-21 19:15	94.035	94.150	94.035	94.090	5
2026-08-21 19:20	94.085	94.085	94.000	94.040	5
2026-08-21 19:25	94.035	94.090	94.020	94.040	5
2026-08-21 19:30	94.035	94.075	94.015	94.070	5
2026-08-21 19:35	94.075	94.130	93.965	93.990	5
2026-08-21 19:40	94.000	94.020	93.930	94.005	5
2026-08-21 19:45	94.010	94.080	93.965	93.970	5
2026-08-21 19:50	93.980	94.030	93.930	93.935	5
2026-08-21 19:55	93.940	93.940	93.845	93.880	5
2026-08-21 20:00	93.870	93.882	93.812	93.877	5
2026-08-21 20:05	93.882	93.927	93.857	93.887	5
2026-08-21 20:10	93.902	93.937	93.877	93.877	5
2026-08-21 20:15	93.872	93.902	93.847	93.897	5
2026-08-21 20:20	93.902	94.072	93.882	94.007	5
2026-08-21 20:25	94.012	94.092	94.012	94.057	5
2026-08-21 20:30	94.052	94.052	93.962	93.982	5
2026-08-21 20:35	93.977	94.032	93.957	93.987	5
2026-08-21 20:40	93.992	94.037	93.947	94.022	5
2026-08-21 20:45	94.027	94.042	93.902	93.952	5
2026-08-21 20:50	93.957	93.982	93.892	93.907	5
2026-08-21 20:55	93.912	93.922	93.842	93.857	5
2026-08-24 00:00	93.282	93.345	93.257	93.300	5
2026-08-24 00:05	93.305	93.535	93.295	93.425	5
2026-08-24 00:10	93.415	93.460	93.350	93.445	5
2026-08-24 00:15	93.440	93.450	93.305	93.325	5
2026-08-24 00:20	93.330	93.385	93.230	93.235	5
2026-08-24 00:25	93.240	93.290	93.195	93.230	5
2026-08-24 00:30	93.225	93.250	93.145	93.155	5
2026-08-24 00:35	93.175	93.220	93.047	93.085	5
2026-08-24 00:40	93.080	93.080	92.890	92.900	5
2026-08-24 00:45	92.905	93.125	92.895	93.100	5
2026-08-24 00:50	93.095	93.125	93.065	93.080	5
2026-08-24 00:55	93.090	93.125	93.030	93.115	5
2026-08-24 01:00	93.120	93.120	92.500	92.645	5
2026-08-24 01:05	92.640	92.740	92.510	92.520	5
2026-08-24 01:10	92.515	92.685	92.510	92.585	5
2026-08-24 01:15	92.580	92.625	92.255	92.325	5
2026-08-24 01:20	92.317	92.365	92.095	92.095	5
2026-08-24 01:25	92.105	92.370	92.020	92.365	5
2026-08-24 01:30	92.370	92.620	92.297	92.595	5
2026-08-24 01:35	92.600	92.625	92.515	92.575	5
2026-08-24 01:40	92.570	92.705	92.525	92.535	5
2026-08-24 01:45	92.530	92.645	92.480	92.575	5
2026-08-24 01:50	92.577	92.700	92.575	92.665	5
2026-08-24 01:55	92.670	92.695	92.605	92.635	5
2026-08-24 02:00	92.630	92.630	92.475	92.550	5
2026-08-24 02:05	92.565	92.690	92.555	92.685	5
2026-08-24 02:10	92.680	92.760	92.630	92.655	5
2026-08-24 02:15	92.645	92.685	92.630	92.665	5
2026-08-24 02:20	92.660	92.805	92.655	92.805	5
2026-08-24 02:25	92.810	92.840	92.785	92.840	5
2026-08-24 02:30	92.850	93.080	92.850	93.030	5
2026-08-24 02:35	93.035	93.085	92.920	92.945	5
2026-08-24 02:40	92.917	92.975	92.880	92.935	5
2026-08-24 02:45	92.965	92.965	92.800	92.865	5
2026-08-24 02:50	92.870	93.005	92.820	92.995	5
2026-08-24 02:55	92.990	93.115	92.950	93.075	5
2026-08-24 03:00	93.080	93.175	93.060	93.160	5
2026-08-24 03:05	93.170	93.225	93.070	93.085	5
2026-08-24 03:10	93.090	93.150	93.035	93.055	5
2026-08-24 03:15	93.065	93.155	93.057	93.130	5
2026-08-24 03:20	93.120	93.210	93.075	93.130	5
2026-08-24 03:25	93.117	93.165	93.100	93.145	5
2026-08-24 03:30	93.140	93.205	93.125	93.145	5
2026-08-24 03:35	93.150	93.175	93.125	93.130	5
2026-08-24 03:40	93.135	93.165	93.120	93.140	5
2026-08-24 03:45	93.135	93.135	93.045	93.080	5
2026-08-24 03:50	93.085	93.095	93.000	93.015	4
2026-08-24 03:55	93.010	93.055	92.995	93.035	5
2026-08-24 04:00	93.030	93.170	93.015	93.125	5
2026-08-24 04:05	93.130	93.145	93.085	93.085	5
2026-08-24 04:10	93.080	93.085	93.005	93.005	5
2026-08-24 04:15	93.000	93.035	93.000	93.025	5
2026-08-24 04:20	93.030	93.055	93.000	93.025	5
2026-08-24 04:25	93.015	93.060	92.965	93.047	5
2026-08-24 04:30	93.055	93.055	92.990	93.045	5
2026-08-24 04:35	93.050	93.130	92.955	93.125	5
2026-08-24 04:40	93.120	93.135	93.015	93.055	5
2026-08-24 04:45	93.045	93.200	93.045	93.175	5
2026-08-24 04:50	93.170	93.210	93.085	93.085	5
2026-08-24 04:55	93.087	93.105	93.040	93.055	5
2026-08-24 05:00	93.070	93.130	93.005	93.075	5
2026-08-24 05:05	93.060	93.075	93.035	93.040	5
2026-08-24 05:10	93.050	93.110	93.035	93.105	5
2026-08-24 05:15	93.095	93.105	93.035	93.055	5
2026-08-24 05:20	93.060	93.080	92.950	93.015	5
2026-08-24 05:25	93.005	93.030	92.965	93.010	5
2026-08-24 05:30	92.990	93.120	92.895	93.035	5
2026-08-24 05:35	93.030	93.075	92.965	93.045	5
2026-08-24 05:40	93.035	93.220	92.985	93.220	5
2026-08-24 05:45	93.230	93.250	93.080	93.125	5
2026-08-24 05:50	93.130	93.185	93.100	93.160	5
2026-08-24 05:55	93.140	93.230	93.015	93.060	5
2026-08-24 06:00	93.050	93.140	92.950	92.950	5
2026-08-24 06:05	92.945	93.005	92.795	92.940	5
2026-08-24 06:10	92.935	92.935	92.755	92.765	5
2026-08-24 06:15	92.755	92.845	92.680	92.820	5
2026-08-24 06:20	92.810	92.865	92.765	92.775	5
2026-08-24 06:25	92.770	92.940	92.765	92.930	5
2026-08-24 06:30	92.920	92.965	92.720	92.780	5
2026-08-24 06:35	92.770	92.805	92.685	92.720	5
2026-08-24 06:40	92.695	92.800	92.645	92.760	5
2026-08-24 06:45	92.780	92.975	92.775	92.880	5
2026-08-24 06:50	92.885	92.885	92.720	92.755	5
2026-08-24 06:55	92.775	92.830	92.685	92.700	5
2026-08-24 07:00	92.710	92.840	92.630	92.730	5
2026-08-24 07:05	92.725	92.775	92.600	92.610	5
2026-08-24 07:10	92.605	92.760	92.590	92.760	5
2026-08-24 07:15	92.770	92.845	92.680	92.760	5
2026-08-24 07:20	92.755	92.815	92.710	92.770	5
2026-08-24 07:25	92.780	92.965	92.720	92.900	5
2026-08-24 07:30	92.885	92.950	92.660	92.715	5
2026-08-24 07:35	92.705	92.920	92.583	92.870	5
2026-08-24 07:40	92.865	93.265	92.860	93.105	5
2026-08-24 07:45	93.100	93.305	92.983	93.250	5
2026-08-24 07:50	93.245	93.255	93.015	93.130	5
2026-08-24 07:55	93.135	93.305	93.125	93.300	5
2026-08-24 08:00	93.290	93.290	92.963	93.070	5
2026-08-24 08:05	93.080	93.395	93.070	93.335	5
2026-08-24 08:10	93.350	93.480	93.043	93.210	5
2026-08-24 08:15	93.168	93.380	93.110	93.165	5
2026-08-24 08:20	93.170	93.425	93.165	93.345	5
2026-08-24 08:25	93.350	93.530	93.203	93.345	5
2026-08-24 08:30	93.350	93.370	93.125	93.255	5
2026-08-24 08:35	93.250	93.270	93.083	93.115	5
2026-08-24 08:40	93.120	93.125	92.833	92.930	5
2026-08-24 08:45	92.920	93.100	92.775	92.835	5
2026-08-24 08:50	92.840	92.870	92.520	92.530	5
2026-08-24 08:55	92.535	92.795	92.430	92.790	5
2026-08-24 09:00	92.785	92.830	92.585	92.750	5
2026-08-24 09:05	92.745	92.785	92.655	92.730	5
2026-08-24 09:10	92.740	92.920	92.740	92.890	5
2026-08-24 09:15	92.895	93.210	92.870	93.190	5
2026-08-24 09:20	93.200	93.205	93.055	93.160	5
2026-08-24 09:25	93.165	93.210	93.070	93.125	5
2026-08-24 09:30	93.105	93.140	93.015	93.015	5
2026-08-24 09:35	93.025	93.040	92.850	92.870	5
2026-08-24 09:40	92.865	93.060	92.850	93.060	5
2026-08-24 09:45	93.055	93.055	92.728	92.870	5
2026-08-24 09:50	92.865	92.945	92.830	92.840	5
2026-08-24 09:55	92.835	92.885	92.710	92.880	5
2026-08-24 10:00	92.885	92.945	92.760	92.815	5
2026-08-24 10:05	92.805	92.835	92.670	92.730	5
2026-08-24 10:10	92.725	92.835	92.710	92.805	5
2026-08-24 10:15	92.790	92.825	92.720	92.770	5
2026-08-24 10:20	92.785	92.825	92.650	92.755	5
2026-08-24 10:25	92.760	92.845	92.655	92.710	5
2026-08-24 10:30	92.705	92.745	92.605	92.650	5
2026-08-24 10:35	92.660	92.735	92.645	92.660	5
2026-08-24 10:40	92.665	92.930	92.630	92.925	5
2026-08-24 10:45	92.930	93.010	92.897	92.940	5
2026-08-24 10:50	92.920	92.987	92.855	92.925	5
2026-08-24 10:55	92.920	93.040	92.850	93.020	5
2026-08-24 11:00	93.015	93.075	92.820	92.915	5
2026-08-24 11:05	92.920	92.925	92.823	92.915	5
2026-08-24 11:10	92.910	92.945	92.890	92.910	5
2026-08-24 11:15	92.905	93.055	92.880	93.050	5
2026-08-24 11:20	93.045	93.160	92.993	93.140	5
2026-08-24 11:25	93.145	93.240	93.110	93.185	5
2026-08-24 11:30	93.190	93.280	92.918	93.040	5
2026-08-24 11:35	93.025	93.060	92.845	92.915	5
2026-08-24 11:40	92.920	92.970	92.760	92.910	5
2026-08-24 11:45	92.900	92.950	92.805	92.930	5
2026-08-24 11:50	92.945	93.065	92.945	93.005	5
2026-08-24 11:55	93.010	93.050	92.960	92.990	5
2026-08-24 12:00	92.995	93.025	92.933	92.960	5
2026-08-24 12:05	92.945	92.990	92.870	92.990	5
2026-08-24 12:10	93.010	93.120	92.905	93.120	5
2026-08-24 12:15	93.115	93.165	93.023	93.120	5
2026-08-24 12:20	93.125	93.200	92.995	93.010	5
2026-08-24 12:25	93.000	93.070	92.880	93.045	5
2026-08-24 12:30	93.040	93.553	92.950	93.105	5
2026-08-24 12:35	93.110	93.165	92.995	93.085	5
2026-08-24 12:40	93.095	93.185	92.593	93.170	5
2026-08-24 12:45	93.160	93.190	93.020	93.110	5
2026-08-24 12:50	93.115	93.150	93.048	93.100	5
2026-08-24 12:55	93.105	93.270	93.028	93.090	5
2026-08-24 13:00	93.100	93.270	92.990	93.195	5
2026-08-24 13:05	93.190	93.460	93.180	93.310	5
2026-08-24 13:10	93.305	93.390	93.110	93.230	5
2026-08-24 13:15	93.235	93.465	93.235	93.465	5
2026-08-24 13:20	93.460	93.500	93.225	93.350	5
2026-08-24 13:25	93.345	93.630	93.200	93.590	5
2026-08-24 13:30	93.580	93.720	93.405	93.405	5
2026-08-24 13:35	93.410	93.575	93.330	93.400	5
2026-08-24 13:40	93.420	93.460	93.203	93.300	5
2026-08-24 13:45	93.295	93.375	93.070	93.330	5
2026-08-24 13:50	93.340	93.420	92.915	93.010	5
2026-08-24 13:55	93.015	93.220	92.945	92.965	5
2026-08-24 14:00	92.975	93.165	92.895	93.060	5
2026-08-24 14:05	93.050	93.085	92.880	92.920	5
2026-08-24 14:10	92.930	92.990	92.893	92.950	5
2026-08-24 14:15	92.955	92.970	92.700	92.800	5
2026-08-24 14:20	92.805	92.850	92.580	92.685	5
2026-08-24 14:25	92.690	92.740	92.263	92.460	5
2026-08-24 14:30	92.465	92.695	92.450	92.660	5
2026-08-24 14:35	92.665	92.695	92.550	92.600	5
2026-08-24 14:40	92.605	92.835	92.565	92.775	5
2026-08-24 14:45	92.780	92.780	92.573	92.610	5
2026-08-24 14:50	92.605	92.650	92.370	92.420	5
2026-08-24 14:55	92.430	92.585	92.340	92.570	5
2026-08-24 15:00	92.580	92.750	92.545	92.700	5
2026-08-24 15:05	92.690	92.700	92.435	92.580	5
2026-08-24 15:10	92.585	92.700	92.550	92.630	5
2026-08-24 15:15	92.635	92.685	92.553	92.640	5
2026-08-24 15:20	92.635	92.765	92.598	92.715	5
2026-08-24 15:25	92.720	92.750	92.067	92.100	5
2026-08-24 15:30	92.110	92.300	91.938	92.200	5
2026-08-24 15:35	92.185	92.305	92.080	92.295	5
2026-08-24 15:40	92.285	92.435	92.218	92.385	5
2026-08-24 15:45	92.390	92.430	92.315	92.340	5
2026-08-24 15:50	92.335	92.450	92.263	92.390	5
2026-08-24 15:55	92.395	92.410	92.248	92.380	5
2026-08-24 16:00	92.385	92.460	92.263	92.415	5
2026-08-24 16:05	92.410	92.450	92.295	92.440	5
2026-08-24 16:10	92.435	92.495	92.315	92.490	5
2026-08-24 16:15	92.480	92.660	92.470	92.660	5
2026-08-24 16:20	92.665	92.710	92.450	92.480	5
2026-08-24 16:25	92.475	92.705	92.430	92.685	5
2026-08-24 16:30	92.690	92.690	92.540	92.600	5
2026-08-24 16:35	92.610	92.660	92.410	92.625	5
2026-08-24 16:40	92.630	92.755	92.598	92.720	5
2026-08-24 16:45	92.710	92.730	92.585	92.670	5
2026-08-24 16:50	92.685	92.700	92.558	92.580	5
2026-08-24 16:55	92.600	92.650	92.505	92.515	5
2026-08-24 17:00	92.520	92.520	92.233	92.315	5
2026-08-24 17:05	92.325	92.510	91.950	92.285	5
2026-08-24 17:10	92.290	92.345	92.060	92.165	5
2026-08-24 17:15	92.175	92.362	91.900	91.980	5
2026-08-24 17:20	91.985	92.095	91.910	92.070	5
2026-08-24 17:25	92.060	92.120	92.005	92.050	5
2026-08-24 17:30	92.040	92.245	92.020	92.220	5
2026-08-24 17:35	92.215	92.255	92.150	92.155	5
2026-08-24 17:40	92.150	92.170	92.050	92.080	5
2026-08-24 17:45	92.075	92.135	91.975	92.080	5
2026-08-24 17:50	92.075	92.080	91.860	91.890	5
2026-08-24 17:55	91.895	91.950	91.830	91.910	5
2026-08-24 18:00	91.890	91.990	91.775	91.940	5
2026-08-24 18:05	91.935	91.970	91.890	91.930	5
2026-08-24 18:10	91.940	92.005	91.925	91.960	5
2026-08-24 18:15	91.950	91.985	91.840	91.905	5
2026-08-24 18:20	91.920	92.075	91.878	92.075	5
2026-08-24 18:25	92.070	92.220	92.030	92.105	5
2026-08-24 18:30	92.100	92.145	91.985	92.110	5
2026-08-24 18:35	92.115	92.225	92.088	92.200	5
2026-08-24 18:40	92.205	92.275	92.093	92.250	5
2026-08-24 18:45	92.255	92.305	92.195	92.305	5
2026-08-24 18:50	92.295	92.335	92.250	92.290	5
2026-08-24 18:55	92.285	92.290	92.230	92.250	5
2026-08-24 19:00	92.240	92.335	92.220	92.290	5
2026-08-24 19:05	92.280	92.340	92.260	92.280	5
2026-08-24 19:10	92.285	92.300	92.260	92.270	5
2026-08-24 19:15	92.260	92.285	92.250	92.280	5
2026-08-24 19:20	92.270	92.305	92.260	92.270	5
2026-08-24 19:25	92.265	92.270	92.230	92.240	5
2026-08-24 19:30	92.245	92.260	92.140	92.200	5
2026-08-24 19:35	92.210	92.220	92.083	92.105	5
2026-08-24 19:40	92.110	92.125	92.025	92.120	5
2026-08-24 19:45	92.115	92.115	92.020	92.040	5
2026-08-24 19:50	92.050	92.065	91.990	92.040	5
2026-08-24 19:55	92.050	92.060	92.000	92.040	5
2026-08-24 20:00	92.045	92.060	91.962	91.967	5
2026-08-24 20:05	91.962	91.972	91.927	91.932	5
2026-08-24 20:10	91.947	91.997	91.917	91.972	5
2026-08-24 20:15	91.967	91.982	91.927	91.977	5
2026-08-24 20:20	91.982	91.997	91.897	91.937	5
2026-08-24 20:25	91.927	91.947	91.917	91.927	5
2026-08-24 20:30	91.932	91.937	91.873	91.932	5
2026-08-24 20:35	91.927	91.927	91.862	91.872	5
2026-08-24 20:40	91.877	91.917	91.847	91.862	5
2026-08-24 20:45	91.852	91.947	91.837	91.932	5
2026-08-24 20:50	91.937	91.952	91.882	91.897	5
2026-08-24 20:55	91.912	91.992	91.907	91.957	5
2026-08-25 00:00	92.127	92.285	92.097	92.280	5
2026-08-25 00:05	92.265	92.270	92.125	92.125	5
2026-08-25 00:10	92.130	92.157	92.087	92.155	5
2026-08-25 00:15	92.165	92.175	92.075	92.105	5
2026-08-25 00:20	92.095	92.135	92.055	92.075	5
2026-08-25 00:25	92.080	92.110	92.055	92.105	5
2026-08-25 00:30	92.085	92.090	92.015	92.020	5
2026-08-25 00:35	92.030	92.075	92.015	92.065	5
2026-08-25 00:40	92.018	92.070	91.850	91.855	5
2026-08-25 00:45	91.885	91.905	91.860	91.865	5
2026-08-25 00:50	91.870	91.870	91.770	91.825	5
2026-08-25 00:55	91.820	91.820	91.727	91.755	5
2026-08-25 01:00	91.750	92.150	91.695	92.050	5
2026-08-25 01:05	92.045	92.300	91.925	92.275	5
2026-08-25 01:10	92.267	92.355	92.100	92.115	5
2026-08-25 01:15	92.125	92.165	92.055	92.065	5
2026-08-25 01:20	92.055	92.235	91.995	92.185	5
2026-08-25 01:25	92.175	92.330	92.175	92.205	5
2026-08-25 01:30	92.195	92.275	92.028	92.265	5
2026-08-25 01:35	92.260	92.320	92.137	92.310	5
2026-08-25 01:40	92.305	92.420	92.220	92.405	5
2026-08-25 01:45	92.407	92.460	92.320	92.460	5
2026-08-25 01:50	92.455	92.475	92.300	92.315	5
2026-08-25 01:55	92.310	92.470	92.290	92.445	5
2026-08-25 02:00	92.447	92.705	92.395	92.647	5
2026-08-25 02:05	92.645	92.810	92.555	92.645	5
2026-08-25 02:10	92.647	92.885	92.635	92.795	5
2026-08-25 02:15	92.805	92.810	92.695	92.810	5
2026-08-25 02:20	92.815	92.840	92.740	92.785	5
2026-08-25 02:25	92.775	92.805	92.700	92.725	5
2026-08-25 02:30	92.727	92.845	92.715	92.780	5
2026-08-25 02:35	92.785	92.825	92.615	92.615	5
2026-08-25 02:40	92.625	92.715	92.595	92.645	5
2026-08-25 02:45	92.655	92.685	92.570	92.605	5
2026-08-25 02:50	92.615	92.650	92.510	92.535	5
2026-08-25 02:55	92.530	92.645	92.530	92.595	5
2026-08-25 03:00	92.585	92.625	92.515	92.525	5
2026-08-25 03:05	92.517	92.555	92.310	92.325	5
2026-08-25 03:10	92.297	92.387	92.245	92.365	5
2026-08-25 03:15	92.357	92.385	92.150	92.255	5
2026-08-25 03:20	92.260	92.400	92.205	92.395	5
2026-08-25 03:25	92.405	92.415	92.335	92.390	5
2026-08-25 03:30	92.395	92.455	92.360	92.435	5
2026-08-25 03:35	92.445	92.450	92.405	92.420	5
2026-08-25 03:40	92.415	92.445	92.385	92.445	5
2026-08-25 03:45	92.440	92.445	92.405	92.415	5
2026-08-25 03:50	92.425	92.480	92.415	92.440	5
2026-08-25 03:55	92.393	92.475	92.393	92.470	5
2026-08-25 04:00	92.485	92.515	92.445	92.490	5
2026-08-25 04:05	92.505	92.540	92.460	92.480	5
2026-08-25 04:10	92.475	92.480	92.395	92.400	5
2026-08-25 04:15	92.390	92.405	92.268	92.355	5
2026-08-25 04:20	92.350	92.400	92.260	92.285	5
2026-08-25 04:25	92.300	92.300	92.265	92.285	5
2026-08-25 04:30	92.275	92.285	92.235	92.270	5
2026-08-25 04:35	92.275	92.300	92.245	92.255	5
2026-08-25 04:40	92.250	92.250	92.053	92.145	5
2026-08-25 04:45	92.125	92.145	92.100	92.120	5
2026-08-25 04:50	92.115	92.145	92.110	92.115	5
2026-08-25 04:55	92.120	92.135	92.085	92.105	5
2026-08-25 05:00	92.095	92.125	92.040	92.085	5
2026-08-25 05:05	92.090	92.140	92.085	92.130	5
2026-08-25 05:10	92.115	92.115	92.025	92.025	5
2026-08-25 05:15	92.030	92.050	92.000	92.000	5
2026-08-25 05:20	92.010	92.035	91.973	92.020	5
2026-08-25 05:25	92.015	92.035	91.970	92.020	5
2026-08-25 05:30	92.015	92.110	91.875	92.110	5
2026-08-25 05:35	92.120	92.145	92.040	92.085	5
2026-08-25 05:40	92.080	92.080	92.000	92.020	5
2026-08-25 05:45	92.015	92.075	91.700	91.750	5
2026-08-25 05:50	91.760	91.815	91.518	91.620	5
2026-08-25 05:55	91.630	91.635	91.345	91.510	5
2026-08-25 06:00	91.520	91.580	91.290	91.390	5
2026-08-25 06:05	91.385	91.485	91.240	91.360	5
2026-08-25 06:10	91.355	91.395	91.300	91.300	5
2026-08-25 06:15	91.310	91.390	91.245	91.320	5
2026-08-25 06:20	91.315	91.340	91.165	91.180	5
2026-08-25 06:25	91.185	91.380	91.170	91.220	5
2026-08-25 06:30	91.225	91.345	91.140	91.335	5
2026-08-25 06:35	91.330	91.660	91.295	91.640	5
2026-08-25 06:40	91.635	91.640	91.440	91.515	5
2026-08-25 06:45	91.510	91.660	91.510	91.580	5
2026-08-25 06:50	91.575	91.580	91.220	91.240	5
2026-08-25 06:55	91.245	91.360	91.210	91.355	5
2026-08-25 07:00	91.360	91.410	91.273	91.350	5
2026-08-25 07:05	91.360	91.370	91.188	91.330	5
2026-08-25 07:10	91.325	91.550	91.305	91.525	5
2026-08-25 07:15	91.510	91.560	91.348	91.405	5
2026-08-25 07:20	91.410	91.580	91.390	91.570	5
2026-08-25 07:25	91.565	91.670	91.515	91.585	5
2026-08-25 07:30	91.590	91.680	91.540	91.600	5
2026-08-25 07:35	91.590	91.590	91.385	91.440	5
2026-08-25 07:40	91.435	91.600	91.435	91.540	5
2026-08-25 07:45	91.545	91.630	91.470	91.615	5
2026-08-25 07:50	91.605	91.775	91.540	91.710	5
2026-08-25 07:55	91.715	91.765	91.590	91.760	5
2026-08-25 08:00	91.765	91.920	91.740	91.770	5
2026-08-25 08:05	91.760	91.870	91.735	91.770	5
2026-08-25 08:10	91.805	91.810	91.703	91.755	5
2026-08-25 08:15	91.760	91.850	91.668	91.795	5
2026-08-25 08:20	91.800	91.820	90.795	90.815	5
2026-08-25 08:25	90.830	91.200	90.773	91.200	5
2026-08-25 08:30	91.210	91.310	90.563	90.650	5
2026-08-25 08:35	90.645	90.960	90.645	90.825	5
2026-08-25 08:40	90.830	90.930	90.580	90.590	5
2026-08-25 08:45	90.580	90.665	90.443	90.460	5
2026-08-25 08:50	90.455	90.520	90.328	90.385	5
2026-08-25 08:55	90.380	90.380	89.950	90.130	5
2026-08-25 09:00	90.125	90.220	89.995	90.070	5
2026-08-25 09:05	90.055	90.125	89.833	89.910	5
2026-08-25 09:10	89.915	89.990	89.735	89.970	5
2026-08-25 09:15	89.965	90.050	89.645	89.760	5
2026-08-25 09:20	89.750	89.770	89.555	89.680	5
2026-08-25 09:25	89.670	89.810	89.665	89.765	5
2026-08-25 09:30	89.760	89.795	89.415	89.460	5
2026-08-25 09:35	89.450	89.550	89.258	89.285	5
2026-08-25 09:40	89.290	89.510	89.208	89.370	5
2026-08-25 09:45	89.380	89.440	89.100	89.110	5
2026-08-25 09:50	89.105	89.230	89.038	89.095	5
2026-08-25 09:55	89.090	89.245	89.035	89.105	5
2026-08-25 10:00	89.135	89.560	89.115	89.550	5
2026-08-25 10:05	89.545	89.670	89.468	89.525	5
2026-08-25 10:10	89.520	89.580	89.380	89.415	5
2026-08-25 10:15	89.410	89.425	89.290	89.320	5
2026-08-25 10:20	89.315	89.460	89.283	89.435	5
2026-08-25 10:25	89.430	89.500	89.323	89.400	5
2026-08-25 10:30	89.350	89.550	89.305	89.440	5
2026-08-25 10:35	89.435	89.470	89.298	89.390	5
2026-08-25 10:40	89.385	89.635	89.315	89.630	5
2026-08-25 10:45	89.625	89.640	89.485	89.565	5
2026-08-25 10:50	89.560	89.680	89.515	89.635	5
2026-08-25 10:55	89.630	89.650	89.485	89.505	5
2026-08-25 11:00	89.510	89.580	89.360	89.440	5
2026-08-25 11:05	89.435	89.803	89.433	89.710	5
2026-08-25 11:10	89.700	89.750	89.510	89.510	5
2026-08-25 11:15	89.515	89.685	89.483	89.660	5
2026-08-25 11:20	89.655	89.770	89.533	89.570	5
2026-08-25 11:25	89.575	89.690	89.533	89.645	5
2026-08-25 11:30	89.650	89.650	89.423	89.470	5
2026-08-25 11:35	89.465	89.590	89.428	89.450	5
2026-08-25 11:40	89.460	89.540	89.280	89.320	5
2026-08-25 11:45	89.305	89.310	88.985	88.995	5
2026-08-25 11:50	88.985	89.160	88.968	89.100	5
2026-08-25 11:55	89.090	89.200	88.958	89.070	5
2026-08-25 12:00	89.060	89.110	89.005	89.015	5
2026-08-25 12:05	89.010	89.110	88.985	89.030	5
2026-08-25 12:10	89.020	89.445	88.968	89.405	5
2026-08-25 12:15	89.395	89.480	89.245	89.360	5
2026-08-25 12:20	89.365	89.630	89.338	89.630	5
2026-08-25 12:25	89.610	89.670	89.335	89.370	5
2026-08-25 12:30	89.365	89.490	89.280	89.315	5
2026-08-25 12:35	89.350	89.400	89.210	89.400	5
2026-08-25 12:40	89.395	89.540	89.318	89.420	5
2026-08-25 12:45	89.435	89.435	89.228	89.320	5
2026-08-25 12:50	89.315	89.330	89.090	89.170	5
2026-08-25 12:55	89.160	89.235	89.128	89.185	5
2026-08-25 13:00	89.180	89.275	89.080	89.085	5
2026-08-25 13:05	89.090	89.170	88.993	89.070	5
2026-08-25 13:10	89.065	89.085	88.740	88.950	5
2026-08-25 13:15	88.945	89.370	88.935	89.360	5
2026-08-25 13:20	89.350	89.475	89.318	89.420	5
2026-08-25 13:25	89.415	89.580	89.325	89.370	5
2026-08-25 13:30	89.390	89.630	89.390	89.470	5
2026-08-25 13:35	89.475	89.475	89.283	89.325	5
2026-08-25 13:40	89.330	89.405	89.163	89.230	5
2026-08-25 13:45	89.225	89.310	89.103	89.200	5
2026-08-25 13:50	89.195	89.325	89.145	89.285	5
2026-08-25 13:55	89.290	89.485	89.243	89.455	5
2026-08-25 14:00	89.460	89.877	89.335	89.605	5
2026-08-25 14:05	89.610	89.620	89.330	89.350	5
2026-08-25 14:10	89.290	89.495	89.290	89.360	5
2026-08-25 14:15	89.350	89.580	89.320	89.460	5
2026-08-25 14:20	89.450	89.565	89.310	89.535	5
2026-08-25 14:25	89.530	89.550	89.408	89.510	5
2026-08-25 14:30	89.525	89.997	89.508	89.750	5
2026-08-25 14:35	89.745	89.760	89.615	89.700	5
2026-08-25 14:40	89.705	89.715	89.385	89.395	5
2026-08-25 14:45	89.405	89.480	89.308	89.395	5
2026-08-25 14:50	89.390	89.555	89.240	89.255	5
2026-08-25 14:55	89.250	89.360	89.168	89.325	5
2026-08-25 15:00	89.320	89.480	89.270	89.430	5
2026-08-25 15:05	89.425	89.450	89.290	89.315	5
2026-08-25 15:10	89.310	89.365	89.205	89.210	5
2026-08-25 15:15	89.205	89.340	89.103	89.165	5
2026-08-25 15:20	89.160	89.180	88.840	89.040	5
2026-08-25 15:25	89.050	89.240	88.970	89.135	5
2026-08-25 15:30	89.130	89.160	88.710	88.730	5
2026-08-25 15:35	88.725	88.755	88.240	88.300	5
2026-08-25 15:40	88.295	88.395	88.150	88.325	5
2026-08-25 15:45	88.330	88.555	88.225	88.545	5
2026-08-25 15:50	88.557	88.565	88.410	88.540	5
2026-08-25 15:55	88.545	88.725	88.545	88.660	5
2026-08-25 16:00	88.690	88.835	88.655	88.815	5
2026-08-25 16:05	88.820	88.845	88.663	88.740	5
2026-08-25 16:10	88.745	88.750	88.630	88.700	5
2026-08-25 16:15	88.695	88.725	88.550	88.680	5
2026-08-25 16:20	88.670	88.840	88.613	88.720	5
2026-08-25 16:25	88.730	88.840	88.627	88.800	5
2026-08-25 16:30	88.795	88.835	88.700	88.820	5
2026-08-25 16:35	88.815	88.820	88.670	88.720	5
2026-08-25 16:40	88.725	88.840	88.655	88.655	5
2026-08-25 16:45	88.660	88.710	88.590	88.670	5
2026-08-25 16:50	88.665	88.735	88.610	88.735	5
2026-08-25 16:55	88.740	88.750	88.440	88.470	5
2026-08-25 17:00	88.475	88.555	88.380	88.485	5
2026-08-25 17:05	88.480	88.535	88.390	88.410	5
2026-08-25 17:10	88.420	88.465	88.370	88.450	5
2026-08-25 17:15	88.440	88.525	88.415	88.455	5
2026-08-25 17:20	88.470	88.520	88.420	88.495	5
2026-08-25 17:25	88.490	88.560	88.420	88.420	5
2026-08-25 17:30	88.425	88.470	88.340	88.450	5
2026-08-25 17:35	88.440	88.545	88.390	88.530	5
2026-08-25 17:40	88.525	88.590	88.485	88.560	5
2026-08-25 17:45	88.555	88.570	88.400	88.405	5
2026-08-25 17:50	88.400	88.470	88.370	88.415	5
2026-08-25 17:55	88.410	88.410	88.313	88.370	5
2026-08-25 18:00	88.380	88.480	88.360	88.420	5
2026-08-25 18:05	88.425	88.430	88.335	88.390	5
2026-08-25 18:10	88.395	88.440	88.340	88.340	5
2026-08-25 18:15	88.345	88.370	88.260	88.315	5
2026-08-25 18:20	88.310	88.370	88.255	88.340	5
2026-08-25 18:25	88.335	88.670	88.330	88.500	5
2026-08-25 18:30	88.495	88.570	88.473	88.560	5
2026-08-25 18:35	88.555	88.640	88.520	88.630	5
2026-08-25 18:40	88.625	88.665	88.570	88.590	5
2026-08-25 18:45	88.595	88.605	88.488	88.490	5
2026-08-25 18:50	88.495	88.535	88.413	88.500	5
2026-08-25 18:55	88.495	88.500	88.450	88.480	5
2026-08-25 19:00	88.475	88.505	88.413	88.505	5
2026-08-25 19:05	88.510	88.560	88.500	88.555	5
2026-08-25 19:10	88.560	88.570	88.535	88.540	5
2026-08-25 19:15	88.535	88.545	88.500	88.500	5
2026-08-25 19:20	88.495	88.520	88.435	88.435	5
2026-08-25 19:25	88.440	88.525	88.430	88.505	5
2026-08-25 19:30	88.510	88.560	88.375	88.390	5
2026-08-25 19:35	88.380	88.390	88.230	88.340	5
2026-08-25 19:40	88.325	88.325	88.230	88.250	5
2026-08-25 19:45	88.240	88.300	88.000	88.050	5
2026-08-25 19:50	88.060	88.070	87.555	87.630	5
2026-08-25 19:55	87.620	87.885	87.295	87.300	5
2026-08-25 20:00	87.295	87.300	87.017	87.052	5
2026-08-25 20:05	87.057	87.072	86.612	86.627	5
2026-08-25 20:10	86.637	86.702	86.282	86.397	5
2026-08-25 20:15	86.407	86.462	86.202	86.212	5
2026-08-25 20:20	86.207	86.237	86.057	86.202	5
2026-08-25 20:25	86.197	86.752	86.162	86.632	5
2026-08-25 20:30	86.617	86.722	86.512	86.647	5
2026-08-25 20:35	86.662	86.782	86.497	86.772	5
2026-08-26 00:00	85.807	85.970	85.807	85.940	5
2026-08-26 00:05	85.930	85.960	85.685	85.720	5
2026-08-26 00:10	85.730	85.775	85.690	85.755	5
2026-08-26 00:15	85.775	85.845	85.700	85.730	5
2026-08-26 00:20	85.740	85.770	85.690	85.690	5
2026-08-26 00:25	85.685	85.785	85.685	85.785	5
2026-08-26 00:30	85.780	85.855	85.725	85.750	5
2026-08-26 00:35	85.755	85.865	85.750	85.820	5
2026-08-26 00:40	85.825	85.840	85.545	85.570	5
2026-08-26 00:45	85.575	85.655	85.415	85.460	5
2026-08-26 00:50	85.455	85.625	85.445	85.610	5
2026-08-26 00:55	85.630	85.630	85.405	85.525	5
2026-08-26 01:00	85.520	85.530	85.135	85.240	5
2026-08-26 01:05	85.250	85.365	85.185	85.300	5
2026-08-26 01:10	85.295	85.295	85.135	85.170	5
2026-08-26 01:15	85.175	85.300	85.135	85.255	5
2026-08-26 01:20	85.260	85.310	85.180	85.255	5
2026-08-26 01:25	85.245	85.365	85.190	85.340	5
2026-08-26 01:30	85.345	85.410	85.235	85.330	5
2026-08-26 01:35	85.325	85.335	85.185	85.205	5
2026-08-26 01:40	85.210	85.420	85.185	85.300	5
2026-08-26 01:45	85.295	85.550	85.295	85.550	5
2026-08-26 01:50	85.545	85.570	85.430	85.440	5
2026-08-26 01:55	85.435	85.470	85.370	85.415	5
2026-08-26 02:00	85.410	85.435	85.210	85.270	5
2026-08-26 02:05	85.260	85.290	85.135	85.175	5
2026-08-26 02:10	85.170	85.370	85.160	85.220	5
2026-08-26 02:15	85.225	85.300	85.210	85.265	5
2026-08-26 02:20	85.270	85.290	85.250	85.270	5
2026-08-26 02:25	85.265	85.300	85.240	85.245	5
2026-08-26 02:30	85.255	85.330	85.235	85.270	5
2026-08-26 02:35	85.275	85.440	85.270	85.410	5
2026-08-26 02:40	85.405	85.460	85.260	85.325	5
2026-08-26 02:45	85.335	85.350	85.100	85.115	5
2026-08-26 02:50	85.100	85.235	85.055	85.220	5
2026-08-26 02:55	85.215	85.350	85.160	85.330	5
2026-08-26 03:00	85.335	85.355	85.140	85.160	5
2026-08-26 03:05	85.155	85.220	85.150	85.175	5
2026-08-26 03:10	85.170	85.205	85.120	85.200	5
2026-08-26 03:15	85.190	85.195	85.015	85.040	5
2026-08-26 03:20	85.035	85.120	84.990	85.050	5
2026-08-26 03:25	85.055	85.160	85.030	85.160	5
2026-08-26 03:30	85.180	85.195	85.080	85.090	5
2026-08-26 03:35	85.085	85.120	85.065	85.100	5
2026-08-26 03:40	85.105	85.170	85.090	85.155	5
2026-08-26 03:45	85.150	85.220	85.145	85.180	5
2026-08-26 03:50	85.175	85.220	85.150	85.155	5
2026-08-26 03:55	85.160	85.180	85.145	85.150	5
2026-08-26 04:00	85.155	85.300	85.155	85.290	5
2026-08-26 04:05	85.275	85.285	85.200	85.270	5
2026-08-26 04:10	85.260	85.350	85.240	85.325	5
2026-08-26 04:15	85.330	85.355	85.210	85.210	5
2026-08-26 04:20	85.215	85.245	85.195	85.210	5
2026-08-26 04:25	85.215	85.290	85.205	85.255	5
2026-08-26 04:30	85.260	85.260	85.220	85.230	5
2026-08-26 04:35	85.240	85.250	85.200	85.240	5
2026-08-26 04:40	85.250	85.265	85.200	85.230	5
2026-08-26 04:45	85.220	85.285	85.200	85.285	5
2026-08-26 04:50	85.280	85.510	85.280	85.510	5
2026-08-26 04:55	85.500	85.600	85.490	85.575	5
2026-08-26 05:00	85.570	85.585	85.430	85.490	5
2026-08-26 05:05	85.485	85.550	85.485	85.550	5
2026-08-26 05:10	85.545	85.620	85.535	85.595	5
2026-08-26 05:15	85.590	85.730	85.590	85.710	5
2026-08-26 05:20	85.715	85.730	85.690	85.720	5
2026-08-26 05:25	85.715	85.815	85.695	85.800	5
2026-08-26 05:30	85.795	85.795	85.655	85.750	5
2026-08-26 05:35	85.760	85.920	85.675	85.905	5
2026-08-26 05:40	85.910	85.960	85.880	85.935	5
2026-08-26 05:45	85.950	85.970	85.840	85.855	5
2026-08-26 05:50	85.850	85.905	85.795	85.800	5
2026-08-26 05:55	85.795	85.870	85.740	85.780	5
2026-08-26 06:00	85.790	85.865	85.710	85.830	5
2026-08-26 06:05	85.835	85.895	85.788	85.865	5
2026-08-26 06:10	85.860	85.900	85.805	85.890	5
2026-08-26 06:15	85.900	85.935	85.770	85.770	5
2026-08-26 06:20	85.775	85.845	85.765	85.840	5
2026-08-26 06:25	85.830	85.895	85.748	85.850	5
2026-08-26 06:30	85.855	85.855	85.665	85.700	5
2026-08-26 06:35	85.705	85.810	85.635	85.645	5
2026-08-26 06:40	85.640	85.655	85.445	85.455	5
2026-08-26 06:45	85.450	85.550	85.425	85.460	5
2026-08-26 06:50	85.470	85.585	85.435	85.540	5
2026-08-26 06:55	85.530	85.615	85.473	85.605	5
2026-08-26 07:00	85.620	85.760	85.460	85.505	5
2026-08-26 07:05	85.500	85.515	85.393	85.440	5
2026-08-26 07:10	85.445	85.540	85.346	85.406	5
2026-08-26 07:15	85.415	85.450	85.306	85.316	5
2026-08-26 07:20	85.330	85.475	85.306	85.455	5
2026-08-26 07:25	85.454	85.535	85.386	85.450	5
2026-08-26 07:30	85.445	85.500	85.136	85.206	5
2026-08-26 07:35	85.205	85.315	85.155	85.235	5
2026-08-26 07:40	85.245	85.310	85.146	85.156	5
2026-08-26 07:45	85.145	85.245	84.986	85.085	5
2026-08-26 07:50	85.080	85.165	85.035	85.066	5
2026-08-26 07:55	85.075	85.105	84.984	85.025	5
2026-08-26 08:00	85.035	85.185	84.995	85.185	5
2026-08-26 08:05	85.180	85.286	85.076	85.176	5
2026-08-26 08:10	85.185	85.405	85.175	85.395	5
2026-08-26 08:15	85.385	85.415	85.195	85.336	5
2026-08-26 08:20	85.330	85.670	85.316	85.540	5
2026-08-26 08:25	85.520	85.570	85.135	85.135	5
2026-08-26 08:30	85.130	85.330	84.754	84.906	5
2026-08-26 08:35	84.905	84.960	84.695	84.876	5
2026-08-26 08:40	84.876	85.035	84.826	84.945	5
2026-08-26 08:45	84.944	85.055	84.796	84.846	5
2026-08-26 08:50	84.855	84.870	84.716	84.850	5
2026-08-26 08:55	84.845	84.935	84.756	84.876	5
2026-08-26 09:00	84.890	85.040	84.864	84.936	5
2026-08-26 09:05	84.945	84.986	84.866	84.925	5
2026-08-26 09:10	84.915	84.926	84.705	84.900	5
2026-08-26 09:15	84.880	84.880	84.565	84.756	5
2026-08-26 09:20	84.755	84.915	84.674	84.915	5
2026-08-26 09:25	84.906	85.195	84.855	85.185	5
2026-08-26 09:30	85.165	85.246	84.955	84.955	5
2026-08-26 09:35	84.960	85.075	84.956	84.996	5
2026-08-26 09:40	84.995	85.006	84.776	84.846	5
2026-08-26 09:45	84.855	85.035	84.826	85.030	5
2026-08-26 09:50	85.026	85.100	84.874	85.005	5
2026-08-26 09:55	84.996	85.045	84.870	85.045	5
2026-08-26 10:00	85.020	85.125	84.986	85.006	5
2026-08-26 10:05	84.995	85.030	84.815	84.815	5
2026-08-26 10:10	84.814	84.966	84.814	84.926	5
2026-08-26 10:15	84.925	85.025	84.725	85.005	5
2026-08-26 10:20	85.010	85.145	84.866	84.945	5
2026-08-26 10:25	84.944	85.036	84.884	84.935	5
2026-08-26 10:30	84.935	85.130	84.935	85.015	5
2026-08-26 10:35	85.005	85.060	84.886	84.900	5
2026-08-26 10:40	84.890	84.995	84.880	84.985	5
2026-08-26 10:45	84.986	85.105	84.984	85.086	5
2026-08-26 10:50	85.085	85.195	85.016	85.165	5
2026-08-26 10:55	85.166	85.240	85.046	85.066	5
2026-08-26 11:00	85.076	85.135	84.950	84.996	5
2026-08-26 11:05	85.010	85.145	84.940	85.135	5
2026-08-26 11:10	85.130	85.155	84.985	85.056	5
2026-08-26 11:15	85.065	85.070	84.984	84.995	5
2026-08-26 11:20	85.020	85.290	85.006	85.286	5
2026-08-26 11:25	85.295	85.315	85.186	85.196	5
2026-08-26 11:30	85.210	85.335	85.135	85.145	5
2026-08-26 11:35	85.150	85.455	85.144	85.405	5
2026-08-26 11:40	85.396	85.465	85.336	85.386	5
2026-08-26 11:45	85.385	85.485	85.325	85.460	5
2026-08-26 11:50	85.475	85.550	85.416	85.496	5
2026-08-26 11:55	85.510	85.645	85.485	85.496	5
2026-08-26 12:00	85.496	85.580	85.434	85.495	5
2026-08-26 12:05	85.466	85.480	85.316	85.375	5
2026-08-26 12:10	85.385	85.440	85.336	85.356	5
2026-08-26 12:15	85.355	85.390	85.300	85.310	5
2026-08-26 12:20	85.305	85.350	85.236	85.266	5
2026-08-26 12:25	85.256	85.290	85.165	85.185	5
2026-08-26 12:30	85.180	85.365	85.176	85.255	5
2026-08-26 12:35	85.240	85.305	85.226	85.270	5
2026-08-26 12:40	85.260	85.350	85.195	85.256	5
2026-08-26 12:45	85.240	85.300	85.196	85.245	5
2026-08-26 12:50	85.240	85.724	85.226	85.496	5
2026-08-26 12:55	85.505	85.785	85.505	85.665	5
2026-08-26 13:00	85.660	85.790	85.494	85.516	5
2026-08-26 13:05	85.515	86.005	85.504	85.936	5
2026-08-26 13:10	85.935	86.005	85.776	85.795	5
2026-08-26 13:15	85.790	85.940	85.586	85.706	5
2026-08-26 13:20	85.715	85.716	85.575	85.655	5
2026-08-26 13:25	85.650	85.775	85.624	85.716	5
2026-08-26 13:30	85.714	86.055	85.686	85.966	5
2026-08-26 13:35	85.965	86.115	85.936	86.016	5
2026-08-26 13:40	86.006	86.195	85.965	86.146	5
2026-08-26 13:45	86.145	86.496	86.135	86.446	5
2026-08-26 13:50	86.455	86.615	86.406	86.430	5
2026-08-26 13:55	86.425	86.550	86.356	86.485	5
2026-08-26 14:00	86.470	86.470	86.316	86.436	5
2026-08-26 14:05	86.435	86.540	86.355	86.365	5
2026-08-26 14:10	86.360	86.490	86.286	86.476	5
2026-08-26 14:15	86.475	86.630	86.436	86.586	5
2026-08-26 14:20	86.585	86.625	86.484	86.486	5
2026-08-26 14:25	86.485	86.585	86.376	86.537	5
2026-08-26 14:30	86.547	86.770	86.545	86.586	5
2026-08-26 14:35	86.595	86.715	86.566	86.636	5
2026-08-26 14:40	86.635	86.710	86.576	86.675	5
2026-08-26 14:45	86.680	86.820	86.574	86.695	5
2026-08-26 14:50	86.694	86.775	86.625	86.645	5
2026-08-26 14:55	86.644	86.815	86.565	86.806	5
2026-08-26 15:00	86.815	86.825	86.710	86.765	5
2026-08-26 15:05	86.770	86.860	86.756	86.826	5
2026-08-26 15:10	86.825	87.135	86.745	87.116	5
2026-08-26 15:15	87.115	87.165	86.925	86.950	5
2026-08-26 15:20	86.945	87.185	86.934	87.125	5
2026-08-26 15:25	87.124	87.380	87.106	87.285	5
2026-08-26 15:30	87.280	87.345	87.146	87.336	5
2026-08-26 15:35	87.345	87.345	87.104	87.115	5
2026-08-26 15:40	87.120	87.230	87.075	87.176	5
2026-08-26 15:45	87.185	87.200	87.036	87.175	5
2026-08-26 15:50	87.180	87.765	87.156	87.685	5
2026-08-26 15:55	87.676	87.855	87.615	87.716	5
2026-08-26 16:00	87.716	87.850	87.656	87.704	5
2026-08-26 16:05	87.705	87.785	87.645	87.755	5
2026-08-26 16:10	87.760	87.885	87.735	87.825	5
2026-08-26 16:15	87.815	88.287	87.784	88.015	5
2026-08-26 16:20	88.020	88.085	87.945	88.070	5
2026-08-26 16:25	88.065	88.140	87.794	87.876	5
2026-08-26 16:30	87.876	87.996	87.844	87.906	5
2026-08-26 16:35	87.915	87.955	87.814	87.926	5
2026-08-26 16:40	87.920	87.960	87.835	87.835	5
2026-08-26 16:45	87.825	87.870	87.754	87.806	5
2026-08-26 16:50	87.805	87.806	87.626	87.656	5
2026-08-26 16:55	87.665	87.675	87.516	87.546	5
2026-08-26 17:00	87.550	87.615	87.406	87.406	5
2026-08-26 17:05	87.405	87.510	87.365	87.365	5
2026-08-26 17:10	87.370	87.440	87.314	87.436	5
2026-08-26 17:15	87.450	87.470	87.326	87.336	5
2026-08-26 17:20	87.346	87.400	87.315	87.336	5
2026-08-26 17:25	87.335	87.445	87.326	87.420	5
2026-08-26 17:30	87.410	87.450	87.336	87.365	5
2026-08-26 17:35	87.360	87.375	87.285	87.315	5
2026-08-26 17:40	87.306	87.390	87.265	87.276	5
2026-08-26 17:45	87.275	87.340	87.234	87.336	5
2026-08-26 17:50	87.330	87.355	87.244	87.355	5
2026-08-26 17:55	87.346	87.366	87.240	87.285	5
2026-08-26 18:00	87.290	87.310	87.086	87.126	5
2026-08-26 18:05	87.120	87.135	87.055	87.096	5
2026-08-26 18:10	87.095	87.110	86.986	87.055	5
2026-08-26 18:15	87.054	87.054	86.916	86.925	5
2026-08-26 18:20	86.930	86.935	86.776	86.840	5
2026-08-26 18:25	86.835	86.995	86.745	86.900	5
2026-08-26 18:30	86.900	86.970	86.820	86.905	5
2026-08-26 18:35	86.906	86.910	86.770	86.805	5
2026-08-26 18:40	86.810	86.845	86.770	86.770	5
2026-08-26 18:45	86.765	86.785	86.640	86.650	5
2026-08-26 18:50	86.655	86.690	86.596	86.640	5
2026-08-26 18:55	86.635	86.660	86.585	86.605	5
2026-08-26 19:00	86.600	86.605	86.475	86.475	5
2026-08-26 19:05	86.465	86.595	86.445	86.590	5
2026-08-26 19:10	86.580	86.615	86.565	86.600	5
2026-08-26 19:15	86.585	86.670	86.535	86.645	5
2026-08-26 19:20	86.640	86.650	86.575	86.625	5
2026-08-26 19:25	86.615	86.630	86.570	86.580	5
2026-08-26 19:30	86.590	86.695	86.570	86.640	5
2026-08-26 19:35	86.650	86.650	86.515	86.550	5
2026-08-26 19:40	86.555	86.600	86.555	86.570	5
2026-08-26 19:45	86.575	86.605	86.560	86.560	5
2026-08-26 19:50	86.555	86.585	86.520	86.570	5
2026-08-26 19:55	86.575	86.580	86.520	86.530	5
2026-08-26 20:00	86.525	86.547	86.492	86.532	5
2026-08-26 20:05	86.537	86.547	86.507	86.527	5
2026-08-26 20:10	86.522	86.522	86.507	86.507	5
2026-08-26 20:15	86.507	86.507	86.407	86.422	4
2026-08-26 20:20	86.427	86.487	86.412	86.412	5
2026-08-26 20:25	86.422	86.462	86.377	86.427	5
2026-08-26 20:30	86.422	86.437	86.372	86.397	5
2026-08-26 20:35	86.387	86.432	86.377	86.392	5
2026-08-26 20:40	86.397	86.432	86.387	86.392	5
2026-08-26 20:45	86.392	86.452	86.382	86.447	5
2026-08-26 20:50	86.442	86.487	86.427	86.437	5
2026-08-26 20:55	86.442	86.517	86.432	86.517	5
2026-08-27 00:00	86.467	86.500	86.350	86.355	5
2026-08-27 00:05	86.356	86.445	86.300	86.335	5
2026-08-27 00:10	86.340	86.345	86.250	86.325	5
2026-08-27 00:15	86.330	86.395	86.290	86.325	5
2026-08-27 00:20	86.320	86.370	86.310	86.350	5
2026-08-27 00:25	86.340	86.340	86.250	86.250	5
2026-08-27 00:30	86.256	86.285	86.240	86.245	5
2026-08-27 00:35	86.235	86.280	86.225	86.250	5
2026-08-27 00:40	86.255	86.280	86.245	86.270	5
2026-08-27 00:45	86.275	86.410	86.270	86.365	5
2026-08-27 00:50	86.360	86.400	86.325	86.340	5
2026-08-27 00:55	86.340	86.570	86.294	86.480	5
2026-08-27 01:00	86.500	86.835	86.410	86.535	5
2026-08-27 01:05	86.525	86.605	86.450	86.570	5
2026-08-27 01:10	86.555	86.600	86.400	86.480	5
2026-08-27 01:15	86.490	86.670	86.385	86.665	5
2026-08-27 01:20	86.670	86.815	86.665	86.680	5
2026-08-27 01:25	86.675	86.755	86.665	86.700	5
2026-08-27 01:30	86.725	86.740	86.570	86.660	5
2026-08-27 01:35	86.655	86.655	86.446	86.480	5
2026-08-27 01:40	86.485	86.665	86.485	86.540	5
2026-08-27 01:45	86.530	86.540	86.485	86.485	5
2026-08-27 01:50	86.455	86.470	86.320	86.395	5
2026-08-27 01:55	86.390	86.410	86.290	86.340	5
2026-08-27 02:00	86.345	86.415	86.305	86.415	5
2026-08-27 02:05	86.410	86.425	86.330	86.405	5
2026-08-27 02:10	86.400	86.430	86.360	86.400	5
2026-08-27 02:15	86.390	86.395	86.300	86.385	5
2026-08-27 02:20	86.380	86.405	86.330	86.345	5
2026-08-27 02:25	86.340	86.345	86.275	86.320	5
2026-08-27 02:30	86.335	86.425	86.290	86.390	5
2026-08-27 02:35	86.385	86.435	86.355	86.370	5
2026-08-27 02:40	86.375	86.425	86.175	86.180	5
2026-08-27 02:45	86.185	86.295	86.140	86.190	5
2026-08-27 02:50	86.180	86.205	86.135	86.160	5
2026-08-27 02:55	86.170	86.195	86.076	86.076	5
2026-08-27 03:00	86.090	86.255	86.080	86.230	5
2026-08-27 03:05	86.225	86.390	86.215	86.375	5
2026-08-27 03:10	86.370	86.410	86.340	86.380	5
2026-08-27 03:15	86.385	86.390	86.345	86.350	5
2026-08-27 03:20	86.360	86.484	86.280	86.450	5
2026-08-27 03:25	86.455	86.535	86.405	86.405	5
2026-08-27 03:30	86.410	86.535	86.360	86.370	5
2026-08-27 03:35	86.360	86.510	86.345	86.495	5
2026-08-27 03:40	86.490	86.552	86.470	86.525	5
2026-08-27 03:45	86.520	86.525	86.490	86.505	5
2026-08-27 03:50	86.500	86.535	86.470	86.520	5
2026-08-27 03:55	86.525	86.530	86.476	86.495	5
2026-08-27 04:00	86.500	86.510	86.465	86.485	5
2026-08-27 04:05	86.490	86.505	86.465	86.470	5
2026-08-27 04:10	86.475	86.510	86.460	86.510	5
2026-08-27 04:15	86.516	86.535	86.490	86.510	5
2026-08-27 04:20	86.520	86.575	86.500	86.570	5
2026-08-27 04:25	86.575	86.575	86.546	86.560	5
2026-08-27 04:30	86.565	86.575	86.480	86.500	5
2026-08-27 04:35	86.495	86.510	86.470	86.480	5
2026-08-27 04:40	86.485	86.550	86.485	86.510	5
2026-08-27 04:45	86.500	86.535	86.470	86.486	5
2026-08-27 04:50	86.500	86.515	86.470	86.476	5
2026-08-27 04:55	86.485	86.510	86.480	86.490	5
2026-08-27 05:00	86.495	86.525	86.470	86.510	5
2026-08-27 05:05	86.500	86.516	86.485	86.500	5
2026-08-27 05:10	86.505	86.520	86.470	86.490	5
2026-08-27 05:15	86.500	86.500	86.425	86.450	5
2026-08-27 05:20	86.445	86.450	86.385	86.390	5
2026-08-27 05:25	86.385	86.385	86.280	86.290	5
2026-08-27 05:30	86.295	86.340	86.160	86.340	5
2026-08-27 05:35	86.335	86.355	86.230	86.270	5
2026-08-27 05:40	86.265	86.310	86.250	86.290	5
2026-08-27 05:45	86.296	86.410	86.290	86.350	5
2026-08-27 05:50	86.355	86.395	86.265	86.335	5
2026-08-27 05:55	86.326	86.335	86.155	86.165	5
2026-08-27 06:00	86.166	86.255	86.115	86.240	5
2026-08-27 06:05	86.230	86.240	86.125	86.140	5
2026-08-27 06:10	86.135	86.140	86.046	86.050	5
2026-08-27 06:15	86.045	86.116	86.005	86.080	5
2026-08-27 06:20	86.070	86.105	85.995	86.020	5
2026-08-27 06:25	86.010	86.060	85.925	85.965	5
2026-08-27 06:30	85.956	86.020	85.945	85.960	5
2026-08-27 06:35	85.950	85.955	85.706	85.750	5
2026-08-27 06:40	85.745	85.780	85.706	85.770	5
2026-08-27 06:45	85.775	85.920	85.695	85.900	5
2026-08-27 06:50	85.890	85.930	85.820	85.820	5
2026-08-27 06:55	85.825	85.830	85.676	85.690	5
2026-08-27 07:00	85.695	85.700	85.436	85.486	5
2026-08-27 07:05	85.485	85.515	85.296	85.395	5
2026-08-27 07:10	85.400	85.535	85.346	85.450	5
2026-08-27 07:15	85.445	85.565	85.425	85.515	5
2026-08-27 07:20	85.520	85.675	85.466	85.666	5
2026-08-27 07:25	85.675	85.825	85.616	85.686	5
2026-08-27 07:30	85.700	85.840	85.696	85.770	5
2026-08-27 07:35	85.775	85.985	85.746	85.926	5
2026-08-27 07:40	85.910	85.950	85.756	85.786	5
2026-08-27 07:45	85.785	85.830	85.716	85.725	5
2026-08-27 07:50	85.715	85.900	85.705	85.786	5
2026-08-27 07:55	85.795	86.064	85.765	86.060	5
2026-08-27 08:00	86.046	86.130	85.970	86.046	5
2026-08-27 08:05	86.060	86.095	85.976	86.065	5
2026-08-27 08:10	86.080	86.160	85.944	86.126	5
2026-08-27 08:15	86.110	86.215	85.974	86.156	5
2026-08-27 08:20	86.150	86.295	86.144	86.256	5
2026-08-27 08:25	86.265	86.375	86.096	86.370	5
2026-08-27 08:30	86.365	86.460	86.285	86.306	5
2026-08-27 08:35	86.295	86.370	86.226	86.360	5
2026-08-27 08:40	86.355	86.445	86.336	86.396	5
2026-08-27 08:45	86.405	86.410	86.206	86.216	5
2026-08-27 08:50	86.225	86.396	86.156	86.380	5
2026-08-27 08:55	86.386	86.520	86.386	86.506	5
2026-08-27 09:00	86.515	86.645	86.486	86.565	5
2026-08-27 09:05	86.575	86.705	86.546	86.646	5
2026-08-27 09:10	86.645	86.885	86.616	86.875	5
2026-08-27 09:15	86.866	86.975	86.805	86.945	5
2026-08-27 09:20	86.946	86.946	86.726	86.746	5
2026-08-27 09:25	86.755	86.900	86.744	86.836	5
2026-08-27 09:30	86.845	86.915	86.755	86.915	5
2026-08-27 09:35	86.905	86.960	86.874	86.896	5
2026-08-27 09:40	86.910	86.910	86.815	86.846	5
2026-08-27 09:45	86.845	86.945	86.826	86.945	5
2026-08-27 09:50	86.950	87.025	86.906	86.986	5
2026-08-27 09:55	86.995	87.115	86.986	87.095	5
2026-08-27 10:00	87.094	87.450	87.094	87.235	5
2026-08-27 10:05	87.234	87.316	87.186	87.226	5
2026-08-27 10:10	87.220	87.265	87.084	87.126	5
2026-08-27 10:15	87.125	87.220	87.016	87.206	5
2026-08-27 10:20	87.200	87.250	87.146	87.176	5
2026-08-27 10:25	87.175	87.330	87.166	87.326	5
2026-08-27 10:30	87.336	87.380	87.264	87.265	5
2026-08-27 10:35	87.270	87.375	87.266	87.356	5
2026-08-27 10:40	87.370	87.370	87.006	87.026	5
2026-08-27 10:45	87.020	87.115	86.974	87.056	5
2026-08-27 10:50	87.055	87.365	87.055	87.260	5
2026-08-27 10:55	87.270	87.270	87.185	87.185	5
2026-08-27 11:00	87.190	87.395	87.155	87.355	5
2026-08-27 11:05	87.360	87.430	87.316	87.356	5
2026-08-27 11:10	87.350	87.420	87.190	87.196	5
2026-08-27 11:15	87.190	87.256	87.165	87.256	5
2026-08-27 11:20	87.265	87.456	87.256	87.330	5
2026-08-27 11:25	87.310	87.415	87.285	87.326	5
2026-08-27 11:30	87.325	87.340	87.046	87.165	5
2026-08-27 11:35	87.164	87.426	87.160	87.316	5
2026-08-27 11:40	87.325	87.375	87.275	87.375	5
2026-08-27 11:45	87.365	87.465	87.334	87.465	5
2026-08-27 11:50	87.470	87.505	87.385	87.445	5
2026-08-27 11:55	87.450	87.465	87.316	87.325	5
2026-08-27 12:00	87.330	87.350	87.246	87.320	5
2026-08-27 12:05	87.310	87.340	87.266	87.296	5
2026-08-27 12:10	87.305	87.350	87.214	87.256	5
2026-08-27 12:15	87.265	87.270	87.065	87.065	5
2026-08-27 12:20	87.055	87.270	86.996	87.176	5
2026-08-27 12:25	87.185	87.320	87.005	87.286	5
2026-08-27 12:30	87.280	87.280	87.135	87.176	5
2026-08-27 12:35	87.185	87.350	87.166	87.280	5
2026-08-27 12:40	87.285	87.365	87.186	87.305	5
2026-08-27 12:45	87.310	87.555	87.234	87.486	5
2026-08-27 12:50	87.495	87.655	87.476	87.546	5
2026-08-27 12:55	87.555	87.555	87.365	87.395	5
2026-08-27 13:00	87.410	87.630	87.365	87.545	5
2026-08-27 13:05	87.560	87.560	87.376	87.406	5
2026-08-27 13:10	87.414	87.540	87.386	87.496	5
2026-08-27 13:15	87.510	87.690	87.425	87.676	5
2026-08-27 13:20	87.675	87.700	87.496	87.656	5
2026-08-27 13:25	87.650	87.705	87.404	87.486	5
2026-08-27 13:30	87.485	87.875	87.434	87.716	5
2026-08-27 13:35	87.710	87.775	87.606	87.646	5
2026-08-27 13:40	87.655	87.800	87.634	87.676	5
2026-08-27 13:45	87.690	87.770	87.625	87.714	5
2026-08-27 13:50	87.716	87.836	87.644	87.736	5
2026-08-27 13:55	87.735	87.850	87.596	87.816	5
2026-08-27 14:00	87.825	87.955	87.805	87.835	5
2026-08-27 14:05	87.845	88.045	87.796	88.025	5
2026-08-27 14:10	88.035	88.055	87.814	87.816	5
2026-08-27 14:15	87.825	87.866	87.666	87.816	5
2026-08-27 14:20	87.825	87.890	87.750	87.806	5
2026-08-27 14:25	87.825	87.825	87.556	87.576	5
2026-08-27 14:30	87.600	87.700	87.566	87.575	5
2026-08-27 14:35	87.580	87.605	87.426	87.436	5
2026-08-27 14:40	87.435	87.465	87.226	87.265	5
2026-08-27 14:45	87.270	87.395	87.094	87.266	5
2026-08-27 14:50	87.280	87.295	87.065	87.086	5
2026-08-27 14:55	87.100	87.105	86.786	86.825	5
2026-08-27 15:00	86.820	86.995	86.815	86.946	5
2026-08-27 15:05	86.955	87.200	86.925	87.176	5
2026-08-27 15:10	87.185	87.390	87.184	87.345	5
2026-08-27 15:15	87.350	87.350	87.136	87.156	5
2026-08-27 15:20	87.165	87.290	87.084	87.246	5
2026-08-27 15:25	87.260	87.470	87.195	87.220	5
2026-08-27 15:30	87.224	87.420	87.215	87.386	5
2026-08-27 15:35	87.385	87.430	87.325	87.386	5
2026-08-27 15:40	87.395	87.605	87.296	87.445	5
2026-08-27 15:45	87.440	87.536	87.376	87.446	5
2026-08-27 15:50	87.455	87.465	87.285	87.376	5
2026-08-27 15:55	87.375	87.540	87.375	87.485	5
2026-08-27 16:00	87.495	87.595	87.465	87.465	5
2026-08-27 16:05	87.470	87.525	87.444	87.496	5
2026-08-27 16:10	87.495	87.510	87.346	87.395	5
2026-08-27 16:15	87.400	87.400	87.256	87.296	5
2026-08-27 16:20	87.305	87.515	87.226	87.496	5
2026-08-27 16:25	87.510	87.525	87.415	87.446	5
2026-08-27 16:30	87.444	87.655	87.416	87.635	5
2026-08-27 16:35	87.634	87.675	87.584	87.606	5
2026-08-27 16:40	87.605	87.675	87.565	87.665	5
2026-08-27 16:45	87.666	87.726	87.646	87.686	5
2026-08-27 16:50	87.700	87.785	87.676	87.696	5
2026-08-27 16:55	87.695	87.695	87.505	87.570	5
2026-08-27 17:00	87.574	87.670	87.526	87.646	5
2026-08-27 17:05	87.645	87.675	87.590	87.620	5
2026-08-27 17:10	87.625	87.730	87.606	87.636	5
2026-08-27 17:15	87.646	87.746	87.616	87.686	5
2026-08-27 17:20	87.685	87.735	87.665	87.686	5
2026-08-27 17:25	87.684	87.690	87.566	87.576	5
2026-08-27 17:30	87.585	87.730	87.476	87.556	5
2026-08-27 17:35	87.565	87.580	87.504	87.526	5
2026-08-27 17:40	87.535	87.850	87.525	87.796	5
2026-08-27 17:45	87.790	88.245	87.755	87.970	5
2026-08-27 17:50	87.965	88.526	87.886	88.496	5
2026-08-27 17:55	88.495	88.845	88.436	88.830	5
2026-08-27 18:00	88.824	89.144	88.765	88.925	5
2026-08-27 18:05	88.930	89.076	88.784	89.046	5
2026-08-27 18:10	89.040	89.120	88.786	88.830	5
2026-08-27 18:15	88.835	88.835	88.416	88.556	5
2026-08-27 18:20	88.565	88.675	88.486	88.576	5
2026-08-27 18:25	88.575	88.680	88.404	88.575	5
2026-08-27 18:30	88.580	88.665	88.505	88.565	5
2026-08-27 18:35	88.560	88.740	88.546	88.730	5
2026-08-27 18:40	88.724	88.755	88.605	88.725	5
2026-08-27 18:45	88.724	88.750	88.670	88.750	5
2026-08-27 18:50	88.745	88.765	88.655	88.665	5
2026-08-27 18:55	88.666	88.735	88.650	88.720	5
2026-08-27 19:00	88.724	88.785	88.700	88.760	5
2026-08-27 19:05	88.766	88.820	88.590	88.820	5
2026-08-27 19:10	88.810	88.875	88.774	88.840	5
2026-08-27 19:15	88.850	88.950	88.845	88.925	5
2026-08-27 19:20	88.935	88.950	88.676	88.706	5
2026-08-27 19:25	88.720	88.870	88.690	88.820	5
2026-08-27 19:30	88.824	88.905	88.780	88.820	5
2026-08-27 19:35	88.835	88.870	88.796	88.845	5
2026-08-27 19:40	88.844	88.885	88.750	88.750	5
2026-08-27 19:45	88.745	88.750	88.635	88.700	5
2026-08-27 19:50	88.690	88.690	88.560	88.620	5
2026-08-27 19:55	88.625	88.636	88.550	88.570	5
2026-08-27 20:00	88.575	88.594	88.534	88.584	5
2026-08-27 20:05	88.594	88.594	88.524	88.554	5
2026-08-27 20:10	88.564	88.574	88.504	88.514	5
2026-08-27 20:15	88.504	88.554	88.474	88.544	5
2026-08-27 20:20	88.544	88.574	88.504	88.504	5
2026-08-27 20:25	88.514	88.534	88.484	88.494	5
2026-08-27 20:30	88.494	88.494	88.444	88.444	5
2026-08-27 20:35	88.464	88.494	88.444	88.484	5
2026-08-27 20:40	88.484	88.494	88.444	88.454	5
2026-08-27 20:45	88.464	88.524	88.444	88.454	5
2026-08-27 20:50	88.444	88.504	88.444	88.474	5
2026-08-27 20:55	88.474	88.544	88.464	88.544	5
2026-08-28 00:00	88.487	88.540	88.425	88.470	5
2026-08-28 00:05	88.465	88.495	88.435	88.485	5
2026-08-28 00:10	88.495	88.497	88.390	88.420	5
2026-08-28 00:15	88.425	88.465	88.375	88.460	5
2026-08-28 00:20	88.470	88.495	88.415	88.470	5
2026-08-28 00:25	88.460	88.465	88.410	88.435	5
2026-08-28 00:30	88.426	88.426	88.360	88.365	5
2026-08-28 00:35	88.355	88.440	88.330	88.405	5
2026-08-28 00:40	88.410	88.445	88.365	88.390	5
2026-08-28 00:45	88.395	88.410	88.315	88.355	5
2026-08-28 00:50	88.360	88.390	88.310	88.320	5
2026-08-28 00:55	88.325	88.375	88.285	88.296	5
2026-08-28 01:00	88.310	88.440	88.290	88.365	5
2026-08-28 01:05	88.360	88.500	88.326	88.470	5
2026-08-28 01:10	88.465	88.544	88.400	88.465	5
2026-08-28 01:15	88.460	88.570	88.440	88.450	5
2026-08-28 01:20	88.445	88.520	88.355	88.480	5
2026-08-28 01:25	88.485	88.485	88.280	88.290	5
2026-08-28 01:30	88.295	88.295	88.100	88.120	5
2026-08-28 01:35	88.115	88.145	88.085	88.115	5
2026-08-28 01:40	88.110	88.190	88.076	88.175	5
2026-08-28 01:45	88.180	88.235	88.105	88.150	5
2026-08-28 01:50	88.155	88.200	88.105	88.170	5
2026-08-28 01:55	88.165	88.230	88.135	88.160	5
2026-08-28 02:00	88.155	88.305	88.140	88.270	5
2026-08-28 02:05	88.265	88.360	88.245	88.340	5
2026-08-28 02:10	88.335	88.426	88.295	88.410	5
2026-08-28 02:15	88.420	88.420	88.350	88.360	5
2026-08-28 02:20	88.366	88.460	88.365	88.440	5
2026-08-28 02:25	88.445	88.470	88.410	88.456	5
2026-08-28 02:30	88.465	88.565	88.456	88.510	5
2026-08-28 02:35	88.505	88.525	88.320	88.365	5
2026-08-28 02:40	88.360	88.360	88.265	88.335	5
2026-08-28 02:45	88.330	88.495	88.310	88.485	5
2026-08-28 02:50	88.475	88.525	88.326	88.345	5
2026-08-28 02:55	88.340	88.345	88.175	88.185	5
2026-08-28 03:00	88.190	88.255	88.150	88.170	5
2026-08-28 03:05	88.175	88.255	88.145	88.255	5
2026-08-28 03:10	88.250	88.300	88.235	88.285	5
2026-08-28 03:15	88.290	88.345	88.234	88.290	5
2026-08-28 03:20	88.295	88.305	88.250	88.275	5
2026-08-28 03:25	88.270	88.305	88.250	88.265	5
2026-08-28 03:30	88.270	88.310	88.220	88.220	5
2026-08-28 03:35	88.225	88.255	88.220	88.235	5
2026-08-28 03:40	88.230	88.250	88.176	88.190	5
2026-08-28 03:45	88.195	88.215	88.170	88.205	5
2026-08-28 03:50	88.204	88.230	88.190	88.190	5
2026-08-28 03:55	88.195	88.205	88.170	88.190	5
2026-08-28 04:00	88.185	88.225	88.185	88.205	5
2026-08-28 04:05	88.200	88.200	88.185	88.195	5
2026-08-28 04:10	88.200	88.206	88.185	88.185	5
2026-08-28 04:15	88.170	88.215	88.160	88.176	5
2026-08-28 04:20	88.185	88.205	88.176	88.190	5
2026-08-28 04:25	88.205	88.225	88.170	88.220	5
2026-08-28 04:30	88.214	88.295	88.200	88.270	5
2026-08-28 04:35	88.265	88.295	88.260	88.280	5
2026-08-28 04:40	88.275	88.320	88.240	88.310	5
2026-08-28 04:45	88.320	88.330	88.295	88.325	5
2026-08-28 04:50	88.340	88.350	88.310	88.325	5
2026-08-28 04:55	88.320	88.365	88.315	88.346	5
2026-08-28 05:00	88.355	88.420	88.310	88.320	5
2026-08-28 05:05	88.325	88.405	88.325	88.370	5
2026-08-28 05:10	88.380	88.380	88.335	88.360	5
2026-08-28 05:15	88.350	88.365	88.330	88.335	5
2026-08-28 05:20	88.325	88.335	88.300	88.305	5
2026-08-28 05:25	88.300	88.325	88.260	88.290	5
2026-08-28 05:30	88.300	88.320	88.076	88.085	5
2026-08-28 05:35	88.090	88.135	87.925	88.005	5
2026-08-28 05:40	88.010	88.340	87.980	88.290	5
2026-08-28 05:45	88.285	88.335	88.180	88.270	5
2026-08-28 05:50	88.265	88.310	88.230	88.280	5
2026-08-28 05:55	88.286	88.325	88.135	88.206	5
2026-08-28 06:00	88.200	88.345	88.175	88.260	5
2026-08-28 06:05	88.275	88.290	88.085	88.110	5
2026-08-28 06:10	88.090	88.190	88.030	88.150	5
2026-08-28 06:15	88.145	88.160	88.005	88.014	5
2026-08-28 06:20	88.005	88.050	87.955	88.015	5
2026-08-28 06:25	88.020	88.095	87.956	88.060	5
2026-08-28 06:30	88.055	88.175	87.990	88.020	5
2026-08-28 06:35	88.025	88.080	87.935	88.015	5
2026-08-28 06:40	88.014	88.075	87.910	87.950	5
2026-08-28 06:45	87.940	88.045	87.875	87.890	5
2026-08-28 06:50	87.896	87.990	87.885	87.970	5
2026-08-28 06:55	87.964	88.050	87.910	88.000	5
2026-08-28 07:00	87.995	88.045	87.866	87.946	5
2026-08-28 07:05	87.970	88.390	87.935	88.335	5
2026-08-28 07:10	88.340	88.365	88.024	88.066	5
2026-08-28 07:15	88.064	88.225	88.014	88.035	5
2026-08-28 07:20	88.010	88.100	87.985	88.066	5
2026-08-28 07:25	88.065	88.070	87.885	87.885	5
2026-08-28 07:30	87.890	87.900	87.715	87.846	5
2026-08-28 07:35	87.845	87.920	87.776	87.886	5
2026-08-28 07:40	87.884	88.040	87.866	87.890	5
2026-08-28 07:45	87.895	88.030	87.880	87.906	5
2026-08-28 07:50	87.905	88.010	87.885	87.970	5
2026-08-28 07:55	87.975	88.065	87.940	88.045	5
2026-08-28 08:00	88.026	88.115	87.984	87.990	5
2026-08-28 08:05	88.000	88.126	87.964	88.116	5
2026-08-28 08:10	88.125	88.126	87.976	88.046	5
2026-08-28 08:15	88.055	88.320	88.026	88.176	5
2026-08-28 08:20	88.185	88.185	87.925	88.080	5
2026-08-28 08:25	88.075	88.235	88.036	88.170	5
2026-08-28 08:30	88.145	88.275	87.814	87.925	5
2026-08-28 08:35	87.924	87.985	87.596	87.666	5
2026-08-28 08:40	87.665	87.956	87.646	87.955	5
2026-08-28 08:45	87.965	88.245	87.950	88.226	5
2026-08-28 08:50	88.240	88.330	88.085	88.216	5
2026-08-28 08:55	88.225	88.385	88.176	88.385	5
2026-08-28 09:00	88.404	88.476	88.266	88.296	5
2026-08-28 09:05	88.295	88.595	88.295	88.465	5
2026-08-28 09:10	88.460	88.480	88.335	88.410	5
2026-08-28 09:15	88.405	88.450	88.234	88.245	5
2026-08-28 09:20	88.255	88.255	88.070	88.095	5
2026-08-28 09:25	88.090	88.160	87.904	87.990	5
2026-08-28 09:30	87.985	88.260	87.954	88.145	5
2026-08-28 09:35	88.140	88.365	88.140	88.265	5
2026-08-28 09:40	88.275	88.290	88.056	88.065	5
2026-08-28 09:45	88.064	88.216	87.934	88.186	5
2026-08-28 09:50	88.185	88.210	87.986	88.005	5
2026-08-28 09:55	87.995	88.140	87.964	88.076	5
2026-08-28 10:00	88.085	88.245	87.930	87.965	5
2026-08-28 10:05	87.960	88.165	87.906	88.156	5
2026-08-28 10:10	88.150	88.226	88.106	88.126	5
2026-08-28 10:15	88.135	88.275	88.104	88.255	5
2026-08-28 10:20	88.260	88.325	88.195	88.216	5
2026-08-28 10:25	88.210	88.410	88.196	88.400	5
2026-08-28 10:30	88.396	88.396	88.255	88.306	5
2026-08-28 10:35	88.305	88.466	88.296	88.446	5
2026-08-28 10:40	88.440	88.660	88.426	88.656	5
2026-08-28 10:45	88.665	88.695	88.624	88.640	5
2026-08-28 10:50	88.645	88.660	88.325	88.326	5
2026-08-28 10:55	88.325	88.365	88.294	88.325	5
2026-08-28 11:00	88.334	88.385	88.186	88.245	5
2026-08-28 11:05	88.250	88.365	88.205	88.326	5
2026-08-28 11:10	88.325	88.360	88.196	88.205	5
2026-08-28 11:15	88.204	88.254	88.154	88.186	5
2026-08-28 11:20	88.185	88.335	88.126	88.176	5
2026-08-28 11:25	88.175	88.225	88.046	88.125	5
2026-08-28 11:30	88.130	88.220	88.086	88.136	5
2026-08-28 11:35	88.160	88.196	88.104	88.105	5
2026-08-28 11:40	88.104	88.210	88.084	88.196	5
2026-08-28 11:45	88.210	88.236	88.130	88.135	5
2026-08-28 11:50	88.120	88.145	87.985	88.036	5
2026-08-28 11:55	88.055	88.086	87.934	87.990	5
2026-08-28 12:00	87.995	88.076	87.956	87.976	5
2026-08-28 12:05	87.966	88.040	87.934	88.016	5
2026-08-28 12:10	88.025	88.075	87.824	87.836	5
2026-08-28 12:15	87.845	87.930	87.824	87.885	5
2026-08-28 12:20	87.884	87.905	87.834	87.856	5
2026-08-28 12:25	87.855	87.875	87.695	87.756	5
2026-08-28 12:30	87.754	87.860	87.736	87.776	5
2026-08-28 12:35	87.775	87.785	87.654	87.686	5
2026-08-28 12:40	87.695	87.805	87.675	87.675	5
2026-08-28 12:45	87.674	87.725	87.484	87.556	5
2026-08-28 12:50	87.565	87.575	87.414	87.485	5
2026-08-28 12:55	87.480	87.580	87.396	87.445	5
2026-08-28 13:00	87.440	87.535	87.355	87.386	5
2026-08-28 13:05	87.385	87.525	87.235	87.496	5
2026-08-28 13:10	87.490	87.625	87.385	87.595	5
2026-08-28 13:15	87.584	87.630	87.456	87.475	5
2026-08-28 13:20	87.476	87.570	87.426	87.446	5
2026-08-28 13:25	87.455	87.495	87.364	87.385	5
2026-08-28 13:30	87.380	87.645	87.356	87.526	5
2026-08-28 13:35	87.535	87.655	87.486	87.545	5
2026-08-28 13:40	87.525	87.686	87.495	87.620	5
2026-08-28 13:45	87.610	87.715	87.505	87.565	5
2026-08-28 13:50	87.560	87.600	87.394	87.446	5
2026-08-28 13:55	87.444	87.475	87.315	87.426	5
2026-08-28 14:00	87.445	87.480	87.284	87.384	5
2026-08-28 14:05	87.374	87.426	87.250	87.415	5
2026-08-28 14:10	87.410	87.800	87.376	87.785	5
2026-08-28 14:15	87.795	87.875	87.730	87.806	5
2026-08-28 14:20	87.804	87.875	87.734	87.805	5
2026-08-28 14:25	87.814	87.840	87.730	87.776	5
2026-08-28 14:30	87.775	87.975	87.766	87.886	5
2026-08-28 14:35	87.895	87.975	87.876	87.956	5
2026-08-28 14:40	87.950	88.165	87.914	88.046	5
2026-08-28 14:45	88.040	88.185	87.945	88.075	5
2026-08-28 14:50	88.080	88.135	88.005	88.015	5
2026-08-28 14:55	88.014	88.030	87.786	87.974	5
2026-08-28 15:00	87.966	88.210	87.915	88.146	5
2026-08-28 15:05	88.145	88.240	88.025	88.030	5
2026-08-28 15:10	88.026	88.300	87.984	88.226	5
2026-08-28 15:15	88.225	88.304	88.155	88.286	5
2026-08-28 15:20	88.285	88.320	88.176	88.245	5
2026-08-28 15:25	88.250	88.355	88.116	88.165	5
2026-08-28 15:30	88.144	88.330	88.144	88.155	5
2026-08-28 15:35	88.145	88.245	88.044	88.245	5
2026-08-28 15:40	88.240	88.240	88.125	88.165	5
2026-08-28 15:45	88.164	88.185	87.975	88.055	5
2026-08-28 15:50	88.070	88.160	87.954	88.075	5
2026-08-28 15:55	88.065	88.085	87.935	87.976	5
2026-08-28 16:00	87.985	88.020	87.856	87.976	5
2026-08-28 16:05	87.985	88.036	87.894	88.035	5
2026-08-28 16:10	88.045	88.090	87.976	88.006	5
2026-08-28 16:15	88.015	88.115	87.986	88.056	5
2026-08-28 16:20	88.065	88.130	87.964	88.056	5
2026-08-28 16:25	88.054	88.070	87.916	87.935	5
2026-08-28 16:30	87.936	88.095	87.865	88.080	5
2026-08-28 16:35	88.075	88.205	88.036	88.095	5
2026-08-28 16:40	88.100	88.265	88.086	88.230	5
2026-08-28 16:45	88.235	88.255	88.134	88.186	5
2026-08-28 16:50	88.190	88.324	88.175	88.185	5
2026-08-28 16:55	88.184	88.285	88.154	88.260	5
2026-08-28 17:00	88.256	88.290	88.186	88.205	5
2026-08-28 17:05	88.200	88.386	88.175	88.196	5
2026-08-28 17:10	88.205	88.205	88.106	88.125	5
2026-08-28 17:15	88.115	88.140	88.016	88.036	5
2026-08-28 17:20	88.045	88.110	87.985	88.046	5
2026-08-28 17:25	88.055	88.095	88.025	88.065	5
2026-08-28 17:30	88.070	88.130	87.994	88.085	5
2026-08-28 17:35	88.090	88.135	88.036	88.075	5
2026-08-28 17:40	88.070	88.165	88.034	88.135	5
2026-08-28 17:45	88.126	88.205	88.084	88.155	5
2026-08-28 17:50	88.154	88.245	88.106	88.136	5
2026-08-28 17:55	88.145	88.150	88.104	88.125	5
2026-08-28 18:00	88.120	88.125	87.856	87.935	5
2026-08-28 18:05	87.945	87.985	87.920	87.945	5
2026-08-28 18:10	87.950	88.020	87.945	87.975	5
2026-08-28 18:15	87.980	88.065	87.890	88.030	5
2026-08-28 18:20	88.026	88.115	87.996	88.066	5
2026-08-28 18:25	88.075	88.205	87.964	88.046	5
2026-08-28 18:30	88.055	88.075	87.885	87.890	5
2026-08-28 18:35	87.885	87.925	87.820	87.925	5
2026-08-28 18:40	87.920	87.985	87.910	87.935	5
2026-08-28 18:45	87.934	87.935	87.870	87.880	5
2026-08-28 18:50	87.875	87.910	87.845	87.845	5
2026-08-28 18:55	87.854	87.880	87.810	87.880	5
2026-08-28 19:00	87.885	87.975	87.865	87.910	5
2026-08-28 19:05	87.915	88.015	87.915	87.975	5
2026-08-28 19:10	87.980	88.055	87.980	88.045	5
2026-08-28 19:15	88.044	88.044	87.970	88.025	5
2026-08-28 19:20	88.015	88.035	88.006	88.035	5
2026-08-28 19:25	88.025	88.035	88.015	88.035	5
2026-08-28 19:30	88.025	88.150	88.015	88.145	5
2026-08-28 19:35	88.144	88.255	88.135	88.225	5
2026-08-28 19:40	88.224	88.295	88.174	88.235	5
2026-08-28 19:45	88.236	88.245	88.140	88.160	5
2026-08-28 19:50	88.155	88.175	88.120	88.140	5
2026-08-28 19:55	88.135	88.200	88.125	88.160	5
2026-08-28 20:00	88.154	88.194	88.104	88.194	5
2026-08-28 20:05	88.184	88.214	88.134	88.144	5
2026-08-28 20:10	88.124	88.234	88.124	88.234	5
2026-08-28 20:15	88.234	88.264	88.234	88.254	5
2026-08-28 20:20	88.254	88.264	88.214	88.214	5
2026-08-28 20:25	88.214	88.234	88.194	88.234	5
2026-08-28 20:30	88.234	88.264	88.214	88.254	5
2026-08-28 20:35	88.244	88.274	88.234	88.244	5
2026-08-28 20:40	88.244	88.264	88.204	88.204	5
2026-08-28 20:45	88.194	88.234	88.134	88.144	5
2026-08-28 20:50	88.154	88.244	88.134	88.224	5
2026-08-28 20:55	88.224	88.264	88.194	88.237	5